Anchorage1964_01.jpg 0x0
rect:82 9 242 175 1
rect:89 477 205 234 1
Anchorage1964_02.jpg 0x0
rect:93 201 29 26 6
rect:59 36 88 19 6
rect:216 271 418 94 2
rect:379 251 26 63 3
rect:490 222 104 47 4
rect:83 267 56 17 6
rect:511 87 118 149 8
rect:267 182 24 75 3
rect:178 168 84 55 7
rect:384 237 19 67 3
rect:22 184 197 46 5
rect:279 226 24 65 3
rect:200 54 94 76 4
rect:251 255 25 56 3
rect:383 218 16 40 3
rect:252 31 173 101 4
rect:336 195 16 54 3
rect:29 20 156 34 5
rect:278 280 34 48 3
Anchorage1964_03.jpg 0x0
rect:206 95 292 180 9
rect:2 204 186 62 9
rect:0 331 585 85 10
Anchorage1964_04.jpg 0x0
rect:397 173 38 21 5
rect:163 31 23 20 5
rect:367 463 16 31 1
rect:219 333 8 1 1
rect:344 378 24 38 1
rect:181 344 36 21 5
rect:340 492 29 24 5
rect:267 158 15 27 1
rect:331 106 16 21 1
rect:392 102 27 14 5
rect:272 336 23 20 5
rect:443 351 34 13 5
rect:389 138 36 25 5
rect:352 340 24 19 5
rect:150 590 57 17 2
rect:385 81 26 17 5
rect:220 527 26 16 5
rect:220 288 23 23 5
rect:281 524 21 22 1
rect:201 404 23 31 1
rect:302 152 13 21 1
rect:194 91 35 20 5
rect:203 175 19 26 8
rect:261 177 23 22 5
rect:189 344 15 24 1
rect:185 155 27 19 5
rect:342 226 18 33 1
rect:306 199 17 23 1
rect:327 418 26 22 5
rect:240 29 23 16 5
rect:200 148 37 16 5
rect:116 302 30 14 5
rect:186 154 29 23 5
rect:136 338 32 17 5
rect:382 109 30 15 5
rect:224 268 18 22 1
rect:170 76 27 14 5
rect:387 589 36 20 5
rect:195 509 39 11 5
Anchorage1964_05.jpg 0x0
rect:577 216 35 73 1
rect:69 389 21 63 1
rect:55 70 25 54 1
rect:383 70 35 60 1
rect:86 26 24 34 1
rect:532 73 43 48 1
rect:56 253 20 40 1
rect:200 191 142 24 5
rect:37 242 18 45 1
rect:552 213 49 70 1
rect:173 48 101 41 5
rect:727 311 41 26 5
rect:236 42 131 44 6
rect:67 131 12 50 1
rect:636 311 53 58 8
rect:99 151 29 55 1
rect:568 22 43 41 1
rect:23 391 23 55 1
rect:78 143 18 55 1
rect:443 284 39 23 11
rect:334 138 164 80 2
rect:606 370 58 46 1
rect:352 190 26 22 11
rect:468 238 56 27 6
rect:558 297 43 37 5
rect:513 360 39 72 8
rect:192 128 98 51 6
rect:525 1 49 70 1
rect:814 364 32 14 6
Anchorage1964_06.jpg 0x0
rect:107 58 214 529 12
rect:183 98 87 207 3
rect:135 176 84 91 11
Anchorage1964_07.jpg 0x0
rect:19 265 244 35 11
rect:338 126 186 136 11
rect:384 313 393 174 2
rect:266 2 144 64 2
rect:394 255 89 60 11
rect:8 290 504 26 14
rect:335 94 55 113 3
rect:380 162 51 109 13
rect:8 61 738 379 2
Anchorage1964_08.jpg 0x0
rect:296 570 130 128 1
rect:56 92 125 137 1
rect:290 43 77 84 1
rect:260 236 110 134 1
rect:47 384 76 106 1
rect:62 276 118 121 1
Anchorage1964_09.jpg 0x0
rect:381 35 99 49 8
rect:679 184 59 73 1
rect:97 127 65 68 1
rect:89 50 67 90 8
rect:474 167 47 57 1
rect:527 142 108 23 15
rect:328 155 60 83 1
rect:329 8 269 13 15
rect:74 114 58 10 16
rect:16 115 20 10 16
rect:746 210 1 1 16
rect:11 139 123 20 15
rect:170 178 226 15 15
rect:16 16 435 15 15
rect:696 153 122 15 15
rect:16 20 60 15 16
rect:85 315 72 69 8
rect:438 299 98 62 8
rect:666 10 116 12 16
Anchorage1964_10.jpg 0x0
rect:213 254 122 114 17
rect:192 213 192 83 18
rect:59 202 235 375 1
rect:70 335 350 115 18
Anchorage1964_11.jpg 0x0
rect:154 79 138 134 4
rect:417 94 144 100 1
rect:104 415 719 25 14
rect:74 530 451 14 14
rect:106 252 589 102 2
rect:177 152 302 17 15
rect:380 159 269 32 11
rect:622 8 129 31 1
Anchorage1964_12.jpg 0x0
rect:373 100 56 234 3
rect:13 109 519 266 2
rect:280 117 68 218 3
rect:225 164 29 108 3
rect:443 57 164 147 11
Anchorage1964_13.jpg 0x0
rect:424 427 104 16 19
rect:563 420 25 168 20
rect:300 613 220 22 2
Anchorage1964_14.jpg 0x0
rect:311 420 168 78 23
rect:311 286 165 48 15
rect:365 9 74 206 11
rect:191 383 78 91 21
rect:13 649 135 83 11
rect:44 487 43 65 22
rect:316 7 108 128 11
rect:73 335 182 45 15
rect:27 724 34 71 22
rect:136 17 119 863 20
rect:130 568 40 77 22
rect:191 578 48 52 22
Anchorage1964_15.jpg 0x0
rect:272 204 133 37 15
rect:515 7 114 73 4
rect:200 79 58 515 20
rect:330 9 97 60 4
rect:391 324 81 35 24
rect:233 547 161 41 2
rect:365 166 39 75 25
rect:237 126 37 83 11
rect:311 168 151 46 11
Anchorage1964_16.jpg 0x0
rect:12 124 197 137 2
rect:111 294 70 93 11
rect:583 256 123 245 2
rect:12 248 77 59 2
rect:214 276 319 229 11
rect:148 120 241 139 2
Anchorage1964_17.jpg 0x0
rect:252 50 226 184 9
rect:9 210 738 150 10
rect:9 106 339 100 9
Anchorage1964_18.jpg 0x0
rect:449 202 124 76 4
rect:638 242 31 19 2
rect:319 230 223 24 15
rect:197 133 70 133 4
rect:512 253 54 15 2
rect:556 155 97 96 4
rect:350 256 101 21 2
rect:167 276 94 32 11
rect:392 303 42 56 11
rect:175 265 22 60 11
Anchorage1964_19.jpg 0x0
rect:436 306 17 51 26
rect:24 332 41 126 27
rect:553 117 6 14 26
rect:584 192 9 17 26
rect:439 193 15 24 26
rect:269 85 37 31 26
rect:335 68 69 56 26
rect:345 72 29 32 27
rect:6 225 88 182 26
rect:790 150 7 10 26
rect:229 66 90 93 29
rect:523 175 36 37 28
rect:405 118 19 28 26
rect:491 160 28 58 29
rect:370 360 63 63 26
rect:396 210 33 33 28
rect:703 127 6 7 26
rect:502 131 51 80 29
Anchorage1964_20.jpg 0x0
rect:178 517 61 163 26
rect:180 72 109 119 29
rect:425 629 38 80 26
rect:247 104 66 43 27
rect:162 94 122 65 26
Anchorage1964_21.jpg 0x0
rect:-6 84 104 129 29
rect:130 123 745 128 30
rect:2 76 49 32 26
rect:51 255 30 29 26
Bingol2003_01.jpg 0x0
rect:573 583 94 54 33
rect:667 225 170 132 31
rect:622 108 153 227 31
rect:824 245 77 80 6
rect:563 237 52 94 34
rect:151 163 70 82 33
rect:293 80 98 27 6
rect:219 149 95 64 33
rect:2 233 958 300 10
rect:952 457 103 66 33
rect:393 416 119 78 6
rect:558 361 202 63 6
rect:24 193 53 87 33
rect:618 401 50 151 32
rect:460 102 87 53 6
rect:539 383 34 72 34
rect:540 247 88 93 33
rect:686 127 84 74 6
rect:496 240 49 39 6
Bingol2003_02.jpg 0x0
rect:548 201 302 128 35
rect:203 241 95 258 32
rect:333 406 92 86 6
rect:345 406 75 86 26
rect:189 116 295 209 34
rect:595 66 138 79 36
rect:158 411 198 186 32
rect:341 198 532 490 31
Bingol2003_03.jpg 0x0
rect:82 36 93 95 33
rect:274 174 442 225 2
rect:525 271 265 478 4
rect:117 26 142 30 2
rect:415 141 214 91 11
rect:638 -8 268 150 4
rect:687 329 277 412 2
Bingol2003_04.jpg 0x0
rect:347 501 117 77 2
rect:115 728 28 62 3
rect:81 730 127 107 2
rect:234 512 48 89 3
rect:132 485 300 202 2
rect:259 389 31 64 3
rect:375 227 116 120 4
rect:75 757 27 59 3
CanterburyNZSeries2010_01.jpg 0x0
rect:67 109 105 279 12
CanterburyNZSeries2010_02.jpg 0x0
rect:40 34 159 190 6
rect:37 9 143 277 37
CanterburyNZSeries2010_03.jpg 0x0
rect:53 65 284 106 38
CanterburyNZSeries2010_04.jpg 0x0
rect:201 278 209 337 39
rect:229 273 20 211 40
rect:153 350 111 282 41
rect:276 440 22 58 40
rect:306 505 21 82 40
rect:195 11 76 122 42
rect:419 422 44 163 40
rect:309 313 17 47 40
CanterburyNZSeries2010_05.jpg 0x0
rect:405 303 170 465 4
rect:306 251 170 85 15
CanterburyNZSeries2010_06.jpg 0x0
rect:177 247 168 146 2
rect:83 145 615 554 4
CanterburyNZSeries2010_08.jpg 0x0
rect:367 158 141 297 43
rect:943 388 27 139 32
rect:970 496 129 139 44
rect:737 605 52 157 44
CanterburyNZSeries2010_09.jpg 0x0
rect:164 159 193 211 45
rect:273 286 114 300 39
CanterburyNZSeries2010_10.jpg 0x0
rect:383 240 158 68 46
rect:160 232 451 293 6
rect:403 151 218 142 7
rect:255 390 192 79 6
CanterburyNZSeries2010_11.jpg 0x0
rect:344 341 279 154 5
rect:304 202 370 90 7
CanterburyNZSeries2010_12.jpg 0x0
rect:5 309 818 388 47
rect:40 345 845 306 2
rect:419 560 201 61 11
rect:143 412 117 45 11
CanterburyNZSeries2010_13.jpg 0x0
rect:517 200 106 424 11
rect:198 19 360 970 12
Caracas1967_01.jpg 0x0
rect:442 190 78 80 48
rect:411 173 35 122 48
rect:399 63 173 314 48
rect:356 150 12 83 48
Caracas1967_02.jpg 0x0
rect:258 1 146 126 15
rect:124 299 34 42 50
rect:125 195 153 358 51
rect:101 286 42 76 49
Caracas1967_03.jpg 0x0
rect:19 405 228 68 6
rect:341 306 149 124 34
rect:434 244 27 121 27
rect:351 63 67 105 14
rect:381 361 75 77 26
rect:350 425 40 73 27
Caracas1967_04.jpg 0x0
rect:147 291 156 157 34
rect:119 337 23 94 27
rect:99 275 66 110 26
Caracas1967_05.jpg 0x0
rect:39 108 346 385 41
rect:143 325 51 226 40
rect:409 166 48 145 40
rect:399 242 46 320 40
rect:49 350 68 266 40
rect:242 174 169 195 52
rect:256 266 54 154 40
rect:33 121 300 526 48
rect:55 424 163 191 52
rect:295 203 43 206 40
Caracas1967_06.jpg 0x0
rect:326 329 82 66 6
rect:354 75 223 231 7
Caracas1967_07.jpg 0x0
rect:280 52 26 188 27
rect:149 154 139 209 34
rect:493 245 86 122 53
rect:314 394 91 63 53
rect:408 8 88 296 34
rect:303 255 117 334 34
rect:265 105 46 205 27
Caracas1967_08.jpg 0x0
rect:218 233 80 109 54
rect:154 350 89 116 55
rect:331 227 76 95 54
Caracas1967_09.jpg 0x0
rect:150 122 81 108 48
rect:73 200 57 60 48
rect:344 10 182 190 48
rect:23 171 59 37 48
Caracas1967_10.jpg 0x0
rect:274 211 88 226 40
rect:19 200 447 447 48
rect:495 410 69 179 40
rect:37 233 236 322 41
Caracas1967_11.jpg 0x0
rect:60 17 429 883 48
rect:338 12 140 208 41
rect:44 311 278 586 41
Caracas1967_12.jpg 0x0
rect:673 258 40 49 34
rect:279 313 27 42 56
rect:832 326 23 43 32
rect:482 468 21 51 32
Caracas1967_13.jpg 0x0
rect:147 274 146 325 55
Caracas1967_14.jpg 0x0
rect:97 304 345 41 6
rect:119 144 599 139 57
Chichi1999_01.jpg 0x0
rect:4 8 513 179 58
rect:426 102 47 273 42
Chichi1999_02.jpg 0x0
rect:6 99 263 158 58
rect:414 139 238 458 59
Chichi1999_03.jpg 0x0
rect:0 167 544 150 58
rect:77 196 53 107 60
Chichi1999_04.jpg 0x0
rect:300 -13 56 154 48
rect:226 209 36 43 52
rect:208 170 52 312 48
Chichi1999_05.jpg 0x0
rect:477 289 38 31 41
rect:276 213 45 99 52
rect:282 170 54 43 41
rect:435 156 69 210 48
Chichi1999_06.jpg 0x0
rect:280 276 21 24 52
rect:404 -15 84 55 61
rect:853 136 41 42 41
rect:305 159 62 79 62
rect:291 173 38 86 48
rect:188 17 582 196 10
Chichi1999_07.jpg 0x0
rect:164 183 56 161 48
rect:115 175 18 57 64
rect:401 306 52 126 48
rect:383 186 63 85 48
rect:275 219 29 33 64
rect:51 147 470 187 63
rect:632 248 20 17 64
Chichi1999_08.jpg 0x0
rect:103 16 651 535 10
Chichi1999_09.jpg 0x0
rect:344 123 63 97 40
rect:182 69 138 121 48
rect:216 132 42 84 40
rect:228 103 104 119 41
Chichi1999_10.jpg 0x0
rect:148 23 552 418 10
Chichi1999_11.jpg 0x0
rect:149 260 74 105 65
rect:2 138 148 581 10
Chichi1999_12.jpg 0x0
rect:8 28 329 722 66
Chichi1999_13.jpg 0x0
rect:31 51 651 376 10
Chichi1999_14.jpg 0x0
rect:146 217 37 72 67
rect:177 313 33 51 67
rect:330 466 48 64 67
rect:166 505 24 38 67
rect:102 292 47 66 67
rect:131 370 65 50 67
rect:304 294 21 17 39
rect:86 557 39 44 67
rect:286 644 71 57 67
rect:269 324 31 41 39
rect:278 317 30 45 39
rect:159 391 25 51 67
rect:179 286 19 51 67
rect:298 529 32 34 39
rect:123 593 29 33 67
rect:95 317 27 45 67
rect:131 185 100 35 67
Chichi1999_15.jpg 0x0
rect:228 30 312 480 41
Chichi1999_16.jpg 0x0
rect:132 121 50 167 32
Chichi1999_17.jpg 0x0
rect:147 439 30 33 32
Chichi1999_18.jpg 0x0
rect:212 316 40 151 69
rect:231 275 35 137 70
rect:199 157 150 586 68
rect:228 212 24 128 69
rect:177 319 21 99 69
rect:126 271 45 136 69
Chichi1999_19.jpg 0x0
rect:243 128 226 290 3
rect:155 18 205 412 2
YogyakartaInd2006_03.jpg 0x0
rect:164 534 249 31 15
rect:203 227 239 113 71
rect:185 33 67 2 15
rect:189 187 49 33 15
rect:231 125 17 6 16
rect:421 67 149 80 15
rect:358 401 39 33 16
rect:409 80 91 47 16
Chichi1999_20.jpg 0x0
rect:174 191 118 432 42
rect:180 376 66 142 41
Chichi1999_21.jpg 0x0
rect:412 6 98 90 57
rect:22 4 171 158 30
rect:73 372 141 131 5
rect:297 33 170 156 37
rect:508 131 181 117 6
rect:245 335 200 180 37
rect:183 131 168 199 72
rect:207 290 80 88 6
Chichi1999_22.jpg 0x0
rect:249 265 16 24 73
rect:192 129 284 167 10
rect:327 241 17 21 73
rect:290 183 12 15 73
Chichi1999_23.jpg 0x0
rect:106 261 34 68 34
rect:5 81 634 241 74
rect:94 307 40 136 73
rect:363 380 49 75 34
rect:279 230 39 66 73
rect:150 110 42 69 73
rect:293 126 28 24 26
rect:256 398 67 105 73
rect:142 132 25 21 34
rect:241 209 38 18 27
Chichi1999_24.jpg 0x0
rect:160 307 88 45 34
rect:155 206 139 119 75
rect:3 335 385 176 74
rect:237 249 1 2 46
rect:167 149 46 72 46
Chichi1999_25.jpg 0x0
rect:181 302 150 303 34
rect:145 255 146 311 73
rect:220 346 59 95 26
Chichi1999_26.jpg 0x0
rect:223 197 62 134 73
rect:104 625 149 119 73
rect:210 333 154 409 76
rect:139 489 75 76 26
rect:263 17 63 31 73
rect:114 402 106 103 27
Chichi1999_27.jpg 0x0
rect:213 239 112 317 32
Chichi1999_28.jpg 0x0
rect:185 105 175 170 5
rect:254 102 146 180 75
rect:16 69 273 101 6
rect:284 295 173 90 77
Chichi1999_29.jpg 0x0
rect:176 144 210 252 48
rect:286 277 134 115 40
rect:209 174 67 208 52
Chichi1999_30.jpg 0x0
rect:34 312 74 137 73
rect:264 114 354 319 40
rect:250 176 191 63 52
rect:216 146 178 69 78
Chichi1999_31.jpg 0x0
rect:703 111 48 255 48
rect:123 79 130 238 79
Chichi1999_32.jpg 0x0
rect:148 243 28 105 81
rect:511 156 56 178 39
rect:199 74 55 196 81
rect:109 8 118 300 80
Chichi1999_33.jpg 0x0
rect:165 147 97 271 32
rect:308 72 95 308 32
rect:77 75 166 515 33
rect:221 131 110 304 56
rect:117 157 37 135 49
rect:306 190 40 86 49
Chichi1999_34.jpg 0x0
rect:111 84 549 296 10
Duzce1999_01.jpg 0x0
rect:167 60 74 319 39
rect:106 127 88 127 41
Duzce1999_02.jpg 0x0
rect:66 57 162 384 41
Duzce1999_03.jpg 0x0
rect:268 107 82 197 31
rect:0 194 122 295 31
rect:124 84 93 310 42
Gediz1970_01.jpg 0x0
rect:161 100 289 585 68
rect:214 370 87 173 69
rect:134 317 97 336 69
Guatemala1976_01.jpg 0x0
rect:35 169 103 159 48
rect:61 166 34 49 41
rect:76 216 83 47 52
rect:397 150 128 114 48
rect:381 191 45 54 41
rect:26 125 657 127 82
Guatemala1976_02.jpg 0x0
rect:346 57 100 119 40
rect:224 60 207 209 48
Guatemala1976_03.jpg 0x0
rect:15 88 784 426 75
Guatemala1976_04.jpg 0x0
rect:582 190 98 241 4
rect:552 290 127 184 4
rect:35 90 581 287 30
rect:165 21 442 95 30
Guatemala1976_05.jpg 0x0
rect:243 113 251 135 41
rect:141 146 255 189 40
rect:133 61 280 312 48
Guatemala1976_06.jpg 0x0
rect:93 81 158 589 39
Guatemala1976_07.jpg 0x0
rect:25 310 82 76 6
rect:163 627 135 69 83
rect:22 303 422 330 10
Guatemala1976_08.jpg 0x0
rect:394 91 125 239 40
rect:116 22 326 485 48
rect:210 77 407 255 41
Guatemala1976_09.jpg 0x0
rect:129 282 53 64 85
rect:818 255 38 79 84
rect:230 296 30 34 84
rect:850 350 67 69 85
rect:96 343 23 31 84
rect:391 327 73 67 84
rect:116 358 28 24 85
rect:353 242 59 42 85
Guatemala1976_10.jpg 0x0
rect:349 306 38 116 87
rect:212 121 268 143 87
rect:216 178 201 297 86
Guatemala1976_11.jpg 0x0
rect:152 281 135 185 34
GujaratIndia2001_01.jpg 0x0
rect:40 319 216 129 4
rect:168 328 159 84 2
rect:95 526 51 32 2
rect:292 392 52 38 11
Haiti2010_01.jpg 0x0
rect:150 37 146 82 7
rect:322 226 24 127 40
rect:336 357 188 274 4
rect:289 152 191 315 41
rect:468 237 98 149 4
Haiti2010_02.jpg 0x0
rect:51 129 455 263 88
rect:307 38 222 38 14
Haiti2010_03.jpg 0x0
rect:189 756 198 189 89
rect:336 1 71 763 32
rect:294 473 228 229 32
rect:291 547 67 59 49
Haiti2010_04.jpg 0x0
rect:2 154 221 124 6
rect:183 58 180 273 34
rect:167 311 287 379 41
Haiti2010_05.jpg 0x0
rect:285 247 24 73 40
rect:386 252 38 66 40
rect:278 313 176 85 52
rect:297 121 339 533 90
Haiti2010_06.jpg 0x0
rect:501 113 86 97 34
rect:231 348 250 373 91
rect:544 221 155 503 33
rect:566 213 75 276 32
rect:528 185 85 54 6
rect:476 205 612 703 91
rect:217 246 36 55 34
ImperialValley1979_01.jpg 0x0
rect:406 410 34 25 49
rect:629 222 27 26 49
rect:393 382 46 49 32
rect:14 298 56 68 49
rect:10 373 119 108 32
rect:654 236 31 31 32
rect:288 405 46 76 50
rect:481 406 23 22 49
rect:62 241 84 103 50
rect:472 263 26 35 50
rect:524 406 54 44 32
ImperialValley1979_02.jpg 0x0
rect:227 121 37 177 50
rect:377 161 63 154 50
rect:218 73 201 319 32
rect:156 159 388 48 92
rect:196 99 75 247 50
rect:295 274 154 40 49
ImperialValley1979_03.jpg 0x0
rect:175 262 252 168 32
rect:129 236 62 231 50
rect:309 363 65 220 50
rect:130 359 284 174 32
rect:101 454 353 33 92
rect:156 236 65 173 50
rect:105 484 206 35 92
Izmit1999_01.jpg 0x0
rect:184 177 42 135 27
rect:202 64 299 391 34
rect:252 96 61 234 27
rect:202 91 52 107 27
rect:563 334 74 64 26
Izmit1999_02.jpg 0x0
rect:25 100 521 198 10
Izmit1999_03.jpg 0x0
rect:549 98 44 326 50
rect:284 120 46 219 50
rect:258 166 51 161 50
rect:417 112 52 298 50
rect:129 124 54 331 50
rect:139 42 375 357 93
rect:221 70 295 245 32
rect:153 218 331 41 92
Izmit1999_04.jpg 0x0
rect:115 370 280 167 88
rect:315 65 80 76 48
rect:53 423 56 122 41
rect:260 333 75 102 41
rect:513 332 23 67 40
rect:284 83 78 92 41
rect:45 471 44 105 42
rect:157 269 162 82 88
rect:417 255 21 56 40
rect:65 282 80 69 34
Izmit1999_05.jpg 0x0
rect:101 29 712 308 10
Izmit1999_06.jpg 0x0
rect:252 234 49 177 50
rect:106 238 69 138 50
rect:109 268 102 67 49
rect:106 256 60 265 50
rect:231 303 45 145 50
rect:134 133 154 537 32
Izmit1999_07.jpg 0x0
rect:255 107 99 68 3
rect:23 99 321 547 2
rect:277 200 44 86 3
rect:247 261 43 82 3
rect:268 214 75 459 4
rect:193 346 42 111 3
rect:467 65 156 32 6
Izmit1999_08.jpg 0x0
rect:690 5 73 51 45
rect:202 218 228 130 88
rect:141 19 93 101 34
rect:103 282 66 123 45
rect:186 84 91 90 41
rect:688 74 73 30 52
rect:453 94 57 90 41
Izmit1999_09.jpg 0x0
rect:434 261 123 78 41
rect:54 225 42 39 41
rect:224 203 33 34 41
rect:432 217 55 67 94
rect:360 243 103 101 94
rect:519 237 63 79 41
Izmit1999_10.jpg 0x0
rect:196 533 168 35 78
rect:89 136 246 428 41
rect:200 640 67 34 78
rect:134 261 368 85 78
rect:211 104 96 114 40
rect:79 183 84 143 40
rect:165 274 104 178 40
rect:239 191 51 200 40
rect:390 606 95 111 40
rect:55 166 447 59 78
rect:289 485 69 62 40
Izmit1999_11.jpg 0x0
rect:391 271 73 179 40
rect:147 264 158 231 41
rect:256 165 84 131 40
rect:268 366 114 153 41
rect:218 359 53 199 40
Izmit1999_12.jpg 0x0
rect:261 382 83 94 41
rect:74 255 21 60 40
rect:59 195 64 89 94
rect:1 242 34 27 41
rect:610 86 49 71 41
rect:397 201 40 100 42
rect:394 91 51 89 45
rect:323 156 53 35 6
rect:43 326 53 63 52
rect:371 214 67 127 52
rect:409 272 75 191 94
rect:93 58 31 22 6
rect:160 281 69 46 88
rect:337 207 50 49 7
rect:460 185 57 70 41
rect:373 28 64 51 34
rect:12 72 44 26 6
rect:461 170 171 242 91
Izmit1999_13.jpg 0x0
rect:480 142 75 291 41
rect:191 205 53 97 41
rect:241 77 246 417 48
rect:134 139 64 44 6
rect:159 344 87 68 52
rect:133 287 38 115 41
rect:102 167 125 180 94
rect:337 78 71 115 41
rect:6 62 84 168 42
Izmit1999_14.jpg 0x0
rect:309 7 124 51 35
rect:341 267 61 27 34
rect:288 291 30 28 34
rect:488 48 66 68 95
rect:59 107 104 52 34
rect:405 248 77 43 34
rect:352 163 108 76 35
rect:435 59 73 51 34
rect:499 304 51 37 34
Izmit1999_15.jpg 0x0
rect:123 233 195 286 42
Izmit1999_16.jpg 0x0
rect:137 71 270 369 39
rect:74 85 354 395 33
rect:141 73 239 182 41
rect:151 129 31 109 40
Izmit1999_17.jpg 0x0
rect:133 90 232 332 41
Izmit1999_18.jpg 0x0
rect:138 176 142 223 39
rect:201 169 135 186 41
Izmit1999_19.jpg 0x0
rect:288 132 286 172 32
rect:486 132 29 63 50
rect:347 173 21 117 50
rect:182 87 200 261 96
Kobe1995_01.jpg 0x0
rect:30 153 623 152 63
Kobe1995_02.jpg 0x0
rect:2 75 461 420 68
Kobe1995_03.jpg 0x0
rect:30 68 366 661 10
Kobe1995_04.jpg 0x0
rect:425 388 56 46 41
Kobe1995_05.jpg 0x0
rect:4 174 127 446 40
rect:47 315 375 103 78
rect:275 109 165 366 40
rect:148 153 164 614 52
rect:119 510 424 127 78
Kobe1995_06.jpg 0x0
rect:217 317 338 328 42
rect:41 152 418 435 41
Kobe1995_07.jpg 0x0
rect:295 121 50 30 39
rect:198 379 39 31 39
rect:183 178 41 37 39
rect:278 84 33 34 39
rect:85 433 36 29 39
rect:172 229 39 38 39
rect:132 264 35 60 39
rect:250 301 33 25 39
rect:255 144 35 32 39
rect:275 231 26 30 39
rect:505 172 43 51 39
rect:238 189 25 41 39
rect:384 251 42 38 39
rect:282 460 33 46 39
rect:50 408 33 27 39
rect:186 414 32 51 39
rect:111 333 34 43 39
rect:54 231 28 35 39
rect:501 321 41 28 39
rect:374 432 44 34 39
rect:430 451 47 54 39
rect:289 408 31 28 39
rect:340 277 36 40 39
rect:426 149 43 41 39
rect:142 294 25 41 39
rect:225 152 39 44 39
Kobe1995_08.jpg 0x0
rect:357 53 494 208 97
Kobe1995_09.jpg 0x0
rect:159 667 256 102 97
rect:66 466 67 84 88
rect:89 460 90 66 88
rect:110 615 82 50 88
SanSalvador_1986_01.jpg 0x0
rect:56 3 137 163 68
rect:232 115 76 152 41
SanSalvador_1986_02.jpg 0x0
rect:409 146 16 30 41
rect:420 226 54 32 41
rect:135 357 27 50 41
rect:557 174 36 52 41
rect:384 187 48 58 42
rect:336 178 55 64 41
rect:315 267 35 47 41
rect:214 131 21 32 41
rect:164 264 36 37 41
SikkimIndia2001_01.jpg 0x0
rect:156 145 165 157 34
SikkimIndia2001_02.jpg 0x0
rect:264 247 60 53 16
rect:10 6 263 97 16
rect:-15 2 266 125 33
rect:476 80 111 37 16
rect:565 115 133 173 33
rect:131 61 169 282 33
rect:11 139 49 51 54
rect:409 266 98 18 16
SikkimIndia2001_03.jpg 0x0
rect:303 194 64 181 70
rect:204 112 96 206 69
rect:195 8 241 430 98
SikkimIndia2001_04.jpg 0x0
rect:3 27 238 342 99
rect:227 174 81 219 34
rect:311 147 243 87 99
SumatraInd2009_01.jpg 0x0
rect:277 21 51 235 81
SumatraInd2009_02.jpg 0x0
rect:212 91 171 212 41
WhittierNarrows1987_01.jpg 0x0
rect:15 38 598 430 10
WhittierNarrows1987_02.jpg 0x0
rect:223 355 77 285 41
WhittierNarrows1987_03.jpg 0x0
rect:314 119 109 242 32
WhittierNarrows1987_04.jpg 0x0
rect:304 42 76 276 41
rect:241 17 189 118 100
rect:229 8 221 69 6
YogyakartaInd2006_01.jpg 0x0
rect:249 186 366 78 49
rect:237 43 303 211 32
rect:213 -29 518 411 29
YogyakartaInd2006_02.jpg 0x0
rect:252 136 52 276 69
rect:274 45 182 423 98
rect:385 134 54 204 70
