Anchorage1964_01.jpg 0x0
rect:86 371 184 220 1
rect:80 7 264 217 1
Anchorage1964_02.jpg 0x0
rect:387 357 21 54 3
rect:178 187 77 68 7
rect:519 50 140 85 8
rect:275 323 27 73 3
rect:110 279 41 15 6
rect:84 25 77 11 6
rect:74 205 26 25 6
rect:231 31 328 70 4
rect:313 215 21 50 3
rect:235 315 32 66 3
rect:24 271 151 54 5
rect:488 245 19 44 3
rect:44 28 170 38 5
rect:250 216 27 85 3
rect:411 250 21 59 3
rect:467 219 11 45 3
rect:478 164 107 74 4
rect:217 286 285 78 2
rect:219 56 120 67 4
Anchorage1964_03.jpg 0x0
rect:0 268 577 91 10
rect:278 85 421 186 9
rect:2 286 199 85 9
Anchorage1964_04.jpg 0x0
rect:211 29 33 21 5
rect:458 219 33 19 5
rect:199 135 25 15 5
rect:296 293 24 31 1
rect:388 346 33 27 5
rect:297 278 11 17 1
rect:300 296 13 19 1
rect:435 309 30 19 5
rect:201 114 29 18 5
rect:238 340 8 1 1
rect:256 67 43 14 5
rect:118 44 30 14 5
rect:329 299 29 22 5
rect:449 130 23 14 5
rect:317 198 30 17 5
rect:371 216 21 26 1
rect:216 311 15 26 1
rect:189 256 38 16 5
rect:218 137 24 31 1
rect:173 336 28 21 5
rect:318 176 28 24 8
rect:196 97 30 23 5
rect:299 345 31 22 5
rect:261 533 19 27 1
rect:324 148 22 13 5
rect:431 157 35 22 5
rect:187 462 29 14 5
rect:402 207 27 17 5
rect:338 35 29 14 5
rect:200 473 33 21 5
rect:223 404 24 23 1
rect:219 139 23 11 5
rect:264 152 14 25 1
rect:296 148 17 28 1
rect:415 122 40 16 5
rect:290 190 14 25 1
rect:178 470 55 13 2
rect:151 528 29 19 5
rect:139 171 29 18 5
Anchorage1964_05.jpg 0x0
rect:337 209 102 69 2
rect:475 205 53 84 8
rect:437 1 38 61 1
rect:53 92 26 38 1
rect:59 167 25 39 1
rect:212 51 97 38 5
rect:451 197 33 23 6
rect:351 249 55 54 1
rect:537 23 47 71 1
rect:38 373 20 58 1
rect:111 26 21 44 1
rect:205 134 94 19 5
rect:374 347 46 82 8
rect:187 54 106 47 6
rect:740 258 60 12 6
rect:349 110 33 80 1
rect:382 178 40 57 1
rect:684 317 43 26 5
rect:90 72 20 67 1
rect:425 426 73 40 5
rect:270 224 26 25 11
rect:87 269 22 51 1
rect:68 167 17 51 1
rect:454 258 44 70 1
rect:619 84 39 67 1
rect:197 185 97 31 6
rect:307 288 57 18 11
rect:54 382 21 59 1
rect:34 473 24 48 1
Anchorage1964_06.jpg 0x0
rect:110 115 67 232 3
rect:89 91 183 515 12
rect:159 207 59 64 11
Anchorage1964_07.jpg 0x0
rect:8 427 525 43 14
rect:8 85 542 410 2
rect:546 202 57 75 11
rect:12 298 263 42 11
rect:271 239 403 201 2
rect:304 101 63 109 3
rect:240 138 69 89 13
rect:155 2 90 50 2
rect:218 109 193 185 11
Anchorage1964_08.jpg 0x0
rect:54 703 109 161 1
rect:219 32 123 144 1
rect:50 83 110 94 1
rect:307 373 104 163 1
rect:382 294 159 133 1
rect:48 374 104 80 1
Anchorage1964_09.jpg 0x0
rect:438 134 83 55 1
rect:10 15 521 14 15
rect:122 37 72 63 8
rect:135 217 88 48 8
rect:685 22 100 69 8
rect:13 175 67 21 15
rect:354 131 84 72 1
rect:306 7 269 17 15
rect:781 12 99 11 16
rect:177 112 376 10 15
rect:488 123 123 19 15
rect:11 107 21 12 16
rect:59 123 42 11 16
rect:933 187 1 1 16
rect:490 202 69 92 1
rect:452 281 69 69 8
rect:591 83 118 25 15
rect:14 21 55 10 16
rect:75 115 86 85 1
Anchorage1964_10.jpg 0x0
rect:56 199 273 319 1
rect:147 289 103 160 17
rect:86 495 218 139 18
rect:121 242 258 98 18
Anchorage1964_11.jpg 0x0
rect:96 568 546 25 14
rect:439 8 80 39 1
rect:75 423 773 10 14
rect:231 182 369 29 11
rect:140 211 507 82 2
rect:535 112 108 113 1
rect:221 118 392 18 15
rect:132 52 134 83 4
Anchorage1964_12.jpg 0x0
rect:229 95 42 189 3
rect:487 99 41 145 3
rect:10 65 592 252 2
rect:171 230 35 95 3
rect:511 63 167 167 11
Anchorage1964_13.jpg 0x0
rect:270 523 214 28 2
rect:543 393 31 176 20
rect:380 620 125 17 19
Anchorage1964_14.jpg 0x0
rect:18 792 21 55 22
rect:36 518 62 64 22
rect:205 288 88 80 21
rect:548 7 67 152 11
rect:117 710 42 68 22
rect:160 10 76 673 20
rect:396 237 166 70 15
rect:243 11 59 273 11
rect:9 755 235 81 11
rect:98 249 137 41 15
rect:98 670 50 67 22
rect:338 747 157 96 23
Anchorage1964_15.jpg 0x0
rect:494 9 105 62 4
rect:344 248 122 43 11
rect:207 133 43 47 11
rect:196 323 186 73 2
rect:365 367 98 28 24
rect:303 8 66 80 4
rect:221 74 61 485 20
rect:324 131 54 68 25
rect:209 275 178 53 15
Anchorage1964_16.jpg 0x0
rect:18 159 240 201 2
rect:14 432 75 65 2
rect:273 113 325 123 2
rect:143 228 279 171 11
rect:598 148 136 213 2
rect:82 233 96 90 11
Anchorage1964_17.jpg 0x0
rect:223 51 177 159 9
rect:10 114 301 102 9
rect:10 213 930 173 10
Anchorage1964_18.jpg 0x0
rect:303 339 31 46 11
rect:188 193 54 119 4
rect:276 373 103 25 2
rect:551 138 84 58 4
rect:424 200 141 114 4
rect:91 186 19 40 11
rect:472 248 429 32 15
rect:661 349 46 23 2
rect:768 398 64 16 2
rect:152 284 78 35 11
Anchorage1964_19.jpg 0x0
rect:367 87 51 106 29
rect:380 236 19 22 26
rect:298 90 87 119 29
rect:581 122 8 7 26
rect:5 265 63 135 26
rect:480 179 16 48 26
rect:411 168 25 54 29
rect:566 148 8 16 26
rect:333 226 52 98 26
rect:223 110 48 54 26
rect:340 157 17 45 26
rect:22 253 27 109 27
rect:470 92 29 24 26
rect:344 151 8 26 26
rect:358 126 24 40 27
rect:891 136 6 17 26
rect:589 175 55 42 28
rect:652 178 40 27 28
Anchorage1964_20.jpg 0x0
rect:181 65 168 120 29
rect:341 382 51 106 26
rect:156 105 97 85 26
rect:234 75 91 46 27
rect:155 460 65 113 26
Anchorage1964_21.jpg 0x0
rect:42 401 22 35 26
rect:143 124 665 138 30
rect:-7 72 81 110 29
rect:2 118 51 45 26
Bingol2003_01.jpg 0x0
rect:427 457 123 72 6
rect:272 95 66 26 6
rect:690 87 102 64 6
rect:108 219 64 56 33
rect:355 392 157 205 31
rect:397 249 61 59 33
rect:795 313 85 49 33
rect:359 369 55 233 32
rect:2 434 682 335 10
rect:567 205 101 63 33
rect:34 253 91 83 33
rect:682 239 48 45 6
rect:607 78 126 235 31
rect:523 219 97 62 6
rect:545 550 158 95 6
rect:725 324 86 80 33
rect:550 258 58 99 34
rect:426 155 82 76 6
rect:630 401 59 44 34
Bingol2003_02.jpg 0x0
rect:152 254 73 347 32
rect:164 80 413 188 34
rect:135 592 132 290 32
rect:531 293 419 125 35
rect:240 283 879 358 31
rect:831 78 163 84 36
rect:380 246 66 65 6
rect:537 286 135 90 26
Bingol2003_03.jpg 0x0
rect:458 141 152 49 11
rect:111 22 197 44 2
rect:324 186 422 124 2
rect:901 237 350 745 4
rect:505 -8 383 205 4
rect:976 430 177 407 2
rect:124 38 152 123 33
Bingol2003_04.jpg 0x0
rect:175 401 37 75 3
rect:339 237 172 140 4
rect:187 566 308 205 2
rect:294 410 47 131 3
rect:65 634 108 101 2
rect:63 748 21 97 3
rect:269 597 119 106 2
rect:149 592 35 93 3
CanterburyNZSeries2010_01.jpg 0x0
rect:66 143 106 336 12
CanterburyNZSeries2010_02.jpg 0x0
rect:53 7 193 342 37
rect:58 35 134 195 6
CanterburyNZSeries2010_03.jpg 0x0
rect:51 83 289 185 38
CanterburyNZSeries2010_04.jpg 0x0
rect:210 342 34 55 40
rect:279 426 14 69 40
rect:177 582 67 203 41
rect:212 7 84 229 42
rect:282 449 22 36 40
rect:300 453 35 160 40
rect:275 274 50 116 40
rect:285 318 280 391 39
CanterburyNZSeries2010_05.jpg 0x0
rect:385 171 135 78 15
rect:377 358 231 473 4
CanterburyNZSeries2010_06.jpg 0x0
rect:287 180 253 111 2
rect:63 98 809 696 4
CanterburyNZSeries2010_08.jpg 0x0
rect:429 128 197 175 43
rect:976 458 80 149 44
rect:609 470 122 113 44
rect:938 619 23 135 32
CanterburyNZSeries2010_09.jpg 0x0
rect:304 134 212 164 45
rect:330 265 157 287 39
CanterburyNZSeries2010_10.jpg 0x0
rect:311 179 295 136 7
rect:201 609 254 136 6
rect:253 326 469 216 6
rect:311 231 168 92 46
CanterburyNZSeries2010_11.jpg 0x0
rect:349 418 396 203 5
rect:292 176 267 85 7
CanterburyNZSeries2010_12.jpg 0x0
rect:556 446 140 66 11
rect:213 606 138 35 11
rect:6 193 898 273 47
rect:47 245 1024 320 2
CanterburyNZSeries2010_13.jpg 0x0
rect:382 148 107 535 11
rect:162 14 318 570 12
Caracas1967_01.jpg 0x0
rect:305 79 143 225 48
rect:277 209 11 69 48
rect:293 144 48 92 48
rect:457 127 62 104 48
Caracas1967_02.jpg 0x0
rect:225 1 138 159 15
rect:172 371 50 32 50
rect:100 421 37 69 49
rect:213 150 138 256 51
Caracas1967_03.jpg 0x0
rect:19 268 316 94 6
rect:302 259 142 161 34
rect:186 94 92 97 14
rect:364 273 41 52 27
rect:358 467 52 59 26
rect:420 285 29 81 27
Caracas1967_04.jpg 0x0
rect:172 370 122 111 34
rect:150 285 38 126 26
rect:148 338 24 67 27
Caracas1967_05.jpg 0x0
rect:165 345 55 161 40
rect:33 104 265 424 41
rect:309 215 43 176 40
rect:32 80 319 698 48
rect:258 214 44 294 40
rect:338 149 47 330 40
rect:80 291 58 276 40
rect:305 168 125 188 52
rect:85 271 284 168 52
rect:150 244 65 288 40
Caracas1967_06.jpg 0x0
rect:355 235 58 46 6
rect:415 100 333 243 7
Caracas1967_07.jpg 0x0
rect:536 244 161 306 34
rect:571 220 80 80 53
rect:197 99 194 223 34
rect:255 10 83 242 34
rect:279 62 37 202 27
rect:263 109 54 144 27
rect:360 440 128 98 53
Caracas1967_08.jpg 0x0
rect:259 263 55 103 55
rect:396 248 79 136 54
rect:282 309 68 73 54
Caracas1967_09.jpg 0x0
rect:540 9 181 111 48
rect:32 221 67 59 48
rect:82 190 60 83 48
rect:186 205 98 86 48
Caracas1967_10.jpg 0x0
rect:18 139 320 342 48
rect:33 267 220 292 41
rect:393 267 103 232 40
rect:523 296 52 181 40
Caracas1967_11.jpg 0x0
rect:71 247 208 570 41
rect:36 13 325 539 48
rect:207 12 156 276 41
Caracas1967_12.jpg 0x0
rect:177 294 35 45 56
rect:850 301 22 48 32
rect:677 211 27 39 32
rect:402 301 26 43 34
Caracas1967_13.jpg 0x0
rect:126 303 111 285 55
Caracas1967_14.jpg 0x0
rect:102 162 587 272 57
rect:165 375 324 43 6
Chichi1999_01.jpg 0x0
rect:452 167 44 193 42
rect:4 8 540 186 58
Chichi1999_02.jpg 0x0
rect:386 131 239 412 59
rect:6 75 308 199 58
Chichi1999_03.jpg 0x0
rect:104 152 55 88 60
rect:0 158 742 146 58
Chichi1999_04.jpg 0x0
rect:208 204 55 383 48
rect:164 -14 53 158 48
rect:202 181 35 43 52
Chichi1999_05.jpg 0x0
rect:396 245 30 38 41
rect:279 126 46 54 41
rect:418 161 92 223 48
rect:324 161 38 92 52
Chichi1999_06.jpg 0x0
rect:246 207 18 27 52
rect:395 -10 109 72 61
rect:576 155 39 65 41
rect:316 230 39 114 48
rect:395 107 59 56 62
rect:140 17 650 137 10
Chichi1999_07.jpg 0x0
rect:383 166 28 37 64
rect:135 124 52 203 48
rect:671 299 58 113 48
rect:194 138 28 36 64
rect:337 164 38 151 48
rect:553 319 20 23 64
rect:72 152 392 183 63
Chichi1999_08.jpg 0x0
rect:89 14 601 546 10
Chichi1999_09.jpg 0x0
rect:281 95 97 74 41
rect:236 119 34 95 40
rect:226 125 41 58 40
rect:251 60 236 205 48
Chichi1999_10.jpg 0x0
rect:190 22 572 431 10
Chichi1999_11.jpg 0x0
rect:2 127 181 470 10
rect:110 287 106 104 65
Chichi1999_12.jpg 0x0
rect:8 24 381 720 66
Chichi1999_13.jpg 0x0
rect:28 45 903 350 10
Chichi1999_14.jpg 0x0
rect:223 302 29 51 39
rect:270 253 19 35 67
rect:97 291 68 61 67
rect:188 299 35 38 67
rect:139 517 32 52 67
rect:156 129 103 49 67
rect:142 410 30 43 67
rect:302 405 21 21 39
rect:86 404 45 53 67
rect:277 403 91 57 67
rect:258 396 22 37 39
rect:421 486 48 64 67
rect:114 310 63 46 67
rect:145 290 23 63 67
rect:68 612 42 54 67
rect:353 568 23 48 39
rect:113 218 27 78 67
Chichi1999_15.jpg 0x0
rect:316 31 267 495 41
Chichi1999_16.jpg 0x0
rect:186 153 61 178 32
Chichi1999_17.jpg 0x0
rect:123 344 29 49 32
Chichi1999_18.jpg 0x0
rect:196 240 30 127 69
rect:236 250 50 102 69
rect:257 240 26 184 69
rect:194 378 38 148 70
rect:126 216 158 385 68
rect:179 275 30 182 69
Chichi1999_19.jpg 0x0
rect:295 110 211 244 3
rect:208 27 340 376 2
YogyakartaInd2006_03.jpg 0x0
rect:215 318 66 35 16
rect:181 166 85 26 15
rect:289 143 26 5 16
rect:398 80 101 28 16
rect:249 439 222 37 15
rect:253 301 382 124 71
rect:382 90 162 49 15
rect:206 19 80 2 15
Chichi1999_20.jpg 0x0
rect:186 180 83 335 42
rect:257 377 73 255 41
Chichi1999_21.jpg 0x0
rect:88 345 204 107 5
rect:318 7 144 118 57
rect:16 4 254 200 30
rect:454 121 158 126 6
rect:303 364 115 133 6
rect:222 101 228 226 72
rect:188 367 171 116 37
rect:390 38 244 272 37
Chichi1999_22.jpg 0x0
rect:220 204 383 109 10
rect:336 275 23 20 73
rect:246 260 15 24 73
rect:546 194 16 20 73
Chichi1999_23.jpg 0x0
rect:337 315 75 103 73
rect:201 162 43 29 27
rect:248 218 56 79 73
rect:329 367 44 78 34
rect:115 187 28 21 34
rect:138 438 33 99 34
rect:316 243 20 19 26
rect:5 59 407 150 74
rect:116 115 51 46 73
rect:88 298 66 103 73
Chichi1999_24.jpg 0x0
rect:423 303 1 2 46
rect:3 247 305 146 74
rect:122 150 175 78 75
rect:292 146 56 48 46
rect:181 242 64 46 34
Chichi1999_25.jpg 0x0
rect:177 255 52 88 26
rect:199 235 212 368 73
rect:118 196 135 295 34
Chichi1999_26.jpg 0x0
rect:161 429 165 126 73
rect:296 15 60 23 73
rect:112 639 71 82 26
rect:212 261 136 264 76
rect:191 136 65 91 73
rect:147 660 116 121 27
Chichi1999_27.jpg 0x0
rect:166 183 125 251 32
Chichi1999_28.jpg 0x0
rect:238 317 185 120 77
rect:189 77 103 271 5
rect:211 128 153 261 75
rect:22 82 198 89 6
Chichi1999_29.jpg 0x0
rect:212 158 126 114 40
rect:109 215 209 234 48
rect:254 291 78 179 52
Chichi1999_30.jpg 0x0
rect:37 261 107 110 73
rect:137 126 210 301 40
rect:164 104 186 74 52
rect:157 197 224 72 78
Chichi1999_31.jpg 0x0
rect:699 98 55 130 48
rect:133 65 91 370 79
Chichi1999_32.jpg 0x0
rect:402 123 52 187 39
rect:199 9 128 403 80
rect:226 164 46 138 81
rect:140 75 40 116 81
Chichi1999_33.jpg 0x0
rect:172 126 57 137 49
rect:247 129 37 155 49
rect:234 128 122 303 56
rect:116 150 113 221 32
rect:99 72 95 518 33
rect:243 74 92 232 32
Chichi1999_34.jpg 0x0
rect:116 110 406 502 10
Duzce1999_01.jpg 0x0
rect:170 158 124 119 41
rect:117 48 119 308 39
Duzce1999_02.jpg 0x0
rect:76 54 189 438 41
Duzce1999_03.jpg 0x0
rect:201 167 96 244 31
rect:126 129 139 342 42
rect:0 132 125 189 31
Gediz1970_01.jpg 0x0
rect:206 305 105 169 69
rect:113 398 124 359 69
rect:128 126 294 381 68
Guatemala1976_01.jpg 0x0
rect:25 117 534 189 82
rect:56 173 93 91 48
rect:418 145 193 128 48
rect:659 182 78 96 41
rect:77 198 63 47 52
rect:60 123 56 34 41
Guatemala1976_02.jpg 0x0
rect:337 48 73 127 40
rect:241 90 240 334 48
Guatemala1976_03.jpg 0x0
rect:21 79 903 310 75
Guatemala1976_04.jpg 0x0
rect:452 302 88 214 4
rect:551 249 135 267 4
rect:115 24 368 88 30
rect:47 65 371 212 30
Guatemala1976_05.jpg 0x0
rect:148 83 514 385 48
rect:115 118 279 135 40
rect:214 162 391 96 41
Guatemala1976_06.jpg 0x0
rect:147 97 181 363 39
Guatemala1976_07.jpg 0x0
rect:231 563 132 60 83
rect:30 279 377 436 10
rect:22 245 50 53 6
Guatemala1976_08.jpg 0x0
rect:129 32 474 475 48
rect:310 67 155 210 40
rect:222 46 292 305 41
Guatemala1976_09.jpg 0x0
rect:768 352 67 48 85
rect:90 280 32 21 85
rect:829 372 52 48 84
rect:387 235 45 55 84
rect:203 289 48 30 84
rect:352 241 91 30 85
rect:90 243 40 31 84
rect:212 227 48 71 85
Guatemala1976_10.jpg 0x0
rect:207 116 300 210 87
rect:264 458 27 101 87
rect:202 185 288 338 86
Guatemala1976_11.jpg 0x0
rect:209 176 133 292 34
GujaratIndia2001_01.jpg 0x0
rect:78 591 46 31 2
rect:26 465 223 162 4
rect:180 426 165 90 2
rect:274 570 53 52 11
Haiti2010_01.jpg 0x0
rect:586 329 90 98 4
rect:370 414 182 256 4
rect:155 42 89 94 7
rect:293 115 220 468 41
rect:370 290 19 94 40
Haiti2010_02.jpg 0x0
rect:48 116 348 183 88
rect:339 31 117 45 14
Haiti2010_03.jpg 0x0
rect:195 436 88 59 49
rect:431 1 75 555 32
rect:293 395 265 265 32
rect:273 664 285 279 89
Haiti2010_04.jpg 0x0
rect:138 282 293 527 41
rect:2 101 221 132 6
rect:263 42 195 320 34
Haiti2010_05.jpg 0x0
rect:344 289 28 105 40
rect:313 224 146 117 52
rect:195 156 277 577 90
rect:247 220 30 80 40
Haiti2010_06.jpg 0x0
rect:382 241 66 178 32
rect:526 221 73 111 34
rect:200 368 50 57 34
rect:176 214 313 408 91
rect:454 166 165 397 33
rect:591 136 671 837 91
rect:373 203 74 33 6
ImperialValley1979_01.jpg 0x0
rect:554 312 35 41 50
rect:677 226 39 38 32
rect:13 353 121 114 32
rect:365 281 43 48 32
rect:475 391 22 15 49
rect:236 372 44 46 50
rect:69 305 119 118 50
rect:357 309 55 19 49
rect:18 379 80 70 49
rect:505 281 15 15 49
rect:584 268 47 45 32
ImperialValley1979_02.jpg 0x0
rect:146 157 269 77 92
rect:195 154 95 198 50
rect:253 80 149 263 32
rect:474 123 85 144 50
rect:350 133 52 132 50
rect:184 264 100 61 49
ImperialValley1979_03.jpg 0x0
rect:98 234 89 193 50
rect:266 254 80 157 50
rect:94 433 213 48 92
rect:422 285 70 189 50
rect:164 223 240 195 32
rect:132 314 282 26 92
rect:108 366 200 132 32
Izmit1999_01.jpg 0x0
rect:264 103 66 123 27
rect:242 139 43 107 27
rect:174 87 451 325 34
rect:271 258 40 81 27
rect:471 253 50 75 26
Izmit1999_02.jpg 0x0
rect:28 140 775 309 10
Izmit1999_03.jpg 0x0
rect:138 91 51 339 50
rect:171 62 180 272 32
rect:534 100 38 291 50
rect:188 97 44 215 50
rect:315 116 45 307 50
rect:195 211 309 32 92
rect:195 38 500 500 93
rect:367 100 57 296 50
Izmit1999_04.jpg 0x0
rect:331 480 18 51 40
rect:346 96 65 87 41
rect:56 379 30 80 42
rect:234 377 100 90 41
rect:308 344 17 74 40
rect:83 375 194 157 88
rect:70 427 70 95 41
rect:153 196 97 88 88
rect:38 365 49 46 34
rect:378 78 80 113 48
Izmit1999_05.jpg 0x0
rect:78 31 580 527 10
Izmit1999_06.jpg 0x0
rect:115 234 86 156 50
rect:324 261 54 135 50
rect:187 311 54 153 50
rect:90 297 73 139 50
rect:182 255 178 73 49
rect:129 212 233 518 32
Izmit1999_07.jpg 0x0
rect:279 146 82 78 3
rect:396 81 132 42 6
rect:122 423 52 110 3
rect:374 300 117 324 4
rect:193 254 60 109 3
rect:211 236 44 112 3
rect:20 110 387 662 2
Izmit1999_08.jpg 0x0
rect:619 76 71 38 52
rect:118 488 72 82 45
rect:519 6 129 52 45
rect:233 191 215 114 88
rect:138 83 96 57 41
rect:587 91 92 72 41
rect:147 30 71 131 34
Izmit1999_09.jpg 0x0
rect:303 327 102 111 41
rect:41 246 37 44 41
rect:439 309 111 129 94
rect:595 244 77 80 94
rect:630 301 72 53 41
rect:320 155 56 28 41
Izmit1999_10.jpg 0x0
rect:163 411 191 40 78
rect:40 266 346 31 78
rect:134 374 222 81 78
rect:295 204 67 145 40
rect:283 567 70 25 78
rect:108 250 62 191 40
rect:277 96 153 137 40
rect:226 477 50 80 40
rect:81 149 114 214 40
rect:68 160 351 339 41
rect:301 523 111 85 40
Izmit1999_11.jpg 0x0
rect:211 484 143 115 41
rect:338 347 102 233 40
rect:132 296 79 194 40
rect:166 179 103 143 41
rect:184 271 72 144 40
Izmit1999_12.jpg 0x0
rect:370 211 62 81 41
rect:448 120 67 100 45
rect:95 301 25 46 40
rect:580 78 46 63 41
rect:538 141 166 227 91
rect:427 188 89 58 7
rect:45 279 61 56 52
rect:317 274 93 90 41
rect:238 346 69 106 52
rect:17 92 41 23 6
rect:111 92 33 31 6
rect:181 198 99 65 88
rect:313 132 53 147 42
rect:209 182 41 21 6
rect:552 35 71 73 34
rect:1 165 33 40 41
rect:50 326 51 121 94
rect:346 355 91 141 94
Izmit1999_13.jpg 0x0
rect:128 186 129 161 94
rect:135 175 32 128 41
rect:6 80 114 202 42
rect:170 317 38 71 41
rect:194 214 81 69 52
rect:267 210 68 259 41
rect:326 98 61 99 41
rect:83 114 51 43 6
rect:340 99 186 311 48
Izmit1999_14.jpg 0x0
rect:316 8 205 59 35
rect:183 336 40 28 34
rect:345 51 75 62 95
rect:382 432 44 38 34
rect:482 172 84 97 35
rect:512 285 65 39 34
rect:270 334 43 20 34
rect:496 66 57 99 34
rect:69 144 96 60 34
Izmit1999_15.jpg 0x0
rect:182 205 183 422 42
Izmit1999_16.jpg 0x0
rect:247 130 43 72 40
rect:66 64 464 507 33
rect:177 82 212 185 41
rect:98 64 307 225 39
Izmit1999_17.jpg 0x0
rect:126 153 240 218 41
Izmit1999_18.jpg 0x0
rect:167 202 100 128 41
rect:236 105 108 223 39
Izmit1999_19.jpg 0x0
rect:467 187 20 73 50
rect:333 137 28 99 50
rect:234 99 212 392 96
rect:198 149 334 289 32
Kobe1995_01.jpg 0x0
rect:33 156 1041 147 63
Kobe1995_02.jpg 0x0
rect:2 57 611 729 68
Kobe1995_03.jpg 0x0
rect:39 68 609 620 10
Kobe1995_04.jpg 0x0
rect:243 326 49 54 41
Kobe1995_05.jpg 0x0
rect:69 697 252 101 78
rect:32 314 345 82 78
rect:227 134 183 503 40
rect:4 148 133 419 40
rect:99 127 274 449 52
Kobe1995_06.jpg 0x0
rect:61 131 428 322 41
rect:188 369 241 275 42
Kobe1995_07.jpg 0x0
rect:281 302 28 33 39
rect:141 316 28 43 39
rect:477 461 30 37 39
rect:215 303 52 51 39
rect:229 533 40 41 39
rect:325 292 28 19 39
rect:49 308 27 48 39
rect:447 135 55 34 39
rect:509 119 50 43 39
rect:299 305 35 35 39
rect:34 413 36 24 39
rect:201 242 26 62 39
rect:562 215 52 54 39
rect:476 196 39 23 39
rect:323 84 23 46 39
rect:331 541 44 47 39
rect:470 319 31 61 39
rect:222 137 37 38 39
rect:403 271 44 32 39
rect:192 355 32 49 39
rect:146 431 45 37 39
rect:187 180 41 41 39
rect:175 288 42 42 39
rect:197 377 35 24 39
rect:157 126 45 40 39
rect:427 576 42 43 39
Kobe1995_08.jpg 0x0
rect:299 55 587 213 97
Kobe1995_09.jpg 0x0
rect:104 578 55 84 88
rect:169 601 262 95 97
rect:109 588 98 58 88
rect:89 621 109 59 88
SanSalvador_1986_01.jpg 0x0
rect:89 3 128 217 68
rect:174 140 122 206 41
SanSalvador_1986_02.jpg 0x0
rect:440 149 31 38 42
rect:236 200 41 38 41
rect:162 146 18 32 41
rect:402 171 20 37 41
rect:137 321 21 43 41
rect:418 202 30 41 41
rect:594 322 41 43 41
rect:170 169 41 26 41
rect:525 168 44 50 41
SikkimIndia2001_01.jpg 0x0
rect:298 206 104 109 34
SikkimIndia2001_02.jpg 0x0
rect:472 112 101 192 33
rect:9 134 74 50 54
rect:526 75 104 42 16
rect:294 179 95 56 16
rect:11 7 435 90 16
rect:-11 2 328 100 33
rect:191 54 192 279 33
rect:339 192 109 15 16
SikkimIndia2001_03.jpg 0x0
rect:229 263 79 123 70
rect:147 12 203 632 98
rect:162 87 53 138 69
SikkimIndia2001_04.jpg 0x0
rect:187 123 111 116 34
rect:3 40 279 264 99
rect:300 213 215 99 99
SumatraInd2009_01.jpg 0x0
rect:214 19 80 275 81
SumatraInd2009_02.jpg 0x0
rect:167 90 180 218 41
WhittierNarrows1987_01.jpg 0x0
rect:17 26 995 470 10
WhittierNarrows1987_02.jpg 0x0
rect:193 198 83 302 41
WhittierNarrows1987_03.jpg 0x0
rect:308 156 115 319 32
WhittierNarrows1987_04.jpg 0x0
rect:236 53 121 215 41
rect:227 14 182 184 100
rect:158 8 235 79 6
YogyakartaInd2006_01.jpg 0x0
rect:219 40 296 206 32
rect:377 112 388 87 49
rect:190 -23 425 498 29
YogyakartaInd2006_02.jpg 0x0
rect:264 74 91 162 70
rect:433 141 48 247 69
rect:302 42 161 370 98
