Anchorage1964_01.jpg 0x0
rect:80 402 198 310 1
rect:74 6 257 132 1
Anchorage1964_02.jpg 0x0
rect:138 118 68 71 7
rect:573 166 104 74 4
rect:36 210 147 44 5
rect:340 203 30 80 3
rect:458 211 16 59 3
rect:269 242 30 70 3
rect:202 252 471 93 2
rect:429 212 19 74 3
rect:194 345 23 56 3
rect:672 186 13 68 3
rect:100 224 38 14 6
rect:208 39 292 70 4
rect:262 78 105 90 4
rect:634 193 12 54 3
rect:95 48 66 12 6
rect:96 232 24 21 6
rect:48 27 166 48 5
rect:262 357 18 52 3
rect:554 86 163 87 8
Anchorage1964_03.jpg 0x0
rect:233 76 413 235 9
rect:2 272 189 79 9
rect:0 239 849 79 10
Anchorage1964_04.jpg 0x0
rect:187 22 33 20 5
rect:286 342 38 17 5
rect:126 405 36 14 5
rect:318 220 19 29 8
rect:342 61 40 18 5
rect:327 129 37 22 5
rect:233 320 18 27 1
rect:182 509 40 19 5
rect:364 355 18 37 1
rect:314 96 36 15 5
rect:311 381 19 31 1
rect:267 399 35 18 5
rect:330 29 27 18 5
rect:300 123 14 24 1
rect:126 103 35 18 5
rect:350 187 17 30 1
rect:117 79 40 16 5
rect:249 285 21 15 5
rect:442 203 32 19 5
rect:209 296 27 23 5
rect:421 252 30 18 5
rect:256 241 8 1 1
rect:287 389 15 26 1
rect:219 319 26 23 1
rect:238 209 23 26 1
rect:337 293 15 30 1
rect:221 182 31 15 5
rect:124 173 27 17 5
rect:255 487 42 15 5
rect:166 282 20 22 5
rect:305 169 34 23 5
rect:205 334 64 20 2
rect:325 108 17 29 1
rect:122 506 39 16 5
rect:135 330 30 18 5
rect:115 62 40 22 5
rect:201 264 12 19 1
rect:340 220 34 15 5
rect:254 374 27 17 5
Anchorage1964_05.jpg 0x0
rect:381 29 27 71 1
rect:593 92 38 67 1
rect:339 186 21 15 11
rect:481 383 56 80 8
rect:471 242 36 31 11
rect:43 414 25 50 1
rect:425 327 61 58 8
rect:120 123 90 46 6
rect:689 240 45 34 5
rect:108 100 22 44 1
rect:845 398 55 16 6
rect:578 429 59 42 5
rect:137 50 105 39 6
rect:104 29 16 47 1
rect:547 76 53 66 1
rect:54 376 24 47 1
rect:90 174 30 62 1
rect:178 203 132 19 5
rect:293 1 42 67 1
rect:368 177 156 59 2
rect:437 209 37 76 1
rect:42 193 23 36 1
rect:50 71 25 34 1
rect:565 185 34 47 1
rect:418 349 68 73 1
rect:31 506 20 58 1
rect:145 33 120 22 5
rect:68 158 12 38 1
rect:516 329 54 29 6
Anchorage1964_06.jpg 0x0
rect:120 129 102 294 3
rect:79 80 206 465 12
rect:139 194 72 92 11
Anchorage1964_07.jpg 0x0
rect:346 193 52 118 13
rect:10 54 518 460 2
rect:462 155 68 75 11
rect:272 153 52 135 3
rect:474 248 348 205 2
rect:7 428 502 29 14
rect:14 245 340 31 11
rect:196 110 106 126 11
rect:216 2 87 61 2
Anchorage1964_08.jpg 0x0
rect:56 257 125 113 1
rect:45 474 128 162 1
rect:39 60 133 83 1
rect:223 31 119 145 1
rect:363 229 147 82 1
rect:279 557 119 138 1
Anchorage1964_09.jpg 0x0
rect:936 183 1 1 16
rect:512 157 137 23 15
rect:16 170 69 14 15
rect:194 206 52 63 1
rect:448 94 105 17 15
rect:106 234 81 66 8
rect:284 127 60 50 1
rect:71 193 57 7 16
rect:591 203 71 54 8
rect:690 10 117 13 16
rect:99 159 54 64 1
rect:13 17 377 13 15
rect:405 6 238 11 15
rect:15 134 15 8 16
rect:685 166 97 78 1
rect:13 16 75 9 16
rect:197 139 213 12 15
rect:110 34 63 83 8
rect:468 42 84 52 8
Anchorage1964_10.jpg 0x0
rect:220 154 158 61 18
rect:65 182 249 442 1
rect:54 464 233 89 18
rect:156 349 119 113 17
Anchorage1964_11.jpg 0x0
rect:552 9 96 49 1
rect:433 102 149 125 1
rect:58 353 724 13 14
rect:92 313 797 14 14
rect:139 250 576 67 2
rect:116 77 164 120 4
rect:206 188 462 19 15
rect:384 239 345 24 11
Anchorage1964_12.jpg 0x0
rect:473 93 200 135 11
rect:331 69 47 148 3
rect:10 60 575 345 2
rect:303 87 56 166 3
rect:167 138 21 106 3
Anchorage1964_13.jpg 0x0
rect:466 505 145 13 19
rect:572 364 40 133 20
rect:412 622 189 20 2
Anchorage1964_14.jpg 0x0
rect:198 335 95 98 21
rect:244 656 204 81 23
rect:312 5 86 150 11
rect:13 639 227 72 11
rect:42 399 56 77 22
rect:206 13 69 274 11
rect:166 564 49 74 22
rect:372 305 203 71 15
rect:60 230 112 29 15
rect:27 502 23 60 22
rect:251 13 92 622 20
rect:108 592 53 74 22
Anchorage1964_15.jpg 0x0
rect:169 224 125 40 15
rect:283 518 191 56 2
rect:414 230 89 46 24
rect:223 74 76 471 20
rect:276 7 71 72 4
rect:212 109 32 62 11
rect:259 250 171 44 11
rect:244 118 60 123 25
rect:544 7 111 47 4
Anchorage1964_16.jpg 0x0
rect:603 245 129 133 2
rect:101 343 104 130 11
rect:15 287 71 64 2
rect:211 110 264 169 2
rect:14 91 213 234 2
rect:161 176 213 190 11
Anchorage1964_17.jpg 0x0
rect:9 92 241 86 9
rect:11 174 807 155 10
rect:347 40 204 147 9
Anchorage1964_18.jpg 0x0
rect:401 309 92 21 2
rect:498 210 127 56 4
rect:272 370 240 29 15
rect:430 293 25 42 11
rect:526 323 29 23 2
rect:686 106 138 64 4
rect:143 320 16 41 11
rect:158 213 70 33 11
rect:166 175 89 140 4
rect:552 257 56 18 2
Anchorage1964_19.jpg 0x0
rect:777 150 6 6 26
rect:415 127 27 69 29
rect:560 159 9 24 26
rect:6 246 73 112 26
rect:588 140 6 16 26
rect:607 93 19 43 29
rect:475 203 17 22 26
rect:281 85 27 37 27
rect:30 218 24 76 27
rect:385 162 58 34 28
rect:379 64 66 163 29
rect:338 381 49 93 26
rect:339 327 25 50 26
rect:537 217 45 27 28
rect:352 116 7 16 26
rect:203 82 44 36 26
rect:478 99 20 45 26
rect:342 150 37 21 26
Anchorage1964_20.jpg 0x0
rect:466 577 36 86 26
rect:169 73 117 71 26
rect:180 57 142 183 29
rect:254 99 69 59 27
rect:286 316 57 153 26
Anchorage1964_21.jpg 0x0
rect:66 374 37 30 26
rect:2 109 40 31 26
rect:192 176 767 185 30
rect:-6 62 76 125 29
Bingol2003_01.jpg 0x0
rect:528 337 74 43 6
rect:164 268 49 75 33
rect:357 423 35 56 34
rect:437 164 35 106 34
rect:457 130 108 81 6
rect:2 399 793 199 10
rect:400 71 81 57 6
rect:563 511 137 73 6
rect:710 392 81 55 33
rect:875 227 75 74 33
rect:534 289 32 57 6
rect:357 217 99 92 33
rect:500 328 123 208 31
rect:295 427 104 75 6
rect:26 201 70 88 33
rect:549 513 93 42 33
rect:239 114 53 21 6
rect:514 118 180 150 31
rect:577 313 71 247 32
Bingol2003_02.jpg 0x0
rect:202 127 441 177 34
rect:626 81 152 92 36
rect:309 431 68 99 6
rect:436 327 137 81 26
rect:155 524 111 274 32
rect:375 175 485 166 35
rect:236 296 780 412 31
rect:147 276 103 280 32
Bingol2003_03.jpg 0x0
rect:718 201 333 615 4
rect:350 261 259 49 11
rect:555 411 308 263 2
rect:684 -6 201 166 4
rect:441 204 454 155 2
rect:63 33 187 40 2
rect:86 61 139 143 33
Bingol2003_04.jpg 0x0
rect:79 491 29 96 3
rect:211 340 39 132 3
rect:327 686 140 107 2
rect:58 645 86 85 2
rect:245 438 34 63 3
rect:164 305 192 217 2
rect:379 237 130 196 4
rect:146 661 38 84 3
CanterburyNZSeries2010_01.jpg 0x0
rect:88 90 131 348 12
CanterburyNZSeries2010_02.jpg 0x0
rect:56 10 132 227 37
rect:41 63 195 245 6
CanterburyNZSeries2010_03.jpg 0x0
rect:35 56 436 178 38
CanterburyNZSeries2010_04.jpg 0x0
rect:296 349 31 141 40
rect:242 338 109 207 41
rect:174 252 246 242 39
rect:263 307 13 76 40
rect:355 413 29 62 40
rect:265 382 27 68 40
rect:418 481 47 156 40
rect:205 9 115 138 42
CanterburyNZSeries2010_05.jpg 0x0
rect:386 199 115 122 15
rect:301 361 254 306 4
CanterburyNZSeries2010_06.jpg 0x0
rect:85 123 688 459 4
rect:177 266 178 95 2
CanterburyNZSeries2010_08.jpg 0x0
rect:792 612 53 157 44
rect:613 188 128 209 43
rect:635 458 129 88 44
rect:551 644 33 170 32
CanterburyNZSeries2010_09.jpg 0x0
rect:251 122 184 216 45
rect:329 221 213 427 39
CanterburyNZSeries2010_10.jpg 0x0
rect:281 599 249 100 6
rect:183 220 360 199 6
rect:213 389 218 59 46
rect:339 167 321 100 7
CanterburyNZSeries2010_11.jpg 0x0
rect:221 222 388 275 5
rect:263 294 392 140 7
CanterburyNZSeries2010_12.jpg 0x0
rect:4 265 1036 473 47
rect:48 406 880 330 2
rect:212 422 183 37 11
rect:564 386 220 72 11
CanterburyNZSeries2010_13.jpg 0x0
rect:433 212 117 313 11
rect:207 16 506 562 12
Caracas1967_01.jpg 0x0
rect:373 171 31 85 48
rect:337 165 9 78 48
rect:354 90 201 184 48
rect:452 169 79 130 48
Caracas1967_02.jpg 0x0
rect:142 473 41 62 49
rect:127 521 50 42 50
rect:141 256 256 286 51
rect:172 1 86 206 15
Caracas1967_03.jpg 0x0
rect:210 67 79 103 14
rect:11 265 251 106 6
rect:390 448 63 57 26
rect:376 328 32 112 27
rect:277 465 26 76 27
rect:265 260 137 180 34
Caracas1967_04.jpg 0x0
rect:180 370 19 78 27
rect:165 406 150 133 34
rect:179 435 35 91 26
Caracas1967_05.jpg 0x0
rect:391 193 47 189 40
rect:25 96 454 717 48
rect:33 141 353 553 41
rect:143 366 46 277 40
rect:66 369 77 352 40
rect:89 429 295 162 52
rect:205 392 63 265 40
rect:300 254 132 118 52
rect:370 146 45 334 40
rect:262 315 60 194 40
Caracas1967_06.jpg 0x0
rect:342 105 281 238 7
rect:294 209 73 58 6
Caracas1967_07.jpg 0x0
rect:337 302 114 79 53
rect:461 36 24 184 27
rect:537 252 118 230 34
rect:254 9 96 228 34
rect:177 134 178 200 34
rect:382 449 79 63 53
rect:169 104 48 141 27
Caracas1967_08.jpg 0x0
rect:295 214 70 127 54
rect:215 257 50 72 55
rect:390 228 64 104 54
Caracas1967_09.jpg 0x0
rect:29 314 52 47 48
rect:329 12 209 110 48
rect:95 196 49 69 48
rect:196 215 77 77 48
Caracas1967_10.jpg 0x0
rect:21 140 356 374 48
rect:29 218 261 302 41
rect:431 299 61 152 40
rect:352 276 87 194 40
Caracas1967_11.jpg 0x0
rect:45 306 332 591 41
rect:246 11 177 352 41
rect:36 14 493 879 48
Caracas1967_12.jpg 0x0
rect:416 176 26 47 34
rect:183 238 32 35 56
rect:731 245 24 40 32
rect:602 450 19 45 32
Caracas1967_13.jpg 0x0
rect:142 269 159 319 55
Caracas1967_14.jpg 0x0
rect:148 167 678 182 57
rect:119 325 319 43 6
Chichi1999_01.jpg 0x0
rect:4 8 830 121 58
rect:407 182 51 257 42
Chichi1999_02.jpg 0x0
rect:282 77 195 455 59
rect:5 83 327 213 58
Chichi1999_03.jpg 0x0
rect:0 199 920 171 58
rect:85 114 81 82 60
Chichi1999_04.jpg 0x0
rect:186 185 37 43 52
rect:225 154 79 244 48
rect:208 -15 46 162 48
Chichi1999_05.jpg 0x0
rect:309 261 23 41 41
rect:483 136 47 44 41
rect:373 129 79 186 48
rect:279 156 36 63 52
Chichi1999_06.jpg 0x0
rect:217 18 359 200 10
rect:320 155 62 87 62
rect:440 165 24 30 52
rect:365 141 34 90 48
rect:411 -12 85 50 61
rect:795 186 50 59 41
Chichi1999_07.jpg 0x0
rect:183 141 20 46 64
rect:46 271 585 171 63
rect:454 304 16 20 64
rect:117 191 62 152 48
rect:497 202 48 106 48
rect:363 219 46 152 48
rect:428 186 25 40 64
Chichi1999_08.jpg 0x0
rect:98 11 659 448 10
Chichi1999_09.jpg 0x0
rect:213 113 45 60 40
rect:277 68 201 226 48
rect:190 120 131 117 41
rect:306 96 55 94 40
Chichi1999_10.jpg 0x0
rect:170 20 561 412 10
Chichi1999_11.jpg 0x0
rect:133 194 114 91 65
rect:2 167 193 619 10
Chichi1999_12.jpg 0x0
rect:10 24 293 631 66
Chichi1999_13.jpg 0x0
rect:41 54 747 360 10
Chichi1999_14.jpg 0x0
rect:333 366 40 38 39
rect:157 558 33 32 67
rect:166 187 94 56 67
rect:102 301 34 76 67
rect:95 342 77 44 67
rect:288 460 33 59 67
rect:355 581 55 52 67
rect:135 436 30 45 67
rect:249 444 18 45 39
rect:275 250 14 41 67
rect:124 516 28 44 67
rect:174 351 32 56 67
rect:286 318 24 27 39
rect:89 362 54 83 67
rect:126 447 21 42 67
rect:220 392 29 56 39
rect:53 549 44 59 67
Chichi1999_15.jpg 0x0
rect:293 31 214 388 41
Chichi1999_16.jpg 0x0
rect:134 163 83 116 32
Chichi1999_17.jpg 0x0
rect:106 371 20 34 32
Chichi1999_18.jpg 0x0
rect:225 261 33 125 69
rect:271 227 44 118 70
rect:134 317 46 116 69
rect:187 214 164 452 68
rect:111 181 21 102 69
rect:304 246 31 127 69
Chichi1999_19.jpg 0x0
rect:160 111 133 197 3
rect:204 24 311 373 2
YogyakartaInd2006_03.jpg 0x0
rect:288 310 253 188 71
rect:500 60 107 31 16
rect:167 132 74 40 15
rect:352 94 99 57 15
rect:288 147 29 7 16
rect:194 496 186 26 15
rect:260 24 96 2 15
rect:306 410 68 21 16
Chichi1999_20.jpg 0x0
rect:153 223 103 332 42
rect:206 311 46 157 41
Chichi1999_21.jpg 0x0
rect:492 143 165 101 6
rect:17 4 189 192 30
rect:211 383 228 180 37
rect:136 103 216 308 72
rect:499 7 159 85 57
rect:86 276 143 140 5
rect:416 34 282 224 37
rect:231 306 73 120 6
Chichi1999_22.jpg 0x0
rect:173 161 210 139 10
rect:206 256 16 20 73
rect:424 283 12 16 73
rect:261 194 13 25 73
Chichi1999_23.jpg 0x0
rect:232 338 61 121 73
rect:374 155 41 21 27
rect:199 201 36 44 73
rect:3 69 425 222 74
rect:156 188 22 34 34
rect:135 161 50 38 73
rect:86 443 60 85 73
rect:211 151 34 30 26
rect:286 403 31 79 34
rect:136 366 51 93 34
Chichi1999_24.jpg 0x0
rect:183 151 112 95 75
rect:277 323 1 2 46
rect:297 203 56 66 46
rect:153 223 86 62 34
rect:3 280 290 176 74
Chichi1999_25.jpg 0x0
rect:219 286 127 198 34
rect:170 192 156 396 73
rect:231 256 37 72 26
Chichi1999_26.jpg 0x0
rect:146 398 137 174 73
rect:291 304 98 310 76
rect:174 219 40 127 73
rect:127 746 74 51 26
rect:296 20 35 26 73
rect:162 434 140 88 27
Chichi1999_27.jpg 0x0
rect:228 266 110 291 32
Chichi1999_28.jpg 0x0
rect:182 104 193 261 5
rect:383 143 151 164 75
rect:14 51 272 151 6
rect:301 226 187 107 77
Chichi1999_29.jpg 0x0
rect:238 192 103 173 40
rect:186 335 80 146 52
rect:121 167 174 245 48
Chichi1999_30.jpg 0x0
rect:207 142 168 54 52
rect:24 188 91 156 73
rect:180 168 177 64 78
rect:247 138 237 274 40
Chichi1999_31.jpg 0x0
rect:608 78 51 139 48
rect:132 105 124 329 79
Chichi1999_32.jpg 0x0
rect:239 42 46 161 81
rect:148 6 89 383 80
rect:627 147 44 225 39
rect:208 186 41 154 81
Chichi1999_33.jpg 0x0
rect:360 126 49 115 49
rect:243 96 83 246 56
rect:123 140 62 121 49
rect:170 87 105 273 32
rect:70 46 115 479 33
rect:150 122 63 306 32
Chichi1999_34.jpg 0x0
rect:140 110 501 309 10
Duzce1999_01.jpg 0x0
rect:124 155 81 171 41
rect:169 72 87 240 39
Duzce1999_02.jpg 0x0
rect:96 65 195 422 41
Duzce1999_03.jpg 0x0
rect:118 77 79 178 42
rect:0 221 124 228 31
rect:265 86 68 355 31
Gediz1970_01.jpg 0x0
rect:263 464 101 206 69
rect:140 407 95 198 69
rect:122 139 316 488 68
Guatemala1976_01.jpg 0x0
rect:26 136 694 199 82
rect:38 159 87 154 48
rect:623 192 75 71 41
rect:65 142 56 47 41
rect:68 238 71 54 52
rect:642 179 103 144 48
Guatemala1976_02.jpg 0x0
rect:182 78 123 106 40
rect:183 81 230 184 48
Guatemala1976_03.jpg 0x0
rect:15 87 541 414 75
Guatemala1976_04.jpg 0x0
rect:509 271 97 212 4
rect:766 194 159 355 4
rect:176 22 413 100 30
rect:47 85 342 271 30
Guatemala1976_05.jpg 0x0
rect:196 109 364 126 41
rect:110 87 477 314 48
rect:139 149 272 217 40
Guatemala1976_06.jpg 0x0
rect:93 133 208 376 39
Guatemala1976_07.jpg 0x0
rect:27 243 73 59 6
rect:232 589 92 56 83
rect:21 220 588 340 10
Guatemala1976_08.jpg 0x0
rect:123 31 417 444 48
rect:130 52 264 458 41
rect:258 93 180 282 40
Guatemala1976_09.jpg 0x0
rect:149 299 47 53 85
rect:419 355 40 75 84
rect:706 194 60 44 85
rect:385 275 62 26 85
rect:62 329 37 24 84
rect:106 277 44 23 85
rect:476 227 40 50 84
rect:223 208 45 33 84
Guatemala1976_10.jpg 0x0
rect:322 267 34 103 87
rect:250 111 264 213 87
rect:215 141 179 201 86
Guatemala1976_11.jpg 0x0
rect:181 238 113 254 34
GujaratIndia2001_01.jpg 0x0
rect:339 349 72 65 11
rect:216 487 281 76 2
rect:33 331 206 135 4
rect:99 498 69 24 2
Haiti2010_01.jpg 0x0
rect:329 196 27 110 40
rect:119 49 136 126 7
rect:310 324 247 265 4
rect:369 123 167 344 41
rect:634 311 84 87 4
Haiti2010_02.jpg 0x0
rect:61 111 601 222 88
rect:354 23 134 61 14
Haiti2010_03.jpg 0x0
rect:241 553 82 46 49
rect:279 447 259 211 32
rect:264 1 85 478 32
rect:245 499 265 264 89
Haiti2010_04.jpg 0x0
rect:197 49 294 316 34
rect:180 219 386 391 41
rect:2 178 339 206 6
Haiti2010_05.jpg 0x0
rect:284 217 29 84 40
rect:209 201 147 99 52
rect:363 176 43 106 40
rect:260 199 289 435 90
Haiti2010_06.jpg 0x0
rect:224 201 38 48 34
rect:663 124 67 81 34
rect:597 249 87 214 32
rect:674 195 608 858 91
rect:192 271 358 256 91
rect:515 253 59 40 6
rect:280 222 168 267 33
ImperialValley1979_01.jpg 0x0
rect:460 256 49 26 49
rect:497 267 36 42 32
rect:583 209 33 38 32
rect:12 339 113 130 32
rect:412 387 46 81 50
rect:40 310 93 78 50
rect:354 240 57 61 32
rect:14 413 75 52 49
rect:668 285 17 12 49
rect:429 371 25 42 50
rect:446 349 30 26 49
ImperialValley1979_02.jpg 0x0
rect:220 259 112 46 49
rect:153 210 387 56 92
rect:322 163 72 198 50
rect:220 169 95 147 50
rect:247 91 137 185 32
rect:323 175 45 139 50
ImperialValley1979_03.jpg 0x0
rect:291 241 58 252 50
rect:267 392 108 98 50
rect:125 291 196 28 92
rect:108 197 295 156 32
rect:112 289 76 227 50
rect:80 310 286 45 92
rect:113 261 143 172 32
Izmit1999_01.jpg 0x0
rect:177 171 43 146 27
rect:168 263 49 76 27
rect:388 320 57 46 26
rect:154 86 435 393 34
rect:255 65 74 200 27
Izmit1999_02.jpg 0x0
rect:29 115 532 281 10
Izmit1999_03.jpg 0x0
rect:193 52 273 319 93
rect:250 177 54 179 50
rect:174 46 343 400 32
rect:624 98 69 347 50
rect:192 112 45 213 50
rect:200 220 272 36 92
rect:273 97 43 314 50
rect:559 70 31 209 50
Izmit1999_04.jpg 0x0
rect:54 587 32 65 42
rect:118 188 185 74 88
rect:255 247 60 82 41
rect:373 77 69 85 48
rect:76 454 65 74 41
rect:319 292 17 48 40
rect:40 283 80 41 34
rect:106 452 242 156 88
rect:381 248 23 41 40
rect:357 100 104 64 41
Izmit1999_05.jpg 0x0
rect:116 23 492 358 10
Izmit1999_06.jpg 0x0
rect:133 172 66 302 50
rect:111 323 136 72 49
rect:97 333 81 127 50
rect:136 143 166 533 32
rect:230 312 55 130 50
rect:318 273 37 188 50
Izmit1999_07.jpg 0x0
rect:262 213 45 74 3
rect:204 362 45 134 3
rect:436 384 108 446 4
rect:365 149 98 61 3
rect:299 51 149 44 6
rect:29 98 493 778 2
rect:220 178 49 87 3
Izmit1999_08.jpg 0x0
rect:118 321 89 65 45
rect:522 111 73 22 52
rect:138 21 84 110 34
rect:597 59 76 97 41
rect:496 6 84 64 45
rect:158 136 56 94 41
rect:150 199 260 130 88
Izmit1999_09.jpg 0x0
rect:709 278 60 73 94
rect:412 181 91 86 94
rect:250 349 67 85 41
rect:571 264 60 46 41
rect:48 269 38 54 41
rect:273 220 34 28 41
Izmit1999_10.jpg 0x0
rect:211 212 71 129 40
rect:115 161 111 175 40
rect:64 156 327 377 41
rect:281 103 91 130 40
rect:82 131 100 178 40
rect:344 650 74 103 40
rect:231 433 113 39 78
rect:256 585 63 21 78
rect:97 400 354 64 78
rect:59 211 396 42 78
rect:297 547 64 83 40
Izmit1999_11.jpg 0x0
rect:266 186 87 204 40
rect:194 269 134 131 41
rect:180 338 57 121 40
rect:310 321 87 161 40
rect:143 470 153 121 41
Izmit1999_12.jpg 0x0
rect:68 216 78 55 52
rect:333 175 50 91 42
rect:52 293 53 125 94
rect:144 184 92 49 88
rect:297 142 68 65 45
rect:228 135 49 32 6
rect:523 166 222 201 91
rect:477 204 66 72 7
rect:116 351 28 50 40
rect:268 359 72 112 41
rect:107 102 40 19 6
rect:22 59 58 24 6
rect:214 204 79 130 94
rect:1 173 32 27 41
rect:554 24 112 60 34
rect:443 185 65 71 41
rect:412 307 75 103 52
rect:377 120 40 81 41
Izmit1999_13.jpg 0x0
rect:167 247 118 95 94
rect:120 126 67 38 6
rect:285 82 214 360 48
rect:126 222 40 130 41
rect:190 240 93 55 52
rect:244 125 58 107 41
rect:359 176 84 298 41
rect:4 81 73 167 42
rect:249 229 37 115 41
Izmit1999_14.jpg 0x0
rect:530 8 112 66 35
rect:321 246 91 34 34
rect:522 45 41 44 95
rect:58 126 143 46 34
rect:319 253 55 37 34
rect:520 379 77 44 34
rect:356 381 44 20 34
rect:511 95 83 66 34
rect:279 148 81 73 35
Izmit1999_15.jpg 0x0
rect:132 146 333 390 42
Izmit1999_16.jpg 0x0
rect:169 77 197 157 41
rect:240 139 33 116 40
rect:66 47 285 600 33
rect:120 50 197 265 39
Izmit1999_17.jpg 0x0
rect:125 157 143 332 41
Izmit1999_18.jpg 0x0
rect:151 185 136 239 39
rect:195 168 155 136 41
Izmit1999_19.jpg 0x0
rect:259 73 189 368 96
rect:446 121 19 90 50
rect:479 174 35 93 50
rect:265 111 182 252 32
Kobe1995_01.jpg 0x0
rect:33 186 549 151 63
Kobe1995_02.jpg 0x0
rect:2 52 671 435 68
Kobe1995_03.jpg 0x0
rect:28 70 534 490 10
Kobe1995_04.jpg 0x0
rect:373 215 40 40 41
Kobe1995_05.jpg 0x0
rect:113 515 218 172 78
rect:164 123 243 655 52
rect:4 213 91 510 40
rect:335 115 130 447 40
rect:33 296 479 71 78
Kobe1995_06.jpg 0x0
rect:173 403 332 246 42
rect:53 127 471 425 41
Kobe1995_07.jpg 0x0
rect:123 210 51 43 39
rect:150 189 34 50 39
rect:242 113 25 26 39
rect:370 143 30 52 39
rect:296 264 37 23 39
rect:437 165 49 35 39
rect:41 260 32 53 39
rect:355 407 37 43 39
rect:401 464 36 50 39
rect:33 251 31 24 39
rect:245 473 23 44 39
rect:129 102 30 44 39
rect:194 422 39 35 39
rect:357 188 34 50 39
rect:172 323 22 42 39
rect:276 321 43 33 39
rect:268 266 31 26 39
rect:105 253 48 38 39
rect:188 239 42 45 39
rect:418 240 30 33 39
rect:522 396 32 37 39
rect:316 328 37 42 39
rect:506 143 52 33 39
rect:129 230 40 31 39
rect:258 249 54 59 39
rect:278 301 43 38 39
Kobe1995_08.jpg 0x0
rect:218 59 452 225 97
Kobe1995_09.jpg 0x0
rect:114 601 75 77 88
rect:272 393 245 103 97
rect:93 657 79 54 88
rect:127 676 93 66 88
SanSalvador_1986_01.jpg 0x0
rect:70 3 91 264 68
rect:258 193 88 236 41
SanSalvador_1986_02.jpg 0x0
rect:348 294 22 38 41
rect:173 191 28 31 41
rect:316 102 14 28 41
rect:362 208 35 37 41
rect:219 236 28 34 41
rect:446 132 34 31 41
rect:523 199 37 36 41
rect:200 193 33 25 41
rect:653 140 45 32 42
SikkimIndia2001_01.jpg 0x0
rect:195 164 145 142 34
SikkimIndia2001_02.jpg 0x0
rect:-14 2 463 99 33
rect:270 190 96 53 16
rect:363 93 118 119 33
rect:552 75 123 33 16
rect:125 65 242 272 33
rect:10 5 372 58 16
rect:486 229 117 18 16
rect:9 109 62 46 54
SikkimIndia2001_03.jpg 0x0
rect:274 232 69 127 70
rect:173 92 70 222 69
rect:220 13 143 402 98
SikkimIndia2001_04.jpg 0x0
rect:3 32 200 295 99
rect:286 124 125 165 34
rect:469 187 329 98 99
SumatraInd2009_01.jpg 0x0
rect:204 25 74 401 81
SumatraInd2009_02.jpg 0x0
rect:180 97 221 155 41
WhittierNarrows1987_01.jpg 0x0
rect:17 24 810 266 10
WhittierNarrows1987_02.jpg 0x0
rect:190 306 140 343 41
WhittierNarrows1987_03.jpg 0x0
rect:227 123 160 284 32
WhittierNarrows1987_04.jpg 0x0
rect:245 14 213 119 100
rect:181 7 295 67 6
rect:190 59 101 225 41
YogyakartaInd2006_01.jpg 0x0
rect:203 29 305 239 32
rect:288 100 388 89 49
rect:222 -26 426 431 29
YogyakartaInd2006_02.jpg 0x0
rect:341 101 44 215 69
rect:312 60 117 428 98
rect:447 110 95 210 70
