Anchorage1964_01.jpg 0x0
rect:93 8 165 210 1
rect:88 343 268 251 1
Anchorage1964_02.jpg 0x0
rect:264 258 18 54 3
rect:628 343 16 46 3
rect:224 192 19 78 3
rect:505 335 27 41 3
rect:160 158 46 16 6
rect:97 125 61 64 7
rect:21 259 132 40 5
rect:134 302 422 133 2
rect:162 63 80 61 4
rect:239 37 204 98 4
rect:373 337 32 51 3
rect:55 29 115 18 6
rect:27 31 147 45 5
rect:118 179 21 20 6
rect:431 81 108 89 8
rect:441 208 68 53 4
rect:473 349 11 56 3
rect:257 311 25 49 3
rect:331 271 21 77 3
Anchorage1964_03.jpg 0x0
rect:2 196 293 73 9
rect:222 75 348 144 9
rect:0 345 480 68 10
Anchorage1964_04.jpg 0x0
rect:424 28 32 15 5
rect:245 303 24 23 1
rect:116 303 45 19 5
rect:146 222 27 19 5
rect:283 432 29 26 5
rect:296 247 21 38 1
rect:425 242 21 22 5
rect:360 135 38 14 5
rect:211 286 29 20 5
rect:269 325 17 18 8
rect:252 377 35 19 5
rect:270 206 15 33 1
rect:256 461 65 19 2
rect:212 370 12 17 1
rect:393 253 32 19 5
rect:148 181 25 22 5
rect:319 366 34 16 5
rect:128 304 25 13 5
rect:267 248 27 22 5
rect:137 338 41 20 5
rect:378 136 31 22 5
rect:272 249 16 27 1
rect:216 232 13 22 1
rect:180 378 44 13 5
rect:236 97 35 15 5
rect:121 68 30 14 5
rect:253 143 12 24 1
rect:299 51 47 15 5
rect:335 582 30 17 5
rect:359 103 20 35 1
rect:251 316 26 38 1
rect:177 32 32 18 5
rect:130 95 27 17 5
rect:419 399 19 12 5
rect:232 343 8 1 1
rect:236 339 23 27 1
rect:201 285 24 15 5
rect:213 120 37 23 5
rect:267 298 20 26 1
Anchorage1964_05.jpg 0x0
rect:380 1 29 65 1
rect:550 207 52 67 1
rect:221 40 106 47 6
rect:206 116 97 32 6
rect:80 33 16 36 1
rect:78 58 30 48 1
rect:51 141 13 55 1
rect:45 315 24 45 1
rect:113 91 18 64 1
rect:353 96 48 77 1
rect:775 274 63 31 5
rect:478 218 78 43 5
rect:703 220 44 26 6
rect:173 135 140 23 5
rect:104 171 29 37 1
rect:516 27 33 67 1
rect:452 198 33 68 8
rect:513 109 30 63 1
rect:339 278 53 24 11
rect:239 42 112 32 5
rect:91 363 18 57 1
rect:250 210 93 75 2
rect:36 419 21 53 1
rect:643 152 31 67 1
rect:524 505 44 53 8
rect:60 246 24 46 1
rect:470 360 70 75 1
rect:814 426 53 12 6
rect:214 227 17 15 11
Anchorage1964_06.jpg 0x0
rect:127 191 73 63 11
rect:155 177 69 328 3
rect:130 85 220 457 12
Anchorage1964_07.jpg 0x0
rect:227 2 78 69 2
rect:332 107 61 117 3
rect:325 254 453 210 2
rect:306 135 144 151 11
rect:338 199 58 86 13
rect:9 52 697 434 2
rect:366 185 84 99 11
rect:9 303 422 39 14
rect:14 210 290 36 11
Anchorage1964_08.jpg 0x0
rect:338 315 104 79 1
rect:364 25 80 83 1
rect:407 487 118 86 1
rect:49 497 108 126 1
rect:57 373 83 95 1
rect:61 96 170 83 1
Anchorage1964_09.jpg 0x0
rect:446 247 83 67 8
rect:14 149 17 12 16
rect:14 14 415 13 15
rect:199 100 390 9 15
rect:106 128 93 71 1
rect:13 94 99 17 15
rect:55 116 44 7 16
rect:653 7 113 10 16
rect:787 194 1 1 16
rect:418 109 80 59 1
rect:467 9 239 15 15
rect:77 35 72 60 8
rect:333 131 107 28 15
rect:15 14 45 13 16
rect:134 301 75 48 8
rect:236 196 92 62 1
rect:588 112 115 24 15
rect:398 40 61 64 8
rect:479 151 50 68 1
Anchorage1964_10.jpg 0x0
rect:80 469 260 120 18
rect:88 228 434 356 1
rect:195 218 101 128 17
rect:178 162 196 98 18
Anchorage1964_11.jpg 0x0
rect:390 6 140 44 1
rect:316 194 236 33 11
rect:75 178 511 65 2
rect:398 101 133 114 1
rect:63 362 698 17 14
rect:242 209 422 19 15
rect:123 78 137 80 4
rect:64 359 689 14 14
Anchorage1964_12.jpg 0x0
rect:387 106 69 182 3
rect:11 85 607 363 2
rect:401 103 59 138 3
rect:140 165 29 109 3
rect:482 107 215 210 11
Anchorage1964_13.jpg 0x0
rect:551 366 30 114 20
rect:244 452 183 28 2
rect:405 559 88 14 19
Anchorage1964_14.jpg 0x0
rect:35 769 63 82 22
rect:349 6 78 185 11
rect:243 16 133 482 20
rect:56 221 147 32 15
rect:227 601 211 71 23
rect:24 541 35 55 22
rect:355 15 71 181 11
rect:258 206 133 48 15
rect:126 586 45 77 22
rect:171 291 68 67 21
rect:10 738 195 64 11
rect:125 607 46 57 22
Anchorage1964_15.jpg 0x0
rect:163 232 213 35 15
rect:133 90 57 333 20
rect:332 357 103 45 24
rect:281 302 125 32 11
rect:348 7 104 59 4
rect:213 170 36 74 11
rect:203 519 291 55 2
rect:295 135 51 97 25
rect:180 10 88 70 4
Anchorage1964_16.jpg 0x0
rect:551 195 122 146 2
rect:193 108 198 168 2
rect:77 367 108 113 11
rect:267 265 205 184 11
rect:10 234 86 108 2
rect:14 113 257 186 2
Anchorage1964_17.jpg 0x0
rect:15 88 332 148 9
rect:9 165 529 220 10
rect:315 37 222 236 9
Anchorage1964_18.jpg 0x0
rect:151 203 17 51 11
rect:658 245 83 17 2
rect:709 121 107 68 4
rect:137 280 66 48 11
rect:264 381 382 26 15
rect:199 240 75 90 4
rect:278 221 29 50 11
rect:564 176 130 67 4
rect:331 207 76 22 2
rect:346 240 35 16 2
Anchorage1964_19.jpg 0x0
rect:586 236 8 11 26
rect:332 119 21 68 29
rect:283 304 50 90 26
rect:7 191 96 180 26
rect:269 93 36 40 27
rect:535 288 34 41 28
rect:447 105 44 69 29
rect:37 192 30 70 27
rect:507 168 22 38 26
rect:469 161 9 15 26
rect:333 167 17 23 26
rect:262 75 63 52 26
rect:388 115 38 22 26
rect:441 143 11 25 26
rect:380 76 51 149 29
rect:729 166 7 7 26
rect:414 214 25 42 26
rect:518 103 58 37 28
Anchorage1964_20.jpg 0x0
rect:151 91 105 133 29
rect:214 325 57 124 26
rect:218 123 55 39 27
rect:164 112 116 71 26
rect:557 491 30 69 26
Anchorage1964_21.jpg 0x0
rect:61 229 42 44 26
rect:-6 92 76 139 29
rect:113 235 403 128 30
rect:2 77 45 38 26
Bingol2003_01.jpg 0x0
rect:401 356 178 77 6
rect:227 247 57 60 33
rect:388 259 59 44 34
rect:538 158 92 78 33
rect:467 74 73 50 6
rect:151 274 64 67 33
rect:477 116 209 178 31
rect:282 98 83 19 6
rect:447 375 132 96 6
rect:2 334 927 190 10
rect:799 89 120 62 6
rect:997 403 85 73 33
rect:525 153 68 130 34
rect:31 196 71 53 33
rect:590 351 154 135 31
rect:369 174 35 74 6
rect:611 304 43 186 32
rect:607 257 98 50 6
rect:826 465 73 37 33
Bingol2003_02.jpg 0x0
rect:157 111 576 181 34
rect:540 274 137 82 26
rect:258 180 919 481 31
rect:148 202 78 323 32
rect:575 283 422 88 35
rect:134 596 201 207 32
rect:386 277 114 75 6
rect:906 52 114 69 36
Bingol2003_03.jpg 0x0
rect:935 600 190 510 2
rect:598 236 177 78 11
rect:277 233 475 156 2
rect:97 25 215 36 2
rect:725 289 293 443 4
rect:82 51 122 94 33
rect:746 -8 378 289 4
Bingol2003_04.jpg 0x0
rect:292 254 139 146 4
rect:69 749 95 57 2
rect:62 705 18 89 3
rect:162 495 293 194 2
rect:232 735 85 105 2
rect:250 576 32 111 3
rect:107 526 23 74 3
rect:203 498 39 124 3
CanterburyNZSeries2010_01.jpg 0x0
rect:110 84 145 265 12
CanterburyNZSeries2010_02.jpg 0x0
rect:35 9 246 201 37
rect:69 48 120 250 6
CanterburyNZSeries2010_03.jpg 0x0
rect:38 94 454 149 38
CanterburyNZSeries2010_04.jpg 0x0
rect:271 378 31 63 40
rect:271 417 19 49 40
rect:174 563 68 168 41
rect:318 397 20 131 40
rect:433 526 18 78 40
rect:238 198 194 322 39
rect:420 377 54 124 40
rect:198 9 85 172 42
CanterburyNZSeries2010_05.jpg 0x0
rect:256 276 121 127 15
rect:347 356 218 463 4
CanterburyNZSeries2010_06.jpg 0x0
rect:209 248 215 154 2
rect:88 122 992 641 4
CanterburyNZSeries2010_08.jpg 0x0
rect:569 117 220 278 43
rect:818 365 23 137 32
rect:762 463 98 140 44
rect:627 556 56 163 44
CanterburyNZSeries2010_09.jpg 0x0
rect:361 280 176 379 39
rect:293 122 129 186 45
CanterburyNZSeries2010_10.jpg 0x0
rect:175 473 261 116 6
rect:337 316 153 75 46
rect:408 121 259 126 7
rect:287 168 421 228 6
CanterburyNZSeries2010_11.jpg 0x0
rect:281 226 258 264 5
rect:361 199 409 88 7
CanterburyNZSeries2010_12.jpg 0x0
rect:234 595 120 43 11
rect:379 338 204 52 11
rect:4 188 1211 314 47
rect:55 423 845 400 2
CanterburyNZSeries2010_13.jpg 0x0
rect:455 166 147 519 11
rect:184 14 422 755 12
Caracas1967_01.jpg 0x0
rect:369 149 12 56 48
rect:307 205 47 74 48
rect:522 63 120 216 48
rect:377 201 56 105 48
Caracas1967_02.jpg 0x0
rect:221 242 162 327 51
rect:110 280 31 55 49
rect:299 1 120 170 15
rect:140 284 39 32 50
Caracas1967_03.jpg 0x0
rect:246 56 90 71 14
rect:391 411 25 110 27
rect:192 362 24 53 27
rect:269 249 146 141 34
rect:360 375 72 94 26
rect:19 252 230 93 6
Caracas1967_04.jpg 0x0
rect:167 436 46 139 26
rect:147 380 190 207 34
rect:111 391 14 87 27
Caracas1967_05.jpg 0x0
rect:31 82 450 765 48
rect:71 356 282 196 52
rect:156 274 66 276 40
rect:236 224 45 198 40
rect:287 224 59 261 40
rect:31 143 279 439 41
rect:300 172 125 153 52
rect:461 167 44 336 40
rect:146 422 36 162 40
rect:69 273 88 309 40
Caracas1967_06.jpg 0x0
rect:299 284 89 69 6
rect:373 90 269 315 7
Caracas1967_07.jpg 0x0
rect:126 138 143 245 34
rect:260 127 41 252 27
rect:333 6 119 327 34
rect:447 247 188 350 34
rect:313 277 90 89 53
rect:457 38 30 246 27
rect:492 261 120 132 53
Caracas1967_08.jpg 0x0
rect:272 327 80 87 55
rect:363 208 64 146 54
rect:202 394 75 94 54
Caracas1967_09.jpg 0x0
rect:26 279 44 62 48
rect:122 160 107 60 48
rect:84 262 70 61 48
rect:391 11 276 185 48
Caracas1967_10.jpg 0x0
rect:283 381 74 155 40
rect:213 257 76 211 40
rect:15 176 314 428 48
rect:39 220 290 330 41
Caracas1967_11.jpg 0x0
rect:245 15 221 324 41
rect:53 226 203 354 41
rect:65 12 370 886 48
Caracas1967_12.jpg 0x0
rect:202 227 24 58 56
rect:615 206 32 33 34
rect:489 484 18 55 32
rect:637 204 18 41 32
Caracas1967_13.jpg 0x0
rect:191 357 123 191 55
Caracas1967_14.jpg 0x0
rect:117 125 471 214 57
rect:96 241 310 54 6
Chichi1999_01.jpg 0x0
rect:4 9 856 185 58
rect:402 177 65 240 42
Chichi1999_02.jpg 0x0
rect:6 128 325 132 58
rect:320 113 216 395 59
Chichi1999_03.jpg 0x0
rect:64 218 59 115 60
rect:0 179 748 182 58
Chichi1999_04.jpg 0x0
rect:150 197 87 299 48
rect:276 -19 55 129 48
rect:159 287 30 58 52
Chichi1999_05.jpg 0x0
rect:441 244 27 28 41
rect:310 94 39 49 41
rect:503 145 37 59 52
rect:477 157 116 163 48
Chichi1999_06.jpg 0x0
rect:347 183 17 25 52
rect:607 200 48 40 41
rect:113 20 368 172 10
rect:330 121 42 55 62
rect:705 -13 66 71 61
rect:427 273 33 70 48
Chichi1999_07.jpg 0x0
rect:430 252 17 19 64
rect:113 122 59 133 48
rect:212 183 33 39 64
rect:730 177 44 92 48
rect:445 299 32 35 64
rect:447 153 47 120 48
rect:67 157 429 128 63
Chichi1999_08.jpg 0x0
rect:103 18 460 461 10
Chichi1999_09.jpg 0x0
rect:248 82 152 120 48
rect:193 72 59 105 40
rect:228 78 140 65 41
rect:180 119 50 85 40
Chichi1999_10.jpg 0x0
rect:219 15 470 478 10
Chichi1999_11.jpg 0x0
rect:2 156 215 367 10
rect:188 211 90 131 65
Chichi1999_12.jpg 0x0
rect:11 25 504 672 66
Chichi1999_13.jpg 0x0
rect:39 60 649 324 10
Chichi1999_14.jpg 0x0
rect:138 407 30 46 67
rect:96 510 39 51 67
rect:315 667 24 30 39
rect:200 309 40 43 67
rect:110 181 95 57 67
rect:219 247 18 43 67
rect:310 319 46 35 39
rect:427 445 38 53 67
rect:105 602 25 36 67
rect:301 479 26 25 39
rect:178 268 29 44 67
rect:102 443 35 47 67
rect:160 194 25 61 67
rect:93 256 80 51 67
rect:206 517 25 39 39
rect:124 268 62 57 67
rect:259 432 70 89 67
Chichi1999_15.jpg 0x0
rect:314 22 274 407 41
Chichi1999_16.jpg 0x0
rect:153 118 64 109 32
Chichi1999_17.jpg 0x0
rect:167 318 21 57 32
Chichi1999_18.jpg 0x0
rect:213 239 26 115 69
rect:182 175 35 99 69
rect:287 311 40 122 69
rect:190 160 129 496 68
rect:297 318 38 124 69
rect:257 334 39 135 70
Chichi1999_19.jpg 0x0
rect:161 27 230 511 2
rect:252 147 190 264 3
YogyakartaInd2006_03.jpg 0x0
rect:278 73 111 79 15
rect:488 89 67 50 16
rect:182 109 19 7 16
rect:181 29 80 2 15
rect:312 316 72 25 16
rect:177 376 277 132 71
rect:176 288 285 23 15
rect:284 136 77 41 15
Chichi1999_20.jpg 0x0
rect:333 482 41 200 41
rect:206 167 135 422 42
Chichi1999_21.jpg 0x0
rect:88 416 183 118 5
rect:17 5 276 198 30
rect:526 116 194 123 6
rect:299 7 94 79 57
rect:442 34 215 249 37
rect:188 237 108 139 6
rect:140 114 218 335 72
rect:227 255 131 120 37
Chichi1999_22.jpg 0x0
rect:198 256 16 26 73
rect:266 321 20 22 73
rect:303 188 389 152 10
rect:537 223 19 25 73
Chichi1999_23.jpg 0x0
rect:291 301 98 99 73
rect:319 213 27 34 26
rect:361 200 41 75 73
rect:321 250 27 67 34
rect:198 210 36 22 27
rect:100 179 29 26 34
rect:4 73 353 210 74
rect:147 358 52 74 34
rect:101 419 50 103 73
rect:131 193 62 64 73
Chichi1999_24.jpg 0x0
rect:254 277 64 61 34
rect:247 349 1 2 46
rect:128 184 106 93 75
rect:3 404 355 266 74
rect:260 130 56 61 46
Chichi1999_25.jpg 0x0
rect:197 226 148 273 73
rect:125 224 95 247 34
rect:212 382 57 55 26
Chichi1999_26.jpg 0x0
rect:180 487 99 94 26
rect:103 379 140 169 73
rect:172 214 40 93 73
rect:274 21 38 35 73
rect:224 215 141 515 76
rect:141 435 144 89 27
Chichi1999_27.jpg 0x0
rect:152 192 83 262 32
Chichi1999_28.jpg 0x0
rect:189 132 111 260 5
rect:317 262 263 118 77
rect:295 118 130 189 75
rect:25 79 196 149 6
Chichi1999_29.jpg 0x0
rect:156 215 149 295 48
rect:176 192 70 175 52
rect:265 183 146 131 40
Chichi1999_30.jpg 0x0
rect:36 245 87 138 73
rect:194 263 168 66 78
rect:219 117 376 265 40
rect:283 184 250 74 52
Chichi1999_31.jpg 0x0
rect:196 116 88 317 79
rect:521 76 62 147 48
Chichi1999_32.jpg 0x0
rect:180 166 26 99 81
rect:186 81 45 152 81
rect:118 8 85 309 80
rect:618 185 40 146 39
Chichi1999_33.jpg 0x0
rect:176 68 123 327 32
rect:138 130 80 193 32
rect:73 73 112 525 33
rect:274 165 35 127 49
rect:352 70 88 176 56
rect:174 153 48 81 49
Chichi1999_34.jpg 0x0
rect:95 73 368 438 10
Duzce1999_01.jpg 0x0
rect:96 103 98 107 41
rect:97 71 131 355 39
Duzce1999_02.jpg 0x0
rect:64 45 185 332 41
Duzce1999_03.jpg 0x0
rect:0 122 111 247 31
rect:274 118 96 295 31
rect:77 94 150 287 42
Gediz1970_01.jpg 0x0
rect:96 79 284 636 68
rect:182 367 105 227 69
rect:142 342 76 239 69
Guatemala1976_01.jpg 0x0
rect:56 193 52 53 41
rect:402 123 79 83 41
rect:51 220 82 38 52
rect:38 111 102 84 48
rect:345 134 194 115 48
rect:27 140 455 159 82
Guatemala1976_02.jpg 0x0
rect:233 71 83 113 40
rect:218 78 375 341 48
Guatemala1976_03.jpg 0x0
rect:19 80 947 365 75
Guatemala1976_04.jpg 0x0
rect:770 251 92 315 4
rect:473 318 104 213 4
rect:39 96 346 210 30
rect:175 32 368 78 30
Guatemala1976_05.jpg 0x0
rect:168 101 384 137 40
rect:116 66 512 288 48
rect:212 147 317 157 41
Guatemala1976_06.jpg 0x0
rect:145 85 161 395 39
Guatemala1976_07.jpg 0x0
rect:24 253 595 415 10
rect:17 294 56 59 6
rect:266 664 132 94 83
Guatemala1976_08.jpg 0x0
rect:222 44 335 494 41
rect:116 33 505 411 48
rect:427 67 171 307 40
Guatemala1976_09.jpg 0x0
rect:583 310 77 50 85
rect:79 261 30 25 85
rect:522 363 64 52 84
rect:183 301 35 21 84
rect:125 277 52 48 85
rect:456 220 41 59 84
rect:247 329 55 32 85
rect:95 342 38 33 84
Guatemala1976_10.jpg 0x0
rect:166 216 282 203 86
rect:244 112 228 154 87
rect:414 429 48 135 87
Guatemala1976_11.jpg 0x0
rect:237 231 160 181 34
GujaratIndia2001_01.jpg 0x0
rect:81 466 78 26 2
rect:152 294 171 104 2
rect:27 470 184 177 4
rect:368 305 40 54 11
Haiti2010_01.jpg 0x0
rect:581 246 82 99 4
rect:295 131 156 460 41
rect:237 367 29 106 40
rect:392 538 234 156 4
rect:183 53 110 139 7
Haiti2010_02.jpg 0x0
rect:318 35 146 39 14
rect:45 112 385 204 88
Haiti2010_03.jpg 0x0
rect:264 293 226 240 32
rect:194 563 62 66 49
rect:195 659 262 160 89
rect:426 1 58 739 32
Haiti2010_04.jpg 0x0
rect:166 63 246 289 34
rect:2 188 290 175 6
rect:166 312 224 537 41
Haiti2010_05.jpg 0x0
rect:315 211 46 68 40
rect:263 233 180 128 52
rect:258 168 250 392 90
rect:184 200 21 120 40
Haiti2010_06.jpg 0x0
rect:276 126 197 402 33
rect:525 206 103 43 6
rect:513 245 67 255 32
rect:215 192 317 493 91
rect:382 176 422 865 91
rect:240 293 32 48 34
rect:418 153 79 112 34
ImperialValley1979_01.jpg 0x0
rect:345 225 35 30 50
rect:581 213 38 35 32
rect:52 235 100 126 50
rect:240 452 43 33 49
rect:280 291 56 58 50
rect:394 241 19 17 49
rect:12 376 52 54 49
rect:586 414 48 27 32
rect:15 340 140 108 32
rect:404 274 70 58 32
rect:649 337 22 20 49
ImperialValley1979_02.jpg 0x0
rect:178 131 346 61 92
rect:154 110 238 238 32
rect:324 178 39 165 50
rect:380 92 100 241 50
rect:121 89 54 230 50
rect:206 257 84 36 49
ImperialValley1979_03.jpg 0x0
rect:97 295 274 43 92
rect:157 221 209 168 32
rect:122 346 232 245 32
rect:237 250 112 153 50
rect:366 375 52 181 50
rect:113 270 74 154 50
rect:123 368 272 30 92
Izmit1999_01.jpg 0x0
rect:248 76 55 139 27
rect:170 170 34 99 27
rect:573 320 42 49 26
rect:215 53 286 418 34
rect:265 167 42 189 27
Izmit1999_02.jpg 0x0
rect:20 100 763 261 10
Izmit1999_03.jpg 0x0
rect:166 251 396 43 92
rect:559 72 38 274 50
rect:180 62 340 279 32
rect:188 31 421 491 93
rect:463 94 36 262 50
rect:261 139 47 149 50
rect:195 116 85 328 50
rect:531 121 52 299 50
Izmit1999_04.jpg 0x0
rect:64 583 69 135 41
rect:301 82 62 80 48
rect:311 380 25 58 40
rect:339 66 83 68 41
rect:418 338 68 98 41
rect:103 710 157 97 88
rect:154 318 118 70 88
rect:47 506 40 75 42
rect:425 329 26 59 40
rect:43 321 55 49 34
Izmit1999_05.jpg 0x0
rect:112 34 610 347 10
Izmit1999_06.jpg 0x0
rect:109 332 176 104 49
rect:173 147 68 210 50
rect:259 350 35 134 50
rect:93 191 57 165 50
rect:124 216 280 576 32
rect:208 186 41 110 50
Izmit1999_07.jpg 0x0
rect:131 400 43 150 3
rect:363 342 77 429 4
rect:294 75 115 39 6
rect:30 107 489 505 2
rect:286 125 54 57 3
rect:277 226 28 145 3
rect:157 260 46 68 3
Izmit1999_08.jpg 0x0
rect:530 96 56 52 41
rect:132 144 69 66 41
rect:225 276 254 108 88
rect:120 430 64 97 45
rect:148 26 114 77 34
rect:561 6 132 89 45
rect:440 79 65 38 52
Izmit1999_09.jpg 0x0
rect:378 264 116 60 41
rect:336 240 34 24 41
rect:44 276 49 42 41
rect:694 232 73 96 94
rect:638 236 66 64 41
rect:389 230 130 96 94
Izmit1999_10.jpg 0x0
rect:83 113 277 652 41
rect:245 652 129 111 40
rect:84 134 83 183 40
rect:212 488 103 41 78
rect:45 160 372 52 78
rect:209 373 53 95 40
rect:228 162 99 144 40
rect:213 561 95 29 78
rect:193 152 68 164 40
rect:193 220 88 195 40
rect:141 238 224 75 78
Izmit1999_11.jpg 0x0
rect:276 233 56 151 40
rect:361 187 98 181 40
rect:210 302 75 183 40
rect:149 179 122 164 41
rect:268 402 124 141 41
Izmit1999_12.jpg 0x0
rect:143 190 63 44 88
rect:392 119 36 23 6
rect:70 88 27 28 6
rect:618 155 57 83 41
rect:59 263 55 79 94
rect:16 66 40 29 6
rect:482 29 105 64 34
rect:327 210 58 75 52
rect:402 218 57 101 42
rect:429 73 47 108 41
rect:331 207 114 139 94
rect:244 120 44 102 45
rect:510 153 139 204 91
rect:43 306 47 50 52
rect:1 200 41 28 41
rect:296 145 87 64 7
rect:99 241 30 46 40
rect:261 244 96 139 41
Izmit1999_13.jpg 0x0
rect:118 312 82 74 52
rect:331 91 183 400 48
rect:177 268 44 93 41
rect:116 260 112 164 94
rect:124 170 40 125 41
rect:125 100 73 52 6
rect:4 89 69 221 42
rect:376 123 73 76 41
rect:312 122 74 276 41
Izmit1999_14.jpg 0x0
rect:313 71 99 92 34
rect:410 6 142 55 35
rect:38 159 133 52 34
rect:448 41 73 69 95
rect:226 488 32 18 34
rect:351 308 80 47 34
rect:289 285 47 43 34
rect:324 173 71 60 35
rect:601 184 93 38 34
Izmit1999_15.jpg 0x0
rect:131 206 177 357 42
Izmit1999_16.jpg 0x0
rect:204 75 234 148 41
rect:231 109 33 80 40
rect:70 79 515 614 33
rect:96 51 340 386 39
Izmit1999_17.jpg 0x0
rect:126 145 199 181 41
Izmit1999_18.jpg 0x0
rect:217 157 100 171 41
rect:237 122 156 275 39
Izmit1999_19.jpg 0x0
rect:503 171 30 53 50
rect:306 139 226 213 32
rect:235 74 214 276 96
rect:319 190 28 122 50
Kobe1995_01.jpg 0x0
rect:32 178 935 115 63
Kobe1995_02.jpg 0x0
rect:2 58 556 639 68
Kobe1995_03.jpg 0x0
rect:28 75 516 699 10
Kobe1995_04.jpg 0x0
rect:416 374 57 49 41
Kobe1995_05.jpg 0x0
rect:42 292 558 87 78
rect:73 432 391 91 78
rect:4 119 115 380 40
rect:161 138 267 581 52
rect:322 141 146 406 40
Kobe1995_06.jpg 0x0
rect:171 410 360 256 42
rect:51 147 441 468 41
Kobe1995_07.jpg 0x0
rect:175 326 41 31 39
rect:54 366 48 31 39
rect:453 354 26 29 39
rect:278 502 35 46 39
rect:89 306 36 31 39
rect:336 196 54 53 39
rect:215 167 35 47 39
rect:430 219 32 37 39
rect:451 244 33 59 39
rect:104 186 34 34 39
rect:508 366 42 41 39
rect:190 257 47 44 39
rect:316 121 38 29 39
rect:279 123 51 36 39
rect:126 395 24 29 39
rect:215 137 26 50 39
rect:213 110 32 36 39
rect:530 205 31 59 39
rect:241 453 28 27 39
rect:275 255 27 24 39
rect:50 240 42 48 39
rect:463 339 28 32 39
rect:176 168 45 44 39
rect:219 364 41 30 39
rect:236 401 43 51 39
rect:209 285 24 51 39
Kobe1995_08.jpg 0x0
rect:346 62 464 218 97
Kobe1995_09.jpg 0x0
rect:121 742 53 53 88
rect:132 449 97 70 88
rect:231 473 135 79 97
rect:93 578 101 75 88
SanSalvador_1986_01.jpg 0x0
rect:215 209 100 241 41
rect:58 3 134 286 68
SanSalvador_1986_02.jpg 0x0
rect:170 192 24 25 41
rect:175 172 31 35 41
rect:315 181 42 54 41
rect:504 127 42 42 41
rect:494 128 54 33 42
rect:148 248 37 33 41
rect:307 202 31 38 41
rect:266 139 14 27 41
rect:427 306 52 49 41
SikkimIndia2001_01.jpg 0x0
rect:241 201 96 121 34
SikkimIndia2001_02.jpg 0x0
rect:8 128 63 42 54
rect:249 207 91 42 16
rect:423 78 93 26 16
rect:-19 2 502 80 33
rect:205 95 135 458 33
rect:10 6 434 74 16
rect:337 295 110 15 16
rect:369 123 104 139 33
SikkimIndia2001_03.jpg 0x0
rect:219 11 189 551 98
rect:312 233 109 229 70
rect:217 81 64 250 69
SikkimIndia2001_04.jpg 0x0
rect:3 31 234 263 99
rect:338 165 195 99 99
rect:263 156 129 170 34
SumatraInd2009_01.jpg 0x0
rect:221 21 47 391 81
SumatraInd2009_02.jpg 0x0
rect:171 69 213 212 41
WhittierNarrows1987_01.jpg 0x0
rect:14 31 933 354 10
WhittierNarrows1987_02.jpg 0x0
rect:120 244 91 367 41
WhittierNarrows1987_03.jpg 0x0
rect:257 100 170 266 32
WhittierNarrows1987_04.jpg 0x0
rect:163 7 225 81 6
rect:164 60 109 171 41
rect:249 16 300 134 100
YogyakartaInd2006_01.jpg 0x0
rect:337 95 306 62 49
rect:245 27 399 200 32
rect:190 -25 532 627 29
YogyakartaInd2006_02.jpg 0x0
rect:343 82 53 217 69
rect:401 131 85 185 70
rect:330 72 185 397 98
