Anchorage1964_01.jpg 0x0
rect:71 503 257 175 1
rect:67 7 221 126 1
Anchorage1964_02.jpg 0x0
rect:62 44 87 18 6
rect:33 221 192 57 5
rect:230 279 24 79 3
rect:190 313 305 91 2
rect:442 331 25 40 3
rect:276 96 114 91 4
rect:243 269 31 88 3
rect:40 17 149 44 5
rect:171 35 197 84 4
rect:412 339 26 55 3
rect:591 254 15 49 3
rect:251 257 22 40 3
rect:262 261 20 64 3
rect:106 283 24 21 6
rect:128 174 79 42 7
rect:91 209 42 19 6
rect:542 209 18 69 3
rect:592 69 113 98 8
rect:298 170 116 45 4
Anchorage1964_03.jpg 0x0
rect:0 279 843 70 10
rect:184 86 470 194 9
rect:2 218 194 74 9
Anchorage1964_04.jpg 0x0
rect:341 165 20 19 5
rect:230 183 19 27 8
rect:355 373 21 23 1
rect:190 179 13 26 1
rect:341 511 32 12 5
rect:379 467 36 17 5
rect:441 441 27 24 5
rect:225 201 14 21 1
rect:160 412 56 21 2
rect:148 154 29 20 5
rect:287 330 11 26 1
rect:335 133 24 37 1
rect:378 291 23 25 5
rect:401 384 38 22 5
rect:344 203 32 16 5
rect:340 297 19 21 5
rect:136 53 43 11 5
rect:366 491 28 28 1
rect:120 227 32 15 5
rect:205 85 34 23 5
rect:259 366 18 24 1
rect:332 166 24 29 1
rect:181 132 21 12 5
rect:212 161 29 24 5
rect:254 132 42 20 5
rect:381 34 42 21 5
rect:115 260 23 13 5
rect:212 342 24 25 1
rect:158 18 32 18 5
rect:328 210 37 18 5
rect:183 393 28 16 5
rect:443 71 39 18 5
rect:135 453 26 21 5
rect:323 396 27 30 1
rect:169 562 24 19 5
rect:314 414 8 1 1
rect:313 269 16 34 1
rect:285 115 40 17 5
rect:138 308 40 14 5
Anchorage1964_05.jpg 0x0
rect:540 330 40 57 8
rect:612 307 58 17 6
rect:441 1 34 56 1
rect:54 103 12 33 1
rect:101 20 29 36 1
rect:406 21 43 55 1
rect:181 186 117 35 6
rect:356 139 42 41 1
rect:250 200 177 88 2
rect:845 335 55 35 5
rect:75 238 15 27 1
rect:531 330 54 47 1
rect:62 236 17 34 1
rect:725 247 53 15 6
rect:127 188 151 17 5
rect:305 261 34 21 11
rect:410 254 39 75 1
rect:234 46 79 32 5
rect:517 112 51 58 1
rect:32 535 22 53 1
rect:60 89 22 38 1
rect:201 53 73 53 6
rect:349 83 36 75 1
rect:444 523 40 59 8
rect:41 282 23 45 1
rect:274 265 25 19 11
rect:71 302 22 65 1
rect:96 125 14 48 1
rect:482 325 60 26 5
Anchorage1964_06.jpg 0x0
rect:209 144 107 268 3
rect:104 59 221 413 12
rect:121 169 92 83 11
Anchorage1964_07.jpg 0x0
rect:289 210 87 102 11
rect:457 250 427 249 2
rect:16 224 296 34 11
rect:285 114 57 87 3
rect:316 196 48 100 13
rect:6 305 406 23 14
rect:9 85 894 444 2
rect:266 2 112 55 2
rect:229 122 115 176 11
Anchorage1964_08.jpg 0x0
rect:52 533 89 130 1
rect:346 217 87 150 1
rect:47 70 106 149 1
rect:357 34 78 118 1
rect:57 378 92 106 1
rect:415 337 151 145 1
Anchorage1964_09.jpg 0x0
rect:354 168 74 79 1
rect:652 32 70 89 8
rect:13 17 539 15 15
rect:677 11 109 8 16
rect:104 269 80 84 8
rect:192 152 333 12 15
rect:80 29 64 75 8
rect:12 17 64 14 16
rect:660 243 1 1 16
rect:47 107 69 12 16
rect:538 185 55 69 1
rect:485 136 66 79 1
rect:685 87 144 19 15
rect:586 8 230 13 15
rect:352 102 103 25 15
rect:12 144 77 15 15
rect:385 214 76 54 8
rect:13 143 25 12 16
rect:89 226 75 54 1
Anchorage1964_10.jpg 0x0
rect:57 148 239 402 1
rect:163 223 248 87 18
rect:241 296 86 115 17
rect:98 310 239 150 18
Anchorage1964_11.jpg 0x0
rect:473 117 146 91 1
rect:186 118 358 24 15
rect:107 399 699 19 14
rect:298 186 327 33 11
rect:507 6 130 47 1
rect:142 74 129 94 4
rect:82 374 479 11 14
rect:118 210 549 55 2
Anchorage1964_12.jpg 0x0
rect:335 92 162 184 11
rect:13 84 458 341 2
rect:390 84 63 232 3
rect:202 202 24 117 3
rect:261 94 53 260 3
Anchorage1964_13.jpg 0x0
rect:568 485 28 113 20
rect:406 667 198 32 2
rect:376 454 80 17 19
Anchorage1964_14.jpg 0x0
rect:64 224 148 25 15
rect:271 9 75 238 11
rect:171 662 38 41 22
rect:17 475 25 56 22
rect:512 6 103 174 11
rect:256 16 74 822 20
rect:438 771 222 59 23
rect:32 572 46 69 22
rect:12 491 158 93 11
rect:143 498 37 75 22
rect:189 213 94 65 21
rect:416 303 152 67 15
Anchorage1964_15.jpg 0x0
rect:243 127 40 73 25
rect:156 120 31 70 11
rect:226 9 64 80 4
rect:274 350 104 37 24
rect:215 418 178 71 2
rect:388 236 118 52 11
rect:286 11 67 54 4
rect:236 95 56 616 20
rect:194 218 192 55 15
Anchorage1964_16.jpg 0x0
rect:149 238 271 194 11
rect:499 256 100 238 2
rect:231 69 333 100 2
rect:11 425 53 65 2
rect:92 400 74 131 11
rect:16 154 248 193 2
Anchorage1964_17.jpg 0x0
rect:9 117 216 156 9
rect:339 57 268 222 9
rect:7 218 613 206 10
Anchorage1964_18.jpg 0x0
rect:653 183 91 94 4
rect:159 301 93 33 11
rect:376 259 105 19 2
rect:153 183 19 63 11
rect:425 344 298 30 15
rect:699 250 69 20 2
rect:147 212 87 91 4
rect:243 263 40 71 11
rect:346 358 37 23 2
rect:343 188 115 91 4
Anchorage1964_19.jpg 0x0
rect:263 388 62 82 26
rect:482 132 12 28 26
rect:335 150 27 34 26
rect:35 353 24 111 27
rect:272 121 70 58 26
rect:301 97 36 98 29
rect:251 88 49 135 29
rect:6 261 71 157 26
rect:526 281 29 43 28
rect:372 124 28 37 27
rect:406 167 19 39 26
rect:514 91 22 40 29
rect:911 198 9 7 26
rect:646 219 10 14 26
rect:445 177 8 13 26
rect:572 274 8 23 26
rect:396 194 46 43 28
rect:316 182 20 32 26
Anchorage1964_20.jpg 0x0
rect:273 325 89 119 26
rect:241 115 98 58 26
rect:562 617 37 80 26
rect:157 93 161 174 29
rect:175 112 57 58 27
Anchorage1964_21.jpg 0x0
rect:200 131 769 164 30
rect:-5 61 93 157 29
rect:2 100 44 30 26
rect:39 285 39 39 26
Bingol2003_01.jpg 0x0
rect:504 335 195 61 6
rect:984 251 109 91 33
rect:2 305 724 258 10
rect:369 263 211 199 31
rect:191 72 83 35 6
rect:24 217 83 55 33
rect:693 220 56 77 6
rect:612 404 47 45 34
rect:508 91 86 91 6
rect:555 83 92 79 6
rect:351 247 50 131 34
rect:671 354 81 46 33
rect:186 246 60 63 33
rect:1013 316 102 73 33
rect:427 387 64 142 32
rect:394 475 73 115 6
rect:520 301 47 56 6
rect:330 187 97 60 33
rect:423 112 212 229 31
Bingol2003_02.jpg 0x0
rect:325 393 94 68 6
rect:310 235 953 577 31
rect:1100 52 173 103 36
rect:575 324 128 114 26
rect:162 183 88 456 32
rect:107 129 498 120 34
rect:150 644 128 232 32
rect:457 309 473 165 35
Bingol2003_03.jpg 0x0
rect:75 28 215 31 2
rect:487 201 269 68 11
rect:1030 568 241 512 2
rect:110 56 109 150 33
rect:493 202 339 786 4
rect:747 -9 195 215 4
rect:375 193 297 231 2
Bingol2003_04.jpg 0x0
rect:209 228 130 159 4
rect:433 597 101 77 2
rect:104 463 22 71 3
rect:56 684 121 63 2
rect:115 467 27 83 3
rect:171 574 22 65 3
rect:301 561 42 147 3
rect:173 344 213 124 2
CanterburyNZSeries2010_01.jpg 0x0
rect:65 84 99 229 12
CanterburyNZSeries2010_02.jpg 0x0
rect:73 50 148 183 6
rect:31 11 149 301 37
CanterburyNZSeries2010_03.jpg 0x0
rect:46 84 402 169 38
CanterburyNZSeries2010_04.jpg 0x0
rect:375 430 17 65 40
rect:393 275 59 104 40
rect:299 522 24 95 40
rect:167 250 29 206 40
rect:228 11 82 227 42
rect:359 331 24 60 40
rect:188 224 227 287 39
rect:211 582 88 306 41
CanterburyNZSeries2010_05.jpg 0x0
rect:334 283 268 486 4
rect:386 223 108 84 15
CanterburyNZSeries2010_06.jpg 0x0
rect:277 266 195 96 2
rect:61 119 522 461 4
CanterburyNZSeries2010_08.jpg 0x0
rect:535 119 195 228 43
rect:571 449 25 123 32
rect:1006 698 81 141 44
rect:523 355 128 105 44
CanterburyNZSeries2010_09.jpg 0x0
rect:238 403 164 365 39
rect:273 98 198 239 45
CanterburyNZSeries2010_10.jpg 0x0
rect:280 549 313 100 6
rect:330 220 239 148 7
rect:233 254 416 290 6
rect:245 327 172 66 46
CanterburyNZSeries2010_11.jpg 0x0
rect:245 261 345 127 7
rect:393 373 288 223 5
CanterburyNZSeries2010_12.jpg 0x0
rect:549 432 136 61 11
rect:5 226 975 418 47
rect:63 379 630 215 2
rect:125 422 197 37 11
CanterburyNZSeries2010_13.jpg 0x0
rect:506 175 99 609 11
rect:122 16 570 719 12
Caracas1967_01.jpg 0x0
rect:464 90 168 260 48
rect:268 203 11 70 48
rect:444 166 57 90 48
rect:290 160 45 67 48
Caracas1967_02.jpg 0x0
rect:123 395 53 48 50
rect:241 1 101 154 15
rect:189 257 223 374 51
rect:90 309 39 48 49
Caracas1967_03.jpg 0x0
rect:19 337 302 81 6
rect:306 300 39 135 27
rect:334 410 110 137 34
rect:301 407 33 83 27
rect:335 291 75 74 26
rect:309 73 84 104 14
Caracas1967_04.jpg 0x0
rect:148 361 20 71 27
rect:117 390 57 125 26
rect:149 410 200 112 34
Caracas1967_05.jpg 0x0
rect:298 203 74 203 40
rect:192 350 46 157 40
rect:316 285 163 137 52
rect:46 333 84 259 40
rect:29 106 457 749 48
rect:84 418 185 234 52
rect:209 220 46 121 40
rect:309 277 45 322 40
rect:178 306 39 164 40
rect:57 149 279 424 41
Caracas1967_06.jpg 0x0
rect:312 114 368 213 7
rect:364 267 56 37 6
Caracas1967_07.jpg 0x0
rect:318 247 126 107 53
rect:171 130 220 189 34
rect:420 6 83 259 34
rect:398 54 35 227 27
rect:561 350 112 67 53
rect:412 290 144 244 34
rect:280 180 36 149 27
Caracas1967_08.jpg 0x0
rect:496 163 55 93 54
rect:187 389 80 89 54
rect:272 213 50 113 55
Caracas1967_09.jpg 0x0
rect:534 9 274 116 48
rect:182 112 69 109 48
rect:71 154 61 55 48
rect:19 227 45 65 48
Caracas1967_10.jpg 0x0
rect:309 313 78 132 40
rect:35 192 292 237 41
rect:14 190 360 523 48
rect:303 200 92 202 40
Caracas1967_11.jpg 0x0
rect:65 10 389 592 48
rect:63 273 233 386 41
rect:245 13 136 323 41
Caracas1967_12.jpg 0x0
rect:484 312 41 43 34
rect:692 212 27 53 32
rect:252 323 34 53 56
rect:677 263 22 56 32
Caracas1967_13.jpg 0x0
rect:175 345 110 224 55
Caracas1967_14.jpg 0x0
rect:92 161 690 219 57
rect:115 342 316 35 6
Chichi1999_01.jpg 0x0
rect:389 149 38 160 42
rect:4 8 869 145 58
Chichi1999_02.jpg 0x0
rect:374 111 180 417 59
rect:5 98 468 194 58
Chichi1999_03.jpg 0x0
rect:84 176 56 125 60
rect:0 130 929 192 58
Chichi1999_04.jpg 0x0
rect:238 155 54 432 48
rect:219 -18 62 163 48
rect:231 286 23 46 52
Chichi1999_05.jpg 0x0
rect:422 139 36 102 52
rect:384 171 67 61 41
rect:276 105 85 167 48
rect:481 224 21 34 41
Chichi1999_06.jpg 0x0
rect:254 191 24 22 52
rect:854 204 42 43 41
rect:310 91 48 77 62
rect:747 -13 83 68 61
rect:251 183 47 98 48
rect:189 20 459 230 10
Chichi1999_07.jpg 0x0
rect:482 277 22 28 64
rect:664 178 13 28 64
rect:521 204 44 152 48
rect:103 127 56 134 48
rect:120 174 18 40 64
rect:51 281 488 153 63
rect:683 249 38 125 48
Chichi1999_08.jpg 0x0
rect:128 11 511 319 10
Chichi1999_09.jpg 0x0
rect:301 124 43 56 40
rect:228 89 142 106 41
rect:289 81 30 104 40
rect:222 51 218 234 48
Chichi1999_10.jpg 0x0
rect:168 23 478 500 10
Chichi1999_11.jpg 0x0
rect:2 117 175 616 10
rect:168 187 103 103 65
Chichi1999_12.jpg 0x0
rect:10 20 405 580 66
Chichi1999_13.jpg 0x0
rect:37 53 657 390 10
Chichi1999_14.jpg 0x0
rect:64 600 46 41 67
rect:110 292 51 80 67
rect:125 199 95 35 67
rect:351 467 53 70 67
rect:181 383 37 65 67
rect:103 298 56 43 67
rect:275 501 18 41 39
rect:198 324 18 20 39
rect:359 535 26 45 39
rect:68 544 52 40 67
rect:162 379 36 50 67
rect:390 226 32 52 39
rect:124 292 37 44 67
rect:226 304 23 43 67
rect:484 543 45 68 67
rect:178 497 34 46 67
rect:240 372 38 64 67
Chichi1999_15.jpg 0x0
rect:275 25 309 509 41
Chichi1999_16.jpg 0x0
rect:185 147 64 128 32
Chichi1999_17.jpg 0x0
rect:112 254 25 58 32
Chichi1999_18.jpg 0x0
rect:264 288 29 141 69
rect:161 290 35 73 69
rect:213 420 27 101 69
rect:226 149 146 531 68
rect:230 417 44 162 70
rect:158 328 18 125 69
Chichi1999_19.jpg 0x0
rect:167 26 288 314 2
rect:263 132 220 297 3
YogyakartaInd2006_03.jpg 0x0
rect:184 436 215 21 15
rect:316 141 80 43 15
rect:284 139 23 6 16
rect:420 88 107 49 15
rect:177 233 278 176 71
rect:282 423 43 24 16
rect:306 29 73 2 15
rect:356 79 104 35 16
Chichi1999_20.jpg 0x0
rect:190 214 83 362 42
rect:316 467 71 222 41
Chichi1999_21.jpg 0x0
rect:14 4 170 168 30
rect:258 231 83 104 6
rect:51 332 153 94 5
rect:446 8 137 90 57
rect:137 75 271 343 72
rect:190 288 198 147 37
rect:504 132 110 148 6
rect:345 32 313 174 37
Chichi1999_22.jpg 0x0
rect:183 259 15 17 73
rect:200 116 214 138 10
rect:317 209 14 20 73
rect:496 264 19 25 73
Chichi1999_23.jpg 0x0
rect:4 69 547 238 74
rect:130 224 31 34 34
rect:79 226 50 83 73
rect:85 347 47 77 34
rect:344 274 59 119 73
rect:304 263 34 55 34
rect:159 115 67 66 73
rect:320 237 31 50 73
rect:328 214 23 23 26
rect:378 128 33 28 27
Chichi1999_24.jpg 0x0
rect:209 174 106 95 75
rect:303 152 31 47 46
rect:3 296 341 200 74
rect:317 349 1 2 46
rect:192 292 84 45 34
Chichi1999_25.jpg 0x0
rect:158 258 156 262 34
rect:156 320 52 86 26
rect:114 237 122 230 73
Chichi1999_26.jpg 0x0
rect:107 609 77 93 26
rect:185 271 89 319 76
rect:194 13 50 35 73
rect:284 158 61 100 73
rect:93 446 119 174 73
rect:127 716 150 143 27
Chichi1999_27.jpg 0x0
rect:129 292 110 382 32
Chichi1999_28.jpg 0x0
rect:227 293 294 117 77
rect:24 84 225 165 6
rect:217 116 169 282 75
rect:188 121 138 209 5
Chichi1999_29.jpg 0x0
rect:116 222 210 344 48
rect:207 239 132 169 40
rect:177 307 66 123 52
Chichi1999_30.jpg 0x0
rect:30 261 120 152 73
rect:258 133 299 213 40
rect:252 168 207 66 78
rect:277 188 207 64 52
Chichi1999_31.jpg 0x0
rect:145 87 140 220 79
rect:613 97 62 233 48
Chichi1999_32.jpg 0x0
rect:365 140 40 260 39
rect:174 281 42 161 81
rect:212 62 58 107 81
rect:141 9 109 347 80
Chichi1999_33.jpg 0x0
rect:103 109 69 228 32
rect:64 55 108 529 33
rect:306 158 27 100 49
rect:136 180 62 79 49
rect:254 90 119 223 32
rect:300 84 115 309 56
Chichi1999_34.jpg 0x0
rect:151 131 353 344 10
Duzce1999_01.jpg 0x0
rect:145 109 105 124 41
rect:95 52 84 289 39
Duzce1999_02.jpg 0x0
rect:73 59 152 402 41
Duzce1999_03.jpg 0x0
rect:142 96 129 332 42
rect:0 122 130 169 31
rect:157 107 76 267 31
Gediz1970_01.jpg 0x0
rect:86 84 230 565 68
rect:272 421 62 265 69
rect:113 297 75 342 69
Guatemala1976_01.jpg 0x0
rect:58 228 60 32 41
rect:387 134 50 89 41
rect:30 137 90 143 48
rect:336 172 119 96 48
rect:25 159 479 126 82
rect:61 154 77 45 52
Guatemala1976_02.jpg 0x0
rect:190 58 108 97 40
rect:237 67 385 222 48
Guatemala1976_03.jpg 0x0
rect:17 68 735 448 75
Guatemala1976_04.jpg 0x0
rect:174 21 458 95 30
rect:52 78 403 180 30
rect:672 155 155 358 4
rect:552 361 70 304 4
Guatemala1976_05.jpg 0x0
rect:143 206 219 135 41
rect:141 137 260 208 40
rect:103 95 352 242 48
Guatemala1976_06.jpg 0x0
rect:116 80 163 603 39
Guatemala1976_07.jpg 0x0
rect:29 201 330 373 10
rect:29 281 63 41 6
rect:296 579 99 103 83
Guatemala1976_08.jpg 0x0
rect:171 63 246 303 41
rect:283 102 194 352 40
rect:142 31 374 337 48
Guatemala1976_09.jpg 0x0
rect:98 213 28 31 84
rect:442 206 69 58 85
rect:438 338 63 27 85
rect:183 303 36 36 84
rect:124 249 60 51 85
rect:94 186 33 33 85
rect:409 368 63 79 84
rect:691 259 65 70 84
Guatemala1976_10.jpg 0x0
rect:218 169 281 148 87
rect:235 276 46 136 87
rect:149 181 264 187 86
Guatemala1976_11.jpg 0x0
rect:197 171 155 276 34
GujaratIndia2001_01.jpg 0x0
rect:27 287 229 177 4
rect:161 476 286 92 2
rect:57 546 61 34 2
rect:424 420 58 61 11
Haiti2010_01.jpg 0x0
rect:444 365 165 187 4
rect:707 248 87 103 4
rect:366 248 22 162 40
rect:139 45 129 137 7
rect:298 130 221 264 41
Haiti2010_02.jpg 0x0
rect:62 111 359 199 88
rect:291 31 190 50 14
Haiti2010_03.jpg 0x0
rect:194 419 290 254 89
rect:204 317 190 189 32
rect:324 1 81 658 32
rect:250 631 68 60 49
Haiti2010_04.jpg 0x0
rect:2 150 331 135 6
rect:181 54 207 204 34
rect:113 216 331 667 41
Haiti2010_05.jpg 0x0
rect:205 178 245 436 90
rect:193 291 29 115 40
rect:461 246 40 80 40
rect:243 282 135 117 52
Haiti2010_06.jpg 0x0
rect:397 304 54 250 32
rect:357 215 84 58 6
rect:253 251 27 35 34
rect:454 204 52 104 34
rect:195 188 311 402 91
rect:483 184 169 440 33
rect:395 148 552 637 91
ImperialValley1979_01.jpg 0x0
rect:432 281 55 28 32
rect:683 288 21 12 49
rect:402 244 31 41 50
rect:71 287 119 119 50
rect:239 324 52 62 32
rect:273 296 44 22 49
rect:11 434 73 77 49
rect:253 227 45 85 50
rect:576 353 30 18 49
rect:11 251 167 120 32
rect:583 387 26 40 32
ImperialValley1979_02.jpg 0x0
rect:216 154 379 67 92
rect:254 145 74 170 50
rect:232 99 227 266 32
rect:175 204 146 56 49
rect:336 226 51 100 50
rect:221 124 70 267 50
ImperialValley1979_03.jpg 0x0
rect:257 366 91 141 50
rect:425 356 61 143 50
rect:192 175 181 121 32
rect:83 575 253 36 92
rect:112 217 118 216 50
rect:138 217 297 166 32
rect:143 447 227 31 92
Izmit1999_01.jpg 0x0
rect:277 86 40 146 27
rect:488 262 53 57 26
rect:294 123 40 145 27
rect:246 219 32 107 27
rect:181 82 322 337 34
Izmit1999_02.jpg 0x0
rect:32 116 616 201 10
Izmit1999_03.jpg 0x0
rect:171 43 362 412 93
rect:517 91 43 384 50
rect:149 229 303 41 92
rect:162 106 35 136 50
rect:212 119 59 238 50
rect:398 111 36 196 50
rect:328 111 27 234 50
rect:268 77 260 275 32
Izmit1999_04.jpg 0x0
rect:53 536 66 75 41
rect:424 104 78 71 41
rect:46 481 36 97 42
rect:57 415 87 53 34
rect:330 70 93 79 48
rect:220 264 78 97 41
rect:138 570 247 124 88
rect:173 236 127 47 88
rect:471 362 25 60 40
rect:416 358 20 53 40
Izmit1999_05.jpg 0x0
rect:116 20 566 522 10
Izmit1999_06.jpg 0x0
rect:83 240 55 226 50
rect:226 233 49 125 50
rect:119 279 181 92 49
rect:105 144 60 248 50
rect:190 282 48 148 50
rect:131 126 197 547 32
Izmit1999_07.jpg 0x0
rect:382 112 79 100 3
rect:27 149 365 692 2
rect:149 332 35 143 3
rect:436 209 119 242 4
rect:268 272 51 119 3
rect:361 63 143 62 6
rect:215 229 45 120 3
Izmit1999_08.jpg 0x0
rect:418 92 98 55 41
rect:668 6 79 71 45
rect:149 531 111 92 45
rect:449 65 68 26 52
rect:237 164 236 88 88
rect:162 28 64 72 34
rect:198 148 86 106 41
Izmit1999_09.jpg 0x0
rect:250 194 92 77 41
rect:679 261 54 95 94
rect:333 227 133 93 94
rect:56 256 32 54 41
rect:661 287 73 50 41
rect:261 160 39 37 41
Izmit1999_10.jpg 0x0
rect:297 521 110 99 40
rect:192 526 121 42 78
rect:286 739 77 32 78
rect:162 246 77 192 40
rect:188 428 52 60 40
rect:33 244 382 45 78
rect:131 308 224 79 78
rect:224 112 56 138 40
rect:52 164 84 180 40
rect:321 97 115 152 40
rect:92 159 290 378 41
Izmit1999_11.jpg 0x0
rect:183 318 100 169 41
rect:176 365 79 137 40
rect:228 200 58 186 40
rect:196 172 168 164 41
rect:225 274 52 172 40
Izmit1999_12.jpg 0x0
rect:82 76 26 23 6
rect:556 160 137 171 91
rect:404 145 57 151 42
rect:316 380 70 151 41
rect:21 56 48 24 6
rect:314 250 121 105 94
rect:42 283 65 105 94
rect:71 226 64 66 52
rect:59 370 31 44 40
rect:113 225 80 51 88
rect:420 92 51 95 41
rect:287 172 42 37 6
rect:521 142 45 46 41
rect:395 106 41 68 45
rect:404 386 53 142 52
rect:512 31 108 65 34
rect:299 162 90 70 7
rect:1 247 41 27 41
Izmit1999_13.jpg 0x0
rect:150 281 90 62 52
rect:284 199 97 283 41
rect:108 214 126 114 94
rect:6 100 91 179 42
rect:158 214 36 89 41
rect:137 146 70 38 6
rect:253 257 50 111 41
rect:228 71 240 371 48
rect:352 126 83 116 41
Izmit1999_14.jpg 0x0
rect:477 6 182 89 35
rect:431 294 69 32 34
rect:224 374 52 43 34
rect:339 130 89 86 35
rect:44 132 91 75 34
rect:335 69 71 75 34
rect:596 409 50 48 34
rect:295 56 72 58 95
rect:448 279 28 19 34
Izmit1999_15.jpg 0x0
rect:105 209 228 260 42
Izmit1999_16.jpg 0x0
rect:205 146 41 127 40
rect:136 70 254 318 39
rect:165 88 189 133 41
rect:72 66 284 399 33
Izmit1999_17.jpg 0x0
rect:74 142 176 237 41
Izmit1999_18.jpg 0x0
rect:178 100 106 280 39
rect:145 178 99 184 41
Izmit1999_19.jpg 0x0
rect:355 133 30 81 50
rect:393 147 31 77 50
rect:202 64 340 300 96
rect:236 129 194 184 32
Kobe1995_01.jpg 0x0
rect:28 199 1062 161 63
Kobe1995_02.jpg 0x0
rect:2 43 350 718 68
Kobe1995_03.jpg 0x0
rect:39 54 421 817 10
Kobe1995_04.jpg 0x0
rect:402 219 51 38 41
Kobe1995_05.jpg 0x0
rect:81 624 226 162 78
rect:4 114 99 363 40
rect:149 171 162 583 52
rect:436 158 158 403 40
rect:52 315 400 90 78
Kobe1995_06.jpg 0x0
rect:43 175 377 559 41
rect:189 474 270 315 42
Kobe1995_07.jpg 0x0
rect:212 146 37 43 39
rect:361 184 33 46 39
rect:254 349 44 26 39
rect:304 254 48 20 39
rect:456 336 43 50 39
rect:330 259 31 38 39
rect:298 150 42 32 39
rect:452 351 45 26 39
rect:206 136 23 28 39
rect:309 191 26 43 39
rect:225 342 24 45 39
rect:372 184 28 53 39
rect:366 259 31 59 39
rect:147 520 35 27 39
rect:204 134 41 33 39
rect:89 329 28 36 39
rect:199 182 45 59 39
rect:271 495 34 31 39
rect:141 317 34 31 39
rect:161 225 29 45 39
rect:428 193 38 45 39
rect:307 277 24 47 39
rect:45 266 42 54 39
rect:346 461 47 36 39
rect:45 303 52 23 39
rect:472 123 32 51 39
Kobe1995_08.jpg 0x0
rect:337 75 468 257 97
Kobe1995_09.jpg 0x0
rect:70 539 95 94 88
rect:167 406 160 68 97
rect:103 717 83 63 88
rect:83 353 91 55 88
SanSalvador_1986_01.jpg 0x0
rect:287 126 82 242 41
rect:61 3 133 218 68
SanSalvador_1986_02.jpg 0x0
rect:186 157 27 28 41
rect:432 266 33 40 41
rect:623 138 31 37 41
rect:324 104 20 23 41
rect:153 202 26 25 41
rect:505 224 31 53 42
rect:220 253 35 39 41
rect:279 216 53 54 41
rect:573 273 31 48 41
SikkimIndia2001_01.jpg 0x0
rect:243 115 146 137 34
SikkimIndia2001_02.jpg 0x0
rect:180 68 153 422 33
rect:526 329 83 23 16
rect:206 301 101 44 16
rect:-14 2 308 100 33
rect:472 111 112 218 33
rect:527 77 108 28 16
rect:7 6 348 89 16
rect:9 183 74 56 54
SikkimIndia2001_03.jpg 0x0
rect:261 11 165 623 98
rect:196 104 70 146 69
rect:171 159 95 123 70
SikkimIndia2001_04.jpg 0x0
rect:235 222 78 173 34
rect:3 35 322 248 99
rect:356 211 356 132 99
SumatraInd2009_01.jpg 0x0
rect:348 19 54 339 81
SumatraInd2009_02.jpg 0x0
rect:156 59 144 232 41
WhittierNarrows1987_01.jpg 0x0
rect:11 23 1055 294 10
WhittierNarrows1987_02.jpg 0x0
rect:166 238 103 346 41
WhittierNarrows1987_03.jpg 0x0
rect:294 149 172 308 32
WhittierNarrows1987_04.jpg 0x0
rect:240 60 99 210 41
rect:308 16 221 119 100
rect:213 9 282 98 6
YogyakartaInd2006_01.jpg 0x0
rect:366 185 284 73 49
rect:188 -19 479 349 29
rect:249 45 232 316 32
YogyakartaInd2006_02.jpg 0x0
rect:387 94 71 196 70
rect:279 119 55 200 69
rect:334 42 101 487 98
