Anchorage1964_01.jpg 0x0
rect:86 385 298 219 1
rect:85 6 155 219 1
Anchorage1964_02.jpg 0x0
rect:123 260 47 12 6
rect:365 78 91 116 8
rect:181 243 22 48 3
rect:79 44 68 15 6
rect:46 28 131 44 5
rect:455 263 20 59 3
rect:34 206 129 57 5
rect:434 198 26 81 3
rect:339 232 109 42 4
rect:116 269 21 21 6
rect:232 24 324 108 4
rect:335 262 23 61 3
rect:471 317 15 50 3
rect:224 215 326 69 2
rect:161 129 94 55 7
rect:388 218 19 47 3
rect:234 76 78 76 4
rect:188 309 33 63 3
rect:644 197 18 42 3
Anchorage1964_03.jpg 0x0
rect:189 69 379 173 9
rect:2 159 154 58 9
rect:0 349 640 57 10
Anchorage1964_04.jpg 0x0
rect:378 307 20 21 1
rect:333 278 26 25 1
rect:258 282 15 26 1
rect:264 598 73 16 2
rect:280 242 17 30 8
rect:339 191 16 19 1
rect:206 471 39 13 5
rect:186 365 47 19 5
rect:364 348 23 26 5
rect:192 170 19 21 5
rect:208 482 26 30 1
rect:411 251 30 12 5
rect:272 458 7 1 1
rect:112 33 24 18 5
rect:336 225 18 23 1
rect:225 119 21 36 1
rect:314 316 34 14 5
rect:359 385 30 23 5
rect:252 329 13 21 1
rect:194 524 16 24 1
rect:363 41 28 23 5
rect:172 102 24 21 5
rect:217 200 37 21 5
rect:338 291 26 17 5
rect:322 171 21 26 1
rect:220 253 21 13 5
rect:322 105 36 23 5
rect:114 342 41 18 5
rect:177 357 25 32 1
rect:325 152 30 17 5
rect:163 106 28 17 5
rect:131 231 27 16 5
rect:153 46 37 11 5
rect:430 69 27 13 5
rect:434 558 36 14 5
rect:307 253 28 16 5
rect:383 167 22 19 5
rect:172 177 32 13 5
rect:244 135 33 15 5
Anchorage1964_05.jpg 0x0
rect:114 23 22 28 1
rect:139 33 94 35 5
rect:340 187 129 80 2
rect:640 27 30 48 1
rect:50 223 22 41 1
rect:81 132 19 42 1
rect:362 217 50 59 1
rect:108 198 27 53 1
rect:302 88 36 78 1
rect:136 153 101 17 5
rect:59 264 25 44 1
rect:69 58 22 33 1
rect:342 207 41 67 1
rect:210 134 153 35 6
rect:79 107 18 61 1
rect:534 238 38 18 6
rect:274 216 45 31 11
rect:69 355 20 65 1
rect:699 433 57 46 5
rect:26 444 18 44 1
rect:417 1 55 50 1
rect:505 227 47 64 1
rect:131 48 78 53 6
rect:404 314 52 85 8
rect:652 370 50 19 6
rect:531 111 35 74 1
rect:264 170 30 23 11
rect:795 303 59 27 5
rect:472 327 37 70 8
Anchorage1964_06.jpg 0x0
rect:123 180 56 105 11
rect:93 80 151 321 12
rect:216 155 107 249 3
Anchorage1964_07.jpg 0x0
rect:17 254 230 42 11
rect:271 2 126 68 2
rect:195 110 164 180 11
rect:345 181 40 78 13
rect:285 101 43 131 3
rect:370 255 104 73 11
rect:6 82 628 463 2
rect:6 254 337 23 14
rect:430 294 379 271 2
Anchorage1964_08.jpg 0x0
rect:36 263 123 132 1
rect:33 614 123 165 1
rect:64 66 146 106 1
rect:386 330 157 147 1
rect:245 33 140 108 1
rect:394 570 113 119 1
Anchorage1964_09.jpg 0x0
rect:736 214 1 1 16
rect:468 8 270 15 15
rect:13 119 79 15 15
rect:629 10 128 13 16
rect:364 85 118 24 15
rect:91 254 85 53 8
rect:95 133 82 83 1
rect:684 332 57 65 8
rect:579 197 65 76 1
rect:268 144 86 87 1
rect:486 40 108 78 8
rect:79 51 97 99 8
rect:16 130 20 11 16
rect:540 131 106 20 15
rect:14 14 506 18 15
rect:177 158 257 9 15
rect:12 13 82 13 16
rect:54 99 59 8 16
rect:239 136 91 62 1
Anchorage1964_10.jpg 0x0
rect:174 280 83 91 17
rect:163 200 237 83 18
rect:81 382 286 99 18
rect:62 234 364 411 1
Anchorage1964_11.jpg 0x0
rect:130 63 158 111 4
rect:513 6 139 48 1
rect:94 239 473 100 2
rect:65 422 809 12 14
rect:204 261 357 38 11
rect:255 185 480 22 15
rect:92 369 430 21 14
rect:642 140 113 94 1
Anchorage1964_12.jpg 0x0
rect:301 110 52 147 3
rect:471 82 213 148 11
rect:14 69 492 358 2
rect:130 232 35 125 3
rect:311 99 50 151 3
Anchorage1964_13.jpg 0x0
rect:329 673 172 30 2
rect:350 503 33 204 20
rect:492 513 105 12 19
Anchorage1964_14.jpg 0x0
rect:211 441 38 71 22
rect:161 370 55 112 21
rect:142 562 48 71 22
rect:12 591 220 67 11
rect:21 511 25 66 22
rect:50 723 60 60 22
rect:386 262 193 64 15
rect:363 11 47 229 11
rect:169 11 92 893 20
rect:486 7 73 151 11
rect:425 617 155 102 23
rect:73 319 102 34 15
Anchorage1964_15.jpg 0x0
rect:342 11 74 66 4
rect:268 175 107 43 11
rect:194 175 46 87 11
rect:298 310 123 52 15
rect:300 159 49 107 25
rect:237 355 167 79 2
rect:301 280 137 26 24
rect:329 11 107 86 4
rect:192 65 67 456 20
Anchorage1964_16.jpg 0x0
rect:18 248 83 99 2
rect:240 100 205 123 2
rect:222 158 321 150 11
rect:109 363 105 131 11
rect:454 282 154 164 2
rect:16 152 163 196 2
Anchorage1964_17.jpg 0x0
rect:10 133 283 109 9
rect:7 179 508 227 10
rect:354 53 281 271 9
Anchorage1964_18.jpg 0x0
rect:249 318 38 44 11
rect:603 403 33 14 2
rect:358 215 125 87 4
rect:610 185 93 98 4
rect:112 252 54 56 11
rect:296 264 328 21 15
rect:390 267 93 18 2
rect:675 382 67 23 2
rect:155 173 66 124 4
rect:138 175 21 39 11
Anchorage1964_19.jpg 0x0
rect:315 88 26 24 27
rect:266 233 59 68 26
rect:233 117 56 49 26
rect:417 173 6 20 26
rect:273 74 66 124 29
rect:615 108 51 26 28
rect:470 241 21 39 26
rect:581 92 22 53 29
rect:282 107 30 94 29
rect:466 205 29 35 28
rect:504 109 23 19 26
rect:409 91 14 41 26
rect:7 243 59 128 26
rect:464 286 13 39 26
rect:338 214 12 31 26
rect:23 244 32 92 27
rect:688 102 10 7 26
rect:562 129 7 12 26
Anchorage1964_20.jpg 0x0
rect:546 596 45 89 26
rect:188 129 94 49 27
rect:241 104 87 63 26
rect:294 424 74 154 26
rect:181 84 109 113 29
Anchorage1964_21.jpg 0x0
rect:210 150 764 148 30
rect:2 75 46 29 26
rect:51 291 27 34 26
rect:-5 53 99 187 29
Bingol2003_01.jpg 0x0
rect:113 217 57 80 33
rect:2 330 670 244 10
rect:706 131 93 63 6
rect:437 433 91 101 6
rect:524 378 173 73 6
rect:630 137 67 100 34
rect:543 419 55 267 32
rect:749 307 83 52 33
rect:532 89 171 141 31
rect:628 268 50 65 6
rect:259 81 66 21 6
rect:437 427 53 59 34
rect:28 275 74 80 33
rect:968 460 117 57 33
rect:527 380 151 151 31
rect:363 240 55 90 33
rect:701 96 62 58 6
rect:1013 170 86 73 33
rect:723 230 74 70 6
Bingol2003_02.jpg 0x0
rect:116 86 331 198 34
rect:476 388 84 106 6
rect:980 86 135 71 36
rect:138 245 70 430 32
rect:124 533 124 224 32
rect:227 169 702 393 31
rect:454 198 398 167 35
rect:505 246 87 119 26
Bingol2003_03.jpg 0x0
rect:136 55 113 146 33
rect:110 19 187 45 2
rect:818 -7 283 291 4
rect:351 173 176 69 11
rect:467 148 465 123 2
rect:540 316 181 391 2
rect:861 180 253 801 4
Bingol2003_04.jpg 0x0
rect:171 514 28 154 3
rect:88 544 38 64 3
rect:90 755 75 107 2
rect:109 549 283 216 2
rect:372 306 159 136 4
rect:72 503 29 54 3
rect:315 407 83 70 2
rect:250 497 31 106 3
CanterburyNZSeries2010_01.jpg 0x0
rect:65 121 108 399 12
CanterburyNZSeries2010_02.jpg 0x0
rect:66 63 162 196 6
rect:32 10 161 253 37
CanterburyNZSeries2010_03.jpg 0x0
rect:55 57 419 170 38
CanterburyNZSeries2010_04.jpg 0x0
rect:257 495 15 54 40
rect:284 430 27 185 40
rect:336 369 19 51 40
rect:328 544 38 60 40
rect:301 426 36 150 40
rect:189 312 197 389 39
rect:275 9 107 200 42
rect:208 318 101 218 41
CanterburyNZSeries2010_05.jpg 0x0
rect:248 319 203 306 4
rect:392 182 164 100 15
CanterburyNZSeries2010_06.jpg 0x0
rect:277 216 203 144 2
rect:79 84 575 522 4
CanterburyNZSeries2010_08.jpg 0x0
rect:693 374 29 225 32
rect:485 163 184 242 43
rect:908 670 74 112 44
rect:972 272 120 161 44
CanterburyNZSeries2010_09.jpg 0x0
rect:171 172 203 184 45
rect:198 251 192 474 39
CanterburyNZSeries2010_10.jpg 0x0
rect:277 251 412 271 6
rect:273 185 264 159 7
rect:261 506 224 94 6
rect:235 407 233 86 46
CanterburyNZSeries2010_11.jpg 0x0
rect:422 162 298 134 7
rect:364 373 317 244 5
CanterburyNZSeries2010_12.jpg 0x0
rect:47 352 560 245 2
rect:623 546 196 59 11
rect:165 612 125 60 11
rect:4 190 848 438 47
CanterburyNZSeries2010_13.jpg 0x0
rect:198 22 419 667 12
rect:377 114 89 482 11
Caracas1967_01.jpg 0x0
rect:359 125 38 103 48
rect:434 140 85 74 48
rect:343 51 161 257 48
rect:386 216 12 82 48
Caracas1967_02.jpg 0x0
rect:170 413 47 33 50
rect:150 166 247 238 51
rect:129 372 41 54 49
rect:318 1 105 181 15
Caracas1967_03.jpg 0x0
rect:322 468 27 131 27
rect:191 450 152 195 34
rect:329 378 29 55 27
rect:284 415 74 68 26
rect:338 51 58 100 14
rect:12 289 166 83 6
Caracas1967_04.jpg 0x0
rect:135 362 179 196 34
rect:121 399 57 111 26
rect:167 315 16 87 27
Caracas1967_05.jpg 0x0
rect:170 281 52 238 40
rect:362 187 36 167 40
rect:217 304 59 178 40
rect:42 88 428 711 48
rect:72 291 261 228 52
rect:43 149 452 579 41
rect:279 161 60 269 40
rect:63 342 72 297 40
rect:206 309 184 199 52
rect:243 350 54 207 40
Caracas1967_06.jpg 0x0
rect:446 189 67 49 6
rect:420 97 270 173 7
Caracas1967_07.jpg 0x0
rect:400 8 118 350 34
rect:173 123 136 276 34
rect:410 63 29 214 27
rect:462 457 91 61 53
rect:407 206 158 349 34
rect:380 358 121 115 53
rect:154 175 46 157 27
Caracas1967_08.jpg 0x0
rect:418 238 95 126 54
rect:267 358 76 99 54
rect:266 205 90 110 55
Caracas1967_09.jpg 0x0
rect:98 159 61 63 48
rect:28 270 72 53 48
rect:128 178 88 83 48
rect:373 11 206 154 48
Caracas1967_10.jpg 0x0
rect:29 213 268 310 41
rect:323 259 93 149 40
rect:18 118 572 448 48
rect:307 234 63 154 40
Caracas1967_11.jpg 0x0
rect:71 208 329 385 41
rect:324 11 163 271 41
rect:63 16 331 605 48
Caracas1967_12.jpg 0x0
rect:586 384 30 73 32
rect:563 206 35 41 34
rect:177 374 34 44 56
rect:642 366 23 63 32
Caracas1967_13.jpg 0x0
rect:146 279 104 238 55
Caracas1967_14.jpg 0x0
rect:161 230 286 38 6
rect:136 117 409 144 57
Chichi1999_01.jpg 0x0
rect:266 155 55 149 42
rect:4 7 692 200 58
Chichi1999_02.jpg 0x0
rect:327 112 236 383 59
rect:6 118 297 115 58
Chichi1999_03.jpg 0x0
rect:61 128 64 139 60
rect:0 119 927 143 58
Chichi1999_04.jpg 0x0
rect:197 168 76 410 48
rect:245 -16 57 150 48
rect:209 296 32 65 52
Chichi1999_05.jpg 0x0
rect:355 117 60 62 41
rect:302 252 39 53 52
rect:432 105 71 215 48
rect:338 353 37 24 41
Chichi1999_06.jpg 0x0
rect:400 118 53 82 62
rect:375 271 40 106 48
rect:148 22 567 131 10
rect:250 164 20 31 52
rect:598 -9 65 54 61
rect:853 210 33 61 41
Chichi1999_07.jpg 0x0
rect:64 189 764 105 63
rect:586 316 44 82 48
rect:154 222 48 153 48
rect:470 243 31 34 64
rect:450 319 19 23 64
rect:485 186 34 132 48
rect:224 183 29 51 64
Chichi1999_08.jpg 0x0
rect:117 12 625 444 10
Chichi1999_09.jpg 0x0
rect:192 125 110 116 41
rect:194 134 38 101 40
rect:212 91 68 79 40
rect:227 55 244 195 48
Chichi1999_10.jpg 0x0
rect:184 23 582 535 10
Chichi1999_11.jpg 0x0
rect:2 162 212 395 10
rect:105 240 86 79 65
Chichi1999_12.jpg 0x0
rect:7 28 454 629 66
Chichi1999_13.jpg 0x0
rect:31 40 789 354 10
Chichi1999_14.jpg 0x0
rect:121 342 51 41 67
rect:208 458 30 47 67
rect:169 308 18 38 67
rect:260 333 50 64 67
rect:328 315 32 31 39
rect:392 329 40 47 39
rect:133 184 45 62 67
rect:242 513 91 73 67
rect:91 445 31 62 67
rect:127 221 55 76 67
rect:327 363 29 17 39
rect:223 300 36 47 67
rect:128 370 26 34 67
rect:135 173 102 57 67
rect:316 444 18 29 39
rect:94 529 28 39 67
rect:139 220 27 53 67
Chichi1999_15.jpg 0x0
rect:291 31 221 488 41
Chichi1999_16.jpg 0x0
rect:173 105 65 105 32
Chichi1999_17.jpg 0x0
rect:160 292 24 44 32
Chichi1999_18.jpg 0x0
rect:261 296 31 161 69
rect:239 316 50 113 69
rect:223 140 116 580 68
rect:193 277 17 109 69
rect:252 243 57 123 70
rect:319 198 34 145 69
Chichi1999_19.jpg 0x0
rect:139 26 248 522 2
rect:235 94 183 286 3
YogyakartaInd2006_03.jpg 0x0
rect:221 216 385 102 71
rect:207 22 74 2 15
rect:311 147 70 42 15
rect:418 55 91 33 16
rect:226 354 65 37 16
rect:179 155 28 8 16
rect:175 465 170 32 15
rect:313 59 99 79 15
Chichi1999_20.jpg 0x0
rect:292 357 42 159 41
rect:202 260 97 235 42
Chichi1999_21.jpg 0x0
rect:18 4 262 185 30
rect:228 220 110 148 6
rect:450 7 122 107 57
rect:69 284 131 93 5
rect:260 124 198 318 72
rect:471 37 177 266 37
rect:275 123 128 149 6
rect:227 357 157 113 37
Chichi1999_22.jpg 0x0
rect:224 216 15 20 73
rect:286 139 290 183 10
rect:212 186 21 19 73
rect:560 245 16 15 73
Chichi1999_23.jpg 0x0
rect:293 401 43 71 34
rect:146 269 46 56 34
rect:114 297 43 78 73
rect:228 140 21 30 26
rect:4 53 609 239 74
rect:239 394 63 112 73
rect:310 166 29 22 27
rect:94 120 67 38 73
rect:222 146 45 68 73
rect:137 214 25 31 34
Chichi1999_24.jpg 0x0
rect:182 325 80 53 34
rect:135 197 176 114 75
rect:166 203 32 42 46
rect:453 442 1 2 46
rect:3 389 222 231 74
Chichi1999_25.jpg 0x0
rect:170 250 150 367 73
rect:168 411 40 90 26
rect:152 318 126 231 34
Chichi1999_26.jpg 0x0
rect:213 20 41 26 73
rect:133 442 129 94 27
rect:193 197 44 132 73
rect:161 378 169 141 73
rect:164 654 102 90 26
rect:223 303 146 300 76
Chichi1999_27.jpg 0x0
rect:184 243 74 433 32
Chichi1999_28.jpg 0x0
rect:23 61 232 93 6
rect:104 86 102 255 5
rect:290 191 191 122 77
rect:263 108 173 163 75
Chichi1999_29.jpg 0x0
rect:228 179 122 219 40
rect:226 300 59 161 52
rect:101 251 240 264 48
Chichi1999_30.jpg 0x0
rect:186 165 244 41 78
rect:26 273 77 209 73
rect:205 120 227 50 52
rect:254 116 280 371 40
Chichi1999_31.jpg 0x0
rect:159 113 155 322 79
rect:630 103 63 244 48
Chichi1999_32.jpg 0x0
rect:225 74 50 155 81
rect:141 8 98 494 80
rect:606 139 45 165 39
rect:187 281 47 132 81
Chichi1999_33.jpg 0x0
rect:154 138 54 105 49
rect:220 153 40 136 49
rect:184 69 97 170 56
rect:106 126 115 280 32
rect:321 87 143 386 32
rect:72 79 150 364 33
Chichi1999_34.jpg 0x0
rect:100 72 338 440 10
Duzce1999_01.jpg 0x0
rect:139 145 114 164 41
rect:128 60 85 286 39
Duzce1999_02.jpg 0x0
rect:95 69 139 538 41
Duzce1999_03.jpg 0x0
rect:103 72 138 291 42
rect:0 168 77 178 31
rect:190 158 83 316 31
Gediz1970_01.jpg 0x0
rect:99 416 112 261 69
rect:298 488 86 179 69
rect:87 116 270 703 68
Guatemala1976_01.jpg 0x0
rect:615 179 144 159 48
rect:69 202 52 61 41
rect:43 223 64 44 52
rect:47 178 127 139 48
rect:23 92 786 166 82
rect:609 141 64 85 41
Guatemala1976_02.jpg 0x0
rect:346 59 92 118 40
rect:236 86 288 244 48
Guatemala1976_03.jpg 0x0
rect:16 86 823 354 75
Guatemala1976_04.jpg 0x0
rect:93 24 401 85 30
rect:34 82 518 210 30
rect:622 256 81 240 4
rect:678 212 136 342 4
Guatemala1976_05.jpg 0x0
rect:260 182 370 134 41
rect:106 60 314 385 48
rect:165 147 316 128 40
Guatemala1976_06.jpg 0x0
rect:118 75 225 318 39
Guatemala1976_07.jpg 0x0
rect:268 525 99 57 83
rect:31 220 388 415 10
rect:30 324 70 65 6
Guatemala1976_08.jpg 0x0
rect:404 98 225 360 40
rect:140 35 334 494 48
rect:145 56 275 328 41
Guatemala1976_09.jpg 0x0
rect:894 295 57 92 84
rect:164 295 47 23 84
rect:273 219 45 57 84
rect:195 302 44 70 85
rect:871 213 72 49 85
rect:69 357 37 36 85
rect:106 208 33 18 84
rect:337 217 54 36 85
Guatemala1976_10.jpg 0x0
rect:182 217 311 266 86
rect:244 130 200 125 87
rect:394 326 44 93 87
Guatemala1976_11.jpg 0x0
rect:168 299 85 245 34
GujaratIndia2001_01.jpg 0x0
rect:145 370 233 113 2
rect:94 511 78 34 2
rect:309 373 52 47 11
rect:25 269 143 173 4
Haiti2010_01.jpg 0x0
rect:523 220 89 84 4
rect:281 180 131 410 41
rect:379 255 26 112 40
rect:342 550 199 157 4
rect:167 47 117 149 7
Haiti2010_02.jpg 0x0
rect:338 36 161 51 14
rect:65 80 606 200 88
Haiti2010_03.jpg 0x0
rect:292 462 150 179 32
rect:239 675 287 253 89
rect:271 585 49 83 49
rect:256 1 70 679 32
Haiti2010_04.jpg 0x0
rect:130 209 224 452 41
rect:260 35 305 279 34
rect:2 110 356 157 6
Haiti2010_05.jpg 0x0
rect:179 280 131 108 52
rect:341 300 29 119 40
rect:329 199 250 460 90
rect:257 255 33 90 40
Haiti2010_06.jpg 0x0
rect:555 170 61 289 32
rect:270 223 34 45 34
rect:294 123 256 517 33
rect:500 155 722 757 91
rect:342 220 72 78 34
rect:485 264 70 38 6
rect:193 344 347 304 91
ImperialValley1979_01.jpg 0x0
rect:14 333 70 73 49
rect:608 261 21 17 49
rect:348 263 45 45 32
rect:313 342 29 44 50
rect:641 364 34 34 32
rect:700 381 13 13 49
rect:403 361 32 23 49
rect:15 289 126 126 32
rect:349 344 43 75 50
rect:43 277 94 130 50
rect:364 240 66 62 32
ImperialValley1979_02.jpg 0x0
rect:177 183 136 63 49
rect:288 222 40 141 50
rect:204 155 102 206 50
rect:216 130 390 70 92
rect:368 88 91 170 50
rect:183 75 178 213 32
ImperialValley1979_03.jpg 0x0
rect:114 168 234 165 32
rect:132 269 309 41 92
rect:384 256 63 208 50
rect:75 356 106 273 50
rect:114 384 226 44 92
rect:230 433 104 138 50
rect:91 323 296 178 32
Izmit1999_01.jpg 0x0
rect:240 58 337 334 34
rect:184 140 55 136 27
rect:346 86 71 214 27
rect:265 165 43 131 27
rect:413 335 57 68 26
Izmit1999_02.jpg 0x0
rect:33 143 803 334 10
Izmit1999_03.jpg 0x0
rect:219 78 72 265 50
rect:120 34 458 383 93
rect:568 84 45 265 50
rect:202 64 237 301 32
rect:379 69 43 255 50
rect:147 273 352 36 92
rect:309 174 36 218 50
rect:541 87 48 258 50
Izmit1999_04.jpg 0x0
rect:69 375 46 111 41
rect:73 450 37 92 42
rect:120 706 182 101 88
rect:462 358 22 42 40
rect:239 372 99 94 41
rect:293 350 22 61 40
rect:66 501 55 68 34
rect:294 64 98 103 41
rect:323 86 63 72 48
rect:119 265 150 54 88
Izmit1999_05.jpg 0x0
rect:108 24 713 364 10
Izmit1999_06.jpg 0x0
rect:78 318 63 133 50
rect:259 371 34 174 50
rect:154 117 241 413 32
rect:131 253 96 188 50
rect:173 300 126 97 49
rect:253 277 52 148 50
Izmit1999_07.jpg 0x0
rect:254 337 74 425 4
rect:338 55 100 35 6
rect:151 282 53 98 3
rect:241 274 66 83 3
rect:321 250 47 132 3
rect:28 157 315 713 2
rect:260 132 89 54 3
Izmit1999_08.jpg 0x0
rect:483 71 46 35 52
rect:666 6 127 89 45
rect:98 354 64 79 45
rect:155 19 83 93 34
rect:173 142 57 81 41
rect:284 175 192 142 88
rect:357 90 72 55 41
Izmit1999_09.jpg 0x0
rect:307 322 107 101 41
rect:47 174 58 71 41
rect:252 254 113 123 94
rect:260 212 43 43 41
rect:492 182 45 87 94
rect:627 196 57 59 41
Izmit1999_10.jpg 0x0
rect:322 114 136 170 40
rect:190 199 85 202 40
rect:339 461 38 83 40
rect:260 530 65 35 78
rect:57 214 440 37 78
rect:138 276 123 46 78
rect:70 143 346 560 41
rect:209 199 44 120 40
rect:301 413 124 102 40
rect:87 130 111 136 40
rect:129 413 269 74 78
Izmit1999_11.jpg 0x0
rect:207 273 51 195 40
rect:178 429 138 99 41
rect:273 226 73 177 40
rect:236 351 97 223 40
rect:187 263 91 172 41
Izmit1999_12.jpg 0x0
rect:381 35 88 52 34
rect:489 170 56 68 7
rect:22 94 51 20 6
rect:339 151 34 101 42
rect:74 303 46 77 52
rect:1 150 33 30 41
rect:359 99 43 68 41
rect:68 56 29 26 6
rect:242 240 79 141 52
rect:624 127 198 207 91
rect:574 281 70 50 41
rect:82 248 37 53 40
rect:39 203 72 87 94
rect:290 127 32 24 6
rect:317 96 52 93 45
rect:362 281 81 143 41
rect:149 276 81 54 88
rect:368 364 119 114 94
Izmit1999_13.jpg 0x0
rect:375 127 50 118 41
rect:106 159 39 57 6
rect:120 209 32 109 41
rect:5 80 98 159 42
rect:240 92 235 289 48
rect:195 286 55 66 52
rect:179 274 82 177 94
rect:370 136 65 226 41
rect:172 228 43 100 41
Izmit1999_14.jpg 0x0
rect:492 114 70 91 35
rect:346 230 93 44 34
rect:329 378 36 30 34
rect:287 6 117 51 35
rect:396 52 92 87 34
rect:307 46 48 72 95
rect:547 378 69 39 34
rect:46 156 131 72 34
rect:273 445 30 22 34
Izmit1999_15.jpg 0x0
rect:173 200 171 318 42
Izmit1999_16.jpg 0x0
rect:113 87 293 295 39
rect:105 134 240 186 41
rect:267 90 53 108 40
rect:117 78 317 607 33
Izmit1999_17.jpg 0x0
rect:128 104 198 275 41
Izmit1999_18.jpg 0x0
rect:175 141 120 134 41
rect:194 192 149 245 39
Izmit1999_19.jpg 0x0
rect:331 148 32 114 50
rect:506 183 26 55 50
rect:167 84 211 324 96
rect:238 111 210 164 32
Kobe1995_01.jpg 0x0
rect:28 204 604 155 63
Kobe1995_02.jpg 0x0
rect:2 75 361 744 68
Kobe1995_03.jpg 0x0
rect:34 56 519 429 10
Kobe1995_04.jpg 0x0
rect:256 212 69 48 41
Kobe1995_05.jpg 0x0
rect:151 210 173 708 52
rect:105 719 310 88 78
rect:51 236 445 71 78
rect:4 157 154 662 40
rect:385 144 215 548 40
Kobe1995_06.jpg 0x0
rect:44 117 307 557 41
rect:146 328 246 336 42
Kobe1995_07.jpg 0x0
rect:86 439 28 23 39
rect:269 331 51 42 39
rect:310 183 30 46 39
rect:511 238 36 27 39
rect:201 187 33 55 39
rect:326 151 30 41 39
rect:200 543 36 32 39
rect:161 338 44 25 39
rect:268 281 24 40 39
rect:328 213 48 23 39
rect:43 287 51 28 39
rect:166 179 49 41 39
rect:295 207 39 31 39
rect:121 92 43 46 39
rect:215 309 28 60 39
rect:373 270 25 55 39
rect:349 245 39 35 39
rect:253 159 39 54 39
rect:245 178 29 35 39
rect:368 341 40 50 39
rect:237 298 44 38 39
rect:350 147 45 24 39
rect:374 462 31 42 39
rect:146 375 34 33 39
rect:105 296 32 37 39
rect:47 296 32 62 39
Kobe1995_08.jpg 0x0
rect:282 69 377 222 97
Kobe1995_09.jpg 0x0
rect:72 539 88 75 88
rect:145 421 264 70 97
rect:126 491 54 70 88
rect:114 480 61 95 88
SanSalvador_1986_01.jpg 0x0
rect:79 3 78 194 68
rect:322 190 129 237 41
SanSalvador_1986_02.jpg 0x0
rect:488 140 54 35 42
rect:159 223 23 43 41
rect:372 137 17 33 41
rect:365 204 50 56 41
rect:180 199 28 37 41
rect:546 134 27 39 41
rect:193 177 21 22 41
rect:248 182 35 31 41
rect:263 182 36 55 41
SikkimIndia2001_01.jpg 0x0
rect:234 197 165 103 34
SikkimIndia2001_02.jpg 0x0
rect:403 236 123 14 16
rect:-15 2 381 86 33
rect:10 6 410 66 16
rect:427 103 108 33 16
rect:357 313 87 36 16
rect:208 94 163 301 33
rect:9 157 76 46 54
rect:463 102 117 118 33
SikkimIndia2001_03.jpg 0x0
rect:139 118 96 184 69
rect:214 11 189 513 98
rect:282 143 92 182 70
SikkimIndia2001_04.jpg 0x0
rect:3 39 318 300 99
rect:339 188 132 129 34
rect:471 193 224 107 99
SumatraInd2009_01.jpg 0x0
rect:294 19 63 230 81
SumatraInd2009_02.jpg 0x0
rect:224 88 205 170 41
WhittierNarrows1987_01.jpg 0x0
rect:15 22 982 464 10
WhittierNarrows1987_02.jpg 0x0
rect:176 268 100 235 41
WhittierNarrows1987_03.jpg 0x0
rect:188 143 131 229 32
WhittierNarrows1987_04.jpg 0x0
rect:238 8 293 68 6
rect:287 17 205 133 100
rect:178 54 121 232 41
YogyakartaInd2006_01.jpg 0x0
rect:229 -28 350 485 29
rect:340 180 267 101 49
rect:276 36 345 216 32
YogyakartaInd2006_02.jpg 0x0
rect:435 125 55 230 70
rect:314 130 68 272 69
rect:455 75 123 481 98
