Anchorage1964_01.jpg 0x0
rect:79 7 244 200 1
rect:95 415 240 233 1
Anchorage1964_02.jpg 0x0
rect:332 189 33 56 3
rect:434 195 21 70 3
rect:32 213 147 39 5
rect:175 186 80 46 7
rect:146 159 62 14 6
rect:46 22 166 54 5
rect:127 229 18 15 6
rect:158 292 27 58 3
rect:394 243 32 80 3
rect:180 301 284 121 2
rect:558 254 105 63 4
rect:638 268 15 68 3
rect:271 298 33 54 3
rect:191 41 242 112 4
rect:554 84 94 115 8
rect:94 32 84 17 6
rect:482 319 18 53 3
rect:651 184 15 60 3
rect:270 51 83 57 4
Anchorage1964_03.jpg 0x0
rect:265 97 457 209 9
rect:2 225 218 81 9
rect:0 327 606 72 10
Anchorage1964_04.jpg 0x0
rect:428 356 30 20 5
rect:173 93 27 17 5
rect:209 311 37 13 5
rect:194 317 24 21 5
rect:144 180 30 19 5
rect:449 67 28 21 5
rect:262 312 19 20 1
rect:425 276 29 21 5
rect:329 153 25 13 5
rect:307 331 18 38 1
rect:295 219 25 22 5
rect:288 370 15 22 1
rect:244 88 15 31 1
rect:258 240 18 28 1
rect:197 189 23 26 5
rect:372 158 14 30 1
rect:167 143 32 17 5
rect:238 161 34 22 5
rect:230 95 40 18 5
rect:137 23 24 14 5
rect:114 468 30 22 5
rect:254 402 9 1 1
rect:320 259 24 26 1
rect:205 329 11 21 1
rect:394 34 27 14 5
rect:381 467 25 21 5
rect:212 573 21 25 1
rect:451 356 19 17 5
rect:198 278 21 18 5
rect:236 301 21 31 1
rect:111 376 36 18 5
rect:138 63 44 17 5
rect:151 389 30 15 5
rect:316 327 32 20 5
rect:289 417 29 22 5
rect:301 255 27 27 8
rect:355 496 25 25 1
rect:395 170 22 18 5
rect:218 431 48 12 2
Anchorage1964_05.jpg 0x0
rect:99 115 19 63 1
rect:363 139 53 46 1
rect:164 171 85 24 5
rect:85 70 25 58 1
rect:26 331 29 71 1
rect:304 1 54 48 1
rect:212 164 128 46 6
rect:54 265 28 57 1
rect:748 281 64 35 5
rect:73 273 17 48 1
rect:609 354 49 83 1
rect:68 18 24 49 1
rect:491 197 34 68 8
rect:542 358 67 29 5
rect:522 478 36 69 8
rect:50 139 17 53 1
rect:559 316 33 17 6
rect:250 143 19 17 11
rect:463 293 32 24 11
rect:84 273 19 41 1
rect:408 181 29 74 1
rect:519 90 36 53 1
rect:466 306 32 16 6
rect:252 42 119 60 6
rect:313 153 175 90 2
rect:234 50 80 34 5
rect:511 78 41 62 1
rect:62 274 23 37 1
rect:581 28 31 45 1
Anchorage1964_06.jpg 0x0
rect:153 78 278 367 12
rect:228 274 74 82 11
rect:212 156 74 222 3
Anchorage1964_07.jpg 0x0
rect:252 191 411 276 2
rect:8 64 622 429 2
rect:214 2 106 58 2
rect:9 409 394 29 14
rect:251 125 62 153 3
rect:253 89 106 147 11
rect:360 115 61 126 13
rect:20 200 361 40 11
rect:420 150 66 112 11
Anchorage1964_08.jpg 0x0
rect:345 623 158 117 1
rect:59 590 73 135 1
rect:312 33 87 124 1
rect:47 63 140 154 1
rect:48 364 101 116 1
rect:334 273 97 118 1
Anchorage1964_09.jpg 0x0
rect:610 266 83 72 8
rect:287 198 55 48 1
rect:13 19 524 15 15
rect:100 293 70 48 8
rect:69 31 72 65 8
rect:389 179 67 92 1
rect:499 117 105 32 15
rect:132 143 243 12 15
rect:608 38 64 49 8
rect:11 17 46 11 16
rect:662 11 104 8 16
rect:19 135 15 10 16
rect:10 160 99 20 15
rect:53 120 41 7 16
rect:842 139 1 1 16
rect:578 7 206 15 15
rect:106 161 89 65 1
rect:427 100 153 17 15
rect:466 156 77 71 1
Anchorage1964_10.jpg 0x0
rect:79 479 411 136 18
rect:55 143 280 460 1
rect:209 286 83 144 17
rect:187 213 199 69 18
Anchorage1964_11.jpg 0x0
rect:361 282 355 25 11
rect:213 195 409 21 15
rect:638 98 143 83 1
rect:626 8 132 32 1
rect:169 42 183 105 4
rect:78 436 461 10 14
rect:64 455 690 25 14
rect:107 215 505 93 2
Anchorage1964_12.jpg 0x0
rect:223 79 49 197 3
rect:189 229 32 131 3
rect:506 57 56 231 3
rect:288 111 189 131 11
rect:14 103 720 254 2
Anchorage1964_13.jpg 0x0
rect:407 619 102 18 19
rect:316 624 201 28 2
rect:462 448 35 188 20
Anchorage1964_14.jpg 0x0
rect:93 474 47 48 22
rect:26 656 26 68 22
rect:350 5 73 121 11
rect:244 292 53 66 21
rect:53 658 40 68 22
rect:294 765 116 78 23
rect:77 269 120 44 15
rect:221 11 114 771 20
rect:305 215 129 60 15
rect:358 13 86 263 11
rect:208 475 50 40 22
rect:10 676 246 100 11
Anchorage1964_15.jpg 0x0
rect:259 322 174 53 15
rect:210 171 30 49 11
rect:545 10 110 70 4
rect:330 226 125 38 11
rect:246 51 46 421 20
rect:228 129 47 105 25
rect:226 596 253 56 2
rect:514 209 81 48 24
rect:252 9 96 62 4
Anchorage1964_16.jpg 0x0
rect:178 204 320 171 11
rect:10 407 88 79 2
rect:245 109 307 155 2
rect:14 144 153 250 2
rect:104 226 69 110 11
rect:582 290 109 158 2
Anchorage1964_17.jpg 0x0
rect:12 103 283 134 9
rect:9 161 514 224 10
rect:204 54 168 221 9
Anchorage1964_18.jpg 0x0
rect:316 140 75 74 4
rect:165 237 62 32 11
rect:166 195 51 91 4
rect:584 109 112 104 4
rect:503 257 80 18 2
rect:510 368 26 16 2
rect:461 268 428 29 15
rect:173 300 17 43 11
rect:323 332 24 44 11
rect:294 255 82 20 2
Anchorage1964_19.jpg 0x0
rect:377 110 17 35 26
rect:378 110 62 42 26
rect:492 231 8 23 26
rect:458 183 15 40 26
rect:262 83 61 156 29
rect:346 112 24 48 29
rect:466 133 39 39 28
rect:434 94 32 74 29
rect:638 243 8 12 26
rect:386 160 28 39 28
rect:912 185 6 6 26
rect:475 146 32 36 26
rect:6 251 86 188 26
rect:308 277 58 84 26
rect:392 110 26 35 27
rect:25 189 35 110 27
rect:265 239 25 37 26
rect:476 150 8 16 26
Anchorage1964_20.jpg 0x0
rect:284 83 53 56 27
rect:174 327 66 183 26
rect:162 90 121 47 26
rect:597 513 46 91 26
rect:152 51 133 122 29
Anchorage1964_21.jpg 0x0
rect:68 391 22 38 26
rect:2 90 51 44 26
rect:204 236 686 137 30
rect:-6 80 110 139 29
Bingol2003_01.jpg 0x0
rect:21 285 48 79 33
rect:579 355 56 225 32
rect:170 80 65 21 6
rect:688 439 93 38 33
rect:464 421 207 68 6
rect:623 167 112 83 6
rect:434 64 120 143 31
rect:2 354 1111 270 10
rect:256 204 65 63 33
rect:299 401 116 108 6
rect:199 274 86 84 33
rect:681 102 76 52 6
rect:626 314 130 193 31
rect:376 310 49 71 6
rect:760 459 118 67 33
rect:594 202 56 91 34
rect:637 180 119 88 33
rect:349 337 47 50 34
rect:607 261 102 54 6
Bingol2003_02.jpg 0x0
rect:225 217 112 485 32
rect:339 208 827 337 31
rect:495 443 111 126 26
rect:1089 80 176 87 36
rect:175 75 338 130 34
rect:421 349 66 94 6
rect:441 277 359 100 35
rect:123 572 195 274 32
Bingol2003_03.jpg 0x0
rect:106 62 123 148 33
rect:440 270 260 90 11
rect:101 27 180 42 2
rect:516 -9 255 171 4
rect:556 575 186 415 2
rect:281 131 472 191 2
rect:744 259 280 516 4
Bingol2003_04.jpg 0x0
rect:60 551 67 83 2
rect:371 455 136 57 2
rect:153 394 40 65 3
rect:330 292 32 137 3
rect:143 802 24 65 3
rect:163 569 198 139 2
rect:63 663 29 87 3
rect:243 221 109 234 4
CanterburyNZSeries2010_01.jpg 0x0
rect:84 104 142 215 12
CanterburyNZSeries2010_02.jpg 0x0
rect:72 43 116 247 6
rect:31 8 189 236 37
CanterburyNZSeries2010_03.jpg 0x0
rect:53 96 247 126 38
CanterburyNZSeries2010_04.jpg 0x0
rect:267 9 77 160 42
rect:261 232 214 280 39
rect:171 346 100 316 41
rect:215 473 24 111 40
rect:348 318 34 117 40
rect:291 493 28 86 40
rect:260 294 17 58 40
rect:329 343 18 62 40
CanterburyNZSeries2010_05.jpg 0x0
rect:218 407 232 431 4
rect:353 156 118 113 15
CanterburyNZSeries2010_06.jpg 0x0
rect:74 83 958 535 4
rect:310 296 229 109 2
CanterburyNZSeries2010_08.jpg 0x0
rect:348 144 153 326 43
rect:635 557 23 126 32
rect:875 556 65 177 44
rect:584 342 109 117 44
CanterburyNZSeries2010_09.jpg 0x0
rect:315 91 165 240 45
rect:300 218 178 409 39
CanterburyNZSeries2010_10.jpg 0x0
rect:265 406 214 131 6
rect:448 219 311 98 7
rect:384 247 272 55 46
rect:273 240 351 186 6
CanterburyNZSeries2010_11.jpg 0x0
rect:365 191 280 124 7
rect:292 362 363 148 5
CanterburyNZSeries2010_12.jpg 0x0
rect:132 610 199 58 11
rect:59 278 986 378 2
rect:5 273 858 482 47
rect:521 336 213 50 11
CanterburyNZSeries2010_13.jpg 0x0
rect:517 212 115 557 11
rect:140 17 353 502 12
Caracas1967_01.jpg 0x0
rect:359 87 150 252 48
rect:250 185 43 91 48
rect:291 183 11 63 48
rect:376 149 78 99 48
Caracas1967_02.jpg 0x0
rect:167 362 45 32 50
rect:322 1 130 112 15
rect:235 263 200 363 51
rect:91 425 46 73 49
Caracas1967_03.jpg 0x0
rect:261 66 79 85 14
rect:338 323 32 82 27
rect:251 327 45 49 26
rect:15 482 241 73 6
rect:324 287 96 124 34
rect:293 478 33 44 27
Caracas1967_04.jpg 0x0
rect:149 259 38 123 26
rect:145 360 207 208 34
rect:106 438 19 122 27
Caracas1967_05.jpg 0x0
rect:34 79 446 610 48
rect:194 465 33 215 40
rect:35 105 443 375 41
rect:348 265 47 150 40
rect:59 389 52 322 40
rect:233 220 111 193 52
rect:247 265 38 185 40
rect:71 298 262 191 52
rect:403 236 55 211 40
rect:169 301 60 285 40
Caracas1967_06.jpg 0x0
rect:441 69 217 260 7
rect:462 350 67 54 6
Caracas1967_07.jpg 0x0
rect:281 188 37 156 27
rect:538 394 115 120 53
rect:372 433 106 58 53
rect:456 52 37 245 27
rect:525 170 137 202 34
rect:423 8 101 299 34
rect:228 101 195 156 34
Caracas1967_08.jpg 0x0
rect:246 262 66 73 55
rect:367 164 98 152 54
rect:234 293 69 116 54
Caracas1967_09.jpg 0x0
rect:23 251 54 55 48
rect:123 210 129 91 48
rect:69 192 75 82 48
rect:436 10 252 122 48
Caracas1967_10.jpg 0x0
rect:16 180 548 369 48
rect:429 293 94 142 40
rect:46 226 280 441 41
rect:251 249 103 129 40
Caracas1967_11.jpg 0x0
rect:65 302 241 519 41
rect:325 15 139 287 41
rect:64 17 387 677 48
Caracas1967_12.jpg 0x0
rect:468 436 17 70 32
rect:659 268 26 44 34
rect:216 274 32 47 56
rect:603 325 24 43 32
Caracas1967_13.jpg 0x0
rect:189 373 175 183 55
Caracas1967_14.jpg 0x0
rect:143 319 312 54 6
rect:118 108 689 192 57
Chichi1999_01.jpg 0x0
rect:278 161 61 180 42
rect:4 10 744 177 58
Chichi1999_02.jpg 0x0
rect:6 128 488 209 58
rect:399 145 142 271 59
Chichi1999_03.jpg 0x0
rect:0 121 847 192 58
rect:69 133 70 141 60
Chichi1999_04.jpg 0x0
rect:149 194 65 364 48
rect:210 -20 53 160 48
rect:276 208 24 75 52
Chichi1999_05.jpg 0x0
rect:393 351 33 40 41
rect:351 164 112 163 48
rect:409 137 38 62 52
rect:457 122 44 71 41
Chichi1999_06.jpg 0x0
rect:482 -12 89 52 61
rect:591 169 28 66 41
rect:142 14 573 129 10
rect:300 177 42 91 48
rect:246 86 46 74 62
rect:316 291 27 39 52
Chichi1999_07.jpg 0x0
rect:165 120 26 53 64
rect:73 282 649 187 63
rect:550 179 50 116 48
rect:538 177 26 37 64
rect:816 325 17 27 64
rect:386 193 60 159 48
rect:185 236 46 167 48
Chichi1999_08.jpg 0x0
rect:122 19 708 532 10
Chichi1999_09.jpg 0x0
rect:158 100 38 73 40
rect:284 69 141 78 41
rect:190 73 53 92 40
rect:258 76 167 181 48
Chichi1999_10.jpg 0x0
rect:121 21 521 490 10
Chichi1999_11.jpg 0x0
rect:2 171 124 360 10
rect:148 217 88 112 65
Chichi1999_12.jpg 0x0
rect:8 33 531 618 66
Chichi1999_13.jpg 0x0
rect:33 49 687 394 10
Chichi1999_14.jpg 0x0
rect:334 469 21 34 39
rect:318 294 34 45 39
rect:112 526 29 30 67
rect:366 577 88 60 67
rect:101 236 43 76 67
rect:217 564 30 41 39
rect:192 333 36 69 67
rect:82 642 35 48 67
rect:130 438 27 36 67
rect:138 212 106 50 67
rect:368 532 33 41 67
rect:287 275 17 55 67
rect:102 359 34 48 67
rect:81 318 67 55 67
rect:206 346 17 24 39
rect:126 482 38 48 67
rect:150 537 38 43 67
Chichi1999_15.jpg 0x0
rect:297 25 254 482 41
Chichi1999_16.jpg 0x0
rect:225 97 77 137 32
Chichi1999_17.jpg 0x0
rect:137 379 32 53 32
Chichi1999_18.jpg 0x0
rect:149 241 48 73 69
rect:264 210 43 138 69
rect:237 241 54 150 70
rect:139 258 28 150 69
rect:132 184 125 441 68
rect:366 368 32 121 69
Chichi1999_19.jpg 0x0
rect:233 92 171 202 3
rect:193 20 287 314 2
YogyakartaInd2006_03.jpg 0x0
rect:259 342 233 39 15
rect:401 332 69 22 16
rect:308 26 68 2 15
rect:309 86 130 47 15
rect:409 63 81 36 16
rect:220 155 25 6 16
rect:288 377 214 155 71
rect:270 187 52 40 15
Chichi1999_20.jpg 0x0
rect:194 400 62 165 41
rect:232 277 92 364 42
Chichi1999_21.jpg 0x0
rect:198 144 150 263 72
rect:98 516 156 148 5
rect:429 43 273 199 37
rect:16 4 157 167 30
rect:182 255 122 162 6
rect:446 7 146 129 57
rect:248 387 153 102 37
rect:336 109 135 105 6
Chichi1999_22.jpg 0x0
rect:521 180 19 25 73
rect:184 184 360 123 10
rect:311 269 20 16 73
rect:233 178 16 20 73
Chichi1999_23.jpg 0x0
rect:275 283 50 59 34
rect:225 154 42 22 27
rect:250 343 61 106 73
rect:171 131 53 51 73
rect:99 377 40 63 34
rect:258 177 47 78 73
rect:119 382 61 105 73
rect:143 206 20 25 34
rect:4 52 475 143 74
rect:286 225 27 19 26
Chichi1999_24.jpg 0x0
rect:213 226 31 69 46
rect:3 385 311 212 74
rect:145 216 76 51 34
rect:283 371 1 2 46
rect:178 221 134 112 75
Chichi1999_25.jpg 0x0
rect:203 249 222 299 73
rect:137 313 154 168 34
rect:205 321 33 70 26
Chichi1999_26.jpg 0x0
rect:177 401 99 56 26
rect:239 270 129 276 76
rect:248 14 45 29 73
rect:271 228 56 87 73
rect:94 486 177 171 73
rect:156 546 156 132 27
Chichi1999_27.jpg 0x0
rect:181 202 82 301 32
Chichi1999_28.jpg 0x0
rect:148 106 116 248 5
rect:22 86 291 90 6
rect:231 127 215 198 75
rect:270 337 297 86 77
Chichi1999_29.jpg 0x0
rect:213 207 65 190 52
rect:101 172 184 311 48
rect:284 262 102 167 40
Chichi1999_30.jpg 0x0
rect:234 170 248 43 78
rect:174 146 353 338 40
rect:36 274 69 116 73
rect:235 109 152 86 52
Chichi1999_31.jpg 0x0
rect:579 95 33 210 48
rect:133 108 134 344 79
Chichi1999_32.jpg 0x0
rect:636 128 58 193 39
rect:120 9 108 458 80
rect:144 75 56 178 81
rect:159 205 36 121 81
Chichi1999_33.jpg 0x0
rect:268 126 29 80 49
rect:93 124 73 198 32
rect:54 64 136 554 33
rect:173 116 136 205 32
rect:139 179 59 124 49
rect:189 82 108 184 56
Chichi1999_34.jpg 0x0
rect:126 131 302 355 10
Duzce1999_01.jpg 0x0
rect:138 168 106 109 41
rect:142 69 107 393 39
Duzce1999_02.jpg 0x0
rect:80 38 185 294 41
Duzce1999_03.jpg 0x0
rect:278 154 123 225 31
rect:88 113 137 327 42
rect:0 118 119 203 31
Gediz1970_01.jpg 0x0
rect:302 492 81 200 69
rect:100 348 117 302 69
rect:122 93 308 435 68
Guatemala1976_01.jpg 0x0
rect:21 155 814 134 82
rect:30 187 91 106 48
rect:450 169 108 98 48
rect:75 160 47 47 41
rect:363 146 63 85 41
rect:45 149 53 51 52
Guatemala1976_02.jpg 0x0
rect:158 57 329 326 48
rect:330 55 76 84 40
Guatemala1976_03.jpg 0x0
rect:16 98 510 405 75
Guatemala1976_04.jpg 0x0
rect:418 364 98 294 4
rect:777 206 104 376 4
rect:33 71 565 290 30
rect:166 18 407 98 30
Guatemala1976_05.jpg 0x0
rect:181 106 299 143 40
rect:190 107 361 298 48
rect:163 205 211 121 41
Guatemala1976_06.jpg 0x0
rect:119 89 227 454 39
Guatemala1976_07.jpg 0x0
rect:19 326 60 58 6
rect:270 374 114 96 83
rect:24 166 551 333 10
Guatemala1976_08.jpg 0x0
rect:200 32 516 458 48
rect:233 98 215 346 40
rect:151 74 393 295 41
Guatemala1976_09.jpg 0x0
rect:719 357 58 63 85
rect:144 223 29 23 84
rect:322 229 95 39 85
rect:110 290 33 27 84
rect:454 321 66 42 84
rect:792 234 65 71 84
rect:107 214 41 25 85
rect:156 186 65 67 85
Guatemala1976_10.jpg 0x0
rect:205 238 291 276 86
rect:226 173 165 124 87
rect:407 268 33 105 87
Guatemala1976_11.jpg 0x0
rect:218 260 100 287 34
GujaratIndia2001_01.jpg 0x0
rect:33 277 143 147 4
rect:289 496 56 54 11
rect:68 607 84 41 2
rect:175 536 234 76 2
Haiti2010_01.jpg 0x0
rect:377 239 27 98 40
rect:549 178 130 112 4
rect:301 185 231 298 41
rect:598 490 210 151 4
rect:167 47 146 101 7
Haiti2010_02.jpg 0x0
rect:64 73 459 272 88
rect:354 40 173 44 14
Haiti2010_03.jpg 0x0
rect:373 1 59 569 32
rect:226 653 287 241 89
rect:173 436 157 275 32
rect:253 593 76 83 49
Haiti2010_04.jpg 0x0
rect:276 55 226 283 34
rect:2 148 313 152 6
rect:129 275 373 488 41
Haiti2010_05.jpg 0x0
rect:298 302 230 115 52
rect:293 172 25 108 40
rect:430 211 38 64 40
rect:219 205 319 567 90
Haiti2010_06.jpg 0x0
rect:454 194 632 832 91
rect:247 305 39 57 34
rect:410 155 195 437 33
rect:588 189 50 200 32
rect:264 339 215 459 91
rect:424 185 51 92 34
rect:449 190 61 48 6
ImperialValley1979_01.jpg 0x0
rect:45 404 97 85 50
rect:465 240 18 17 49
rect:531 406 34 39 32
rect:465 382 44 47 32
rect:310 337 47 51 32
rect:294 254 61 85 50
rect:337 415 31 20 49
rect:12 342 166 90 32
rect:17 348 67 93 49
rect:397 314 54 27 49
rect:482 282 27 29 50
ImperialValley1979_02.jpg 0x0
rect:275 106 159 306 32
rect:170 283 145 62 49
rect:141 187 389 80 92
rect:390 95 118 142 50
rect:293 222 35 179 50
rect:147 110 69 168 50
ImperialValley1979_03.jpg 0x0
rect:215 263 111 129 50
rect:236 279 59 197 50
rect:190 186 165 127 32
rect:172 274 231 162 32
rect:113 284 61 180 50
rect:122 560 218 52 92
rect:126 330 322 32 92
Izmit1999_01.jpg 0x0
rect:140 84 327 331 34
rect:244 302 40 122 27
rect:208 99 45 166 27
rect:644 362 47 66 26
rect:188 130 29 100 27
Izmit1999_02.jpg 0x0
rect:21 94 849 309 10
Izmit1999_03.jpg 0x0
rect:204 122 71 248 50
rect:348 74 39 163 50
rect:168 117 29 145 50
rect:159 78 220 339 32
rect:193 172 335 44 92
rect:125 51 420 376 93
rect:286 76 34 191 50
rect:407 81 55 315 50
Izmit1999_04.jpg 0x0
rect:41 381 46 137 41
rect:293 85 81 64 41
rect:315 90 97 99 48
rect:75 456 225 144 88
rect:383 367 64 58 41
rect:52 584 43 95 42
rect:48 442 77 76 34
rect:478 266 28 77 40
rect:453 285 20 70 40
rect:128 207 154 90 88
Izmit1999_05.jpg 0x0
rect:125 22 734 290 10
Izmit1999_06.jpg 0x0
rect:129 184 153 94 49
rect:105 221 101 287 50
rect:266 297 30 129 50
rect:278 231 37 130 50
rect:87 287 72 168 50
rect:92 165 169 408 32
Izmit1999_07.jpg 0x0
rect:205 190 30 120 3
rect:28 102 291 698 2
rect:258 221 56 73 3
rect:449 261 89 386 4
rect:399 55 140 56 6
rect:258 86 93 79 3
rect:127 363 31 94 3
Izmit1999_08.jpg 0x0
rect:572 76 41 39 52
rect:187 526 70 111 45
rect:174 21 113 105 34
rect:134 157 87 77 41
rect:418 60 68 81 41
rect:265 287 171 128 88
rect:545 6 81 73 45
Izmit1999_09.jpg 0x0
rect:722 191 73 97 94
rect:586 219 43 57 41
rect:403 294 106 88 41
rect:324 249 92 123 94
rect:54 244 31 53 41
rect:215 233 43 42 41
Izmit1999_10.jpg 0x0
rect:112 425 273 75 78
rect:67 161 336 398 41
rect:145 419 133 32 78
rect:222 155 60 214 40
rect:216 671 94 31 78
rect:168 151 108 334 40
rect:206 107 102 110 40
rect:58 110 111 197 40
rect:263 434 119 91 40
rect:228 419 51 66 40
rect:36 258 281 40 78
Izmit1999_11.jpg 0x0
rect:256 178 171 184 41
rect:191 170 94 110 40
rect:375 310 65 141 40
rect:206 346 68 197 40
rect:257 401 94 161 41
Izmit1999_12.jpg 0x0
rect:499 228 57 54 41
rect:1 151 31 29 41
rect:398 129 64 82 45
rect:236 256 66 110 41
rect:74 82 28 27 6
rect:300 245 63 140 52
rect:390 33 67 73 34
rect:41 225 49 80 94
rect:360 168 47 30 6
rect:369 121 49 79 41
rect:208 282 95 79 88
rect:58 206 46 55 52
rect:352 123 89 41 7
rect:408 217 75 111 94
rect:339 249 47 118 42
rect:84 203 23 41 40
rect:406 233 199 223 91
rect:14 56 33 26 6
Izmit1999_13.jpg 0x0
rect:78 137 40 57 6
rect:134 238 39 82 41
rect:149 261 93 75 52
rect:148 249 85 96 94
rect:212 81 83 92 41
rect:113 263 29 102 41
rect:232 109 148 267 48
rect:470 127 71 287 41
rect:4 100 64 225 42
Izmit1999_14.jpg 0x0
rect:57 187 108 72 34
rect:282 132 92 77 35
rect:381 75 94 95 34
rect:401 436 39 28 34
rect:603 441 47 40 34
rect:354 262 57 41 34
rect:309 7 174 83 35
rect:512 316 61 45 34
rect:321 49 52 64 95
Izmit1999_15.jpg 0x0
rect:176 235 213 271 42
Izmit1999_16.jpg 0x0
rect:222 127 54 93 40
rect:114 112 215 139 41
rect:101 74 194 338 39
rect:71 70 376 567 33
Izmit1999_17.jpg 0x0
rect:103 108 225 181 41
Izmit1999_18.jpg 0x0
rect:234 149 126 365 39
rect:202 150 171 120 41
Izmit1999_19.jpg 0x0
rect:421 168 24 115 50
rect:250 132 274 266 32
rect:199 74 301 390 96
rect:334 128 24 78 50
Kobe1995_01.jpg 0x0
rect:34 162 581 126 63
Kobe1995_02.jpg 0x0
rect:2 69 494 573 68
Kobe1995_03.jpg 0x0
rect:29 53 573 528 10
Kobe1995_04.jpg 0x0
rect:436 232 66 59 41
Kobe1995_05.jpg 0x0
rect:349 104 120 428 40
rect:50 223 454 57 78
rect:104 396 385 103 78
rect:4 159 96 444 40
rect:142 128 261 634 52
Kobe1995_06.jpg 0x0
rect:62 180 472 409 41
rect:159 271 364 292 42
Kobe1995_07.jpg 0x0
rect:230 232 45 41 39
rect:52 183 35 59 39
rect:507 217 44 60 39
rect:259 374 30 33 39
rect:271 307 50 33 39
rect:491 329 31 33 39
rect:524 411 41 41 39
rect:392 249 36 58 39
rect:281 392 48 33 39
rect:308 225 44 40 39
rect:280 274 21 29 39
rect:284 242 37 33 39
rect:122 212 25 50 39
rect:151 449 23 29 39
rect:311 280 38 53 39
rect:297 318 37 48 39
rect:397 172 32 44 39
rect:88 280 40 25 39
rect:359 141 35 51 39
rect:164 174 44 32 39
rect:41 441 47 33 39
rect:201 212 44 44 39
rect:194 130 49 39 39
rect:230 81 31 36 39
rect:198 246 31 51 39
rect:200 94 43 32 39
Kobe1995_08.jpg 0x0
rect:388 54 309 194 97
Kobe1995_09.jpg 0x0
rect:157 755 199 91 97
rect:83 538 68 52 88
rect:102 504 90 114 88
rect:92 678 88 66 88
SanSalvador_1986_01.jpg 0x0
rect:248 207 144 168 41
rect:62 3 132 199 68
SanSalvador_1986_02.jpg 0x0
rect:182 312 22 44 41
rect:331 199 23 43 41
rect:456 151 13 28 41
rect:177 245 31 25 41
rect:327 211 47 43 41
rect:619 271 35 42 41
rect:353 188 33 45 42
rect:161 166 28 39 41
rect:423 187 43 43 41
SikkimIndia2001_01.jpg 0x0
rect:155 186 163 91 34
SikkimIndia2001_02.jpg 0x0
rect:10 7 290 75 16
rect:439 312 97 15 16
rect:575 96 108 37 16
rect:9 145 65 58 54
rect:192 80 205 460 33
rect:-14 2 496 101 33
rect:565 103 111 182 33
rect:279 185 81 41 16
SikkimIndia2001_03.jpg 0x0
rect:286 153 83 166 70
rect:208 10 194 451 98
rect:219 82 59 138 69
SikkimIndia2001_04.jpg 0x0
rect:315 212 91 176 34
rect:3 36 206 285 99
rect:417 175 307 123 99
SumatraInd2009_01.jpg 0x0
rect:205 31 44 266 81
SumatraInd2009_02.jpg 0x0
rect:178 57 155 179 41
WhittierNarrows1987_01.jpg 0x0
rect:19 35 1036 282 10
WhittierNarrows1987_02.jpg 0x0
rect:216 344 96 235 41
WhittierNarrows1987_03.jpg 0x0
rect:287 94 187 319 32
WhittierNarrows1987_04.jpg 0x0
rect:229 13 301 122 100
rect:258 66 96 160 41
rect:175 9 395 57 6
YogyakartaInd2006_01.jpg 0x0
rect:180 -16 397 376 29
rect:376 178 248 77 49
rect:197 27 243 236 32
YogyakartaInd2006_02.jpg 0x0
rect:427 107 58 190 70
rect:292 59 171 311 98
rect:231 150 59 222 69
