Anchorage1964_01.jpg 0x0
rect:107 8 246 132 1
rect:83 408 273 222 1
Anchorage1964_02.jpg 0x0
rect:430 240 23 71 3
rect:352 266 24 59 3
rect:93 43 88 16 6
rect:173 112 60 56 7
rect:220 305 391 100 2
rect:322 43 242 58 4
rect:473 67 108 110 8
rect:233 200 17 72 3
rect:92 230 60 17 6
rect:550 230 27 51 3
rect:346 316 27 76 3
rect:41 17 116 53 5
rect:549 295 11 47 3
rect:316 190 23 61 3
rect:498 225 18 43 3
rect:162 55 97 69 4
rect:74 282 21 19 6
rect:33 192 159 50 5
rect:561 234 111 45 4
Anchorage1964_03.jpg 0x0
rect:0 234 800 67 10
rect:2 154 297 58 9
rect:233 90 439 136 9
Anchorage1964_04.jpg 0x0
rect:450 168 24 20 5
rect:284 303 35 20 5
rect:202 119 25 17 5
rect:168 64 32 15 5
rect:140 49 26 14 5
rect:314 437 20 26 5
rect:364 159 29 21 5
rect:187 99 40 16 5
rect:200 395 69 16 2
rect:255 245 9 1 1
rect:363 296 17 23 1
rect:134 302 31 23 5
rect:342 321 36 22 5
rect:264 273 17 23 1
rect:445 270 28 17 5
rect:154 453 27 14 5
rect:217 279 16 31 1
rect:194 33 36 17 5
rect:422 68 43 17 5
rect:446 203 30 18 5
rect:177 233 22 27 8
rect:207 516 42 20 5
rect:402 227 23 15 5
rect:309 36 40 25 5
rect:325 153 14 21 1
rect:221 248 12 23 1
rect:313 196 16 20 1
rect:328 418 31 18 5
rect:250 159 10 18 1
rect:196 213 32 18 5
rect:347 318 16 22 1
rect:396 97 37 21 5
rect:259 148 25 21 1
rect:356 329 27 31 1
rect:197 214 19 22 5
rect:279 141 36 15 5
rect:192 398 28 14 5
rect:310 406 18 27 1
rect:125 467 44 14 5
Anchorage1964_05.jpg 0x0
rect:101 246 17 47 1
rect:255 43 136 42 6
rect:591 28 25 57 1
rect:320 1 46 54 1
rect:620 231 59 66 1
rect:43 227 23 28 1
rect:307 142 29 62 1
rect:837 246 55 21 6
rect:588 81 41 57 1
rect:434 174 76 30 5
rect:413 177 44 18 11
rect:87 48 22 49 1
rect:547 493 47 85 8
rect:412 168 30 69 1
rect:808 418 58 19 6
rect:82 164 17 39 1
rect:154 34 116 35 5
rect:312 274 55 89 8
rect:557 260 63 42 5
rect:124 33 19 38 1
rect:263 125 140 76 2
rect:45 393 30 41 1
rect:69 120 13 32 1
rect:167 112 118 19 5
rect:101 95 16 61 1
rect:34 458 29 58 1
rect:309 144 16 25 11
rect:373 94 36 48 1
rect:171 120 103 33 6
Anchorage1964_06.jpg 0x0
rect:230 308 69 105 11
rect:123 171 97 274 3
rect:114 88 158 550 12
Anchorage1964_07.jpg 0x0
rect:8 85 917 441 2
rect:378 91 41 157 3
rect:455 133 43 103 13
rect:253 2 97 75 2
rect:8 350 385 33 14
rect:467 169 86 71 11
rect:298 326 300 263 2
rect:20 304 360 42 11
rect:287 96 107 138 11
Anchorage1964_08.jpg 0x0
rect:37 86 120 153 1
rect:295 35 134 104 1
rect:49 233 97 73 1
rect:355 423 145 167 1
rect:416 300 101 120 1
rect:51 361 132 171 1
Anchorage1964_09.jpg 0x0
rect:20 161 25 9 16
rect:649 34 102 67 8
rect:719 94 122 23 15
rect:128 131 61 77 1
rect:13 13 408 16 15
rect:229 166 65 80 1
rect:519 8 307 14 15
rect:368 143 102 75 1
rect:96 375 89 62 8
rect:38 167 42 12 16
rect:15 17 65 16 16
rect:13 145 86 14 15
rect:568 10 80 11 16
rect:434 253 87 56 8
rect:283 182 69 58 1
rect:70 54 75 68 8
rect:195 143 319 13 15
rect:747 143 1 1 16
rect:480 103 89 24 15
Anchorage1964_10.jpg 0x0
rect:221 372 77 139 17
rect:51 245 313 417 1
rect:205 174 179 84 18
rect:93 335 301 97 18
Anchorage1964_11.jpg 0x0
rect:166 44 203 135 4
rect:92 417 499 14 14
rect:141 257 666 78 2
rect:424 103 164 71 1
rect:293 246 263 40 11
rect:276 163 380 21 15
rect:474 7 133 35 1
rect:100 473 507 25 14
Anchorage1964_12.jpg 0x0
rect:445 59 46 209 3
rect:12 84 549 350 2
rect:138 203 34 100 3
rect:375 73 59 258 3
rect:460 108 227 211 11
Anchorage1964_13.jpg 0x0
rect:308 673 85 12 19
rect:556 496 38 137 20
rect:387 622 148 26 2
Anchorage1964_14.jpg 0x0
rect:539 5 104 153 11
rect:279 12 64 192 11
rect:318 267 180 50 15
rect:438 788 182 60 23
rect:7 484 172 101 11
rect:152 594 49 63 22
rect:124 461 51 63 22
rect:75 291 150 34 15
rect:204 13 116 678 20
rect:57 714 51 53 22
rect:21 493 27 62 22
rect:187 347 61 76 21
Anchorage1964_15.jpg 0x0
rect:217 452 255 60 2
rect:244 9 69 57 4
rect:244 139 44 55 11
rect:468 326 73 41 24
rect:260 146 51 87 25
rect:385 218 141 42 11
rect:508 10 100 56 4
rect:196 245 184 31 15
rect:168 74 81 555 20
Anchorage1964_16.jpg 0x0
rect:12 121 208 199 2
rect:279 279 359 165 11
rect:17 429 51 106 2
rect:69 364 85 97 11
rect:224 89 267 172 2
rect:632 154 131 163 2
Anchorage1964_17.jpg 0x0
rect:8 264 507 234 10
rect:9 157 208 150 9
rect:327 54 278 278 9
Anchorage1964_18.jpg 0x0
rect:389 109 88 71 4
rect:459 348 44 16 2
rect:181 238 78 50 11
rect:530 190 79 56 4
rect:183 172 65 146 4
rect:327 313 81 25 2
rect:122 223 24 36 11
rect:729 248 82 15 2
rect:302 299 43 76 11
rect:301 364 442 24 15
Anchorage1964_19.jpg 0x0
rect:362 126 29 40 27
rect:907 255 8 13 26
rect:288 119 74 35 26
rect:568 113 22 36 26
rect:6 234 68 112 26
rect:566 210 10 30 26
rect:506 173 18 65 29
rect:509 151 30 33 26
rect:486 87 35 82 29
rect:569 256 13 25 26
rect:379 86 55 168 29
rect:342 289 22 48 26
rect:589 149 7 20 26
rect:595 160 37 45 28
rect:389 288 30 43 28
rect:317 210 33 92 26
rect:36 226 26 72 27
rect:689 150 7 7 26
Anchorage1964_20.jpg 0x0
rect:193 104 69 49 27
rect:181 76 148 183 29
rect:141 115 101 73 26
rect:627 566 43 66 26
rect:283 562 60 150 26
Anchorage1964_21.jpg 0x0
rect:-6 54 89 113 29
rect:40 322 27 44 26
rect:2 105 35 38 26
rect:214 215 738 211 30
Bingol2003_01.jpg 0x0
rect:183 185 89 91 33
rect:544 476 106 30 33
rect:574 322 43 222 32
rect:452 306 55 49 6
rect:704 90 90 70 6
rect:463 273 46 68 6
rect:256 149 53 69 33
rect:558 205 46 150 34
rect:583 222 101 57 33
rect:2 402 989 184 10
rect:501 322 43 75 34
rect:26 336 83 55 33
rect:298 115 67 23 6
rect:531 381 220 164 31
rect:357 511 98 93 6
rect:599 464 81 67 33
rect:465 551 225 53 6
rect:527 94 64 59 6
rect:475 85 208 138 31
Bingol2003_02.jpg 0x0
rect:273 233 879 601 31
rect:111 599 164 226 32
rect:218 185 68 321 32
rect:620 428 120 88 26
rect:473 458 93 75 6
rect:627 71 104 97 36
rect:362 295 487 101 35
rect:154 96 426 188 34
Bingol2003_03.jpg 0x0
rect:327 157 451 150 2
rect:467 236 285 577 4
rect:390 175 179 68 11
rect:654 313 346 477 2
rect:136 43 139 116 33
rect:491 -6 213 182 4
rect:101 31 122 41 2
Bingol2003_04.jpg 0x0
rect:197 472 49 160 3
rect:244 191 200 194 4
rect:257 383 22 109 3
rect:98 453 38 90 3
rect:163 372 302 177 2
rect:64 412 125 86 2
rect:68 615 20 57 3
rect:340 587 136 84 2
CanterburyNZSeries2010_01.jpg 0x0
rect:96 110 104 354 12
CanterburyNZSeries2010_02.jpg 0x0
rect:35 10 222 273 37
rect:58 46 191 287 6
CanterburyNZSeries2010_03.jpg 0x0
rect:46 59 306 113 38
CanterburyNZSeries2010_04.jpg 0x0
rect:229 333 28 143 40
rect:185 8 125 176 42
rect:205 417 33 53 40
rect:196 447 89 274 41
rect:340 295 21 62 40
rect:188 269 178 321 39
rect:297 459 16 78 40
rect:311 316 50 154 40
CanterburyNZSeries2010_05.jpg 0x0
rect:389 343 262 412 4
rect:217 147 149 129 15
CanterburyNZSeries2010_06.jpg 0x0
rect:68 97 977 726 4
rect:320 308 191 140 2
CanterburyNZSeries2010_08.jpg 0x0
rect:658 105 225 175 43
rect:612 470 45 173 44
rect:774 416 42 166 32
rect:554 385 98 97 44
CanterburyNZSeries2010_09.jpg 0x0
rect:177 156 228 189 45
rect:216 225 189 286 39
CanterburyNZSeries2010_10.jpg 0x0
rect:164 447 316 133 6
rect:337 156 248 95 7
rect:371 300 200 102 46
rect:201 266 313 171 6
CanterburyNZSeries2010_11.jpg 0x0
rect:222 392 369 216 5
rect:294 237 232 85 7
CanterburyNZSeries2010_12.jpg 0x0
rect:46 257 1017 317 2
rect:239 577 117 40 11
rect:4 332 907 409 47
rect:666 396 226 80 11
CanterburyNZSeries2010_13.jpg 0x0
rect:289 139 87 615 11
rect:114 20 539 580 12
Caracas1967_01.jpg 0x0
rect:330 191 54 90 48
rect:359 135 13 63 48
rect:267 124 68 70 48
rect:367 53 147 292 48
Caracas1967_02.jpg 0x0
rect:277 1 114 111 15
rect:172 336 44 27 50
rect:175 158 163 332 51
rect:126 298 42 58 49
Caracas1967_03.jpg 0x0
rect:15 296 248 116 6
rect:303 338 87 173 34
rect:363 290 27 96 27
rect:276 88 98 90 14
rect:250 388 33 81 27
rect:329 294 73 74 26
Caracas1967_04.jpg 0x0
rect:119 265 207 117 34
rect:195 352 25 117 27
rect:125 247 40 86 26
Caracas1967_05.jpg 0x0
rect:72 397 52 325 40
rect:41 120 413 777 48
rect:252 237 39 148 40
rect:193 274 121 133 52
rect:64 262 219 139 52
rect:219 312 60 229 40
rect:51 96 438 521 41
rect:103 367 48 238 40
rect:207 283 51 265 40
rect:306 145 56 248 40
Caracas1967_06.jpg 0x0
rect:328 71 346 200 7
rect:416 286 103 62 6
Caracas1967_07.jpg 0x0
rect:146 186 57 180 27
rect:310 8 73 200 34
rect:397 206 100 288 34
rect:407 252 108 132 53
rect:336 64 32 293 27
rect:229 166 118 176 34
rect:376 470 88 54 53
Caracas1967_08.jpg 0x0
rect:262 266 52 73 55
rect:446 189 61 155 54
rect:253 332 76 123 54
Caracas1967_09.jpg 0x0
rect:545 15 207 146 48
rect:145 180 91 83 48
rect:27 253 59 48 48
rect:73 264 51 56 48
Caracas1967_10.jpg 0x0
rect:318 239 87 160 40
rect:15 207 530 391 48
rect:512 337 52 187 40
rect:51 258 300 315 41
Caracas1967_11.jpg 0x0
rect:303 15 141 223 41
rect:62 279 221 490 41
rect:63 14 432 571 48
Caracas1967_12.jpg 0x0
rect:450 175 35 45 34
rect:749 292 24 52 32
rect:750 393 30 49 32
rect:311 370 24 55 56
Caracas1967_13.jpg 0x0
rect:189 474 171 200 55
Caracas1967_14.jpg 0x0
rect:124 137 668 197 57
rect:109 288 356 44 6
Chichi1999_01.jpg 0x0
rect:372 137 47 155 42
rect:3 7 594 117 58
Chichi1999_02.jpg 0x0
rect:6 109 325 161 58
rect:302 92 142 472 59
Chichi1999_03.jpg 0x0
rect:0 159 838 188 58
rect:75 129 70 106 60
Chichi1999_04.jpg 0x0
rect:209 -20 50 130 48
rect:253 176 33 54 52
rect:199 250 63 364 48
Chichi1999_05.jpg 0x0
rect:504 107 48 64 41
rect:280 89 88 199 48
rect:381 295 29 34 41
rect:478 239 44 74 52
Chichi1999_06.jpg 0x0
rect:166 22 561 128 10
rect:618 -11 69 76 61
rect:642 134 48 55 41
rect:372 146 55 68 62
rect:286 153 34 82 48
rect:379 257 21 33 52
Chichi1999_07.jpg 0x0
rect:50 280 547 152 63
rect:537 251 30 42 64
rect:574 234 52 125 48
rect:200 132 62 172 48
rect:129 112 25 42 64
rect:328 225 33 131 48
rect:422 205 15 18 64
Chichi1999_08.jpg 0x0
rect:101 15 595 352 10
Chichi1999_09.jpg 0x0
rect:217 128 46 73 40
rect:163 48 188 139 48
rect:184 77 91 100 41
rect:243 90 40 71 40
Chichi1999_10.jpg 0x0
rect:135 22 411 340 10
Chichi1999_11.jpg 0x0
rect:118 169 121 107 65
rect:2 114 214 514 10
Chichi1999_12.jpg 0x0
rect:10 24 458 689 66
Chichi1999_13.jpg 0x0
rect:40 35 890 504 10
Chichi1999_14.jpg 0x0
rect:481 560 31 48 67
rect:283 474 35 31 39
rect:230 361 34 59 67
rect:52 446 45 49 67
rect:104 308 63 46 67
rect:271 387 26 23 39
rect:338 609 28 35 39
rect:227 216 18 35 67
rect:123 315 31 73 67
rect:87 337 72 46 67
rect:136 303 39 50 67
rect:207 498 35 56 67
rect:132 524 33 46 67
rect:76 480 26 28 67
rect:184 170 107 47 67
rect:356 200 43 32 39
rect:351 449 67 80 67
Chichi1999_15.jpg 0x0
rect:222 25 348 320 41
Chichi1999_16.jpg 0x0
rect:237 147 89 102 32
Chichi1999_17.jpg 0x0
rect:126 361 26 46 32
Chichi1999_18.jpg 0x0
rect:223 330 54 97 70
rect:193 197 39 134 69
rect:360 232 26 150 69
rect:186 247 22 154 69
rect:173 245 157 549 68
rect:237 204 40 96 69
Chichi1999_19.jpg 0x0
rect:161 16 360 453 2
rect:165 85 187 372 3
YogyakartaInd2006_03.jpg 0x0
rect:249 365 339 187 71
rect:170 533 168 27 15
rect:194 19 100 2 15
rect:241 190 27 9 16
rect:293 375 60 29 16
rect:294 107 48 31 15
rect:245 63 149 45 15
rect:370 73 81 37 16
Chichi1999_20.jpg 0x0
rect:340 494 53 239 41
rect:186 215 142 315 42
Chichi1999_21.jpg 0x0
rect:420 35 295 174 37
rect:232 342 90 129 6
rect:57 499 201 97 5
rect:194 299 185 153 37
rect:248 79 237 299 72
rect:22 4 224 104 30
rect:312 7 171 139 57
rect:280 150 143 117 6
Chichi1999_22.jpg 0x0
rect:423 246 12 23 73
rect:175 113 250 195 10
rect:315 302 11 25 73
rect:210 227 13 18 73
Chichi1999_23.jpg 0x0
rect:145 434 51 107 34
rect:256 364 61 95 73
rect:317 226 23 18 27
rect:146 155 63 42 73
rect:95 345 49 104 73
rect:316 180 33 60 73
rect:366 206 31 26 26
rect:101 197 24 30 34
rect:253 283 50 93 34
rect:4 47 362 224 74
Chichi1999_24.jpg 0x0
rect:3 390 316 266 74
rect:209 282 95 64 34
rect:218 179 51 78 46
rect:246 262 1 2 46
rect:228 142 104 122 75
Chichi1999_25.jpg 0x0
rect:186 196 123 282 73
rect:232 267 145 284 34
rect:257 243 37 74 26
Chichi1999_26.jpg 0x0
rect:176 13 59 30 73
rect:172 140 44 99 73
rect:106 705 93 153 73
rect:161 462 127 79 27
rect:138 586 74 87 26
rect:249 320 122 420 76
Chichi1999_27.jpg 0x0
rect:145 226 97 422 32
Chichi1999_28.jpg 0x0
rect:359 319 222 144 77
rect:21 53 191 138 6
rect:301 157 163 172 75
rect:194 73 111 168 5
Chichi1999_29.jpg 0x0
rect:245 240 87 125 52
rect:158 241 143 129 40
rect:160 161 171 259 48
Chichi1999_30.jpg 0x0
rect:263 84 339 324 40
rect:251 225 158 43 78
rect:218 176 201 88 52
rect:38 315 110 116 73
Chichi1999_31.jpg 0x0
rect:169 101 113 364 79
rect:565 113 37 207 48
Chichi1999_32.jpg 0x0
rect:570 109 40 187 39
rect:168 73 39 118 81
rect:205 145 29 99 81
rect:165 10 129 492 80
Chichi1999_33.jpg 0x0
rect:124 207 41 153 49
rect:85 82 131 412 33
rect:232 114 144 374 32
rect:297 111 33 153 49
rect:112 104 88 228 32
rect:297 100 100 303 56
Chichi1999_34.jpg 0x0
rect:163 119 484 457 10
Duzce1999_01.jpg 0x0
rect:112 58 84 238 39
rect:111 186 122 144 41
Duzce1999_02.jpg 0x0
rect:103 58 194 346 41
Duzce1999_03.jpg 0x0
rect:0 173 93 305 31
rect:111 94 108 178 42
rect:215 88 111 310 31
Gediz1970_01.jpg 0x0
rect:121 339 105 368 69
rect:304 539 97 220 69
rect:137 116 219 691 68
Guatemala1976_01.jpg 0x0
rect:39 117 73 94 48
rect:47 154 58 47 52
rect:64 174 34 50 41
rect:550 155 155 111 48
rect:19 98 584 203 82
rect:627 218 85 82 41
Guatemala1976_02.jpg 0x0
rect:124 74 298 200 48
rect:185 86 100 121 40
Guatemala1976_03.jpg 0x0
rect:21 77 800 241 75
Guatemala1976_04.jpg 0x0
rect:36 83 390 309 30
rect:555 358 92 275 4
rect:462 178 115 433 4
rect:123 27 403 57 30
Guatemala1976_05.jpg 0x0
rect:137 83 411 381 48
rect:136 164 229 171 41
rect:117 114 255 176 40
Guatemala1976_06.jpg 0x0
rect:152 74 275 356 39
Guatemala1976_07.jpg 0x0
rect:23 213 330 273 10
rect:296 464 162 91 83
rect:18 227 50 70 6
Guatemala1976_08.jpg 0x0
rect:282 91 216 324 40
rect:151 41 337 479 48
rect:204 53 310 308 41
Guatemala1976_09.jpg 0x0
rect:255 237 50 31 85
rect:511 195 45 53 85
rect:75 254 37 25 84
rect:136 203 54 53 85
rect:434 341 59 70 84
rect:71 324 40 28 85
rect:138 392 33 27 84
rect:518 252 62 50 84
Guatemala1976_10.jpg 0x0
rect:223 142 186 363 86
rect:141 92 247 163 87
rect:375 312 29 80 87
Guatemala1976_11.jpg 0x0
rect:161 239 147 255 34
GujaratIndia2001_01.jpg 0x0
rect:80 406 80 38 2
rect:163 360 227 77 2
rect:308 463 40 50 11
rect:37 314 222 138 4
Haiti2010_01.jpg 0x0
rect:487 325 187 163 4
rect:178 32 90 112 7
rect:486 238 128 115 4
rect:304 216 33 92 40
rect:374 100 152 319 41
Haiti2010_02.jpg 0x0
rect:36 120 383 181 88
rect:360 23 173 49 14
Haiti2010_03.jpg 0x0
rect:165 530 237 167 89
rect:261 353 204 227 32
rect:198 393 88 62 49
rect:359 1 61 415 32
Haiti2010_04.jpg 0x0
rect:2 135 299 164 6
rect:201 336 269 705 41
rect:158 40 226 201 34
Haiti2010_05.jpg 0x0
rect:263 249 45 63 40
rect:314 135 195 551 90
rect:288 227 156 129 52
rect:189 178 32 118 40
Haiti2010_06.jpg 0x0
rect:198 310 300 259 91
rect:288 219 202 323 33
rect:451 234 57 42 6
rect:247 346 51 48 34
rect:600 120 89 101 34
rect:461 268 57 268 32
rect:695 225 810 773 91
ImperialValley1979_01.jpg 0x0
rect:571 348 32 17 49
rect:16 255 62 83 49
rect:420 330 31 22 49
rect:558 227 33 23 32
rect:11 361 111 153 32
rect:66 370 84 135 50
rect:256 234 66 57 32
rect:363 255 14 16 49
rect:508 406 36 35 50
rect:280 329 61 81 50
rect:399 293 45 29 32
ImperialValley1979_02.jpg 0x0
rect:199 139 401 79 92
rect:353 141 62 215 50
rect:176 173 142 48 49
rect:234 122 58 245 50
rect:289 80 176 217 32
rect:255 116 51 127 50
ImperialValley1979_03.jpg 0x0
rect:74 283 264 38 92
rect:142 152 157 187 32
rect:96 198 247 188 32
rect:80 259 110 171 50
rect:140 319 214 54 92
rect:166 371 67 154 50
rect:392 360 74 137 50
Izmit1999_01.jpg 0x0
rect:304 298 26 89 27
rect:275 161 48 181 27
rect:269 108 55 160 27
rect:381 349 57 90 26
rect:214 70 323 394 34
Izmit1999_02.jpg 0x0
rect:24 127 890 337 10
Izmit1999_03.jpg 0x0
rect:497 112 53 219 50
rect:204 107 68 199 50
rect:389 86 42 206 50
rect:162 42 474 485 93
rect:188 140 304 28 92
rect:283 188 49 218 50
rect:160 75 281 356 32
rect:289 108 25 250 50
Izmit1999_04.jpg 0x0
rect:383 403 62 96 41
rect:404 59 103 121 48
rect:468 337 27 46 40
rect:177 205 105 64 88
rect:41 527 50 60 34
rect:220 66 65 80 41
rect:436 459 15 63 40
rect:110 728 256 164 88
rect:47 392 42 132 41
rect:69 400 41 60 42
Izmit1999_05.jpg 0x0
rect:117 25 724 469 10
Izmit1999_06.jpg 0x0
rect:291 306 42 163 50
rect:102 334 56 243 50
rect:194 211 106 262 50
rect:375 291 54 186 50
rect:102 116 156 578 32
rect:206 306 184 76 49
Izmit1999_07.jpg 0x0
rect:352 203 50 112 3
rect:317 164 84 94 3
rect:297 272 83 287 4
rect:283 48 165 62 6
rect:185 402 43 147 3
rect:27 142 387 656 2
rect:233 281 46 96 3
Izmit1999_08.jpg 0x0
rect:118 25 104 138 34
rect:135 146 90 71 41
rect:379 94 80 96 41
rect:357 5 119 87 45
rect:447 97 52 33 52
rect:136 384 95 117 45
rect:219 295 178 123 88
Izmit1999_09.jpg 0x0
rect:296 242 55 38 41
rect:286 304 95 88 41
rect:505 275 68 82 41
rect:763 249 54 75 94
rect:37 155 37 54 41
rect:321 256 92 109 94
Izmit1999_10.jpg 0x0
rect:340 462 57 74 40
rect:324 423 82 122 40
rect:141 236 219 72 78
rect:34 255 419 45 78
rect:273 457 73 24 78
rect:84 97 373 490 41
rect:130 501 103 49 78
rect:300 99 108 114 40
rect:79 105 103 181 40
rect:117 224 89 267 40
rect:245 157 53 156 40
Izmit1999_11.jpg 0x0
rect:236 242 88 144 40
rect:180 370 141 95 41
rect:171 354 46 178 40
rect:269 259 77 200 40
rect:245 194 133 223 41
Izmit1999_12.jpg 0x0
rect:579 248 57 77 41
rect:55 240 57 110 94
rect:264 280 68 187 94
rect:369 117 36 63 45
rect:308 272 58 102 52
rect:61 312 61 43 52
rect:20 74 47 28 6
rect:432 65 41 68 41
rect:158 190 76 60 88
rect:559 148 69 67 7
rect:83 286 30 61 40
rect:102 84 38 28 6
rect:1 238 31 40 41
rect:229 374 69 113 41
rect:399 233 198 174 91
rect:583 20 112 70 34
rect:318 219 35 35 6
rect:246 203 56 103 42
Izmit1999_13.jpg 0x0
rect:105 272 130 142 94
rect:239 110 91 96 41
rect:128 247 73 64 52
rect:176 325 29 67 41
rect:95 250 35 129 41
rect:413 205 116 278 41
rect:98 153 53 32 6
rect:4 90 118 183 42
rect:219 58 203 319 48
Izmit1999_14.jpg 0x0
rect:404 287 47 18 34
rect:587 321 75 34 34
rect:39 184 96 46 34
rect:477 51 70 70 95
rect:489 145 94 59 35
rect:461 222 76 33 34
rect:206 352 44 31 34
rect:347 68 66 82 34
rect:517 8 187 77 35
Izmit1999_15.jpg 0x0
rect:133 242 277 424 42
Izmit1999_16.jpg 0x0
rect:102 51 195 213 39
rect:117 82 431 575 33
rect:113 118 191 107 41
rect:184 135 45 135 40
Izmit1999_17.jpg 0x0
rect:130 95 250 293 41
Izmit1999_18.jpg 0x0
rect:149 177 110 141 41
rect:141 189 99 271 39
Izmit1999_19.jpg 0x0
rect:334 184 22 108 50
rect:219 95 199 231 32
rect:181 82 266 300 96
rect:542 215 31 57 50
Kobe1995_01.jpg 0x0
rect:34 135 745 161 63
Kobe1995_02.jpg 0x0
rect:2 61 401 658 68
Kobe1995_03.jpg 0x0
rect:47 51 518 517 10
Kobe1995_04.jpg 0x0
rect:303 389 46 44 41
Kobe1995_05.jpg 0x0
rect:31 342 335 69 78
rect:92 217 183 484 52
rect:295 193 134 479 40
rect:122 645 283 142 78
rect:4 113 156 583 40
Kobe1995_06.jpg 0x0
rect:69 156 353 431 41
rect:210 436 274 343 42
Kobe1995_07.jpg 0x0
rect:213 319 35 27 39
rect:197 479 45 31 39
rect:53 277 48 31 39
rect:120 522 34 32 39
rect:418 257 48 56 39
rect:128 292 31 35 39
rect:334 199 39 59 39
rect:432 98 35 31 39
rect:112 248 29 35 39
rect:296 82 23 24 39
rect:348 165 46 43 39
rect:416 241 26 36 39
rect:443 192 31 38 39
rect:161 260 29 38 39
rect:551 245 31 39 39
rect:456 577 45 46 39
rect:283 367 24 36 39
rect:562 394 35 42 39
rect:51 331 30 34 39
rect:578 383 41 39 39
rect:88 207 41 31 39
rect:161 335 36 22 39
rect:463 317 33 42 39
rect:172 133 44 38 39
rect:217 329 28 35 39
rect:202 232 39 31 39
Kobe1995_08.jpg 0x0
rect:357 50 490 155 97
Kobe1995_09.jpg 0x0
rect:67 774 68 102 88
rect:231 502 250 61 97
rect:77 426 89 69 88
rect:69 386 64 70 88
SanSalvador_1986_01.jpg 0x0
rect:51 3 142 291 68
rect:287 133 120 193 41
SanSalvador_1986_02.jpg 0x0
rect:200 209 34 23 41
rect:167 180 33 38 41
rect:438 184 39 46 42
rect:306 203 60 38 41
rect:528 184 52 57 41
rect:354 160 30 40 41
rect:193 348 30 32 41
rect:265 118 20 30 41
rect:337 204 29 47 41
SikkimIndia2001_01.jpg 0x0
rect:182 182 102 133 34
SikkimIndia2001_02.jpg 0x0
rect:9 156 77 48 54
rect:505 79 103 178 33
rect:136 53 166 280 33
rect:398 92 89 28 16
rect:212 203 73 43 16
rect:-15 2 388 112 33
rect:10 5 379 86 16
rect:446 243 82 20 16
SikkimIndia2001_03.jpg 0x0
rect:243 67 74 200 69
rect:260 11 204 438 98
rect:254 227 74 227 70
SikkimIndia2001_04.jpg 0x0
rect:3 24 249 184 99
rect:349 157 152 166 34
rect:440 177 333 134 99
SumatraInd2009_01.jpg 0x0
rect:272 28 78 318 81
SumatraInd2009_02.jpg 0x0
rect:158 70 158 186 41
WhittierNarrows1987_01.jpg 0x0
rect:14 36 808 289 10
WhittierNarrows1987_02.jpg 0x0
rect:168 285 143 254 41
WhittierNarrows1987_03.jpg 0x0
rect:322 162 191 353 32
WhittierNarrows1987_04.jpg 0x0
rect:293 48 84 143 41
rect:252 8 237 60 6
rect:287 14 173 126 100
YogyakartaInd2006_01.jpg 0x0
rect:330 170 349 60 49
rect:208 39 280 324 32
rect:175 -26 298 362 29
YogyakartaInd2006_02.jpg 0x0
rect:381 126 51 242 69
rect:368 137 75 190 70
rect:243 67 95 390 98
