Anchorage1964_01.jpg 0x0
rect:73 497 249 215 1
rect:69 6 283 192 1
Anchorage1964_02.jpg 0x0
rect:69 43 79 15 6
rect:537 305 21 45 3
rect:547 177 70 70 4
rect:33 21 114 48 5
rect:176 294 419 109 2
rect:73 281 31 19 6
rect:190 220 27 75 3
rect:280 299 22 73 3
rect:285 43 204 60 4
rect:187 131 79 63 7
rect:155 56 87 75 4
rect:428 232 27 42 3
rect:192 257 21 69 3
rect:544 240 11 73 3
rect:487 51 160 96 8
rect:507 237 18 61 3
rect:22 145 119 56 5
rect:508 236 17 56 3
rect:115 262 37 20 6
Anchorage1964_03.jpg 0x0
rect:0 236 868 49 10
rect:2 287 244 58 9
rect:308 112 373 145 9
Anchorage1964_04.jpg 0x0
rect:170 285 25 11 5
rect:328 407 6 1 1
rect:245 399 9 17 1
rect:244 334 16 24 1
rect:445 351 31 22 5
rect:380 346 34 14 5
rect:288 190 16 23 8
rect:157 315 56 14 2
rect:296 202 18 25 1
rect:160 171 21 21 5
rect:117 68 24 13 5
rect:223 176 13 18 1
rect:170 249 32 23 5
rect:136 437 30 19 5
rect:241 235 29 13 5
rect:375 282 32 16 5
rect:327 172 32 16 5
rect:349 133 22 31 1
rect:235 374 17 26 1
rect:162 260 43 22 5
rect:310 101 34 23 5
rect:159 215 35 14 5
rect:129 448 37 18 5
rect:308 362 33 26 5
rect:327 208 42 15 5
rect:297 287 17 21 1
rect:378 377 31 22 5
rect:126 89 29 16 5
rect:265 299 17 23 1
rect:179 28 29 12 5
rect:318 30 28 19 5
rect:276 59 41 19 5
rect:236 291 13 24 1
rect:125 173 36 23 5
rect:215 129 22 19 5
rect:348 156 33 23 5
rect:360 274 26 33 1
rect:434 379 37 14 5
rect:208 271 20 37 1
Anchorage1964_05.jpg 0x0
rect:60 268 24 41 1
rect:311 242 102 77 2
rect:666 284 45 62 1
rect:570 359 49 12 6
rect:496 225 51 48 1
rect:40 288 16 36 1
rect:356 357 55 63 8
rect:130 202 118 25 5
rect:218 33 115 32 6
rect:489 141 30 67 1
rect:74 348 27 63 1
rect:79 88 18 56 1
rect:124 21 19 30 1
rect:371 119 53 48 1
rect:43 448 20 73 1
rect:68 187 16 43 1
rect:626 313 79 41 5
rect:257 50 112 31 5
rect:633 30 27 69 1
rect:213 139 104 29 6
rect:463 71 29 56 1
rect:285 191 46 29 11
rect:488 316 47 85 8
rect:81 94 17 47 1
rect:339 160 17 25 11
rect:657 393 40 38 5
rect:530 300 51 26 6
rect:110 150 22 45 1
rect:359 1 38 43 1
Anchorage1964_06.jpg 0x0
rect:143 145 67 388 3
rect:144 68 216 360 12
rect:153 211 51 114 11
Anchorage1964_07.jpg 0x0
rect:369 313 452 172 2
rect:242 115 56 146 3
rect:9 57 851 488 2
rect:8 255 506 27 14
rect:16 216 247 27 11
rect:147 2 140 67 2
rect:354 140 123 155 11
rect:500 192 105 111 11
rect:454 120 66 79 13
Anchorage1964_08.jpg 0x0
rect:54 307 75 80 1
rect:282 24 139 107 1
rect:58 502 124 155 1
rect:38 88 114 114 1
rect:372 663 135 109 1
rect:397 252 131 122 1
Anchorage1964_09.jpg 0x0
rect:653 223 1 1 16
rect:11 164 78 25 15
rect:87 129 81 62 1
rect:18 148 26 10 16
rect:329 7 336 15 15
rect:12 15 437 17 15
rect:677 9 134 14 16
rect:340 154 90 59 1
rect:195 96 389 11 15
rect:509 154 98 25 15
rect:79 33 74 87 8
rect:553 200 78 67 1
rect:294 194 60 61 1
rect:602 214 69 85 8
rect:552 82 169 25 15
rect:583 32 70 82 8
rect:11 17 62 13 16
rect:120 384 71 71 8
rect:59 123 53 10 16
Anchorage1964_10.jpg 0x0
rect:59 148 403 257 1
rect:129 207 151 67 18
rect:72 490 412 115 18
rect:142 369 107 138 17
Anchorage1964_11.jpg 0x0
rect:95 381 551 14 14
rect:233 287 324 44 11
rect:125 73 215 131 4
rect:229 126 267 20 15
rect:609 93 113 125 1
rect:114 233 519 72 2
rect:85 320 437 18 14
rect:641 7 107 39 1
Anchorage1964_12.jpg 0x0
rect:506 74 36 241 3
rect:262 63 43 289 3
rect:13 104 685 342 2
rect:482 106 176 146 11
rect:179 191 31 80 3
Anchorage1964_13.jpg 0x0
rect:329 472 104 15 19
rect:264 471 160 19 2
rect:479 410 31 202 20
Anchorage1964_14.jpg 0x0
rect:346 6 63 156 11
rect:201 371 70 114 21
rect:114 659 40 76 22
rect:436 269 213 70 15
rect:74 357 184 25 15
rect:25 651 36 75 22
rect:43 427 47 81 22
rect:299 773 150 85 23
rect:256 14 53 283 11
rect:127 720 32 59 22
rect:10 486 164 81 11
rect:209 16 97 463 20
Anchorage1964_15.jpg 0x0
rect:246 97 25 53 11
rect:236 57 88 437 20
rect:401 190 96 47 11
rect:313 9 121 78 4
rect:318 459 272 78 2
rect:249 9 69 50 4
rect:280 222 177 36 15
rect:343 86 55 103 25
rect:447 287 79 39 24
Anchorage1964_16.jpg 0x0
rect:389 176 168 206 2
rect:14 162 241 182 2
rect:14 383 88 84 2
rect:78 365 112 108 11
rect:184 108 219 105 2
rect:274 157 248 139 11
Anchorage1964_17.jpg 0x0
rect:8 270 659 240 10
rect:14 137 285 115 9
rect:370 49 301 279 9
Anchorage1964_18.jpg 0x0
rect:654 282 68 16 2
rect:503 306 261 34 15
rect:138 206 14 60 11
rect:155 223 67 75 4
rect:528 190 119 109 4
rect:619 123 86 79 4
rect:105 302 90 58 11
rect:630 228 37 14 2
rect:315 348 87 26 2
rect:262 222 34 60 11
Anchorage1964_19.jpg 0x0
rect:473 224 20 28 26
rect:305 124 32 92 29
rect:332 98 34 28 26
rect:374 86 53 129 29
rect:38 323 39 128 27
rect:445 143 29 38 29
rect:793 114 8 8 26
rect:550 126 6 15 26
rect:482 157 47 34 28
rect:534 130 15 30 26
rect:559 187 9 15 26
rect:476 207 8 24 26
rect:266 77 23 32 27
rect:256 211 62 62 26
rect:308 190 15 35 26
rect:392 192 38 38 28
rect:237 108 71 33 26
rect:7 236 77 171 26
Anchorage1964_20.jpg 0x0
rect:445 533 55 88 26
rect:163 82 168 137 29
rect:217 110 78 47 27
rect:204 380 58 120 26
rect:202 81 130 69 26
Anchorage1964_21.jpg 0x0
rect:2 114 45 34 26
rect:199 228 469 212 30
rect:48 408 32 28 26
rect:-6 92 76 162 29
Bingol2003_01.jpg 0x0
rect:392 97 114 193 31
rect:652 175 53 104 34
rect:387 183 46 58 6
rect:552 273 43 244 32
rect:545 442 98 61 33
rect:365 503 165 59 6
rect:598 308 81 30 33
rect:2 361 611 213 10
rect:434 369 192 140 31
rect:209 229 90 78 33
rect:389 274 80 106 6
rect:38 243 83 47 33
rect:569 377 52 75 34
rect:255 101 80 29 6
rect:790 158 82 51 33
rect:122 159 64 78 33
rect:419 145 113 79 6
rect:418 340 76 54 6
rect:512 56 67 85 6
Bingol2003_02.jpg 0x0
rect:160 71 409 152 34
rect:255 211 818 493 31
rect:466 358 78 70 6
rect:353 423 79 113 26
rect:394 214 571 134 35
rect:216 240 108 298 32
rect:1125 59 157 85 36
rect:91 397 216 195 32
Bingol2003_03.jpg 0x0
rect:116 38 151 122 33
rect:531 338 303 424 2
rect:83 28 138 26 2
rect:460 156 295 158 2
rect:315 204 172 49 11
rect:538 263 242 422 4
rect:591 -9 214 226 4
Bingol2003_04.jpg 0x0
rect:217 352 21 110 3
rect:63 456 123 106 2
rect:291 773 135 99 2
rect:105 721 29 91 3
rect:179 464 212 209 2
rect:214 209 158 166 4
rect:94 410 29 54 3
rect:177 377 53 150 3
CanterburyNZSeries2010_01.jpg 0x0
rect:100 104 91 298 12
CanterburyNZSeries2010_02.jpg 0x0
rect:57 53 111 200 6
rect:55 7 227 322 37
CanterburyNZSeries2010_03.jpg 0x0
rect:60 53 350 138 38
CanterburyNZSeries2010_04.jpg 0x0
rect:291 318 234 293 39
rect:273 476 33 93 40
rect:174 384 23 147 40
rect:304 9 100 201 42
rect:431 400 47 109 40
rect:276 484 20 66 40
rect:358 490 19 45 40
rect:231 309 110 174 41
CanterburyNZSeries2010_05.jpg 0x0
rect:311 254 114 134 15
rect:392 301 239 453 4
CanterburyNZSeries2010_06.jpg 0x0
rect:58 115 910 541 4
rect:301 269 320 151 2
CanterburyNZSeries2010_08.jpg 0x0
rect:622 373 74 114 44
rect:498 150 190 296 43
rect:810 680 27 133 32
rect:643 374 77 98 44
CanterburyNZSeries2010_09.jpg 0x0
rect:345 276 134 398 39
rect:309 153 138 192 45
CanterburyNZSeries2010_10.jpg 0x0
rect:252 548 208 145 6
rect:274 197 423 272 6
rect:220 336 234 88 46
rect:317 141 348 137 7
CanterburyNZSeries2010_11.jpg 0x0
rect:245 376 291 253 5
rect:228 181 274 128 7
CanterburyNZSeries2010_12.jpg 0x0
rect:613 550 185 62 11
rect:6 224 642 360 47
rect:43 261 739 278 2
rect:137 492 200 58 11
CanterburyNZSeries2010_13.jpg 0x0
rect:551 183 130 498 11
rect:165 22 392 794 12
Caracas1967_01.jpg 0x0
rect:360 177 71 102 48
rect:302 187 12 64 48
rect:251 189 50 78 48
rect:479 95 192 262 48
Caracas1967_02.jpg 0x0
rect:298 1 154 115 15
rect:153 275 47 48 50
rect:104 507 40 44 49
rect:222 198 260 318 51
Caracas1967_03.jpg 0x0
rect:14 312 315 103 6
rect:226 82 82 97 14
rect:208 334 31 66 27
rect:385 440 74 65 26
rect:440 297 39 81 27
rect:283 275 152 156 34
Caracas1967_04.jpg 0x0
rect:116 403 25 85 27
rect:169 364 219 123 34
rect:115 457 51 87 26
Caracas1967_05.jpg 0x0
rect:65 412 169 138 52
rect:198 252 58 210 40
rect:252 233 46 188 40
rect:355 280 37 158 40
rect:281 254 56 344 40
rect:41 121 498 600 48
rect:191 335 55 268 40
rect:47 154 354 611 41
rect:275 266 145 113 52
rect:50 262 48 215 40
Caracas1967_06.jpg 0x0
rect:291 117 364 293 7
rect:364 222 78 48 6
Caracas1967_07.jpg 0x0
rect:177 177 46 221 27
rect:444 42 24 290 27
rect:196 163 219 171 34
rect:429 10 65 254 34
rect:426 186 124 302 34
rect:444 274 88 75 53
rect:498 392 101 70 53
Caracas1967_08.jpg 0x0
rect:259 285 49 104 54
rect:474 210 56 120 54
rect:259 250 79 130 55
Caracas1967_09.jpg 0x0
rect:434 11 176 133 48
rect:171 149 100 63 48
rect:18 231 39 57 48
rect:112 178 45 77 48
Caracas1967_10.jpg 0x0
rect:430 372 95 178 40
rect:320 165 69 140 40
rect:45 158 182 348 41
rect:18 183 585 519 48
Caracas1967_11.jpg 0x0
rect:56 298 302 606 41
rect:254 14 195 332 41
rect:67 14 479 607 48
Caracas1967_12.jpg 0x0
rect:559 353 17 75 32
rect:185 222 23 38 56
rect:635 189 27 45 34
rect:779 372 24 54 32
Caracas1967_13.jpg 0x0
rect:152 311 140 176 55
Caracas1967_14.jpg 0x0
rect:128 381 224 47 6
rect:142 110 704 164 57
Chichi1999_01.jpg 0x0
rect:4 9 851 165 58
rect:371 122 55 232 42
Chichi1999_02.jpg 0x0
rect:446 83 144 489 59
rect:7 67 362 179 58
Chichi1999_03.jpg 0x0
rect:0 137 522 168 58
rect:98 127 59 83 60
Chichi1999_04.jpg 0x0
rect:208 237 26 66 52
rect:242 -18 71 115 48
rect:191 170 62 302 48
Chichi1999_05.jpg 0x0
rect:362 158 117 176 48
rect:381 303 39 26 41
rect:260 162 45 46 41
rect:434 212 44 74 52
Chichi1999_06.jpg 0x0
rect:440 -15 99 59 61
rect:154 17 485 143 10
rect:254 96 77 87 62
rect:248 267 18 31 52
rect:345 214 56 76 48
rect:524 189 35 58 41
Chichi1999_07.jpg 0x0
rect:495 189 33 96 48
rect:161 198 22 46 64
rect:372 206 47 108 48
rect:461 214 29 34 64
rect:58 158 554 166 63
rect:758 257 16 18 64
rect:109 181 36 112 48
Chichi1999_08.jpg 0x0
rect:74 17 395 369 10
Chichi1999_09.jpg 0x0
rect:145 62 220 201 48
rect:219 87 43 60 40
rect:181 96 110 78 41
rect:210 82 69 70 40
Chichi1999_10.jpg 0x0
rect:137 20 522 415 10
Chichi1999_11.jpg 0x0
rect:2 178 174 419 10
rect:192 158 120 125 65
Chichi1999_12.jpg 0x0
rect:8 21 547 668 66
Chichi1999_13.jpg 0x0
rect:30 49 856 358 10
Chichi1999_14.jpg 0x0
rect:308 540 93 61 67
rect:157 471 24 39 67
rect:210 402 28 33 67
rect:226 505 24 32 39
rect:273 275 28 16 39
rect:88 468 49 47 67
rect:122 421 21 43 67
rect:298 330 45 47 67
rect:93 428 25 41 67
rect:125 345 73 55 67
rect:236 296 37 57 67
rect:179 161 90 50 67
rect:200 511 40 36 39
rect:114 205 47 45 67
rect:166 212 21 45 67
rect:148 417 64 73 67
rect:321 257 36 32 39
Chichi1999_15.jpg 0x0
rect:201 22 209 345 41
Chichi1999_16.jpg 0x0
rect:207 163 87 181 32
Chichi1999_17.jpg 0x0
rect:176 427 25 48 32
Chichi1999_18.jpg 0x0
rect:306 276 23 137 69
rect:155 239 120 472 68
rect:333 364 36 136 70
rect:140 178 26 86 69
rect:125 228 41 103 69
rect:289 362 27 144 69
Chichi1999_19.jpg 0x0
rect:160 20 242 530 2
rect:156 82 152 335 3
YogyakartaInd2006_03.jpg 0x0
rect:256 383 74 20 16
rect:245 165 24 7 16
rect:195 294 377 99 71
rect:167 30 105 2 15
rect:450 58 93 75 15
rect:158 445 184 23 15
rect:426 104 89 40 16
rect:302 122 79 33 15
Chichi1999_20.jpg 0x0
rect:325 462 47 231 41
rect:145 152 126 329 42
Chichi1999_21.jpg 0x0
rect:338 44 274 218 37
rect:61 495 195 105 5
rect:228 295 182 177 37
rect:18 3 186 147 30
rect:267 112 292 314 72
rect:405 6 122 126 57
rect:348 114 154 81 6
rect:211 350 108 91 6
Chichi1999_22.jpg 0x0
rect:235 245 17 28 73
rect:185 142 312 137 10
rect:425 215 13 20 73
rect:358 263 21 21 73
Chichi1999_23.jpg 0x0
rect:378 275 89 126 73
rect:201 140 29 22 26
rect:266 213 51 95 34
rect:110 289 33 97 34
rect:106 132 24 30 34
rect:132 175 64 67 73
rect:100 392 61 116 73
rect:4 60 552 217 74
rect:298 231 36 20 27
rect:210 129 41 79 73
Chichi1999_24.jpg 0x0
rect:187 240 30 53 46
rect:3 235 296 200 74
rect:175 316 57 45 34
rect:419 307 1 2 46
rect:175 172 116 117 75
Chichi1999_25.jpg 0x0
rect:196 302 47 77 26
rect:116 184 203 267 73
rect:191 162 113 254 34
Chichi1999_26.jpg 0x0
rect:163 663 111 106 27
rect:219 17 61 37 73
rect:120 610 150 132 73
rect:257 133 64 108 73
rect:270 362 156 417 76
rect:117 562 59 72 26
Chichi1999_27.jpg 0x0
rect:202 297 95 262 32
Chichi1999_28.jpg 0x0
rect:17 71 223 91 6
rect:120 99 146 238 5
rect:328 157 170 202 75
rect:189 286 234 153 77
Chichi1999_29.jpg 0x0
rect:168 274 223 281 48
rect:284 243 79 165 40
rect:230 266 100 204 52
Chichi1999_30.jpg 0x0
rect:212 250 245 49 78
rect:175 102 232 61 52
rect:23 232 73 181 73
rect:196 143 215 312 40
Chichi1999_31.jpg 0x0
rect:580 142 54 220 48
rect:127 69 142 323 79
Chichi1999_32.jpg 0x0
rect:197 151 42 105 81
rect:343 103 49 216 39
rect:185 65 46 197 81
rect:161 6 94 354 80
Chichi1999_33.jpg 0x0
rect:111 117 106 197 32
rect:238 107 33 133 49
rect:111 207 53 86 49
rect:77 77 157 426 33
rect:316 84 104 172 56
rect:205 109 131 236 32
Chichi1999_34.jpg 0x0
rect:121 97 405 259 10
Duzce1999_01.jpg 0x0
rect:97 157 131 144 41
rect:160 74 78 382 39
Duzce1999_02.jpg 0x0
rect:88 68 117 536 41
Duzce1999_03.jpg 0x0
rect:0 164 103 314 31
rect:116 108 139 230 42
rect:186 134 75 263 31
Gediz1970_01.jpg 0x0
rect:167 106 234 449 68
rect:229 559 67 146 69
rect:96 225 83 306 69
Guatemala1976_01.jpg 0x0
rect:42 274 53 38 52
rect:21 166 435 133 82
rect:415 119 183 97 48
rect:397 191 54 75 41
rect:52 214 62 43 41
rect:47 187 123 133 48
Guatemala1976_02.jpg 0x0
rect:237 65 81 134 40
rect:168 68 380 249 48
Guatemala1976_03.jpg 0x0
rect:17 113 698 423 75
Guatemala1976_04.jpg 0x0
rect:52 62 585 237 30
rect:691 172 163 442 4
rect:157 27 481 65 30
rect:598 208 107 200 4
Guatemala1976_05.jpg 0x0
rect:135 78 487 377 48
rect:201 187 371 172 41
rect:187 109 431 163 40
Guatemala1976_06.jpg 0x0
rect:125 139 241 601 39
Guatemala1976_07.jpg 0x0
rect:26 202 456 363 10
rect:254 658 104 61 83
rect:28 335 53 69 6
Guatemala1976_08.jpg 0x0
rect:175 46 241 320 41
rect:302 89 152 270 40
rect:140 29 339 380 48
Guatemala1976_09.jpg 0x0
rect:85 288 37 30 84
rect:136 242 46 57 85
rect:93 229 30 28 85
rect:304 249 72 57 84
rect:302 279 93 24 85
rect:862 355 62 51 84
rect:710 229 71 57 85
rect:166 308 45 23 84
Guatemala1976_10.jpg 0x0
rect:254 318 36 131 87
rect:226 133 252 292 86
rect:188 163 291 167 87
Guatemala1976_11.jpg 0x0
rect:218 310 146 226 34
GujaratIndia2001_01.jpg 0x0
rect:28 454 186 211 4
rect:232 335 75 58 11
rect:92 516 61 38 2
rect:125 367 288 105 2
Haiti2010_01.jpg 0x0
rect:363 215 108 140 4
rect:323 108 193 377 41
rect:308 199 30 125 40
rect:417 451 179 187 4
rect:109 56 126 81 7
Haiti2010_02.jpg 0x0
rect:57 112 330 229 88
rect:221 37 128 58 14
Haiti2010_03.jpg 0x0
rect:230 695 79 66 49
rect:196 735 259 195 89
rect:209 261 173 175 32
rect:383 1 78 756 32
Haiti2010_04.jpg 0x0
rect:125 346 277 361 41
rect:2 167 227 181 6
rect:164 63 301 273 34
Haiti2010_05.jpg 0x0
rect:213 156 305 529 90
rect:238 239 44 70 40
rect:290 221 35 71 40
rect:243 265 221 109 52
Haiti2010_06.jpg 0x0
rect:156 334 31 47 34
rect:710 170 426 716 91
rect:308 178 195 380 33
rect:519 113 87 73 34
rect:250 346 379 477 91
rect:502 282 53 206 32
rect:321 210 81 36 6
ImperialValley1979_01.jpg 0x0
rect:351 306 56 47 32
rect:407 271 26 33 32
rect:533 225 14 16 49
rect:70 337 107 146 50
rect:603 291 22 47 50
rect:277 313 58 43 32
rect:255 447 50 20 49
rect:13 249 59 80 49
rect:632 284 26 20 49
rect:9 236 144 109 32
rect:369 393 33 64 50
ImperialValley1979_02.jpg 0x0
rect:385 86 79 185 50
rect:189 167 375 50 92
rect:203 248 135 42 49
rect:386 221 53 178 50
rect:253 89 232 204 32
rect:133 140 74 210 50
ImperialValley1979_03.jpg 0x0
rect:168 238 156 147 32
rect:135 470 243 37 92
rect:124 396 238 45 92
rect:175 443 109 153 50
rect:422 377 79 178 50
rect:118 202 80 206 50
rect:174 316 225 247 32
Izmit1999_01.jpg 0x0
rect:646 207 41 57 26
rect:324 97 59 160 27
rect:191 61 434 249 34
rect:195 187 28 100 27
rect:317 147 44 166 27
Izmit1999_02.jpg 0x0
rect:27 105 551 181 10
Izmit1999_03.jpg 0x0
rect:457 69 26 220 50
rect:576 79 43 295 50
rect:140 95 66 316 50
rect:245 65 265 443 32
rect:201 134 36 245 50
rect:624 67 64 239 50
rect:209 36 434 384 93
rect:173 139 431 47 92
Izmit1999_04.jpg 0x0
rect:390 59 65 93 48
rect:126 198 180 88 88
rect:322 412 20 61 40
rect:264 248 67 106 41
rect:140 608 204 135 88
rect:319 313 28 44 40
rect:287 89 79 64 41
rect:83 483 25 81 42
rect:60 321 65 43 34
rect:54 384 73 84 41
Izmit1999_05.jpg 0x0
rect:114 19 716 334 10
Izmit1999_06.jpg 0x0
rect:161 200 116 104 49
rect:171 123 200 359 32
rect:105 284 56 189 50
rect:144 203 92 208 50
rect:338 265 51 122 50
rect:196 223 52 183 50
Izmit1999_07.jpg 0x0
rect:408 60 129 48 6
rect:224 234 55 101 3
rect:279 269 38 102 3
rect:232 183 44 97 3
rect:269 141 75 92 3
rect:21 98 383 663 2
rect:341 204 79 436 4
Izmit1999_08.jpg 0x0
rect:362 100 67 22 52
rect:130 139 95 59 41
rect:581 5 83 61 45
rect:189 501 64 98 45
rect:149 172 212 144 88
rect:154 30 99 122 34
rect:530 66 83 89 41
Izmit1999_09.jpg 0x0
rect:803 246 40 79 41
rect:272 144 51 37 41
rect:305 301 122 80 41
rect:61 142 57 52 41
rect:749 273 79 74 94
rect:445 238 90 133 94
Izmit1999_10.jpg 0x0
rect:316 141 150 99 40
rect:44 150 368 46 78
rect:117 205 67 236 40
rect:281 589 78 77 40
rect:158 118 50 184 40
rect:82 190 82 158 40
rect:241 428 180 34 78
rect:117 435 278 75 78
rect:389 443 86 28 78
rect:108 153 294 492 41
rect:179 359 42 108 40
Izmit1999_11.jpg 0x0
rect:262 339 123 140 41
rect:150 166 119 134 41
rect:284 191 84 147 40
rect:144 225 79 165 40
rect:337 217 68 209 40
Izmit1999_12.jpg 0x0
rect:289 142 44 34 6
rect:467 74 34 108 41
rect:430 266 71 121 52
rect:286 387 56 120 41
rect:169 258 69 77 88
rect:89 380 37 54 40
rect:75 87 45 25 6
rect:364 155 43 134 42
rect:59 233 81 74 94
rect:314 131 48 82 45
rect:1 170 36 29 41
rect:13 49 55 22 6
rect:482 144 91 55 7
rect:557 245 219 210 91
rect:327 243 71 82 41
rect:49 312 66 69 52
rect:307 203 122 108 94
rect:448 25 110 61 34
Izmit1999_13.jpg 0x0
rect:4 58 106 167 42
rect:126 282 107 141 94
rect:160 301 23 112 41
rect:322 63 253 355 48
rect:148 89 65 50 6
rect:255 76 77 76 41
rect:343 212 68 288 41
rect:174 337 46 118 41
rect:175 208 59 67 52
Izmit1999_14.jpg 0x0
rect:416 321 81 31 34
rect:55 170 91 50 34
rect:377 431 26 23 34
rect:426 7 191 59 35
rect:279 454 47 27 34
rect:431 378 62 49 34
rect:528 213 77 94 35
rect:479 101 66 52 34
rect:517 38 44 66 95
Izmit1999_15.jpg 0x0
rect:136 196 316 486 42
Izmit1999_16.jpg 0x0
rect:193 112 129 156 41
rect:274 112 49 107 40
rect:99 50 254 220 39
rect:82 79 336 633 33
Izmit1999_17.jpg 0x0
rect:98 112 142 311 41
Izmit1999_18.jpg 0x0
rect:167 119 163 103 41
rect:144 179 107 325 39
Izmit1999_19.jpg 0x0
rect:308 96 263 445 96
rect:488 191 26 51 50
rect:312 116 218 166 32
rect:607 126 37 81 50
Kobe1995_01.jpg 0x0
rect:19 182 738 188 63
Kobe1995_02.jpg 0x0
rect:2 73 582 606 68
Kobe1995_03.jpg 0x0
rect:39 60 525 636 10
Kobe1995_04.jpg 0x0
rect:362 308 47 62 41
Kobe1995_05.jpg 0x0
rect:106 421 354 167 78
rect:102 118 182 454 52
rect:326 144 129 338 40
rect:30 285 549 78 78
rect:4 189 177 480 40
Kobe1995_06.jpg 0x0
rect:59 152 420 534 41
rect:147 294 302 312 42
Kobe1995_07.jpg 0x0
rect:450 185 35 46 39
rect:143 370 24 35 39
rect:88 310 33 25 39
rect:200 223 45 22 39
rect:136 121 44 47 39
rect:443 425 34 46 39
rect:304 257 31 44 39
rect:315 260 33 58 39
rect:472 227 35 46 39
rect:287 345 26 23 39
rect:46 290 48 49 39
rect:136 214 34 33 39
rect:435 236 34 44 39
rect:564 288 27 33 39
rect:230 550 52 43 39
rect:452 105 42 42 39
rect:40 319 34 37 39
rect:208 225 36 56 39
rect:195 357 25 39 39
rect:179 226 38 32 39
rect:141 318 46 54 39
rect:92 304 29 40 39
rect:257 597 57 48 39
rect:362 194 36 26 39
rect:303 122 28 29 39
rect:257 145 43 50 39
Kobe1995_08.jpg 0x0
rect:269 76 397 279 97
Kobe1995_09.jpg 0x0
rect:90 417 77 51 88
rect:112 573 89 103 88
rect:154 636 243 77 97
rect:90 547 81 76 88
SanSalvador_1986_01.jpg 0x0
rect:88 3 138 287 68
rect:236 161 146 172 41
SanSalvador_1986_02.jpg 0x0
rect:492 214 27 31 41
rect:227 147 25 37 41
rect:392 276 29 53 41
rect:384 230 54 55 42
rect:144 233 40 26 41
rect:289 191 45 45 41
rect:606 205 55 64 41
rect:170 367 40 44 41
rect:346 169 14 24 41
SikkimIndia2001_01.jpg 0x0
rect:264 139 160 160 34
SikkimIndia2001_02.jpg 0x0
rect:522 105 135 132 33
rect:9 7 235 93 16
rect:297 298 106 50 16
rect:-11 2 463 111 33
rect:392 239 110 13 16
rect:185 77 225 451 33
rect:7 159 46 31 54
rect:406 126 79 37 16
SikkimIndia2001_03.jpg 0x0
rect:164 115 73 240 69
rect:237 267 88 193 70
rect:168 11 153 375 98
SikkimIndia2001_04.jpg 0x0
rect:334 204 208 113 99
rect:214 177 89 183 34
rect:3 34 351 207 99
SumatraInd2009_01.jpg 0x0
rect:271 23 83 318 81
SumatraInd2009_02.jpg 0x0
rect:166 79 237 138 41
WhittierNarrows1987_01.jpg 0x0
rect:14 33 718 263 10
WhittierNarrows1987_02.jpg 0x0
rect:171 217 76 351 41
WhittierNarrows1987_03.jpg 0x0
rect:214 134 132 244 32
WhittierNarrows1987_04.jpg 0x0
rect:219 9 334 88 6
rect:168 74 86 161 41
rect:184 13 181 135 100
YogyakartaInd2006_01.jpg 0x0
rect:313 153 316 91 49
rect:213 -22 379 500 29
rect:302 38 335 250 32
YogyakartaInd2006_02.jpg 0x0
rect:278 58 177 470 98
rect:291 107 96 159 70
rect:310 84 40 185 69
