Anchorage1964_01.jpg 0x0
rect:84 7 283 158 1
rect:91 328 167 297 1
Anchorage1964_02.jpg 0x0
rect:128 185 69 19 6
rect:322 192 29 44 3
rect:368 154 61 74 4
rect:431 200 24 64 3
rect:188 76 111 75 4
rect:148 142 92 55 7
rect:402 310 31 66 3
rect:389 227 32 49 3
rect:307 279 31 67 3
rect:252 197 340 98 2
rect:103 214 20 22 6
rect:41 26 153 33 5
rect:306 333 31 59 3
rect:626 58 151 130 8
rect:335 43 271 105 4
rect:398 188 15 45 3
rect:28 250 127 48 5
rect:633 335 16 45 3
rect:97 49 103 16 6
Anchorage1964_03.jpg 0x0
rect:0 219 716 89 10
rect:2 282 169 95 9
rect:262 114 360 240 9
Anchorage1964_04.jpg 0x0
rect:116 90 32 17 5
rect:450 276 23 15 5
rect:200 233 23 33 8
rect:360 332 38 23 5
rect:184 295 34 22 5
rect:165 262 28 20 5
rect:438 228 32 18 5
rect:385 408 39 12 5
rect:358 201 18 30 1
rect:170 183 22 27 5
rect:147 349 32 17 5
rect:193 71 34 18 5
rect:257 201 30 18 5
rect:216 334 16 23 1
rect:245 236 17 26 1
rect:168 336 33 25 5
rect:359 76 29 23 5
rect:265 37 32 16 5
rect:261 350 23 14 5
rect:447 350 19 15 5
rect:249 183 16 30 1
rect:327 129 15 30 1
rect:273 133 18 31 1
rect:187 429 40 18 5
rect:275 199 28 15 5
rect:183 25 33 17 5
rect:154 183 27 21 5
rect:270 411 38 19 5
rect:339 146 22 15 5
rect:336 446 13 28 1
rect:250 283 19 27 1
rect:337 59 40 15 5
rect:247 388 7 1 1
rect:310 578 17 22 1
rect:276 373 10 22 1
rect:144 541 57 15 2
rect:144 353 29 14 5
rect:300 340 18 25 1
rect:147 94 34 15 5
Anchorage1964_05.jpg 0x0
rect:155 199 96 26 5
rect:187 40 131 54 6
rect:99 22 26 49 1
rect:72 70 32 57 1
rect:630 207 40 65 1
rect:246 49 68 21 5
rect:594 17 36 49 1
rect:81 157 29 56 1
rect:540 94 41 79 1
rect:470 244 53 64 8
rect:33 390 19 40 1
rect:98 393 18 52 1
rect:553 234 32 57 1
rect:606 444 57 47 8
rect:768 248 36 24 6
rect:205 179 132 40 6
rect:489 276 46 29 11
rect:120 94 19 54 1
rect:655 372 54 84 1
rect:40 301 18 49 1
rect:54 284 28 40 1
rect:838 392 58 19 6
rect:390 152 29 21 11
rect:302 140 105 94 2
rect:348 1 39 38 1
rect:504 325 80 43 5
rect:75 188 17 52 1
rect:508 345 64 38 5
rect:525 64 31 52 1
Anchorage1964_06.jpg 0x0
rect:109 103 171 377 12
rect:140 150 81 276 3
rect:166 245 60 61 11
Anchorage1964_07.jpg 0x0
rect:9 322 316 23 14
rect:283 104 38 95 3
rect:297 187 85 67 11
rect:452 124 59 135 13
rect:14 250 346 27 11
rect:8 87 621 283 2
rect:194 2 132 77 2
rect:243 102 190 133 11
rect:410 264 273 189 2
Anchorage1964_08.jpg 0x0
rect:68 285 95 77 1
rect:227 263 93 85 1
rect:63 52 108 134 1
rect:293 556 110 164 1
rect:38 660 76 130 1
rect:285 36 126 94 1
Anchorage1964_09.jpg 0x0
rect:367 91 129 28 15
rect:153 158 306 10 15
rect:756 88 165 22 15
rect:288 178 77 56 1
rect:80 349 65 85 8
rect:9 133 77 24 15
rect:785 8 136 9 16
rect:330 133 61 77 1
rect:596 186 1 1 16
rect:562 10 384 12 15
rect:402 285 65 85 8
rect:11 16 410 19 15
rect:369 123 92 61 1
rect:12 191 26 10 16
rect:666 26 102 50 8
rect:55 171 59 8 16
rect:113 37 74 51 8
rect:85 206 54 69 1
rect:17 22 65 13 16
Anchorage1964_10.jpg 0x0
rect:76 245 285 439 1
rect:204 361 81 132 17
rect:188 195 229 106 18
rect:87 298 298 110 18
Anchorage1964_11.jpg 0x0
rect:654 106 180 102 1
rect:116 53 145 109 4
rect:194 143 298 16 15
rect:79 507 818 14 14
rect:295 284 349 24 11
rect:116 176 696 57 2
rect:528 8 131 35 1
rect:74 411 612 21 14
Anchorage1964_12.jpg 0x0
rect:137 197 25 72 3
rect:14 67 649 338 2
rect:274 115 52 182 3
rect:321 64 54 224 3
rect:434 94 203 155 11
Anchorage1964_13.jpg 0x0
rect:388 639 186 31 2
rect:416 360 30 135 20
rect:458 502 143 14 19
Anchorage1964_14.jpg 0x0
rect:106 403 31 50 22
rect:8 451 204 109 11
rect:423 215 181 70 15
rect:178 10 132 774 20
rect:385 7 71 139 11
rect:25 744 19 62 22
rect:79 194 157 43 15
rect:49 779 63 76 22
rect:194 381 60 107 21
rect:355 13 59 303 11
rect:134 729 33 44 22
rect:362 487 205 80 23
Anchorage1964_15.jpg 0x0
rect:440 176 103 46 11
rect:270 298 132 42 15
rect:246 55 47 558 20
rect:324 338 266 77 2
rect:339 11 89 77 4
rect:209 162 30 57 11
rect:416 307 98 27 24
rect:335 9 87 72 4
rect:353 144 54 122 25
Anchorage1964_16.jpg 0x0
rect:583 220 111 245 2
rect:172 108 296 115 2
rect:153 189 213 269 11
rect:13 309 50 59 2
rect:111 419 96 103 11
rect:14 107 199 151 2
Anchorage1964_17.jpg 0x0
rect:332 53 288 143 9
rect:7 210 757 185 10
rect:9 136 264 128 9
Anchorage1964_18.jpg 0x0
rect:625 400 44 23 2
rect:352 286 410 25 15
rect:175 210 95 54 11
rect:487 335 84 16 2
rect:108 219 16 54 11
rect:390 226 76 21 2
rect:488 197 134 68 4
rect:406 115 106 118 4
rect:141 219 67 79 4
rect:274 202 46 71 11
Anchorage1964_19.jpg 0x0
rect:36 228 32 86 27
rect:456 107 5 19 26
rect:729 132 9 8 26
rect:310 93 72 36 26
rect:538 127 17 32 26
rect:540 136 44 34 28
rect:486 100 42 69 29
rect:420 92 31 37 27
rect:508 147 24 26 26
rect:5 290 62 105 26
rect:247 71 85 105 29
rect:582 182 26 26 28
rect:371 166 26 55 29
rect:885 241 9 15 26
rect:332 237 20 39 26
rect:370 268 43 86 26
rect:494 159 12 30 26
rect:388 200 19 27 26
Anchorage1964_20.jpg 0x0
rect:215 110 71 44 27
rect:222 60 175 115 29
rect:358 598 54 62 26
rect:297 500 58 138 26
rect:236 68 127 46 26
Anchorage1964_21.jpg 0x0
rect:47 256 39 36 26
rect:-6 70 84 171 29
rect:2 79 46 27 26
rect:179 181 732 211 30
Bingol2003_01.jpg 0x0
rect:636 431 71 207 32
rect:825 313 89 78 6
rect:688 359 95 52 33
rect:704 68 98 75 6
rect:383 245 84 80 33
rect:584 188 62 60 6
rect:528 141 71 83 6
rect:2 405 1038 245 10
rect:219 76 97 20 6
rect:549 422 59 38 33
rect:499 472 177 51 6
rect:573 265 130 124 31
rect:338 178 44 97 34
rect:449 94 120 229 31
rect:867 156 100 66 33
rect:203 157 78 86 33
rect:617 265 37 42 34
rect:403 304 100 112 6
rect:27 218 71 71 33
Bingol2003_02.jpg 0x0
rect:471 214 498 137 35
rect:147 623 154 311 32
rect:655 64 136 102 36
rect:219 303 935 510 31
rect:110 114 412 211 34
rect:437 415 62 83 6
rect:632 399 134 129 26
rect:135 316 73 257 32
Bingol2003_03.jpg 0x0
rect:566 143 162 78 11
rect:113 20 173 46 2
rect:485 -6 240 205 4
rect:447 144 430 137 2
rect:885 218 231 763 4
rect:154 57 156 129 33
rect:543 527 293 292 2
Bingol2003_04.jpg 0x0
rect:69 676 19 61 3
rect:334 527 39 89 3
rect:131 465 165 153 2
rect:95 449 65 94 2
rect:303 266 158 192 4
rect:173 385 24 83 3
rect:267 798 82 76 2
rect:158 580 30 82 3
CanterburyNZSeries2010_01.jpg 0x0
rect:80 142 163 382 12
CanterburyNZSeries2010_02.jpg 0x0
rect:57 56 121 218 6
rect:30 11 142 325 37
CanterburyNZSeries2010_03.jpg 0x0
rect:59 73 357 99 38
CanterburyNZSeries2010_04.jpg 0x0
rect:333 486 48 153 40
rect:235 279 29 71 40
rect:246 285 28 202 40
rect:284 338 16 71 40
rect:207 259 153 447 39
rect:260 537 21 34 40
rect:317 10 110 214 42
rect:264 455 118 239 41
CanterburyNZSeries2010_05.jpg 0x0
rect:377 451 167 267 4
rect:218 160 155 122 15
CanterburyNZSeries2010_06.jpg 0x0
rect:51 80 556 550 4
rect:312 192 163 100 2
CanterburyNZSeries2010_08.jpg 0x0
rect:522 327 129 164 44
rect:637 461 52 162 44
rect:626 185 226 203 43
rect:593 500 27 119 32
CanterburyNZSeries2010_09.jpg 0x0
rect:198 367 142 296 39
rect:266 90 146 142 45
CanterburyNZSeries2010_10.jpg 0x0
rect:203 299 427 200 6
rect:270 582 193 105 6
rect:367 180 179 154 7
rect:249 235 255 80 46
CanterburyNZSeries2010_11.jpg 0x0
rect:369 312 275 211 5
rect:347 257 219 114 7
CanterburyNZSeries2010_12.jpg 0x0
rect:5 196 1152 301 47
rect:35 369 624 411 2
rect:645 441 197 83 11
rect:200 479 119 56 11
CanterburyNZSeries2010_13.jpg 0x0
rect:509 218 77 405 11
rect:125 14 363 934 12
Caracas1967_01.jpg 0x0
rect:325 88 121 342 48
rect:277 189 11 81 48
rect:418 188 88 89 48
rect:312 190 34 64 48
Caracas1967_02.jpg 0x0
rect:182 162 271 293 51
rect:128 331 37 49 50
rect:231 1 139 201 15
rect:164 484 45 54 49
Caracas1967_03.jpg 0x0
rect:285 399 23 110 27
rect:269 238 97 179 34
rect:354 69 98 122 14
rect:17 392 177 83 6
rect:341 489 32 43 27
rect:372 336 84 64 26
Caracas1967_04.jpg 0x0
rect:143 388 205 143 34
rect:122 252 14 73 27
rect:148 356 55 139 26
Caracas1967_05.jpg 0x0
rect:28 122 419 553 48
rect:75 342 62 289 40
rect:191 204 156 163 52
rect:289 231 56 272 40
rect:261 287 54 206 40
rect:362 213 51 134 40
rect:186 398 54 214 40
rect:41 134 305 464 41
rect:62 269 192 211 52
rect:385 155 34 251 40
Caracas1967_06.jpg 0x0
rect:361 112 322 267 7
rect:348 217 82 67 6
Caracas1967_07.jpg 0x0
rect:147 147 173 177 34
rect:538 62 22 249 27
rect:320 9 107 331 34
rect:605 462 84 85 53
rect:463 383 128 74 53
rect:463 259 144 211 34
rect:237 112 36 241 27
Caracas1967_08.jpg 0x0
rect:503 259 98 119 54
rect:267 311 79 138 54
rect:229 279 68 79 55
Caracas1967_09.jpg 0x0
rect:82 199 65 78 48
rect:221 185 115 69 48
rect:384 12 290 108 48
rect:22 249 44 71 48
Caracas1967_10.jpg 0x0
rect:295 364 55 198 40
rect:379 225 82 247 40
rect:55 230 215 307 41
rect:18 172 320 394 48
Caracas1967_11.jpg 0x0
rect:73 190 309 543 41
rect:230 15 141 356 41
rect:61 15 332 695 48
Caracas1967_12.jpg 0x0
rect:421 337 44 45 34
rect:862 488 21 52 32
rect:222 252 21 35 56
rect:525 260 30 43 32
Caracas1967_13.jpg 0x0
rect:161 328 130 329 55
Caracas1967_14.jpg 0x0
rect:159 154 798 231 57
rect:176 319 308 44 6
Chichi1999_01.jpg 0x0
rect:356 157 44 170 42
rect:4 9 866 123 58
Chichi1999_02.jpg 0x0
rect:296 88 191 409 59
rect:5 120 420 212 58
Chichi1999_03.jpg 0x0
rect:57 174 44 94 60
rect:0 198 500 193 58
Chichi1999_04.jpg 0x0
rect:180 265 22 41 52
rect:288 -16 49 127 48
rect:163 174 72 267 48
Chichi1999_05.jpg 0x0
rect:377 99 64 62 41
rect:349 127 106 242 48
rect:307 193 41 68 52
rect:501 223 31 32 41
Chichi1999_06.jpg 0x0
rect:248 192 24 26 52
rect:676 -12 69 92 61
rect:505 236 38 71 41
rect:280 190 57 123 48
rect:175 13 605 126 10
rect:320 122 76 45 62
Chichi1999_07.jpg 0x0
rect:357 191 37 113 48
rect:610 247 45 130 48
rect:168 196 23 49 64
rect:424 199 33 37 64
rect:578 189 13 23 64
rect:47 218 776 159 63
rect:135 216 62 154 48
Chichi1999_08.jpg 0x0
rect:133 16 658 505 10
Chichi1999_09.jpg 0x0
rect:230 65 150 223 48
rect:278 70 36 71 40
rect:260 79 86 77 41
rect:260 107 44 89 40
Chichi1999_10.jpg 0x0
rect:188 21 742 427 10
Chichi1999_11.jpg 0x0
rect:2 111 182 422 10
rect:143 147 113 98 65
Chichi1999_12.jpg 0x0
rect:11 34 360 581 66
Chichi1999_13.jpg 0x0
rect:40 46 805 317 10
Chichi1999_14.jpg 0x0
rect:168 444 32 51 67
rect:338 558 37 45 39
rect:114 382 74 45 67
rect:223 307 19 32 67
rect:387 621 66 51 67
rect:135 251 42 59 67
rect:265 297 25 58 39
rect:275 404 41 38 67
rect:111 466 38 45 67
rect:205 441 30 19 39
rect:87 524 51 46 67
rect:124 436 32 40 67
rect:108 610 24 49 67
rect:123 168 34 80 67
rect:117 407 65 70 67
rect:306 347 18 43 39
rect:200 251 102 56 67
Chichi1999_15.jpg 0x0
rect:198 39 315 393 41
Chichi1999_16.jpg 0x0
rect:175 173 53 146 32
Chichi1999_17.jpg 0x0
rect:141 262 23 38 32
Chichi1999_18.jpg 0x0
rect:180 213 39 116 69
rect:138 212 26 126 69
rect:128 223 132 386 68
rect:284 287 36 85 70
rect:277 233 38 146 69
rect:286 321 38 109 69
Chichi1999_19.jpg 0x0
rect:266 153 229 237 3
rect:139 20 232 296 2
YogyakartaInd2006_03.jpg 0x0
rect:256 451 297 24 15
rect:178 275 237 184 71
rect:245 133 48 28 15
rect:265 62 155 64 15
rect:273 18 69 2 15
rect:307 362 69 22 16
rect:472 99 114 36 16
rect:228 186 22 7 16
Chichi1999_20.jpg 0x0
rect:194 382 59 195 41
rect:135 236 119 341 42
Chichi1999_21.jpg 0x0
rect:485 44 299 274 37
rect:96 308 172 115 5
rect:134 279 155 128 37
rect:16 3 237 194 30
rect:356 6 136 131 57
rect:347 267 75 123 6
rect:386 154 125 145 6
rect:252 122 248 237 72
Chichi1999_22.jpg 0x0
rect:220 162 230 136 10
rect:376 292 15 16 73
rect:309 162 14 26 73
rect:294 162 16 28 73
Chichi1999_23.jpg 0x0
rect:81 270 52 85 73
rect:4 54 351 197 74
rect:151 235 19 30 34
rect:81 318 32 65 34
rect:214 219 28 34 26
rect:323 172 33 28 27
rect:258 183 55 47 73
rect:208 408 38 86 34
rect:380 365 65 94 73
rect:128 145 45 44 73
Chichi1999_24.jpg 0x0
rect:364 252 1 2 46
rect:3 353 390 257 74
rect:138 221 142 82 75
rect:158 324 65 51 34
rect:162 244 40 62 46
Chichi1999_25.jpg 0x0
rect:129 249 166 240 73
rect:164 346 48 54 26
rect:165 309 122 284 34
Chichi1999_26.jpg 0x0
rect:240 148 51 107 73
rect:287 195 121 456 76
rect:224 15 38 29 73
rect:94 644 123 100 73
rect:116 700 136 147 27
rect:164 601 75 62 26
Chichi1999_27.jpg 0x0
rect:219 185 80 278 32
Chichi1999_28.jpg 0x0
rect:339 306 239 129 77
rect:344 94 174 197 75
rect:158 112 123 295 5
rect:20 86 312 90 6
Chichi1999_29.jpg 0x0
rect:221 179 84 182 52
rect:202 215 138 193 40
rect:158 207 217 289 48
Chichi1999_30.jpg 0x0
rect:191 190 252 64 78
rect:185 141 147 77 52
rect:164 146 308 211 40
rect:34 294 87 160 73
Chichi1999_31.jpg 0x0
rect:197 103 130 322 79
rect:647 102 42 152 48
Chichi1999_32.jpg 0x0
rect:215 225 28 147 81
rect:495 121 58 176 39
rect:143 59 59 150 81
rect:148 8 108 488 80
Chichi1999_33.jpg 0x0
rect:140 159 60 116 49
rect:315 97 153 295 32
rect:217 163 36 143 49
rect:234 73 132 277 56
rect:65 59 138 361 33
rect:172 132 111 234 32
Chichi1999_34.jpg 0x0
rect:116 75 541 490 10
Duzce1999_01.jpg 0x0
rect:151 116 123 164 41
rect:114 58 80 411 39
Duzce1999_02.jpg 0x0
rect:73 41 118 290 41
Duzce1999_03.jpg 0x0
rect:82 92 150 328 42
rect:0 155 77 172 31
rect:251 133 105 254 31
Gediz1970_01.jpg 0x0
rect:114 266 96 222 69
rect:248 405 60 224 69
rect:116 100 281 549 68
Guatemala1976_01.jpg 0x0
rect:51 176 71 43 52
rect:19 146 667 193 82
rect:72 211 47 32 41
rect:535 184 72 91 41
rect:369 192 116 130 48
rect:43 112 90 120 48
Guatemala1976_02.jpg 0x0
rect:171 93 269 222 48
rect:260 82 91 90 40
Guatemala1976_03.jpg 0x0
rect:18 92 816 233 75
Guatemala1976_04.jpg 0x0
rect:457 362 120 194 4
rect:97 26 333 100 30
rect:49 90 481 194 30
rect:802 157 138 397 4
Guatemala1976_05.jpg 0x0
rect:153 178 274 234 40
rect:175 147 340 137 41
rect:167 98 417 255 48
Guatemala1976_06.jpg 0x0
rect:93 111 169 427 39
Guatemala1976_07.jpg 0x0
rect:25 199 369 329 10
rect:31 209 64 74 6
rect:287 634 112 101 83
Guatemala1976_08.jpg 0x0
rect:127 59 433 469 41
rect:205 32 386 343 48
rect:358 83 168 226 40
Guatemala1976_09.jpg 0x0
rect:206 259 74 61 85
rect:792 265 56 80 84
rect:342 254 62 36 85
rect:177 391 42 23 84
rect:791 371 55 44 85
rect:79 289 37 28 85
rect:95 273 36 21 84
rect:361 275 67 58 84
Guatemala1976_10.jpg 0x0
rect:274 210 194 264 86
rect:252 157 303 201 87
rect:415 337 31 135 87
Guatemala1976_11.jpg 0x0
rect:142 263 103 159 34
GujaratIndia2001_01.jpg 0x0
rect:161 426 294 109 2
rect:320 492 43 73 11
rect:94 621 59 45 2
rect:39 302 127 181 4
Haiti2010_01.jpg 0x0
rect:338 96 171 369 41
rect:241 321 30 94 40
rect:431 292 84 141 4
rect:446 556 225 209 4
rect:128 39 135 89 7
Haiti2010_02.jpg 0x0
rect:340 36 224 38 14
rect:39 106 375 189 88
Haiti2010_03.jpg 0x0
rect:258 1 58 456 32
rect:253 437 213 162 32
rect:313 441 70 60 49
rect:296 433 260 266 89
Haiti2010_04.jpg 0x0
rect:153 273 233 410 41
rect:157 36 202 315 34
rect:2 166 188 164 6
Haiti2010_05.jpg 0x0
rect:332 200 38 115 40
rect:290 303 219 124 52
rect:215 212 35 91 40
rect:315 156 341 368 90
Haiti2010_06.jpg 0x0
rect:525 125 80 75 34
rect:165 224 45 55 34
rect:471 196 90 279 32
rect:189 311 213 470 91
rect:281 113 186 308 33
rect:600 214 478 738 91
rect:380 225 73 42 6
ImperialValley1979_01.jpg 0x0
rect:264 290 64 68 32
rect:459 328 17 15 49
rect:615 230 25 39 32
rect:549 390 50 46 32
rect:280 262 54 69 50
rect:14 273 181 168 32
rect:580 273 30 46 50
rect:592 312 26 26 49
rect:42 387 88 101 50
rect:13 469 73 52 49
rect:294 374 57 24 49
ImperialValley1979_02.jpg 0x0
rect:283 72 195 184 32
rect:266 134 52 127 50
rect:159 238 372 83 92
rect:376 132 104 232 50
rect:167 160 73 143 50
rect:321 161 111 34 49
ImperialValley1979_03.jpg 0x0
rect:143 445 247 34 92
rect:107 237 253 165 32
rect:147 230 249 151 32
rect:83 202 107 198 50
rect:99 363 184 45 92
rect:261 250 57 160 50
rect:278 411 95 141 50
Izmit1999_01.jpg 0x0
rect:191 83 333 223 34
rect:290 263 40 148 27
rect:180 113 56 110 27
rect:425 240 42 65 26
rect:351 92 41 183 27
Izmit1999_02.jpg 0x0
rect:23 154 552 199 10
Izmit1999_03.jpg 0x0
rect:384 72 52 251 50
rect:193 53 359 346 93
rect:286 155 53 230 50
rect:208 220 423 39 92
rect:406 70 40 196 50
rect:344 108 42 282 50
rect:218 48 305 276 32
rect:227 83 71 377 50
Izmit1999_04.jpg 0x0
rect:478 385 28 60 40
rect:359 69 86 112 48
rect:91 609 152 127 88
rect:374 361 88 109 41
rect:49 337 40 72 41
rect:297 77 95 97 41
rect:434 380 19 74 40
rect:66 400 46 60 34
rect:189 215 179 62 88
rect:85 538 25 68 42
Izmit1999_05.jpg 0x0
rect:95 32 656 414 10
Izmit1999_06.jpg 0x0
rect:145 236 56 209 50
rect:201 247 156 86 49
rect:199 225 61 106 50
rect:90 244 50 245 50
rect:180 144 202 334 32
rect:278 277 57 111 50
Izmit1999_07.jpg 0x0
rect:28 123 504 512 2
rect:390 53 125 40 6
rect:456 126 61 88 3
rect:174 247 40 145 3
rect:375 335 87 271 4
rect:216 153 42 97 3
rect:233 216 37 122 3
Izmit1999_08.jpg 0x0
rect:285 306 149 119 88
rect:130 25 64 103 34
rect:437 100 64 22 52
rect:705 5 104 54 45
rect:162 133 78 99 41
rect:532 91 95 102 41
rect:182 439 89 115 45
Izmit1999_09.jpg 0x0
rect:279 243 80 110 41
rect:61 265 47 46 41
rect:717 287 63 53 41
rect:337 331 104 95 94
rect:318 268 40 45 41
rect:803 208 61 94 94
Izmit1999_10.jpg 0x0
rect:379 365 122 121 40
rect:60 169 332 41 78
rect:190 570 48 68 40
rect:115 308 249 72 78
rect:174 285 78 230 40
rect:73 138 340 666 41
rect:212 148 115 168 40
rect:367 607 67 23 78
rect:283 218 40 112 40
rect:87 141 90 196 40
rect:159 334 191 41 78
Izmit1999_11.jpg 0x0
rect:193 255 50 215 40
rect:222 360 86 142 41
rect:205 411 81 148 40
rect:195 237 169 125 41
rect:338 221 66 196 40
Izmit1999_12.jpg 0x0
rect:261 288 43 82 52
rect:397 137 61 101 45
rect:616 102 53 86 41
rect:15 83 32 25 6
rect:338 213 88 107 94
rect:67 193 69 123 94
rect:239 164 53 29 6
rect:115 221 27 62 40
rect:430 153 38 151 42
rect:520 278 53 49 41
rect:509 34 103 70 34
rect:74 254 50 63 52
rect:551 163 91 58 7
rect:1 232 27 31 41
rect:239 309 95 110 41
rect:471 158 207 233 91
rect:113 66 42 24 6
rect:206 274 55 61 88
Izmit1999_13.jpg 0x0
rect:114 225 25 100 41
rect:88 110 45 44 6
rect:238 126 90 131 41
rect:173 258 50 59 52
rect:358 186 78 287 41
rect:170 224 112 99 94
rect:310 67 187 417 48
rect:238 237 52 76 41
rect:6 62 119 190 42
Izmit1999_14.jpg 0x0
rect:283 61 60 65 95
rect:45 147 78 78 34
rect:326 343 34 27 34
rect:355 154 115 55 35
rect:482 224 70 36 34
rect:404 267 46 30 34
rect:378 219 65 53 34
rect:349 5 123 61 35
rect:336 62 89 59 34
Izmit1999_15.jpg 0x0
rect:106 129 201 439 42
Izmit1999_16.jpg 0x0
rect:116 55 210 372 39
rect:118 61 408 413 33
rect:152 90 37 81 40
rect:164 133 215 141 41
Izmit1999_17.jpg 0x0
rect:136 133 202 197 41
Izmit1999_18.jpg 0x0
rect:223 187 190 309 39
rect:240 127 146 155 41
Izmit1999_19.jpg 0x0
rect:396 200 24 81 50
rect:289 162 321 279 32
rect:555 133 33 116 50
rect:174 69 344 261 96
Kobe1995_01.jpg 0x0
rect:19 108 551 191 63
Kobe1995_02.jpg 0x0
rect:2 61 390 689 68
Kobe1995_03.jpg 0x0
rect:44 51 423 795 10
Kobe1995_04.jpg 0x0
rect:336 395 61 38 41
Kobe1995_05.jpg 0x0
rect:99 483 300 171 78
rect:373 163 147 535 40
rect:54 284 495 63 78
rect:4 206 91 469 40
rect:116 161 285 436 52
Kobe1995_06.jpg 0x0
rect:42 151 352 349 41
rect:171 395 238 308 42
Kobe1995_07.jpg 0x0
rect:443 385 30 37 39
rect:130 97 30 39 39
rect:54 281 43 45 39
rect:167 301 52 61 39
rect:483 321 36 43 39
rect:484 279 25 48 39
rect:418 259 29 57 39
rect:487 187 46 39 39
rect:549 249 38 49 39
rect:286 151 32 47 39
rect:243 293 32 54 39
rect:275 105 20 25 39
rect:106 279 31 57 39
rect:275 143 36 28 39
rect:197 481 43 31 39
rect:435 154 52 30 39
rect:303 284 40 25 39
rect:169 332 32 39 39
rect:205 253 37 38 39
rect:332 223 38 33 39
rect:224 302 25 29 39
rect:308 533 41 42 39
rect:225 151 40 44 39
rect:220 318 30 38 39
rect:41 386 33 28 39
rect:92 364 39 24 39
Kobe1995_08.jpg 0x0
rect:282 48 335 272 97
Kobe1995_09.jpg 0x0
rect:245 554 242 82 97
rect:97 624 83 47 88
rect:104 662 81 49 88
rect:71 722 70 113 88
SanSalvador_1986_01.jpg 0x0
rect:251 148 90 137 41
rect:51 3 111 281 68
SanSalvador_1986_02.jpg 0x0
rect:128 322 34 41 41
rect:206 171 24 23 41
rect:296 270 22 38 41
rect:224 191 34 26 41
rect:331 213 60 52 41
rect:446 168 36 45 41
rect:416 179 40 42 42
rect:578 183 44 43 41
rect:247 138 12 30 41
SikkimIndia2001_01.jpg 0x0
rect:205 167 146 149 34
SikkimIndia2001_02.jpg 0x0
rect:10 205 62 41 54
rect:546 107 107 49 16
rect:10 7 384 101 16
rect:393 218 108 16 16
rect:379 289 80 53 16
rect:165 53 166 356 33
rect:517 107 152 186 33
rect:-16 2 457 84 33
SikkimIndia2001_03.jpg 0x0
rect:154 11 242 485 98
rect:210 64 57 209 69
rect:267 172 108 200 70
SikkimIndia2001_04.jpg 0x0
rect:188 142 123 195 34
rect:440 148 359 81 99
rect:3 32 196 339 99
SumatraInd2009_01.jpg 0x0
rect:260 31 65 239 81
SumatraInd2009_02.jpg 0x0
rect:164 74 154 167 41
WhittierNarrows1987_01.jpg 0x0
rect:12 32 722 402 10
WhittierNarrows1987_02.jpg 0x0
rect:116 299 94 291 41
WhittierNarrows1987_03.jpg 0x0
rect:335 91 183 300 32
WhittierNarrows1987_04.jpg 0x0
rect:164 49 115 191 41
rect:314 14 279 182 100
rect:223 6 228 93 6
YogyakartaInd2006_01.jpg 0x0
rect:249 37 430 226 32
rect:269 184 248 77 49
rect:152 -21 468 416 29
YogyakartaInd2006_02.jpg 0x0
rect:457 78 90 213 70
rect:445 112 40 150 69
rect:349 53 136 569 98
