Anchorage1964_01.jpg 0x0
rect:84 303 209 210 1
rect:69 7 144 193 1
Anchorage1964_02.jpg 0x0
rect:127 150 17 16 6
rect:47 18 187 57 5
rect:23 256 100 34 5
rect:588 312 21 58 3
rect:162 185 241 68 2
rect:145 169 72 39 7
rect:299 297 17 54 3
rect:290 315 24 56 3
rect:507 208 15 43 3
rect:331 257 23 72 3
rect:113 272 53 18 6
rect:578 142 82 63 4
rect:450 189 23 75 3
rect:541 330 17 69 3
rect:70 31 107 15 6
rect:507 69 125 110 8
rect:340 247 32 46 3
rect:239 57 83 84 4
rect:254 34 203 68 4
Anchorage1964_03.jpg 0x0
rect:305 82 463 263 9
rect:2 278 229 67 9
rect:0 358 630 70 10
Anchorage1964_04.jpg 0x0
rect:139 113 32 14 5
rect:156 251 28 12 5
rect:395 368 22 17 5
rect:138 151 37 15 5
rect:373 403 35 20 5
rect:288 571 19 25 1
rect:325 38 24 16 5
rect:266 308 31 12 5
rect:316 152 19 22 1
rect:254 114 17 22 1
rect:312 208 18 25 1
rect:136 26 35 14 5
rect:239 101 24 12 5
rect:294 275 18 33 1
rect:360 144 21 17 5
rect:218 442 30 17 5
rect:221 294 30 17 5
rect:367 197 25 23 5
rect:337 249 24 22 1
rect:287 389 19 16 1
rect:269 226 14 21 1
rect:158 602 49 17 2
rect:197 242 36 13 5
rect:214 134 35 22 5
rect:359 54 33 14 5
rect:367 117 29 19 5
rect:218 61 35 13 5
rect:288 368 7 1 1
rect:409 292 25 26 5
rect:192 295 17 26 1
rect:316 276 36 18 5
rect:154 471 26 13 5
rect:367 372 13 19 1
rect:132 384 30 15 5
rect:280 70 33 17 5
rect:250 216 25 30 8
rect:454 188 30 26 5
rect:128 143 33 19 5
rect:265 428 23 38 1
Anchorage1964_05.jpg 0x0
rect:39 233 27 49 1
rect:352 276 59 58 1
rect:279 163 29 23 11
rect:452 147 44 45 1
rect:528 428 53 29 5
rect:364 234 140 90 2
rect:87 30 25 32 1
rect:660 520 55 79 8
rect:58 67 20 41 1
rect:189 128 93 19 5
rect:797 318 53 23 6
rect:216 33 101 53 6
rect:196 193 146 51 6
rect:82 312 22 61 1
rect:256 55 88 35 5
rect:70 246 22 52 1
rect:508 156 30 23 11
rect:38 304 17 46 1
rect:375 124 52 81 1
rect:449 154 39 77 1
rect:73 126 20 55 1
rect:541 197 41 86 8
rect:126 107 15 64 1
rect:536 70 47 69 1
rect:779 350 48 15 6
rect:40 434 20 44 1
rect:413 1 43 67 1
rect:452 18 43 73 1
rect:484 236 48 45 5
Anchorage1964_06.jpg 0x0
rect:96 76 248 509 12
rect:141 193 94 103 11
rect:124 176 75 367 3
Anchorage1964_07.jpg 0x0
rect:180 2 78 79 2
rect:314 114 154 141 11
rect:7 53 918 289 2
rect:8 230 282 30 14
rect:457 144 59 101 13
rect:350 350 332 197 2
rect:12 277 292 35 11
rect:367 154 56 123 3
rect:327 187 69 103 11
Anchorage1964_08.jpg 0x0
rect:357 237 129 85 1
rect:328 391 157 158 1
rect:289 30 109 128 1
rect:64 239 92 84 1
rect:52 65 164 93 1
rect:59 658 106 116 1
Anchorage1964_09.jpg 0x0
rect:128 131 60 78 1
rect:20 122 20 10 16
rect:146 177 255 15 15
rect:96 212 79 75 8
rect:305 180 51 60 1
rect:10 122 104 24 15
rect:851 247 1 1 16
rect:656 11 72 9 16
rect:479 134 80 21 15
rect:95 33 95 56 8
rect:256 133 54 55 1
rect:428 88 167 22 15
rect:502 10 246 17 15
rect:610 196 80 70 8
rect:15 12 79 16 16
rect:482 112 70 54 1
rect:14 13 349 12 15
rect:621 41 61 65 8
rect:63 175 58 13 16
Anchorage1964_10.jpg 0x0
rect:55 531 298 156 18
rect:198 317 127 89 17
rect:51 175 234 268 1
rect:172 228 281 109 18
Anchorage1964_11.jpg 0x0
rect:87 349 809 16 14
rect:278 277 344 26 11
rect:118 236 376 79 2
rect:434 116 165 66 1
rect:208 162 498 21 15
rect:80 562 754 23 14
rect:114 46 151 85 4
rect:380 7 120 47 1
Anchorage1964_12.jpg 0x0
rect:207 242 27 130 3
rect:12 67 421 331 2
rect:323 109 60 198 3
rect:383 81 135 200 11
rect:559 104 59 170 3
Anchorage1964_13.jpg 0x0
rect:314 594 149 23 2
rect:376 503 31 204 20
rect:459 571 107 10 19
Anchorage1964_14.jpg 0x0
rect:133 541 54 75 22
rect:264 261 84 99 21
rect:10 567 146 105 11
rect:59 345 151 32 15
rect:129 765 48 76 22
rect:339 9 52 180 11
rect:361 285 208 73 15
rect:20 791 30 52 22
rect:307 716 170 56 23
rect:226 12 128 781 20
rect:47 772 49 71 22
rect:369 6 62 156 11
Anchorage1964_15.jpg 0x0
rect:320 336 139 49 24
rect:327 149 48 88 25
rect:426 245 96 52 11
rect:235 90 87 534 20
rect:205 184 36 61 11
rect:188 188 152 41 15
rect:187 447 239 65 2
rect:487 9 123 76 4
rect:254 10 85 77 4
Anchorage1964_16.jpg 0x0
rect:177 104 306 157 2
rect:92 429 77 134 11
rect:543 193 147 249 2
rect:12 315 73 78 2
rect:236 220 343 244 11
rect:11 146 239 246 2
Anchorage1964_17.jpg 0x0
rect:10 122 197 121 9
rect:334 49 278 235 9
rect:11 230 933 254 10
Anchorage1964_18.jpg 0x0
rect:331 197 33 57 11
rect:104 203 19 60 11
rect:644 151 140 95 4
rect:292 202 95 70 4
rect:433 292 80 14 2
rect:311 293 71 21 2
rect:470 322 32 18 2
rect:120 215 65 126 4
rect:427 215 264 35 15
rect:101 373 61 44 11
Anchorage1964_19.jpg 0x0
rect:532 216 10 24 26
rect:336 134 16 46 26
rect:421 123 21 30 27
rect:511 108 62 35 28
rect:25 253 41 122 27
rect:899 137 10 16 26
rect:409 105 15 42 29
rect:685 200 26 43 28
rect:7 298 88 180 26
rect:366 133 35 75 29
rect:346 194 19 31 26
rect:321 88 80 139 29
rect:370 149 8 14 26
rect:409 289 18 36 26
rect:900 154 9 7 26
rect:276 123 57 40 26
rect:366 252 50 59 26
rect:372 148 30 26 26
Anchorage1964_20.jpg 0x0
rect:572 446 30 56 26
rect:205 111 65 33 27
rect:179 74 154 194 29
rect:160 68 104 60 26
rect:154 434 75 105 26
Anchorage1964_21.jpg 0x0
rect:155 225 715 185 30
rect:-6 64 113 147 29
rect:2 118 32 47 26
rect:38 405 26 43 26
Bingol2003_01.jpg 0x0
rect:514 58 92 92 6
rect:401 394 177 152 31
rect:2 443 652 181 10
rect:232 90 60 29 6
rect:700 597 185 68 6
rect:131 250 72 71 33
rect:327 196 52 53 33
rect:28 208 68 64 33
rect:430 457 49 52 34
rect:334 316 44 200 32
rect:641 238 52 148 34
rect:643 551 79 41 33
rect:685 220 62 57 6
rect:463 224 58 46 6
rect:726 108 111 100 6
rect:261 518 70 116 6
rect:996 202 119 57 33
rect:1030 332 70 60 33
rect:626 69 211 267 31
Bingol2003_02.jpg 0x0
rect:356 337 82 102 26
rect:225 167 968 645 31
rect:829 61 107 86 36
rect:201 73 411 137 34
rect:168 321 95 358 32
rect:107 562 208 252 32
rect:276 456 73 81 6
rect:528 291 340 136 35
Bingol2003_03.jpg 0x0
rect:467 -6 362 188 4
rect:375 235 249 77 11
rect:258 232 470 172 2
rect:124 43 126 149 33
rect:702 575 312 320 2
rect:758 263 212 774 4
rect:79 25 216 35 2
Bingol2003_04.jpg 0x0
rect:61 411 125 104 2
rect:342 750 136 100 2
rect:185 501 34 86 3
rect:105 422 39 79 3
rect:312 329 164 174 4
rect:95 419 32 56 3
rect:134 556 289 133 2
rect:201 319 51 120 3
CanterburyNZSeries2010_01.jpg 0x0
rect:71 92 163 283 12
CanterburyNZSeries2010_02.jpg 0x0
rect:43 11 219 197 37
rect:73 46 137 251 6
CanterburyNZSeries2010_03.jpg 0x0
rect:48 74 364 142 38
CanterburyNZSeries2010_04.jpg 0x0
rect:349 438 26 41 40
rect:280 279 30 57 40
rect:233 337 173 382 39
rect:317 452 34 149 40
rect:250 511 20 82 40
rect:437 389 55 127 40
rect:199 415 106 165 41
rect:181 9 111 225 42
CanterburyNZSeries2010_05.jpg 0x0
rect:370 264 145 74 15
rect:375 473 143 249 4
CanterburyNZSeries2010_06.jpg 0x0
rect:240 183 199 153 2
rect:82 126 646 649 4
CanterburyNZSeries2010_08.jpg 0x0
rect:970 373 85 93 44
rect:943 269 85 155 44
rect:418 185 150 230 43
rect:856 394 24 205 32
CanterburyNZSeries2010_09.jpg 0x0
rect:174 150 203 210 45
rect:312 272 218 383 39
CanterburyNZSeries2010_10.jpg 0x0
rect:275 329 296 142 6
rect:311 215 205 133 7
rect:271 322 363 286 6
rect:392 269 263 86 46
CanterburyNZSeries2010_11.jpg 0x0
rect:227 221 334 277 5
rect:412 183 253 107 7
CanterburyNZSeries2010_12.jpg 0x0
rect:713 562 165 82 11
rect:64 359 974 243 2
rect:142 476 157 44 11
rect:6 269 1112 447 47
CanterburyNZSeries2010_13.jpg 0x0
rect:207 22 419 584 12
rect:398 133 108 506 11
Caracas1967_01.jpg 0x0
rect:335 177 54 91 48
rect:287 175 10 79 48
rect:398 157 87 118 48
rect:401 84 137 291 48
Caracas1967_02.jpg 0x0
rect:93 491 39 32 50
rect:86 424 49 58 49
rect:222 152 261 273 51
rect:237 1 83 119 15
Caracas1967_03.jpg 0x0
rect:222 92 58 96 14
rect:11 291 317 92 6
rect:236 400 151 133 34
rect:260 408 32 145 27
rect:280 260 59 78 26
rect:217 260 39 78 27
Caracas1967_04.jpg 0x0
rect:131 428 205 200 34
rect:142 261 35 82 26
rect:102 333 22 66 27
Caracas1967_05.jpg 0x0
rect:328 181 33 140 40
rect:113 294 39 259 40
rect:48 275 54 206 40
rect:54 154 310 394 41
rect:72 440 230 201 52
rect:32 68 524 786 48
rect:239 221 59 251 40
rect:221 326 53 207 40
rect:178 219 157 170 52
rect:337 256 52 225 40
Caracas1967_06.jpg 0x0
rect:404 351 92 42 6
rect:401 87 386 282 7
Caracas1967_07.jpg 0x0
rect:583 323 123 119 53
rect:188 111 194 198 34
rect:341 224 103 331 34
rect:484 10 91 247 34
rect:231 143 38 156 27
rect:487 419 94 50 53
rect:390 62 26 199 27
Caracas1967_08.jpg 0x0
rect:229 374 68 96 55
rect:404 172 100 120 54
rect:286 373 68 114 54
Caracas1967_09.jpg 0x0
rect:26 311 60 53 48
rect:161 111 67 89 48
rect:65 260 69 52 48
rect:422 9 227 131 48
Caracas1967_10.jpg 0x0
rect:41 212 243 239 41
rect:18 207 322 316 48
rect:220 165 68 202 40
rect:470 445 76 169 40
Caracas1967_11.jpg 0x0
rect:48 309 333 642 41
rect:276 14 184 361 41
rect:44 11 308 526 48
Caracas1967_12.jpg 0x0
rect:653 279 22 72 32
rect:672 235 45 54 34
rect:210 269 35 50 56
rect:563 373 18 48 32
Caracas1967_13.jpg 0x0
rect:138 330 137 242 55
Caracas1967_14.jpg 0x0
rect:142 226 282 40 6
rect:111 115 448 257 57
Chichi1999_01.jpg 0x0
rect:4 6 824 190 58
rect:377 179 35 189 42
Chichi1999_02.jpg 0x0
rect:463 133 245 277 59
rect:7 102 423 196 58
Chichi1999_03.jpg 0x0
rect:0 151 718 227 58
rect:58 149 47 124 60
Chichi1999_04.jpg 0x0
rect:227 -14 62 117 48
rect:163 259 72 293 48
rect:256 195 31 75 52
Chichi1999_05.jpg 0x0
rect:273 102 54 44 41
rect:400 248 33 99 52
rect:269 156 105 280 48
rect:357 322 33 27 41
Chichi1999_06.jpg 0x0
rect:142 19 341 168 10
rect:767 163 38 41 41
rect:261 264 22 23 52
rect:711 -10 91 81 61
rect:257 96 65 86 62
rect:286 144 35 70 48
Chichi1999_07.jpg 0x0
rect:120 131 27 32 64
rect:470 201 46 80 48
rect:117 202 48 109 48
rect:61 227 430 181 63
rect:489 237 17 22 64
rect:345 283 29 32 64
rect:319 205 39 126 48
Chichi1999_08.jpg 0x0
rect:118 16 710 318 10
Chichi1999_09.jpg 0x0
rect:232 79 59 96 40
rect:171 78 181 227 48
rect:163 136 40 70 40
rect:240 86 155 89 41
Chichi1999_10.jpg 0x0
rect:155 15 662 423 10
Chichi1999_11.jpg 0x0
rect:143 214 130 88 65
rect:2 107 154 375 10
Chichi1999_12.jpg 0x0
rect:9 26 498 805 66
Chichi1999_13.jpg 0x0
rect:33 50 682 422 10
Chichi1999_14.jpg 0x0
rect:159 185 41 54 67
rect:159 235 26 55 67
rect:96 550 41 50 67
rect:472 340 39 65 67
rect:117 543 23 32 67
rect:215 382 40 50 39
rect:239 482 23 26 39
rect:93 337 27 45 67
rect:154 443 37 47 67
rect:295 436 95 50 67
rect:287 429 36 31 39
rect:223 256 16 35 67
rect:83 287 41 87 67
rect:206 194 94 53 67
rect:87 337 45 43 67
rect:120 586 25 41 67
rect:226 441 28 38 39
Chichi1999_15.jpg 0x0
rect:270 39 181 546 41
Chichi1999_16.jpg 0x0
rect:166 152 47 102 32
Chichi1999_17.jpg 0x0
rect:95 277 32 40 32
Chichi1999_18.jpg 0x0
rect:312 343 34 189 69
rect:277 376 48 149 70
rect:200 175 31 163 69
rect:207 261 168 533 68
rect:194 223 37 105 69
rect:223 172 36 109 69
Chichi1999_19.jpg 0x0
rect:270 127 145 250 3
rect:179 26 188 518 2
YogyakartaInd2006_03.jpg 0x0
rect:262 33 87 2 15
rect:300 178 24 8 16
rect:213 169 89 39 15
rect:321 358 52 32 16
rect:240 57 166 69 15
rect:438 56 90 49 16
rect:184 229 214 161 71
rect:222 416 228 25 15
Chichi1999_20.jpg 0x0
rect:140 197 77 372 42
rect:226 512 62 216 41
Chichi1999_21.jpg 0x0
rect:85 456 156 99 5
rect:15 4 202 145 30
rect:235 314 152 133 37
rect:325 91 214 80 6
rect:330 42 268 261 37
rect:220 137 293 309 72
rect:324 6 163 83 57
rect:317 306 69 121 6
Chichi1999_22.jpg 0x0
rect:311 212 13 29 73
rect:302 185 341 152 10
rect:197 169 20 25 73
rect:504 238 18 19 73
Chichi1999_23.jpg 0x0
rect:142 197 20 33 34
rect:116 175 71 52 73
rect:209 132 43 23 27
rect:314 200 33 46 73
rect:4 70 510 181 74
rect:343 225 98 105 73
rect:84 265 52 95 73
rect:340 239 34 30 26
rect:119 269 29 55 34
rect:288 234 28 74 34
Chichi1999_24.jpg 0x0
rect:189 245 70 48 34
rect:244 237 35 58 46
rect:3 370 353 176 74
rect:136 159 133 102 75
rect:281 452 1 2 46
Chichi1999_25.jpg 0x0
rect:114 169 161 402 73
rect:164 226 111 185 34
rect:191 405 52 85 26
Chichi1999_26.jpg 0x0
rect:147 699 115 99 73
rect:281 301 136 264 76
rect:297 17 41 38 73
rect:188 619 87 71 26
rect:194 227 52 132 73
rect:173 626 113 110 27
Chichi1999_27.jpg 0x0
rect:201 212 121 290 32
Chichi1999_28.jpg 0x0
rect:274 120 202 191 75
rect:21 57 261 126 6
rect:177 83 141 279 5
rect:286 314 222 87 77
Chichi1999_29.jpg 0x0
rect:252 292 103 195 52
rect:238 282 77 122 40
rect:106 198 161 276 48
Chichi1999_30.jpg 0x0
rect:200 126 133 86 52
rect:35 327 115 118 73
rect:224 215 252 49 78
rect:174 93 249 268 40
Chichi1999_31.jpg 0x0
rect:176 102 112 295 79
rect:639 104 59 148 48
Chichi1999_32.jpg 0x0
rect:219 54 37 111 81
rect:575 99 55 250 39
rect:130 7 111 408 80
rect:225 207 43 180 81
Chichi1999_33.jpg 0x0
rect:120 139 35 89 49
rect:322 137 50 136 49
rect:93 87 167 571 33
rect:256 110 106 239 56
rect:103 155 79 238 32
rect:232 63 93 279 32
Chichi1999_34.jpg 0x0
rect:135 123 480 410 10
Duzce1999_01.jpg 0x0
rect:127 54 71 418 39
rect:150 174 125 115 41
Duzce1999_02.jpg 0x0
rect:70 68 108 454 41
Duzce1999_03.jpg 0x0
rect:209 93 79 298 31
rect:0 215 139 317 31
rect:80 116 134 303 42
Gediz1970_01.jpg 0x0
rect:314 390 93 140 69
rect:164 319 116 300 69
rect:112 110 244 523 68
Guatemala1976_01.jpg 0x0
rect:40 183 107 131 48
rect:443 156 61 56 41
rect:26 92 412 123 82
rect:615 107 169 118 48
rect:42 263 75 44 52
rect:53 209 46 41 41
Guatemala1976_02.jpg 0x0
rect:234 54 94 118 40
rect:208 87 334 250 48
Guatemala1976_03.jpg 0x0
rect:19 84 778 259 75
Guatemala1976_04.jpg 0x0
rect:622 202 69 305 4
rect:784 160 99 432 4
rect:29 81 487 298 30
rect:149 24 285 54 30
Guatemala1976_05.jpg 0x0
rect:155 134 377 146 40
rect:213 174 380 169 41
rect:139 108 340 295 48
Guatemala1976_06.jpg 0x0
rect:120 81 263 543 39
Guatemala1976_07.jpg 0x0
rect:209 437 126 86 83
rect:24 291 593 382 10
rect:26 214 78 47 6
Guatemala1976_08.jpg 0x0
rect:220 69 384 497 41
rect:131 32 401 447 48
rect:452 95 134 257 40
Guatemala1976_09.jpg 0x0
rect:222 271 74 44 85
rect:112 356 28 28 85
rect:267 365 96 24 85
rect:102 320 40 23 84
rect:724 372 55 57 84
rect:602 197 56 46 85
rect:235 329 38 20 84
rect:307 378 58 47 84
Guatemala1976_10.jpg 0x0
rect:166 141 239 199 87
rect:272 139 317 245 86
rect:332 461 31 110 87
Guatemala1976_11.jpg 0x0
rect:167 311 122 218 34
GujaratIndia2001_01.jpg 0x0
rect:76 474 73 34 2
rect:263 423 52 65 11
rect:150 459 285 108 2
rect:33 470 136 213 4
Haiti2010_01.jpg 0x0
rect:531 182 87 113 4
rect:374 172 219 376 41
rect:111 47 109 140 7
rect:561 501 201 222 4
rect:239 318 23 140 40
Haiti2010_02.jpg 0x0
rect:53 92 412 180 88
rect:230 36 215 65 14
Haiti2010_03.jpg 0x0
rect:166 452 230 155 32
rect:400 1 63 645 32
rect:175 614 61 66 49
rect:311 423 201 169 89
Haiti2010_04.jpg 0x0
rect:2 149 267 170 6
rect:205 255 399 362 41
rect:202 45 307 225 34
Haiti2010_05.jpg 0x0
rect:279 253 34 74 40
rect:269 178 232 86 52
rect:282 311 25 93 40
rect:299 175 207 566 90
Haiti2010_06.jpg 0x0
rect:343 167 73 205 32
rect:206 224 242 450 91
rect:414 191 85 76 34
rect:438 191 74 31 6
rect:403 127 175 359 33
rect:238 237 43 40 34
rect:592 226 771 615 91
ImperialValley1979_01.jpg 0x0
rect:357 295 34 42 32
rect:411 358 41 20 49
rect:67 301 111 93 50
rect:11 297 119 132 32
rect:532 293 32 21 49
rect:457 409 51 38 32
rect:12 412 61 92 49
rect:434 380 14 17 49
rect:390 333 34 31 50
rect:387 397 49 46 32
rect:388 218 42 82 50
ImperialValley1979_02.jpg 0x0
rect:126 211 256 57 92
rect:298 261 104 51 49
rect:489 159 98 234 50
rect:159 61 197 179 32
rect:129 102 71 200 50
rect:359 213 39 159 50
ImperialValley1979_03.jpg 0x0
rect:97 413 368 39 92
rect:158 325 189 175 32
rect:235 305 86 166 50
rect:116 197 144 122 32
rect:108 311 68 157 50
rect:151 481 273 52 92
rect:419 298 55 241 50
Izmit1999_01.jpg 0x0
rect:198 290 27 118 27
rect:483 322 47 74 26
rect:240 83 41 209 27
rect:309 137 51 169 27
rect:241 98 469 240 34
Izmit1999_02.jpg 0x0
rect:29 114 824 333 10
Izmit1999_03.jpg 0x0
rect:219 168 50 149 50
rect:530 114 37 299 50
rect:138 35 523 465 93
rect:305 79 255 427 32
rect:223 179 463 31 92
rect:394 62 42 287 50
rect:153 112 53 283 50
rect:538 94 53 184 50
Izmit1999_04.jpg 0x0
rect:103 565 244 161 88
rect:253 89 80 70 48
rect:378 105 62 92 41
rect:67 551 31 107 42
rect:520 336 21 73 40
rect:275 296 19 41 40
rect:66 511 67 54 34
rect:146 265 116 57 88
rect:235 445 73 80 41
rect:67 549 56 82 41
Izmit1999_05.jpg 0x0
rect:121 30 586 413 10
Izmit1999_06.jpg 0x0
rect:67 319 58 196 50
rect:184 231 164 73 49
rect:236 291 30 187 50
rect:162 189 276 585 32
rect:161 257 97 179 50
rect:372 256 38 180 50
Izmit1999_07.jpg 0x0
rect:20 108 409 545 2
rect:457 279 123 371 4
rect:135 251 55 129 3
rect:251 234 53 96 3
rect:416 49 120 56 6
rect:315 153 66 60 3
rect:319 179 47 111 3
Izmit1999_08.jpg 0x0
rect:234 320 267 126 88
rect:448 5 73 52 45
rect:477 112 73 91 41
rect:553 101 61 27 52
rect:179 20 61 85 34
rect:147 355 71 68 45
rect:138 109 70 65 41
Izmit1999_09.jpg 0x0
rect:184 162 30 35 41
rect:433 308 67 89 41
rect:374 277 128 130 94
rect:428 234 72 97 94
rect:65 189 44 55 41
rect:762 191 47 68 41
Izmit1999_10.jpg 0x0
rect:104 145 236 646 41
rect:139 356 127 48 78
rect:325 381 60 107 40
rect:118 322 279 69 78
rect:203 618 99 133 40
rect:277 170 54 170 40
rect:55 274 255 39 78
rect:62 124 98 251 40
rect:316 141 93 114 40
rect:180 242 68 219 40
rect:303 613 68 31 78
Izmit1999_11.jpg 0x0
rect:174 334 65 178 40
rect:251 195 100 207 40
rect:149 147 116 203 41
rect:255 593 145 148 41
rect:213 207 71 112 40
Izmit1999_12.jpg 0x0
rect:517 166 47 66 7
rect:533 225 141 247 91
rect:50 260 64 65 52
rect:315 152 73 51 41
rect:116 76 28 20 6
rect:408 214 48 103 52
rect:1 164 37 50 41
rect:43 268 52 112 94
rect:254 190 80 161 94
rect:290 172 58 30 6
rect:514 107 35 60 41
rect:111 337 30 41 40
rect:204 278 93 61 88
rect:286 133 62 61 45
rect:13 75 52 28 6
rect:380 245 52 106 42
rect:238 231 101 139 41
rect:386 33 95 53 34
Izmit1999_13.jpg 0x0
rect:124 243 64 72 52
rect:156 238 101 109 94
rect:211 344 37 96 41
rect:265 206 73 227 41
rect:233 109 65 94 41
rect:276 75 161 453 48
rect:6 84 106 142 42
rect:180 288 28 104 41
rect:78 147 56 49 6
Izmit1999_14.jpg 0x0
rect:375 9 126 66 35
rect:466 84 110 98 34
rect:534 62 75 45 95
rect:422 434 25 26 34
rect:50 121 141 53 34
rect:396 116 104 68 35
rect:282 352 52 35 34
rect:518 281 47 34 34
rect:440 235 95 50 34
Izmit1999_15.jpg 0x0
rect:139 168 226 438 42
Izmit1999_16.jpg 0x0
rect:67 83 500 366 33
rect:139 72 234 309 39
rect:203 76 42 83 40
rect:158 73 222 166 41
Izmit1999_17.jpg 0x0
rect:126 115 210 242 41
Izmit1999_18.jpg 0x0
rect:145 173 95 115 41
rect:230 125 125 305 39
Izmit1999_19.jpg 0x0
rect:192 91 281 413 96
rect:462 116 28 80 50
rect:482 146 19 74 50
rect:252 116 229 251 32
Kobe1995_01.jpg 0x0
rect:21 154 942 108 63
Kobe1995_02.jpg 0x0
rect:2 78 526 741 68
Kobe1995_03.jpg 0x0
rect:48 73 610 704 10
Kobe1995_04.jpg 0x0
rect:362 255 63 64 41
Kobe1995_05.jpg 0x0
rect:65 738 278 160 78
rect:41 290 371 59 78
rect:301 113 212 357 40
rect:4 220 161 367 40
rect:159 172 173 518 52
Kobe1995_06.jpg 0x0
rect:167 381 210 317 42
rect:45 119 444 564 41
Kobe1995_07.jpg 0x0
rect:166 398 46 44 39
rect:56 317 50 38 39
rect:254 487 23 44 39
rect:214 288 41 36 39
rect:452 538 49 52 39
rect:218 255 25 61 39
rect:481 119 28 38 39
rect:205 92 30 33 39
rect:535 311 48 37 39
rect:309 180 29 35 39
rect:546 392 29 30 39
rect:279 370 39 28 39
rect:193 455 28 33 39
rect:505 246 46 25 39
rect:81 272 37 48 39
rect:35 423 42 32 39
rect:350 257 34 29 39
rect:454 257 32 56 39
rect:153 300 38 36 39
rect:447 248 32 47 39
rect:118 275 27 25 39
rect:164 80 44 31 39
rect:278 290 34 45 39
rect:207 239 32 48 39
rect:351 138 49 47 39
rect:346 376 39 32 39
Kobe1995_08.jpg 0x0
rect:358 42 413 170 97
Kobe1995_09.jpg 0x0
rect:173 477 190 73 97
rect:98 687 60 110 88
rect:126 660 58 55 88
rect:133 391 69 62 88
SanSalvador_1986_01.jpg 0x0
rect:84 3 127 185 68
rect:267 140 128 217 41
SanSalvador_1986_02.jpg 0x0
rect:219 337 31 28 41
rect:206 234 41 31 41
rect:163 203 19 32 41
rect:278 211 37 42 41
rect:478 176 32 60 41
rect:347 135 15 34 41
rect:343 226 38 38 41
rect:282 258 62 49 41
rect:604 192 34 45 42
SikkimIndia2001_01.jpg 0x0
rect:232 216 156 172 34
SikkimIndia2001_02.jpg 0x0
rect:540 87 78 36 16
rect:166 80 220 286 33
rect:367 75 148 212 33
rect:8 159 44 34 54
rect:11 7 329 63 16
rect:234 221 93 45 16
rect:377 209 122 18 16
rect:-15 2 497 79 33
SikkimIndia2001_03.jpg 0x0
rect:241 182 102 138 70
rect:178 11 122 648 98
rect:175 102 66 237 69
SikkimIndia2001_04.jpg 0x0
rect:269 155 334 124 99
rect:211 119 89 216 34
rect:3 24 241 289 99
SumatraInd2009_01.jpg 0x0
rect:221 18 54 307 81
SumatraInd2009_02.jpg 0x0
rect:177 63 146 221 41
WhittierNarrows1987_01.jpg 0x0
rect:18 38 922 468 10
WhittierNarrows1987_02.jpg 0x0
rect:125 364 83 277 41
WhittierNarrows1987_03.jpg 0x0
rect:257 120 150 278 32
WhittierNarrows1987_04.jpg 0x0
rect:192 11 176 154 100
rect:191 55 124 252 41
rect:235 8 367 66 6
YogyakartaInd2006_01.jpg 0x0
rect:215 -27 332 644 29
rect:242 49 420 264 32
rect:381 113 320 96 49
YogyakartaInd2006_02.jpg 0x0
rect:455 54 182 300 98
rect:250 101 42 188 69
rect:483 90 60 209 70
