Anchorage1964_01.jpg 0x0
rect:60 296 202 249 1
rect:95 8 277 127 1
Anchorage1964_02.jpg 0x0
rect:263 80 64 98 4
rect:105 239 63 14 6
rect:304 251 18 59 3
rect:43 17 170 36 5
rect:328 335 25 69 3
rect:456 354 20 38 3
rect:358 185 103 54 4
rect:55 44 89 17 6
rect:306 327 24 64 3
rect:387 183 33 43 3
rect:365 261 16 44 3
rect:105 172 83 42 7
rect:168 200 378 115 2
rect:86 228 22 17 6
rect:338 284 25 82 3
rect:360 64 135 121 8
rect:23 224 123 35 5
rect:170 358 18 73 3
rect:284 29 196 58 4
Anchorage1964_03.jpg 0x0
rect:0 256 819 80 10
rect:259 108 396 175 9
rect:2 163 255 63 9
Anchorage1964_04.jpg 0x0
rect:140 424 48 18 2
rect:357 37 37 19 5
rect:213 131 35 16 5
rect:316 244 19 23 1
rect:146 25 21 18 5
rect:301 333 16 20 1
rect:446 259 28 22 5
rect:351 502 21 34 1
rect:288 283 30 24 5
rect:299 226 24 27 1
rect:251 370 11 21 1
rect:258 263 16 27 1
rect:243 416 22 25 1
rect:331 355 8 1 1
rect:255 340 25 28 1
rect:166 261 38 23 5
rect:393 146 41 20 5
rect:143 79 41 16 5
rect:333 302 20 28 1
rect:214 358 23 18 5
rect:458 434 31 19 5
rect:411 67 25 13 5
rect:407 108 29 22 5
rect:200 107 20 37 1
rect:278 180 16 28 1
rect:125 354 30 16 5
rect:258 263 29 32 8
rect:225 122 29 26 5
rect:303 172 21 14 5
rect:152 82 32 15 5
rect:405 263 29 20 5
rect:156 241 21 16 5
rect:204 179 19 24 5
rect:433 126 23 19 5
rect:188 390 47 20 5
rect:115 466 39 15 5
rect:358 250 30 16 5
rect:279 528 36 13 5
rect:269 322 35 21 5
Anchorage1964_05.jpg 0x0
rect:44 474 22 53 1
rect:88 168 29 37 1
rect:236 120 151 28 5
rect:583 249 59 71 1
rect:550 76 32 71 1
rect:244 151 24 26 11
rect:606 346 47 72 8
rect:207 42 74 43 6
rect:490 271 74 28 5
rect:590 250 43 25 6
rect:86 77 25 40 1
rect:56 183 21 42 1
rect:375 120 32 62 1
rect:502 1 55 61 1
rect:233 62 123 33 5
rect:221 107 104 31 6
rect:229 127 138 90 2
rect:108 77 22 46 1
rect:351 296 37 55 8
rect:113 21 22 51 1
rect:41 375 27 66 1
rect:503 129 32 46 1
rect:64 237 24 40 1
rect:69 204 16 45 1
rect:775 359 50 18 6
rect:520 240 52 38 5
rect:479 25 38 50 1
rect:401 150 36 18 11
rect:663 192 58 73 1
Anchorage1964_06.jpg 0x0
rect:144 100 72 316 3
rect:216 263 92 58 11
rect:79 77 291 382 12
Anchorage1964_07.jpg 0x0
rect:474 216 106 61 11
rect:257 301 232 227 2
rect:250 145 45 112 13
rect:169 2 90 51 2
rect:16 304 197 37 11
rect:251 105 139 175 11
rect:6 61 605 355 2
rect:8 346 404 37 14
rect:315 137 47 139 3
Anchorage1964_08.jpg 0x0
rect:402 37 114 130 1
rect:41 601 77 160 1
rect:64 319 98 93 1
rect:53 92 154 143 1
rect:361 266 134 95 1
rect:370 663 125 100 1
Anchorage1964_09.jpg 0x0
rect:525 6 268 12 15
rect:17 20 49 14 16
rect:14 12 536 12 15
rect:355 123 116 20 15
rect:57 158 56 10 16
rect:10 159 99 22 15
rect:231 189 67 64 1
rect:651 9 110 11 16
rect:516 353 61 86 8
rect:266 131 73 83 1
rect:19 162 24 8 16
rect:508 160 1 1 16
rect:120 145 213 12 15
rect:112 376 80 50 8
rect:73 179 72 59 1
rect:474 188 97 99 1
rect:501 36 95 62 8
rect:820 105 145 23 15
rect:115 37 78 70 8
Anchorage1964_10.jpg 0x0
rect:99 545 313 112 18
rect:267 289 118 160 17
rect:116 147 255 105 18
rect:56 193 253 310 1
Anchorage1964_11.jpg 0x0
rect:244 146 401 15 15
rect:86 496 487 14 14
rect:454 8 131 31 1
rect:68 475 776 12 14
rect:695 93 161 89 1
rect:286 285 316 28 11
rect:114 165 556 83 2
rect:101 51 145 80 4
Anchorage1964_12.jpg 0x0
rect:14 69 751 217 2
rect:325 71 64 210 3
rect:270 72 47 197 3
rect:454 70 153 209 11
rect:219 242 35 91 3
Anchorage1964_13.jpg 0x0
rect:333 548 174 26 2
rect:456 527 103 14 19
rect:595 405 40 126 20
Anchorage1964_14.jpg 0x0
rect:10 748 210 87 11
rect:348 172 112 52 15
rect:236 14 85 780 20
rect:501 7 66 130 11
rect:183 605 45 48 22
rect:56 198 180 36 15
rect:75 564 38 66 22
rect:56 490 52 56 22
rect:22 520 26 47 22
rect:435 777 140 59 23
rect:277 13 84 294 11
rect:208 238 91 89 21
Anchorage1964_15.jpg 0x0
rect:293 97 57 107 25
rect:298 10 64 80 4
rect:245 236 163 39 15
rect:225 79 71 496 20
rect:190 179 45 46 11
rect:260 579 176 73 2
rect:349 290 161 37 11
rect:415 10 67 78 4
rect:450 370 127 30 24
Anchorage1964_16.jpg 0x0
rect:255 239 236 229 11
rect:12 225 77 102 2
rect:440 190 161 189 2
rect:18 118 233 245 2
rect:174 95 175 92 2
rect:94 369 78 127 11
Anchorage1964_17.jpg 0x0
rect:12 142 230 140 9
rect:8 258 481 262 10
rect:233 60 189 215 9
Anchorage1964_18.jpg 0x0
rect:279 191 29 67 11
rect:178 388 76 36 11
rect:364 324 81 16 2
rect:480 357 37 16 2
rect:135 225 74 82 4
rect:682 243 53 19 2
rect:311 172 95 69 4
rect:441 224 352 33 15
rect:396 147 102 64 4
rect:122 232 23 39 11
Anchorage1964_19.jpg 0x0
rect:359 180 14 29 26
rect:7 281 59 198 26
rect:255 71 76 101 29
rect:443 274 13 28 26
rect:24 351 34 107 27
rect:284 284 18 39 26
rect:323 69 51 99 29
rect:337 315 36 83 26
rect:331 80 66 53 26
rect:584 121 28 45 29
rect:314 130 6 20 26
rect:480 93 39 23 26
rect:505 191 8 5 26
rect:418 131 35 30 27
rect:659 188 37 45 28
rect:403 201 27 41 28
rect:525 101 15 47 26
rect:894 174 6 10 26
Anchorage1964_20.jpg 0x0
rect:228 464 71 124 26
rect:151 76 94 47 26
rect:174 50 120 180 29
rect:556 659 32 68 26
rect:173 74 72 51 27
Anchorage1964_21.jpg 0x0
rect:2 95 34 34 26
rect:179 236 650 126 30
rect:-6 51 112 191 29
rect:37 350 34 34 26
Bingol2003_01.jpg 0x0
rect:176 103 73 29 6
rect:444 288 93 52 6
rect:750 427 77 50 33
rect:443 248 38 61 6
rect:563 62 107 201 31
rect:140 162 74 54 33
rect:591 559 155 55 6
rect:587 293 98 74 33
rect:25 182 77 58 33
rect:381 398 50 146 32
rect:855 363 117 46 33
rect:391 299 223 129 31
rect:459 413 60 65 34
rect:501 170 39 132 34
rect:364 442 77 87 6
rect:681 78 96 77 6
rect:317 208 57 64 33
rect:606 160 106 97 6
rect:2 420 1005 207 10
Bingol2003_02.jpg 0x0
rect:360 254 68 62 6
rect:160 109 385 166 34
rect:182 283 78 316 32
rect:961 81 130 88 36
rect:504 426 76 85 26
rect:106 624 137 179 32
rect:342 227 438 105 35
rect:325 315 641 440 31
Bingol2003_03.jpg 0x0
rect:89 49 137 152 33
rect:727 -7 386 264 4
rect:66 24 109 38 2
rect:728 216 350 417 4
rect:453 160 156 77 11
rect:1015 551 263 395 2
rect:251 157 463 217 2
Bingol2003_04.jpg 0x0
rect:158 541 161 195 2
rect:135 463 40 75 3
rect:74 603 21 80 3
rect:200 354 30 86 3
rect:228 804 84 88 2
rect:334 546 49 123 3
rect:304 261 201 211 4
rect:71 781 97 60 2
CanterburyNZSeries2010_01.jpg 0x0
rect:66 100 94 250 12
CanterburyNZSeries2010_02.jpg 0x0
rect:65 64 160 237 6
rect:30 8 215 362 37
CanterburyNZSeries2010_03.jpg 0x0
rect:59 57 280 96 38
CanterburyNZSeries2010_04.jpg 0x0
rect:160 457 122 196 41
rect:237 7 101 175 42
rect:387 416 53 127 40
rect:331 535 21 83 40
rect:235 477 23 193 40
rect:347 391 28 54 40
rect:288 526 19 82 40
rect:155 228 278 299 39
CanterburyNZSeries2010_05.jpg 0x0
rect:279 476 253 370 4
rect:262 253 142 119 15
CanterburyNZSeries2010_06.jpg 0x0
rect:179 278 253 152 2
rect:86 87 713 688 4
CanterburyNZSeries2010_08.jpg 0x0
rect:483 124 212 308 43
rect:1077 399 79 120 44
rect:591 415 28 127 32
rect:689 291 128 136 44
CanterburyNZSeries2010_09.jpg 0x0
rect:320 361 197 422 39
rect:296 153 244 238 45
CanterburyNZSeries2010_10.jpg 0x0
rect:435 153 245 97 7
rect:350 275 204 55 46
rect:158 544 168 127 6
rect:297 298 469 250 6
CanterburyNZSeries2010_11.jpg 0x0
rect:408 386 207 161 5
rect:291 263 327 162 7
CanterburyNZSeries2010_12.jpg 0x0
rect:453 401 188 56 11
rect:5 269 976 466 47
rect:126 369 105 44 11
rect:51 391 993 342 2
CanterburyNZSeries2010_13.jpg 0x0
rect:117 21 516 761 12
rect:444 139 113 565 11
Caracas1967_01.jpg 0x0
rect:373 218 47 93 48
rect:376 124 13 43 48
rect:437 181 103 87 48
rect:460 75 206 289 48
Caracas1967_02.jpg 0x0
rect:98 504 52 64 49
rect:268 1 149 179 15
rect:185 154 167 274 51
rect:142 399 48 39 50
Caracas1967_03.jpg 0x0
rect:311 49 79 73 14
rect:211 454 32 75 27
rect:367 334 52 86 26
rect:289 233 86 170 34
rect:237 254 26 95 27
rect:13 498 314 79 6
Caracas1967_04.jpg 0x0
rect:190 319 20 71 27
rect:145 409 66 85 26
rect:102 245 119 193 34
Caracas1967_05.jpg 0x0
rect:125 246 36 245 40
rect:23 72 291 730 48
rect:324 182 46 197 40
rect:268 205 101 184 52
rect:138 391 43 159 40
rect:54 176 253 463 41
rect:82 416 274 238 52
rect:302 338 63 278 40
rect:463 197 51 278 40
rect:66 226 85 302 40
Caracas1967_06.jpg 0x0
rect:315 67 266 169 7
rect:456 220 67 63 6
Caracas1967_07.jpg 0x0
rect:395 284 102 65 53
rect:562 358 121 88 53
rect:180 164 222 170 34
rect:471 9 119 262 34
rect:277 173 51 173 27
rect:492 230 119 215 34
rect:389 56 24 243 27
Caracas1967_08.jpg 0x0
rect:165 365 81 139 54
rect:160 213 88 124 55
rect:433 180 99 136 54
Caracas1967_09.jpg 0x0
rect:180 180 79 60 48
rect:300 14 304 156 48
rect:68 204 47 67 48
rect:22 297 72 60 48
Caracas1967_10.jpg 0x0
rect:369 438 92 143 40
rect:15 189 345 356 48
rect:36 183 275 302 41
rect:245 267 84 194 40
Caracas1967_11.jpg 0x0
rect:318 17 219 243 41
rect:46 14 458 547 48
rect:72 299 255 638 41
Caracas1967_12.jpg 0x0
rect:632 275 26 46 34
rect:277 374 32 47 56
rect:873 347 27 76 32
rect:853 273 28 37 32
Caracas1967_13.jpg 0x0
rect:208 477 164 340 55
Caracas1967_14.jpg 0x0
rect:127 166 662 239 57
rect:156 251 206 31 6
Chichi1999_01.jpg 0x0
rect:5 8 940 163 58
rect:456 121 55 218 42
Chichi1999_02.jpg 0x0
rect:6 73 472 120 58
rect:318 143 164 492 59
Chichi1999_03.jpg 0x0
rect:60 187 59 123 60
rect:0 168 827 202 58
Chichi1999_04.jpg 0x0
rect:173 -17 55 145 48
rect:223 279 73 456 48
rect:159 185 30 42 52
Chichi1999_05.jpg 0x0
rect:448 93 79 226 48
rect:491 207 30 33 41
rect:447 138 41 56 41
rect:284 164 29 91 52
Chichi1999_06.jpg 0x0
rect:347 253 60 97 48
rect:126 13 476 147 10
rect:371 145 67 74 62
rect:734 205 38 54 41
rect:681 -12 90 50 61
rect:477 222 19 36 52
Chichi1999_07.jpg 0x0
rect:415 213 29 40 64
rect:53 242 686 156 63
rect:140 165 39 162 48
rect:465 194 17 18 64
rect:173 211 29 50 64
rect:467 280 48 71 48
rect:295 181 42 150 48
Chichi1999_08.jpg 0x0
rect:112 16 676 588 10
Chichi1999_09.jpg 0x0
rect:229 90 121 71 41
rect:333 70 44 86 40
rect:278 121 29 103 40
rect:233 56 143 198 48
Chichi1999_10.jpg 0x0
rect:221 17 682 365 10
Chichi1999_11.jpg 0x0
rect:2 130 181 515 10
rect:133 274 100 99 65
Chichi1999_12.jpg 0x0
rect:12 26 345 494 66
Chichi1999_13.jpg 0x0
rect:28 55 726 394 10
Chichi1999_14.jpg 0x0
rect:68 527 33 30 67
rect:158 211 66 76 67
rect:227 471 24 54 67
rect:107 209 39 55 67
rect:155 395 27 48 67
rect:196 255 64 48 67
rect:261 275 39 35 39
rect:61 660 49 47 67
rect:226 353 22 34 39
rect:369 371 41 49 67
rect:150 532 38 34 67
rect:231 317 35 61 67
rect:257 622 26 27 39
rect:176 284 19 30 67
rect:365 258 24 20 39
rect:111 389 58 64 67
rect:244 450 75 87 67
Chichi1999_15.jpg 0x0
rect:308 26 291 365 41
Chichi1999_16.jpg 0x0
rect:173 112 54 153 32
Chichi1999_17.jpg 0x0
rect:120 231 31 57 32
Chichi1999_18.jpg 0x0
rect:144 208 45 84 69
rect:169 161 126 371 68
rect:260 283 23 161 69
rect:172 319 23 157 69
rect:370 362 30 103 69
rect:273 414 36 130 70
Chichi1999_19.jpg 0x0
rect:158 17 280 521 2
rect:249 101 164 282 3
YogyakartaInd2006_03.jpg 0x0
rect:452 83 127 64 15
rect:228 316 72 21 16
rect:174 138 19 8 16
rect:282 59 76 47 16
rect:267 247 362 147 71
rect:302 168 60 29 15
rect:254 22 90 2 15
rect:240 398 301 30 15
Chichi1999_20.jpg 0x0
rect:193 407 72 250 41
rect:218 144 97 417 42
Chichi1999_21.jpg 0x0
rect:136 294 231 194 37
rect:476 34 331 223 37
rect:304 308 125 83 6
rect:13 3 193 146 30
rect:89 362 209 116 5
rect:161 139 214 232 72
rect:408 147 167 121 6
rect:541 8 135 127 57
Chichi1999_22.jpg 0x0
rect:249 225 17 18 73
rect:313 281 12 25 73
rect:229 127 221 203 10
rect:298 247 12 23 73
Chichi1999_23.jpg 0x0
rect:88 340 43 73 34
rect:294 138 36 45 73
rect:379 213 35 19 27
rect:339 128 23 27 26
rect:241 343 76 88 73
rect:4 50 488 199 74
rect:125 202 25 31 34
rect:98 165 56 46 73
rect:274 418 47 96 34
rect:95 364 48 90 73
Chichi1999_24.jpg 0x0
rect:123 201 94 98 75
rect:243 224 54 41 34
rect:398 377 1 2 46
rect:3 443 384 171 74
rect:209 176 45 66 46
Chichi1999_25.jpg 0x0
rect:183 429 56 76 26
rect:208 265 163 310 73
rect:232 181 121 205 34
Chichi1999_26.jpg 0x0
rect:169 588 130 133 27
rect:113 670 76 91 26
rect:270 228 72 138 73
rect:133 549 170 194 73
rect:190 22 50 27 73
rect:270 319 106 279 76
Chichi1999_27.jpg 0x0
rect:126 170 76 375 32
Chichi1999_28.jpg 0x0
rect:25 81 275 142 6
rect:234 92 186 182 75
rect:251 265 183 82 77
rect:178 84 116 250 5
Chichi1999_29.jpg 0x0
rect:187 217 104 205 40
rect:145 184 191 248 48
rect:196 191 68 158 52
Chichi1999_30.jpg 0x0
rect:36 240 130 134 73
rect:201 146 185 76 78
rect:218 81 300 370 40
rect:222 166 145 75 52
Chichi1999_31.jpg 0x0
rect:141 113 125 257 79
rect:664 128 48 133 48
Chichi1999_32.jpg 0x0
rect:203 57 31 148 81
rect:499 107 55 263 39
rect:158 154 30 106 81
rect:131 10 124 369 80
Chichi1999_33.jpg 0x0
rect:172 89 105 301 32
rect:85 86 117 584 33
rect:311 102 42 143 49
rect:168 198 35 152 49
rect:300 95 91 339 32
rect:219 109 91 250 56
Chichi1999_34.jpg 0x0
rect:158 109 336 332 10
Duzce1999_01.jpg 0x0
rect:122 79 94 418 39
rect:101 100 77 107 41
Duzce1999_02.jpg 0x0
rect:74 69 134 534 41
Duzce1999_03.jpg 0x0
rect:125 115 82 328 42
rect:0 175 92 248 31
rect:215 143 122 366 31
Gediz1970_01.jpg 0x0
rect:97 95 220 518 68
rect:289 292 83 163 69
rect:138 223 135 336 69
Guatemala1976_01.jpg 0x0
rect:458 164 61 99 41
rect:30 110 467 218 82
rect:508 122 141 129 48
rect:39 217 35 51 41
rect:34 124 123 107 48
rect:41 142 43 43 52
Guatemala1976_02.jpg 0x0
rect:218 54 107 121 40
rect:231 65 203 228 48
Guatemala1976_03.jpg 0x0
rect:18 65 688 296 75
Guatemala1976_04.jpg 0x0
rect:543 203 170 334 4
rect:128 30 264 86 30
rect:41 53 496 294 30
rect:340 194 105 250 4
Guatemala1976_05.jpg 0x0
rect:122 163 300 213 40
rect:105 104 402 330 48
rect:212 191 317 117 41
Guatemala1976_06.jpg 0x0
rect:143 110 152 566 39
Guatemala1976_07.jpg 0x0
rect:27 169 409 479 10
rect:246 650 100 58 83
rect:19 304 55 75 6
Guatemala1976_08.jpg 0x0
rect:186 78 273 476 41
rect:118 37 309 476 48
rect:424 55 226 314 40
Guatemala1976_09.jpg 0x0
rect:631 207 73 58 85
rect:524 315 60 51 84
rect:234 274 36 25 84
rect:400 235 55 29 85
rect:119 185 67 61 85
rect:393 347 54 47 84
rect:80 328 25 20 85
rect:87 235 40 25 84
Guatemala1976_10.jpg 0x0
rect:180 128 267 208 87
rect:201 127 180 250 86
rect:234 387 48 117 87
Guatemala1976_11.jpg 0x0
rect:189 257 104 186 34
GujaratIndia2001_01.jpg 0x0
rect:36 299 220 187 4
rect:245 505 58 51 11
rect:65 460 60 28 2
rect:225 421 196 106 2
Haiti2010_01.jpg 0x0
rect:300 109 162 460 41
rect:549 563 158 228 4
rect:273 311 22 167 40
rect:104 36 143 97 7
rect:417 177 76 97 4
Haiti2010_02.jpg 0x0
rect:285 31 134 45 14
rect:61 97 453 191 88
Haiti2010_03.jpg 0x0
rect:204 449 204 189 32
rect:324 804 193 146 89
rect:287 650 81 86 49
rect:386 1 80 667 32
Haiti2010_04.jpg 0x0
rect:140 221 342 652 41
rect:2 125 334 141 6
rect:237 61 265 332 34
Haiti2010_05.jpg 0x0
rect:342 237 46 82 40
rect:205 136 284 459 90
rect:340 264 187 87 52
rect:287 235 31 107 40
Haiti2010_06.jpg 0x0
rect:532 245 87 304 32
rect:215 189 352 255 91
rect:536 206 57 32 6
rect:371 190 67 64 34
rect:706 158 461 809 91
rect:389 214 239 408 33
rect:159 296 38 60 34
ImperialValley1979_01.jpg 0x0
rect:431 392 26 41 50
rect:465 400 39 39 32
rect:491 317 29 23 32
rect:383 281 24 16 49
rect:308 342 35 66 50
rect:70 425 73 136 50
rect:248 413 29 18 49
rect:13 312 172 152 32
rect:433 363 73 43 32
rect:429 329 15 16 49
rect:13 357 78 81 49
ImperialValley1979_02.jpg 0x0
rect:267 97 141 179 32
rect:247 143 150 52 49
rect:209 156 77 206 50
rect:467 90 109 209 50
rect:304 139 52 190 50
rect:177 226 254 61 92
ImperialValley1979_03.jpg 0x0
rect:132 430 345 34 92
rect:157 308 75 160 50
rect:104 481 334 36 92
rect:221 201 88 213 50
rect:134 258 265 141 32
rect:152 301 212 201 32
rect:70 224 101 255 50
Izmit1999_01.jpg 0x0
rect:306 77 74 153 27
rect:211 206 38 96 27
rect:634 213 61 81 26
rect:176 150 46 187 27
rect:147 53 352 402 34
Izmit1999_02.jpg 0x0
rect:23 143 500 189 10
Izmit1999_03.jpg 0x0
rect:459 70 70 371 50
rect:198 127 31 256 50
rect:222 66 60 356 50
rect:111 29 334 339 93
rect:318 83 31 268 50
rect:268 58 240 478 32
rect:151 167 330 43 92
rect:454 87 55 184 50
Izmit1999_04.jpg 0x0
rect:41 316 50 84 41
rect:124 393 239 143 88
rect:217 70 109 84 41
rect:62 339 43 73 42
rect:415 271 17 66 40
rect:173 333 166 52 88
rect:424 304 79 110 41
rect:369 64 58 88 48
rect:321 385 16 85 40
rect:41 413 73 61 34
Izmit1999_05.jpg 0x0
rect:97 28 426 301 10
Izmit1999_06.jpg 0x0
rect:316 197 35 140 50
rect:164 180 134 94 49
rect:149 145 149 377 32
rect:257 250 51 179 50
rect:121 196 96 166 50
rect:85 332 65 180 50
Izmit1999_07.jpg 0x0
rect:275 185 66 72 3
rect:26 136 379 660 2
rect:412 81 116 36 6
rect:357 116 79 100 3
rect:189 234 42 124 3
rect:166 292 45 106 3
rect:293 305 98 398 4
Izmit1999_08.jpg 0x0
rect:189 484 74 88 45
rect:147 272 212 115 88
rect:464 6 79 58 45
rect:143 19 111 84 34
rect:508 100 46 30 52
rect:451 80 69 76 41
rect:184 85 57 94 41
Izmit1999_09.jpg 0x0
rect:232 163 52 32 41
rect:476 273 67 74 94
rect:297 314 105 98 41
rect:63 201 45 56 41
rect:438 272 66 66 41
rect:281 292 75 75 94
Izmit1999_10.jpg 0x0
rect:360 544 100 35 78
rect:305 667 116 117 40
rect:240 98 92 125 40
rect:172 236 81 264 40
rect:83 176 321 628 41
rect:61 267 413 45 78
rect:198 410 43 107 40
rect:259 187 59 158 40
rect:125 405 114 27 78
rect:49 138 85 179 40
rect:140 238 347 87 78
Izmit1999_11.jpg 0x0
rect:278 453 102 108 41
rect:215 209 104 158 41
rect:163 250 61 163 40
rect:222 307 88 134 40
rect:123 238 47 203 40
Izmit1999_12.jpg 0x0
rect:385 134 63 52 7
rect:325 242 128 190 94
rect:327 287 53 111 52
rect:324 241 57 138 41
rect:492 90 52 105 41
rect:57 234 73 96 94
rect:1 226 30 35 41
rect:496 21 59 63 34
rect:179 283 80 46 88
rect:43 353 78 66 52
rect:91 73 33 30 6
rect:515 169 48 61 41
rect:220 128 49 31 6
rect:86 377 31 60 40
rect:402 171 34 120 42
rect:337 150 64 68 45
rect:15 70 31 23 6
rect:349 176 207 223 91
Izmit1999_13.jpg 0x0
rect:448 176 91 316 41
rect:147 164 73 54 6
rect:4 91 66 170 42
rect:132 211 29 100 41
rect:348 81 245 258 48
rect:385 91 51 143 41
rect:257 211 45 81 41
rect:131 301 134 131 94
rect:170 253 56 44 52
Izmit1999_14.jpg 0x0
rect:406 58 70 68 95
rect:346 259 76 53 34
rect:379 502 45 23 34
rect:63 131 81 49 34
rect:586 266 62 49 34
rect:310 438 39 40 34
rect:333 101 84 67 34
rect:359 188 68 67 35
rect:464 9 196 54 35
Izmit1999_15.jpg 0x0
rect:163 217 275 393 42
Izmit1999_16.jpg 0x0
rect:190 133 38 122 40
rect:122 108 247 164 41
rect:105 76 252 243 39
rect:67 69 360 413 33
Izmit1999_17.jpg 0x0
rect:131 124 195 328 41
Izmit1999_18.jpg 0x0
rect:186 145 171 362 39
rect:136 220 159 157 41
Izmit1999_19.jpg 0x0
rect:315 134 283 299 32
rect:368 168 24 95 50
rect:165 61 186 251 96
rect:381 186 23 82 50
Kobe1995_01.jpg 0x0
rect:26 120 697 186 63
Kobe1995_02.jpg 0x0
rect:2 76 629 597 68
Kobe1995_03.jpg 0x0
rect:28 71 507 615 10
Kobe1995_04.jpg 0x0
rect:278 250 48 52 41
Kobe1995_05.jpg 0x0
rect:177 150 179 610 52
rect:117 690 327 122 78
rect:4 217 126 667 40
rect:380 194 193 542 40
rect:47 326 300 56 78
Kobe1995_06.jpg 0x0
rect:126 376 294 347 42
rect:47 143 285 568 41
Kobe1995_07.jpg 0x0
rect:521 454 42 40 39
rect:419 463 33 47 39
rect:354 103 44 39 39
rect:210 376 40 44 39
rect:428 135 52 44 39
rect:64 217 41 59 39
rect:120 287 33 44 39
rect:279 220 44 57 39
rect:140 350 27 25 39
rect:290 211 31 52 39
rect:313 337 42 39 39
rect:556 140 49 37 39
rect:481 268 26 35 39
rect:170 106 30 40 39
rect:258 314 43 36 39
rect:165 224 29 26 39
rect:136 185 35 52 39
rect:177 584 49 45 39
rect:186 198 34 45 39
rect:262 231 24 55 39
rect:44 248 54 26 39
rect:173 277 40 36 39
rect:167 495 26 37 39
rect:233 317 37 24 39
rect:229 89 22 29 39
rect:507 308 32 41 39
Kobe1995_08.jpg 0x0
rect:374 51 573 243 97
Kobe1995_09.jpg 0x0
rect:117 508 67 65 88
rect:257 673 162 72 97
rect:97 403 92 70 88
rect:101 691 82 105 88
SanSalvador_1986_01.jpg 0x0
rect:322 120 140 210 41
rect:52 3 98 163 68
SanSalvador_1986_02.jpg 0x0
rect:280 135 41 47 41
rect:254 214 28 49 41
rect:130 191 26 35 41
rect:354 94 19 31 41
rect:642 212 35 28 41
rect:194 325 22 34 41
rect:565 259 50 37 41
rect:649 134 51 43 42
rect:227 157 37 31 41
SikkimIndia2001_01.jpg 0x0
rect:257 181 158 141 34
SikkimIndia2001_02.jpg 0x0
rect:-18 2 356 87 33
rect:533 104 125 176 33
rect:481 114 110 36 16
rect:11 115 77 38 54
rect:11 6 313 100 16
rect:240 238 99 58 16
rect:135 56 205 486 33
rect:486 221 109 17 16
SikkimIndia2001_03.jpg 0x0
rect:269 69 63 235 69
rect:220 188 73 189 70
rect:245 11 196 624 98
SikkimIndia2001_04.jpg 0x0
rect:3 30 249 324 99
rect:340 140 95 125 34
rect:328 159 205 70 99
SumatraInd2009_01.jpg 0x0
rect:192 20 49 267 81
SumatraInd2009_02.jpg 0x0
rect:178 88 248 143 41
WhittierNarrows1987_01.jpg 0x0
rect:17 34 901 260 10
WhittierNarrows1987_02.jpg 0x0
rect:222 332 125 353 41
WhittierNarrows1987_03.jpg 0x0
rect:208 130 146 258 32
WhittierNarrows1987_04.jpg 0x0
rect:272 8 243 86 6
rect:157 66 122 200 41
rect:184 12 231 188 100
YogyakartaInd2006_01.jpg 0x0
rect:193 -20 483 355 29
rect:281 43 392 243 32
rect:235 162 333 65 49
YogyakartaInd2006_02.jpg 0x0
rect:365 140 49 148 69
rect:300 63 112 475 98
rect:407 92 68 134 70
