Anchorage1964_01.jpg 0x0
rect:86 7 204 202 1
rect:70 400 227 157 1
Anchorage1964_02.jpg 0x0
rect:211 42 173 86 4
rect:106 218 31 15 6
rect:500 47 126 133 8
rect:180 310 27 68 3
rect:352 165 94 68 4
rect:386 198 27 38 3
rect:238 292 435 103 2
rect:424 291 13 67 3
rect:36 243 142 35 5
rect:215 214 19 78 3
rect:283 91 72 94 4
rect:84 36 88 19 6
rect:336 257 27 52 3
rect:281 229 24 49 3
rect:43 22 171 33 5
rect:550 235 12 66 3
rect:490 204 24 64 3
rect:123 270 45 13 6
rect:176 195 69 55 7
Anchorage1964_03.jpg 0x0
rect:2 216 243 70 9
rect:0 215 726 61 10
rect:254 63 288 261 9
Anchorage1964_04.jpg 0x0
rect:439 441 24 17 5
rect:186 303 22 22 1
rect:255 306 14 28 1
rect:337 283 25 20 5
rect:358 382 36 27 5
rect:453 312 29 17 5
rect:205 331 25 23 8
rect:130 239 28 19 5
rect:305 461 27 29 1
rect:182 19 24 15 5
rect:233 231 13 29 1
rect:301 453 40 13 5
rect:165 412 56 14 2
rect:149 409 28 17 5
rect:160 305 32 13 5
rect:332 78 33 16 5
rect:276 326 26 24 5
rect:212 200 21 16 5
rect:157 71 22 14 5
rect:193 49 25 16 5
rect:200 540 32 19 5
rect:193 141 27 22 5
rect:223 209 16 24 1
rect:359 457 7 1 1
rect:411 229 28 21 5
rect:341 94 23 27 1
rect:123 92 27 15 5
rect:368 148 14 21 1
rect:295 45 30 17 5
rect:263 359 22 19 1
rect:286 23 40 18 5
rect:280 224 19 23 1
rect:290 107 27 16 5
rect:234 131 43 22 5
rect:458 248 27 23 5
rect:184 187 31 24 5
rect:254 228 14 26 1
rect:148 442 41 20 5
rect:367 331 22 32 1
Anchorage1964_05.jpg 0x0
rect:500 25 33 67 1
rect:167 131 142 22 5
rect:56 230 18 45 1
rect:626 325 79 37 5
rect:502 227 60 71 1
rect:358 1 40 64 1
rect:374 490 43 78 8
rect:262 213 20 24 11
rect:691 278 52 12 6
rect:583 347 61 38 5
rect:24 344 19 44 1
rect:543 329 54 91 8
rect:130 33 15 52 1
rect:381 181 33 21 11
rect:455 93 41 62 1
rect:258 148 177 88 2
rect:623 280 58 16 6
rect:182 47 108 27 5
rect:79 158 14 34 1
rect:98 236 23 42 1
rect:200 45 126 53 6
rect:445 214 43 66 1
rect:48 76 26 56 1
rect:55 363 22 57 1
rect:122 126 21 44 1
rect:145 200 100 42 6
rect:353 232 51 71 1
rect:357 58 29 77 1
rect:40 396 19 60 1
Anchorage1964_06.jpg 0x0
rect:174 192 83 70 11
rect:144 103 249 400 12
rect:145 118 117 319 3
Anchorage1964_07.jpg 0x0
rect:11 247 309 43 11
rect:356 143 56 134 3
rect:9 400 290 43 14
rect:228 2 127 60 2
rect:272 250 314 264 2
rect:7 81 759 285 2
rect:333 102 114 110 11
rect:409 158 58 74 13
rect:543 183 84 61 11
Anchorage1964_08.jpg 0x0
rect:340 201 101 132 1
rect:38 301 106 104 1
rect:391 24 97 133 1
rect:56 52 156 86 1
rect:269 652 160 127 1
rect:48 388 75 126 1
Anchorage1964_09.jpg 0x0
rect:128 37 94 53 8
rect:576 112 93 99 1
rect:949 138 1 1 16
rect:293 190 63 84 1
rect:585 8 273 12 15
rect:47 131 61 10 16
rect:10 17 68 15 16
rect:761 7 74 12 16
rect:615 35 70 54 8
rect:90 305 77 71 8
rect:15 12 323 15 15
rect:15 135 97 26 15
rect:589 123 113 24 15
rect:130 136 249 9 15
rect:552 233 60 83 8
rect:16 116 16 8 16
rect:497 100 74 32 15
rect:126 163 74 75 1
rect:224 125 56 72 1
Anchorage1964_10.jpg 0x0
rect:148 193 104 105 17
rect:83 517 288 161 18
rect:171 180 184 77 18
rect:82 202 274 454 1
Anchorage1964_11.jpg 0x0
rect:81 567 590 17 14
rect:98 204 579 72 2
rect:683 87 182 124 1
rect:91 519 669 23 14
rect:163 170 507 23 15
rect:742 8 79 35 1
rect:310 296 276 28 11
rect:156 61 193 138 4
Anchorage1964_12.jpg 0x0
rect:421 87 55 171 3
rect:132 231 33 95 3
rect:436 93 148 176 11
rect:12 58 448 231 2
rect:485 93 58 213 3
Anchorage1964_13.jpg 0x0
rect:379 458 204 26 2
rect:388 372 29 136 20
rect:459 380 98 11 19
Anchorage1964_14.jpg 0x0
rect:267 13 76 668 20
rect:135 780 35 44 22
rect:490 6 81 99 11
rect:15 763 27 51 22
rect:210 216 78 95 21
rect:39 697 52 72 22
rect:389 457 149 54 23
rect:136 496 48 85 22
rect:10 685 264 110 11
rect:345 298 170 63 15
rect:234 12 74 200 11
rect:72 238 110 40 15
Anchorage1964_15.jpg 0x0
rect:234 96 65 517 20
rect:225 11 91 50 4
rect:300 331 153 54 15
rect:428 251 100 55 11
rect:247 518 271 45 2
rect:217 178 33 85 11
rect:461 312 127 30 24
rect:301 158 52 118 25
rect:515 10 74 56 4
Anchorage1964_16.jpg 0x0
rect:11 308 46 93 2
rect:434 151 127 192 2
rect:16 145 194 182 2
rect:157 188 265 179 11
rect:273 91 263 136 2
rect:75 293 113 121 11
Anchorage1964_17.jpg 0x0
rect:9 206 862 164 10
rect:346 62 292 197 9
rect:10 92 341 103 9
Anchorage1964_18.jpg 0x0
rect:578 129 74 96 4
rect:113 309 16 42 11
rect:299 349 57 25 2
rect:124 219 67 58 11
rect:259 296 255 24 15
rect:512 334 25 14 2
rect:663 385 74 20 2
rect:697 115 139 104 4
rect:448 185 34 52 11
rect:126 234 89 90 4
Anchorage1964_19.jpg 0x0
rect:855 145 6 7 26
rect:224 119 34 32 27
rect:483 120 6 14 26
rect:309 133 19 42 26
rect:6 226 67 165 26
rect:407 170 45 35 28
rect:267 124 43 51 26
rect:418 255 26 46 28
rect:376 88 41 98 29
rect:256 317 37 85 26
rect:258 77 51 173 29
rect:501 93 31 36 26
rect:341 142 16 72 29
rect:658 167 10 16 26
rect:38 252 25 74 27
rect:432 252 10 20 26
rect:419 172 21 48 26
rect:306 231 19 28 26
Anchorage1964_20.jpg 0x0
rect:155 100 53 60 27
rect:136 86 142 123 29
rect:252 510 49 160 26
rect:205 98 69 66 26
rect:366 618 41 97 26
Anchorage1964_21.jpg 0x0
rect:-5 53 65 150 29
rect:179 201 453 202 30
rect:2 122 35 34 26
rect:44 358 22 30 26
Bingol2003_01.jpg 0x0
rect:354 174 58 48 33
rect:2 383 731 187 10
rect:29 249 80 76 33
rect:573 315 161 93 6
rect:528 116 168 179 31
rect:510 363 164 211 31
rect:261 116 78 33 6
rect:484 300 62 58 6
rect:648 152 94 75 6
rect:653 219 94 57 6
rect:591 471 58 71 34
rect:459 512 81 93 6
rect:184 249 76 57 33
rect:469 391 55 192 32
rect:964 387 82 41 33
rect:484 67 82 67 6
rect:774 332 122 58 33
rect:536 138 52 140 34
rect:784 191 112 65 33
Bingol2003_02.jpg 0x0
rect:318 268 784 359 31
rect:358 226 461 146 35
rect:424 393 119 137 26
rect:367 351 68 85 6
rect:162 670 196 175 32
rect:158 80 438 160 34
rect:129 314 84 428 32
rect:1070 69 156 99 36
Bingol2003_03.jpg 0x0
rect:80 30 141 42 2
rect:898 366 231 367 2
rect:847 254 270 461 4
rect:634 -7 344 229 4
rect:361 275 195 51 11
rect:99 43 93 118 33
rect:369 171 394 232 2
Bingol2003_04.jpg 0x0
rect:240 566 42 143 3
rect:174 404 27 103 3
rect:58 452 107 58 2
rect:349 792 154 81 2
rect:162 340 237 221 2
rect:90 706 29 83 3
rect:128 497 40 70 3
rect:235 199 178 175 4
CanterburyNZSeries2010_01.jpg 0x0
rect:69 146 142 316 12
CanterburyNZSeries2010_02.jpg 0x0
rect:52 10 158 231 37
rect:51 43 176 186 6
CanterburyNZSeries2010_03.jpg 0x0
rect:56 82 311 126 38
CanterburyNZSeries2010_04.jpg 0x0
rect:184 323 24 209 40
rect:323 490 24 96 40
rect:302 424 55 123 40
rect:191 198 220 374 39
rect:359 498 25 43 40
rect:443 320 16 58 40
rect:164 427 101 211 41
rect:271 10 101 119 42
CanterburyNZSeries2010_05.jpg 0x0
rect:264 249 141 118 15
rect:265 340 159 295 4
CanterburyNZSeries2010_06.jpg 0x0
rect:323 161 220 94 2
rect:70 150 602 454 4
CanterburyNZSeries2010_08.jpg 0x0
rect:825 646 28 161 32
rect:916 567 82 129 44
rect:658 440 112 144 44
rect:508 165 157 225 43
CanterburyNZSeries2010_09.jpg 0x0
rect:271 122 213 221 45
rect:333 420 209 316 39
CanterburyNZSeries2010_10.jpg 0x0
rect:446 222 209 108 7
rect:262 376 210 70 46
rect:242 329 380 283 6
rect:205 597 168 138 6
CanterburyNZSeries2010_11.jpg 0x0
rect:427 234 378 121 7
rect:419 312 250 168 5
CanterburyNZSeries2010_12.jpg 0x0
rect:59 253 676 306 2
rect:444 316 174 69 11
rect:233 386 184 39 11
rect:5 320 1207 512 47
CanterburyNZSeries2010_13.jpg 0x0
rect:203 14 535 881 12
rect:391 210 145 543 11
Caracas1967_01.jpg 0x0
rect:503 70 159 204 48
rect:374 160 12 44 48
rect:383 171 36 107 48
rect:344 178 57 73 48
Caracas1967_02.jpg 0x0
rect:255 1 82 143 15
rect:152 426 49 82 49
rect:128 520 41 35 50
rect:145 221 189 268 51
Caracas1967_03.jpg 0x0
rect:216 332 158 165 34
rect:257 68 71 100 14
rect:440 418 35 158 27
rect:15 331 190 112 6
rect:255 294 26 80 27
rect:374 413 56 78 26
Caracas1967_04.jpg 0x0
rect:156 386 59 81 26
rect:113 378 18 84 27
rect:179 289 200 108 34
Caracas1967_05.jpg 0x0
rect:65 335 209 228 52
rect:39 181 392 473 41
rect:242 159 32 240 40
rect:341 199 43 127 40
rect:199 353 51 265 40
rect:67 383 82 295 40
rect:29 102 481 414 48
rect:250 258 56 176 40
rect:329 265 133 159 52
rect:160 243 66 273 40
Caracas1967_06.jpg 0x0
rect:408 368 76 49 6
rect:352 122 354 215 7
Caracas1967_07.jpg 0x0
rect:132 160 140 149 34
rect:423 191 180 239 34
rect:542 278 69 58 53
rect:558 361 121 133 53
rect:310 59 39 196 27
rect:332 7 103 294 34
rect:172 137 59 163 27
Caracas1967_08.jpg 0x0
rect:281 331 54 131 54
rect:348 168 102 95 54
rect:159 301 72 81 55
Caracas1967_09.jpg 0x0
rect:426 15 272 182 48
rect:151 195 123 99 48
rect:92 241 58 72 48
rect:28 267 51 38 48
Caracas1967_10.jpg 0x0
rect:22 134 522 486 48
rect:32 213 182 274 41
rect:351 160 88 135 40
rect:366 363 71 246 40
Caracas1967_11.jpg 0x0
rect:381 18 157 236 41
rect:44 180 293 542 41
rect:67 16 455 969 48
Caracas1967_12.jpg 0x0
rect:215 309 23 34 56
rect:531 467 23 71 32
rect:675 256 26 39 32
rect:599 315 35 38 34
Caracas1967_13.jpg 0x0
rect:197 317 171 261 55
Caracas1967_14.jpg 0x0
rect:169 269 334 41 6
rect:156 159 729 151 57
Chichi1999_01.jpg 0x0
rect:3 9 697 115 58
rect:317 100 65 232 42
Chichi1999_02.jpg 0x0
rect:259 82 182 371 59
rect:5 83 401 135 58
Chichi1999_03.jpg 0x0
rect:0 135 960 228 58
rect:55 176 71 107 60
Chichi1999_04.jpg 0x0
rect:189 187 86 447 48
rect:269 -15 38 160 48
rect:260 188 36 67 52
Chichi1999_05.jpg 0x0
rect:275 132 59 43 41
rect:325 349 38 29 41
rect:310 244 49 80 52
rect:280 112 86 266 48
Chichi1999_06.jpg 0x0
rect:121 15 659 148 10
rect:267 258 19 31 52
rect:427 84 45 46 62
rect:680 -14 71 85 61
rect:353 237 53 92 48
rect:828 171 34 61 41
Chichi1999_07.jpg 0x0
rect:158 197 29 46 64
rect:450 188 21 25 64
rect:181 224 42 125 48
rect:598 221 20 17 64
rect:51 176 492 171 63
rect:453 189 44 121 48
rect:489 299 55 103 48
Chichi1999_08.jpg 0x0
rect:101 15 433 428 10
Chichi1999_09.jpg 0x0
rect:224 88 215 197 48
rect:188 109 43 94 40
rect:215 122 39 88 40
rect:298 106 104 88 41
Chichi1999_10.jpg 0x0
rect:160 18 397 346 10
Chichi1999_11.jpg 0x0
rect:2 179 170 613 10
rect:142 155 71 107 65
Chichi1999_12.jpg 0x0
rect:12 24 418 484 66
Chichi1999_13.jpg 0x0
rect:32 45 908 365 10
Chichi1999_14.jpg 0x0
rect:66 467 34 50 67
rect:101 262 78 43 67
rect:287 551 31 46 39
rect:257 389 26 54 67
rect:268 183 15 54 67
rect:171 137 62 63 67
rect:152 229 36 85 67
rect:128 459 21 63 67
rect:180 254 35 49 67
rect:118 588 36 49 67
rect:79 370 32 37 67
rect:321 335 40 55 39
rect:178 480 24 38 67
rect:190 526 22 40 39
rect:355 433 22 23 39
rect:345 590 96 51 67
rect:92 241 27 44 67
Chichi1999_15.jpg 0x0
rect:247 23 275 433 41
Chichi1999_16.jpg 0x0
rect:154 134 56 124 32
Chichi1999_17.jpg 0x0
rect:148 423 22 49 32
Chichi1999_18.jpg 0x0
rect:133 199 152 435 68
rect:145 287 29 119 69
rect:253 235 35 183 69
rect:297 222 43 105 70
rect:260 198 41 100 69
rect:232 182 30 74 69
Chichi1999_19.jpg 0x0
rect:162 20 265 494 2
rect:220 151 193 293 3
YogyakartaInd2006_03.jpg 0x0
rect:354 82 73 51 16
rect:354 94 163 70 15
rect:252 326 271 179 71
rect:236 189 24 8 16
rect:220 108 49 23 15
rect:272 495 57 31 16
rect:225 523 235 26 15
rect:266 23 106 2 15
Chichi1999_20.jpg 0x0
rect:190 258 116 336 42
rect:244 487 70 167 41
Chichi1999_21.jpg 0x0
rect:562 7 138 87 57
rect:193 80 177 209 72
rect:17 4 245 203 30
rect:378 91 135 139 6
rect:293 24 230 202 37
rect:150 318 135 167 37
rect:198 317 120 157 6
rect:54 354 220 126 5
Chichi1999_22.jpg 0x0
rect:270 310 23 20 73
rect:415 308 20 22 73
rect:302 138 345 113 10
rect:301 189 13 22 73
Chichi1999_23.jpg 0x0
rect:164 167 67 64 73
rect:322 214 85 121 73
rect:356 184 36 21 26
rect:360 139 37 70 73
rect:4 50 373 226 74
rect:80 405 54 64 34
rect:144 295 46 117 73
rect:304 248 41 70 34
rect:167 129 19 19 34
rect:381 154 42 20 27
Chichi1999_24.jpg 0x0
rect:241 184 49 45 46
rect:286 259 1 2 46
rect:122 206 167 108 75
rect:3 429 275 234 74
rect:190 258 95 62 34
Chichi1999_25.jpg 0x0
rect:249 388 38 59 26
rect:201 167 136 292 34
rect:116 215 190 343 73
Chichi1999_26.jpg 0x0
rect:174 13 53 32 73
rect:226 191 143 445 76
rect:171 669 136 108 27
rect:156 516 133 120 73
rect:213 172 70 88 73
rect:137 738 82 70 26
Chichi1999_27.jpg 0x0
rect:145 241 107 334 32
Chichi1999_28.jpg 0x0
rect:342 125 202 161 75
rect:21 59 194 163 6
rect:178 75 194 172 5
rect:341 240 231 84 77
Chichi1999_29.jpg 0x0
rect:175 216 95 195 52
rect:112 245 158 339 48
rect:171 281 148 142 40
Chichi1999_30.jpg 0x0
rect:232 234 134 46 78
rect:29 327 104 189 73
rect:199 138 216 95 52
rect:229 107 246 332 40
Chichi1999_31.jpg 0x0
rect:156 109 124 347 79
rect:619 82 33 229 48
Chichi1999_32.jpg 0x0
rect:154 156 33 167 81
rect:543 164 48 181 39
rect:242 70 54 121 81
rect:171 7 123 401 80
Chichi1999_33.jpg 0x0
rect:275 80 103 256 56
rect:280 102 94 351 32
rect:98 119 90 205 32
rect:257 147 41 135 49
rect:82 85 165 514 33
rect:150 125 35 112 49
Chichi1999_34.jpg 0x0
rect:119 128 415 389 10
Duzce1999_01.jpg 0x0
rect:165 180 120 152 41
rect:126 45 73 288 39
Duzce1999_02.jpg 0x0
rect:60 68 137 438 41
Duzce1999_03.jpg 0x0
rect:79 104 124 290 42
rect:0 208 116 213 31
rect:241 122 85 274 31
Gediz1970_01.jpg 0x0
rect:223 322 85 174 69
rect:108 84 175 440 68
rect:154 422 123 268 69
Guatemala1976_01.jpg 0x0
rect:42 203 57 59 41
rect:56 156 78 63 52
rect:424 169 139 121 48
rect:369 163 64 84 41
rect:49 214 132 105 48
rect:29 142 800 129 82
Guatemala1976_02.jpg 0x0
rect:151 83 273 207 48
rect:205 85 71 86 40
Guatemala1976_03.jpg 0x0
rect:17 97 922 363 75
Guatemala1976_04.jpg 0x0
rect:52 79 357 251 30
rect:180 26 316 103 30
rect:782 236 172 260 4
rect:603 297 79 250 4
Guatemala1976_05.jpg 0x0
rect:192 147 223 112 41
rect:210 104 444 215 40
rect:170 83 271 313 48
Guatemala1976_06.jpg 0x0
rect:97 86 202 524 39
Guatemala1976_07.jpg 0x0
rect:30 255 61 58 6
rect:26 285 326 501 10
rect:188 435 142 100 83
Guatemala1976_08.jpg 0x0
rect:174 71 341 484 41
rect:171 24 298 408 48
rect:345 102 235 332 40
Guatemala1976_09.jpg 0x0
rect:222 322 49 52 85
rect:409 246 63 69 84
rect:342 250 52 27 85
rect:122 342 37 28 85
rect:476 313 52 64 85
rect:607 238 41 86 84
rect:81 288 37 21 84
rect:177 303 34 33 84
Guatemala1976_10.jpg 0x0
rect:314 437 47 129 87
rect:160 174 257 261 86
rect:244 159 257 205 87
Guatemala1976_11.jpg 0x0
rect:142 214 90 206 34
GujaratIndia2001_01.jpg 0x0
rect:198 447 274 80 2
rect:32 414 141 116 4
rect:255 553 68 47 11
rect:90 354 51 26 2
Haiti2010_01.jpg 0x0
rect:541 588 143 218 4
rect:690 212 123 91 4
rect:272 98 214 443 41
rect:95 43 125 82 7
rect:379 280 31 176 40
Haiti2010_02.jpg 0x0
rect:295 26 142 64 14
rect:51 72 538 171 88
Haiti2010_03.jpg 0x0
rect:290 1 63 431 32
rect:169 413 54 72 49
rect:253 489 202 190 32
rect:209 798 237 267 89
Haiti2010_04.jpg 0x0
rect:194 289 207 455 41
rect:214 58 297 331 34
rect:2 191 237 206 6
Haiti2010_05.jpg 0x0
rect:218 309 25 74 40
rect:188 227 220 110 52
rect:193 139 255 375 90
rect:362 265 39 86 40
Haiti2010_06.jpg 0x0
rect:534 158 77 43 6
rect:360 179 67 278 32
rect:157 200 351 317 91
rect:268 337 28 48 34
rect:376 218 175 364 33
rect:367 160 90 82 34
rect:494 178 799 709 91
ImperialValley1979_01.jpg 0x0
rect:462 231 31 32 32
rect:40 312 125 148 50
rect:9 286 153 93 32
rect:357 234 56 19 49
rect:650 333 13 21 49
rect:519 436 28 24 49
rect:376 383 23 35 50
rect:397 332 51 40 32
rect:323 293 39 44 32
rect:311 336 56 48 50
rect:12 314 61 88 49
ImperialValley1979_02.jpg 0x0
rect:235 224 393 46 92
rect:266 99 113 173 50
rect:237 197 140 45 49
rect:256 161 67 127 50
rect:134 168 100 212 50
rect:275 64 203 248 32
ImperialValley1979_03.jpg 0x0
rect:244 424 91 130 50
rect:113 437 222 34 92
rect:371 205 55 229 50
rect:78 256 63 249 50
rect:116 496 181 29 92
rect:144 241 273 170 32
rect:199 255 238 135 32
Izmit1999_01.jpg 0x0
rect:265 288 49 146 27
rect:459 271 57 86 26
rect:256 93 49 214 27
rect:217 82 492 336 34
rect:200 117 50 138 27
Izmit1999_02.jpg 0x0
rect:32 115 616 248 10
Izmit1999_03.jpg 0x0
rect:225 65 71 313 50
rect:121 237 454 38 92
rect:248 81 329 374 32
rect:160 51 356 334 93
rect:219 101 40 215 50
rect:347 86 52 247 50
rect:356 77 45 208 50
rect:520 116 26 263 50
Izmit1999_04.jpg 0x0
rect:417 321 72 97 41
rect:43 470 56 80 41
rect:133 245 96 56 88
rect:86 703 248 142 88
rect:270 87 108 73 48
rect:362 419 15 78 40
rect:273 104 100 100 41
rect:455 378 28 65 40
rect:54 487 66 78 34
rect:79 588 36 116 42
Izmit1999_05.jpg 0x0
rect:84 30 441 414 10
Izmit1999_06.jpg 0x0
rect:154 256 64 204 50
rect:213 196 56 169 50
rect:251 343 49 174 50
rect:121 327 140 102 49
rect:66 172 71 173 50
rect:91 125 242 383 32
Izmit1999_07.jpg 0x0
rect:356 79 145 59 6
rect:468 86 78 80 3
rect:21 89 380 580 2
rect:309 199 34 148 3
rect:210 278 46 165 3
rect:329 361 113 353 4
rect:167 245 45 131 3
Izmit1999_08.jpg 0x0
rect:116 110 68 79 41
rect:683 7 74 72 45
rect:240 288 190 139 88
rect:136 19 97 94 34
rect:417 90 77 36 52
rect:165 444 108 79 45
rect:540 87 79 55 41
Izmit1999_09.jpg 0x0
rect:374 179 97 109 41
rect:320 252 74 109 94
rect:427 225 43 87 41
rect:476 289 50 78 94
rect:256 204 53 35 41
rect:40 217 32 55 41
Izmit1999_10.jpg 0x0
rect:109 147 379 468 41
rect:251 347 58 77 40
rect:192 495 157 42 78
rect:81 195 88 257 40
rect:47 149 268 37 78
rect:190 178 60 217 40
rect:211 476 72 134 40
rect:108 234 111 178 40
rect:123 368 195 76 78
rect:354 94 168 104 40
rect:216 407 76 32 78
Izmit1999_11.jpg 0x0
rect:183 362 97 105 41
rect:184 209 54 134 40
rect:419 258 91 204 40
rect:247 259 154 197 41
rect:160 199 60 150 40
Izmit1999_12.jpg 0x0
rect:67 273 53 88 94
rect:294 212 51 32 6
rect:484 166 59 53 7
rect:345 188 118 119 94
rect:584 120 50 115 41
rect:115 391 33 36 40
rect:1 271 35 36 41
rect:513 26 62 69 34
rect:344 231 179 232 91
rect:97 95 28 31 6
rect:53 227 77 53 52
rect:608 213 63 44 41
rect:348 185 40 132 42
rect:13 51 59 21 6
rect:430 260 59 128 52
rect:249 150 56 78 45
rect:180 234 88 64 88
rect:403 381 74 86 41
Izmit1999_13.jpg 0x0
rect:135 121 47 38 6
rect:176 191 78 58 52
rect:476 129 76 231 41
rect:186 302 52 69 41
rect:296 99 63 79 41
rect:4 57 103 196 42
rect:310 74 202 339 48
rect:129 258 85 165 94
rect:134 307 29 122 41
Izmit1999_14.jpg 0x0
rect:334 60 67 76 95
rect:60 163 137 74 34
rect:516 101 82 66 34
rect:385 166 119 91 35
rect:335 292 69 53 34
rect:312 8 108 84 35
rect:435 455 35 21 34
rect:312 442 38 25 34
rect:417 246 59 54 34
Izmit1999_15.jpg 0x0
rect:166 141 267 391 42
Izmit1999_16.jpg 0x0
rect:205 80 46 100 40
rect:92 71 504 453 33
rect:157 53 192 381 39
rect:112 100 204 105 41
Izmit1999_17.jpg 0x0
rect:129 111 138 322 41
Izmit1999_18.jpg 0x0
rect:148 211 113 126 41
rect:184 173 146 344 39
Izmit1999_19.jpg 0x0
rect:317 186 27 65 50
rect:511 146 26 82 50
rect:316 96 214 297 32
rect:165 79 325 362 96
Kobe1995_01.jpg 0x0
rect:32 207 687 203 63
Kobe1995_02.jpg 0x0
rect:2 72 675 699 68
Kobe1995_03.jpg 0x0
rect:36 74 517 607 10
Kobe1995_04.jpg 0x0
rect:444 313 59 50 41
Kobe1995_05.jpg 0x0
rect:4 151 106 476 40
rect:93 112 145 416 52
rect:55 269 467 54 78
rect:240 190 192 496 40
rect:103 458 291 151 78
Kobe1995_06.jpg 0x0
rect:52 127 536 517 41
rect:193 470 287 359 42
Kobe1995_07.jpg 0x0
rect:192 217 25 42 39
rect:188 208 30 44 39
rect:115 351 32 30 39
rect:522 193 39 40 39
rect:218 104 44 28 39
rect:368 337 31 33 39
rect:130 421 33 44 39
rect:114 262 29 45 39
rect:501 234 45 50 39
rect:49 423 54 35 39
rect:347 173 33 62 39
rect:461 488 28 43 39
rect:202 371 39 39 39
rect:345 109 44 51 39
rect:304 120 22 35 39
rect:378 276 42 58 39
rect:399 150 28 40 39
rect:334 364 36 48 39
rect:260 423 26 48 39
rect:367 199 28 35 39
rect:136 319 42 61 39
rect:33 325 28 35 39
rect:208 250 25 29 39
rect:172 312 28 35 39
rect:428 424 35 25 39
rect:154 163 40 47 39
Kobe1995_08.jpg 0x0
rect:211 75 313 144 97
Kobe1995_09.jpg 0x0
rect:242 449 261 68 97
rect:99 492 74 61 88
rect:126 392 75 81 88
rect:102 686 98 77 88
SanSalvador_1986_01.jpg 0x0
rect:85 3 129 234 68
rect:178 112 89 158 41
SanSalvador_1986_02.jpg 0x0
rect:372 145 21 28 41
rect:131 322 26 45 41
rect:372 207 31 37 41
rect:653 186 35 49 41
rect:145 249 27 40 41
rect:341 159 52 52 42
rect:584 240 29 50 41
rect:230 228 20 38 41
rect:305 220 37 54 41
SikkimIndia2001_01.jpg 0x0
rect:206 149 159 131 34
SikkimIndia2001_02.jpg 0x0
rect:-12 2 302 71 33
rect:329 119 66 38 16
rect:555 134 134 142 33
rect:293 173 80 40 16
rect:11 6 334 76 16
rect:9 114 62 52 54
rect:526 251 67 18 16
rect:143 52 203 323 33
SikkimIndia2001_03.jpg 0x0
rect:178 14 199 467 98
rect:159 160 98 117 70
rect:220 108 97 188 69
SikkimIndia2001_04.jpg 0x0
rect:207 205 125 133 34
rect:455 143 209 90 99
rect:3 35 275 328 99
SumatraInd2009_01.jpg 0x0
rect:221 18 81 400 81
SumatraInd2009_02.jpg 0x0
rect:253 78 207 133 41
WhittierNarrows1987_01.jpg 0x0
rect:14 23 553 269 10
WhittierNarrows1987_02.jpg 0x0
rect:133 263 125 354 41
WhittierNarrows1987_03.jpg 0x0
rect:222 160 131 192 32
WhittierNarrows1987_04.jpg 0x0
rect:286 48 105 274 41
rect:145 8 302 63 6
rect:304 11 263 126 100
YogyakartaInd2006_01.jpg 0x0
rect:317 46 240 211 32
rect:382 141 247 60 49
rect:145 -24 441 591 29
YogyakartaInd2006_02.jpg 0x0
rect:398 79 101 130 70
rect:299 58 140 398 98
rect:236 100 71 235 69
