Anchorage1964_01.jpg 0x0
rect:78 8 188 199 1
rect:72 364 225 294 1
Anchorage1964_02.jpg 0x0
rect:43 30 114 34 5
rect:33 196 122 49 5
rect:417 223 14 72 3
rect:93 35 110 11 6
rect:341 223 33 57 3
rect:228 39 218 81 4
rect:232 289 330 77 2
rect:459 72 125 114 8
rect:270 234 33 58 3
rect:365 190 31 43 3
rect:76 250 26 21 6
rect:134 174 56 52 7
rect:157 54 98 53 4
rect:151 286 54 16 6
rect:302 291 23 55 3
rect:416 295 27 68 3
rect:631 315 12 61 3
rect:279 241 19 78 3
rect:545 158 93 47 4
Anchorage1964_03.jpg 0x0
rect:223 91 290 231 9
rect:0 238 682 66 10
rect:2 288 284 57 9
Anchorage1964_04.jpg 0x0
rect:324 454 18 22 1
rect:305 63 47 20 5
rect:252 468 6 1 1
rect:146 23 29 20 5
rect:343 332 12 21 1
rect:348 107 23 17 5
rect:256 141 20 37 1
rect:343 374 34 22 5
rect:264 344 26 28 1
rect:152 146 32 24 5
rect:194 350 23 38 1
rect:337 245 14 30 1
rect:124 146 22 14 5
rect:197 395 29 19 5
rect:247 159 23 16 5
rect:343 156 13 29 1
rect:167 195 23 13 5
rect:123 43 27 10 5
rect:122 217 22 19 5
rect:190 111 37 21 5
rect:453 205 36 18 5
rect:161 343 24 18 5
rect:419 208 21 15 5
rect:261 196 18 31 1
rect:297 31 26 24 5
rect:249 441 26 17 5
rect:245 320 29 25 8
rect:317 274 22 29 1
rect:144 517 22 23 5
rect:241 434 73 22 2
rect:248 211 26 13 5
rect:222 149 13 18 1
rect:366 464 31 20 5
rect:317 324 17 23 1
rect:346 116 21 23 5
rect:302 367 37 19 5
rect:417 231 31 17 5
rect:211 417 47 13 5
rect:188 306 33 17 5
Anchorage1964_05.jpg 0x0
rect:72 256 24 49 1
rect:432 166 50 22 11
rect:387 298 59 52 8
rect:319 231 33 59 1
rect:388 82 31 54 1
rect:751 212 31 28 6
rect:378 204 102 70 2
rect:143 185 115 49 6
rect:106 230 23 36 1
rect:138 189 123 22 5
rect:441 74 32 47 1
rect:70 304 27 28 1
rect:145 34 96 60 6
rect:350 222 23 19 11
rect:231 36 95 29 5
rect:39 307 24 43 1
rect:100 30 25 32 1
rect:710 392 40 13 6
rect:73 63 26 34 1
rect:634 25 30 54 1
rect:789 287 57 37 5
rect:44 357 20 55 1
rect:73 102 17 30 1
rect:625 348 46 56 1
rect:515 1 41 62 1
rect:575 229 56 74 1
rect:75 113 16 51 1
rect:453 329 32 57 8
rect:587 277 57 35 5
Anchorage1964_06.jpg 0x0
rect:120 191 57 76 11
rect:212 128 93 382 3
rect:110 56 253 365 12
Anchorage1964_07.jpg 0x0
rect:212 2 117 65 2
rect:8 63 651 504 2
rect:294 326 460 159 2
rect:250 142 36 150 3
rect:352 162 59 89 11
rect:285 137 197 111 11
rect:16 198 228 45 11
rect:7 244 342 33 14
rect:355 196 67 125 13
Anchorage1964_08.jpg 0x0
rect:55 451 96 123 1
rect:366 213 154 114 1
rect:454 475 157 148 1
rect:268 27 98 107 1
rect:43 75 161 107 1
rect:38 285 112 130 1
Anchorage1964_09.jpg 0x0
rect:477 7 350 13 15
rect:124 310 61 87 8
rect:125 56 85 78 8
rect:480 216 56 73 8
rect:463 32 88 62 8
rect:16 17 81 10 16
rect:716 127 79 73 1
rect:40 114 42 11 16
rect:185 181 80 79 1
rect:16 135 21 7 16
rect:132 112 326 13 15
rect:11 14 436 18 15
rect:818 10 112 13 16
rect:88 167 84 88 1
rect:520 135 138 20 15
rect:337 196 50 78 1
rect:13 111 100 23 15
rect:818 176 1 1 16
rect:479 107 103 18 15
Anchorage1964_10.jpg 0x0
rect:223 193 223 59 18
rect:94 511 216 134 18
rect:66 246 335 321 1
rect:164 313 65 144 17
Anchorage1964_11.jpg 0x0
rect:77 484 641 22 14
rect:155 134 357 22 15
rect:117 215 479 73 2
rect:669 97 133 89 1
rect:128 73 198 124 4
rect:394 6 130 38 1
rect:61 439 703 10 14
rect:327 176 275 36 11
Anchorage1964_12.jpg 0x0
rect:13 77 653 369 2
rect:510 94 136 215 11
rect:162 232 23 116 3
rect:384 76 51 267 3
rect:418 69 46 187 3
Anchorage1964_13.jpg 0x0
rect:317 673 102 17 19
rect:356 466 31 114 20
rect:272 565 178 23 2
Anchorage1964_14.jpg 0x0
rect:56 427 56 62 22
rect:63 184 119 43 15
rect:218 13 61 272 11
rect:252 16 119 564 20
rect:244 599 131 97 23
rect:149 792 31 70 22
rect:370 233 205 48 15
rect:22 770 26 50 22
rect:12 399 195 78 11
rect:86 519 37 51 22
rect:148 324 73 111 21
rect:348 6 71 184 11
Anchorage1964_15.jpg 0x0
rect:281 123 49 88 25
rect:303 468 258 66 2
rect:271 9 91 76 4
rect:298 9 100 63 4
rect:219 160 44 48 11
rect:195 298 189 30 15
rect:425 296 100 37 11
rect:247 75 62 433 20
rect:417 297 96 43 24
Anchorage1964_16.jpg 0x0
rect:66 273 67 138 11
rect:215 88 282 111 2
rect:481 220 140 198 2
rect:17 126 150 243 2
rect:10 403 46 89 2
rect:177 159 303 222 11
Anchorage1964_17.jpg 0x0
rect:11 260 490 224 10
rect:9 148 238 144 9
rect:227 37 293 170 9
Anchorage1964_18.jpg 0x0
rect:417 382 39 16 2
rect:568 193 131 79 4
rect:548 228 57 18 2
rect:186 154 75 115 4
rect:446 197 31 45 11
rect:390 391 241 24 15
rect:433 324 73 20 2
rect:532 123 102 98 4
rect:111 257 20 42 11
rect:152 314 73 50 11
Anchorage1964_19.jpg 0x0
rect:423 213 15 40 26
rect:336 94 69 152 29
rect:384 108 35 31 27
rect:25 280 42 104 27
rect:428 132 50 27 28
rect:614 157 37 44 28
rect:463 162 26 44 29
rect:316 121 54 46 26
rect:328 203 8 23 26
rect:403 123 32 58 29
rect:359 130 37 23 26
rect:199 328 54 66 26
rect:723 236 7 13 26
rect:489 121 20 28 26
rect:6 241 85 195 26
rect:314 196 15 33 26
rect:421 138 7 15 26
rect:924 139 8 8 26
Anchorage1964_20.jpg 0x0
rect:149 114 84 58 27
rect:632 416 35 87 26
rect:207 91 183 119 29
rect:174 97 69 53 26
rect:219 409 89 127 26
Anchorage1964_21.jpg 0x0
rect:60 222 32 41 26
rect:164 171 775 152 30
rect:-6 75 75 121 29
rect:2 99 59 46 26
Bingol2003_01.jpg 0x0
rect:777 568 90 30 33
rect:29 306 78 80 33
rect:483 262 46 53 34
rect:237 168 82 74 33
rect:130 151 56 70 33
rect:638 214 46 65 6
rect:615 165 69 82 34
rect:658 380 92 42 6
rect:584 357 132 176 31
rect:577 80 82 60 6
rect:228 90 89 28 6
rect:377 327 93 82 6
rect:692 100 198 216 31
rect:2 351 1015 189 10
rect:547 259 43 179 32
rect:516 375 130 94 6
rect:558 181 101 78 33
rect:776 425 127 66 33
rect:594 166 71 84 6
Bingol2003_02.jpg 0x0
rect:528 300 358 120 35
rect:214 298 93 371 32
rect:120 103 443 122 34
rect:534 407 115 113 26
rect:167 608 132 170 32
rect:333 467 98 57 6
rect:325 318 809 466 31
rect:850 59 168 84 36
Bingol2003_03.jpg 0x0
rect:96 32 139 40 2
rect:536 158 269 79 11
rect:909 314 226 438 2
rect:353 169 298 124 2
rect:79 48 122 134 33
rect:532 174 351 536 4
rect:542 -8 317 187 4
Bingol2003_04.jpg 0x0
rect:219 565 38 119 3
rect:82 679 86 96 2
rect:423 501 135 77 2
rect:139 419 27 99 3
rect:201 535 318 143 2
rect:220 395 24 75 3
rect:98 531 29 71 3
rect:341 275 112 142 4
CanterburyNZSeries2010_01.jpg 0x0
rect:70 132 105 398 12
CanterburyNZSeries2010_02.jpg 0x0
rect:45 9 223 282 37
rect:52 45 118 270 6
CanterburyNZSeries2010_03.jpg 0x0
rect:58 95 419 126 38
CanterburyNZSeries2010_04.jpg 0x0
rect:221 193 241 459 39
rect:260 400 19 160 40
rect:287 529 18 35 40
rect:255 455 125 169 41
rect:300 9 101 147 42
rect:453 279 19 63 40
rect:319 377 61 91 40
rect:339 423 39 56 40
CanterburyNZSeries2010_05.jpg 0x0
rect:297 437 195 297 4
rect:411 181 171 98 15
CanterburyNZSeries2010_06.jpg 0x0
rect:53 127 552 498 4
rect:200 236 269 128 2
CanterburyNZSeries2010_08.jpg 0x0
rect:1059 660 75 132 44
rect:733 482 102 155 44
rect:875 559 28 177 32
rect:581 152 187 218 43
CanterburyNZSeries2010_09.jpg 0x0
rect:241 380 132 327 39
rect:225 157 180 207 45
CanterburyNZSeries2010_10.jpg 0x0
rect:341 349 157 74 46
rect:452 196 253 131 7
rect:218 302 470 238 6
rect:223 611 197 104 6
CanterburyNZSeries2010_11.jpg 0x0
rect:394 161 382 87 7
rect:372 351 354 199 5
CanterburyNZSeries2010_12.jpg 0x0
rect:65 400 662 255 2
rect:740 554 132 54 11
rect:128 587 155 39 11
rect:5 318 797 508 47
CanterburyNZSeries2010_13.jpg 0x0
rect:213 19 374 521 12
rect:413 168 99 601 11
Caracas1967_01.jpg 0x0
rect:280 185 78 95 48
rect:387 95 147 185 48
rect:346 137 53 89 48
rect:364 132 13 66 48
Caracas1967_02.jpg 0x0
rect:176 144 268 322 51
rect:200 1 116 196 15
rect:89 353 38 28 50
rect:129 481 54 58 49
Caracas1967_03.jpg 0x0
rect:345 406 51 68 26
rect:210 400 137 175 34
rect:414 308 32 85 27
rect:305 51 77 74 14
rect:272 454 40 77 27
rect:17 404 225 86 6
Caracas1967_04.jpg 0x0
rect:191 391 42 129 26
rect:162 486 14 77 27
rect:163 366 150 130 34
Caracas1967_05.jpg 0x0
rect:87 338 210 133 52
rect:81 394 80 218 40
rect:56 100 279 392 41
rect:115 378 54 223 40
rect:297 252 48 225 40
rect:179 262 131 119 52
rect:267 202 40 133 40
rect:254 317 49 269 40
rect:38 108 289 683 48
rect:197 222 39 220 40
Caracas1967_06.jpg 0x0
rect:311 216 62 61 6
rect:300 125 383 278 7
Caracas1967_07.jpg 0x0
rect:432 7 84 210 34
rect:276 63 37 167 27
rect:160 104 219 161 34
rect:508 171 166 319 34
rect:220 143 49 186 27
rect:368 511 73 94 53
rect:337 295 71 114 53
Caracas1967_08.jpg 0x0
rect:364 183 58 102 54
rect:220 241 60 79 54
rect:275 270 86 72 55
Caracas1967_09.jpg 0x0
rect:87 187 70 46 48
rect:20 191 44 57 48
rect:456 13 204 117 48
rect:124 160 71 73 48
Caracas1967_10.jpg 0x0
rect:236 181 97 193 40
rect:36 273 259 337 41
rect:14 184 506 374 48
rect:336 251 85 177 40
Caracas1967_11.jpg 0x0
rect:51 284 288 572 41
rect:52 12 452 981 48
rect:372 18 201 362 41
Caracas1967_12.jpg 0x0
rect:500 195 33 34 34
rect:728 394 31 61 32
rect:188 336 34 58 56
rect:758 241 23 35 32
Caracas1967_13.jpg 0x0
rect:166 403 170 325 55
Caracas1967_14.jpg 0x0
rect:153 113 489 247 57
rect:137 381 234 50 6
Chichi1999_01.jpg 0x0
rect:460 140 50 222 42
rect:4 8 735 170 58
Chichi1999_02.jpg 0x0
rect:286 111 180 444 59
rect:7 94 316 164 58
Chichi1999_03.jpg 0x0
rect:0 198 745 121 58
rect:77 142 49 94 60
Chichi1999_04.jpg 0x0
rect:281 -14 61 158 48
rect:246 198 89 276 48
rect:278 191 25 74 52
Chichi1999_05.jpg 0x0
rect:322 201 28 90 52
rect:331 130 51 53 41
rect:245 159 92 152 48
rect:404 251 29 34 41
Chichi1999_06.jpg 0x0
rect:480 219 41 51 41
rect:313 92 44 82 62
rect:342 267 43 95 48
rect:117 13 433 178 10
rect:707 -9 73 82 61
rect:357 266 16 31 52
Chichi1999_07.jpg 0x0
rect:67 242 546 140 63
rect:395 278 51 121 48
rect:117 169 22 58 64
rect:169 150 34 146 48
rect:597 255 48 79 48
rect:468 285 13 23 64
rect:296 203 29 33 64
Chichi1999_08.jpg 0x0
rect:118 17 597 427 10
Chichi1999_09.jpg 0x0
rect:157 84 197 192 48
rect:221 106 66 65 40
rect:208 125 40 99 40
rect:271 74 162 109 41
Chichi1999_10.jpg 0x0
rect:164 15 531 426 10
Chichi1999_11.jpg 0x0
rect:2 109 205 414 10
rect:148 289 81 112 65
Chichi1999_12.jpg 0x0
rect:11 26 489 814 66
Chichi1999_13.jpg 0x0
rect:36 64 938 348 10
Chichi1999_14.jpg 0x0
rect:318 219 37 42 39
rect:92 292 52 83 67
rect:70 639 32 36 67
rect:105 250 47 67 67
rect:282 319 21 38 67
rect:178 326 33 60 67
rect:110 255 81 42 67
rect:210 496 27 30 39
rect:202 467 28 51 67
rect:398 512 47 53 67
rect:242 325 41 69 67
rect:102 425 35 32 67
rect:247 573 59 69 67
rect:270 407 19 35 39
rect:83 314 72 64 67
rect:238 280 21 19 39
rect:159 380 23 34 67
Chichi1999_15.jpg 0x0
rect:200 33 191 580 41
Chichi1999_16.jpg 0x0
rect:125 107 78 171 32
Chichi1999_17.jpg 0x0
rect:131 314 22 49 32
Chichi1999_18.jpg 0x0
rect:153 164 106 305 68
rect:141 185 25 95 69
rect:211 317 24 154 69
rect:212 233 45 105 70
rect:239 174 38 131 69
rect:179 263 34 112 69
Chichi1999_19.jpg 0x0
rect:307 136 227 335 3
rect:257 22 250 284 2
YogyakartaInd2006_03.jpg 0x0
rect:257 338 63 33 16
rect:282 95 133 76 15
rect:412 55 116 47 16
rect:257 134 27 6 16
rect:323 31 81 2 15
rect:255 346 184 26 15
rect:195 182 55 37 15
rect:210 228 335 114 71
Chichi1999_20.jpg 0x0
rect:183 247 116 405 42
rect:279 422 56 247 41
Chichi1999_21.jpg 0x0
rect:493 5 147 105 57
rect:22 4 168 176 30
rect:297 235 67 122 6
rect:410 128 205 111 6
rect:241 378 153 179 37
rect:138 115 257 236 72
rect:335 37 294 207 37
rect:79 472 212 77 5
Chichi1999_22.jpg 0x0
rect:257 265 20 26 73
rect:305 108 390 164 10
rect:331 294 11 19 73
rect:188 298 17 18 73
Chichi1999_23.jpg 0x0
rect:117 223 19 20 34
rect:379 156 38 31 27
rect:349 223 44 73 34
rect:257 134 48 63 73
rect:79 283 46 108 34
rect:4 56 661 226 74
rect:94 112 74 42 73
rect:287 135 29 28 26
rect:234 397 68 129 73
rect:141 323 53 89 73
Chichi1999_24.jpg 0x0
rect:216 169 56 78 46
rect:3 331 383 152 74
rect:138 349 74 66 34
rect:169 113 93 77 75
rect:370 425 1 2 46
Chichi1999_25.jpg 0x0
rect:131 246 166 398 73
rect:148 274 98 244 34
rect:191 339 52 87 26
Chichi1999_26.jpg 0x0
rect:156 740 99 87 26
rect:238 214 58 103 73
rect:108 526 92 142 73
rect:313 14 46 23 73
rect:111 521 145 118 27
rect:253 212 119 363 76
Chichi1999_27.jpg 0x0
rect:220 304 111 288 32
Chichi1999_28.jpg 0x0
rect:108 127 132 185 5
rect:208 108 143 233 75
rect:270 203 266 125 77
rect:26 49 344 120 6
Chichi1999_29.jpg 0x0
rect:260 306 74 186 52
rect:115 269 199 289 48
rect:275 287 111 180 40
Chichi1999_30.jpg 0x0
rect:147 185 154 66 52
rect:211 213 171 49 78
rect:167 92 337 275 40
rect:22 285 133 212 73
Chichi1999_31.jpg 0x0
rect:178 119 108 237 79
rect:514 109 37 165 48
Chichi1999_32.jpg 0x0
rect:141 231 28 186 81
rect:123 8 74 335 80
rect:379 118 63 223 39
rect:178 54 40 131 81
Chichi1999_33.jpg 0x0
rect:341 170 39 105 49
rect:269 79 117 315 56
rect:84 84 106 402 33
rect:125 83 111 219 32
rect:309 88 141 220 32
rect:136 175 35 151 49
Chichi1999_34.jpg 0x0
rect:163 100 546 500 10
Duzce1999_01.jpg 0x0
rect:157 41 137 241 39
rect:143 179 104 98 41
Duzce1999_02.jpg 0x0
rect:76 55 164 365 41
Duzce1999_03.jpg 0x0
rect:0 128 102 295 31
rect:109 79 111 288 42
rect:271 139 107 219 31
Gediz1970_01.jpg 0x0
rect:136 124 217 670 68
rect:242 483 86 269 69
rect:175 392 105 227 69
Guatemala1976_01.jpg 0x0
rect:27 104 633 177 82
rect:66 161 72 48 52
rect:607 103 182 109 48
rect:538 176 76 53 41
rect:41 223 57 39 41
rect:43 192 126 140 48
Guatemala1976_02.jpg 0x0
rect:164 53 324 203 48
rect:275 61 105 103 40
Guatemala1976_03.jpg 0x0
rect:17 90 834 294 75
Guatemala1976_04.jpg 0x0
rect:100 28 354 79 30
rect:639 198 110 203 4
rect:36 65 499 186 30
rect:656 173 147 333 4
Guatemala1976_05.jpg 0x0
rect:201 128 396 171 41
rect:143 94 400 271 48
rect:148 146 244 138 40
Guatemala1976_06.jpg 0x0
rect:103 88 159 426 39
Guatemala1976_07.jpg 0x0
rect:23 272 49 42 6
rect:189 715 169 55 83
rect:28 296 488 319 10
Guatemala1976_08.jpg 0x0
rect:302 54 224 271 40
rect:194 40 386 368 48
rect:154 77 321 308 41
Guatemala1976_09.jpg 0x0
rect:156 298 44 76 85
rect:175 386 45 29 84
rect:862 224 43 60 85
rect:634 273 59 55 84
rect:96 288 41 35 85
rect:440 277 66 38 85
rect:103 345 23 32 84
rect:281 381 50 41 84
Guatemala1976_10.jpg 0x0
rect:434 366 42 142 87
rect:194 130 174 205 87
rect:162 199 261 234 86
Guatemala1976_11.jpg 0x0
rect:173 307 95 234 34
GujaratIndia2001_01.jpg 0x0
rect:216 413 192 88 2
rect:39 446 168 124 4
rect:68 511 56 32 2
rect:274 488 56 58 11
Haiti2010_01.jpg 0x0
rect:385 336 27 135 40
rect:536 364 195 158 4
rect:133 52 105 83 7
rect:463 246 124 85 4
rect:315 175 147 292 41
Haiti2010_02.jpg 0x0
rect:65 86 630 185 88
rect:311 37 126 34 14
Haiti2010_03.jpg 0x0
rect:209 572 72 48 49
rect:257 1 67 708 32
rect:321 612 225 177 89
rect:195 438 253 162 32
Haiti2010_04.jpg 0x0
rect:240 63 294 254 34
rect:166 358 286 706 41
rect:2 147 226 209 6
Haiti2010_05.jpg 0x0
rect:334 182 153 112 52
rect:295 135 329 505 90
rect:184 181 36 82 40
rect:369 313 27 96 40
Haiti2010_06.jpg 0x0
rect:481 212 184 403 33
rect:273 232 320 479 91
rect:480 212 639 874 91
rect:335 280 57 184 32
rect:277 319 43 51 34
rect:529 216 96 45 6
rect:589 123 84 78 34
ImperialValley1979_01.jpg 0x0
rect:422 227 36 37 50
rect:446 227 48 43 32
rect:9 242 142 90 32
rect:623 344 33 24 49
rect:424 234 17 17 49
rect:695 364 27 40 32
rect:292 364 62 65 50
rect:401 316 42 40 32
rect:343 366 35 21 49
rect:13 336 66 65 49
rect:64 353 103 92 50
ImperialValley1979_02.jpg 0x0
rect:231 165 48 169 50
rect:419 156 72 164 50
rect:259 65 211 287 32
rect:320 157 141 51 49
rect:138 96 68 253 50
rect:162 146 362 53 92
ImperialValley1979_03.jpg 0x0
rect:429 279 51 174 50
rect:106 241 118 281 50
rect:136 360 261 33 92
rect:294 393 107 172 50
rect:105 259 234 179 32
rect:201 168 204 102 32
rect:139 454 307 32 92
Izmit1999_01.jpg 0x0
rect:162 313 38 108 27
rect:285 118 57 159 27
rect:415 274 69 49 26
rect:215 51 471 304 34
rect:264 120 66 164 27
Izmit1999_02.jpg 0x0
rect:27 125 944 315 10
Izmit1999_03.jpg 0x0
rect:335 104 34 244 50
rect:445 95 43 228 50
rect:130 237 362 42 92
rect:532 99 65 302 50
rect:176 66 345 272 32
rect:292 155 48 217 50
rect:194 53 396 394 93
rect:132 106 60 248 50
Izmit1999_04.jpg 0x0
rect:249 49 97 98 48
rect:79 507 36 81 42
rect:64 381 45 56 34
rect:129 481 246 123 88
rect:490 428 24 74 40
rect:357 371 114 66 41
rect:61 498 64 104 41
rect:143 225 111 75 88
rect:475 289 17 73 40
rect:258 77 93 99 41
Izmit1999_05.jpg 0x0
rect:109 21 542 472 10
Izmit1999_06.jpg 0x0
rect:259 203 38 137 50
rect:362 229 63 194 50
rect:164 213 229 418 32
rect:141 325 157 75 49
rect:173 168 60 197 50
rect:62 337 83 175 50
Izmit1999_07.jpg 0x0
rect:213 214 65 79 3
rect:285 233 41 124 3
rect:459 65 124 51 6
rect:136 288 56 153 3
rect:318 261 93 409 4
rect:424 152 57 87 3
rect:24 114 471 419 2
Izmit1999_08.jpg 0x0
rect:467 110 58 36 52
rect:532 6 130 91 45
rect:186 30 80 137 34
rect:115 84 75 109 41
rect:170 262 174 77 88
rect:187 365 92 94 45
rect:690 106 59 63 41
Izmit1999_09.jpg 0x0
rect:46 215 59 59 41
rect:450 287 68 109 41
rect:404 203 133 84 94
rect:218 176 57 35 41
rect:693 239 66 60 94
rect:636 307 48 71 41
Izmit1999_10.jpg 0x0
rect:357 127 155 116 40
rect:71 108 90 146 40
rect:325 516 63 27 78
rect:89 120 315 352 41
rect:157 283 189 37 78
rect:227 145 40 113 40
rect:41 261 269 55 78
rect:80 231 317 63 78
rect:267 480 96 93 40
rect:305 572 58 62 40
rect:188 173 62 327 40
Izmit1999_11.jpg 0x0
rect:117 321 83 196 40
rect:172 269 111 168 41
rect:227 231 89 155 40
rect:410 273 95 188 40
rect:154 479 107 173 41
Izmit1999_12.jpg 0x0
rect:364 205 55 28 6
rect:66 327 49 69 52
rect:121 70 38 22 6
rect:398 197 42 120 42
rect:18 73 54 19 6
rect:231 284 93 101 94
rect:53 273 81 106 94
rect:233 386 61 106 41
rect:1 256 24 44 41
rect:65 352 26 55 40
rect:438 28 103 60 34
rect:588 117 46 105 41
rect:546 141 234 242 91
rect:258 115 42 54 45
rect:499 218 46 62 41
rect:113 200 103 53 88
rect:247 275 47 128 52
rect:365 148 54 57 7
Izmit1999_13.jpg 0x0
rect:136 347 58 77 52
rect:227 300 46 97 41
rect:127 138 48 36 6
rect:305 85 63 123 41
rect:147 231 129 121 94
rect:165 305 22 126 41
rect:406 171 101 179 41
rect:5 93 64 203 42
rect:320 98 174 290 48
Izmit1999_14.jpg 0x0
rect:273 151 80 97 35
rect:435 34 45 66 95
rect:368 383 44 28 34
rect:317 7 144 85 35
rect:483 89 65 91 34
rect:360 444 38 23 34
rect:322 319 95 45 34
rect:295 298 55 35 34
rect:67 139 74 64 34
Izmit1999_15.jpg 0x0
rect:144 127 323 494 42
Izmit1999_16.jpg 0x0
rect:129 113 169 129 41
rect:203 145 42 81 40
rect:88 82 506 494 33
rect:89 67 324 350 39
Izmit1999_17.jpg 0x0
rect:103 101 250 263 41
Izmit1999_18.jpg 0x0
rect:142 151 191 300 39
rect:224 128 137 160 41
Izmit1999_19.jpg 0x0
rect:169 95 177 281 96
rect:432 205 30 55 50
rect:505 131 38 62 50
rect:220 155 293 213 32
Kobe1995_01.jpg 0x0
rect:25 109 801 166 63
Kobe1995_02.jpg 0x0
rect:2 70 451 512 68
Kobe1995_03.jpg 0x0
rect:43 70 428 566 10
Kobe1995_04.jpg 0x0
rect:380 277 42 52 41
Kobe1995_05.jpg 0x0
rect:256 137 152 520 40
rect:4 213 115 676 40
rect:168 136 181 575 52
rect:50 218 321 57 78
rect:106 589 393 166 78
Kobe1995_06.jpg 0x0
rect:193 430 329 248 42
rect:48 106 387 610 41
Kobe1995_07.jpg 0x0
rect:193 297 37 34 39
rect:63 194 32 40 39
rect:214 138 22 27 39
rect:220 329 38 28 39
rect:572 465 38 39 39
rect:468 108 39 30 39
rect:165 408 28 45 39
rect:217 149 35 51 39
rect:275 545 44 46 39
rect:88 225 24 53 39
rect:359 154 49 34 39
rect:288 361 35 22 39
rect:219 189 34 38 39
rect:356 416 52 36 39
rect:187 99 29 33 39
rect:372 181 34 54 39
rect:438 338 49 43 39
rect:231 302 43 49 39
rect:54 401 40 36 39
rect:420 282 25 33 39
rect:400 166 29 48 39
rect:234 227 27 19 39
rect:149 165 28 55 39
rect:117 232 33 31 39
rect:339 398 31 32 39
rect:266 423 38 57 39
Kobe1995_08.jpg 0x0
rect:297 59 425 148 97
Kobe1995_09.jpg 0x0
rect:125 543 94 76 88
rect:118 682 86 64 88
rect:217 551 204 62 97
rect:118 400 81 66 88
SanSalvador_1986_01.jpg 0x0
rect:235 187 91 239 41
rect:53 3 129 213 68
SanSalvador_1986_02.jpg 0x0
rect:271 106 17 33 41
rect:248 158 52 40 41
rect:249 238 34 51 41
rect:161 365 31 46 41
rect:601 190 32 44 42
rect:594 224 39 44 41
rect:128 185 39 35 41
rect:175 173 33 28 41
rect:458 201 24 40 41
SikkimIndia2001_01.jpg 0x0
rect:180 208 153 162 34
SikkimIndia2001_02.jpg 0x0
rect:147 93 241 422 33
rect:-17 2 293 131 33
rect:511 144 104 40 16
rect:13 7 239 62 16
rect:418 119 142 205 33
rect:365 265 68 17 16
rect:11 137 79 47 54
rect:265 283 97 52 16
SikkimIndia2001_03.jpg 0x0
rect:172 145 119 120 70
rect:221 94 95 137 69
rect:269 13 218 431 98
SikkimIndia2001_04.jpg 0x0
rect:290 225 234 95 99
rect:327 223 81 158 34
rect:3 33 191 318 99
SumatraInd2009_01.jpg 0x0
rect:281 22 65 397 81
SumatraInd2009_02.jpg 0x0
rect:156 56 146 177 41
WhittierNarrows1987_01.jpg 0x0
rect:19 33 848 425 10
WhittierNarrows1987_02.jpg 0x0
rect:163 262 141 357 41
WhittierNarrows1987_03.jpg 0x0
rect:363 132 166 274 32
WhittierNarrows1987_04.jpg 0x0
rect:225 12 291 184 100
rect:219 48 96 193 41
rect:146 10 315 95 6
YogyakartaInd2006_01.jpg 0x0
rect:156 -18 521 574 29
rect:210 110 243 98 49
rect:291 28 383 300 32
YogyakartaInd2006_02.jpg 0x0
rect:402 152 38 256 69
rect:400 44 113 295 98
rect:383 117 69 145 70
