Anchorage1964_01.jpg 0x0
rect:71 452 295 275 1
rect:91 7 274 161 1
Anchorage1964_02.jpg 0x0
rect:70 34 65 13 6
rect:43 23 198 42 5
rect:560 344 17 49 3
rect:277 201 20 79 3
rect:30 171 124 49 5
rect:362 226 28 49 3
rect:270 70 81 70 4
rect:186 349 25 60 3
rect:150 116 79 48 7
rect:95 212 28 19 6
rect:402 322 18 69 3
rect:275 37 334 103 4
rect:100 223 67 12 6
rect:510 211 20 70 3
rect:297 247 24 51 3
rect:202 196 28 61 3
rect:211 217 426 79 2
rect:573 255 104 62 4
rect:585 66 153 77 8
Anchorage1964_03.jpg 0x0
rect:246 119 496 229 9
rect:0 221 803 48 10
rect:2 156 166 84 9
Anchorage1964_04.jpg 0x0
rect:196 368 25 23 1
rect:120 174 31 16 5
rect:232 157 31 19 5
rect:366 175 39 14 5
rect:403 526 29 16 5
rect:291 83 31 22 5
rect:193 236 14 19 1
rect:342 262 8 1 1
rect:203 374 20 20 1
rect:257 439 74 22 2
rect:194 554 27 24 5
rect:123 225 22 22 5
rect:318 180 20 23 5
rect:221 254 12 27 1
rect:296 176 12 28 1
rect:317 440 29 20 5
rect:337 445 36 18 5
rect:447 400 18 14 5
rect:315 398 27 27 1
rect:171 387 24 16 5
rect:146 299 30 21 5
rect:249 31 38 18 5
rect:165 353 39 11 5
rect:271 363 23 21 1
rect:292 298 17 16 1
rect:340 152 21 39 1
rect:165 49 33 16 5
rect:254 150 33 27 5
rect:170 88 32 18 5
rect:204 326 15 30 1
rect:194 212 28 28 8
rect:216 116 37 17 5
rect:222 176 33 27 5
rect:152 26 28 20 5
rect:290 169 24 15 5
rect:237 260 26 26 1
rect:191 306 32 16 5
rect:299 60 46 21 5
rect:462 509 32 20 5
Anchorage1964_05.jpg 0x0
rect:107 228 22 56 1
rect:185 51 111 52 6
rect:163 162 90 29 5
rect:403 227 46 50 1
rect:127 184 125 52 6
rect:451 201 47 24 11
rect:789 402 53 25 5
rect:44 297 17 53 1
rect:275 202 137 68 2
rect:78 29 24 41 1
rect:55 376 16 42 1
rect:668 239 61 76 1
rect:107 114 20 45 1
rect:432 107 50 68 1
rect:514 127 46 69 1
rect:54 126 14 34 1
rect:26 513 19 62 1
rect:727 295 38 26 6
rect:596 352 49 17 6
rect:794 229 81 43 5
rect:350 25 46 69 1
rect:379 91 31 55 1
rect:50 90 25 56 1
rect:312 256 25 15 11
rect:211 55 100 22 5
rect:491 423 48 71 8
rect:36 368 19 37 1
rect:569 247 45 75 8
rect:502 1 52 42 1
Anchorage1964_06.jpg 0x0
rect:130 173 81 343 3
rect:135 66 230 372 12
rect:216 288 80 79 11
Anchorage1964_07.jpg 0x0
rect:324 182 59 119 13
rect:387 160 93 77 11
rect:260 133 56 87 3
rect:327 272 406 257 2
rect:7 79 721 467 2
rect:261 2 142 53 2
rect:202 128 109 146 11
rect:19 235 280 28 11
rect:8 331 396 30 14
Anchorage1964_08.jpg 0x0
rect:56 455 84 110 1
rect:44 227 80 105 1
rect:313 427 119 163 1
rect:358 180 109 97 1
rect:379 42 137 94 1
rect:57 68 146 122 1
Anchorage1964_09.jpg 0x0
rect:533 133 83 67 1
rect:148 138 364 12 15
rect:550 299 76 80 8
rect:792 11 124 9 16
rect:56 144 75 10 16
rect:14 14 459 13 15
rect:482 110 77 75 1
rect:14 15 51 16 16
rect:445 25 95 69 8
rect:225 195 65 59 1
rect:13 158 21 10 16
rect:309 8 272 13 15
rect:13 128 113 26 15
rect:728 235 1 1 16
rect:98 254 70 55 8
rect:133 165 70 74 1
rect:86 46 87 69 8
rect:516 107 97 15 15
rect:383 113 104 31 15
Anchorage1964_10.jpg 0x0
rect:61 227 280 451 1
rect:196 242 73 140 17
rect:61 342 246 165 18
rect:155 146 170 106 18
Anchorage1964_11.jpg 0x0
rect:54 459 654 13 14
rect:73 154 675 69 2
rect:213 185 348 16 15
rect:178 52 173 118 4
rect:592 7 97 37 1
rect:108 363 734 18 14
rect:247 298 341 45 11
rect:531 147 150 84 1
Anchorage1964_12.jpg 0x0
rect:239 247 23 128 3
rect:14 71 724 279 2
rect:296 79 184 175 11
rect:425 85 63 193 3
rect:271 73 47 273 3
Anchorage1964_13.jpg 0x0
rect:230 499 200 28 2
rect:283 385 133 15 19
rect:354 376 31 160 20
Anchorage1964_14.jpg 0x0
rect:267 13 74 571 20
rect:135 467 31 56 22
rect:12 432 148 90 11
rect:243 256 155 69 15
rect:265 714 215 67 23
rect:52 436 45 76 22
rect:137 642 54 61 22
rect:57 291 175 36 15
rect:555 5 102 142 11
rect:154 361 77 68 21
rect:21 476 25 70 22
rect:224 14 60 294 11
Anchorage1964_15.jpg 0x0
rect:364 165 55 108 25
rect:542 8 103 55 4
rect:159 300 181 33 15
rect:182 91 54 360 20
rect:300 298 105 29 24
rect:170 101 40 84 11
rect:322 197 105 53 11
rect:249 11 75 73 4
rect:266 460 224 48 2
Anchorage1964_16.jpg 0x0
rect:260 276 257 162 11
rect:282 95 273 128 2
rect:10 133 162 237 2
rect:10 396 47 76 2
rect:67 254 82 79 11
rect:395 171 135 185 2
Anchorage1964_17.jpg 0x0
rect:11 242 531 217 10
rect:12 119 252 124 9
rect:291 38 264 191 9
Anchorage1964_18.jpg 0x0
rect:378 335 277 30 15
rect:378 272 31 55 11
rect:147 158 77 96 4
rect:442 371 107 17 2
rect:440 363 34 16 2
rect:396 120 140 80 4
rect:602 400 73 17 2
rect:535 195 98 91 4
rect:135 260 78 48 11
rect:131 325 22 49 11
Anchorage1964_19.jpg 0x0
rect:417 104 38 25 27
rect:540 279 15 23 26
rect:439 157 7 13 26
rect:513 189 57 39 28
rect:425 154 31 35 26
rect:275 339 42 80 26
rect:601 174 10 6 26
rect:269 96 45 58 29
rect:661 203 10 14 26
rect:558 226 42 33 28
rect:290 87 79 176 29
rect:344 99 13 33 26
rect:27 282 37 70 27
rect:584 174 27 48 29
rect:5 213 85 106 26
rect:315 333 23 33 26
rect:430 279 12 27 26
rect:217 122 66 53 26
Anchorage1964_20.jpg 0x0
rect:159 88 136 173 29
rect:224 95 82 86 26
rect:560 349 43 54 26
rect:205 545 51 135 26
rect:184 76 68 36 27
Anchorage1964_21.jpg 0x0
rect:154 203 565 211 30
rect:2 103 33 34 26
rect:-6 88 67 214 29
rect:66 364 32 34 26
Bingol2003_01.jpg 0x0
rect:654 177 50 79 34
rect:2 402 920 170 10
rect:183 230 81 91 33
rect:987 378 56 44 33
rect:318 110 71 22 6
rect:830 234 75 87 33
rect:391 301 45 185 32
rect:322 128 69 69 33
rect:33 311 58 74 33
rect:716 257 95 79 33
rect:637 227 181 223 31
rect:639 471 192 56 6
rect:406 92 179 180 31
rect:480 72 96 93 6
rect:760 165 70 72 6
rect:584 213 81 56 6
rect:525 444 52 57 34
rect:298 378 128 110 6
rect:454 225 35 49 6
Bingol2003_02.jpg 0x0
rect:689 65 107 60 36
rect:327 272 830 545 31
rect:437 226 76 72 26
rect:447 381 87 72 6
rect:156 272 60 478 32
rect:106 562 191 242 32
rect:131 126 403 161 34
rect:515 315 493 173 35
Bingol2003_03.jpg 0x0
rect:502 -8 344 266 4
rect:854 442 221 451 2
rect:539 163 216 81 11
rect:821 201 204 817 4
rect:257 189 485 213 2
rect:108 47 146 128 33
rect:64 26 164 25 2
Bingol2003_04.jpg 0x0
rect:334 295 179 203 4
rect:123 556 274 182 2
rect:96 778 25 86 3
rect:136 582 36 84 3
rect:85 682 124 97 2
rect:118 555 32 86 3
rect:190 335 48 150 3
rect:278 525 156 78 2
CanterburyNZSeries2010_01.jpg 0x0
rect:80 94 148 241 12
CanterburyNZSeries2010_02.jpg 0x0
rect:39 52 134 226 6
rect:41 9 194 262 37
CanterburyNZSeries2010_03.jpg 0x0
rect:49 60 419 124 38
CanterburyNZSeries2010_04.jpg 0x0
rect:218 218 278 420 39
rect:239 456 114 201 41
rect:347 494 27 39 40
rect:451 255 37 153 40
rect:188 11 99 213 42
rect:387 510 20 49 40
rect:252 516 21 82 40
rect:218 455 27 126 40
CanterburyNZSeries2010_05.jpg 0x0
rect:240 302 150 378 4
rect:232 220 158 142 15
CanterburyNZSeries2010_06.jpg 0x0
rect:279 299 289 129 2
rect:66 146 823 632 4
CanterburyNZSeries2010_08.jpg 0x0
rect:779 467 104 103 44
rect:667 103 191 177 43
rect:606 387 53 174 44
rect:537 638 31 131 32
CanterburyNZSeries2010_09.jpg 0x0
rect:243 259 194 346 39
rect:303 146 138 271 45
CanterburyNZSeries2010_10.jpg 0x0
rect:276 230 225 83 46
rect:291 323 280 167 6
rect:220 481 296 130 6
rect:349 166 225 118 7
CanterburyNZSeries2010_11.jpg 0x0
rect:301 176 298 151 7
rect:265 249 317 234 5
CanterburyNZSeries2010_12.jpg 0x0
rect:391 361 153 56 11
rect:150 612 203 50 11
rect:6 300 811 317 47
rect:45 350 807 331 2
CanterburyNZSeries2010_13.jpg 0x0
rect:332 128 101 375 11
rect:204 16 341 603 12
Caracas1967_01.jpg 0x0
rect:234 196 11 78 48
rect:266 181 78 111 48
rect:510 62 168 256 48
rect:222 182 32 109 48
Caracas1967_02.jpg 0x0
rect:105 446 36 81 49
rect:110 371 46 26 50
rect:229 1 102 204 15
rect:157 156 157 238 51
Caracas1967_03.jpg 0x0
rect:15 377 318 122 6
rect:338 391 113 199 34
rect:323 86 95 82 14
rect:214 416 24 76 27
rect:297 344 73 67 26
rect:386 297 34 91 27
Caracas1967_04.jpg 0x0
rect:171 252 138 206 34
rect:177 466 22 95 27
rect:128 373 36 134 26
Caracas1967_05.jpg 0x0
rect:40 142 400 385 41
rect:210 294 49 220 40
rect:196 251 47 256 40
rect:403 283 39 201 40
rect:70 464 237 236 52
rect:207 307 183 109 52
rect:27 113 455 759 48
rect:302 309 42 229 40
rect:396 260 46 272 40
rect:65 331 53 315 40
Caracas1967_06.jpg 0x0
rect:333 256 65 68 6
rect:407 103 390 197 7
Caracas1967_07.jpg 0x0
rect:575 381 116 60 53
rect:379 347 93 128 53
rect:184 179 37 272 27
rect:377 266 117 350 34
rect:347 60 37 297 27
rect:227 142 181 177 34
rect:318 8 96 262 34
Caracas1967_08.jpg 0x0
rect:194 241 72 79 54
rect:253 211 87 106 55
rect:341 161 68 111 54
Caracas1967_09.jpg 0x0
rect:530 14 294 151 48
rect:33 169 57 69 48
rect:103 157 68 48 48
rect:193 147 72 83 48
Caracas1967_10.jpg 0x0
rect:44 224 318 347 41
rect:352 176 88 235 40
rect:15 147 397 557 48
rect:295 355 86 192 40
Caracas1967_11.jpg 0x0
rect:49 317 250 450 41
rect:199 15 143 343 41
rect:49 14 476 573 48
Caracas1967_12.jpg 0x0
rect:859 251 22 50 32
rect:478 308 43 53 34
rect:795 489 22 69 32
rect:191 288 29 46 56
Caracas1967_13.jpg 0x0
rect:120 387 130 265 55
Caracas1967_14.jpg 0x0
rect:114 309 321 37 6
rect:132 114 515 218 57
Chichi1999_01.jpg 0x0
rect:4 8 915 156 58
rect:249 135 60 152 42
Chichi1999_02.jpg 0x0
rect:450 109 147 461 59
rect:6 116 427 145 58
Chichi1999_03.jpg 0x0
rect:71 201 45 92 60
rect:0 135 865 175 58
Chichi1999_04.jpg 0x0
rect:160 -15 49 100 48
rect:161 280 27 76 52
rect:208 238 101 345 48
Chichi1999_05.jpg 0x0
rect:282 135 104 235 48
rect:420 307 35 25 41
rect:303 119 49 67 41
rect:382 170 45 73 52
Chichi1999_06.jpg 0x0
rect:292 144 55 124 48
rect:504 199 29 55 41
rect:193 19 556 155 10
rect:380 233 19 33 52
rect:315 149 62 64 62
rect:753 -15 87 94 61
Chichi1999_07.jpg 0x0
rect:67 169 716 133 63
rect:451 262 58 110 48
rect:553 231 62 89 48
rect:507 305 30 47 64
rect:117 164 59 163 48
rect:742 339 13 19 64
rect:169 202 30 57 64
Chichi1999_08.jpg 0x0
rect:85 18 430 465 10
Chichi1999_09.jpg 0x0
rect:263 87 189 227 48
rect:303 74 159 95 41
rect:188 97 70 64 40
rect:254 76 47 70 40
Chichi1999_10.jpg 0x0
rect:215 15 379 541 10
Chichi1999_11.jpg 0x0
rect:2 167 138 438 10
rect:171 166 95 117 65
Chichi1999_12.jpg 0x0
rect:9 20 491 726 66
Chichi1999_13.jpg 0x0
rect:25 53 704 549 10
Chichi1999_14.jpg 0x0
rect:132 380 54 58 67
rect:91 314 43 30 67
rect:146 266 27 75 67
rect:290 565 99 55 67
rect:89 683 40 40 67
rect:392 538 40 64 67
rect:376 357 16 20 39
rect:203 223 44 40 67
rect:208 611 21 27 39
rect:182 473 35 46 67
rect:228 286 42 33 39
rect:158 205 111 51 67
rect:169 556 29 44 67
rect:158 555 31 45 67
rect:177 206 18 47 67
rect:322 413 36 26 39
rect:81 414 51 87 67
Chichi1999_15.jpg 0x0
rect:240 36 296 358 41
Chichi1999_16.jpg 0x0
rect:162 136 87 174 32
Chichi1999_17.jpg 0x0
rect:101 269 25 56 32
Chichi1999_18.jpg 0x0
rect:323 211 40 102 69
rect:266 314 48 121 70
rect:321 328 27 164 69
rect:138 228 37 73 69
rect:192 243 25 134 69
rect:122 155 138 511 68
Chichi1999_19.jpg 0x0
rect:244 17 216 384 2
rect:307 121 209 249 3
YogyakartaInd2006_03.jpg 0x0
rect:195 240 367 124 71
rect:483 102 61 41 16
rect:372 63 131 54 15
rect:273 454 286 23 15
rect:245 147 27 7 16
rect:273 30 72 2 15
rect:212 351 51 36 16
rect:185 169 80 38 15
Chichi1999_20.jpg 0x0
rect:246 528 49 242 41
rect:139 181 103 414 42
Chichi1999_21.jpg 0x0
rect:377 7 124 88 57
rect:14 4 221 204 30
rect:260 392 71 122 6
rect:75 346 212 148 5
rect:196 354 121 123 37
rect:354 110 135 101 6
rect:256 119 169 209 72
rect:299 35 321 203 37
Chichi1999_22.jpg 0x0
rect:258 222 22 15 73
rect:410 184 20 14 73
rect:255 108 277 155 10
rect:308 257 15 25 73
Chichi1999_23.jpg 0x0
rect:4 80 606 193 74
rect:136 128 45 48 73
rect:206 293 54 113 73
rect:128 283 33 57 34
rect:113 173 19 25 34
rect:215 243 27 26 27
rect:234 234 28 32 26
rect:308 231 55 71 73
rect:320 316 39 98 34
rect:148 402 44 90 73
Chichi1999_24.jpg 0x0
rect:3 389 364 154 74
rect:161 158 132 110 75
rect:344 267 1 2 46
rect:303 201 29 60 46
rect:182 250 79 47 34
Chichi1999_25.jpg 0x0
rect:195 207 227 399 73
rect:219 411 31 52 26
rect:201 195 87 186 34
Chichi1999_26.jpg 0x0
rect:214 20 62 29 73
rect:208 324 99 427 76
rect:166 478 127 151 27
rect:112 688 104 83 26
rect:86 622 177 148 73
rect:176 132 56 127 73
Chichi1999_27.jpg 0x0
rect:157 242 117 423 32
Chichi1999_28.jpg 0x0
rect:343 294 278 140 77
rect:157 92 188 273 5
rect:252 136 126 217 75
rect:20 71 213 155 6
Chichi1999_29.jpg 0x0
rect:254 274 91 165 52
rect:185 211 169 298 48
rect:282 186 135 153 40
Chichi1999_30.jpg 0x0
rect:193 157 252 52 78
rect:29 209 119 156 73
rect:159 104 167 73 52
rect:235 139 286 335 40
Chichi1999_31.jpg 0x0
rect:118 66 138 220 79
rect:660 125 40 178 48
Chichi1999_32.jpg 0x0
rect:229 71 33 198 81
rect:118 8 103 497 80
rect:436 144 60 161 39
rect:164 272 42 154 81
Chichi1999_33.jpg 0x0
rect:202 75 121 206 56
rect:148 116 110 186 32
rect:320 135 50 109 49
rect:130 163 59 115 49
rect:79 76 173 348 33
rect:326 83 154 293 32
Chichi1999_34.jpg 0x0
rect:130 73 461 340 10
Duzce1999_01.jpg 0x0
rect:131 112 108 146 41
rect:135 62 72 225 39
Duzce1999_02.jpg 0x0
rect:89 48 175 312 41
Duzce1999_03.jpg 0x0
rect:76 72 145 341 42
rect:0 145 80 185 31
rect:301 98 102 201 31
Gediz1970_01.jpg 0x0
rect:223 488 57 227 69
rect:112 126 297 431 68
rect:120 328 133 245 69
Guatemala1976_01.jpg 0x0
rect:53 138 72 85 48
rect:69 262 58 33 52
rect:29 93 666 160 82
rect:433 123 52 92 41
rect:454 119 111 159 48
rect:67 210 41 62 41
Guatemala1976_02.jpg 0x0
rect:337 71 116 112 40
rect:218 87 222 345 48
Guatemala1976_03.jpg 0x0
rect:15 102 928 427 75
Guatemala1976_04.jpg 0x0
rect:108 25 324 89 30
rect:436 298 93 236 4
rect:48 75 427 245 30
rect:596 156 160 266 4
Guatemala1976_05.jpg 0x0
rect:207 155 315 149 41
rect:113 59 279 413 48
rect:162 169 443 147 40
Guatemala1976_06.jpg 0x0
rect:116 109 175 593 39
Guatemala1976_07.jpg 0x0
rect:205 569 124 106 83
rect:17 223 357 480 10
rect:19 388 44 55 6
Guatemala1976_08.jpg 0x0
rect:190 24 506 531 48
rect:306 54 203 350 40
rect:130 44 353 485 41
Guatemala1976_09.jpg 0x0
rect:308 230 63 34 85
rect:88 223 36 23 85
rect:463 203 40 75 84
rect:164 226 36 23 84
rect:102 208 33 25 84
rect:155 197 40 43 85
rect:784 341 40 90 84
rect:785 251 73 54 85
Guatemala1976_10.jpg 0x0
rect:235 281 28 139 87
rect:292 217 275 273 86
rect:146 116 215 176 87
Guatemala1976_11.jpg 0x0
rect:202 312 167 271 34
GujaratIndia2001_01.jpg 0x0
rect:311 533 52 44 11
rect:34 301 214 152 4
rect:216 382 268 93 2
rect:72 447 64 44 2
Haiti2010_01.jpg 0x0
rect:93 33 117 130 7
rect:557 278 83 89 4
rect:228 335 34 91 40
rect:447 365 205 169 4
rect:288 145 229 376 41
Haiti2010_02.jpg 0x0
rect:40 123 367 164 88
rect:229 23 195 46 14
Haiti2010_03.jpg 0x0
rect:259 775 278 181 89
rect:250 393 215 264 32
rect:208 374 68 61 49
rect:284 1 56 488 32
Haiti2010_04.jpg 0x0
rect:117 267 407 648 41
rect:2 115 188 195 6
rect:281 53 284 237 34
Haiti2010_05.jpg 0x0
rect:448 186 27 114 40
rect:248 194 39 115 40
rect:200 279 182 134 52
rect:174 129 300 504 90
Haiti2010_06.jpg 0x0
rect:524 164 169 352 33
rect:261 192 368 344 91
rect:599 306 88 304 32
rect:172 247 49 55 34
rect:357 264 55 44 6
rect:390 206 55 78 34
rect:605 171 503 875 91
ImperialValley1979_01.jpg 0x0
rect:221 223 45 86 50
rect:600 340 22 23 49
rect:532 310 53 51 32
rect:428 349 18 19 49
rect:433 287 25 39 50
rect:236 392 51 58 32
rect:56 243 67 79 50
rect:490 227 36 31 32
rect:364 344 55 22 49
rect:14 394 85 74 49
rect:10 275 95 168 32
ImperialValley1979_02.jpg 0x0
rect:125 102 56 207 50
rect:336 215 57 127 50
rect:154 66 128 171 32
rect:279 185 83 44 49
rect:122 128 232 47 92
rect:428 97 83 158 50
ImperialValley1979_03.jpg 0x0
rect:119 377 199 41 92
rect:274 389 98 179 50
rect:81 192 110 286 50
rect:189 255 182 188 32
rect:144 240 162 138 32
rect:288 376 85 250 50
rect:138 459 214 51 92
Izmit1999_01.jpg 0x0
rect:534 361 50 83 26
rect:254 94 38 130 27
rect:148 83 412 422 34
rect:171 236 27 130 27
rect:323 110 54 132 27
Izmit1999_02.jpg 0x0
rect:32 147 715 226 10
Izmit1999_03.jpg 0x0
rect:567 105 69 310 50
rect:183 179 310 41 92
rect:223 88 47 292 50
rect:452 64 43 160 50
rect:178 34 387 434 93
rect:288 156 42 199 50
rect:273 86 38 275 50
rect:191 62 252 430 32
Izmit1999_04.jpg 0x0
rect:42 429 87 41 34
rect:133 200 158 52 88
rect:82 587 34 84 42
rect:297 379 25 84 40
rect:243 267 100 81 41
rect:297 374 23 54 40
rect:92 424 253 90 88
rect:362 80 91 96 48
rect:319 96 95 63 41
rect:61 371 68 100 41
Izmit1999_05.jpg 0x0
rect:123 33 632 446 10
Izmit1999_06.jpg 0x0
rect:113 188 70 183 50
rect:136 151 213 337 32
rect:191 348 36 163 50
rect:235 235 34 121 50
rect:206 206 151 54 49
rect:155 249 88 197 50
Izmit1999_07.jpg 0x0
rect:30 83 296 799 2
rect:266 260 51 96 3
rect:271 155 47 111 3
rect:349 214 63 318 4
rect:312 107 79 76 3
rect:176 394 54 113 3
rect:374 71 93 47 6
Izmit1999_08.jpg 0x0
rect:464 59 69 23 52
rect:704 7 102 51 45
rect:141 27 71 119 34
rect:434 91 61 61 41
rect:156 485 92 92 45
rect:260 307 146 89 88
rect:154 121 61 102 41
Izmit1999_09.jpg 0x0
rect:473 307 42 81 94
rect:33 231 38 62 41
rect:335 188 29 45 41
rect:258 283 98 125 94
rect:617 199 45 82 41
rect:422 232 82 90 41
Izmit1999_10.jpg 0x0
rect:102 265 331 53 78
rect:60 158 415 504 41
rect:76 194 89 133 40
rect:199 470 126 100 40
rect:157 208 47 209 40
rect:262 570 67 107 40
rect:213 277 101 27 78
rect:223 423 82 32 78
rect:46 253 339 33 78
rect:293 98 157 133 40
rect:163 163 78 271 40
Izmit1999_11.jpg 0x0
rect:286 186 59 201 40
rect:178 192 137 213 41
rect:243 170 85 115 40
rect:210 275 46 148 40
rect:266 473 118 118 41
Izmit1999_12.jpg 0x0
rect:632 149 263 176 91
rect:38 179 82 82 94
rect:93 392 26 55 40
rect:383 112 73 60 7
rect:334 334 125 130 94
rect:90 81 36 23 6
rect:321 139 40 146 42
rect:1 157 22 49 41
rect:323 375 75 142 52
rect:72 295 55 51 52
rect:18 91 55 28 6
rect:427 355 80 163 41
rect:349 165 43 37 6
rect:314 30 85 46 34
rect:456 74 42 85 41
rect:281 135 60 103 45
rect:116 284 77 62 88
rect:393 188 48 56 41
Izmit1999_13.jpg 0x0
rect:184 260 58 76 52
rect:270 61 187 356 48
rect:5 87 67 202 42
rect:121 154 51 55 6
rect:183 192 23 133 41
rect:102 270 89 156 94
rect:240 86 81 102 41
rect:326 133 119 161 41
rect:212 294 36 66 41
Izmit1999_14.jpg 0x0
rect:401 255 85 46 34
rect:39 155 98 58 34
rect:431 44 53 48 95
rect:354 7 142 84 35
rect:310 370 51 38 34
rect:336 181 96 94 35
rect:569 53 82 98 34
rect:279 521 30 25 34
rect:211 362 44 27 34
Izmit1999_15.jpg 0x0
rect:195 175 206 393 42
Izmit1999_16.jpg 0x0
rect:183 124 35 118 40
rect:107 88 192 213 39
rect:204 102 155 174 41
rect:103 73 333 373 33
Izmit1999_17.jpg 0x0
rect:78 93 194 233 41
Izmit1999_18.jpg 0x0
rect:221 136 118 172 41
rect:122 153 101 252 39
Izmit1999_19.jpg 0x0
rect:242 106 290 398 96
rect:590 155 33 109 50
rect:413 204 29 86 50
rect:258 139 333 212 32
Kobe1995_01.jpg 0x0
rect:22 114 601 125 63
Kobe1995_02.jpg 0x0
rect:2 75 598 517 68
Kobe1995_03.jpg 0x0
rect:39 43 529 419 10
Kobe1995_04.jpg 0x0
rect:369 228 71 67 41
Kobe1995_05.jpg 0x0
rect:4 139 94 456 40
rect:329 114 194 342 40
rect:95 494 276 107 78
rect:38 282 522 58 78
rect:172 140 160 462 52
Kobe1995_06.jpg 0x0
rect:230 349 359 273 42
rect:39 164 487 568 41
Kobe1995_07.jpg 0x0
rect:432 312 39 51 39
rect:182 109 43 28 39
rect:467 228 55 45 39
rect:396 134 51 48 39
rect:410 288 25 39 39
rect:305 465 34 38 39
rect:162 298 26 34 39
rect:449 434 41 55 39
rect:120 368 44 29 39
rect:195 264 42 33 39
rect:45 329 28 35 39
rect:241 608 44 41 39
rect:33 435 47 36 39
rect:501 244 28 39 39
rect:264 227 28 39 39
rect:221 102 26 44 39
rect:219 287 27 25 39
rect:235 268 31 58 39
rect:379 226 44 37 39
rect:477 213 41 52 39
rect:112 230 32 40 39
rect:139 253 52 56 39
rect:488 110 50 30 39
rect:146 413 41 31 39
rect:170 511 26 40 39
rect:222 177 32 47 39
Kobe1995_08.jpg 0x0
rect:289 46 462 168 97
Kobe1995_09.jpg 0x0
rect:77 744 85 61 88
rect:120 467 79 82 88
rect:199 560 261 95 97
rect:102 655 87 86 88
SanSalvador_1986_01.jpg 0x0
rect:53 3 90 236 68
rect:252 124 123 152 41
SanSalvador_1986_02.jpg 0x0
rect:189 352 35 35 41
rect:379 166 35 33 41
rect:387 193 46 58 41
rect:166 184 28 34 41
rect:442 241 42 47 41
rect:173 161 38 39 41
rect:330 184 12 28 41
rect:304 228 29 33 41
rect:559 148 42 49 42
SikkimIndia2001_01.jpg 0x0
rect:270 144 138 98 34
SikkimIndia2001_02.jpg 0x0
rect:234 72 153 300 33
rect:268 232 66 33 16
rect:-18 2 279 69 33
rect:393 73 149 205 33
rect:10 162 49 47 54
rect:11 6 290 89 16
rect:584 110 85 35 16
rect:455 230 94 17 16
SikkimIndia2001_03.jpg 0x0
rect:230 14 166 517 98
rect:157 78 57 180 69
rect:241 252 116 165 70
SikkimIndia2001_04.jpg 0x0
rect:3 27 271 224 99
rect:240 136 126 120 34
rect:335 213 229 116 99
SumatraInd2009_01.jpg 0x0
rect:234 22 48 401 81
SumatraInd2009_02.jpg 0x0
rect:152 92 160 125 41
WhittierNarrows1987_01.jpg 0x0
rect:18 22 690 455 10
WhittierNarrows1987_02.jpg 0x0
rect:137 243 120 271 41
WhittierNarrows1987_03.jpg 0x0
rect:349 91 147 341 32
WhittierNarrows1987_04.jpg 0x0
rect:204 43 91 174 41
rect:157 8 357 54 6
rect:312 15 213 164 100
YogyakartaInd2006_01.jpg 0x0
rect:177 49 260 200 32
rect:134 -22 517 406 29
rect:361 120 219 84 49
YogyakartaInd2006_02.jpg 0x0
rect:241 59 111 473 98
rect:256 84 54 133 70
rect:444 90 60 243 69
