Anchorage1964_01.jpg 0x0
rect:90 492 208 289 1
rect:110 7 180 203 1
Anchorage1964_02.jpg 0x0
rect:328 352 17 36 3
rect:31 243 139 46 5
rect:109 226 39 20 6
rect:600 272 15 62 3
rect:343 277 19 56 3
rect:651 81 114 89 8
rect:55 39 92 19 6
rect:251 78 67 59 4
rect:357 259 60 53 4
rect:205 320 20 76 3
rect:169 123 71 58 7
rect:327 29 259 81 4
rect:78 188 18 27 6
rect:323 302 27 82 3
rect:224 198 27 76 3
rect:42 31 190 48 5
rect:327 196 17 59 3
rect:210 283 299 92 2
rect:318 273 32 56 3
Anchorage1964_03.jpg 0x0
rect:2 187 299 94 9
rect:0 325 443 78 10
rect:312 75 315 241 9
Anchorage1964_04.jpg 0x0
rect:303 118 28 25 5
rect:341 142 13 24 1
rect:224 153 14 25 1
rect:209 337 14 21 1
rect:123 117 21 22 5
rect:153 365 37 20 5
rect:156 30 25 12 5
rect:206 299 21 27 1
rect:455 200 34 22 5
rect:185 189 21 27 8
rect:201 373 13 25 1
rect:354 516 32 12 5
rect:114 227 30 15 5
rect:196 533 41 16 5
rect:264 168 25 17 5
rect:146 148 23 13 5
rect:288 499 20 24 1
rect:171 86 37 16 5
rect:324 322 27 21 5
rect:293 81 26 17 5
rect:269 25 29 18 5
rect:335 370 16 18 1
rect:252 256 22 23 1
rect:173 345 22 11 5
rect:401 426 28 17 5
rect:239 321 14 36 1
rect:164 203 28 20 5
rect:149 366 36 23 5
rect:191 206 42 18 5
rect:276 531 20 29 1
rect:324 131 16 35 1
rect:242 437 9 1 1
rect:438 465 35 18 5
rect:295 94 33 20 5
rect:327 171 37 19 5
rect:164 317 49 12 2
rect:364 259 23 18 5
rect:129 74 34 11 5
rect:321 278 24 16 5
Anchorage1964_05.jpg 0x0
rect:605 244 45 25 5
rect:551 303 64 51 1
rect:195 38 89 33 5
rect:379 171 46 72 1
rect:83 26 23 38 1
rect:47 192 17 52 1
rect:34 423 20 50 1
rect:511 398 42 15 6
rect:281 169 128 87 2
rect:310 284 32 29 11
rect:183 147 107 23 5
rect:124 136 21 67 1
rect:415 104 48 69 1
rect:82 369 19 41 1
rect:440 75 33 72 1
rect:749 428 55 32 5
rect:424 20 25 51 1
rect:351 253 51 70 8
rect:373 1 39 68 1
rect:538 302 39 67 8
rect:366 142 58 55 1
rect:97 253 24 33 1
rect:32 270 20 59 1
rect:139 147 90 34 6
rect:75 242 28 40 1
rect:72 89 25 32 1
rect:236 195 23 21 11
rect:695 211 56 21 6
rect:189 32 107 38 6
Anchorage1964_06.jpg 0x0
rect:156 138 116 203 3
rect:220 266 54 76 11
rect:126 70 266 368 12
Anchorage1964_07.jpg 0x0
rect:224 2 124 47 2
rect:10 57 746 425 2
rect:259 116 43 127 3
rect:250 112 205 144 11
rect:7 334 521 40 14
rect:333 144 97 104 11
rect:14 265 341 37 11
rect:234 109 46 143 13
rect:407 221 234 216 2
Anchorage1964_08.jpg 0x0
rect:45 641 86 137 1
rect:62 282 126 78 1
rect:262 206 81 144 1
rect:49 76 136 104 1
rect:239 24 107 105 1
rect:386 615 137 116 1
Anchorage1964_09.jpg 0x0
rect:101 259 77 72 8
rect:19 134 21 10 16
rect:356 191 55 46 1
rect:155 170 341 12 15
rect:461 126 88 91 1
rect:9 17 288 17 15
rect:277 124 65 51 1
rect:606 9 136 11 16
rect:716 90 146 17 15
rect:127 30 85 59 8
rect:467 7 300 12 15
rect:667 204 1 1 16
rect:50 173 66 11 16
rect:135 132 75 68 1
rect:13 130 75 24 15
rect:462 33 96 83 8
rect:16 16 68 15 16
rect:638 191 75 82 8
rect:491 153 108 28 15
Anchorage1964_10.jpg 0x0
rect:50 227 267 235 1
rect:170 362 93 90 17
rect:70 508 321 94 18
rect:171 249 277 110 18
Anchorage1964_11.jpg 0x0
rect:443 8 92 50 1
rect:256 196 350 44 11
rect:108 71 147 78 4
rect:99 551 430 20 14
rect:543 104 132 98 1
rect:65 400 734 15 14
rect:169 139 296 27 15
rect:112 241 600 56 2
Anchorage1964_12.jpg 0x0
rect:495 61 35 157 3
rect:11 81 693 305 2
rect:195 234 26 92 3
rect:236 98 61 155 3
rect:425 110 237 222 11
Anchorage1964_13.jpg 0x0
rect:278 452 243 23 2
rect:350 653 112 14 19
rect:349 359 26 185 20
Anchorage1964_14.jpg 0x0
rect:324 675 150 101 23
rect:228 261 84 71 21
rect:139 481 29 60 22
rect:72 310 153 38 15
rect:557 6 77 136 11
rect:43 777 40 48 22
rect:9 439 258 62 11
rect:26 620 31 56 22
rect:255 13 89 602 20
rect:112 709 48 68 22
rect:380 11 67 221 11
rect:310 207 151 52 15
Anchorage1964_15.jpg 0x0
rect:457 259 103 48 24
rect:246 10 81 62 4
rect:229 129 27 78 11
rect:227 82 53 368 20
rect:478 8 110 66 4
rect:256 312 138 48 15
rect:382 292 124 53 11
rect:214 489 217 62 2
rect:345 86 63 79 25
Anchorage1964_16.jpg 0x0
rect:10 115 173 221 2
rect:183 101 198 132 2
rect:184 160 224 244 11
rect:13 306 87 74 2
rect:564 221 98 214 2
rect:73 368 100 89 11
Anchorage1964_17.jpg 0x0
rect:11 89 213 142 9
rect:275 40 254 160 9
rect:9 251 709 220 10
Anchorage1964_18.jpg 0x0
rect:135 329 25 63 11
rect:614 308 27 16 2
rect:335 379 69 15 2
rect:119 233 76 121 4
rect:445 235 240 22 15
rect:311 314 32 51 11
rect:101 331 89 47 11
rect:617 200 89 79 4
rect:564 250 52 13 2
rect:315 135 106 70 4
Anchorage1964_19.jpg 0x0
rect:376 347 46 68 26
rect:410 317 15 51 26
rect:372 151 37 34 26
rect:274 76 56 43 26
rect:332 80 40 59 29
rect:597 133 9 9 26
rect:343 132 29 37 27
rect:612 176 34 31 28
rect:494 163 28 38 28
rect:396 156 29 57 29
rect:484 248 7 28 26
rect:395 189 12 40 26
rect:6 276 67 143 26
rect:737 123 8 8 26
rect:433 151 19 37 26
rect:24 283 34 108 27
rect:305 96 76 133 29
rect:573 96 6 12 26
Anchorage1964_20.jpg 0x0
rect:204 344 52 140 26
rect:265 128 55 47 27
rect:136 96 93 83 26
rect:388 459 47 71 26
rect:134 50 143 101 29
Anchorage1964_21.jpg 0x0
rect:47 302 32 38 26
rect:2 93 48 28 26
rect:-6 90 61 215 29
rect:113 124 699 131 30
Bingol2003_01.jpg 0x0
rect:129 187 63 88 33
rect:571 111 209 255 31
rect:34 183 59 50 33
rect:329 335 56 54 34
rect:588 289 35 41 6
rect:365 354 145 50 6
rect:796 137 81 72 6
rect:568 440 89 66 33
rect:664 68 104 65 6
rect:853 512 96 50 33
rect:442 239 54 185 32
rect:684 302 148 194 31
rect:281 246 60 50 33
rect:647 149 52 95 34
rect:621 274 96 90 33
rect:791 302 84 82 6
rect:2 394 699 263 10
rect:315 75 86 34 6
rect:362 496 94 83 6
Bingol2003_02.jpg 0x0
rect:291 291 955 520 31
rect:477 375 70 110 6
rect:204 196 84 415 32
rect:735 70 178 95 36
rect:142 558 154 218 32
rect:199 115 460 215 34
rect:530 234 92 137 26
rect:595 279 333 114 35
Bingol2003_03.jpg 0x0
rect:126 50 109 140 33
rect:86 33 121 31 2
rect:382 278 172 57 11
rect:624 303 301 669 4
rect:503 -9 285 203 4
rect:683 615 252 438 2
rect:372 220 454 218 2
Bingol2003_04.jpg 0x0
rect:59 447 79 66 2
rect:204 486 37 133 3
rect:140 412 31 65 3
rect:293 344 186 132 4
rect:99 592 39 72 3
rect:58 499 25 80 3
rect:323 775 79 64 2
rect:144 546 262 213 2
CanterburyNZSeries2010_01.jpg 0x0
rect:113 86 136 366 12
CanterburyNZSeries2010_02.jpg 0x0
rect:37 9 224 268 37
rect:62 51 136 182 6
CanterburyNZSeries2010_03.jpg 0x0
rect:33 56 353 164 38
CanterburyNZSeries2010_04.jpg 0x0
rect:342 345 32 93 40
rect:182 597 79 247 41
rect:173 7 126 227 42
rect:400 436 28 58 40
rect:316 431 18 69 40
rect:250 478 58 130 40
rect:192 309 35 152 40
rect:246 199 224 269 39
CanterburyNZSeries2010_05.jpg 0x0
rect:334 276 102 81 15
rect:209 381 251 349 4
CanterburyNZSeries2010_06.jpg 0x0
rect:302 233 278 79 2
rect:89 143 849 697 4
CanterburyNZSeries2010_08.jpg 0x0
rect:887 640 42 160 32
rect:431 98 222 274 43
rect:536 305 120 94 44
rect:675 519 60 106 44
CanterburyNZSeries2010_09.jpg 0x0
rect:249 116 180 156 45
rect:256 246 159 389 39
CanterburyNZSeries2010_10.jpg 0x0
rect:320 192 353 94 7
rect:202 294 246 207 6
rect:219 354 241 88 6
rect:222 361 248 61 46
CanterburyNZSeries2010_11.jpg 0x0
rect:399 266 381 151 5
rect:297 252 346 101 7
CanterburyNZSeries2010_12.jpg 0x0
rect:5 186 769 403 47
rect:709 512 222 71 11
rect:37 255 528 365 2
rect:214 541 114 58 11
CanterburyNZSeries2010_13.jpg 0x0
rect:485 215 150 543 11
rect:189 13 451 559 12
Caracas1967_01.jpg 0x0
rect:354 77 138 246 48
rect:376 195 88 81 48
rect:272 228 12 67 48
rect:235 216 41 93 48
Caracas1967_02.jpg 0x0
rect:222 1 101 197 15
rect:140 434 46 78 49
rect:162 254 270 346 51
rect:138 279 33 35 50
Caracas1967_03.jpg 0x0
rect:294 74 65 79 14
rect:217 469 27 69 27
rect:13 398 227 122 6
rect:403 246 41 150 27
rect:293 343 50 92 26
rect:322 327 94 205 34
Caracas1967_04.jpg 0x0
rect:183 373 38 131 26
rect:166 303 181 143 34
rect:107 362 25 95 27
Caracas1967_05.jpg 0x0
rect:187 343 37 193 40
rect:257 271 56 292 40
rect:302 251 178 122 52
rect:52 129 397 508 41
rect:320 254 55 119 40
rect:142 267 54 211 40
rect:264 152 55 313 40
rect:78 229 61 285 40
rect:34 98 277 560 48
rect:61 401 181 233 52
Caracas1967_06.jpg 0x0
rect:252 239 58 51 6
rect:308 107 326 203 7
Caracas1967_07.jpg 0x0
rect:321 202 97 266 34
rect:216 157 42 173 27
rect:414 50 21 264 27
rect:398 442 77 77 53
rect:410 275 125 122 53
rect:239 123 181 289 34
rect:354 8 85 280 34
Caracas1967_08.jpg 0x0
rect:180 232 83 134 55
rect:321 158 80 169 54
rect:230 352 58 142 54
Caracas1967_09.jpg 0x0
rect:68 189 59 76 48
rect:143 215 106 61 48
rect:497 12 211 116 48
rect:22 316 51 72 48
Caracas1967_10.jpg 0x0
rect:51 240 291 326 41
rect:514 278 94 165 40
rect:372 263 107 138 40
rect:18 122 397 342 48
Caracas1967_11.jpg 0x0
rect:66 17 418 843 48
rect:220 12 165 337 41
rect:44 189 276 463 41
Caracas1967_12.jpg 0x0
rect:203 301 35 44 56
rect:663 295 31 39 34
rect:855 399 27 56 32
rect:635 292 16 63 32
Caracas1967_13.jpg 0x0
rect:198 292 156 330 55
Caracas1967_14.jpg 0x0
rect:151 214 324 38 6
rect:145 124 603 180 57
Chichi1999_01.jpg 0x0
rect:4 8 662 156 58
rect:438 153 50 192 42
Chichi1999_02.jpg 0x0
rect:324 93 248 297 59
rect:6 112 468 204 58
Chichi1999_03.jpg 0x0
rect:91 194 55 125 60
rect:0 184 500 233 58
Chichi1999_04.jpg 0x0
rect:236 247 62 267 48
rect:223 -15 69 165 48
rect:189 196 30 48 52
Chichi1999_05.jpg 0x0
rect:245 158 116 233 48
rect:468 217 32 101 52
rect:493 152 40 67 41
rect:351 243 32 31 41
Chichi1999_06.jpg 0x0
rect:448 186 50 98 48
rect:417 86 53 68 62
rect:131 22 350 151 10
rect:509 211 29 55 41
rect:454 279 26 22 52
rect:462 -15 103 68 61
Chichi1999_07.jpg 0x0
rect:456 216 31 26 64
rect:381 253 53 91 48
rect:528 242 35 88 48
rect:203 207 20 32 64
rect:107 141 45 113 48
rect:73 272 673 104 63
rect:448 205 12 15 64
Chichi1999_08.jpg 0x0
rect:73 16 435 468 10
Chichi1999_09.jpg 0x0
rect:189 124 28 90 40
rect:198 123 69 71 40
rect:196 72 110 69 41
rect:256 54 239 156 48
Chichi1999_10.jpg 0x0
rect:142 18 606 317 10
Chichi1999_11.jpg 0x0
rect:186 173 94 122 65
rect:2 181 187 657 10
Chichi1999_12.jpg 0x0
rect:10 30 367 628 66
Chichi1999_13.jpg 0x0
rect:26 49 781 473 10
Chichi1999_14.jpg 0x0
rect:257 513 24 26 39
rect:147 223 43 63 67
rect:113 443 28 35 67
rect:101 309 24 41 67
rect:119 161 61 36 67
rect:237 275 24 51 67
rect:141 401 27 37 67
rect:422 523 49 57 67
rect:74 388 58 46 67
rect:328 489 28 22 39
rect:127 423 61 50 67
rect:418 566 58 93 67
rect:344 292 35 43 39
rect:316 231 34 47 39
rect:152 259 35 62 67
rect:182 324 28 39 67
rect:101 215 43 47 67
Chichi1999_15.jpg 0x0
rect:255 26 342 405 41
Chichi1999_16.jpg 0x0
rect:231 101 84 138 32
Chichi1999_17.jpg 0x0
rect:129 242 30 47 32
Chichi1999_18.jpg 0x0
rect:336 406 29 147 69
rect:207 227 24 166 69
rect:346 391 45 107 70
rect:213 233 48 128 69
rect:113 295 21 90 69
rect:209 237 112 390 68
Chichi1999_19.jpg 0x0
rect:202 97 145 310 3
rect:253 27 295 445 2
YogyakartaInd2006_03.jpg 0x0
rect:391 434 58 22 16
rect:213 143 18 7 16
rect:160 296 269 187 71
rect:385 61 96 53 15
rect:321 72 74 38 16
rect:201 145 50 34 15
rect:261 357 170 24 15
rect:193 18 92 2 15
Chichi1999_20.jpg 0x0
rect:288 389 54 207 41
rect:168 254 142 389 42
Chichi1999_21.jpg 0x0
rect:250 117 196 231 72
rect:327 7 89 107 57
rect:385 43 318 168 37
rect:223 333 215 115 37
rect:20 4 289 138 30
rect:328 365 108 160 6
rect:282 86 115 87 6
rect:67 510 184 100 5
Chichi1999_22.jpg 0x0
rect:198 275 22 18 73
rect:256 169 226 202 10
rect:304 179 12 22 73
rect:299 223 16 23 73
Chichi1999_23.jpg 0x0
rect:354 127 43 26 27
rect:136 125 56 36 73
rect:241 211 34 31 26
rect:235 227 75 93 73
rect:96 316 37 86 34
rect:286 235 45 74 34
rect:171 207 25 33 34
rect:147 307 49 114 73
rect:4 88 396 133 74
rect:290 158 57 60 73
Chichi1999_24.jpg 0x0
rect:186 141 45 44 46
rect:160 191 72 35 34
rect:409 296 1 2 46
rect:3 383 306 170 74
rect:149 172 182 94 75
Chichi1999_25.jpg 0x0
rect:195 268 180 273 73
rect:136 249 136 196 34
rect:202 349 51 59 26
Chichi1999_26.jpg 0x0
rect:108 509 148 140 27
rect:198 527 106 51 26
rect:323 18 52 38 73
rect:246 313 146 459 76
rect:232 212 59 73 73
rect:167 713 94 100 73
Chichi1999_27.jpg 0x0
rect:159 251 90 406 32
Chichi1999_28.jpg 0x0
rect:185 116 109 212 5
rect:14 76 293 119 6
rect:210 96 148 228 75
rect:198 281 232 90 77
Chichi1999_29.jpg 0x0
rect:262 210 68 196 52
rect:283 259 133 162 40
rect:136 181 164 236 48
Chichi1999_30.jpg 0x0
rect:183 235 229 45 78
rect:29 229 92 202 73
rect:250 81 266 280 40
rect:211 95 226 66 52
Chichi1999_31.jpg 0x0
rect:582 110 62 173 48
rect:193 90 115 254 79
Chichi1999_32.jpg 0x0
rect:117 8 74 373 80
rect:129 182 34 126 81
rect:179 73 40 185 81
rect:607 185 40 182 39
Chichi1999_33.jpg 0x0
rect:324 115 126 353 32
rect:159 129 104 314 32
rect:75 58 92 468 33
rect:113 121 55 99 49
rect:276 115 42 118 49
rect:189 74 115 181 56
Chichi1999_34.jpg 0x0
rect:92 98 308 353 10
Duzce1999_01.jpg 0x0
rect:169 122 98 165 41
rect:136 69 78 316 39
Duzce1999_02.jpg 0x0
rect:91 55 116 509 41
Duzce1999_03.jpg 0x0
rect:244 165 104 265 31
rect:102 118 127 183 42
rect:0 215 135 247 31
Gediz1970_01.jpg 0x0
rect:220 297 82 210 69
rect:129 352 102 322 69
rect:112 121 303 501 68
Guatemala1976_01.jpg 0x0
rect:70 213 54 33 41
rect:479 122 134 163 48
rect:587 174 70 100 41
rect:32 190 127 94 48
rect:42 209 67 33 52
rect:17 141 748 187 82
Guatemala1976_02.jpg 0x0
rect:198 61 222 178 48
rect:287 71 125 104 40
Guatemala1976_03.jpg 0x0
rect:17 97 881 303 75
Guatemala1976_04.jpg 0x0
rect:131 23 249 87 30
rect:496 308 72 174 4
rect:520 174 131 328 4
rect:34 83 408 214 30
Guatemala1976_05.jpg 0x0
rect:158 105 426 282 48
rect:206 176 244 98 41
rect:129 97 387 130 40
Guatemala1976_06.jpg 0x0
rect:99 85 252 589 39
Guatemala1976_07.jpg 0x0
rect:22 177 434 512 10
rect:238 703 117 57 83
rect:29 219 65 58 6
Guatemala1976_08.jpg 0x0
rect:206 25 520 359 48
rect:172 66 332 488 41
rect:379 86 179 343 40
Guatemala1976_09.jpg 0x0
rect:86 298 40 35 85
rect:150 247 38 22 84
rect:310 296 61 45 84
rect:775 300 69 54 84
rect:448 215 80 30 85
rect:827 361 46 58 85
rect:179 323 60 51 85
rect:68 265 24 32 84
Guatemala1976_10.jpg 0x0
rect:310 338 38 123 87
rect:274 209 322 358 86
rect:204 97 284 213 87
Guatemala1976_11.jpg 0x0
rect:199 199 144 186 34
GujaratIndia2001_01.jpg 0x0
rect:123 389 269 82 2
rect:70 554 56 25 2
rect:406 408 62 53 11
rect:35 337 188 175 4
Haiti2010_01.jpg 0x0
rect:297 164 125 332 41
rect:343 458 222 156 4
rect:258 296 20 159 40
rect:642 306 101 144 4
rect:145 50 159 96 7
Haiti2010_02.jpg 0x0
rect:39 106 570 184 88
rect:333 25 139 64 14
Haiti2010_03.jpg 0x0
rect:168 557 75 81 49
rect:272 1 56 484 32
rect:255 412 170 222 32
rect:240 485 269 217 89
Haiti2010_04.jpg 0x0
rect:280 43 189 288 34
rect:195 350 336 390 41
rect:2 113 228 161 6
Haiti2010_05.jpg 0x0
rect:195 185 198 440 90
rect:335 313 28 110 40
rect:306 276 30 110 40
rect:205 283 194 111 52
Haiti2010_06.jpg 0x0
rect:363 270 69 174 32
rect:366 131 769 580 91
rect:492 221 167 447 33
rect:421 178 70 114 34
rect:173 190 334 332 91
rect:217 237 36 46 34
rect:374 209 98 54 6
ImperialValley1979_01.jpg 0x0
rect:13 335 103 143 32
rect:368 299 39 59 32
rect:407 301 49 71 50
rect:488 309 19 14 49
rect:68 393 83 124 50
rect:424 223 57 34 32
rect:276 301 44 30 49
rect:410 399 20 27 49
rect:16 347 78 63 49
rect:382 400 30 31 50
rect:400 362 34 36 32
ImperialValley1979_02.jpg 0x0
rect:126 166 293 47 92
rect:279 120 53 155 50
rect:212 111 77 171 50
rect:276 280 142 41 49
rect:443 106 101 198 50
rect:150 94 218 179 32
ImperialValley1979_03.jpg 0x0
rect:123 200 86 228 50
rect:151 249 287 192 32
rect:312 282 47 253 50
rect:288 389 102 129 50
rect:93 418 351 42 92
rect:134 386 240 39 92
rect:195 188 172 144 32
Izmit1999_01.jpg 0x0
rect:218 73 42 175 27
rect:275 272 33 122 27
rect:167 92 483 245 34
rect:197 98 38 184 27
rect:616 309 63 69 26
Izmit1999_02.jpg 0x0
rect:23 140 701 341 10
Izmit1999_03.jpg 0x0
rect:430 79 60 376 50
rect:234 179 49 239 50
rect:568 100 33 308 50
rect:391 112 44 178 50
rect:134 55 467 368 93
rect:194 274 454 42 92
rect:227 95 65 228 50
rect:233 78 206 341 32
Izmit1999_04.jpg 0x0
rect:418 350 62 86 41
rect:64 288 76 42 34
rect:388 79 62 78 48
rect:112 235 133 75 88
rect:64 583 45 133 41
rect:468 248 27 48 40
rect:126 396 154 126 88
rect:306 315 17 41 40
rect:73 592 34 105 42
rect:306 96 65 92 41
Izmit1999_05.jpg 0x0
rect:121 33 752 457 10
Izmit1999_06.jpg 0x0
rect:127 304 164 102 49
rect:297 206 38 204 50
rect:164 169 182 405 32
rect:302 190 63 174 50
rect:193 174 101 255 50
rect:118 295 49 129 50
Izmit1999_07.jpg 0x0
rect:259 65 96 41 6
rect:437 135 52 98 3
rect:167 273 55 81 3
rect:192 333 34 148 3
rect:300 231 92 346 4
rect:357 142 42 122 3
rect:17 113 455 565 2
Izmit1999_08.jpg 0x0
rect:110 521 91 107 45
rect:509 107 70 28 52
rect:236 172 158 86 88
rect:690 7 101 54 45
rect:589 90 58 79 41
rect:192 27 85 112 34
rect:165 155 61 90 41
Izmit1999_09.jpg 0x0
rect:210 142 32 34 41
rect:397 245 67 117 41
rect:240 294 85 80 94
rect:764 169 54 84 94
rect:612 274 55 73 41
rect:52 213 45 66 41
Izmit1999_10.jpg 0x0
rect:201 536 103 35 78
rect:303 103 127 170 40
rect:206 602 42 113 40
rect:147 197 83 264 40
rect:342 578 96 31 78
rect:81 172 82 241 40
rect:99 126 398 412 41
rect:44 209 272 55 78
rect:136 396 282 83 78
rect:255 137 75 197 40
rect:231 603 119 131 40
Izmit1999_11.jpg 0x0
rect:278 212 79 205 40
rect:145 264 62 104 40
rect:408 309 86 197 40
rect:259 432 148 88 41
rect:207 251 170 146 41
Izmit1999_12.jpg 0x0
rect:19 80 33 26 6
rect:1 155 33 31 41
rect:421 353 75 150 41
rect:478 254 74 53 41
rect:583 22 90 71 34
rect:372 147 42 103 45
rect:666 167 219 188 91
rect:525 86 56 96 41
rect:70 286 53 74 52
rect:90 75 39 18 6
rect:389 368 58 120 52
rect:61 255 50 71 94
rect:335 215 45 30 6
rect:186 228 85 73 88
rect:107 205 39 54 40
rect:457 158 46 127 42
rect:372 292 123 189 94
rect:437 141 70 42 7
Izmit1999_13.jpg 0x0
rect:162 212 52 66 41
rect:131 251 116 152 94
rect:5 82 110 187 42
rect:150 116 70 42 6
rect:157 198 28 75 41
rect:261 123 88 88 41
rect:177 338 73 81 52
rect:305 60 142 441 48
rect:259 130 88 284 41
Izmit1999_14.jpg 0x0
rect:485 6 188 98 35
rect:261 331 40 30 34
rect:420 77 104 97 34
rect:60 137 127 62 34
rect:336 328 87 49 34
rect:373 205 80 71 35
rect:341 57 39 61 95
rect:282 504 31 27 34
rect:521 283 66 46 34
Izmit1999_15.jpg 0x0
rect:188 206 332 372 42
Izmit1999_16.jpg 0x0
rect:194 141 133 177 41
rect:91 72 293 233 39
rect:90 56 514 354 33
rect:154 111 44 99 40
Izmit1999_17.jpg 0x0
rect:115 147 241 195 41
Izmit1999_18.jpg 0x0
rect:204 149 142 294 39
rect:131 185 157 153 41
Izmit1999_19.jpg 0x0
rect:505 140 27 74 50
rect:179 160 280 260 32
rect:534 125 30 78 50
rect:295 80 235 297 96
Kobe1995_01.jpg 0x0
rect:34 157 836 161 63
Kobe1995_02.jpg 0x0
rect:2 55 534 554 68
Kobe1995_03.jpg 0x0
rect:25 75 391 535 10
Kobe1995_04.jpg 0x0
rect:392 344 71 38 41
Kobe1995_05.jpg 0x0
rect:102 431 357 161 78
rect:174 153 230 700 52
rect:46 339 347 87 78
rect:4 172 145 532 40
rect:410 167 115 566 40
Kobe1995_06.jpg 0x0
rect:60 129 454 368 41
rect:171 328 325 269 42
Kobe1995_07.jpg 0x0
rect:37 208 35 43 39
rect:334 354 36 29 39
rect:201 211 37 33 39
rect:538 96 50 35 39
rect:294 371 37 27 39
rect:120 227 39 37 39
rect:309 233 42 31 39
rect:461 460 35 56 39
rect:39 357 45 19 39
rect:208 302 36 46 39
rect:346 374 50 46 39
rect:350 290 50 37 39
rect:449 278 30 37 39
rect:220 443 39 31 39
rect:133 115 33 44 39
rect:250 283 35 30 39
rect:188 387 25 30 39
rect:316 131 25 41 39
rect:432 347 25 43 39
rect:193 258 53 43 39
rect:152 307 33 35 39
rect:272 142 45 36 39
rect:200 251 30 59 39
rect:350 236 46 32 39
rect:295 224 39 44 39
rect:78 247 34 37 39
Kobe1995_08.jpg 0x0
rect:399 55 476 217 97
Kobe1995_09.jpg 0x0
rect:75 468 79 74 88
rect:218 646 248 104 97
rect:93 732 65 75 88
rect:73 654 67 56 88
SanSalvador_1986_01.jpg 0x0
rect:289 120 132 143 41
rect:67 3 143 225 68
SanSalvador_1986_02.jpg 0x0
rect:152 276 24 28 41
rect:416 308 34 43 41
rect:219 208 43 38 41
rect:173 130 26 40 41
rect:593 190 35 48 42
rect:496 230 44 27 41
rect:418 179 42 36 41
rect:359 181 14 23 41
rect:128 288 31 45 41
SikkimIndia2001_01.jpg 0x0
rect:257 179 162 124 34
SikkimIndia2001_02.jpg 0x0
rect:501 110 77 33 16
rect:535 220 97 16 16
rect:310 91 133 155 33
rect:220 54 177 320 33
rect:10 195 73 32 54
rect:10 6 405 79 16
rect:-16 2 365 105 33
rect:365 282 82 54 16
SikkimIndia2001_03.jpg 0x0
rect:198 13 183 331 98
rect:194 183 109 218 70
rect:207 81 74 252 69
SikkimIndia2001_04.jpg 0x0
rect:369 218 184 89 99
rect:270 170 103 217 34
rect:3 34 278 194 99
SumatraInd2009_01.jpg 0x0
rect:231 19 63 415 81
SumatraInd2009_02.jpg 0x0
rect:150 66 169 201 41
WhittierNarrows1987_01.jpg 0x0
rect:13 25 907 421 10
WhittierNarrows1987_02.jpg 0x0
rect:126 353 121 211 41
WhittierNarrows1987_03.jpg 0x0
rect:277 163 185 209 32
WhittierNarrows1987_04.jpg 0x0
rect:281 53 74 235 41
rect:260 6 273 73 6
rect:245 13 258 169 100
YogyakartaInd2006_01.jpg 0x0
rect:385 181 258 55 49
rect:218 48 368 303 32
rect:136 -27 307 532 29
YogyakartaInd2006_02.jpg 0x0
rect:328 54 163 337 98
rect:271 157 60 217 69
rect:254 99 89 219 70
