Anchorage1964_01.jpg 0x0
rect:79 255 273 265 1
rect:104 7 213 129 1
Anchorage1964_02.jpg 0x0
rect:32 28 164 37 5
rect:509 258 17 46 3
rect:239 187 25 48 3
rect:157 302 384 107 2
rect:348 180 17 43 3
rect:376 291 26 69 3
rect:144 125 79 63 7
rect:442 85 128 109 8
rect:74 29 105 15 6
rect:290 251 34 60 3
rect:294 339 20 85 3
rect:105 218 66 16 6
rect:131 249 21 19 6
rect:328 343 32 66 3
rect:536 209 61 67 4
rect:647 304 15 70 3
rect:181 76 118 81 4
rect:33 250 148 46 5
rect:170 27 181 104 4
Anchorage1964_03.jpg 0x0
rect:178 99 474 259 9
rect:0 306 856 63 10
rect:2 235 270 91 9
Anchorage1964_04.jpg 0x0
rect:246 122 35 18 5
rect:135 243 27 18 5
rect:155 431 64 13 2
rect:339 168 13 25 1
rect:275 423 27 19 5
rect:278 371 10 16 1
rect:418 419 37 21 5
rect:256 241 21 25 1
rect:131 151 30 18 5
rect:143 93 36 23 5
rect:176 46 28 12 5
rect:396 83 31 14 5
rect:274 110 18 24 1
rect:284 476 19 25 1
rect:447 319 26 17 5
rect:301 233 17 33 1
rect:251 91 31 17 5
rect:351 331 28 20 5
rect:200 311 34 12 5
rect:294 224 21 14 5
rect:215 456 25 34 1
rect:204 289 35 14 5
rect:143 290 35 13 5
rect:209 25 22 20 5
rect:270 275 30 20 8
rect:133 349 46 19 5
rect:190 234 19 24 1
rect:226 364 9 1 1
rect:318 279 13 19 1
rect:354 206 27 16 5
rect:322 139 30 19 5
rect:155 400 42 15 5
rect:322 412 20 30 1
rect:355 143 36 17 5
rect:142 458 36 24 5
rect:263 32 34 19 5
rect:170 155 28 28 5
rect:240 405 39 14 5
rect:301 341 19 28 1
Anchorage1964_05.jpg 0x0
rect:110 158 30 51 1
rect:120 128 19 55 1
rect:73 164 26 32 1
rect:400 1 34 62 1
rect:406 210 35 26 11
rect:255 32 84 52 6
rect:64 126 16 34 1
rect:411 171 34 43 1
rect:680 526 53 71 8
rect:245 51 94 27 5
rect:318 213 181 87 2
rect:83 21 24 39 1
rect:227 190 126 48 6
rect:400 260 68 80 1
rect:609 27 46 70 1
rect:325 78 30 63 1
rect:78 377 21 63 1
rect:365 156 39 64 1
rect:444 226 44 56 8
rect:589 337 71 43 5
rect:403 137 20 21 11
rect:58 85 19 56 1
rect:716 172 64 40 5
rect:585 99 51 68 1
rect:820 270 40 17 6
rect:135 145 87 28 5
rect:40 522 23 44 1
rect:46 343 24 57 1
rect:528 447 37 11 6
Anchorage1964_06.jpg 0x0
rect:120 76 233 549 12
rect:179 113 109 337 3
rect:166 186 66 103 11
Anchorage1964_07.jpg 0x0
rect:305 86 130 185 11
rect:217 2 141 70 2
rect:19 182 255 43 11
rect:8 65 797 387 2
rect:7 356 345 41 14
rect:425 133 69 74 13
rect:446 247 88 115 11
rect:391 331 416 185 2
rect:387 102 49 165 3
Anchorage1964_08.jpg 0x0
rect:41 99 101 103 1
rect:382 39 94 122 1
rect:41 228 100 130 1
rect:352 211 88 127 1
rect:31 397 75 136 1
rect:349 626 114 127 1
Anchorage1964_09.jpg 0x0
rect:15 136 16 9 16
rect:72 49 51 59 8
rect:486 145 131 29 15
rect:698 9 115 14 16
rect:63 155 65 10 16
rect:549 30 66 64 8
rect:824 224 1 1 16
rect:237 182 60 50 1
rect:86 394 61 63 8
rect:609 159 68 57 1
rect:437 203 85 53 1
rect:14 111 74 23 15
rect:336 7 224 13 15
rect:14 22 57 11 16
rect:15 17 514 15 15
rect:756 95 160 25 15
rect:136 109 348 12 15
rect:135 225 61 74 1
rect:473 209 87 65 8
Anchorage1964_10.jpg 0x0
rect:254 375 99 87 17
rect:59 185 300 448 1
rect:129 175 212 71 18
rect:61 414 330 91 18
Anchorage1964_11.jpg 0x0
rect:74 150 452 97 2
rect:152 69 147 82 4
rect:73 336 677 15 14
rect:221 244 371 24 11
rect:226 172 336 15 15
rect:725 132 114 109 1
rect:57 446 772 17 14
rect:446 7 115 39 1
Anchorage1964_12.jpg 0x0
rect:312 105 138 120 11
rect:415 75 58 189 3
rect:129 242 32 133 3
rect:11 69 646 318 2
rect:329 67 48 214 3
Anchorage1964_13.jpg 0x0
rect:319 496 141 27 2
rect:384 605 117 14 19
rect:375 358 22 129 20
Anchorage1964_14.jpg 0x0
rect:351 6 96 155 11
rect:320 672 187 60 23
rect:319 14 70 244 11
rect:198 318 80 96 21
rect:13 624 248 78 11
rect:127 399 45 71 22
rect:85 320 152 34 15
rect:193 520 36 46 22
rect:247 17 85 667 20
rect:25 488 34 47 22
rect:41 624 45 67 22
rect:421 174 210 73 15
Anchorage1964_15.jpg 0x0
rect:453 10 72 69 4
rect:293 111 50 114 25
rect:279 271 75 31 24
rect:188 156 42 69 11
rect:347 10 85 63 4
rect:196 214 150 31 15
rect:162 71 56 503 20
rect:274 236 130 37 11
rect:194 402 177 77 2
Anchorage1964_16.jpg 0x0
rect:85 259 84 134 11
rect:599 284 168 135 2
rect:14 102 220 175 2
rect:262 216 321 158 11
rect:232 72 233 153 2
rect:14 259 48 58 2
Anchorage1964_17.jpg 0x0
rect:317 49 188 243 9
rect:13 88 208 148 9
rect:11 158 916 270 10
Anchorage1964_18.jpg 0x0
rect:665 353 59 14 2
rect:454 267 29 26 2
rect:132 269 16 53 11
rect:490 264 262 31 15
rect:339 140 102 71 4
rect:379 299 92 17 2
rect:362 358 45 54 11
rect:187 221 57 93 4
rect:175 278 93 49 11
rect:590 128 125 91 4
Anchorage1964_19.jpg 0x0
rect:267 128 48 86 29
rect:468 144 17 49 29
rect:5 244 83 102 26
rect:389 204 46 40 28
rect:344 363 57 67 26
rect:522 157 29 33 26
rect:866 151 9 15 26
rect:380 272 16 25 26
rect:235 139 35 32 27
rect:532 169 15 39 26
rect:597 186 7 18 26
rect:214 71 61 179 29
rect:332 164 11 19 26
rect:427 326 20 34 26
rect:21 285 43 119 27
rect:501 112 42 37 28
rect:352 95 56 34 26
rect:662 146 9 8 26
Anchorage1964_20.jpg 0x0
rect:186 128 94 43 27
rect:208 486 66 127 26
rect:208 67 113 183 29
rect:443 598 41 81 26
rect:237 110 123 69 26
Anchorage1964_21.jpg 0x0
rect:2 63 41 36 26
rect:132 122 522 212 30
rect:-5 90 66 162 29
rect:52 323 34 36 26
Bingol2003_01.jpg 0x0
rect:279 106 87 32 6
rect:700 73 115 231 31
rect:603 461 208 74 6
rect:346 424 69 254 32
rect:704 310 33 69 6
rect:185 197 66 60 33
rect:909 192 79 75 33
rect:692 85 76 94 6
rect:513 401 38 50 34
rect:448 58 67 58 6
rect:763 572 59 53 33
rect:254 158 56 55 33
rect:497 247 42 81 34
rect:698 237 131 180 31
rect:1047 393 87 65 33
rect:2 268 1041 187 10
rect:743 358 90 59 6
rect:29 210 78 77 33
rect:338 496 105 98 6
Bingol2003_02.jpg 0x0
rect:363 293 76 96 6
rect:418 316 123 93 26
rect:396 182 466 148 35
rect:180 248 62 340 32
rect:104 625 163 310 32
rect:281 262 910 575 31
rect:593 47 159 73 36
rect:132 111 560 177 34
Bingol2003_03.jpg 0x0
rect:597 244 278 475 4
rect:596 460 318 516 2
rect:333 228 240 75 11
rect:630 -8 351 195 4
rect:93 52 84 87 33
rect:75 30 206 33 2
rect:378 145 482 189 2
Bingol2003_04.jpg 0x0
rect:246 573 142 58 2
rect:57 760 30 88 3
rect:89 460 24 99 3
rect:72 668 94 84 2
rect:247 399 35 159 3
rect:179 350 240 235 2
rect:234 266 179 194 4
rect:146 357 39 81 3
CanterburyNZSeries2010_01.jpg 0x0
rect:102 77 157 348 12
CanterburyNZSeries2010_02.jpg 0x0
rect:52 8 208 345 37
rect:66 63 154 203 6
CanterburyNZSeries2010_03.jpg 0x0
rect:39 90 414 133 38
CanterburyNZSeries2010_04.jpg 0x0
rect:246 401 96 203 41
rect:288 394 36 94 40
rect:265 353 155 327 39
rect:333 9 118 191 42
rect:383 281 15 50 40
rect:347 471 43 119 40
rect:242 313 20 136 40
rect:385 508 22 33 40
CanterburyNZSeries2010_05.jpg 0x0
rect:361 229 143 81 15
rect:247 468 275 473 4
CanterburyNZSeries2010_06.jpg 0x0
rect:47 83 740 517 4
rect:224 303 166 133 2
CanterburyNZSeries2010_08.jpg 0x0
rect:406 118 208 225 43
rect:706 436 56 167 44
rect:780 673 33 176 32
rect:916 287 131 94 44
CanterburyNZSeries2010_09.jpg 0x0
rect:167 173 170 263 45
rect:193 403 155 486 39
CanterburyNZSeries2010_10.jpg 0x0
rect:214 168 328 230 6
rect:334 199 184 159 7
rect:231 363 254 132 6
rect:381 275 261 59 46
CanterburyNZSeries2010_11.jpg 0x0
rect:282 226 314 92 7
rect:320 240 390 180 5
CanterburyNZSeries2010_12.jpg 0x0
rect:484 627 199 49 11
rect:5 251 932 433 47
rect:66 270 1016 334 2
rect:181 604 171 33 11
CanterburyNZSeries2010_13.jpg 0x0
rect:427 123 111 362 11
rect:144 21 480 880 12
Caracas1967_01.jpg 0x0
rect:297 231 12 81 48
rect:331 214 49 115 48
rect:368 95 168 344 48
rect:370 138 67 122 48
Caracas1967_02.jpg 0x0
rect:119 224 235 215 51
rect:103 483 35 31 50
rect:163 309 46 70 49
rect:272 1 145 147 15
Caracas1967_03.jpg 0x0
rect:265 233 146 193 34
rect:305 55 70 113 14
rect:284 409 29 110 27
rect:335 299 62 71 26
rect:278 420 31 68 27
rect:15 466 173 99 6
Caracas1967_04.jpg 0x0
rect:112 404 223 137 34
rect:117 430 15 107 27
rect:189 467 36 114 26
Caracas1967_05.jpg 0x0
rect:194 358 46 278 40
rect:60 389 65 251 40
rect:234 369 53 208 40
rect:350 197 56 187 40
rect:239 291 71 193 40
rect:65 245 275 221 52
rect:33 183 338 475 41
rect:201 174 138 182 52
rect:28 68 507 632 48
rect:324 159 42 147 40
Caracas1967_06.jpg 0x0
rect:462 103 267 187 7
rect:425 365 77 67 6
Caracas1967_07.jpg 0x0
rect:444 253 73 129 53
rect:243 114 154 264 34
rect:301 45 24 292 27
rect:209 142 42 172 27
rect:368 10 103 260 34
rect:580 316 115 59 53
rect:563 257 151 227 34
Caracas1967_08.jpg 0x0
rect:246 223 92 84 55
rect:289 212 72 133 54
rect:189 344 57 131 54
Caracas1967_09.jpg 0x0
rect:25 288 53 67 48
rect:300 12 193 190 48
rect:107 236 50 82 48
rect:159 141 106 84 48
Caracas1967_10.jpg 0x0
rect:32 143 299 336 41
rect:534 357 74 131 40
rect:17 132 510 539 48
rect:388 198 108 182 40
Caracas1967_11.jpg 0x0
rect:64 12 355 763 48
rect:41 297 182 503 41
rect:221 13 212 294 41
Caracas1967_12.jpg 0x0
rect:906 296 27 40 32
rect:683 428 17 50 32
rect:268 315 20 50 56
rect:643 271 27 56 34
Caracas1967_13.jpg 0x0
rect:210 460 106 268 55
Caracas1967_14.jpg 0x0
rect:162 126 690 269 57
rect:165 331 280 50 6
Chichi1999_01.jpg 0x0
rect:299 121 60 266 42
rect:4 10 622 129 58
Chichi1999_02.jpg 0x0
rect:466 92 250 386 59
rect:7 131 493 190 58
Chichi1999_03.jpg 0x0
rect:0 189 798 153 58
rect:96 168 67 123 60
Chichi1999_04.jpg 0x0
rect:261 -15 54 173 48
rect:294 334 36 57 52
rect:213 201 63 291 48
Chichi1999_05.jpg 0x0
rect:299 121 118 242 48
rect:356 166 43 48 41
rect:407 209 49 79 52
rect:374 310 38 40 41
Chichi1999_06.jpg 0x0
rect:708 169 41 76 41
rect:604 -13 102 86 61
rect:287 172 24 24 52
rect:453 238 41 116 48
rect:424 128 69 77 62
rect:146 17 587 210 10
Chichi1999_07.jpg 0x0
rect:493 164 37 32 64
rect:187 196 25 47 64
rect:411 194 63 88 48
rect:60 241 445 95 63
rect:812 188 18 23 64
rect:599 252 41 103 48
rect:127 168 59 154 48
Chichi1999_08.jpg 0x0
rect:82 14 537 412 10
Chichi1999_09.jpg 0x0
rect:269 70 160 68 41
rect:261 87 226 193 48
rect:318 118 36 89 40
rect:279 134 38 81 40
Chichi1999_10.jpg 0x0
rect:123 18 433 365 10
Chichi1999_11.jpg 0x0
rect:131 252 94 105 65
rect:2 178 166 578 10
Chichi1999_12.jpg 0x0
rect:12 20 339 805 66
Chichi1999_13.jpg 0x0
rect:28 34 654 511 10
Chichi1999_14.jpg 0x0
rect:175 391 30 59 67
rect:117 517 26 53 67
rect:86 261 58 78 67
rect:138 481 27 40 67
rect:52 439 41 55 67
rect:204 501 19 37 67
rect:93 447 41 50 67
rect:294 189 16 47 67
rect:144 263 32 77 67
rect:266 323 28 28 39
rect:138 353 28 67 67
rect:163 186 72 60 67
rect:253 373 27 60 39
rect:318 674 66 52 67
rect:175 364 25 36 39
rect:319 408 43 41 67
rect:357 369 33 33 39
Chichi1999_15.jpg 0x0
rect:205 33 308 579 41
Chichi1999_16.jpg 0x0
rect:142 125 68 159 32
Chichi1999_17.jpg 0x0
rect:173 254 27 39 32
Chichi1999_18.jpg 0x0
rect:178 285 34 155 69
rect:299 260 45 140 70
rect:189 171 25 107 69
rect:115 137 187 557 68
rect:328 385 31 173 69
rect:181 262 34 102 69
Chichi1999_19.jpg 0x0
rect:174 20 351 276 2
rect:236 103 149 240 3
YogyakartaInd2006_03.jpg 0x0
rect:184 138 21 8 16
rect:371 468 67 24 16
rect:315 67 79 37 16
rect:238 372 297 30 15
rect:237 210 305 126 71
rect:222 131 84 38 15
rect:430 53 180 58 15
rect:285 31 85 2 15
Chichi1999_20.jpg 0x0
rect:193 312 71 143 41
rect:216 146 83 373 42
Chichi1999_21.jpg 0x0
rect:18 4 158 181 30
rect:280 24 277 258 37
rect:159 253 232 176 37
rect:80 261 189 144 5
rect:441 98 137 111 6
rect:345 344 115 106 6
rect:224 128 155 203 72
rect:463 6 91 113 57
Chichi1999_22.jpg 0x0
rect:232 173 341 172 10
rect:344 283 22 25 73
rect:284 161 14 22 73
rect:359 250 19 22 73
Chichi1999_23.jpg 0x0
rect:245 193 24 28 27
rect:277 354 70 111 73
rect:266 205 25 19 26
rect:4 58 333 127 74
rect:127 234 47 123 73
rect:122 137 30 33 34
rect:87 430 30 105 34
rect:123 209 69 54 73
rect:374 195 37 51 73
rect:237 379 30 80 34
Chichi1999_24.jpg 0x0
rect:203 126 43 56 46
rect:436 369 1 2 46
rect:252 182 64 65 34
rect:3 272 292 180 74
rect:226 168 171 78 75
Chichi1999_25.jpg 0x0
rect:191 259 215 355 73
rect:153 248 128 168 34
rect:261 253 37 80 26
Chichi1999_26.jpg 0x0
rect:286 22 41 30 73
rect:189 140 44 143 73
rect:291 309 143 269 76
rect:88 552 161 81 27
rect:180 596 95 80 26
rect:110 716 170 131 73
Chichi1999_27.jpg 0x0
rect:155 307 120 369 32
Chichi1999_28.jpg 0x0
rect:14 74 336 109 6
rect:235 94 140 172 75
rect:129 137 177 179 5
rect:264 291 160 150 77
Chichi1999_29.jpg 0x0
rect:173 251 138 148 40
rect:168 191 225 241 48
rect:260 210 91 215 52
Chichi1999_30.jpg 0x0
rect:31 312 127 160 73
rect:159 141 209 82 52
rect:208 205 179 41 78
rect:212 75 243 393 40
Chichi1999_31.jpg 0x0
rect:105 66 134 326 79
rect:498 128 55 241 48
Chichi1999_32.jpg 0x0
rect:170 9 104 299 80
rect:189 82 54 196 81
rect:421 115 47 257 39
rect:132 182 25 112 81
Chichi1999_33.jpg 0x0
rect:280 123 49 113 49
rect:83 81 140 348 33
rect:150 115 90 274 32
rect:330 72 83 290 56
rect:172 152 46 110 49
rect:319 93 90 358 32
Chichi1999_34.jpg 0x0
rect:93 101 415 427 10
Duzce1999_01.jpg 0x0
rect:93 161 74 165 41
rect:96 42 81 283 39
Duzce1999_02.jpg 0x0
rect:58 39 161 473 41
Duzce1999_03.jpg 0x0
rect:90 123 88 193 42
rect:196 97 74 368 31
rect:0 133 141 204 31
Gediz1970_01.jpg 0x0
rect:129 139 329 395 68
rect:174 233 94 358 69
rect:179 440 105 177 69
Guatemala1976_01.jpg 0x0
rect:44 231 50 49 52
rect:57 155 102 84 48
rect:696 209 73 58 41
rect:60 190 47 40 41
rect:479 111 105 100 48
rect:31 108 481 118 82
Guatemala1976_02.jpg 0x0
rect:247 57 111 86 40
rect:236 79 290 220 48
Guatemala1976_03.jpg 0x0
rect:16 79 598 387 75
Guatemala1976_04.jpg 0x0
rect:520 272 124 329 4
rect:139 27 378 53 30
rect:793 127 160 369 4
rect:35 59 490 204 30
Guatemala1976_05.jpg 0x0
rect:267 155 205 149 41
rect:124 147 280 145 40
rect:168 106 454 350 48
Guatemala1976_06.jpg 0x0
rect:133 99 196 392 39
Guatemala1976_07.jpg 0x0
rect:29 209 556 304 10
rect:246 389 118 75 83
rect:29 296 73 63 6
Guatemala1976_08.jpg 0x0
rect:392 79 240 358 40
rect:223 49 448 324 41
rect:159 32 295 448 48
Guatemala1976_09.jpg 0x0
rect:414 242 62 22 85
rect:77 244 34 26 84
rect:404 222 64 78 84
rect:122 184 54 68 85
rect:101 275 26 20 85
rect:526 267 47 50 85
rect:156 204 50 23 84
rect:696 231 59 84 84
Guatemala1976_10.jpg 0x0
rect:224 400 51 117 87
rect:193 115 232 119 87
rect:273 176 269 322 86
Guatemala1976_11.jpg 0x0
rect:205 211 85 295 34
GujaratIndia2001_01.jpg 0x0
rect:343 374 41 56 11
rect:91 560 76 35 2
rect:26 455 225 170 4
rect:145 310 161 82 2
Haiti2010_01.jpg 0x0
rect:243 136 237 242 41
rect:112 56 89 109 7
rect:206 318 35 140 40
rect:431 341 245 177 4
rect:396 261 91 135 4
Haiti2010_02.jpg 0x0
rect:55 120 433 272 88
rect:222 38 138 53 14
Haiti2010_03.jpg 0x0
rect:297 657 46 65 49
rect:269 1 81 673 32
rect:214 776 287 166 89
rect:220 284 248 223 32
Haiti2010_04.jpg 0x0
rect:214 241 294 484 41
rect:2 133 366 168 6
rect:302 47 282 350 34
Haiti2010_05.jpg 0x0
rect:317 160 174 135 52
rect:288 330 25 123 40
rect:304 203 213 510 90
rect:279 215 39 94 40
Haiti2010_06.jpg 0x0
rect:236 307 253 258 91
rect:601 116 62 102 34
rect:575 191 76 201 32
rect:452 138 136 384 33
rect:487 127 641 922 91
rect:559 255 92 32 6
rect:158 258 33 51 34
ImperialValley1979_01.jpg 0x0
rect:394 343 54 47 32
rect:61 265 67 150 50
rect:328 399 39 37 50
rect:395 319 54 42 32
rect:17 320 64 83 49
rect:317 423 55 30 49
rect:514 363 27 26 49
rect:11 229 108 170 32
rect:656 356 18 22 49
rect:248 368 59 61 50
rect:381 330 27 37 32
ImperialValley1979_02.jpg 0x0
rect:311 209 49 181 50
rect:219 96 254 215 32
rect:201 247 223 68 92
rect:185 151 76 179 50
rect:371 156 112 224 50
rect:229 152 139 38 49
ImperialValley1979_03.jpg 0x0
rect:138 290 265 38 92
rect:299 438 111 115 50
rect:105 152 212 178 32
rect:131 241 267 210 32
rect:123 257 85 237 50
rect:142 531 306 35 92
rect:232 230 58 220 50
Izmit1999_01.jpg 0x0
rect:157 239 42 116 27
rect:299 93 61 174 27
rect:244 85 354 237 34
rect:518 201 75 68 26
rect:279 131 48 146 27
Izmit1999_02.jpg 0x0
rect:25 118 855 246 10
Izmit1999_03.jpg 0x0
rect:176 149 44 208 50
rect:257 73 262 472 32
rect:378 117 28 165 50
rect:109 53 375 265 93
rect:517 82 57 387 50
rect:173 94 66 330 50
rect:520 113 48 195 50
rect:127 151 356 28 92
Izmit1999_04.jpg 0x0
rect:95 465 156 155 88
rect:226 54 93 129 48
rect:330 283 73 96 41
rect:62 513 69 62 34
rect:257 84 88 61 41
rect:354 360 25 42 40
rect:137 239 157 61 88
rect:424 458 27 81 40
rect:62 442 48 137 41
rect:66 610 42 106 42
Izmit1999_05.jpg 0x0
rect:72 30 675 418 10
Izmit1999_06.jpg 0x0
rect:349 173 59 161 50
rect:284 228 56 173 50
rect:111 313 65 195 50
rect:126 130 173 333 32
rect:163 186 82 228 50
rect:187 231 137 71 49
Izmit1999_07.jpg 0x0
rect:224 216 45 92 3
rect:224 365 30 95 3
rect:480 58 94 52 6
rect:442 164 90 101 3
rect:16 109 438 517 2
rect:205 159 34 123 3
rect:250 283 82 427 4
Izmit1999_08.jpg 0x0
rect:663 6 129 81 45
rect:135 23 72 123 34
rect:145 389 65 103 45
rect:637 83 78 82 41
rect:512 101 57 39 52
rect:244 187 173 108 88
rect:153 127 89 104 41
Izmit1999_09.jpg 0x0
rect:39 242 43 71 41
rect:516 175 39 59 41
rect:422 338 79 60 41
rect:273 202 44 30 41
rect:262 248 124 104 94
rect:440 203 46 82 94
Izmit1999_10.jpg 0x0
rect:266 632 102 23 78
rect:186 361 137 43 78
rect:87 130 104 165 40
rect:304 114 94 114 40
rect:98 136 255 528 41
rect:391 474 69 134 40
rect:114 199 73 249 40
rect:354 329 53 84 40
rect:81 228 302 72 78
rect:49 189 469 38 78
rect:154 116 57 132 40
Izmit1999_11.jpg 0x0
rect:161 221 73 160 40
rect:153 384 87 195 40
rect:254 426 79 138 41
rect:219 324 90 179 40
rect:150 210 172 210 41
Izmit1999_12.jpg 0x0
rect:59 341 75 70 52
rect:246 115 41 96 45
rect:548 118 77 37 7
rect:605 194 46 80 41
rect:340 26 67 71 34
rect:406 142 207 164 91
rect:20 72 56 31 6
rect:314 335 102 107 94
rect:183 182 77 47 88
rect:588 71 38 101 41
rect:240 128 58 37 6
rect:431 344 60 88 52
rect:86 252 22 35 40
rect:1 175 40 33 41
rect:65 65 42 20 6
rect:41 277 45 124 94
rect:319 136 49 87 42
rect:324 344 64 144 41
Izmit1999_13.jpg 0x0
rect:127 302 96 44 52
rect:145 170 58 57 6
rect:5 104 109 153 42
rect:180 198 40 97 41
rect:319 168 84 178 41
rect:122 284 145 168 94
rect:148 352 36 62 41
rect:205 97 153 449 48
rect:235 108 78 129 41
Izmit1999_14.jpg 0x0
rect:407 41 65 44 95
rect:333 328 46 44 34
rect:321 7 147 88 35
rect:38 135 123 44 34
rect:387 53 59 76 34
rect:421 521 27 18 34
rect:542 223 69 33 34
rect:343 163 101 74 35
rect:207 330 41 39 34
Izmit1999_15.jpg 0x0
rect:138 133 323 408 42
Izmit1999_16.jpg 0x0
rect:101 81 403 606 33
rect:103 49 210 385 39
rect:169 140 197 113 41
rect:161 91 45 74 40
Izmit1999_17.jpg 0x0
rect:113 115 185 202 41
Izmit1999_18.jpg 0x0
rect:187 176 115 231 39
rect:239 130 112 195 41
Izmit1999_19.jpg 0x0
rect:173 97 309 400 96
rect:474 197 20 88 50
rect:217 115 301 193 32
rect:548 129 23 75 50
Kobe1995_01.jpg 0x0
rect:27 166 658 160 63
Kobe1995_02.jpg 0x0
rect:2 56 651 755 68
Kobe1995_03.jpg 0x0
rect:47 56 618 667 10
Kobe1995_04.jpg 0x0
rect:455 287 65 43 41
Kobe1995_05.jpg 0x0
rect:317 129 152 551 40
rect:121 174 151 696 52
rect:45 229 568 102 78
rect:121 439 329 100 78
rect:4 201 106 493 40
Kobe1995_06.jpg 0x0
rect:242 335 238 436 42
rect:48 114 447 349 41
Kobe1995_07.jpg 0x0
rect:234 462 38 43 39
rect:126 239 40 36 39
rect:274 153 30 53 39
rect:471 365 39 49 39
rect:360 337 26 29 39
rect:551 161 43 26 39
rect:170 213 29 33 39
rect:208 101 25 34 39
rect:161 205 26 33 39
rect:241 269 28 26 39
rect:578 441 42 34 39
rect:208 145 34 39 39
rect:305 175 42 49 39
rect:383 223 47 42 39
rect:220 271 31 32 39
rect:237 354 26 22 39
rect:473 326 31 36 39
rect:45 287 48 43 39
rect:50 443 46 33 39
rect:129 242 33 32 39
rect:86 391 41 33 39
rect:311 436 56 40 39
rect:151 403 23 36 39
rect:232 327 30 34 39
rect:322 137 40 52 39
rect:199 264 44 25 39
Kobe1995_08.jpg 0x0
rect:254 62 336 215 97
Kobe1995_09.jpg 0x0
rect:158 577 221 94 97
rect:70 402 88 53 88
rect:73 765 103 68 88
rect:134 341 78 58 88
SanSalvador_1986_01.jpg 0x0
rect:46 3 88 201 68
rect:312 193 84 175 41
SanSalvador_1986_02.jpg 0x0
rect:353 353 29 38 41
rect:164 165 33 42 41
rect:656 181 30 35 42
rect:410 125 28 33 41
rect:386 156 21 30 41
rect:185 180 31 37 41
rect:321 226 45 43 41
rect:181 257 30 28 41
rect:615 232 41 64 41
SikkimIndia2001_01.jpg 0x0
rect:295 190 104 122 34
SikkimIndia2001_02.jpg 0x0
rect:400 183 74 18 16
rect:9 6 324 62 16
rect:-16 2 494 116 33
rect:363 108 122 209 33
rect:11 143 63 54 54
rect:241 204 70 57 16
rect:562 127 89 34 16
rect:210 73 134 263 33
SikkimIndia2001_03.jpg 0x0
rect:171 207 122 179 70
rect:254 11 167 433 98
rect:268 80 83 203 69
SikkimIndia2001_04.jpg 0x0
rect:254 219 127 171 34
rect:3 24 276 242 99
rect:349 191 318 87 99
SumatraInd2009_01.jpg 0x0
rect:362 21 78 369 81
SumatraInd2009_02.jpg 0x0
rect:244 79 125 177 41
WhittierNarrows1987_01.jpg 0x0
rect:17 28 755 445 10
WhittierNarrows1987_02.jpg 0x0
rect:185 251 111 201 41
WhittierNarrows1987_03.jpg 0x0
rect:252 173 109 183 32
WhittierNarrows1987_04.jpg 0x0
rect:226 51 92 191 41
rect:250 8 323 77 6
rect:224 13 277 166 100
YogyakartaInd2006_01.jpg 0x0
rect:355 122 233 74 49
rect:238 -17 445 432 29
rect:287 40 341 219 32
YogyakartaInd2006_02.jpg 0x0
rect:491 81 94 185 70
rect:231 78 184 345 98
rect:233 154 58 225 69
