Anchorage1964_01.jpg 0x0
rect:82 281 170 218 1
rect:101 6 188 170 1
Anchorage1964_02.jpg 0x0
rect:609 199 18 37 3
rect:31 31 172 49 5
rect:187 224 29 63 3
rect:243 273 19 67 3
rect:629 75 101 143 8
rect:150 238 53 19 6
rect:138 124 93 59 7
rect:388 269 32 72 3
rect:243 232 23 41 3
rect:59 44 74 15 6
rect:281 61 69 54 4
rect:370 167 72 71 4
rect:643 344 16 58 3
rect:30 215 121 31 5
rect:310 246 16 53 3
rect:272 205 29 62 3
rect:180 288 240 69 2
rect:87 190 27 23 6
rect:317 25 293 69 4
Anchorage1964_03.jpg 0x0
rect:338 73 322 138 9
rect:2 154 187 99 9
rect:0 360 595 80 10
Anchorage1964_04.jpg 0x0
rect:463 348 37 18 5
rect:218 529 25 26 5
rect:296 386 17 12 5
rect:191 376 14 15 1
rect:205 366 21 28 1
rect:181 613 63 19 2
rect:241 254 20 34 1
rect:150 290 35 15 5
rect:124 366 29 19 5
rect:397 147 27 21 5
rect:151 364 31 21 5
rect:341 344 27 19 5
rect:281 303 30 19 5
rect:277 156 19 17 1
rect:138 27 34 22 5
rect:206 104 25 15 5
rect:308 313 38 21 5
rect:264 183 21 22 8
rect:211 245 27 24 5
rect:360 164 28 19 5
rect:269 453 32 27 5
rect:152 302 35 15 5
rect:247 37 31 22 5
rect:129 176 32 22 5
rect:203 105 20 34 1
rect:363 534 27 32 1
rect:260 322 41 14 5
rect:302 116 23 18 5
rect:290 441 20 17 1
rect:162 110 26 24 5
rect:267 114 15 33 1
rect:356 264 20 16 1
rect:205 44 37 12 5
rect:282 85 22 16 5
rect:228 48 39 14 5
rect:133 103 36 17 5
rect:348 297 21 31 1
rect:327 246 25 22 1
rect:208 344 7 1 1
Anchorage1964_05.jpg 0x0
rect:95 269 27 39 1
rect:465 21 32 49 1
rect:385 100 37 50 1
rect:140 111 132 22 5
rect:61 124 22 42 1
rect:182 54 75 34 5
rect:72 25 23 52 1
rect:550 344 44 88 8
rect:569 128 51 79 1
rect:554 187 42 73 1
rect:71 144 27 59 1
rect:114 98 13 63 1
rect:842 456 33 18 6
rect:32 377 31 54 1
rect:281 188 158 73 2
rect:466 423 51 43 5
rect:53 222 26 31 1
rect:491 236 59 29 5
rect:316 176 37 25 11
rect:593 226 39 27 6
rect:34 402 25 56 1
rect:245 265 17 21 11
rect:163 173 142 30 6
rect:608 205 68 68 1
rect:428 209 44 52 1
rect:227 46 112 50 6
rect:487 286 58 83 8
rect:440 1 44 62 1
rect:82 75 18 43 1
Anchorage1964_06.jpg 0x0
rect:167 210 68 87 11
rect:110 69 148 337 12
rect:164 127 62 358 3
Anchorage1964_07.jpg 0x0
rect:243 123 156 154 11
rect:420 161 60 96 13
rect:8 68 782 367 2
rect:475 246 95 114 11
rect:8 294 405 34 14
rect:13 218 361 43 11
rect:298 117 62 147 3
rect:184 2 115 45 2
rect:326 248 420 193 2
Anchorage1964_08.jpg 0x0
rect:39 78 116 113 1
rect:48 388 91 110 1
rect:380 212 93 102 1
rect:50 209 110 71 1
rect:364 37 86 77 1
rect:260 474 162 120 1
Anchorage1964_09.jpg 0x0
rect:509 26 60 74 8
rect:18 135 23 7 16
rect:84 181 58 88 1
rect:717 109 66 68 1
rect:589 101 103 24 15
rect:17 19 80 15 16
rect:51 180 69 11 16
rect:519 7 296 13 15
rect:384 257 84 82 8
rect:920 149 1 1 16
rect:9 14 520 17 15
rect:94 31 59 75 8
rect:456 197 59 92 1
rect:347 193 58 79 1
rect:80 236 61 49 8
rect:820 8 95 10 16
rect:141 149 287 12 15
rect:817 144 93 13 15
rect:10 165 68 20 15
Anchorage1964_10.jpg 0x0
rect:61 509 209 167 18
rect:198 242 175 93 18
rect:72 161 433 398 1
rect:257 232 121 138 17
Anchorage1964_11.jpg 0x0
rect:385 201 292 39 11
rect:586 8 139 40 1
rect:67 588 688 11 14
rect:676 151 194 91 1
rect:85 558 660 17 14
rect:152 195 423 26 15
rect:100 149 431 82 2
rect:146 72 134 137 4
Anchorage1964_12.jpg 0x0
rect:419 87 37 244 3
rect:390 108 70 152 3
rect:13 62 582 252 2
rect:184 210 33 86 3
rect:284 72 173 192 11
Anchorage1964_13.jpg 0x0
rect:428 454 125 11 19
rect:513 396 33 219 20
rect:368 581 146 19 2
Anchorage1964_14.jpg 0x0
rect:363 480 195 72 23
rect:20 725 30 51 22
rect:179 241 69 73 21
rect:171 759 31 73 22
rect:214 15 128 525 20
rect:379 14 63 155 11
rect:130 656 49 82 22
rect:8 475 264 94 11
rect:358 293 115 63 15
rect:45 759 35 71 22
rect:73 209 160 40 15
rect:425 6 56 131 11
Anchorage1964_15.jpg 0x0
rect:300 133 62 81 25
rect:305 365 90 39 24
rect:503 10 119 77 4
rect:191 318 162 53 15
rect:496 299 115 59 11
rect:221 9 98 46 4
rect:271 114 32 73 11
rect:222 458 260 60 2
rect:146 76 50 489 20
Anchorage1964_16.jpg 0x0
rect:144 250 317 212 11
rect:88 391 74 128 11
rect:16 158 185 163 2
rect:18 287 88 106 2
rect:344 237 172 194 2
rect:210 74 335 103 2
Anchorage1964_17.jpg 0x0
rect:14 150 331 150 9
rect:234 61 219 172 9
rect:11 196 695 159 10
Anchorage1964_18.jpg 0x0
rect:123 153 69 108 4
rect:142 270 16 37 11
rect:178 293 72 33 11
rect:751 321 65 20 2
rect:371 177 109 98 4
rect:591 250 37 15 2
rect:573 207 127 87 4
rect:348 345 65 15 2
rect:420 211 44 51 11
rect:316 269 337 37 15
Anchorage1964_19.jpg 0x0
rect:687 261 42 35 28
rect:339 73 31 23 27
rect:270 96 52 72 29
rect:24 301 43 93 27
rect:526 114 42 35 28
rect:562 191 12 25 26
rect:397 122 19 31 26
rect:394 140 31 28 26
rect:352 109 7 20 26
rect:369 220 15 31 26
rect:6 302 75 186 26
rect:327 70 54 61 26
rect:542 95 17 67 29
rect:878 107 8 7 26
rect:201 300 63 99 26
rect:236 81 74 125 29
rect:513 147 9 14 26
rect:369 303 14 27 26
Anchorage1964_20.jpg 0x0
rect:208 94 142 192 29
rect:275 375 59 155 26
rect:165 98 82 86 26
rect:388 462 54 74 26
rect:244 137 57 43 27
Anchorage1964_21.jpg 0x0
rect:173 166 727 208 30
rect:2 86 52 43 26
rect:47 315 29 28 26
rect:-7 69 61 163 29
Bingol2003_01.jpg 0x0
rect:2 375 1008 272 10
rect:747 288 110 71 33
rect:860 500 83 46 33
rect:773 125 94 59 6
rect:297 79 70 26 6
rect:470 214 183 185 31
rect:537 234 54 159 32
rect:495 278 54 51 6
rect:37 243 82 59 33
rect:175 288 57 93 33
rect:415 459 190 73 6
rect:375 378 119 76 6
rect:287 166 94 67 33
rect:413 93 171 215 31
rect:591 135 54 134 34
rect:603 332 47 77 34
rect:581 299 54 51 6
rect:692 325 119 60 33
rect:515 100 92 52 6
Bingol2003_02.jpg 0x0
rect:196 272 536 666 31
rect:343 356 74 83 6
rect:468 450 104 112 26
rect:94 481 135 273 32
rect:1066 76 136 91 36
rect:428 190 570 150 35
rect:167 107 485 152 34
rect:229 317 73 460 32
Bingol2003_03.jpg 0x0
rect:477 248 232 773 4
rect:107 22 173 33 2
rect:429 123 455 149 2
rect:531 255 234 73 11
rect:117 53 87 112 33
rect:604 -6 199 269 4
rect:910 513 217 374 2
Bingol2003_04.jpg 0x0
rect:234 645 41 66 3
rect:362 689 110 73 2
rect:74 760 69 95 2
rect:200 338 205 230 4
rect:134 326 203 183 2
rect:116 788 40 79 3
rect:93 616 30 57 3
rect:190 500 37 151 3
CanterburyNZSeries2010_01.jpg 0x0
rect:124 100 121 380 12
CanterburyNZSeries2010_02.jpg 0x0
rect:48 9 173 272 37
rect:64 53 121 287 6
CanterburyNZSeries2010_03.jpg 0x0
rect:31 81 429 163 38
CanterburyNZSeries2010_04.jpg 0x0
rect:156 361 176 260 39
rect:306 372 19 78 40
rect:263 7 119 224 42
rect:322 475 30 115 40
rect:310 507 27 70 40
rect:423 359 17 60 40
rect:218 514 84 249 41
rect:252 399 56 125 40
CanterburyNZSeries2010_05.jpg 0x0
rect:239 404 170 358 4
rect:398 211 180 97 15
CanterburyNZSeries2010_06.jpg 0x0
rect:72 117 796 627 4
rect:321 266 260 93 2
CanterburyNZSeries2010_08.jpg 0x0
rect:726 495 74 116 44
rect:772 535 35 115 32
rect:349 165 164 284 43
rect:581 300 82 89 44
CanterburyNZSeries2010_09.jpg 0x0
rect:223 378 170 380 39
rect:236 97 193 271 45
CanterburyNZSeries2010_10.jpg 0x0
rect:278 277 288 285 6
rect:296 336 222 82 46
rect:260 160 236 97 7
rect:240 348 242 111 6
CanterburyNZSeries2010_11.jpg 0x0
rect:296 243 346 254 5
rect:322 266 243 164 7
CanterburyNZSeries2010_12.jpg 0x0
rect:734 603 181 81 11
rect:6 238 780 402 47
rect:188 390 132 47 11
rect:56 408 660 355 2
CanterburyNZSeries2010_13.jpg 0x0
rect:371 215 128 456 11
rect:110 20 403 919 12
Caracas1967_01.jpg 0x0
rect:374 199 11 69 48
rect:213 141 46 87 48
rect:433 70 182 348 48
rect:436 142 66 126 48
Caracas1967_02.jpg 0x0
rect:201 143 203 258 51
rect:138 266 59 76 49
rect:303 1 96 156 15
rect:98 295 43 38 50
Caracas1967_03.jpg 0x0
rect:265 83 61 95 14
rect:14 255 251 100 6
rect:278 458 23 58 27
rect:445 348 29 94 27
rect:262 308 84 128 34
rect:375 358 82 88 26
Caracas1967_04.jpg 0x0
rect:100 264 47 125 26
rect:174 344 148 142 34
rect:101 333 22 116 27
Caracas1967_05.jpg 0x0
rect:176 430 38 273 40
rect:383 237 42 200 40
rect:43 145 259 421 41
rect:311 313 150 113 52
rect:244 294 69 281 40
rect:322 186 53 184 40
rect:49 236 57 195 40
rect:89 252 222 236 52
rect:193 247 47 285 40
rect:26 99 303 505 48
Caracas1967_06.jpg 0x0
rect:448 285 57 58 6
rect:326 126 360 231 7
Caracas1967_07.jpg 0x0
rect:177 136 57 268 27
rect:397 8 110 203 34
rect:282 56 24 274 27
rect:347 267 108 136 53
rect:524 537 110 67 53
rect:402 299 100 264 34
rect:155 128 157 201 34
Caracas1967_08.jpg 0x0
rect:199 292 50 93 54
rect:485 192 101 130 54
rect:238 281 93 85 55
Caracas1967_09.jpg 0x0
rect:106 230 71 63 48
rect:503 10 269 139 48
rect:34 222 57 55 48
rect:134 140 92 57 48
Caracas1967_10.jpg 0x0
rect:53 166 261 449 41
rect:15 120 465 533 48
rect:375 172 99 205 40
rect:341 436 75 145 40
Caracas1967_11.jpg 0x0
rect:76 282 185 524 41
rect:47 12 313 900 48
rect:381 17 159 226 41
Caracas1967_12.jpg 0x0
rect:866 419 29 51 32
rect:365 314 28 55 34
rect:180 282 34 58 56
rect:603 199 23 45 32
Caracas1967_13.jpg 0x0
rect:171 479 165 300 55
Caracas1967_14.jpg 0x0
rect:106 113 486 195 57
rect:142 233 368 54 6
Chichi1999_01.jpg 0x0
rect:5 7 614 215 58
rect:424 97 37 216 42
Chichi1999_02.jpg 0x0
rect:5 105 396 212 58
rect:392 81 147 454 59
Chichi1999_03.jpg 0x0
rect:0 113 700 124 58
rect:56 122 53 135 60
Chichi1999_04.jpg 0x0
rect:244 240 35 63 52
rect:153 -15 65 122 48
rect:157 190 101 286 48
Chichi1999_05.jpg 0x0
rect:333 142 51 42 41
rect:455 216 33 64 52
rect:292 120 119 293 48
rect:342 310 37 36 41
Chichi1999_06.jpg 0x0
rect:719 181 40 60 41
rect:330 200 27 29 52
rect:401 141 76 86 62
rect:340 154 54 115 48
rect:174 14 525 180 10
rect:518 -10 66 75 61
Chichi1999_07.jpg 0x0
rect:47 255 758 155 63
rect:530 294 48 114 48
rect:418 222 54 165 48
rect:568 255 14 18 64
rect:146 179 34 140 48
rect:468 272 32 46 64
rect:159 183 18 58 64
Chichi1999_08.jpg 0x0
rect:81 11 607 473 10
Chichi1999_09.jpg 0x0
rect:324 129 54 58 40
rect:184 65 190 174 48
rect:263 82 31 93 40
rect:250 72 98 113 41
Chichi1999_10.jpg 0x0
rect:220 17 732 524 10
Chichi1999_11.jpg 0x0
rect:153 284 79 123 65
rect:2 97 139 669 10
Chichi1999_12.jpg 0x0
rect:9 22 432 666 66
Chichi1999_13.jpg 0x0
rect:27 47 734 499 10
Chichi1999_14.jpg 0x0
rect:253 588 44 65 67
rect:186 183 21 29 67
rect:87 366 53 84 67
rect:132 492 32 48 67
rect:84 657 53 46 67
rect:297 632 25 37 39
rect:89 454 44 41 67
rect:214 374 24 73 67
rect:357 301 38 41 39
rect:179 368 23 51 67
rect:99 282 63 47 67
rect:110 245 60 37 67
rect:326 383 83 81 67
rect:286 302 24 28 39
rect:202 522 38 48 67
rect:119 232 38 50 67
rect:393 258 34 47 39
Chichi1999_15.jpg 0x0
rect:180 35 263 389 41
Chichi1999_16.jpg 0x0
rect:162 132 70 105 32
Chichi1999_17.jpg 0x0
rect:114 438 31 46 32
Chichi1999_18.jpg 0x0
rect:338 324 39 118 70
rect:187 171 22 104 69
rect:314 296 34 112 69
rect:334 283 25 161 69
rect:154 197 177 340 68
rect:208 195 40 111 69
Chichi1999_19.jpg 0x0
rect:218 125 217 283 3
rect:181 16 220 434 2
YogyakartaInd2006_03.jpg 0x0
rect:288 231 258 176 71
rect:464 52 140 74 15
rect:291 26 67 2 15
rect:279 138 69 26 15
rect:379 58 81 42 16
rect:274 178 24 8 16
rect:248 376 69 29 16
rect:195 324 299 28 15
Chichi1999_20.jpg 0x0
rect:317 520 48 235 41
rect:127 204 74 311 42
Chichi1999_21.jpg 0x0
rect:180 102 251 314 72
rect:459 5 172 142 57
rect:15 4 230 117 30
rect:142 279 178 117 37
rect:327 211 120 151 6
rect:304 128 132 122 6
rect:67 484 122 147 5
rect:332 37 263 186 37
Chichi1999_22.jpg 0x0
rect:341 321 20 24 73
rect:251 117 387 134 10
rect:277 181 20 22 73
rect:252 314 14 27 73
Chichi1999_23.jpg 0x0
rect:227 204 44 66 73
rect:114 213 31 22 34
rect:309 299 82 133 73
rect:148 443 53 108 34
rect:384 182 23 27 26
rect:338 132 31 32 27
rect:3 50 468 227 74
rect:146 201 60 46 73
rect:209 328 27 90 34
rect:84 343 39 125 73
Chichi1999_24.jpg 0x0
rect:160 200 41 77 46
rect:3 353 360 145 74
rect:229 319 84 52 34
rect:295 433 1 2 46
rect:225 208 145 70 75
Chichi1999_25.jpg 0x0
rect:114 247 134 400 73
rect:180 227 133 192 34
rect:175 247 37 84 26
Chichi1999_26.jpg 0x0
rect:266 300 101 305 76
rect:152 428 60 77 26
rect:153 439 154 105 73
rect:184 165 52 109 73
rect:94 559 106 125 27
rect:229 19 40 36 73
Chichi1999_27.jpg 0x0
rect:152 247 108 451 32
Chichi1999_28.jpg 0x0
rect:265 124 189 170 75
rect:318 320 290 102 77
rect:172 95 128 199 5
rect:15 58 248 146 6
Chichi1999_29.jpg 0x0
rect:110 211 216 201 48
rect:225 170 89 216 40
rect:153 297 99 163 52
Chichi1999_30.jpg 0x0
rect:28 290 133 150 73
rect:256 262 222 48 78
rect:208 96 252 72 52
rect:148 95 216 339 40
Chichi1999_31.jpg 0x0
rect:518 88 35 228 48
rect:155 105 163 205 79
Chichi1999_32.jpg 0x0
rect:474 153 46 136 39
rect:157 60 47 146 81
rect:126 227 31 103 81
rect:149 8 78 337 80
Chichi1999_33.jpg 0x0
rect:60 87 121 357 33
rect:159 205 57 92 49
rect:326 158 51 87 49
rect:170 97 78 181 32
rect:256 114 70 319 56
rect:189 104 155 307 32
Chichi1999_34.jpg 0x0
rect:157 85 287 384 10
Duzce1999_01.jpg 0x0
rect:164 55 114 385 39
rect:116 167 114 102 41
Duzce1999_02.jpg 0x0
rect:96 37 150 410 41
Duzce1999_03.jpg 0x0
rect:276 149 106 336 31
rect:0 197 127 187 31
rect:91 90 121 303 42
Gediz1970_01.jpg 0x0
rect:271 422 86 249 69
rect:138 333 87 259 69
rect:164 81 227 570 68
Guatemala1976_01.jpg 0x0
rect:413 220 69 95 41
rect:59 162 76 56 52
rect:30 185 132 99 48
rect:30 150 501 133 82
rect:54 232 32 43 41
rect:536 182 182 143 48
Guatemala1976_02.jpg 0x0
rect:215 52 114 128 40
rect:177 75 265 247 48
Guatemala1976_03.jpg 0x0
rect:17 110 927 408 75
Guatemala1976_04.jpg 0x0
rect:489 174 142 424 4
rect:519 226 76 318 4
rect:37 90 614 255 30
rect:160 22 322 101 30
Guatemala1976_05.jpg 0x0
rect:131 88 310 262 48
rect:118 155 244 178 40
rect:206 203 396 96 41
Guatemala1976_06.jpg 0x0
rect:128 85 155 337 39
Guatemala1976_07.jpg 0x0
rect:253 683 162 92 83
rect:17 310 361 449 10
rect:23 289 64 51 6
Guatemala1976_08.jpg 0x0
rect:154 62 336 292 41
rect:365 54 123 217 40
rect:156 33 320 418 48
Guatemala1976_09.jpg 0x0
rect:142 299 39 50 85
rect:202 262 41 27 84
rect:390 335 47 78 84
rect:300 280 61 37 85
rect:91 342 40 20 84
rect:485 348 69 89 84
rect:457 295 63 49 85
rect:73 228 35 31 85
Guatemala1976_10.jpg 0x0
rect:234 454 43 100 87
rect:249 162 167 175 87
rect:260 177 273 355 86
Guatemala1976_11.jpg 0x0
rect:157 298 101 280 34
GujaratIndia2001_01.jpg 0x0
rect:175 570 292 71 2
rect:87 439 76 45 2
rect:299 579 76 56 11
rect:23 421 203 148 4
Haiti2010_01.jpg 0x0
rect:374 511 173 159 4
rect:306 148 152 259 41
rect:259 193 26 121 40
rect:632 221 104 94 4
rect:95 43 140 140 7
Haiti2010_02.jpg 0x0
rect:42 125 503 238 88
rect:247 39 176 61 14
Haiti2010_03.jpg 0x0
rect:203 275 228 210 32
rect:291 795 244 254 89
rect:181 392 68 55 49
rect:308 1 75 775 32
Haiti2010_04.jpg 0x0
rect:165 48 293 280 34
rect:2 142 297 189 6
rect:115 260 212 438 41
Haiti2010_05.jpg 0x0
rect:223 195 258 550 90
rect:409 169 28 66 40
rect:287 208 195 117 52
rect:256 193 32 71 40
Haiti2010_06.jpg 0x0
rect:646 203 88 84 34
rect:262 288 365 384 91
rect:192 261 33 54 34
rect:515 155 595 543 91
rect:548 229 90 177 32
rect:458 249 82 36 6
rect:387 148 145 439 33
ImperialValley1979_01.jpg 0x0
rect:585 274 28 23 32
rect:45 306 104 116 50
rect:400 242 21 12 49
rect:438 295 41 29 49
rect:226 252 60 58 50
rect:571 384 20 21 49
rect:346 249 21 29 50
rect:9 397 103 108 32
rect:375 256 45 51 32
rect:350 319 31 36 32
rect:11 397 77 85 49
ImperialValley1979_02.jpg 0x0
rect:238 112 89 265 50
rect:335 162 75 146 50
rect:198 212 380 46 92
rect:257 178 123 34 49
rect:238 199 53 125 50
rect:267 89 249 203 32
ImperialValley1979_03.jpg 0x0
rect:124 284 287 25 92
rect:151 256 217 145 32
rect:110 286 281 246 32
rect:253 295 73 178 50
rect:114 222 100 164 50
rect:103 533 289 40 92
rect:230 268 118 128 50
Izmit1999_01.jpg 0x0
rect:362 120 66 205 27
rect:202 297 44 110 27
rect:179 87 35 172 27
rect:514 284 74 63 26
rect:251 57 404 241 34
Izmit1999_02.jpg 0x0
rect:26 143 669 205 10
Izmit1999_03.jpg 0x0
rect:132 70 51 302 50
rect:192 35 300 492 93
rect:341 113 36 225 50
rect:459 69 40 254 50
rect:256 61 209 402 32
rect:254 143 40 142 50
rect:190 173 246 30 92
rect:329 92 72 317 50
Izmit1999_04.jpg 0x0
rect:321 287 22 66 40
rect:357 70 66 67 48
rect:68 429 64 71 34
rect:302 296 25 73 40
rect:77 568 194 168 88
rect:313 399 101 80 41
rect:379 62 63 78 41
rect:186 211 164 89 88
rect:78 538 62 137 41
rect:81 349 45 112 42
Izmit1999_05.jpg 0x0
rect:108 21 558 411 10
Izmit1999_06.jpg 0x0
rect:131 141 276 447 32
rect:193 290 159 81 49
rect:73 178 59 153 50
rect:231 350 56 187 50
rect:193 242 72 284 50
rect:376 264 50 154 50
Izmit1999_07.jpg 0x0
rect:23 116 478 599 2
rect:145 371 50 104 3
rect:374 104 78 97 3
rect:332 233 32 143 3
rect:419 261 81 449 4
rect:462 77 173 57 6
rect:160 177 63 93 3
Izmit1999_08.jpg 0x0
rect:186 289 149 78 88
rect:484 68 57 30 52
rect:433 74 68 101 41
rect:141 131 108 63 41
rect:135 375 84 72 45
rect:669 5 134 66 45
rect:134 27 84 125 34
Izmit1999_09.jpg 0x0
rect:467 322 49 64 41
rect:647 290 41 90 94
rect:277 199 112 96 41
rect:332 151 50 30 41
rect:42 251 56 52 41
rect:441 317 92 114 94
Izmit1999_10.jpg 0x0
rect:385 608 131 136 40
rect:284 327 66 61 40
rect:46 291 386 43 78
rect:284 96 90 103 40
rect:377 487 53 37 78
rect:73 181 302 565 41
rect:125 190 101 207 40
rect:286 116 56 143 40
rect:82 337 236 83 78
rect:234 462 164 26 78
rect:76 101 75 173 40
Izmit1999_11.jpg 0x0
rect:186 211 122 126 41
rect:179 233 76 197 40
rect:236 227 101 230 40
rect:214 309 153 170 41
rect:212 246 86 196 40
Izmit1999_12.jpg 0x0
rect:342 305 45 83 52
rect:255 97 61 88 45
rect:286 165 59 49 7
rect:1 229 32 46 41
rect:552 86 44 71 41
rect:22 61 34 20 6
rect:379 366 76 138 41
rect:599 248 46 69 41
rect:49 224 48 76 94
rect:122 215 104 72 88
rect:87 203 31 57 40
rect:390 216 189 228 91
rect:531 35 80 48 34
rect:60 293 80 73 52
rect:346 207 44 89 42
rect:82 58 27 24 6
rect:239 165 54 30 6
rect:397 277 118 164 94
Izmit1999_13.jpg 0x0
rect:147 113 61 43 6
rect:476 172 100 187 41
rect:4 68 112 143 42
rect:288 74 167 351 48
rect:300 73 62 83 41
rect:161 319 35 129 41
rect:175 256 40 64 41
rect:150 221 94 60 52
rect:135 227 106 113 94
Izmit1999_14.jpg 0x0
rect:39 131 109 79 34
rect:292 123 110 80 35
rect:370 41 70 61 95
rect:201 423 47 32 34
rect:440 253 67 49 34
rect:415 6 126 60 35
rect:373 247 51 47 34
rect:541 57 69 95 34
rect:278 517 36 20 34
Izmit1999_15.jpg 0x0
rect:104 219 247 426 42
Izmit1999_16.jpg 0x0
rect:92 67 194 345 39
rect:102 77 280 462 33
rect:148 126 203 174 41
rect:271 102 36 96 40
Izmit1999_17.jpg 0x0
rect:83 155 182 258 41
Izmit1999_18.jpg 0x0
rect:212 180 116 162 41
rect:179 143 128 285 39
Izmit1999_19.jpg 0x0
rect:318 123 36 74 50
rect:472 116 22 60 50
rect:284 110 275 424 96
rect:168 119 310 160 32
Kobe1995_01.jpg 0x0
rect:28 121 934 139 63
Kobe1995_02.jpg 0x0
rect:2 50 544 621 68
Kobe1995_03.jpg 0x0
rect:36 65 522 730 10
Kobe1995_04.jpg 0x0
rect:419 304 56 52 41
Kobe1995_05.jpg 0x0
rect:5 219 151 433 40
rect:68 499 322 109 78
rect:51 236 449 53 78
rect:368 195 114 424 40
rect:124 197 251 656 52
Kobe1995_06.jpg 0x0
rect:222 445 335 358 42
rect:66 133 547 332 41
Kobe1995_07.jpg 0x0
rect:203 152 36 59 39
rect:143 236 34 37 39
rect:241 108 18 27 39
rect:390 205 35 26 39
rect:391 365 35 45 39
rect:294 189 54 47 39
rect:215 99 35 36 39
rect:364 331 29 37 39
rect:394 471 36 53 39
rect:49 328 45 53 39
rect:402 238 37 26 39
rect:173 182 41 44 39
rect:240 447 26 49 39
rect:276 176 55 48 39
rect:194 301 32 26 39
rect:94 330 26 34 39
rect:480 285 25 43 39
rect:263 542 48 38 39
rect:208 204 32 32 39
rect:43 294 40 32 39
rect:161 373 33 48 39
rect:524 101 43 25 39
rect:341 193 45 36 39
rect:290 241 46 38 39
rect:202 215 51 46 39
rect:90 220 27 42 39
Kobe1995_08.jpg 0x0
rect:352 60 594 189 97
Kobe1995_09.jpg 0x0
rect:248 603 198 69 97
rect:85 396 62 68 88
rect:99 525 56 77 88
rect:98 554 86 47 88
SanSalvador_1986_01.jpg 0x0
rect:225 189 139 201 41
rect:69 3 135 199 68
SanSalvador_1986_02.jpg 0x0
rect:294 191 24 46 41
rect:353 176 24 36 41
rect:158 288 38 40 41
rect:431 148 15 27 41
rect:212 260 41 29 41
rect:357 247 47 33 41
rect:547 209 44 44 42
rect:241 215 35 38 41
rect:182 193 30 40 41
SikkimIndia2001_01.jpg 0x0
rect:297 131 158 152 34
SikkimIndia2001_02.jpg 0x0
rect:10 114 57 46 54
rect:325 166 66 54 16
rect:392 132 109 168 33
rect:582 139 117 30 16
rect:-19 2 408 116 33
rect:557 233 79 18 16
rect:176 78 241 273 33
rect:8 6 357 82 16
SikkimIndia2001_03.jpg 0x0
rect:208 11 207 412 98
rect:262 173 86 156 70
rect:269 68 71 146 69
SikkimIndia2001_04.jpg 0x0
rect:265 179 95 126 34
rect:381 204 336 124 99
rect:3 34 284 183 99
SumatraInd2009_01.jpg 0x0
rect:285 30 61 398 81
SumatraInd2009_02.jpg 0x0
rect:237 106 172 221 41
WhittierNarrows1987_01.jpg 0x0
rect:17 26 1022 305 10
WhittierNarrows1987_02.jpg 0x0
rect:201 233 122 224 41
WhittierNarrows1987_03.jpg 0x0
rect:319 98 200 298 32
WhittierNarrows1987_04.jpg 0x0
rect:250 10 199 146 100
rect:156 9 265 74 6
rect:279 40 95 267 41
YogyakartaInd2006_01.jpg 0x0
rect:175 33 282 326 32
rect:189 -29 326 545 29
rect:311 97 358 53 49
YogyakartaInd2006_02.jpg 0x0
rect:445 117 76 186 70
rect:336 112 49 263 69
rect:428 74 142 540 98
