Anchorage1964_01.jpg 0x0
rect:106 265 294 235 1
rect:93 8 238 142 1
Anchorage1964_02.jpg 0x0
rect:121 223 23 17 6
rect:155 85 85 76 4
rect:482 86 160 141 8
rect:386 215 61 58 4
rect:190 205 96 65 7
rect:41 198 145 54 5
rect:228 280 341 123 2
rect:79 31 85 14 6
rect:239 320 32 83 3
rect:452 319 24 61 3
rect:579 285 25 45 3
rect:610 269 15 41 3
rect:216 37 270 83 4
rect:306 326 20 41 3
rect:97 153 42 15 6
rect:515 191 12 60 3
rect:32 28 109 42 5
rect:469 279 25 43 3
rect:330 196 19 65 3
Anchorage1964_03.jpg 0x0
rect:2 278 217 60 9
rect:210 70 443 220 9
rect:0 323 690 68 10
Anchorage1964_04.jpg 0x0
rect:148 306 34 15 5
rect:243 130 28 20 5
rect:186 342 25 23 5
rect:190 239 35 24 5
rect:390 324 23 22 5
rect:125 375 39 12 5
rect:421 26 37 19 5
rect:201 362 19 19 1
rect:338 414 12 26 1
rect:436 52 42 12 5
rect:113 28 28 17 5
rect:169 217 26 30 8
rect:271 355 29 16 5
rect:422 455 26 25 5
rect:331 307 35 25 5
rect:364 362 28 25 5
rect:197 525 25 34 1
rect:336 233 23 24 1
rect:325 392 21 19 1
rect:177 179 32 17 5
rect:117 418 44 19 5
rect:286 111 32 18 5
rect:357 229 15 25 1
rect:173 510 61 13 2
rect:307 110 27 18 5
rect:369 223 21 36 1
rect:264 96 17 38 1
rect:282 443 22 17 5
rect:380 307 8 1 1
rect:221 290 37 16 5
rect:208 92 32 23 5
rect:131 136 31 14 5
rect:204 398 22 26 1
rect:348 115 15 32 1
rect:127 199 24 18 5
rect:166 74 41 16 5
rect:306 201 21 24 1
rect:353 331 42 13 5
rect:446 165 24 16 5
Anchorage1964_05.jpg 0x0
rect:138 194 118 54 6
rect:661 354 59 91 8
rect:180 46 101 51 6
rect:255 34 93 30 5
rect:629 75 37 46 1
rect:357 211 48 63 1
rect:314 1 47 58 1
rect:280 225 25 25 11
rect:43 158 19 40 1
rect:722 374 51 27 5
rect:346 292 31 17 11
rect:451 216 40 62 8
rect:44 235 20 48 1
rect:81 347 16 38 1
rect:350 226 67 76 1
rect:456 103 46 60 1
rect:702 216 43 41 5
rect:66 143 22 34 1
rect:338 28 45 57 1
rect:43 425 24 67 1
rect:442 257 45 66 1
rect:392 158 139 62 2
rect:77 92 17 46 1
rect:91 24 16 49 1
rect:779 436 60 15 6
rect:57 218 16 39 1
rect:210 158 112 17 5
rect:482 294 33 25 6
rect:52 70 25 46 1
Anchorage1964_06.jpg 0x0
rect:186 183 60 103 11
rect:136 134 106 387 3
rect:122 75 243 364 12
Anchorage1964_07.jpg 0x0
rect:8 62 715 455 2
rect:177 2 93 71 2
rect:473 236 399 248 2
rect:381 172 48 86 13
rect:19 269 307 34 11
rect:8 333 476 31 14
rect:352 97 115 133 11
rect:229 105 55 131 3
rect:498 261 83 88 11
Anchorage1964_08.jpg 0x0
rect:243 25 89 129 1
rect:378 282 109 135 1
rect:364 362 161 96 1
rect:67 220 122 91 1
rect:46 405 92 163 1
rect:54 71 134 80 1
Anchorage1964_09.jpg 0x0
rect:601 148 129 16 15
rect:438 363 85 77 8
rect:16 155 113 25 15
rect:65 188 69 10 16
rect:127 134 53 77 1
rect:441 12 71 10 16
rect:11 14 454 16 15
rect:474 127 79 52 1
rect:540 6 355 13 15
rect:15 147 21 10 16
rect:220 203 67 46 1
rect:589 117 102 21 15
rect:414 42 102 83 8
rect:14 21 52 11 16
rect:732 137 1 1 16
rect:425 139 63 92 1
rect:85 203 93 86 8
rect:81 35 71 62 8
rect:191 179 251 12 15
Anchorage1964_10.jpg 0x0
rect:75 522 355 121 18
rect:254 261 85 123 17
rect:64 253 384 372 1
rect:187 180 227 66 18
Anchorage1964_11.jpg 0x0
rect:96 327 666 14 14
rect:254 208 397 26 15
rect:488 7 107 44 1
rect:154 78 197 98 4
rect:474 98 127 119 1
rect:88 187 692 94 2
rect:356 279 370 27 11
rect:91 333 806 12 14
Anchorage1964_12.jpg 0x0
rect:454 85 178 196 11
rect:13 67 413 336 2
rect:182 165 28 90 3
rect:270 102 66 187 3
rect:488 100 52 165 3
Anchorage1964_13.jpg 0x0
rect:476 412 99 14 19
rect:395 287 38 131 20
rect:412 443 136 28 2
Anchorage1964_14.jpg 0x0
rect:412 7 104 158 11
rect:134 689 42 52 22
rect:262 284 76 108 21
rect:455 292 183 71 15
rect:249 14 94 571 20
rect:86 182 168 35 15
rect:368 474 185 73 23
rect:126 414 34 70 22
rect:21 437 28 64 22
rect:8 552 174 94 11
rect:218 13 67 298 11
rect:57 522 42 67 22
Anchorage1964_15.jpg 0x0
rect:215 143 61 93 25
rect:451 358 130 36 24
rect:192 97 73 332 20
rect:291 533 302 47 2
rect:373 240 116 51 11
rect:352 9 68 63 4
rect:301 255 156 43 15
rect:146 99 33 55 11
rect:542 11 77 73 4
Anchorage1964_16.jpg 0x0
rect:14 158 224 199 2
rect:369 248 170 233 2
rect:168 294 353 225 11
rect:79 299 64 126 11
rect:232 93 278 162 2
rect:12 246 56 74 2
Anchorage1964_17.jpg 0x0
rect:14 87 343 107 9
rect:7 261 661 169 10
rect:261 66 279 170 9
Anchorage1964_18.jpg 0x0
rect:102 331 54 59 11
rect:123 212 84 125 4
rect:545 130 91 93 4
rect:136 226 15 52 11
rect:502 138 79 70 4
rect:715 273 49 17 2
rect:447 338 78 15 2
rect:552 322 37 26 2
rect:340 347 245 21 15
rect:271 299 24 69 11
Anchorage1964_19.jpg 0x0
rect:819 181 6 7 26
rect:242 115 49 57 26
rect:6 212 67 160 26
rect:220 80 57 163 29
rect:426 180 22 43 26
rect:457 145 17 45 26
rect:513 168 7 15 26
rect:574 192 25 42 28
rect:622 181 7 14 26
rect:652 123 39 31 28
rect:332 283 15 26 26
rect:21 352 34 105 27
rect:476 108 49 61 29
rect:211 267 56 99 26
rect:283 88 23 32 26
rect:508 114 25 65 29
rect:400 213 10 17 26
rect:419 78 27 31 27
Anchorage1964_20.jpg 0x0
rect:201 78 102 105 29
rect:483 524 42 87 26
rect:249 135 88 63 27
rect:294 370 90 124 26
rect:231 76 114 78 26
Anchorage1964_21.jpg 0x0
rect:160 219 781 125 30
rect:62 267 33 24 26
rect:2 102 36 49 26
rect:-6 73 109 156 29
Bingol2003_01.jpg 0x0
rect:668 78 101 66 6
rect:502 277 59 45 34
rect:372 255 41 52 6
rect:2 247 659 271 10
rect:939 395 94 32 33
rect:430 379 125 87 6
rect:827 122 119 87 6
rect:623 289 69 52 6
rect:868 238 107 70 33
rect:405 403 40 144 32
rect:658 90 203 208 31
rect:306 142 70 75 33
rect:584 215 51 90 34
rect:358 369 111 65 6
rect:36 227 52 62 33
rect:182 87 77 25 6
rect:148 189 83 77 33
rect:777 242 117 72 33
rect:620 201 219 128 31
Bingol2003_02.jpg 0x0
rect:449 283 130 94 26
rect:393 282 395 121 35
rect:137 655 110 188 32
rect:208 218 91 389 32
rect:186 121 522 209 34
rect:645 64 124 68 36
rect:314 183 778 400 31
rect:440 445 71 107 6
Bingol2003_03.jpg 0x0
rect:102 26 125 35 2
rect:356 181 173 74 11
rect:740 -9 214 158 4
rect:752 285 241 686 4
rect:847 537 183 287 2
rect:142 39 151 143 33
rect:298 164 336 169 2
Bingol2003_04.jpg 0x0
rect:334 508 82 76 2
rect:250 566 31 110 3
rect:346 206 184 171 4
rect:154 310 314 153 2
rect:103 542 25 57 3
rect:51 756 81 107 2
rect:316 482 51 146 3
rect:150 715 39 58 3
CanterburyNZSeries2010_01.jpg 0x0
rect:118 90 113 376 12
CanterburyNZSeries2010_02.jpg 0x0
rect:48 59 163 199 6
rect:37 8 167 260 37
CanterburyNZSeries2010_03.jpg 0x0
rect:53 55 362 111 38
CanterburyNZSeries2010_04.jpg 0x0
rect:278 479 21 41 40
rect:346 411 35 113 40
rect:291 308 30 83 40
rect:292 443 35 127 40
rect:268 10 130 224 42
rect:258 518 76 198 41
rect:171 265 236 372 39
rect:426 401 14 74 40
CanterburyNZSeries2010_05.jpg 0x0
rect:319 247 170 400 4
rect:237 194 147 144 15
CanterburyNZSeries2010_06.jpg 0x0
rect:59 93 630 688 4
rect:274 201 314 125 2
CanterburyNZSeries2010_08.jpg 0x0
rect:798 529 40 224 32
rect:808 335 134 116 44
rect:958 407 45 174 44
rect:421 145 227 240 43
CanterburyNZSeries2010_09.jpg 0x0
rect:282 370 171 308 39
rect:171 149 162 218 45
CanterburyNZSeries2010_10.jpg 0x0
rect:283 529 293 110 6
rect:320 340 209 72 46
rect:279 216 260 83 7
rect:201 255 327 182 6
CanterburyNZSeries2010_11.jpg 0x0
rect:424 226 294 93 7
rect:265 348 264 220 5
CanterburyNZSeries2010_12.jpg 0x0
rect:381 509 137 66 11
rect:146 534 177 38 11
rect:47 336 726 345 2
rect:6 302 981 487 47
CanterburyNZSeries2010_13.jpg 0x0
rect:112 16 412 547 12
rect:366 183 115 614 11
Caracas1967_01.jpg 0x0
rect:444 88 148 325 48
rect:204 193 8 74 48
rect:233 123 56 108 48
rect:300 235 50 84 48
Caracas1967_02.jpg 0x0
rect:213 235 258 289 51
rect:227 1 122 171 15
rect:143 376 39 74 49
rect:160 304 49 27 50
Caracas1967_03.jpg 0x0
rect:247 424 48 60 26
rect:415 275 23 103 27
rect:16 372 291 77 6
rect:302 410 33 67 27
rect:178 386 97 148 34
rect:291 57 61 121 14
Caracas1967_04.jpg 0x0
rect:173 438 43 133 26
rect:151 254 14 84 27
rect:129 295 222 133 34
Caracas1967_05.jpg 0x0
rect:403 165 43 180 40
rect:31 121 504 813 48
rect:41 158 353 340 41
rect:71 351 159 160 52
rect:318 192 44 263 40
rect:112 391 41 216 40
rect:308 209 174 135 52
rect:290 272 55 180 40
rect:155 269 54 162 40
rect:72 415 86 337 40
Caracas1967_06.jpg 0x0
rect:371 293 84 49 6
rect:297 95 274 248 7
Caracas1967_07.jpg 0x0
rect:515 332 122 84 53
rect:522 315 105 283 34
rect:148 93 133 207 34
rect:499 398 89 138 53
rect:305 8 84 273 34
rect:238 112 50 162 27
rect:392 54 36 159 27
Caracas1967_08.jpg 0x0
rect:265 261 90 77 55
rect:243 331 84 124 54
rect:326 172 89 107 54
Caracas1967_09.jpg 0x0
rect:19 316 40 64 48
rect:195 209 73 68 48
rect:344 10 291 173 48
rect:104 244 56 52 48
Caracas1967_10.jpg 0x0
rect:39 248 202 316 41
rect:15 210 587 433 48
rect:261 271 68 223 40
rect:338 287 94 206 40
Caracas1967_11.jpg 0x0
rect:39 18 403 848 48
rect:319 14 194 252 41
rect:43 256 274 407 41
Caracas1967_12.jpg 0x0
rect:239 343 28 55 56
rect:426 310 36 56 34
rect:705 351 22 41 32
rect:722 221 23 51 32
Caracas1967_13.jpg 0x0
rect:185 479 158 241 55
Caracas1967_14.jpg 0x0
rect:136 282 267 34 6
rect:153 139 590 201 57
Chichi1999_01.jpg 0x0
rect:4 8 630 116 58
rect:450 144 51 272 42
Chichi1999_02.jpg 0x0
rect:399 98 180 343 59
rect:5 107 497 210 58
Chichi1999_03.jpg 0x0
rect:89 165 53 116 60
rect:0 165 980 128 58
Chichi1999_04.jpg 0x0
rect:162 184 39 51 52
rect:294 -19 60 101 48
rect:134 156 52 293 48
Chichi1999_05.jpg 0x0
rect:284 172 44 69 52
rect:409 350 27 37 41
rect:352 93 50 59 41
rect:363 102 95 205 48
Chichi1999_06.jpg 0x0
rect:162 13 556 159 10
rect:414 221 48 77 48
rect:433 104 46 52 62
rect:802 194 44 77 41
rect:244 287 19 37 52
rect:477 -15 69 69 61
Chichi1999_07.jpg 0x0
rect:58 155 732 111 63
rect:158 174 31 40 64
rect:147 160 33 110 48
rect:726 172 43 120 48
rect:526 280 49 149 48
rect:451 216 19 22 64
rect:501 201 35 28 64
Chichi1999_08.jpg 0x0
rect:125 15 648 466 10
Chichi1999_09.jpg 0x0
rect:261 60 237 135 48
rect:223 75 42 89 40
rect:200 117 59 97 40
rect:217 129 93 70 41
Chichi1999_10.jpg 0x0
rect:187 24 538 541 10
Chichi1999_11.jpg 0x0
rect:2 167 216 588 10
rect:189 186 71 104 65
Chichi1999_12.jpg 0x0
rect:11 19 536 852 66
Chichi1999_13.jpg 0x0
rect:35 43 657 411 10
Chichi1999_14.jpg 0x0
rect:365 359 25 50 39
rect:344 218 34 46 39
rect:128 282 39 39 67
rect:336 398 92 63 67
rect:69 428 39 49 67
rect:279 392 29 17 39
rect:229 232 22 46 67
rect:462 518 28 69 67
rect:101 235 37 65 67
rect:289 376 29 34 39
rect:110 235 93 42 67
rect:172 357 42 68 67
rect:147 422 38 40 67
rect:90 477 31 39 67
rect:74 399 66 42 67
rect:111 675 36 38 67
rect:155 372 57 55 67
Chichi1999_15.jpg 0x0
rect:320 31 257 344 41
Chichi1999_16.jpg 0x0
rect:221 112 85 162 32
Chichi1999_17.jpg 0x0
rect:121 257 21 45 32
Chichi1999_18.jpg 0x0
rect:332 284 23 168 69
rect:322 359 31 183 69
rect:173 300 31 110 69
rect:222 246 31 134 69
rect:121 212 125 380 68
rect:274 228 37 151 70
Chichi1999_19.jpg 0x0
rect:139 21 256 339 2
rect:226 96 135 276 3
YogyakartaInd2006_03.jpg 0x0
rect:242 515 69 34 16
rect:188 284 273 182 71
rect:180 114 27 7 16
rect:224 26 106 2 15
rect:470 57 109 42 16
rect:256 304 209 22 15
rect:364 54 165 67 15
rect:212 163 65 31 15
Chichi1999_20.jpg 0x0
rect:180 400 69 138 41
rect:215 230 125 442 42
Chichi1999_21.jpg 0x0
rect:20 4 277 141 30
rect:236 271 113 121 6
rect:210 141 257 344 72
rect:506 6 99 109 57
rect:206 201 129 115 37
rect:245 35 184 211 37
rect:97 392 119 135 5
rect:280 87 137 138 6
Chichi1999_22.jpg 0x0
rect:345 213 21 14 73
rect:264 112 358 185 10
rect:266 202 14 18 73
rect:557 191 11 15 73
Chichi1999_23.jpg 0x0
rect:146 159 26 28 34
rect:312 299 76 136 73
rect:356 303 36 95 34
rect:241 184 29 20 27
rect:328 233 26 23 26
rect:258 206 50 44 73
rect:4 47 502 227 74
rect:99 440 44 69 34
rect:123 188 44 36 73
rect:85 319 47 105 73
Chichi1999_24.jpg 0x0
rect:231 128 148 114 75
rect:188 200 42 51 46
rect:3 304 384 246 74
rect:412 445 1 2 46
rect:139 277 95 49 34
Chichi1999_25.jpg 0x0
rect:210 190 101 220 34
rect:114 261 164 274 73
rect:154 306 35 73 26
Chichi1999_26.jpg 0x0
rect:95 634 129 187 73
rect:131 430 144 98 27
rect:250 17 35 29 73
rect:198 341 123 374 76
rect:226 210 57 115 73
rect:124 550 56 85 26
Chichi1999_27.jpg 0x0
rect:158 302 96 425 32
Chichi1999_28.jpg 0x0
rect:196 123 150 212 5
rect:183 293 290 131 77
rect:23 52 244 112 6
rect:293 121 209 193 75
Chichi1999_29.jpg 0x0
rect:133 295 75 215 52
rect:97 186 161 267 48
rect:197 229 120 212 40
Chichi1999_30.jpg 0x0
rect:175 102 363 307 40
rect:181 244 195 59 78
rect:27 360 119 141 73
rect:152 123 248 53 52
Chichi1999_31.jpg 0x0
rect:112 83 144 266 79
rect:559 91 39 139 48
Chichi1999_32.jpg 0x0
rect:605 99 52 234 39
rect:186 183 26 187 81
rect:190 80 58 127 81
rect:146 7 81 256 80
Chichi1999_33.jpg 0x0
rect:163 203 50 136 49
rect:250 125 126 220 56
rect:107 140 115 229 32
rect:72 80 109 581 33
rect:303 160 30 114 49
rect:323 63 88 206 32
Chichi1999_34.jpg 0x0
rect:126 107 486 320 10
Duzce1999_01.jpg 0x0
rect:138 117 100 91 41
rect:166 44 105 414 39
Duzce1999_02.jpg 0x0
rect:63 57 113 413 41
Duzce1999_03.jpg 0x0
rect:258 106 79 211 31
rect:87 121 106 348 42
rect:0 144 106 240 31
Gediz1970_01.jpg 0x0
rect:153 361 100 306 69
rect:237 521 98 226 69
rect:122 74 330 470 68
Guatemala1976_01.jpg 0x0
rect:75 182 61 41 52
rect:68 187 44 60 41
rect:20 100 491 173 82
rect:536 142 183 172 48
rect:621 146 74 100 41
rect:35 132 85 112 48
Guatemala1976_02.jpg 0x0
rect:225 78 97 117 40
rect:139 57 378 196 48
Guatemala1976_03.jpg 0x0
rect:14 106 861 410 75
Guatemala1976_04.jpg 0x0
rect:44 79 328 261 30
rect:737 161 162 432 4
rect:421 223 69 328 4
rect:135 24 465 67 30
Guatemala1976_05.jpg 0x0
rect:159 103 332 450 48
rect:207 173 308 186 40
rect:262 159 303 114 41
Guatemala1976_06.jpg 0x0
rect:134 94 160 391 39
Guatemala1976_07.jpg 0x0
rect:27 316 68 41 6
rect:174 548 88 70 83
rect:20 249 533 275 10
Guatemala1976_08.jpg 0x0
rect:129 70 386 340 41
rect:264 68 165 280 40
rect:196 23 522 553 48
Guatemala1976_09.jpg 0x0
rect:232 346 27 34 84
rect:123 260 68 55 85
rect:498 281 64 52 84
rect:76 235 41 18 84
rect:93 344 41 32 85
rect:432 340 75 34 85
rect:468 304 59 47 84
rect:523 253 76 50 85
Guatemala1976_10.jpg 0x0
rect:249 170 275 299 86
rect:258 467 38 96 87
rect:191 155 236 204 87
Guatemala1976_11.jpg 0x0
rect:192 246 111 152 34
GujaratIndia2001_01.jpg 0x0
rect:97 474 90 35 2
rect:141 319 232 62 2
rect:310 497 47 40 11
rect:25 418 223 206 4
Haiti2010_01.jpg 0x0
rect:486 225 130 115 4
rect:523 499 196 290 4
rect:199 124 129 378 41
rect:96 37 142 140 7
rect:236 345 25 165 40
Haiti2010_02.jpg 0x0
rect:277 30 154 64 14
rect:59 73 494 256 88
Haiti2010_03.jpg 0x0
rect:179 767 276 149 89
rect:381 1 68 758 32
rect:188 683 68 51 49
rect:274 313 259 196 32
Haiti2010_04.jpg 0x0
rect:251 54 156 298 34
rect:2 194 325 199 6
rect:156 214 240 637 41
Haiti2010_05.jpg 0x0
rect:334 213 28 113 40
rect:315 251 130 108 52
rect:194 201 320 592 90
rect:279 307 36 107 40
Haiti2010_06.jpg 0x0
rect:510 149 246 346 33
rect:350 303 76 271 32
rect:162 345 257 302 91
rect:489 181 738 916 91
rect:229 382 33 52 34
rect:331 245 71 37 6
rect:346 125 50 67 34
ImperialValley1979_01.jpg 0x0
rect:466 368 37 33 50
rect:373 271 41 83 50
rect:370 254 41 22 49
rect:585 403 16 17 49
rect:18 247 98 54 49
rect:538 370 26 26 32
rect:68 430 68 147 50
rect:567 340 49 38 32
rect:13 312 135 144 32
rect:278 222 64 44 32
rect:406 341 25 19 49
ImperialValley1979_02.jpg 0x0
rect:392 217 58 120 50
rect:272 109 72 224 50
rect:209 86 142 199 32
rect:192 199 300 69 92
rect:292 192 146 51 49
rect:212 160 92 182 50
ImperialValley1979_03.jpg 0x0
rect:101 248 288 37 92
rect:217 357 74 148 50
rect:153 345 203 150 32
rect:126 582 262 42 92
rect:168 423 95 184 50
rect:87 337 112 208 50
rect:131 143 194 153 32
Izmit1999_01.jpg 0x0
rect:190 83 320 238 34
rect:187 189 37 144 27
rect:367 283 57 86 26
rect:238 124 57 167 27
rect:314 82 43 223 27
Izmit1999_02.jpg 0x0
rect:34 90 904 256 10
Izmit1999_03.jpg 0x0
rect:170 50 326 324 93
rect:175 72 52 201 50
rect:489 111 43 253 50
rect:271 96 45 177 50
rect:172 171 432 29 92
rect:174 64 224 303 32
rect:378 79 40 257 50
rect:407 69 45 284 50
Izmit1999_04.jpg 0x0
rect:74 456 32 77 42
rect:111 323 143 79 88
rect:250 302 80 56 41
rect:264 482 24 41 40
rect:37 286 62 51 34
rect:266 434 30 64 40
rect:62 423 69 108 41
rect:128 462 296 150 88
rect:248 79 102 67 41
rect:320 54 109 128 48
Izmit1999_05.jpg 0x0
rect:96 20 577 550 10
Izmit1999_06.jpg 0x0
rect:133 186 70 256 50
rect:128 219 135 60 49
rect:196 240 53 147 50
rect:150 179 256 422 32
rect:69 223 78 135 50
rect:350 248 56 106 50
Izmit1999_07.jpg 0x0
rect:191 428 44 153 3
rect:159 163 39 111 3
rect:343 66 126 47 6
rect:26 124 401 463 2
rect:283 251 117 456 4
rect:291 160 97 83 3
rect:356 198 43 104 3
Izmit1999_08.jpg 0x0
rect:140 27 90 72 34
rect:582 61 82 95 41
rect:126 389 82 109 45
rect:169 257 171 116 88
rect:167 153 88 110 41
rect:635 61 57 24 52
rect:430 5 121 75 45
Izmit1999_09.jpg 0x0
rect:372 259 93 93 94
rect:236 186 44 38 41
rect:815 239 40 73 41
rect:446 202 82 96 41
rect:43 175 47 51 41
rect:722 314 70 57 94
Izmit1999_10.jpg 0x0
rect:51 197 380 56 78
rect:173 201 82 304 40
rect:86 120 100 230 40
rect:243 561 78 80 40
rect:288 125 107 118 40
rect:197 186 57 172 40
rect:99 380 261 66 78
rect:315 458 52 58 40
rect:154 325 175 34 78
rect:356 743 84 31 78
rect:87 182 346 343 41
Izmit1999_11.jpg 0x0
rect:282 150 87 209 40
rect:220 390 76 114 40
rect:177 302 152 148 41
rect:198 148 123 143 41
rect:407 317 103 155 40
Izmit1999_12.jpg 0x0
rect:463 234 203 247 91
rect:441 164 49 136 42
rect:371 240 58 63 41
rect:39 218 82 95 94
rect:185 224 98 79 88
rect:16 70 43 20 6
rect:458 27 59 65 34
rect:43 211 80 44 52
rect:521 107 73 58 7
rect:372 252 84 154 94
rect:389 342 66 111 52
rect:269 156 39 60 45
rect:1 157 41 43 41
rect:494 110 52 75 41
rect:309 135 50 31 6
rect:105 330 23 35 40
rect:114 88 26 28 6
rect:326 334 77 99 41
Izmit1999_13.jpg 0x0
rect:117 334 31 128 41
rect:5 83 119 166 42
rect:479 176 91 162 41
rect:116 246 94 54 52
rect:220 302 33 100 41
rect:116 219 100 102 94
rect:320 66 129 354 48
rect:130 159 54 33 6
rect:294 105 59 140 41
Izmit1999_14.jpg 0x0
rect:62 117 132 55 34
rect:469 199 82 65 35
rect:440 415 85 34 34
rect:218 356 39 31 34
rect:478 84 110 94 34
rect:444 7 107 82 35
rect:305 287 46 19 34
rect:298 54 73 67 95
rect:448 340 53 40 34
Izmit1999_15.jpg 0x0
rect:187 251 267 381 42
Izmit1999_16.jpg 0x0
rect:113 84 309 354 39
rect:194 93 166 141 41
rect:193 111 39 80 40
rect:85 68 368 353 33
Izmit1999_17.jpg 0x0
rect:116 99 245 306 41
Izmit1999_18.jpg 0x0
rect:182 119 182 248 39
rect:164 182 131 110 41
Izmit1999_19.jpg 0x0
rect:611 176 21 118 50
rect:172 148 188 278 32
rect:569 161 24 72 50
rect:181 82 316 363 96
Kobe1995_01.jpg 0x0
rect:26 147 941 158 63
Kobe1995_02.jpg 0x0
rect:2 45 603 588 68
Kobe1995_03.jpg 0x0
rect:39 51 441 830 10
Kobe1995_04.jpg 0x0
rect:352 289 52 60 41
Kobe1995_05.jpg 0x0
rect:4 212 160 465 40
rect:116 122 209 462 52
rect:36 350 309 93 78
rect:77 656 337 140 78
rect:266 178 198 399 40
Kobe1995_06.jpg 0x0
rect:50 163 331 378 41
rect:125 262 320 337 42
Kobe1995_07.jpg 0x0
rect:153 286 27 50 39
rect:269 118 22 37 39
rect:305 408 36 33 39
rect:391 209 39 60 39
rect:197 225 35 46 39
rect:303 337 52 54 39
rect:428 343 57 43 39
rect:182 118 31 31 39
rect:92 245 43 34 39
rect:124 194 44 40 39
rect:321 117 33 42 39
rect:256 378 27 30 39
rect:211 282 35 55 39
rect:307 275 31 39 39
rect:52 347 36 28 39
rect:34 185 46 58 39
rect:286 165 50 41 39
rect:255 419 46 31 39
rect:183 454 33 40 39
rect:391 563 43 48 39
rect:436 361 27 26 39
rect:246 258 34 28 39
rect:174 371 33 26 39
rect:421 246 48 44 39
rect:162 199 42 43 39
rect:460 366 36 33 39
Kobe1995_08.jpg 0x0
rect:329 43 339 256 97
Kobe1995_09.jpg 0x0
rect:72 736 72 72 88
rect:251 447 183 98 97
rect:108 491 83 76 88
rect:83 573 90 82 88
SanSalvador_1986_01.jpg 0x0
rect:59 3 132 237 68
rect:222 212 85 170 41
SanSalvador_1986_02.jpg 0x0
rect:200 129 29 37 41
rect:362 181 28 43 41
rect:363 176 30 33 42
rect:617 222 39 47 41
rect:245 206 54 43 41
rect:144 231 32 23 41
rect:406 170 14 22 41
rect:195 273 33 54 41
rect:467 298 47 39 41
SikkimIndia2001_01.jpg 0x0
rect:215 207 91 170 34
SikkimIndia2001_02.jpg 0x0
rect:-18 2 447 96 33
rect:8 157 43 42 54
rect:11 6 367 82 16
rect:377 221 58 34 16
rect:160 62 147 302 33
rect:548 77 105 161 33
rect:530 225 90 16 16
rect:514 96 94 35 16
SikkimIndia2001_03.jpg 0x0
rect:287 152 117 227 70
rect:224 10 219 614 98
rect:149 87 79 214 69
SikkimIndia2001_04.jpg 0x0
rect:445 186 324 110 99
rect:3 27 198 306 99
rect:290 208 96 131 34
SumatraInd2009_01.jpg 0x0
rect:320 17 80 393 81
SumatraInd2009_02.jpg 0x0
rect:189 101 206 153 41
WhittierNarrows1987_01.jpg 0x0
rect:15 24 918 383 10
WhittierNarrows1987_02.jpg 0x0
rect:145 230 105 245 41
WhittierNarrows1987_03.jpg 0x0
rect:335 108 155 345 32
WhittierNarrows1987_04.jpg 0x0
rect:257 55 72 215 41
rect:225 8 296 76 6
rect:266 10 245 157 100
YogyakartaInd2006_01.jpg 0x0
rect:391 168 241 101 49
rect:225 -21 467 368 29
rect:279 38 433 333 32
YogyakartaInd2006_02.jpg 0x0
rect:471 92 84 131 70
rect:336 58 184 491 98
rect:277 120 54 179 69
