Anchorage1964_01.jpg 0x0
rect:66 477 209 254 1
rect:110 6 275 158 1
Anchorage1964_02.jpg 0x0
rect:181 111 78 47 7
rect:93 42 102 17 6
rect:145 238 44 18 6
rect:300 281 22 72 3
rect:480 182 12 61 3
rect:201 290 31 53 3
rect:295 284 31 53 3
rect:111 153 17 26 6
rect:217 29 293 62 4
rect:373 254 19 44 3
rect:224 95 100 100 4
rect:23 230 106 37 5
rect:610 226 19 52 3
rect:35 27 157 32 5
rect:581 194 20 70 3
rect:243 342 26 58 3
rect:638 62 146 111 8
rect:201 200 438 102 2
rect:296 221 109 57 4
Anchorage1964_03.jpg 0x0
rect:249 87 496 145 9
rect:0 214 629 66 10
rect:2 180 185 91 9
Anchorage1964_04.jpg 0x0
rect:137 350 23 19 5
rect:201 23 28 21 5
rect:166 154 29 18 5
rect:361 196 21 27 1
rect:118 429 25 17 5
rect:349 200 20 25 1
rect:367 32 32 19 5
rect:264 344 12 27 1
rect:463 280 32 22 5
rect:414 84 41 17 5
rect:338 391 19 12 5
rect:214 582 42 13 2
rect:173 366 44 20 5
rect:352 317 40 20 5
rect:375 200 33 24 5
rect:267 118 22 21 5
rect:356 250 12 29 1
rect:223 358 9 18 1
rect:205 61 26 13 5
rect:425 184 29 14 5
rect:268 255 18 24 1
rect:305 287 35 21 5
rect:205 336 32 22 5
rect:273 364 26 27 1
rect:440 262 27 18 5
rect:169 253 34 21 5
rect:291 316 17 21 8
rect:201 164 16 26 1
rect:169 135 25 18 5
rect:229 406 8 1 1
rect:145 350 39 19 5
rect:364 471 16 27 1
rect:163 105 31 19 5
rect:409 240 39 18 5
rect:441 152 41 15 5
rect:329 288 19 36 1
rect:193 137 23 27 5
rect:249 527 32 17 5
rect:304 91 16 35 1
Anchorage1964_05.jpg 0x0
rect:368 138 20 16 11
rect:400 363 68 71 1
rect:364 124 54 54 1
rect:81 147 17 47 1
rect:44 275 26 38 1
rect:113 23 19 28 1
rect:63 204 24 43 1
rect:223 150 109 20 5
rect:96 249 18 67 1
rect:400 74 43 54 1
rect:47 62 25 39 1
rect:203 220 136 88 2
rect:210 61 65 39 5
rect:425 295 49 44 5
rect:206 202 87 33 6
rect:369 218 38 78 8
rect:88 70 12 37 1
rect:43 491 19 53 1
rect:150 50 86 42 6
rect:564 282 51 24 5
rect:486 27 33 55 1
rect:36 360 23 65 1
rect:302 1 49 74 1
rect:680 195 52 22 6
rect:587 414 36 17 6
rect:502 172 52 68 1
rect:573 450 31 75 8
rect:642 153 58 66 1
rect:432 172 49 31 11
Anchorage1964_06.jpg 0x0
rect:148 152 111 341 3
rect:210 169 74 68 11
rect:116 91 269 425 12
Anchorage1964_07.jpg 0x0
rect:7 311 457 31 14
rect:284 136 77 85 11
rect:447 185 461 268 2
rect:6 85 891 461 2
rect:458 201 64 114 13
rect:288 109 124 169 11
rect:369 110 44 97 3
rect:228 2 118 51 2
rect:19 234 336 28 11
Anchorage1964_08.jpg 0x0
rect:422 25 114 117 1
rect:453 476 153 157 1
rect:335 180 157 103 1
rect:56 573 118 153 1
rect:60 94 149 114 1
rect:63 373 79 117 1
Anchorage1964_09.jpg 0x0
rect:103 196 73 69 1
rect:135 233 56 79 8
rect:16 18 442 12 15
rect:543 28 94 71 8
rect:47 176 68 8 16
rect:811 226 1 1 16
rect:559 81 133 24 15
rect:132 165 336 10 15
rect:13 159 17 11 16
rect:464 6 235 17 15
rect:208 182 56 56 1
rect:639 10 115 11 16
rect:12 22 49 13 16
rect:313 211 62 91 1
rect:110 41 95 60 8
rect:17 136 74 22 15
rect:402 103 78 32 15
rect:420 211 66 90 8
rect:641 106 85 78 1
Anchorage1964_10.jpg 0x0
rect:271 215 111 92 17
rect:87 193 333 383 1
rect:151 136 199 78 18
rect:82 398 231 90 18
Anchorage1964_11.jpg 0x0
rect:188 169 266 24 15
rect:108 438 528 15 14
rect:549 166 145 85 1
rect:270 184 364 43 11
rect:503 7 76 29 1
rect:88 370 704 14 14
rect:114 163 365 69 2
rect:152 61 132 88 4
Anchorage1964_12.jpg 0x0
rect:346 91 55 170 3
rect:9 81 659 365 2
rect:447 73 219 214 11
rect:201 231 24 118 3
rect:442 84 40 222 3
Anchorage1964_13.jpg 0x0
rect:392 364 106 17 19
rect:377 466 241 21 2
rect:499 345 26 172 20
Anchorage1964_14.jpg 0x0
rect:436 625 213 78 23
rect:355 256 213 54 15
rect:372 6 92 193 11
rect:111 595 33 53 22
rect:196 11 67 219 11
rect:78 192 171 44 15
rect:18 771 20 50 22
rect:264 230 69 78 21
rect:54 682 36 66 22
rect:212 16 118 558 20
rect:10 702 150 85 11
rect:156 493 43 70 22
Anchorage1964_15.jpg 0x0
rect:314 115 53 106 25
rect:436 10 83 60 4
rect:232 281 124 31 15
rect:133 92 71 428 20
rect:295 9 76 45 4
rect:461 166 89 46 11
rect:272 308 125 31 24
rect:305 600 186 64 2
rect:176 109 27 71 11
Anchorage1964_16.jpg 0x0
rect:279 74 251 169 2
rect:12 101 190 235 2
rect:72 272 69 137 11
rect:10 349 47 56 2
rect:556 276 155 140 2
rect:257 301 331 168 11
Anchorage1964_17.jpg 0x0
rect:11 245 626 206 10
rect:345 37 154 218 9
rect:12 125 229 119 9
Anchorage1964_18.jpg 0x0
rect:342 195 123 79 4
rect:543 181 78 112 4
rect:612 314 37 18 2
rect:287 339 26 67 11
rect:371 255 62 21 2
rect:517 373 67 20 2
rect:151 243 19 49 11
rect:350 336 405 32 15
rect:143 371 86 47 11
rect:158 229 55 146 4
Anchorage1964_19.jpg 0x0
rect:486 187 6 20 26
rect:354 123 45 70 29
rect:6 251 59 187 26
rect:378 310 54 78 26
rect:229 90 70 143 29
rect:24 210 41 69 27
rect:342 96 28 25 27
rect:585 125 9 7 26
rect:420 165 21 44 29
rect:511 97 33 25 26
rect:401 213 13 31 26
rect:352 91 56 47 26
rect:431 133 57 33 28
rect:598 251 12 18 26
rect:360 159 12 46 26
rect:938 216 9 13 26
rect:423 218 25 39 26
rect:602 237 32 38 28
Anchorage1964_20.jpg 0x0
rect:495 488 41 84 26
rect:246 86 88 51 27
rect:250 76 125 87 26
rect:239 78 118 101 29
rect:194 580 66 104 26
Anchorage1964_21.jpg 0x0
rect:-5 53 106 149 29
rect:62 315 35 29 26
rect:2 88 41 28 26
rect:145 199 451 179 30
Bingol2003_01.jpg 0x0
rect:391 73 65 90 6
rect:162 243 57 85 33
rect:682 329 98 72 6
rect:813 287 98 72 33
rect:202 77 101 20 6
rect:2 240 975 173 10
rect:1032 457 81 55 33
rect:364 181 42 66 6
rect:630 251 37 119 34
rect:28 337 50 88 33
rect:354 406 49 192 32
rect:698 163 68 80 6
rect:389 447 168 66 6
rect:477 348 49 43 34
rect:891 267 110 83 33
rect:289 193 54 57 33
rect:476 89 209 250 31
rect:625 216 132 180 31
rect:383 383 126 72 6
Bingol2003_02.jpg 0x0
rect:87 450 164 217 32
rect:125 327 93 392 32
rect:206 191 876 576 31
rect:723 73 144 72 36
rect:361 369 95 80 6
rect:152 96 556 226 34
rect:535 174 464 167 35
rect:419 241 130 135 26
Bingol2003_03.jpg 0x0
rect:440 229 384 213 2
rect:520 -6 293 256 4
rect:131 48 89 101 33
rect:575 240 277 672 4
rect:119 27 130 28 2
rect:794 562 223 494 2
rect:565 264 237 80 11
Bingol2003_04.jpg 0x0
rect:318 211 113 232 4
rect:83 539 23 87 3
rect:182 350 266 189 2
rect:139 701 25 72 3
rect:167 521 28 80 3
rect:194 524 36 87 3
rect:351 429 114 67 2
rect:79 767 101 77 2
CanterburyNZSeries2010_01.jpg 0x0
rect:111 96 111 257 12
CanterburyNZSeries2010_02.jpg 0x0
rect:48 54 151 161 6
rect:35 9 216 282 37
CanterburyNZSeries2010_03.jpg 0x0
rect:41 81 292 112 38
CanterburyNZSeries2010_04.jpg 0x0
rect:384 381 15 53 40
rect:218 415 21 83 40
rect:289 388 29 58 40
rect:172 414 23 160 40
rect:293 8 84 214 42
rect:210 465 70 175 41
rect:194 336 262 452 39
rect:287 436 39 134 40
CanterburyNZSeries2010_05.jpg 0x0
rect:319 344 250 253 4
rect:399 268 109 103 15
CanterburyNZSeries2010_06.jpg 0x0
rect:67 141 600 426 4
rect:323 162 221 82 2
CanterburyNZSeries2010_08.jpg 0x0
rect:508 136 216 186 43
rect:701 296 75 154 44
rect:920 579 42 208 32
rect:1122 400 64 114 44
CanterburyNZSeries2010_09.jpg 0x0
rect:219 162 181 224 45
rect:262 401 150 365 39
CanterburyNZSeries2010_10.jpg 0x0
rect:221 411 198 73 46
rect:183 181 354 295 6
rect:266 506 285 93 6
rect:403 194 353 97 7
CanterburyNZSeries2010_11.jpg 0x0
rect:419 211 392 90 7
rect:319 398 374 267 5
CanterburyNZSeries2010_12.jpg 0x0
rect:182 416 133 45 11
rect:568 321 215 60 11
rect:52 306 909 349 2
rect:6 323 639 413 47
CanterburyNZSeries2010_13.jpg 0x0
rect:444 156 106 483 11
rect:114 20 517 741 12
Caracas1967_01.jpg 0x0
rect:489 85 198 303 48
rect:414 109 61 96 48
rect:225 176 45 67 48
rect:343 215 13 80 48
Caracas1967_02.jpg 0x0
rect:166 364 45 43 50
rect:160 212 163 356 51
rect:303 1 129 157 15
rect:93 433 36 77 49
Caracas1967_03.jpg 0x0
rect:19 410 171 76 6
rect:250 319 38 154 27
rect:258 283 76 58 26
rect:224 74 102 121 14
rect:291 424 86 126 34
rect:342 480 42 43 27
Caracas1967_04.jpg 0x0
rect:136 357 59 97 26
rect:179 373 21 80 27
rect:157 309 194 183 34
Caracas1967_05.jpg 0x0
rect:202 280 64 224 40
rect:294 267 145 127 52
rect:105 287 36 307 40
rect:93 269 164 241 52
rect:78 340 52 301 40
rect:52 182 416 362 41
rect:275 177 46 205 40
rect:28 108 325 760 48
rect:244 445 39 273 40
rect:466 228 45 296 40
Caracas1967_06.jpg 0x0
rect:363 324 90 52 6
rect:383 120 210 176 7
Caracas1967_07.jpg 0x0
rect:288 35 23 191 27
rect:498 274 101 95 53
rect:505 461 101 61 53
rect:212 170 197 190 34
rect:278 8 97 390 34
rect:438 254 106 295 34
rect:152 187 34 218 27
Caracas1967_08.jpg 0x0
rect:234 239 59 101 54
rect:223 359 72 108 55
rect:424 263 75 134 54
Caracas1967_09.jpg 0x0
rect:402 12 187 123 48
rect:20 277 55 63 48
rect:111 204 60 79 48
rect:155 214 98 68 48
Caracas1967_10.jpg 0x0
rect:21 133 552 429 48
rect:332 216 89 243 40
rect:304 363 61 206 40
rect:51 271 293 279 41
Caracas1967_11.jpg 0x0
rect:74 314 192 653 41
rect:62 14 446 598 48
rect:303 11 205 341 41
Caracas1967_12.jpg 0x0
rect:871 482 17 48 32
rect:613 179 27 34 34
rect:733 201 24 33 32
rect:181 289 30 39 56
Caracas1967_13.jpg 0x0
rect:136 263 124 248 55
Caracas1967_14.jpg 0x0
rect:148 160 564 166 57
rect:96 228 279 46 6
Chichi1999_01.jpg 0x0
rect:454 158 54 247 42
rect:4 6 550 177 58
Chichi1999_02.jpg 0x0
rect:7 77 383 124 58
rect:414 102 136 285 59
Chichi1999_03.jpg 0x0
rect:0 190 862 213 58
rect:100 166 49 128 60
Chichi1999_04.jpg 0x0
rect:223 179 30 69 52
rect:243 151 71 279 48
rect:255 -16 67 139 48
Chichi1999_05.jpg 0x0
rect:434 192 29 57 52
rect:380 319 23 40 41
rect:362 118 45 48 41
rect:309 154 118 259 48
Chichi1999_06.jpg 0x0
rect:331 127 58 52 62
rect:835 180 38 57 41
rect:116 12 490 151 10
rect:246 197 15 28 52
rect:367 210 41 100 48
rect:474 -13 73 59 61
Chichi1999_07.jpg 0x0
rect:326 297 38 25 64
rect:301 207 38 148 48
rect:752 301 16 26 64
rect:75 237 404 101 63
rect:122 212 33 200 48
rect:609 283 35 105 48
rect:214 135 18 37 64
Chichi1999_08.jpg 0x0
rect:94 14 461 470 10
Chichi1999_09.jpg 0x0
rect:291 117 65 69 40
rect:250 56 151 217 48
rect:253 96 100 73 41
rect:294 128 34 63 40
Chichi1999_10.jpg 0x0
rect:133 25 693 421 10
Chichi1999_11.jpg 0x0
rect:147 275 110 75 65
rect:2 140 173 580 10
Chichi1999_12.jpg 0x0
rect:12 28 397 482 66
Chichi1999_13.jpg 0x0
rect:34 51 844 506 10
Chichi1999_14.jpg 0x0
rect:307 280 29 29 39
rect:117 290 39 50 67
rect:65 551 36 32 67
rect:207 377 34 38 39
rect:89 276 59 86 67
rect:76 387 46 55 67
rect:169 315 35 71 67
rect:280 589 62 61 67
rect:202 416 22 35 39
rect:376 444 26 62 67
rect:201 664 29 42 67
rect:78 416 52 54 67
rect:190 360 27 53 67
rect:216 517 24 25 39
rect:154 133 90 42 67
rect:226 280 22 49 67
rect:165 301 28 46 67
Chichi1999_15.jpg 0x0
rect:245 35 263 364 41
Chichi1999_16.jpg 0x0
rect:123 120 81 129 32
Chichi1999_17.jpg 0x0
rect:105 422 28 57 32
Chichi1999_18.jpg 0x0
rect:211 265 25 124 69
rect:131 208 40 86 69
rect:192 201 115 490 68
rect:255 340 45 147 70
rect:194 177 26 112 69
rect:232 427 33 105 69
Chichi1999_19.jpg 0x0
rect:138 17 252 309 2
rect:233 147 120 314 3
YogyakartaInd2006_03.jpg 0x0
rect:301 84 95 54 15
rect:228 120 51 35 15
rect:218 366 377 166 71
rect:164 202 21 6 16
rect:218 328 57 30 16
rect:321 94 75 44 16
rect:260 391 171 27 15
rect:184 32 91 2 15
Chichi1999_20.jpg 0x0
rect:229 288 55 232 41
rect:191 175 88 263 42
Chichi1999_21.jpg 0x0
rect:316 207 80 103 6
rect:257 86 190 228 72
rect:345 7 159 148 57
rect:500 150 167 138 6
rect:19 4 276 169 30
rect:462 44 264 164 37
rect:61 480 134 78 5
rect:179 344 124 157 37
Chichi1999_22.jpg 0x0
rect:353 250 22 19 73
rect:215 156 223 140 10
rect:539 250 21 17 73
rect:232 185 17 29 73
Chichi1999_23.jpg 0x0
rect:389 408 38 96 34
rect:194 137 24 22 34
rect:353 142 39 34 27
rect:350 157 55 48 73
rect:109 115 41 68 73
rect:101 374 68 100 73
rect:349 199 28 27 26
rect:5 67 507 145 74
rect:232 323 86 93 73
rect:149 361 43 103 34
Chichi1999_24.jpg 0x0
rect:163 189 149 75 75
rect:408 289 1 2 46
rect:3 319 272 142 74
rect:243 202 50 38 34
rect:286 141 31 68 46
Chichi1999_25.jpg 0x0
rect:224 438 35 53 26
rect:150 294 82 278 34
rect:176 264 174 308 73
Chichi1999_26.jpg 0x0
rect:209 158 37 80 73
rect:212 324 123 363 76
rect:149 487 118 82 27
rect:109 383 123 147 73
rect:125 522 82 83 26
rect:290 20 57 31 73
Chichi1999_27.jpg 0x0
rect:131 226 105 384 32
Chichi1999_28.jpg 0x0
rect:151 94 106 266 5
rect:270 103 115 284 75
rect:16 84 298 170 6
rect:351 196 197 112 77
Chichi1999_29.jpg 0x0
rect:241 224 61 126 52
rect:149 153 145 250 48
rect:197 158 118 122 40
Chichi1999_30.jpg 0x0
rect:193 233 142 59 78
rect:242 186 148 68 52
rect:34 278 130 112 73
rect:202 118 293 386 40
Chichi1999_31.jpg 0x0
rect:651 119 45 257 48
rect:188 112 166 264 79
Chichi1999_32.jpg 0x0
rect:561 176 60 203 39
rect:160 8 103 455 80
rect:247 60 56 164 81
rect:160 246 30 161 81
Chichi1999_33.jpg 0x0
rect:112 171 39 121 49
rect:292 103 85 315 32
rect:215 154 43 81 49
rect:352 134 120 247 56
rect:92 67 109 351 33
rect:134 110 77 177 32
Chichi1999_34.jpg 0x0
rect:124 115 315 274 10
Duzce1999_01.jpg 0x0
rect:119 42 94 419 39
rect:100 114 88 108 41
Duzce1999_02.jpg 0x0
rect:110 55 161 487 41
Duzce1999_03.jpg 0x0
rect:236 111 102 241 31
rect:0 118 136 280 31
rect:134 128 147 236 42
Gediz1970_01.jpg 0x0
rect:103 425 105 197 69
rect:177 392 101 166 69
rect:109 134 303 704 68
Guatemala1976_01.jpg 0x0
rect:56 139 70 136 48
rect:56 148 52 53 41
rect:59 252 58 36 52
rect:558 172 106 159 48
rect:464 119 80 85 41
rect:18 95 774 149 82
Guatemala1976_02.jpg 0x0
rect:134 69 236 291 48
rect:201 75 70 117 40
Guatemala1976_03.jpg 0x0
rect:14 86 965 450 75
Guatemala1976_04.jpg 0x0
rect:336 263 69 204 4
rect:512 199 93 310 4
rect:41 60 380 214 30
rect:129 21 363 69 30
Guatemala1976_05.jpg 0x0
rect:111 74 458 280 48
rect:252 128 323 108 41
rect:222 136 365 154 40
Guatemala1976_06.jpg 0x0
rect:158 116 211 528 39
Guatemala1976_07.jpg 0x0
rect:27 182 549 321 10
rect:22 240 63 74 6
rect:231 557 126 78 83
Guatemala1976_08.jpg 0x0
rect:264 92 204 240 40
rect:211 49 326 341 41
rect:127 34 385 368 48
Guatemala1976_09.jpg 0x0
rect:748 208 66 58 85
rect:87 366 42 23 84
rect:715 319 47 68 84
rect:233 255 64 61 85
rect:358 207 73 35 85
rect:191 386 40 29 84
rect:396 213 52 67 84
rect:69 202 40 30 85
Guatemala1976_10.jpg 0x0
rect:192 89 276 111 87
rect:157 184 237 274 86
rect:300 264 28 139 87
Guatemala1976_11.jpg 0x0
rect:181 232 149 155 34
GujaratIndia2001_01.jpg 0x0
rect:31 383 162 200 4
rect:65 498 81 28 2
rect:170 409 267 71 2
rect:329 347 69 61 11
Haiti2010_01.jpg 0x0
rect:154 38 161 136 7
rect:458 364 220 221 4
rect:371 238 95 141 4
rect:344 279 21 136 40
rect:334 174 166 363 41
Haiti2010_02.jpg 0x0
rect:62 111 378 171 88
rect:269 36 167 34 14
Haiti2010_03.jpg 0x0
rect:296 345 179 229 32
rect:294 1 82 525 32
rect:236 429 57 68 49
rect:273 514 255 146 89
Haiti2010_04.jpg 0x0
rect:2 115 314 114 6
rect:157 42 159 327 34
rect:174 268 370 389 41
Haiti2010_05.jpg 0x0
rect:229 131 309 381 90
rect:239 172 149 98 52
rect:288 198 29 90 40
rect:396 244 27 88 40
Haiti2010_06.jpg 0x0
rect:204 282 301 382 91
rect:246 345 31 40 34
rect:642 178 54 237 32
rect:485 211 498 550 91
rect:508 129 82 108 34
rect:393 249 99 48 6
rect:473 134 261 491 33
ImperialValley1979_01.jpg 0x0
rect:293 425 56 54 32
rect:59 258 123 82 50
rect:403 357 14 22 49
rect:15 220 135 165 32
rect:598 239 24 27 50
rect:695 222 26 36 32
rect:12 439 59 91 49
rect:335 358 56 86 50
rect:358 270 26 22 49
rect:377 303 43 21 49
rect:585 310 31 48 32
ImperialValley1979_02.jpg 0x0
rect:160 81 219 186 32
rect:333 111 97 182 50
rect:321 213 142 49 49
rect:186 164 344 55 92
rect:232 119 85 159 50
rect:381 153 36 109 50
ImperialValley1979_03.jpg 0x0
rect:104 339 224 27 92
rect:154 356 275 239 32
rect:94 466 302 39 92
rect:120 337 89 221 50
rect:404 238 58 206 50
rect:158 209 250 171 32
rect:285 278 93 96 50
Izmit1999_01.jpg 0x0
rect:347 252 69 50 26
rect:254 123 62 202 27
rect:141 68 409 323 34
rect:162 205 28 91 27
rect:238 91 51 133 27
Izmit1999_02.jpg 0x0
rect:27 110 799 221 10
Izmit1999_03.jpg 0x0
rect:165 76 281 277 32
rect:315 152 51 160 50
rect:385 125 31 315 50
rect:176 83 86 226 50
rect:127 33 449 374 93
rect:608 110 45 292 50
rect:552 93 43 171 50
rect:176 154 455 44 92
Izmit1999_04.jpg 0x0
rect:65 515 74 76 34
rect:398 482 21 64 40
rect:264 106 102 77 41
rect:125 442 216 103 88
rect:424 373 25 44 40
rect:343 325 109 59 41
rect:69 425 46 98 42
rect:372 64 70 111 48
rect:139 301 110 82 88
rect:75 361 74 120 41
Izmit1999_05.jpg 0x0
rect:127 29 632 342 10
Izmit1999_06.jpg 0x0
rect:68 180 49 249 50
rect:122 224 174 54 49
rect:140 183 206 389 32
rect:127 231 55 160 50
rect:219 332 41 164 50
rect:299 195 44 138 50
Izmit1999_07.jpg 0x0
rect:250 232 50 91 3
rect:230 210 65 366 4
rect:272 126 90 93 3
rect:412 64 91 58 6
rect:148 421 53 116 3
rect:23 88 368 691 2
rect:258 220 38 146 3
Izmit1999_08.jpg 0x0
rect:447 87 46 22 52
rect:112 125 59 82 41
rect:108 312 110 76 45
rect:625 5 116 89 45
rect:111 34 95 84 34
rect:229 224 150 92 88
rect:476 69 62 81 41
Izmit1999_09.jpg 0x0
rect:484 277 69 88 94
rect:489 217 53 51 41
rect:234 227 86 71 94
rect:52 208 38 59 41
rect:257 176 87 114 41
rect:226 265 41 38 41
Izmit1999_10.jpg 0x0
rect:234 318 67 111 40
rect:340 150 129 128 40
rect:349 586 99 92 40
rect:83 127 398 610 41
rect:157 213 41 137 40
rect:128 453 181 46 78
rect:354 692 90 38 78
rect:62 187 85 147 40
rect:145 420 212 80 78
rect:47 256 399 37 78
rect:191 196 84 231 40
Izmit1999_11.jpg 0x0
rect:241 564 151 150 41
rect:153 224 50 127 40
rect:191 258 58 177 40
rect:289 343 64 144 40
rect:173 240 116 152 41
Izmit1999_12.jpg 0x0
rect:56 251 72 115 94
rect:141 165 64 80 88
rect:436 119 46 99 45
rect:234 215 53 37 6
rect:69 371 26 42 40
rect:432 163 79 63 7
rect:17 70 51 24 6
rect:66 318 51 83 52
rect:361 145 52 147 42
rect:384 401 62 84 52
rect:516 86 57 74 41
rect:393 27 83 45 34
rect:90 87 31 22 6
rect:1 291 41 35 41
rect:597 250 74 60 41
rect:407 235 174 172 91
rect:417 334 103 119 94
rect:416 364 80 98 41
Izmit1999_13.jpg 0x0
rect:311 93 86 138 41
rect:171 241 136 113 94
rect:479 195 78 274 41
rect:241 95 228 291 48
rect:6 97 65 180 42
rect:98 114 51 44 6
rect:203 272 37 101 41
rect:129 283 39 120 41
rect:154 343 88 66 52
Izmit1999_14.jpg 0x0
rect:338 42 44 66 95
rect:291 417 54 38 34
rect:387 322 40 20 34
rect:320 134 73 96 35
rect:50 133 103 55 34
rect:592 342 51 30 34
rect:458 213 76 58 34
rect:580 63 80 66 34
rect:308 7 152 97 35
Izmit1999_15.jpg 0x0
rect:113 213 307 467 42
Izmit1999_16.jpg 0x0
rect:219 133 30 136 40
rect:98 67 338 427 33
rect:155 84 245 360 39
rect:110 101 129 132 41
Izmit1999_17.jpg 0x0
rect:95 105 158 218 41
Izmit1999_18.jpg 0x0
rect:235 134 120 104 41
rect:228 136 126 365 39
Izmit1999_19.jpg 0x0
rect:394 183 33 88 50
rect:267 131 197 185 32
rect:520 173 18 90 50
rect:201 73 183 227 96
Kobe1995_01.jpg 0x0
rect:26 207 783 200 63
Kobe1995_02.jpg 0x0
rect:2 65 535 495 68
Kobe1995_03.jpg 0x0
rect:48 63 465 544 10
Kobe1995_04.jpg 0x0
rect:418 318 53 40 41
Kobe1995_05.jpg 0x0
rect:81 530 309 121 78
rect:44 334 498 59 78
rect:349 182 190 535 40
rect:109 117 179 689 52
rect:4 121 132 467 40
Kobe1995_06.jpg 0x0
rect:39 182 425 431 41
rect:219 398 276 250 42
Kobe1995_07.jpg 0x0
rect:133 463 32 42 39
rect:203 452 54 49 39
rect:303 233 45 50 39
rect:418 196 27 35 39
rect:102 187 34 31 39
rect:441 187 51 54 39
rect:54 208 29 54 39
rect:100 378 34 34 39
rect:302 146 22 37 39
rect:207 313 32 38 39
rect:348 317 37 28 39
rect:295 367 57 38 39
rect:282 265 30 49 39
rect:453 547 26 32 39
rect:200 95 27 34 39
rect:167 171 45 47 39
rect:304 189 31 33 39
rect:247 289 36 46 39
rect:255 422 49 32 39
rect:240 272 26 43 39
rect:385 171 38 38 39
rect:441 446 41 29 39
rect:214 206 38 38 39
rect:171 318 35 42 39
rect:45 316 48 36 39
rect:268 224 30 27 39
Kobe1995_08.jpg 0x0
rect:241 41 425 278 97
Kobe1995_09.jpg 0x0
rect:247 528 166 67 97
rect:91 583 93 85 88
rect:115 715 91 88 88
rect:110 538 85 72 88
SanSalvador_1986_01.jpg 0x0
rect:300 162 89 202 41
rect:50 3 128 239 68
SanSalvador_1986_02.jpg 0x0
rect:656 177 28 38 41
rect:373 130 21 26 41
rect:148 225 24 27 41
rect:149 169 30 29 41
rect:403 309 33 59 41
rect:163 214 28 32 41
rect:628 128 53 35 42
rect:417 242 34 52 41
rect:225 152 38 43 41
SikkimIndia2001_01.jpg 0x0
rect:153 204 160 99 34
SikkimIndia2001_02.jpg 0x0
rect:191 71 251 309 33
rect:491 222 84 16 16
rect:564 105 133 179 33
rect:9 199 43 58 54
rect:469 145 117 37 16
rect:-18 2 411 121 33
rect:9 6 422 81 16
rect:402 169 60 34 16
SikkimIndia2001_03.jpg 0x0
rect:202 14 197 362 98
rect:258 159 96 125 70
rect:174 110 71 231 69
SikkimIndia2001_04.jpg 0x0
rect:312 204 313 117 99
rect:265 158 114 135 34
rect:3 27 330 300 99
SumatraInd2009_01.jpg 0x0
rect:201 26 66 357 81
SumatraInd2009_02.jpg 0x0
rect:164 60 214 143 41
WhittierNarrows1987_01.jpg 0x0
rect:12 34 641 299 10
WhittierNarrows1987_02.jpg 0x0
rect:205 276 74 326 41
WhittierNarrows1987_03.jpg 0x0
rect:243 114 147 208 32
WhittierNarrows1987_04.jpg 0x0
rect:206 11 339 108 100
rect:154 6 268 64 6
rect:208 43 72 267 41
YogyakartaInd2006_01.jpg 0x0
rect:352 96 245 101 49
rect:271 39 402 231 32
rect:143 -22 398 503 29
YogyakartaInd2006_02.jpg 0x0
rect:347 59 167 491 98
rect:359 115 52 276 69
rect:416 101 61 184 70
