Anchorage1964_01.jpg 0x0
rect:117 8 267 120 1
rect:81 380 299 253 1
Anchorage1964_02.jpg 0x0
rect:198 320 446 75 2
rect:161 107 92 53 7
rect:291 262 32 75 3
rect:381 189 17 68 3
rect:38 26 205 47 5
rect:129 278 26 17 6
rect:84 33 94 18 6
rect:285 43 275 97 4
rect:305 240 21 88 3
rect:342 323 26 46 3
rect:570 55 91 132 8
rect:350 321 18 60 3
rect:389 206 21 69 3
rect:29 178 156 57 5
rect:319 178 23 41 3
rect:297 249 25 50 3
rect:129 254 63 19 6
rect:214 58 108 97 4
rect:425 160 88 61 4
Anchorage1964_03.jpg 0x0
rect:2 205 290 71 9
rect:0 214 793 64 10
rect:262 81 444 205 9
Anchorage1964_04.jpg 0x0
rect:176 549 73 19 2
rect:401 582 27 21 5
rect:136 199 33 19 5
rect:446 237 33 23 5
rect:276 366 16 19 1
rect:135 209 40 16 5
rect:191 143 18 23 1
rect:282 264 8 1 1
rect:265 204 13 22 1
rect:177 245 35 18 5
rect:181 184 26 22 8
rect:257 361 20 25 1
rect:280 264 35 23 5
rect:131 68 33 18 5
rect:304 133 12 24 1
rect:307 123 28 18 5
rect:193 101 28 20 5
rect:207 432 12 15 1
rect:457 478 32 25 5
rect:134 311 28 17 5
rect:112 28 36 13 5
rect:249 333 17 16 1
rect:358 403 21 18 5
rect:186 141 17 25 1
rect:340 303 25 23 1
rect:351 406 26 17 5
rect:206 289 34 16 5
rect:286 329 20 19 5
rect:352 52 32 18 5
rect:320 28 26 14 5
rect:207 289 16 29 1
rect:243 132 22 15 5
rect:201 102 22 19 5
rect:268 112 36 23 5
rect:353 246 12 21 1
rect:182 318 40 11 5
rect:154 238 37 15 5
rect:216 519 41 21 5
rect:365 251 23 22 5
Anchorage1964_05.jpg 0x0
rect:371 111 46 49 1
rect:81 207 28 39 1
rect:255 139 17 24 11
rect:72 34 22 40 1
rect:620 240 78 46 5
rect:445 490 39 59 8
rect:800 411 55 15 6
rect:301 286 35 56 8
rect:696 365 72 36 5
rect:44 204 29 49 1
rect:527 167 33 70 1
rect:34 458 22 62 1
rect:647 31 30 61 1
rect:455 160 40 74 1
rect:375 225 50 28 11
rect:76 234 18 69 1
rect:491 104 51 64 1
rect:155 48 104 38 6
rect:119 85 13 43 1
rect:204 134 94 55 6
rect:547 1 38 43 1
rect:77 77 27 47 1
rect:482 352 62 50 1
rect:70 128 21 48 1
rect:256 44 68 29 5
rect:46 282 29 36 1
rect:168 206 125 20 5
rect:738 277 57 20 6
rect:224 136 179 64 2
Anchorage1964_06.jpg 0x0
rect:207 286 93 97 11
rect:86 64 208 363 12
rect:171 115 65 205 3
Anchorage1964_07.jpg 0x0
rect:288 163 188 171 11
rect:264 252 272 154 2
rect:6 406 524 43 14
rect:237 113 62 85 13
rect:6 53 731 469 2
rect:537 200 74 79 11
rect:158 2 79 65 2
rect:214 113 48 155 3
rect:13 190 239 31 11
Anchorage1964_08.jpg 0x0
rect:63 238 107 81 1
rect:395 339 156 131 1
rect:58 90 151 148 1
rect:394 385 101 116 1
rect:387 35 97 107 1
rect:54 488 86 136 1
Anchorage1964_09.jpg 0x0
rect:15 21 79 13 16
rect:75 216 87 48 8
rect:651 8 109 12 16
rect:116 38 101 97 8
rect:609 120 118 15 15
rect:103 168 62 70 1
rect:493 168 54 75 1
rect:313 8 204 14 15
rect:503 353 77 62 8
rect:405 28 90 86 8
rect:73 173 59 10 16
rect:878 160 1 1 16
rect:12 94 118 21 15
rect:359 108 90 28 15
rect:350 200 61 76 1
rect:13 19 328 18 15
rect:261 143 56 88 1
rect:16 152 27 10 16
rect:196 133 205 15 15
Anchorage1964_10.jpg 0x0
rect:144 169 174 99 18
rect:201 259 107 155 17
rect:55 151 331 369 1
rect:67 531 322 136 18
Anchorage1964_11.jpg 0x0
rect:522 7 102 50 1
rect:257 253 313 38 11
rect:96 334 708 16 14
rect:136 77 115 75 4
rect:99 157 515 83 2
rect:277 213 277 15 15
rect:81 626 771 14 14
rect:533 164 197 71 1
Anchorage1964_12.jpg 0x0
rect:239 149 27 108 3
rect:298 61 39 165 3
rect:360 75 56 224 3
rect:9 97 666 343 2
rect:400 79 156 156 11
Anchorage1964_13.jpg 0x0
rect:486 605 97 14 19
rect:332 269 30 196 20
rect:411 601 232 33 2
Anchorage1964_14.jpg 0x0
rect:139 266 61 91 21
rect:327 9 66 255 11
rect:106 728 48 70 22
rect:404 567 121 88 23
rect:9 663 228 90 11
rect:184 11 103 734 20
rect:21 540 30 69 22
rect:177 704 41 73 22
rect:39 401 46 90 22
rect:456 5 62 130 11
rect:63 294 132 32 15
rect:344 276 140 55 15
Anchorage1964_15.jpg 0x0
rect:272 8 74 77 4
rect:251 233 138 54 15
rect:258 160 30 64 11
rect:507 8 83 74 4
rect:286 254 84 48 24
rect:269 256 151 50 11
rect:326 91 52 109 25
rect:313 612 218 68 2
rect:188 82 77 556 20
Anchorage1964_16.jpg 0x0
rect:11 292 58 73 2
rect:16 119 224 131 2
rect:70 382 57 74 11
rect:209 98 286 171 2
rect:184 187 345 138 11
rect:611 239 171 206 2
Anchorage1964_17.jpg 0x0
rect:239 35 217 253 9
rect:12 149 335 140 9
rect:11 185 898 262 10
Anchorage1964_18.jpg 0x0
rect:105 238 77 113 4
rect:812 267 83 16 2
rect:288 193 38 68 11
rect:117 219 16 42 11
rect:301 201 89 61 4
rect:608 249 47 17 2
rect:505 169 115 68 4
rect:427 310 433 23 15
rect:465 284 92 26 2
rect:172 275 65 47 11
Anchorage1964_19.jpg 0x0
rect:769 178 9 13 26
rect:465 180 39 37 28
rect:399 154 36 20 26
rect:423 275 8 18 26
rect:339 90 65 62 26
rect:942 167 8 5 26
rect:351 262 12 39 26
rect:365 178 27 35 28
rect:565 153 7 19 26
rect:448 121 20 66 29
rect:23 222 35 88 27
rect:437 110 47 98 29
rect:336 210 21 27 26
rect:365 229 55 67 26
rect:5 179 78 184 26
rect:538 105 16 31 26
rect:373 88 63 91 29
rect:254 122 28 32 27
Anchorage1964_20.jpg 0x0
rect:459 546 32 99 26
rect:229 121 100 37 27
rect:203 71 155 176 29
rect:282 360 68 165 26
rect:194 84 72 86 26
Anchorage1964_21.jpg 0x0
rect:52 313 32 30 26
rect:195 160 571 123 30
rect:-5 92 73 132 29
rect:2 103 58 34 26
Bingol2003_01.jpg 0x0
rect:426 251 39 67 6
rect:579 383 46 41 34
rect:370 99 102 82 6
rect:558 248 67 92 34
rect:109 194 72 67 33
rect:20 260 55 63 33
rect:2 362 813 207 10
rect:637 349 188 144 31
rect:714 223 76 57 33
rect:548 84 126 204 31
rect:292 405 125 64 6
rect:733 92 105 66 6
rect:698 387 167 73 6
rect:573 286 72 45 6
rect:181 79 67 26 6
rect:347 357 57 188 32
rect:260 156 65 59 33
rect:601 499 99 35 33
rect:1013 326 89 63 33
Bingol2003_02.jpg 0x0
rect:291 376 112 69 6
rect:214 271 66 404 32
rect:192 239 569 406 31
rect:396 249 536 132 35
rect:114 607 207 281 32
rect:730 72 137 60 36
rect:392 390 75 116 26
rect:189 73 360 144 34
Bingol2003_03.jpg 0x0
rect:431 226 247 59 11
rect:743 186 329 717 4
rect:110 42 131 90 33
rect:328 173 256 159 2
rect:606 364 264 278 2
rect:86 22 181 42 2
rect:464 -6 260 285 4
Bingol2003_04.jpg 0x0
rect:99 418 19 63 3
rect:52 793 113 67 2
rect:240 681 109 67 2
rect:178 493 266 167 2
rect:160 427 29 105 3
rect:114 512 24 75 3
rect:215 313 46 85 3
rect:236 245 153 217 4
CanterburyNZSeries2010_01.jpg 0x0
rect:104 92 105 377 12
CanterburyNZSeries2010_02.jpg 0x0
rect:57 46 145 252 6
rect:51 8 233 362 37
CanterburyNZSeries2010_03.jpg 0x0
rect:54 95 436 115 38
CanterburyNZSeries2010_04.jpg 0x0
rect:380 310 42 117 40
rect:233 7 118 195 42
rect:220 332 204 253 39
rect:240 477 34 133 40
rect:264 305 88 235 41
rect:328 331 29 38 40
rect:358 485 25 88 40
rect:318 400 20 47 40
CanterburyNZSeries2010_05.jpg 0x0
rect:316 406 215 460 4
rect:367 159 170 86 15
CanterburyNZSeries2010_06.jpg 0x0
rect:168 235 313 127 2
rect:74 145 839 531 4
CanterburyNZSeries2010_08.jpg 0x0
rect:822 351 85 149 44
rect:544 599 29 162 32
rect:937 655 82 99 44
rect:491 146 189 194 43
CanterburyNZSeries2010_09.jpg 0x0
rect:293 161 145 171 45
rect:333 422 204 411 39
CanterburyNZSeries2010_10.jpg 0x0
rect:241 492 297 83 6
rect:329 386 230 55 46
rect:451 180 320 144 7
rect:285 284 440 263 6
CanterburyNZSeries2010_11.jpg 0x0
rect:289 300 300 211 5
rect:395 248 375 150 7
CanterburyNZSeries2010_12.jpg 0x0
rect:428 627 159 56 11
rect:56 296 953 219 2
rect:142 390 169 60 11
rect:4 216 828 494 47
CanterburyNZSeries2010_13.jpg 0x0
rect:165 21 436 644 12
rect:433 202 95 545 11
Caracas1967_01.jpg 0x0
rect:471 49 131 332 48
rect:382 206 37 115 48
rect:346 121 60 105 48
rect:245 173 12 55 48
Caracas1967_02.jpg 0x0
rect:166 259 252 350 51
rect:280 1 152 192 15
rect:132 406 49 48 50
rect:119 452 51 57 49
Caracas1967_03.jpg 0x0
rect:14 358 187 124 6
rect:186 68 87 92 14
rect:222 266 141 213 34
rect:340 320 42 82 27
rect:344 257 35 43 27
rect:303 470 47 59 26
Caracas1967_04.jpg 0x0
rect:126 328 67 119 26
rect:119 408 121 142 34
rect:115 376 19 97 27
Caracas1967_05.jpg 0x0
rect:34 96 266 805 48
rect:279 251 41 310 40
rect:259 216 168 130 52
rect:43 262 46 237 40
rect:38 156 259 582 41
rect:92 312 184 244 52
rect:227 375 69 164 40
rect:178 326 51 280 40
rect:261 171 41 196 40
rect:342 333 64 171 40
Caracas1967_06.jpg 0x0
rect:409 244 77 54 6
rect:428 94 330 194 7
Caracas1967_07.jpg 0x0
rect:355 43 30 206 27
rect:452 8 83 219 34
rect:212 130 217 255 34
rect:167 162 48 155 27
rect:482 314 154 226 34
rect:433 285 113 73 53
rect:549 523 120 96 53
Caracas1967_08.jpg 0x0
rect:204 312 62 124 54
rect:163 250 71 82 55
rect:364 275 66 132 54
Caracas1967_09.jpg 0x0
rect:23 242 38 57 48
rect:158 214 117 95 48
rect:111 235 69 52 48
rect:556 11 237 112 48
Caracas1967_10.jpg 0x0
rect:363 150 93 223 40
rect:15 142 562 442 48
rect:363 343 92 192 40
rect:45 261 234 269 41
Caracas1967_11.jpg 0x0
rect:59 225 327 544 41
rect:233 15 228 202 41
rect:35 17 511 766 48
Caracas1967_12.jpg 0x0
rect:852 466 17 76 32
rect:250 268 33 40 56
rect:475 214 20 48 32
rect:461 248 32 46 34
Caracas1967_13.jpg 0x0
rect:180 431 104 285 55
Caracas1967_14.jpg 0x0
rect:142 227 285 53 6
rect:98 148 665 244 57
Chichi1999_01.jpg 0x0
rect:4 7 752 169 58
rect:262 128 37 262 42
Chichi1999_02.jpg 0x0
rect:5 99 493 172 58
rect:406 98 140 411 59
Chichi1999_03.jpg 0x0
rect:70 167 61 130 60
rect:0 113 661 153 58
Chichi1999_04.jpg 0x0
rect:296 296 24 43 52
rect:206 151 97 267 48
rect:182 -16 60 124 48
Chichi1999_05.jpg 0x0
rect:487 100 59 57 41
rect:369 240 28 105 52
rect:300 121 99 182 48
rect:453 201 37 34 41
Chichi1999_06.jpg 0x0
rect:263 147 57 84 62
rect:560 -13 79 57 61
rect:190 17 397 209 10
rect:791 183 49 41 41
rect:401 265 16 31 52
rect:251 176 41 84 48
Chichi1999_07.jpg 0x0
rect:214 201 28 54 64
rect:674 276 16 16 64
rect:127 122 52 173 48
rect:751 247 58 70 48
rect:351 167 57 100 48
rect:301 265 23 36 64
rect:42 248 589 142 63
Chichi1999_08.jpg 0x0
rect:73 18 623 494 10
Chichi1999_09.jpg 0x0
rect:156 87 29 68 40
rect:177 120 118 76 41
rect:232 94 61 60 40
rect:149 88 258 164 48
Chichi1999_10.jpg 0x0
rect:227 14 442 314 10
Chichi1999_11.jpg 0x0
rect:173 162 93 105 65
rect:2 185 163 649 10
Chichi1999_12.jpg 0x0
rect:10 25 319 847 66
Chichi1999_13.jpg 0x0
rect:34 63 900 315 10
Chichi1999_14.jpg 0x0
rect:190 341 29 42 67
rect:188 258 23 49 67
rect:156 479 34 38 67
rect:145 234 29 68 67
rect:181 370 28 41 67
rect:271 294 19 18 39
rect:87 509 33 54 67
rect:225 370 23 43 39
rect:152 176 93 49 67
rect:93 413 63 57 67
rect:461 492 30 67 67
rect:134 228 53 75 67
rect:64 672 36 56 67
rect:158 420 37 49 67
rect:331 394 91 92 67
rect:389 356 46 60 39
rect:191 534 27 39 39
Chichi1999_15.jpg 0x0
rect:303 30 254 509 41
Chichi1999_16.jpg 0x0
rect:219 117 58 112 32
Chichi1999_17.jpg 0x0
rect:106 233 24 51 32
Chichi1999_18.jpg 0x0
rect:176 171 20 101 69
rect:257 365 32 149 69
rect:128 260 40 97 69
rect:118 158 117 489 68
rect:245 382 37 112 70
rect:291 220 33 101 69
Chichi1999_19.jpg 0x0
rect:140 27 308 323 2
rect:237 107 143 356 3
YogyakartaInd2006_03.jpg 0x0
rect:518 74 106 33 16
rect:311 154 57 24 15
rect:157 505 266 38 15
rect:195 125 25 8 16
rect:380 470 67 22 16
rect:269 216 217 123 71
rect:375 54 143 75 15
rect:233 26 107 2 15
Chichi1999_20.jpg 0x0
rect:141 183 104 427 42
rect:230 331 54 188 41
Chichi1999_21.jpg 0x0
rect:460 33 172 190 37
rect:74 266 216 112 5
rect:16 4 276 154 30
rect:512 9 112 120 57
rect:244 211 189 181 37
rect:198 255 69 88 6
rect:408 152 179 113 6
rect:184 84 267 367 72
Chichi1999_22.jpg 0x0
rect:540 174 19 19 73
rect:324 248 17 26 73
rect:280 124 274 188 10
rect:344 314 20 25 73
Chichi1999_23.jpg 0x0
rect:249 419 51 80 34
rect:244 164 43 26 27
rect:222 224 29 34 26
rect:219 300 56 88 73
rect:139 392 60 111 73
rect:127 176 27 26 34
rect:4 47 624 154 74
rect:126 307 48 69 34
rect:286 223 34 79 73
rect:88 161 73 66 73
Chichi1999_24.jpg 0x0
rect:230 149 40 55 46
rect:3 423 370 233 74
rect:208 198 82 56 34
rect:156 216 130 108 75
rect:434 447 1 2 46
Chichi1999_25.jpg 0x0
rect:119 205 84 214 34
rect:200 289 56 59 26
rect:194 236 147 263 73
Chichi1999_26.jpg 0x0
rect:130 383 155 98 27
rect:162 164 67 96 73
rect:103 471 170 140 73
rect:286 12 61 35 73
rect:102 722 87 88 26
rect:192 346 86 409 76
Chichi1999_27.jpg 0x0
rect:206 218 92 369 32
Chichi1999_28.jpg 0x0
rect:270 344 228 144 77
rect:111 133 169 152 5
rect:378 104 187 221 75
rect:18 86 254 105 6
Chichi1999_29.jpg 0x0
rect:256 183 62 195 52
rect:185 266 114 189 40
rect:161 272 211 265 48
Chichi1999_30.jpg 0x0
rect:25 280 79 154 73
rect:280 103 229 60 52
rect:222 170 222 53 78
rect:204 106 333 338 40
Chichi1999_31.jpg 0x0
rect:167 64 100 298 79
rect:357 126 57 203 48
Chichi1999_32.jpg 0x0
rect:231 48 54 166 81
rect:608 184 66 198 39
rect:225 233 25 155 81
rect:133 8 132 350 80
Chichi1999_33.jpg 0x0
rect:221 180 40 118 49
rect:78 56 161 424 33
rect:334 62 109 361 32
rect:149 125 38 116 49
rect:138 129 83 186 32
rect:268 101 68 211 56
Chichi1999_34.jpg 0x0
rect:101 122 371 314 10
Duzce1999_01.jpg 0x0
rect:172 62 134 245 39
rect:93 145 80 149 41
Duzce1999_02.jpg 0x0
rect:71 41 182 461 41
Duzce1999_03.jpg 0x0
rect:0 173 137 196 31
rect:85 104 149 270 42
rect:181 112 69 187 31
Gediz1970_01.jpg 0x0
rect:170 393 103 325 69
rect:189 288 71 200 69
rect:167 115 288 408 68
Guatemala1976_01.jpg 0x0
rect:504 131 73 91 41
rect:45 165 78 61 52
rect:71 230 47 58 41
rect:37 143 101 158 48
rect:442 172 102 102 48
rect:24 165 572 157 82
Guatemala1976_02.jpg 0x0
rect:203 51 285 253 48
rect:250 58 118 96 40
Guatemala1976_03.jpg 0x0
rect:16 105 856 336 75
Guatemala1976_04.jpg 0x0
rect:638 174 93 377 4
rect:362 312 92 263 4
rect:50 58 504 261 30
rect:151 26 475 68 30
Guatemala1976_05.jpg 0x0
rect:179 160 384 139 41
rect:122 145 257 206 40
rect:169 59 369 245 48
Guatemala1976_06.jpg 0x0
rect:153 111 188 569 39
Guatemala1976_07.jpg 0x0
rect:24 367 54 54 6
rect:31 222 461 332 10
rect:270 398 132 76 83
Guatemala1976_08.jpg 0x0
rect:162 26 346 313 48
rect:121 70 395 299 41
rect:450 68 221 250 40
Guatemala1976_09.jpg 0x0
rect:280 197 58 34 85
rect:644 240 69 87 84
rect:174 263 51 63 85
rect:475 211 45 42 84
rect:104 328 33 32 84
rect:874 262 68 54 85
rect:105 347 40 24 85
rect:130 265 40 22 84
Guatemala1976_10.jpg 0x0
rect:282 199 198 212 86
rect:223 139 229 156 87
rect:372 289 48 145 87
Guatemala1976_11.jpg 0x0
rect:240 293 141 239 34
GujaratIndia2001_01.jpg 0x0
rect:97 428 62 28 2
rect:130 481 192 68 2
rect:33 461 147 226 4
rect:217 454 63 40 11
Haiti2010_01.jpg 0x0
rect:217 129 179 362 41
rect:162 53 88 116 7
rect:368 415 227 168 4
rect:212 190 24 131 40
rect:617 188 102 132 4
Haiti2010_02.jpg 0x0
rect:51 92 625 160 88
rect:335 40 127 42 14
Haiti2010_03.jpg 0x0
rect:407 1 66 667 32
rect:283 608 74 57 49
rect:206 804 228 256 89
rect:156 341 232 207 32
Haiti2010_04.jpg 0x0
rect:2 197 269 189 6
rect:228 57 216 357 34
rect:215 220 210 389 41
Haiti2010_05.jpg 0x0
rect:232 255 157 131 52
rect:258 290 27 106 40
rect:229 297 29 79 40
rect:331 113 203 416 90
Haiti2010_06.jpg 0x0
rect:280 134 164 301 33
rect:363 308 53 199 32
rect:497 260 78 33 6
rect:182 287 264 286 91
rect:259 235 50 62 34
rect:436 194 468 479 91
rect:577 191 69 117 34
ImperialValley1979_01.jpg 0x0
rect:487 267 49 45 32
rect:519 394 20 21 49
rect:424 433 43 20 49
rect:462 224 27 33 50
rect:350 360 53 51 32
rect:256 258 46 72 50
rect:11 301 64 57 49
rect:12 209 129 141 32
rect:471 335 21 17 49
rect:74 219 127 95 50
rect:445 283 36 30 32
ImperialValley1979_02.jpg 0x0
rect:136 235 361 47 92
rect:362 110 73 225 50
rect:275 81 207 310 32
rect:228 145 57 163 50
rect:161 141 65 186 50
rect:254 282 130 57 49
ImperialValley1979_03.jpg 0x0
rect:311 213 58 177 50
rect:89 339 320 28 92
rect:125 207 88 178 50
rect:185 451 97 143 50
rect:168 199 159 134 32
rect:139 361 306 180 32
rect:145 502 291 38 92
Izmit1999_01.jpg 0x0
rect:254 139 38 175 27
rect:212 215 34 108 27
rect:325 88 63 146 27
rect:481 270 42 87 26
rect:164 59 472 343 34
Izmit1999_02.jpg 0x0
rect:28 129 514 278 10
Izmit1999_03.jpg 0x0
rect:149 47 410 259 93
rect:187 174 353 32 92
rect:632 89 72 259 50
rect:420 94 29 204 50
rect:263 159 43 153 50
rect:440 118 51 308 50
rect:263 56 222 408 32
rect:193 126 84 287 50
Izmit1999_04.jpg 0x0
rect:276 396 115 68 41
rect:122 327 128 63 88
rect:56 475 35 101 42
rect:350 65 60 95 48
rect:275 423 28 69 40
rect:459 287 18 60 40
rect:48 508 78 56 34
rect:56 317 67 137 41
rect:292 86 79 68 41
rect:110 438 248 160 88
Izmit1999_05.jpg 0x0
rect:107 30 574 395 10
Izmit1999_06.jpg 0x0
rect:151 166 72 292 50
rect:209 227 56 127 50
rect:81 234 85 127 50
rect:296 177 34 191 50
rect:136 199 159 95 49
rect:123 191 259 343 32
Izmit1999_07.jpg 0x0
rect:23 139 278 791 2
rect:383 316 110 371 4
rect:429 157 90 77 3
rect:217 231 33 177 3
rect:451 83 163 61 6
rect:243 286 40 113 3
rect:283 261 37 137 3
Izmit1999_08.jpg 0x0
rect:393 6 70 55 45
rect:240 192 193 101 88
rect:187 511 72 111 45
rect:129 27 116 77 34
rect:178 162 66 90 41
rect:432 101 66 89 41
rect:439 110 45 39 52
Izmit1999_09.jpg 0x0
rect:263 187 79 114 41
rect:328 218 85 126 94
rect:707 309 50 47 41
rect:281 236 45 27 41
rect:710 220 42 88 94
rect:60 145 42 70 41
Izmit1999_10.jpg 0x0
rect:363 103 152 103 40
rect:95 116 395 448 41
rect:59 177 86 250 40
rect:55 188 380 37 78
rect:142 187 88 172 40
rect:169 134 57 151 40
rect:331 488 64 35 78
rect:360 468 117 80 40
rect:113 409 251 57 78
rect:346 356 36 63 40
rect:151 387 190 43 78
Izmit1999_11.jpg 0x0
rect:161 304 68 109 40
rect:208 168 172 198 41
rect:260 500 150 125 41
rect:245 168 65 196 40
rect:292 257 79 175 40
Izmit1999_12.jpg 0x0
rect:299 369 98 189 94
rect:235 154 36 103 45
rect:536 98 35 116 41
rect:99 64 32 25 6
rect:109 256 38 52 40
rect:14 66 50 17 6
rect:255 142 59 32 6
rect:46 253 78 68 52
rect:284 127 48 64 7
rect:1 233 32 37 41
rect:247 330 62 111 52
rect:126 189 55 48 88
rect:52 328 61 91 94
rect:371 197 46 140 42
rect:432 27 85 53 34
rect:603 205 73 71 41
rect:528 143 239 152 91
rect:239 328 87 143 41
Izmit1999_13.jpg 0x0
rect:231 207 52 106 41
rect:268 115 75 258 41
rect:5 76 112 206 42
rect:111 103 57 43 6
rect:189 83 205 367 48
rect:374 97 64 109 41
rect:144 283 114 131 94
rect:208 302 90 74 52
rect:99 283 24 74 41
Izmit1999_14.jpg 0x0
rect:573 190 62 45 34
rect:280 191 77 81 35
rect:444 7 107 50 35
rect:65 141 110 81 34
rect:185 410 55 30 34
rect:360 445 28 20 34
rect:292 39 54 49 95
rect:358 232 48 41 34
rect:596 101 104 72 34
Izmit1999_15.jpg 0x0
rect:167 231 273 319 42
Izmit1999_16.jpg 0x0
rect:126 114 153 134 41
rect:68 66 316 553 33
rect:168 112 33 123 40
rect:122 73 180 215 39
Izmit1999_17.jpg 0x0
rect:98 94 222 304 41
Izmit1999_18.jpg 0x0
rect:216 213 117 145 41
rect:228 168 127 264 39
Izmit1999_19.jpg 0x0
rect:596 183 24 122 50
rect:315 140 295 165 32
rect:404 140 24 83 50
rect:179 100 311 278 96
Kobe1995_01.jpg 0x0
rect:27 205 725 170 63
Kobe1995_02.jpg 0x0
rect:2 69 608 566 68
Kobe1995_03.jpg 0x0
rect:44 42 410 571 10
Kobe1995_04.jpg 0x0
rect:327 373 62 48 41
Kobe1995_05.jpg 0x0
rect:93 379 397 116 78
rect:4 177 169 464 40
rect:138 213 189 440 52
rect:41 302 435 87 78
rect:387 158 201 427 40
Kobe1995_06.jpg 0x0
rect:183 399 272 467 42
rect:45 141 439 454 41
Kobe1995_07.jpg 0x0
rect:327 181 36 54 39
rect:308 344 37 21 39
rect:428 123 48 42 39
rect:563 220 32 60 39
rect:472 274 30 37 39
rect:189 478 33 50 39
rect:565 352 48 43 39
rect:45 379 40 32 39
rect:155 374 35 28 39
rect:236 321 41 46 39
rect:95 332 46 25 39
rect:183 123 25 44 39
rect:142 321 39 43 39
rect:154 322 29 40 39
rect:420 492 37 55 39
rect:192 100 36 26 39
rect:253 205 32 41 39
rect:424 253 30 26 39
rect:428 154 48 31 39
rect:454 237 47 35 39
rect:307 169 33 44 39
rect:383 357 29 34 39
rect:205 151 40 35 39
rect:179 363 32 36 39
rect:61 234 30 57 39
rect:145 177 46 37 39
Kobe1995_08.jpg 0x0
rect:328 51 504 247 97
Kobe1995_09.jpg 0x0
rect:264 512 150 92 97
rect:125 736 49 73 88
rect:137 556 79 61 88
rect:116 591 72 102 88
SanSalvador_1986_01.jpg 0x0
rect:55 3 107 199 68
rect:216 132 78 150 41
SanSalvador_1986_02.jpg 0x0
rect:502 141 53 51 42
rect:402 165 15 37 41
rect:338 181 33 33 41
rect:171 151 33 26 41
rect:218 264 25 53 41
rect:373 206 34 36 41
rect:493 213 29 43 41
rect:183 185 30 33 41
rect:665 274 41 47 41
SikkimIndia2001_01.jpg 0x0
rect:196 119 132 149 34
SikkimIndia2001_02.jpg 0x0
rect:351 184 109 18 16
rect:9 5 416 70 16
rect:553 120 91 180 33
rect:250 269 103 55 16
rect:11 175 43 58 54
rect:564 145 83 45 16
rect:-17 2 422 122 33
rect:140 73 253 353 33
SikkimIndia2001_03.jpg 0x0
rect:310 144 102 134 70
rect:201 69 74 190 69
rect:240 14 129 502 98
SikkimIndia2001_04.jpg 0x0
rect:3 40 228 340 99
rect:280 132 90 199 34
rect:268 244 323 125 99
SumatraInd2009_01.jpg 0x0
rect:353 29 82 350 81
SumatraInd2009_02.jpg 0x0
rect:205 60 139 211 41
WhittierNarrows1987_01.jpg 0x0
rect:19 33 790 419 10
WhittierNarrows1987_02.jpg 0x0
rect:122 286 111 218 41
WhittierNarrows1987_03.jpg 0x0
rect:190 98 169 318 32
WhittierNarrows1987_04.jpg 0x0
rect:294 13 207 147 100
rect:187 8 209 62 6
rect:295 63 88 170 41
YogyakartaInd2006_01.jpg 0x0
rect:269 29 422 327 32
rect:228 109 286 95 49
rect:155 -20 276 469 29
YogyakartaInd2006_02.jpg 0x0
rect:353 87 101 230 70
rect:350 64 129 565 98
rect:372 144 45 253 69
