Anchorage1964_01.jpg 0x0
rect:72 419 298 181 1
rect:101 7 169 156 1
Anchorage1964_02.jpg 0x0
rect:231 249 25 82 3
rect:33 178 120 54 5
rect:523 340 17 66 3
rect:381 242 26 70 3
rect:519 268 68 73 4
rect:67 27 68 12 6
rect:612 290 13 43 3
rect:44 23 152 55 5
rect:194 89 82 100 4
rect:566 67 132 120 8
rect:340 249 32 70 3
rect:269 231 25 68 3
rect:168 126 60 61 7
rect:310 29 176 101 4
rect:499 304 17 51 3
rect:404 278 24 60 3
rect:137 201 44 12 6
rect:69 237 29 22 6
rect:209 314 285 98 2
Anchorage1964_03.jpg 0x0
rect:2 283 243 90 9
rect:0 349 732 52 10
rect:185 61 393 142 9
Anchorage1964_04.jpg 0x0
rect:251 233 15 39 1
rect:129 100 24 16 5
rect:182 291 28 23 5
rect:385 63 30 16 5
rect:183 321 46 22 5
rect:196 53 43 15 5
rect:246 106 31 15 5
rect:158 333 27 19 5
rect:250 152 19 25 1
rect:377 391 8 1 1
rect:190 202 27 21 5
rect:262 492 16 20 1
rect:335 168 20 18 5
rect:344 245 28 26 5
rect:319 125 16 21 1
rect:341 300 19 31 1
rect:194 498 53 17 2
rect:324 308 12 20 1
rect:413 340 37 20 5
rect:166 452 43 19 5
rect:199 144 31 19 5
rect:203 245 24 21 1
rect:258 313 27 18 5
rect:251 361 18 30 1
rect:333 458 21 24 1
rect:134 292 30 23 5
rect:231 133 23 23 1
rect:207 457 34 25 5
rect:352 378 34 19 5
rect:452 233 21 17 5
rect:252 37 23 18 5
rect:220 23 23 15 5
rect:407 180 43 25 5
rect:205 365 13 22 1
rect:281 363 30 21 5
rect:322 293 30 19 8
rect:466 476 42 12 5
rect:268 93 30 16 5
rect:166 184 22 20 5
Anchorage1964_05.jpg 0x0
rect:549 345 68 35 5
rect:183 191 125 28 5
rect:531 212 57 67 1
rect:558 85 53 50 1
rect:102 121 21 66 1
rect:379 28 36 53 1
rect:31 329 24 72 1
rect:513 1 53 60 1
rect:58 331 23 47 1
rect:452 309 43 80 8
rect:46 248 26 41 1
rect:370 187 52 66 1
rect:60 73 21 46 1
rect:158 31 115 52 6
rect:126 153 155 35 6
rect:192 47 101 27 5
rect:642 89 36 75 1
rect:475 210 38 25 6
rect:78 181 15 43 1
rect:679 244 75 35 5
rect:69 206 16 34 1
rect:562 309 57 15 6
rect:306 172 26 18 11
rect:229 244 131 86 2
rect:109 28 26 48 1
rect:460 184 42 23 11
rect:420 199 49 88 8
rect:112 270 22 48 1
rect:575 253 56 66 1
Anchorage1964_06.jpg 0x0
rect:130 95 271 472 12
rect:144 162 78 361 3
rect:174 232 88 103 11
Anchorage1964_07.jpg 0x0
rect:8 47 801 357 2
rect:194 2 147 59 2
rect:447 123 69 140 13
rect:344 106 165 184 11
rect:15 247 250 35 11
rect:7 301 355 36 14
rect:372 308 408 189 2
rect:519 202 65 77 11
rect:313 97 53 155 3
Anchorage1964_08.jpg 0x0
rect:48 484 81 147 1
rect:310 232 82 137 1
rect:241 338 150 153 1
rect:61 234 70 105 1
rect:427 43 128 103 1
rect:65 59 137 151 1
Anchorage1964_09.jpg 0x0
rect:750 172 1 1 16
rect:78 211 86 90 1
rect:18 107 21 12 16
rect:788 105 175 20 15
rect:589 24 83 79 8
rect:15 20 66 13 16
rect:15 15 339 16 15
rect:317 193 53 55 1
rect:708 195 70 83 1
rect:149 120 227 9 15
rect:110 30 93 59 8
rect:804 8 103 14 16
rect:590 7 312 13 15
rect:91 336 94 80 8
rect:638 341 56 76 8
rect:13 129 111 21 15
rect:50 118 61 10 16
rect:398 105 100 20 15
rect:353 198 83 59 1
Anchorage1964_10.jpg 0x0
rect:227 302 83 88 17
rect:223 189 258 65 18
rect:54 231 353 272 1
rect:83 426 265 146 18
Anchorage1964_11.jpg 0x0
rect:251 191 269 21 15
rect:121 198 516 78 2
rect:328 299 297 38 11
rect:410 125 207 103 1
rect:85 481 589 13 14
rect:164 53 220 105 4
rect:650 5 79 42 1
rect:104 424 528 19 14
Anchorage1964_12.jpg 0x0
rect:337 74 58 243 3
rect:371 82 169 115 11
rect:12 67 453 309 2
rect:189 200 26 119 3
rect:513 106 53 177 3
Anchorage1964_13.jpg 0x0
rect:269 461 179 30 2
rect:546 442 39 163 20
rect:401 654 130 14 19
Anchorage1964_14.jpg 0x0
rect:238 316 94 68 21
rect:330 255 151 49 15
rect:172 16 75 688 20
rect:22 605 36 51 22
rect:328 606 199 72 23
rect:202 586 37 43 22
rect:98 277 187 44 15
rect:35 428 37 72 22
rect:124 550 51 82 22
rect:7 765 204 69 11
rect:317 6 60 138 11
rect:278 12 72 190 11
Anchorage1964_15.jpg 0x0
rect:206 10 71 54 4
rect:316 576 299 56 2
rect:350 7 92 53 4
rect:294 330 220 32 15
rect:193 84 75 420 20
rect:499 263 94 32 24
rect:291 305 118 39 11
rect:366 116 36 67 25
rect:216 135 32 66 11
Anchorage1964_16.jpg 0x0
rect:222 249 225 138 11
rect:14 284 50 72 2
rect:64 247 109 124 11
rect:17 141 147 164 2
rect:242 99 208 95 2
rect:624 229 191 198 2
Anchorage1964_17.jpg 0x0
rect:7 174 641 177 10
rect:211 48 236 278 9
rect:14 137 288 152 9
Anchorage1964_18.jpg 0x0
rect:421 193 34 51 11
rect:139 184 16 57 11
rect:707 206 72 21 2
rect:420 199 109 95 4
rect:529 356 39 22 2
rect:171 205 90 56 11
rect:534 136 87 80 4
rect:511 269 91 17 2
rect:157 135 80 141 4
rect:361 296 352 37 15
Anchorage1964_19.jpg 0x0
rect:858 100 8 6 26
rect:684 161 41 28 28
rect:29 283 28 105 27
rect:390 76 33 70 29
rect:374 94 29 24 26
rect:5 236 76 145 26
rect:456 189 9 21 26
rect:463 293 19 25 26
rect:421 153 22 45 26
rect:244 67 74 40 26
rect:320 362 46 73 26
rect:315 163 7 18 26
rect:230 53 89 144 29
rect:603 136 8 13 26
rect:254 105 29 31 27
rect:448 114 15 55 29
rect:368 221 22 35 26
rect:399 164 48 39 28
Anchorage1964_20.jpg 0x0
rect:229 466 63 136 26
rect:236 79 63 61 27
rect:254 115 106 85 26
rect:458 630 36 74 26
rect:195 72 116 100 29
Anchorage1964_21.jpg 0x0
rect:-6 89 74 195 29
rect:212 140 788 159 30
rect:2 72 46 45 26
rect:52 211 23 23 26
Bingol2003_01.jpg 0x0
rect:485 330 59 66 6
rect:2 237 999 276 10
rect:444 446 167 52 6
rect:419 336 48 217 32
rect:1017 434 73 68 33
rect:830 104 116 104 6
rect:698 57 102 53 6
rect:294 375 116 111 6
rect:34 287 88 78 33
rect:208 242 90 95 33
rect:684 297 107 91 33
rect:601 317 217 198 31
rect:444 135 65 117 34
rect:679 199 53 52 6
rect:941 488 102 48 33
rect:546 264 35 47 34
rect:592 94 188 252 31
rect:257 207 66 93 33
rect:165 102 91 34 6
Bingol2003_02.jpg 0x0
rect:406 163 472 161 35
rect:120 370 203 293 32
rect:1078 82 116 55 36
rect:178 93 329 229 34
rect:257 230 614 590 31
rect:316 430 109 79 6
rect:155 250 78 354 32
rect:489 378 112 75 26
Bingol2003_03.jpg 0x0
rect:864 470 277 461 2
rect:106 56 140 83 33
rect:483 187 219 485 4
rect:386 177 274 219 2
rect:456 245 214 90 11
rect:99 32 143 26 2
rect:657 -10 208 280 4
Bingol2003_04.jpg 0x0
rect:145 427 36 89 3
rect:104 779 28 96 3
rect:69 426 116 76 2
rect:307 312 178 203 4
rect:137 604 34 109 3
rect:190 405 290 174 2
rect:330 743 80 104 2
rect:331 452 48 134 3
CanterburyNZSeries2010_01.jpg 0x0
rect:98 98 139 335 12
CanterburyNZSeries2010_02.jpg 0x0
rect:52 9 182 279 37
rect:48 58 118 208 6
CanterburyNZSeries2010_03.jpg 0x0
rect:33 83 444 101 38
CanterburyNZSeries2010_04.jpg 0x0
rect:206 511 81 317 41
rect:380 413 16 62 40
rect:219 414 29 161 40
rect:255 489 30 91 40
rect:220 9 116 220 42
rect:361 466 24 46 40
rect:399 402 56 167 40
rect:284 360 214 330 39
CanterburyNZSeries2010_05.jpg 0x0
rect:211 228 100 112 15
rect:266 297 276 310 4
CanterburyNZSeries2010_06.jpg 0x0
rect:179 166 321 120 2
rect:68 91 962 686 4
CanterburyNZSeries2010_08.jpg 0x0
rect:397 136 188 312 43
rect:505 508 88 101 44
rect:929 401 75 175 44
rect:774 442 37 182 32
CanterburyNZSeries2010_09.jpg 0x0
rect:222 222 152 411 39
rect:177 105 179 170 45
CanterburyNZSeries2010_10.jpg 0x0
rect:166 591 204 80 6
rect:281 252 304 225 6
rect:356 236 181 104 7
rect:374 341 145 61 46
CanterburyNZSeries2010_11.jpg 0x0
rect:357 382 206 141 5
rect:357 193 238 97 7
CanterburyNZSeries2010_12.jpg 0x0
rect:5 340 1227 298 47
rect:665 607 144 51 11
rect:158 363 203 51 11
rect:44 226 857 261 2
CanterburyNZSeries2010_13.jpg 0x0
rect:456 204 89 525 11
rect:141 14 519 561 12
Caracas1967_01.jpg 0x0
rect:347 164 9 57 48
rect:307 141 82 78 48
rect:280 149 28 82 48
rect:477 91 174 306 48
Caracas1967_02.jpg 0x0
rect:172 222 250 292 51
rect:137 541 30 43 50
rect:330 1 118 121 15
rect:169 334 51 62 49
Caracas1967_03.jpg 0x0
rect:188 268 43 44 27
rect:17 259 223 119 6
rect:316 415 35 91 27
rect:212 435 110 133 34
rect:293 452 83 92 26
rect:340 62 87 131 14
Caracas1967_04.jpg 0x0
rect:188 390 51 130 26
rect:161 270 216 121 34
rect:130 475 20 106 27
Caracas1967_05.jpg 0x0
rect:388 289 53 180 40
rect:77 372 239 243 52
rect:54 114 312 437 41
rect:155 380 55 243 40
rect:144 414 56 170 40
rect:30 64 411 605 48
rect:400 237 42 326 40
rect:177 321 47 282 40
rect:64 281 55 184 40
rect:317 185 162 191 52
Caracas1967_06.jpg 0x0
rect:374 70 386 241 7
rect:241 220 75 46 6
Caracas1967_07.jpg 0x0
rect:276 123 57 229 27
rect:331 7 119 366 34
rect:503 238 80 143 53
rect:444 187 166 249 34
rect:193 137 120 238 34
rect:482 398 96 73 53
rect:434 64 23 217 27
Caracas1967_08.jpg 0x0
rect:218 338 66 116 54
rect:189 352 62 71 55
rect:326 258 70 161 54
Caracas1967_09.jpg 0x0
rect:25 308 62 52 48
rect:137 203 104 74 48
rect:60 239 42 74 48
rect:463 15 176 160 48
Caracas1967_10.jpg 0x0
rect:42 275 235 442 41
rect:22 208 486 446 48
rect:437 338 79 211 40
rect:389 215 115 224 40
Caracas1967_11.jpg 0x0
rect:223 16 128 203 41
rect:65 307 265 499 41
rect:41 16 538 588 48
Caracas1967_12.jpg 0x0
rect:536 202 30 34 34
rect:855 324 24 55 32
rect:224 352 31 39 56
rect:856 384 20 77 32
Caracas1967_13.jpg 0x0
rect:174 400 101 227 55
Caracas1967_14.jpg 0x0
rect:152 163 547 166 57
rect:110 348 335 46 6
Chichi1999_01.jpg 0x0
rect:4 6 588 187 58
rect:283 178 53 180 42
Chichi1999_02.jpg 0x0
rect:270 129 233 331 59
rect:5 131 380 204 58
Chichi1999_03.jpg 0x0
rect:0 192 880 123 58
rect:65 137 83 137 60
Chichi1999_04.jpg 0x0
rect:184 -18 51 130 48
rect:236 267 81 350 48
rect:223 274 35 77 52
Chichi1999_05.jpg 0x0
rect:270 102 52 41 41
rect:437 273 23 43 41
rect:459 221 39 86 52
rect:403 123 119 257 48
Chichi1999_06.jpg 0x0
rect:816 191 51 64 41
rect:286 293 18 41 52
rect:577 -15 64 94 61
rect:145 18 403 150 10
rect:273 161 61 63 62
rect:328 194 57 116 48
Chichi1999_07.jpg 0x0
rect:347 156 29 25 64
rect:325 200 37 143 48
rect:677 210 61 117 48
rect:590 218 17 21 64
rect:47 145 411 173 63
rect:181 134 54 166 48
rect:201 146 30 48 64
Chichi1999_08.jpg 0x0
rect:105 14 489 335 10
Chichi1999_09.jpg 0x0
rect:206 98 105 69 41
rect:201 86 57 76 40
rect:164 92 35 79 40
rect:180 78 241 138 48
Chichi1999_10.jpg 0x0
rect:166 20 416 457 10
Chichi1999_11.jpg 0x0
rect:167 151 81 113 65
rect:2 167 162 361 10
Chichi1999_12.jpg 0x0
rect:10 20 504 728 66
Chichi1999_13.jpg 0x0
rect:35 36 803 526 10
Chichi1999_14.jpg 0x0
rect:79 500 37 30 67
rect:169 555 30 33 67
rect:124 385 27 54 67
rect:451 432 45 38 67
rect:133 400 23 67 67
rect:154 230 40 71 67
rect:113 310 51 46 67
rect:110 145 76 49 67
rect:227 294 37 49 67
rect:252 268 40 49 39
rect:377 490 19 27 39
rect:330 296 25 35 39
rect:117 313 80 61 67
rect:91 558 38 61 67
rect:271 206 19 51 67
rect:302 654 87 80 67
rect:238 420 27 39 39
Chichi1999_15.jpg 0x0
rect:276 30 192 485 41
Chichi1999_16.jpg 0x0
rect:125 97 84 157 32
Chichi1999_17.jpg 0x0
rect:164 408 31 59 32
Chichi1999_18.jpg 0x0
rect:293 255 36 189 69
rect:176 225 47 111 69
rect:153 187 185 342 68
rect:242 398 56 96 70
rect:204 182 22 131 69
rect:245 325 36 138 69
Chichi1999_19.jpg 0x0
rect:151 22 206 311 2
rect:198 125 212 292 3
YogyakartaInd2006_03.jpg 0x0
rect:251 111 83 27 15
rect:180 478 160 32 15
rect:467 53 116 71 15
rect:230 316 401 159 71
rect:341 457 52 20 16
rect:264 22 71 2 15
rect:424 60 113 51 16
rect:242 206 24 8 16
Chichi1999_20.jpg 0x0
rect:184 490 66 201 41
rect:233 183 131 417 42
Chichi1999_21.jpg 0x0
rect:209 278 105 132 6
rect:89 362 197 80 5
rect:479 8 151 123 57
rect:180 129 230 307 72
rect:247 42 224 250 37
rect:517 94 169 93 6
rect:182 269 198 191 37
rect:19 4 264 116 30
Chichi1999_22.jpg 0x0
rect:264 246 18 15 73
rect:226 140 296 145 10
rect:387 307 16 23 73
rect:252 299 18 21 73
Chichi1999_23.jpg 0x0
rect:377 140 42 78 73
rect:379 124 24 20 26
rect:120 197 40 61 73
rect:348 160 28 22 27
rect:4 69 546 195 74
rect:108 415 47 89 73
rect:321 243 84 106 73
rect:195 160 20 28 34
rect:117 257 48 62 34
rect:403 363 34 91 34
Chichi1999_24.jpg 0x0
rect:3 348 375 164 74
rect:185 321 60 68 34
rect:188 122 157 108 75
rect:214 186 43 79 46
rect:236 324 1 2 46
Chichi1999_25.jpg 0x0
rect:180 261 223 339 73
rect:218 253 40 81 26
rect:182 288 82 230 34
Chichi1999_26.jpg 0x0
rect:108 695 78 70 26
rect:158 510 179 104 73
rect:268 184 44 113 73
rect:215 276 134 458 76
rect:328 13 52 27 73
rect:124 369 122 132 27
Chichi1999_27.jpg 0x0
rect:175 209 115 271 32
Chichi1999_28.jpg 0x0
rect:23 81 230 141 6
rect:326 99 150 261 75
rect:116 135 147 167 5
rect:335 265 259 80 77
Chichi1999_29.jpg 0x0
rect:295 254 106 180 40
rect:191 211 76 136 52
rect:176 186 245 383 48
Chichi1999_30.jpg 0x0
rect:39 308 130 196 73
rect:222 131 151 83 52
rect:249 234 164 77 78
rect:145 134 310 328 40
Chichi1999_31.jpg 0x0
rect:143 97 121 366 79
rect:507 74 59 227 48
Chichi1999_32.jpg 0x0
rect:212 10 69 475 80
rect:389 158 62 229 39
rect:129 267 31 98 81
rect:147 53 48 138 81
Chichi1999_33.jpg 0x0
rect:234 122 133 257 56
rect:249 73 113 340 32
rect:161 177 54 122 49
rect:236 106 48 100 49
rect:84 79 159 407 33
rect:115 140 73 294 32
Chichi1999_34.jpg 0x0
rect:105 79 493 481 10
Duzce1999_01.jpg 0x0
rect:119 158 74 150 41
rect:94 70 88 253 39
Duzce1999_02.jpg 0x0
rect:93 62 186 483 41
Duzce1999_03.jpg 0x0
rect:82 121 124 298 42
rect:0 169 91 260 31
rect:203 115 97 219 31
Gediz1970_01.jpg 0x0
rect:95 275 77 334 69
rect:107 124 199 390 68
rect:169 518 62 190 69
Guatemala1976_01.jpg 0x0
rect:71 185 62 50 52
rect:591 154 53 81 41
rect:24 88 453 197 82
rect:486 112 124 102 48
rect:52 129 46 41 41
rect:46 182 120 107 48
Guatemala1976_02.jpg 0x0
rect:183 78 69 115 40
rect:200 70 278 206 48
Guatemala1976_03.jpg 0x0
rect:22 86 533 423 75
Guatemala1976_04.jpg 0x0
rect:758 150 118 229 4
rect:361 212 81 267 4
rect:34 59 447 279 30
rect:167 30 270 72 30
Guatemala1976_05.jpg 0x0
rect:216 122 231 164 41
rect:147 103 347 438 48
rect:120 131 418 185 40
Guatemala1976_06.jpg 0x0
rect:110 119 246 326 39
Guatemala1976_07.jpg 0x0
rect:25 244 78 46 6
rect:24 251 385 309 10
rect:219 461 98 104 83
Guatemala1976_08.jpg 0x0
rect:345 101 224 382 40
rect:142 44 374 450 41
rect:163 26 339 505 48
Guatemala1976_09.jpg 0x0
rect:734 245 77 54 85
rect:382 226 49 67 84
rect:375 335 70 23 85
rect:143 173 68 51 85
rect:82 337 28 29 84
rect:162 330 39 37 84
rect:685 307 73 57 84
rect:106 339 38 36 85
Guatemala1976_10.jpg 0x0
rect:393 374 35 154 87
rect:204 137 219 243 86
rect:230 115 301 204 87
Guatemala1976_11.jpg 0x0
rect:152 205 97 174 34
GujaratIndia2001_01.jpg 0x0
rect:124 494 249 94 2
rect:55 337 51 45 2
rect:30 287 178 160 4
rect:389 300 61 42 11
Haiti2010_01.jpg 0x0
rect:402 375 199 244 4
rect:194 102 200 411 41
rect:264 265 19 173 40
rect:455 193 127 125 4
rect:180 58 125 78 7
Haiti2010_02.jpg 0x0
rect:51 118 623 154 88
rect:379 35 216 50 14
Haiti2010_03.jpg 0x0
rect:237 636 70 56 49
rect:357 1 74 452 32
rect:243 582 204 267 89
rect:182 481 241 255 32
Haiti2010_04.jpg 0x0
rect:2 124 347 171 6
rect:234 34 178 323 34
rect:168 283 404 393 41
Haiti2010_05.jpg 0x0
rect:317 233 36 95 40
rect:242 150 330 359 90
rect:281 309 192 92 52
rect:297 205 46 91 40
Haiti2010_06.jpg 0x0
rect:414 315 87 298 32
rect:331 213 58 54 6
rect:603 173 457 664 91
rect:355 164 221 331 33
rect:159 254 27 60 34
rect:222 246 368 359 91
rect:392 158 74 112 34
ImperialValley1979_01.jpg 0x0
rect:520 212 25 31 32
rect:517 271 34 40 50
rect:48 254 108 83 50
rect:592 419 21 19 49
rect:14 420 73 70 49
rect:536 380 57 40 32
rect:374 338 66 63 32
rect:510 242 23 26 49
rect:224 411 44 65 50
rect:13 375 168 165 32
rect:440 337 50 21 49
ImperialValley1979_02.jpg 0x0
rect:413 151 78 202 50
rect:185 91 58 242 50
rect:281 156 60 165 50
rect:209 227 139 44 49
rect:261 117 237 225 32
rect:162 245 296 70 92
ImperialValley1979_03.jpg 0x0
rect:233 280 66 122 50
rect:115 309 225 151 32
rect:279 248 50 241 50
rect:144 516 299 43 92
rect:169 187 219 142 32
rect:96 367 340 31 92
rect:101 358 107 165 50
Izmit1999_01.jpg 0x0
rect:202 64 39 229 27
rect:582 226 41 75 26
rect:259 123 57 172 27
rect:290 184 36 109 27
rect:170 89 481 286 34
Izmit1999_02.jpg 0x0
rect:32 113 658 239 10
Izmit1999_03.jpg 0x0
rect:107 51 394 286 93
rect:391 81 25 294 50
rect:214 69 61 334 50
rect:355 106 47 208 50
rect:617 102 45 341 50
rect:156 59 317 386 32
rect:234 109 36 202 50
rect:173 267 264 40 92
Izmit1999_04.jpg 0x0
rect:357 90 96 72 48
rect:271 327 105 63 41
rect:67 475 64 58 34
rect:140 402 197 128 88
rect:284 388 17 81 40
rect:79 523 39 85 41
rect:49 592 43 97 42
rect:363 100 95 77 41
rect:290 269 23 68 40
rect:163 228 170 58 88
Izmit1999_05.jpg 0x0
rect:99 22 515 546 10
Izmit1999_06.jpg 0x0
rect:333 246 39 183 50
rect:286 218 58 109 50
rect:89 238 83 210 50
rect:138 184 192 86 49
rect:102 203 263 361 32
rect:154 182 95 202 50
Izmit1999_07.jpg 0x0
rect:181 358 45 177 3
rect:236 225 31 146 3
rect:148 277 41 75 3
rect:371 86 170 40 6
rect:379 124 90 82 3
rect:300 338 122 373 4
rect:23 91 409 800 2
Izmit1999_08.jpg 0x0
rect:534 111 43 39 52
rect:179 366 77 86 45
rect:182 25 113 100 34
rect:186 243 244 111 88
rect:496 5 78 90 45
rect:168 160 66 104 41
rect:700 113 78 98 41
Izmit1999_09.jpg 0x0
rect:813 277 75 74 41
rect:226 198 42 34 41
rect:362 232 90 72 94
rect:403 241 92 98 41
rect:49 165 45 57 41
rect:761 288 69 53 94
Izmit1999_10.jpg 0x0
rect:76 157 364 381 41
rect:205 410 108 78 40
rect:59 187 77 239 40
rect:206 535 77 37 78
rect:313 568 50 103 40
rect:190 188 91 221 40
rect:234 483 121 40 78
rect:45 251 267 56 78
rect:142 311 247 64 78
rect:223 179 71 164 40
rect:202 123 92 126 40
Izmit1999_11.jpg 0x0
rect:112 243 83 166 40
rect:144 454 94 101 41
rect:163 201 104 150 41
rect:259 242 53 144 40
rect:255 192 93 161 40
Izmit1999_12.jpg 0x0
rect:62 238 36 41 40
rect:284 119 34 33 6
rect:532 152 82 56 7
rect:244 230 80 92 52
rect:85 74 47 19 6
rect:440 130 41 57 45
rect:340 65 33 111 41
rect:18 93 50 24 6
rect:335 25 81 71 34
rect:268 169 41 147 42
rect:42 320 67 83 52
rect:564 155 177 248 91
rect:137 206 92 53 88
rect:595 145 39 74 41
rect:1 287 42 49 41
rect:261 309 65 141 41
rect:228 310 98 195 94
rect:40 210 76 67 94
Izmit1999_13.jpg 0x0
rect:191 222 87 66 52
rect:5 61 74 145 42
rect:321 95 145 330 48
rect:145 310 128 171 94
rect:367 123 49 102 41
rect:229 293 44 89 41
rect:428 207 122 217 41
rect:118 166 65 50 6
rect:169 200 28 71 41
Izmit1999_14.jpg 0x0
rect:349 47 63 49 95
rect:417 418 37 24 34
rect:225 348 53 30 34
rect:450 163 69 85 35
rect:521 71 77 82 34
rect:469 234 63 45 34
rect:66 168 127 81 34
rect:555 438 65 40 34
rect:481 7 130 77 35
Izmit1999_15.jpg 0x0
rect:134 199 172 376 42
Izmit1999_16.jpg 0x0
rect:229 111 47 131 40
rect:109 78 203 306 39
rect:121 106 136 162 41
rect:89 63 510 609 33
Izmit1999_17.jpg 0x0
rect:108 146 241 299 41
Izmit1999_18.jpg 0x0
rect:231 115 137 320 39
rect:166 223 122 195 41
Izmit1999_19.jpg 0x0
rect:315 192 24 58 50
rect:173 111 240 407 96
rect:342 128 30 114 50
rect:212 124 332 225 32
Kobe1995_01.jpg 0x0
rect:26 135 842 132 63
Kobe1995_02.jpg 0x0
rect:2 66 374 451 68
Kobe1995_03.jpg 0x0
rect:32 58 362 754 10
Kobe1995_04.jpg 0x0
rect:264 276 45 38 41
Kobe1995_05.jpg 0x0
rect:164 145 228 483 52
rect:54 346 565 86 78
rect:310 181 129 554 40
rect:3 131 152 391 40
rect:86 596 227 153 78
Kobe1995_06.jpg 0x0
rect:43 106 366 468 41
rect:188 360 387 282 42
Kobe1995_07.jpg 0x0
rect:194 334 35 34 39
rect:56 358 29 37 39
rect:347 202 38 37 39
rect:45 231 45 28 39
rect:263 158 27 54 39
rect:231 288 39 42 39
rect:474 259 48 23 39
rect:192 518 34 51 39
rect:382 305 40 33 39
rect:216 167 39 40 39
rect:110 241 26 30 39
rect:107 340 29 53 39
rect:251 108 25 39 39
rect:448 303 33 48 39
rect:247 491 35 46 39
rect:120 110 29 49 39
rect:426 135 33 42 39
rect:354 181 40 34 39
rect:289 262 38 40 39
rect:446 134 37 49 39
rect:156 331 27 41 39
rect:242 512 45 30 39
rect:302 368 42 23 39
rect:203 509 53 43 39
rect:427 121 30 40 39
rect:230 256 29 39 39
Kobe1995_08.jpg 0x0
rect:211 62 357 199 97
Kobe1995_09.jpg 0x0
rect:114 717 66 102 88
rect:165 486 192 78 97
rect:99 424 76 87 88
rect:123 446 75 55 88
SanSalvador_1986_01.jpg 0x0
rect:67 3 85 210 68
rect:181 168 106 206 41
SanSalvador_1986_02.jpg 0x0
rect:356 151 40 48 41
rect:428 138 16 22 41
rect:129 133 28 23 41
rect:223 225 27 31 41
rect:609 311 33 43 41
rect:427 169 53 32 42
rect:371 205 49 42 41
rect:177 305 39 43 41
rect:173 355 22 50 41
SikkimIndia2001_01.jpg 0x0
rect:223 205 148 91 34
SikkimIndia2001_02.jpg 0x0
rect:422 179 107 19 16
rect:11 126 71 41 54
rect:217 289 109 40 16
rect:-12 2 276 92 33
rect:468 121 117 154 33
rect:400 139 106 40 16
rect:237 68 145 488 33
rect:10 7 362 55 16
SikkimIndia2001_03.jpg 0x0
rect:191 125 54 137 69
rect:254 13 165 645 98
rect:271 143 121 132 70
SikkimIndia2001_04.jpg 0x0
rect:321 182 254 133 99
rect:3 26 264 333 99
rect:263 139 139 123 34
SumatraInd2009_01.jpg 0x0
rect:224 23 62 303 81
SumatraInd2009_02.jpg 0x0
rect:260 71 207 211 41
WhittierNarrows1987_01.jpg 0x0
rect:17 32 799 387 10
WhittierNarrows1987_02.jpg 0x0
rect:215 217 145 358 41
WhittierNarrows1987_03.jpg 0x0
rect:202 175 180 303 32
WhittierNarrows1987_04.jpg 0x0
rect:197 6 258 90 6
rect:258 58 72 259 41
rect:312 11 247 153 100
YogyakartaInd2006_01.jpg 0x0
rect:184 -22 286 662 29
rect:286 39 376 231 32
rect:240 123 336 99 49
YogyakartaInd2006_02.jpg 0x0
rect:359 54 128 424 98
rect:293 139 46 151 69
rect:256 134 60 150 70
