Anchorage1964_01.jpg 0x0
rect:70 391 190 192 1
rect:82 8 218 209 1
Anchorage1964_02.jpg 0x0
rect:114 175 78 55 7
rect:44 24 149 40 5
rect:337 267 28 72 3
rect:328 293 35 55 3
rect:647 63 162 82 8
rect:33 238 123 34 5
rect:154 250 56 19 6
rect:667 243 19 51 3
rect:523 319 19 51 3
rect:637 182 12 70 3
rect:164 363 19 83 3
rect:301 40 265 113 4
rect:77 172 31 17 6
rect:74 43 84 15 6
rect:248 279 292 133 2
rect:256 94 84 53 4
rect:363 201 77 44 4
rect:321 271 26 49 3
rect:425 322 30 64 3
Anchorage1964_03.jpg 0x0
rect:2 179 207 95 9
rect:0 277 611 50 10
rect:244 70 424 243 9
Anchorage1964_04.jpg 0x0
rect:330 127 25 19 5
rect:354 346 21 13 5
rect:298 117 25 35 1
rect:171 77 27 18 5
rect:197 459 8 1 1
rect:243 331 12 19 1
rect:199 484 35 21 5
rect:413 245 32 22 5
rect:179 188 25 22 5
rect:129 558 37 22 5
rect:160 295 40 14 5
rect:422 63 30 17 5
rect:422 115 32 21 5
rect:164 150 29 17 5
rect:263 446 28 33 1
rect:353 299 39 18 5
rect:425 192 21 15 5
rect:388 294 24 21 5
rect:290 131 18 26 1
rect:206 304 16 27 1
rect:262 362 41 18 5
rect:370 349 22 22 1
rect:240 414 62 15 2
rect:288 378 21 17 1
rect:271 276 23 21 5
rect:157 396 34 16 5
rect:275 264 22 28 1
rect:345 240 14 29 1
rect:124 247 35 21 5
rect:362 69 31 22 5
rect:118 132 24 16 5
rect:359 225 18 18 1
rect:242 344 27 19 5
rect:258 336 17 19 1
rect:195 23 34 12 5
rect:139 69 35 12 5
rect:281 258 20 28 8
rect:357 30 38 25 5
rect:126 306 23 13 5
Anchorage1964_05.jpg 0x0
rect:285 213 139 86 2
rect:787 328 57 45 5
rect:376 275 62 69 1
rect:489 133 43 57 1
rect:89 218 26 44 1
rect:26 425 29 72 1
rect:76 166 17 29 1
rect:284 263 27 19 11
rect:40 278 23 50 1
rect:328 24 42 63 1
rect:431 190 39 22 6
rect:96 303 24 47 1
rect:234 54 81 34 6
rect:684 436 40 11 6
rect:109 24 22 30 1
rect:56 52 25 52 1
rect:264 36 92 40 5
rect:497 294 48 35 5
rect:261 251 52 18 11
rect:345 101 44 69 1
rect:421 237 34 80 8
rect:509 520 57 80 8
rect:405 1 38 53 1
rect:598 95 36 48 1
rect:568 127 27 72 1
rect:124 180 105 16 5
rect:40 299 29 44 1
rect:72 80 13 39 1
rect:143 163 106 36 6
Anchorage1964_06.jpg 0x0
rect:79 91 149 422 12
rect:119 175 95 389 3
rect:146 283 64 73 11
Anchorage1964_07.jpg 0x0
rect:184 95 126 149 11
rect:393 302 429 214 2
rect:8 81 614 311 2
rect:214 2 91 76 2
rect:451 115 53 113 13
rect:8 304 466 31 14
rect:321 145 42 132 3
rect:419 188 66 111 11
rect:17 180 222 28 11
Anchorage1964_08.jpg 0x0
rect:304 396 159 155 1
rect:359 211 90 115 1
rect:43 513 98 157 1
rect:58 265 126 132 1
rect:46 57 118 89 1
rect:218 33 129 116 1
Anchorage1964_09.jpg 0x0
rect:13 107 120 20 15
rect:17 16 422 18 15
rect:680 144 149 23 15
rect:574 24 97 61 8
rect:114 195 75 79 1
rect:116 279 67 68 8
rect:99 41 87 98 8
rect:49 121 51 11 16
rect:291 184 53 72 1
rect:199 194 51 62 1
rect:491 11 115 11 16
rect:102 127 361 15 15
rect:14 13 44 14 16
rect:852 141 1 1 16
rect:387 99 88 18 15
rect:20 114 26 10 16
rect:403 9 209 16 15
rect:651 315 55 93 8
rect:590 117 58 80 1
Anchorage1964_10.jpg 0x0
rect:99 531 386 102 18
rect:163 201 116 85 17
rect:120 198 229 82 18
rect:67 227 306 390 1
Anchorage1964_11.jpg 0x0
rect:171 150 452 27 15
rect:91 607 579 10 14
rect:62 509 565 24 14
rect:134 245 610 56 2
rect:545 8 109 49 1
rect:119 61 200 79 4
rect:609 115 107 106 1
rect:219 190 326 43 11
Anchorage1964_12.jpg 0x0
rect:397 82 229 191 11
rect:266 85 52 205 3
rect:11 69 514 340 2
rect:508 102 49 225 3
rect:235 216 28 109 3
Anchorage1964_13.jpg 0x0
rect:404 397 28 172 20
rect:390 490 155 14 19
rect:350 588 131 18 2
Anchorage1964_14.jpg 0x0
rect:78 449 51 84 22
rect:467 6 102 114 11
rect:10 748 158 85 11
rect:21 558 35 77 22
rect:244 10 113 776 20
rect:63 334 173 41 15
rect:327 193 208 41 15
rect:118 500 39 53 22
rect:370 10 70 294 11
rect:42 690 38 69 22
rect:449 591 128 74 23
rect:200 336 59 61 21
Anchorage1964_15.jpg 0x0
rect:357 245 120 43 11
rect:187 136 32 83 11
rect:356 105 42 106 25
rect:241 460 160 55 2
rect:178 336 147 32 15
rect:222 11 54 82 4
rect:143 64 90 422 20
rect:312 227 110 47 24
rect:399 9 106 58 4
Anchorage1964_16.jpg 0x0
rect:631 207 117 164 2
rect:201 264 298 159 11
rect:111 380 70 144 11
rect:243 76 301 104 2
rect:14 148 131 235 2
rect:15 231 59 104 2
Anchorage1964_17.jpg 0x0
rect:276 66 186 232 9
rect:9 178 499 209 10
rect:11 147 306 164 9
Anchorage1964_18.jpg 0x0
rect:386 371 106 17 2
rect:653 139 117 73 4
rect:172 147 81 113 4
rect:498 255 257 34 15
rect:157 216 76 53 11
rect:660 266 30 19 2
rect:399 303 26 77 11
rect:776 286 52 20 2
rect:304 210 135 74 4
rect:150 329 25 42 11
Anchorage1964_19.jpg 0x0
rect:228 69 71 152 29
rect:310 161 22 43 26
rect:906 133 7 15 26
rect:6 292 88 195 26
rect:547 253 8 25 26
rect:372 98 26 30 27
rect:270 72 52 69 29
rect:337 218 16 30 26
rect:380 353 58 96 26
rect:513 147 47 38 28
rect:22 202 27 106 27
rect:878 100 9 7 26
rect:278 110 23 20 26
rect:348 76 45 43 26
rect:557 115 7 17 26
rect:368 281 21 29 26
rect:587 221 28 35 28
rect:411 141 17 71 29
Anchorage1964_20.jpg 0x0
rect:188 91 69 65 26
rect:562 591 51 89 26
rect:292 536 75 97 26
rect:130 55 164 119 29
rect:249 81 87 39 27
Anchorage1964_21.jpg 0x0
rect:-5 50 68 211 29
rect:187 206 605 113 30
rect:58 220 28 39 26
rect:2 96 57 26 26
Bingol2003_01.jpg 0x0
rect:1029 306 75 35 33
rect:992 238 82 51 33
rect:676 97 84 91 6
rect:538 269 124 225 31
rect:515 485 56 59 34
rect:212 131 80 53 33
rect:164 270 71 80 33
rect:542 150 117 91 6
rect:417 319 97 70 6
rect:562 224 47 137 34
rect:543 177 34 42 6
rect:331 274 87 106 6
rect:453 357 38 213 32
rect:522 66 131 206 31
rect:23 202 84 68 33
rect:174 99 74 27 6
rect:729 332 113 73 33
rect:629 315 186 62 6
rect:2 309 1142 321 10
Bingol2003_02.jpg 0x0
rect:165 112 293 168 34
rect:636 268 109 83 26
rect:325 269 968 454 31
rect:382 184 541 118 35
rect:163 412 196 314 32
rect:778 55 148 62 36
rect:180 278 73 434 32
rect:386 296 59 63 6
Bingol2003_03.jpg 0x0
rect:520 -9 249 201 4
rect:248 235 318 202 2
rect:92 28 164 33 2
rect:99 34 153 115 33
rect:619 299 190 757 4
rect:540 183 188 72 11
rect:657 512 204 268 2
Bingol2003_04.jpg 0x0
rect:103 712 23 93 3
rect:136 408 23 79 3
rect:318 300 141 132 4
rect:171 414 27 76 3
rect:428 512 125 96 2
rect:168 518 238 137 2
rect:314 478 35 161 3
rect:53 800 74 96 2
CanterburyNZSeries2010_01.jpg 0x0
rect:95 87 106 261 12
CanterburyNZSeries2010_02.jpg 0x0
rect:44 7 215 296 37
rect:64 49 115 251 6
CanterburyNZSeries2010_03.jpg 0x0
rect:53 74 250 158 38
CanterburyNZSeries2010_04.jpg 0x0
rect:306 444 32 78 40
rect:294 10 70 206 42
rect:253 420 28 207 40
rect:198 254 168 294 39
rect:367 485 41 93 40
rect:174 433 94 210 41
rect:439 423 21 67 40
rect:287 465 30 63 40
CanterburyNZSeries2010_05.jpg 0x0
rect:262 408 230 285 4
rect:303 267 150 77 15
CanterburyNZSeries2010_06.jpg 0x0
rect:171 206 313 136 2
rect:64 111 866 489 4
CanterburyNZSeries2010_08.jpg 0x0
rect:583 99 216 344 43
rect:858 544 23 210 32
rect:644 282 116 103 44
rect:590 368 77 164 44
CanterburyNZSeries2010_09.jpg 0x0
rect:322 240 121 431 39
rect:171 131 212 140 45
CanterburyNZSeries2010_10.jpg 0x0
rect:451 217 229 105 7
rect:262 174 429 230 6
rect:201 373 176 143 6
rect:394 355 158 91 46
CanterburyNZSeries2010_11.jpg 0x0
rect:372 238 215 137 7
rect:395 255 298 256 5
CanterburyNZSeries2010_12.jpg 0x0
rect:204 586 174 54 11
rect:5 269 752 485 47
rect:662 399 135 62 11
rect:44 389 954 216 2
CanterburyNZSeries2010_13.jpg 0x0
rect:351 213 146 369 11
rect:112 18 487 975 12
Caracas1967_01.jpg 0x0
rect:369 194 9 65 48
rect:338 63 191 186 48
rect:244 121 102 124 48
rect:324 238 33 63 48
Caracas1967_02.jpg 0x0
rect:97 349 29 31 50
rect:134 224 173 303 51
rect:330 1 102 112 15
rect:110 439 31 55 49
Caracas1967_03.jpg 0x0
rect:259 300 147 144 34
rect:238 325 32 119 27
rect:364 310 41 83 27
rect:319 84 85 92 14
rect:13 312 176 108 6
rect:353 304 84 70 26
Caracas1967_04.jpg 0x0
rect:112 430 16 72 27
rect:153 360 137 124 34
rect:162 454 60 141 26
Caracas1967_05.jpg 0x0
rect:40 154 348 334 41
rect:265 280 156 121 52
rect:215 286 65 170 40
rect:242 335 51 264 40
rect:184 333 37 178 40
rect:77 289 217 192 52
rect:340 312 37 188 40
rect:39 82 331 767 48
rect:80 418 87 315 40
rect:397 201 59 329 40
Caracas1967_06.jpg 0x0
rect:395 319 99 51 6
rect:238 90 387 173 7
Caracas1967_07.jpg 0x0
rect:229 175 40 196 27
rect:338 195 112 202 34
rect:381 50 38 266 27
rect:236 107 156 262 34
rect:383 221 81 136 53
rect:525 433 80 53 53
rect:413 10 118 275 34
Caracas1967_08.jpg 0x0
rect:176 302 93 127 55
rect:462 159 89 94 54
rect:239 331 74 126 54
Caracas1967_09.jpg 0x0
rect:381 9 247 193 48
rect:212 155 121 82 48
rect:59 144 73 53 48
rect:30 199 50 58 48
Caracas1967_10.jpg 0x0
rect:295 162 107 127 40
rect:50 240 284 245 41
rect:23 199 382 367 48
rect:491 365 86 135 40
Caracas1967_11.jpg 0x0
rect:362 17 151 238 41
rect:62 18 298 886 48
rect:43 335 223 534 41
Caracas1967_12.jpg 0x0
rect:258 301 28 47 56
rect:520 468 25 57 32
rect:695 335 24 56 32
rect:407 338 43 45 34
Caracas1967_13.jpg 0x0
rect:163 474 129 289 55
Caracas1967_14.jpg 0x0
rect:123 120 777 185 57
rect:119 303 270 31 6
Chichi1999_01.jpg 0x0
rect:316 108 50 252 42
rect:4 8 807 183 58
Chichi1999_02.jpg 0x0
rect:493 139 209 444 59
rect:7 111 418 204 58
Chichi1999_03.jpg 0x0
rect:0 104 903 184 58
rect:95 126 55 115 60
Chichi1999_04.jpg 0x0
rect:198 265 26 55 52
rect:236 -16 67 104 48
rect:240 214 87 365 48
Chichi1999_05.jpg 0x0
rect:445 303 30 35 41
rect:377 142 54 69 41
rect:263 209 28 63 52
rect:352 87 85 233 48
Chichi1999_06.jpg 0x0
rect:314 312 21 38 52
rect:463 127 51 49 41
rect:192 17 366 159 10
rect:420 256 39 70 48
rect:429 121 61 81 62
rect:391 -13 103 88 61
Chichi1999_07.jpg 0x0
rect:121 127 27 38 64
rect:380 181 37 27 64
rect:513 217 55 95 48
rect:44 278 734 151 63
rect:102 187 56 115 48
rect:647 168 49 84 48
rect:478 273 19 17 64
Chichi1999_08.jpg 0x0
rect:108 15 640 338 10
Chichi1999_09.jpg 0x0
rect:293 78 60 99 40
rect:155 75 142 116 41
rect:221 127 31 79 40
rect:264 86 232 192 48
Chichi1999_10.jpg 0x0
rect:213 14 664 503 10
Chichi1999_11.jpg 0x0
rect:2 162 169 482 10
rect:123 283 91 103 65
Chichi1999_12.jpg 0x0
rect:10 33 443 525 66
Chichi1999_13.jpg 0x0
rect:42 62 891 292 10
Chichi1999_14.jpg 0x0
rect:318 296 40 48 39
rect:340 485 39 50 67
rect:84 303 30 45 67
rect:229 359 44 46 67
rect:112 299 49 56 67
rect:300 539 25 25 39
rect:133 313 72 40 67
rect:368 212 36 53 39
rect:104 207 105 59 67
rect:197 693 22 31 67
rect:222 382 37 60 67
rect:213 237 17 54 67
rect:194 413 30 42 67
rect:297 469 90 72 67
rect:141 185 40 48 67
rect:71 413 40 50 67
rect:385 446 28 24 39
Chichi1999_15.jpg 0x0
rect:300 22 226 560 41
Chichi1999_16.jpg 0x0
rect:224 127 72 175 32
Chichi1999_17.jpg 0x0
rect:132 235 17 35 32
Chichi1999_18.jpg 0x0
rect:217 226 43 148 69
rect:154 265 28 117 69
rect:365 321 38 102 69
rect:188 179 44 75 69
rect:304 363 54 85 70
rect:123 174 135 357 68
Chichi1999_19.jpg 0x0
rect:237 19 204 303 2
rect:293 96 158 256 3
YogyakartaInd2006_03.jpg 0x0
rect:490 90 74 44 16
rect:317 341 47 26 16
rect:444 55 131 58 15
rect:190 286 372 113 71
rect:185 33 82 2 15
rect:183 568 241 38 15
rect:251 148 61 31 15
rect:251 144 20 6 16
Chichi1999_20.jpg 0x0
rect:190 495 71 165 41
rect:127 188 90 416 42
Chichi1999_21.jpg 0x0
rect:398 7 171 90 57
rect:64 403 135 112 5
rect:230 330 201 134 37
rect:167 142 268 206 72
rect:264 32 279 177 37
rect:15 4 206 138 30
rect:330 114 200 105 6
rect:319 253 66 152 6
Chichi1999_22.jpg 0x0
rect:287 290 14 22 73
rect:217 302 14 20 73
rect:314 291 14 26 73
rect:282 130 286 165 10
Chichi1999_23.jpg 0x0
rect:145 210 74 52 73
rect:113 375 49 81 34
rect:172 210 30 28 34
rect:343 183 31 24 26
rect:261 201 30 53 73
rect:79 336 45 119 73
rect:275 220 38 76 34
rect:339 181 35 27 27
rect:230 266 88 76 73
rect:4 52 389 143 74
Chichi1999_24.jpg 0x0
rect:153 255 66 51 34
rect:291 286 1 2 46
rect:180 167 45 71 46
rect:3 371 239 245 74
rect:137 154 94 77 75
Chichi1999_25.jpg 0x0
rect:145 240 123 257 34
rect:145 293 58 63 26
rect:135 259 216 370 73
Chichi1999_26.jpg 0x0
rect:165 564 89 48 26
rect:236 15 48 28 73
rect:195 175 48 118 73
rect:91 537 153 168 73
rect:135 470 91 110 27
rect:180 263 154 312 76
Chichi1999_27.jpg 0x0
rect:124 260 69 250 32
Chichi1999_28.jpg 0x0
rect:184 130 141 271 5
rect:20 69 359 106 6
rect:254 177 173 247 75
rect:190 198 282 112 77
Chichi1999_29.jpg 0x0
rect:150 309 89 157 52
rect:181 291 131 157 40
rect:120 207 260 342 48
Chichi1999_30.jpg 0x0
rect:32 245 72 121 73
rect:166 169 252 55 52
rect:249 194 161 72 78
rect:214 134 315 399 40
Chichi1999_31.jpg 0x0
rect:444 93 39 179 48
rect:107 87 105 223 79
Chichi1999_32.jpg 0x0
rect:526 159 40 263 39
rect:135 184 36 98 81
rect:166 53 33 107 81
rect:119 10 73 324 80
Chichi1999_33.jpg 0x0
rect:308 130 81 255 56
rect:64 74 101 472 33
rect:161 193 48 79 49
rect:171 132 101 208 32
rect:295 117 159 259 32
rect:261 126 49 117 49
Chichi1999_34.jpg 0x0
rect:158 123 415 307 10
Duzce1999_01.jpg 0x0
rect:179 44 115 380 39
rect:145 98 108 150 41
Duzce1999_02.jpg 0x0
rect:95 54 145 333 41
Duzce1999_03.jpg 0x0
rect:93 71 107 225 42
rect:226 105 74 189 31
rect:0 189 98 252 31
Gediz1970_01.jpg 0x0
rect:114 136 253 529 68
rect:106 356 130 337 69
rect:288 548 100 143 69
Guatemala1976_01.jpg 0x0
rect:365 145 184 163 48
rect:60 236 55 52 52
rect:75 135 47 52 41
rect:486 157 64 97 41
rect:54 111 127 84 48
rect:24 105 535 164 82
Guatemala1976_02.jpg 0x0
rect:138 78 218 317 48
rect:267 57 111 105 40
Guatemala1976_03.jpg 0x0
rect:21 81 659 336 75
Guatemala1976_04.jpg 0x0
rect:142 18 337 58 30
rect:427 233 152 403 4
rect:51 98 604 300 30
rect:478 252 84 182 4
Guatemala1976_05.jpg 0x0
rect:130 172 355 170 40
rect:198 83 333 241 48
rect:149 167 240 126 41
Guatemala1976_06.jpg 0x0
rect:153 130 160 495 39
Guatemala1976_07.jpg 0x0
rect:306 724 96 61 83
rect:31 277 498 375 10
rect:27 290 72 55 6
Guatemala1976_08.jpg 0x0
rect:132 42 407 532 48
rect:444 99 226 287 40
rect:137 71 390 492 41
Guatemala1976_09.jpg 0x0
rect:68 341 41 26 85
rect:236 213 46 36 84
rect:676 420 62 90 84
rect:61 328 36 20 84
rect:370 208 69 28 85
rect:118 311 74 78 85
rect:612 255 45 52 85
rect:328 379 63 58 84
Guatemala1976_10.jpg 0x0
rect:243 440 41 130 87
rect:241 173 248 267 86
rect:153 94 219 124 87
Guatemala1976_11.jpg 0x0
rect:220 174 165 210 34
GujaratIndia2001_01.jpg 0x0
rect:312 370 45 56 11
rect:93 542 58 32 2
rect:32 445 228 178 4
rect:125 398 182 107 2
Haiti2010_01.jpg 0x0
rect:677 258 134 79 4
rect:482 570 147 170 4
rect:148 47 95 105 7
rect:254 264 20 173 40
rect:229 150 205 311 41
Haiti2010_02.jpg 0x0
rect:52 68 556 193 88
rect:386 40 122 49 14
Haiti2010_03.jpg 0x0
rect:476 1 69 704 32
rect:230 418 202 172 32
rect:179 776 240 251 89
rect:282 395 61 78 49
Haiti2010_04.jpg 0x0
rect:132 277 282 541 41
rect:160 42 237 324 34
rect:2 160 354 143 6
Haiti2010_05.jpg 0x0
rect:273 291 32 67 40
rect:229 180 314 607 90
rect:251 293 37 124 40
rect:297 234 162 93 52
Haiti2010_06.jpg 0x0
rect:644 165 77 91 34
rect:212 339 380 448 91
rect:584 220 77 223 32
rect:357 235 61 36 6
rect:623 123 736 631 91
rect:255 225 31 44 34
rect:506 152 248 461 33
ImperialValley1979_01.jpg 0x0
rect:432 322 50 35 32
rect:358 272 42 51 50
rect:468 339 16 15 49
rect:368 416 41 25 49
rect:12 367 95 138 32
rect:537 262 35 28 50
rect:679 257 30 27 32
rect:64 226 91 114 50
rect:11 316 92 75 49
rect:569 223 21 19 49
rect:313 321 61 54 32
ImperialValley1979_02.jpg 0x0
rect:209 151 48 163 50
rect:324 163 90 217 50
rect:206 97 140 325 32
rect:227 107 87 242 50
rect:195 154 223 81 92
rect:183 155 149 54 49
ImperialValley1979_03.jpg 0x0
rect:289 370 74 187 50
rect:99 213 93 168 50
rect:110 530 311 48 92
rect:428 330 88 254 50
rect:154 134 179 175 32
rect:105 273 287 37 92
rect:100 336 256 160 32
Izmit1999_01.jpg 0x0
rect:405 353 64 90 26
rect:286 250 48 106 27
rect:252 99 283 353 34
rect:318 66 71 155 27
rect:185 142 33 116 27
Izmit1999_02.jpg 0x0
rect:27 130 598 296 10
Izmit1999_03.jpg 0x0
rect:220 130 39 155 50
rect:121 196 474 34 92
rect:508 95 36 235 50
rect:375 123 51 161 50
rect:358 62 62 306 50
rect:203 74 61 354 50
rect:183 48 190 396 32
rect:128 55 511 359 93
Izmit1999_04.jpg 0x0
rect:335 374 21 60 40
rect:250 60 57 76 48
rect:82 541 46 106 42
rect:370 417 98 75 41
rect:261 246 25 66 40
rect:155 340 107 65 88
rect:67 416 72 122 41
rect:133 422 257 149 88
rect:37 317 66 51 34
rect:343 88 81 75 41
Izmit1999_05.jpg 0x0
rect:117 27 696 375 10
Izmit1999_06.jpg 0x0
rect:213 211 34 147 50
rect:136 210 58 188 50
rect:143 279 169 92 49
rect:292 276 38 112 50
rect:102 201 172 508 32
rect:113 228 93 236 50
Izmit1999_07.jpg 0x0
rect:305 145 88 74 3
rect:26 145 377 410 2
rect:224 324 50 173 3
rect:447 393 88 316 4
rect:285 72 119 51 6
rect:256 200 35 80 3
rect:168 180 49 74 3
Izmit1999_08.jpg 0x0
rect:187 19 102 71 34
rect:101 377 113 91 45
rect:232 284 189 137 88
rect:396 99 45 22 52
rect:140 103 74 72 41
rect:396 81 56 77 41
rect:639 5 68 49 45
Izmit1999_09.jpg 0x0
rect:472 252 46 52 41
rect:382 220 128 78 41
rect:535 216 65 72 94
rect:341 310 83 129 94
rect:58 174 40 59 41
rect:276 239 56 41 41
Izmit1999_10.jpg 0x0
rect:186 472 111 30 78
rect:112 253 103 216 40
rect:86 139 74 152 40
rect:293 446 65 105 40
rect:195 147 149 190 40
rect:323 633 120 88 40
rect:111 226 205 85 78
rect:306 514 60 20 78
rect:86 141 357 466 41
rect:257 113 41 199 40
rect:57 152 295 35 78
Izmit1999_11.jpg 0x0
rect:117 309 74 116 40
rect:268 249 69 201 40
rect:248 215 164 211 41
rect:227 253 54 244 40
rect:215 358 122 163 41
Izmit1999_12.jpg 0x0
rect:556 32 101 71 34
rect:166 164 78 62 88
rect:490 118 83 39 7
rect:519 207 204 141 91
rect:326 151 30 95 42
rect:50 314 57 126 94
rect:413 212 48 64 41
rect:355 94 63 92 45
rect:78 100 40 24 6
rect:74 288 70 67 52
rect:100 378 30 54 40
rect:419 356 84 84 41
rect:248 279 58 78 52
rect:435 76 50 73 41
rect:284 288 109 196 94
rect:1 257 32 48 41
rect:17 56 53 26 6
rect:324 131 48 23 6
Izmit1999_13.jpg 0x0
rect:200 244 49 57 52
rect:5 66 95 202 42
rect:129 183 89 114 94
rect:378 108 55 94 41
rect:157 248 42 61 41
rect:265 143 98 159 41
rect:282 64 226 238 48
rect:91 155 53 37 6
rect:119 195 30 80 41
Izmit1999_14.jpg 0x0
rect:443 183 98 37 34
rect:422 46 74 59 95
rect:438 8 129 76 35
rect:381 259 75 43 34
rect:344 405 42 36 34
rect:312 145 77 68 35
rect:415 414 32 19 34
rect:55 107 141 54 34
rect:545 98 77 81 34
Izmit1999_15.jpg 0x0
rect:169 225 312 337 42
Izmit1999_16.jpg 0x0
rect:123 83 231 155 41
rect:111 87 260 298 39
rect:216 126 36 92 40
rect:82 68 509 539 33
Izmit1999_17.jpg 0x0
rect:125 151 208 325 41
Izmit1999_18.jpg 0x0
rect:183 117 130 129 41
rect:227 140 136 364 39
Izmit1999_19.jpg 0x0
rect:514 124 22 115 50
rect:311 113 280 299 96
rect:527 170 20 67 50
rect:240 140 173 259 32
Kobe1995_01.jpg 0x0
rect:21 200 671 109 63
Kobe1995_02.jpg 0x0
rect:2 64 434 531 68
Kobe1995_03.jpg 0x0
rect:47 60 448 544 10
Kobe1995_04.jpg 0x0
rect:405 217 72 39 41
Kobe1995_05.jpg 0x0
rect:426 151 125 316 40
rect:68 465 357 117 78
rect:142 144 265 591 52
rect:4 210 125 574 40
rect:30 351 312 88 78
Kobe1995_06.jpg 0x0
rect:46 142 445 451 41
rect:223 417 280 262 42
Kobe1995_07.jpg 0x0
rect:52 349 47 33 39
rect:378 278 39 19 39
rect:216 320 50 62 39
rect:203 271 40 30 39
rect:61 227 27 53 39
rect:418 304 34 32 39
rect:339 188 37 49 39
rect:388 162 49 30 39
rect:168 92 19 34 39
rect:231 363 33 34 39
rect:241 271 21 55 39
rect:302 268 33 44 39
rect:225 127 30 43 39
rect:171 123 50 41 39
rect:253 375 59 34 39
rect:109 370 36 25 39
rect:452 364 24 39 39
rect:342 164 54 47 39
rect:263 158 24 51 39
rect:197 294 23 31 39
rect:389 415 42 30 39
rect:284 271 31 27 39
rect:333 263 30 23 39
rect:156 321 40 47 39
rect:357 215 42 44 39
rect:137 320 32 56 39
Kobe1995_08.jpg 0x0
rect:365 54 508 170 97
Kobe1995_09.jpg 0x0
rect:88 601 88 72 88
rect:102 587 93 98 88
rect:146 698 139 81 97
rect:115 700 76 87 88
SanSalvador_1986_01.jpg 0x0
rect:50 3 81 209 68
rect:279 213 100 168 41
SanSalvador_1986_02.jpg 0x0
rect:234 232 33 39 41
rect:608 139 38 50 41
rect:534 219 44 57 41
rect:274 229 34 53 41
rect:163 287 30 42 41
rect:354 178 17 28 41
rect:149 164 22 24 41
rect:602 214 39 40 42
rect:132 332 32 44 41
SikkimIndia2001_01.jpg 0x0
rect:182 217 90 118 34
SikkimIndia2001_02.jpg 0x0
rect:574 101 103 43 16
rect:458 96 95 167 33
rect:213 271 91 53 16
rect:8 6 344 72 16
rect:472 284 93 16 16
rect:226 83 255 275 33
rect:7 153 48 33 54
rect:-14 2 459 133 33
SikkimIndia2001_03.jpg 0x0
rect:242 165 118 128 70
rect:262 10 184 608 98
rect:190 125 67 153 69
SikkimIndia2001_04.jpg 0x0
rect:238 141 85 174 34
rect:3 31 325 214 99
rect:410 218 265 70 99
SumatraInd2009_01.jpg 0x0
rect:243 31 75 240 81
SumatraInd2009_02.jpg 0x0
rect:242 68 236 145 41
WhittierNarrows1987_01.jpg 0x0
rect:12 28 848 309 10
WhittierNarrows1987_02.jpg 0x0
rect:193 299 120 326 41
WhittierNarrows1987_03.jpg 0x0
rect:325 116 141 283 32
WhittierNarrows1987_04.jpg 0x0
rect:190 66 103 149 41
rect:225 18 307 175 100
rect:221 10 231 83 6
YogyakartaInd2006_01.jpg 0x0
rect:249 46 280 329 32
rect:246 182 241 89 49
rect:211 -18 369 477 29
YogyakartaInd2006_02.jpg 0x0
rect:259 48 160 506 98
rect:269 95 60 212 69
rect:258 110 73 202 70
