Anchorage1964_01.jpg 0x0
rect:110 7 208 129 1
rect:72 261 191 308 1
Anchorage1964_02.jpg 0x0
rect:400 205 21 76 3
rect:243 338 372 80 2
rect:284 84 107 79 4
rect:338 354 29 44 3
rect:188 164 73 63 7
rect:518 197 23 40 3
rect:187 268 24 78 3
rect:116 246 25 26 6
rect:38 22 128 44 5
rect:307 264 30 68 3
rect:663 85 105 82 8
rect:371 279 14 57 3
rect:195 24 296 101 4
rect:64 40 95 17 6
rect:539 206 18 39 3
rect:31 183 160 39 5
rect:412 142 86 62 4
rect:373 344 35 61 3
rect:160 195 70 16 6
Anchorage1964_03.jpg 0x0
rect:0 285 748 81 10
rect:2 257 257 63 9
rect:215 118 330 232 9
Anchorage1964_04.jpg 0x0
rect:268 289 24 26 5
rect:219 580 46 17 2
rect:330 205 22 18 1
rect:357 26 37 16 5
rect:232 159 15 30 1
rect:346 192 18 30 1
rect:326 480 25 14 5
rect:269 134 21 19 5
rect:260 256 15 30 1
rect:200 434 37 21 5
rect:171 107 29 20 5
rect:190 263 13 23 1
rect:209 329 23 19 8
rect:318 284 17 17 5
rect:199 530 21 20 1
rect:313 60 36 12 5
rect:257 374 26 20 1
rect:157 310 39 14 5
rect:325 346 32 15 5
rect:163 159 35 18 5
rect:173 115 28 17 5
rect:286 92 39 16 5
rect:201 283 22 30 1
rect:194 234 27 22 5
rect:319 100 26 19 5
rect:458 432 28 24 5
rect:347 370 12 24 1
rect:189 154 35 27 5
rect:137 219 27 13 5
rect:201 19 23 12 5
rect:457 194 34 19 5
rect:314 318 18 26 1
rect:267 301 9 1 1
rect:427 430 38 19 5
rect:257 256 20 19 1
rect:113 65 40 10 5
rect:410 238 31 17 5
rect:126 233 36 11 5
rect:153 538 31 18 5
Anchorage1964_05.jpg 0x0
rect:61 275 19 31 1
rect:380 29 43 74 1
rect:279 164 37 28 11
rect:58 178 21 54 1
rect:358 250 51 63 1
rect:625 298 53 56 1
rect:100 322 27 61 1
rect:318 264 28 21 11
rect:482 76 47 77 1
rect:240 201 99 18 5
rect:73 110 21 66 1
rect:469 74 49 51 1
rect:355 300 55 60 8
rect:100 24 26 30 1
rect:564 146 38 57 1
rect:237 40 100 37 5
rect:616 232 37 26 6
rect:628 388 49 88 8
rect:26 419 20 44 1
rect:257 48 136 38 6
rect:62 235 29 44 1
rect:51 231 23 54 1
rect:363 135 143 92 2
rect:650 394 57 12 6
rect:438 229 51 43 5
rect:536 1 49 70 1
rect:80 81 33 49 1
rect:154 182 166 30 6
rect:558 236 51 29 5
Anchorage1964_06.jpg 0x0
rect:145 90 283 297 12
rect:173 93 110 251 3
rect:147 281 59 92 11
Anchorage1964_07.jpg 0x0
rect:424 239 105 88 11
rect:8 67 653 396 2
rect:261 325 290 154 2
rect:445 104 39 96 13
rect:230 145 188 131 11
rect:8 378 306 31 14
rect:251 2 99 56 2
rect:18 289 326 28 11
rect:228 97 36 97 3
Anchorage1964_08.jpg 0x0
rect:52 77 125 147 1
rect:349 28 100 122 1
rect:255 354 155 112 1
rect:48 256 116 86 1
rect:435 334 134 130 1
rect:51 504 73 151 1
Anchorage1964_09.jpg 0x0
rect:55 103 70 11 16
rect:709 152 68 95 1
rect:561 119 120 31 15
rect:15 15 67 10 16
rect:521 8 334 10 15
rect:569 93 100 20 15
rect:938 125 1 1 16
rect:117 352 49 65 8
rect:20 170 16 10 16
rect:15 106 109 23 15
rect:656 346 58 63 8
rect:714 32 61 87 8
rect:190 179 373 12 15
rect:124 190 50 92 1
rect:261 152 73 67 1
rect:116 39 99 63 8
rect:474 159 65 81 1
rect:10 12 332 11 15
rect:459 10 110 8 16
Anchorage1964_10.jpg 0x0
rect:60 299 416 101 18
rect:156 168 254 77 18
rect:52 260 329 257 1
rect:245 281 98 122 17
Anchorage1964_11.jpg 0x0
rect:65 437 740 17 14
rect:589 121 118 82 1
rect:120 142 413 74 2
rect:61 504 571 17 14
rect:210 210 517 15 15
rect:470 7 119 33 1
rect:108 69 138 132 4
rect:209 159 341 27 11
Anchorage1964_12.jpg 0x0
rect:9 95 396 217 2
rect:221 245 33 96 3
rect:292 106 38 254 3
rect:449 109 157 161 11
rect:390 98 61 247 3
Anchorage1964_13.jpg 0x0
rect:379 428 134 11 19
rect:544 456 33 200 20
rect:277 577 221 31 2
Anchorage1964_14.jpg 0x0
rect:297 12 54 155 11
rect:143 402 45 85 22
rect:82 220 97 26 15
rect:309 296 133 42 15
rect:211 474 48 42 22
rect:10 574 251 104 11
rect:259 741 153 75 23
rect:206 199 87 113 21
rect:23 528 20 66 22
rect:248 15 81 634 20
rect:51 735 64 51 22
rect:491 5 79 166 11
Anchorage1964_15.jpg 0x0
rect:316 9 84 66 4
rect:413 328 77 35 24
rect:284 9 69 74 4
rect:273 207 184 46 15
rect:206 89 47 357 20
rect:493 286 140 43 11
rect:274 94 34 80 11
rect:298 614 181 77 2
rect:340 111 46 70 25
Anchorage1964_16.jpg 0x0
rect:204 67 334 134 2
rect:236 257 253 169 11
rect:100 234 112 116 11
rect:13 130 168 150 2
rect:13 373 62 83 2
rect:398 182 127 186 2
Anchorage1964_17.jpg 0x0
rect:349 61 206 243 9
rect:12 105 202 127 9
rect:10 220 554 159 10
Anchorage1964_18.jpg 0x0
rect:154 236 71 59 11
rect:806 253 57 17 2
rect:111 253 80 97 4
rect:308 223 79 19 2
rect:279 308 31 67 11
rect:502 169 100 71 4
rect:585 281 46 23 2
rect:108 307 21 35 11
rect:369 237 245 29 15
rect:537 138 135 95 4
Anchorage1964_19.jpg 0x0
rect:854 186 9 11 26
rect:458 160 15 38 26
rect:418 141 6 18 26
rect:33 329 29 116 27
rect:331 125 69 39 26
rect:574 157 14 34 26
rect:303 122 34 40 27
rect:453 282 25 32 26
rect:327 88 76 154 29
rect:7 329 98 103 26
rect:802 109 6 7 26
rect:484 119 23 25 26
rect:460 204 9 26 26
rect:468 223 39 41 28
rect:572 175 15 43 29
rect:342 232 59 74 26
rect:454 73 42 94 29
rect:611 167 55 39 28
Anchorage1964_20.jpg 0x0
rect:152 77 91 61 27
rect:356 505 42 75 26
rect:186 66 115 55 26
rect:171 381 68 125 26
rect:160 67 108 112 29
Anchorage1964_21.jpg 0x0
rect:204 157 549 160 30
rect:62 363 27 33 26
rect:2 97 36 38 26
rect:-7 57 77 191 29
Bingol2003_01.jpg 0x0
rect:652 338 210 86 6
rect:2 285 878 268 10
rect:683 314 106 59 33
rect:156 213 50 93 33
rect:369 430 47 63 34
rect:468 318 99 74 6
rect:408 299 61 53 6
rect:343 222 47 77 34
rect:26 188 66 84 33
rect:593 126 98 75 6
rect:635 108 158 197 31
rect:237 216 90 48 33
rect:274 87 70 33 6
rect:491 59 96 78 6
rect:789 392 58 55 33
rect:391 492 78 90 6
rect:856 201 79 48 33
rect:598 239 51 204 32
rect:464 362 117 153 31
Bingol2003_02.jpg 0x0
rect:202 189 495 371 31
rect:238 320 80 335 32
rect:327 414 72 93 6
rect:328 161 493 121 35
rect:426 369 122 98 26
rect:154 435 175 173 32
rect:181 82 509 189 34
rect:910 85 175 70 36
Bingol2003_03.jpg 0x0
rect:801 293 251 766 4
rect:692 440 262 395 2
rect:575 250 176 82 11
rect:902 -9 357 289 4
rect:93 33 191 29 2
rect:305 161 322 229 2
rect:98 54 120 150 33
Bingol2003_04.jpg 0x0
rect:273 291 46 148 3
rect:54 427 123 96 2
rect:203 569 38 61 3
rect:83 609 31 56 3
rect:314 754 118 82 2
rect:105 312 219 191 2
rect:248 245 170 177 4
rect:120 721 32 78 3
CanterburyNZSeries2010_01.jpg 0x0
rect:69 112 104 389 12
CanterburyNZSeries2010_02.jpg 0x0
rect:48 54 149 270 6
rect:52 9 212 332 37
CanterburyNZSeries2010_03.jpg 0x0
rect:46 97 356 156 38
CanterburyNZSeries2010_04.jpg 0x0
rect:182 9 94 158 42
rect:329 463 21 68 40
rect:467 280 55 172 40
rect:201 477 114 273 41
rect:299 334 23 142 40
rect:261 354 240 374 39
rect:285 371 30 54 40
rect:298 320 21 93 40
CanterburyNZSeries2010_05.jpg 0x0
rect:230 271 253 429 4
rect:329 266 128 133 15
CanterburyNZSeries2010_06.jpg 0x0
rect:235 176 307 79 2
rect:89 89 745 647 4
CanterburyNZSeries2010_08.jpg 0x0
rect:562 489 77 108 44
rect:627 461 68 147 44
rect:543 164 196 179 43
rect:837 394 32 162 32
CanterburyNZSeries2010_09.jpg 0x0
rect:332 233 220 364 39
rect:215 110 161 225 45
CanterburyNZSeries2010_10.jpg 0x0
rect:344 165 247 84 7
rect:320 382 199 71 46
rect:174 411 243 145 6
rect:234 308 246 235 6
CanterburyNZSeries2010_11.jpg 0x0
rect:396 411 353 193 5
rect:242 181 403 137 7
CanterburyNZSeries2010_12.jpg 0x0
rect:692 409 191 79 11
rect:52 419 672 376 2
rect:4 274 1076 375 47
rect:133 612 118 57 11
CanterburyNZSeries2010_13.jpg 0x0
rect:124 19 390 961 12
rect:537 138 116 436 11
Caracas1967_01.jpg 0x0
rect:311 160 50 72 48
rect:259 137 96 91 48
rect:325 87 189 304 48
rect:267 212 11 45 48
Caracas1967_02.jpg 0x0
rect:152 512 35 38 50
rect:207 184 199 250 51
rect:87 468 39 59 49
rect:182 1 86 201 15
Caracas1967_03.jpg 0x0
rect:275 82 73 71 14
rect:308 268 28 99 27
rect:336 446 48 72 26
rect:254 250 40 51 27
rect:13 325 294 68 6
rect:260 294 98 221 34
Caracas1967_04.jpg 0x0
rect:112 302 216 163 34
rect:119 458 43 122 26
rect:110 404 19 89 27
Caracas1967_05.jpg 0x0
rect:469 152 40 193 40
rect:335 323 73 218 40
rect:41 104 511 474 48
rect:256 261 149 162 52
rect:390 253 44 125 40
rect:146 274 59 313 40
rect:49 317 75 338 40
rect:53 114 266 366 41
rect:51 272 280 141 52
rect:138 390 51 238 40
Caracas1967_06.jpg 0x0
rect:296 344 102 47 6
rect:375 119 239 208 7
Caracas1967_07.jpg 0x0
rect:279 39 37 274 27
rect:273 7 114 291 34
rect:564 218 99 87 53
rect:495 521 99 76 53
rect:412 233 95 254 34
rect:247 188 46 203 27
rect:207 158 113 237 34
Caracas1967_08.jpg 0x0
rect:429 189 91 170 54
rect:222 202 66 135 54
rect:196 367 89 124 55
Caracas1967_09.jpg 0x0
rect:542 12 258 189 48
rect:59 200 44 73 48
rect:25 172 64 56 48
rect:142 142 125 92 48
Caracas1967_10.jpg 0x0
rect:468 352 97 203 40
rect:215 209 66 149 40
rect:38 249 294 335 41
rect:19 126 401 313 48
Caracas1967_11.jpg 0x0
rect:67 16 432 794 48
rect:371 13 143 341 41
rect:74 250 250 641 41
Caracas1967_12.jpg 0x0
rect:491 345 28 73 32
rect:498 279 34 55 34
rect:253 224 32 39 56
rect:463 212 26 40 32
Caracas1967_13.jpg 0x0
rect:183 509 159 243 55
Caracas1967_14.jpg 0x0
rect:115 294 245 56 6
rect:100 118 806 267 57
Chichi1999_01.jpg 0x0
rect:4 9 868 128 58
rect:377 114 42 194 42
Chichi1999_02.jpg 0x0
rect:314 139 139 292 59
rect:7 84 384 164 58
Chichi1999_03.jpg 0x0
rect:0 198 631 147 58
rect:104 118 61 123 60
Chichi1999_04.jpg 0x0
rect:243 -21 50 112 48
rect:153 179 28 68 52
rect:174 163 94 292 48
Chichi1999_05.jpg 0x0
rect:270 111 40 62 41
rect:396 137 123 268 48
rect:324 299 31 41 41
rect:285 234 37 65 52
Chichi1999_06.jpg 0x0
rect:136 20 554 179 10
rect:696 -10 109 68 61
rect:531 228 31 60 41
rect:315 229 26 33 52
rect:274 123 68 66 62
rect:365 262 33 83 48
Chichi1999_07.jpg 0x0
rect:69 174 508 179 63
rect:117 124 31 39 64
rect:489 217 51 128 48
rect:440 150 48 106 48
rect:605 323 17 19 64
rect:391 168 27 46 64
rect:182 129 61 138 48
Chichi1999_08.jpg 0x0
rect:116 11 482 546 10
Chichi1999_09.jpg 0x0
rect:275 90 28 67 40
rect:297 76 128 81 41
rect:248 73 211 125 48
rect:177 77 40 69 40
Chichi1999_10.jpg 0x0
rect:187 19 598 374 10
Chichi1999_11.jpg 0x0
rect:2 145 166 607 10
rect:141 189 80 76 65
Chichi1999_12.jpg 0x0
rect:13 20 293 436 66
Chichi1999_13.jpg 0x0
rect:31 53 928 449 10
Chichi1999_14.jpg 0x0
rect:103 406 47 67 67
rect:230 345 38 47 67
rect:389 535 34 66 67
rect:177 560 24 41 39
rect:235 293 39 47 39
rect:134 453 30 41 67
rect:108 435 39 50 67
rect:77 481 58 40 67
rect:297 349 32 37 39
rect:153 581 28 41 67
rect:92 376 50 61 67
rect:288 312 22 38 67
rect:94 293 26 53 67
rect:283 410 54 58 67
rect:246 399 17 18 39
rect:173 232 71 43 67
rect:200 222 41 39 67
Chichi1999_15.jpg 0x0
rect:257 29 331 309 41
Chichi1999_16.jpg 0x0
rect:143 171 74 146 32
Chichi1999_17.jpg 0x0
rect:129 409 22 39 32
Chichi1999_18.jpg 0x0
rect:168 267 27 87 69
rect:253 179 35 175 69
rect:122 235 116 409 68
rect:205 235 41 133 69
rect:187 382 55 99 70
rect:197 313 37 122 69
Chichi1999_19.jpg 0x0
rect:192 83 130 345 3
rect:173 25 346 463 2
YogyakartaInd2006_03.jpg 0x0
rect:275 462 178 31 15
rect:162 285 365 159 71
rect:396 358 42 37 16
rect:180 197 50 41 15
rect:297 18 104 2 15
rect:463 96 96 32 16
rect:303 172 18 7 16
rect:470 60 120 79 15
Chichi1999_20.jpg 0x0
rect:235 154 102 263 42
rect:307 525 56 200 41
Chichi1999_21.jpg 0x0
rect:509 7 128 106 57
rect:285 401 103 155 6
rect:19 5 280 150 30
rect:492 104 110 131 6
rect:143 217 216 186 37
rect:294 30 314 161 37
rect:81 275 149 110 5
rect:247 131 226 363 72
Chichi1999_22.jpg 0x0
rect:242 181 19 24 73
rect:307 263 15 24 73
rect:563 211 13 24 73
rect:293 130 255 134 10
Chichi1999_23.jpg 0x0
rect:369 154 24 20 27
rect:4 51 552 222 74
rect:85 342 32 76 34
rect:151 216 76 69 73
rect:266 223 37 61 73
rect:349 201 24 33 26
rect:90 336 39 86 73
rect:173 149 20 30 34
rect:287 304 88 85 73
rect:212 261 41 80 34
Chichi1999_24.jpg 0x0
rect:195 218 146 66 75
rect:216 317 66 39 34
rect:3 421 220 235 74
rect:181 167 31 56 46
rect:276 346 1 2 46
Chichi1999_25.jpg 0x0
rect:162 294 140 180 34
rect:154 249 145 314 73
rect:197 387 59 52 26
Chichi1999_26.jpg 0x0
rect:213 161 55 93 73
rect:97 602 148 134 73
rect:202 189 123 305 76
rect:264 16 44 38 73
rect:116 548 91 60 26
rect:114 429 144 140 27
Chichi1999_27.jpg 0x0
rect:156 266 84 348 32
Chichi1999_28.jpg 0x0
rect:291 242 213 92 77
rect:20 84 201 112 6
rect:106 122 169 181 5
rect:371 121 177 244 75
Chichi1999_29.jpg 0x0
rect:128 238 216 195 48
rect:227 300 102 221 52
rect:163 243 106 155 40
Chichi1999_30.jpg 0x0
rect:264 82 279 269 40
rect:187 166 212 92 52
rect:29 198 95 198 73
rect:252 199 202 40 78
Chichi1999_31.jpg 0x0
rect:550 114 35 242 48
rect:207 87 140 271 79
Chichi1999_32.jpg 0x0
rect:667 99 60 254 39
rect:213 10 101 354 80
rect:139 43 50 113 81
rect:202 276 33 184 81
Chichi1999_33.jpg 0x0
rect:229 182 46 118 49
rect:230 105 91 277 56
rect:206 67 112 295 32
rect:66 72 105 598 33
rect:165 90 79 246 32
rect:155 186 43 100 49
Chichi1999_34.jpg 0x0
rect:88 133 439 368 10
Duzce1999_01.jpg 0x0
rect:123 149 130 179 41
rect:99 49 72 393 39
Duzce1999_02.jpg 0x0
rect:69 66 141 278 41
Duzce1999_03.jpg 0x0
rect:207 144 117 250 31
rect:0 213 87 300 31
rect:124 108 91 214 42
Gediz1970_01.jpg 0x0
rect:144 125 217 462 68
rect:104 265 118 210 69
rect:257 324 59 159 69
Guatemala1976_01.jpg 0x0
rect:52 130 100 160 48
rect:56 216 50 41 41
rect:371 196 74 64 41
rect:336 113 114 124 48
rect:48 183 83 63 52
rect:25 170 572 122 82
Guatemala1976_02.jpg 0x0
rect:214 97 283 275 48
rect:311 86 108 95 40
Guatemala1976_03.jpg 0x0
rect:19 85 871 275 75
Guatemala1976_04.jpg 0x0
rect:535 153 149 319 4
rect:570 332 117 318 4
rect:29 77 442 177 30
rect:151 28 367 101 30
Guatemala1976_05.jpg 0x0
rect:136 102 312 200 40
rect:170 186 338 161 41
rect:145 107 506 432 48
Guatemala1976_06.jpg 0x0
rect:112 74 266 350 39
Guatemala1976_07.jpg 0x0
rect:18 235 561 344 10
rect:258 575 132 74 83
rect:17 360 72 68 6
Guatemala1976_08.jpg 0x0
rect:231 66 382 492 41
rect:162 22 403 364 48
rect:290 86 209 208 40
Guatemala1976_09.jpg 0x0
rect:315 366 85 30 85
rect:64 336 36 27 84
rect:72 274 41 22 85
rect:334 249 50 69 84
rect:144 384 35 30 84
rect:643 329 42 41 85
rect:474 354 40 70 84
rect:139 204 69 50 85
Guatemala1976_10.jpg 0x0
rect:211 166 208 295 86
rect:147 139 192 183 87
rect:258 363 45 132 87
Guatemala1976_11.jpg 0x0
rect:147 182 146 193 34
GujaratIndia2001_01.jpg 0x0
rect:80 445 59 41 2
rect:198 424 260 82 2
rect:38 444 197 123 4
rect:414 399 44 53 11
Haiti2010_01.jpg 0x0
rect:362 372 22 119 40
rect:310 156 228 311 41
rect:128 56 146 78 7
rect:461 362 146 190 4
rect:585 318 82 88 4
Haiti2010_02.jpg 0x0
rect:277 40 149 45 14
rect:55 67 404 235 88
Haiti2010_03.jpg 0x0
rect:317 754 268 242 89
rect:218 435 216 192 32
rect:220 654 90 87 49
rect:374 1 57 433 32
Haiti2010_04.jpg 0x0
rect:205 40 209 219 34
rect:2 146 235 154 6
rect:157 373 401 542 41
Haiti2010_05.jpg 0x0
rect:322 116 227 490 90
rect:293 280 32 95 40
rect:296 212 141 92 52
rect:205 187 35 127 40
Haiti2010_06.jpg 0x0
rect:486 166 447 759 91
rect:148 330 39 54 34
rect:405 231 73 274 32
rect:462 119 71 90 34
rect:514 162 79 46 6
rect:527 215 261 516 33
rect:141 295 360 294 91
ImperialValley1979_01.jpg 0x0
rect:365 353 48 30 49
rect:386 318 34 39 50
rect:15 322 124 122 32
rect:388 247 39 32 32
rect:13 348 92 76 49
rect:362 304 25 32 32
rect:583 303 32 20 49
rect:380 234 15 17 49
rect:454 275 39 56 32
rect:367 212 50 85 50
rect:40 336 122 108 50
ImperialValley1979_02.jpg 0x0
rect:263 105 109 206 50
rect:185 66 243 287 32
rect:209 216 225 45 92
rect:332 185 40 194 50
rect:275 256 116 34 49
rect:176 161 93 230 50
ImperialValley1979_03.jpg 0x0
rect:131 348 301 39 92
rect:169 191 221 155 32
rect:205 392 73 162 50
rect:291 315 76 154 50
rect:117 315 285 37 92
rect:159 308 289 222 32
rect:108 256 114 245 50
Izmit1999_01.jpg 0x0
rect:198 140 46 146 27
rect:555 252 61 68 26
rect:235 110 74 179 27
rect:191 309 26 86 27
rect:149 76 298 258 34
Izmit1999_02.jpg 0x0
rect:21 132 913 205 10
Izmit1999_03.jpg 0x0
rect:205 57 186 341 32
rect:380 67 43 240 50
rect:159 194 352 46 92
rect:115 50 446 422 93
rect:338 84 50 160 50
rect:177 86 84 215 50
rect:162 186 35 156 50
rect:493 68 44 350 50
Izmit1999_04.jpg 0x0
rect:223 67 86 99 41
rect:40 413 64 64 34
rect:58 601 35 83 42
rect:48 537 66 115 41
rect:78 410 178 127 88
rect:228 462 75 60 41
rect:192 225 134 53 88
rect:503 448 30 63 40
rect:264 289 23 78 40
rect:312 75 111 73 48
Izmit1999_05.jpg 0x0
rect:96 29 589 433 10
Izmit1999_06.jpg 0x0
rect:91 116 148 439 32
rect:358 197 52 135 50
rect:199 152 60 251 50
rect:184 201 45 195 50
rect:202 178 193 82 49
rect:70 233 91 211 50
Izmit1999_07.jpg 0x0
rect:394 119 91 102 3
rect:238 340 120 318 4
rect:268 185 31 88 3
rect:337 62 111 36 6
rect:116 295 32 139 3
rect:259 273 36 71 3
rect:22 128 494 774 2
Izmit1999_08.jpg 0x0
rect:136 23 88 93 34
rect:679 5 91 71 45
rect:165 285 116 116 45
rect:264 207 232 97 88
rect:423 83 67 99 41
rect:197 98 101 90 41
rect:476 92 56 38 52
Izmit1999_09.jpg 0x0
rect:398 308 73 69 41
rect:566 252 72 89 94
rect:362 288 143 105 94
rect:47 191 51 54 41
rect:618 215 59 69 41
rect:358 194 47 41 41
Izmit1999_10.jpg 0x0
rect:86 109 220 662 41
rect:253 513 90 140 40
rect:205 190 56 150 40
rect:48 113 58 238 40
rect:57 267 472 45 78
rect:240 165 152 162 40
rect:108 224 71 224 40
rect:204 615 91 37 78
rect:243 545 144 50 78
rect:139 223 206 50 78
rect:314 561 38 90 40
Izmit1999_11.jpg 0x0
rect:209 389 64 203 40
rect:177 531 151 98 41
rect:188 279 154 180 41
rect:293 295 99 175 40
rect:235 205 54 117 40
Izmit1999_12.jpg 0x0
rect:22 73 54 21 6
rect:1 153 40 35 41
rect:322 281 111 179 94
rect:187 279 99 84 88
rect:53 197 58 101 94
rect:547 178 52 54 7
rect:83 93 32 29 6
rect:249 198 57 32 6
rect:39 347 60 67 52
rect:614 86 43 96 41
rect:235 263 92 125 41
rect:396 24 90 77 34
rect:63 307 39 48 40
rect:582 227 50 57 41
rect:307 100 41 61 45
rect:341 300 64 84 52
rect:409 218 35 142 42
rect:517 154 189 244 91
Izmit1999_13.jpg 0x0
rect:125 275 73 83 52
rect:180 222 32 105 41
rect:176 218 130 136 94
rect:243 196 28 78 41
rect:282 107 137 367 48
rect:127 118 45 53 6
rect:370 171 98 179 41
rect:310 92 80 93 41
rect:4 76 63 129 42
Izmit1999_14.jpg 0x0
rect:316 384 46 16 34
rect:504 54 66 80 34
rect:542 237 51 41 34
rect:318 6 181 74 35
rect:368 142 77 81 35
rect:65 123 131 64 34
rect:308 46 50 61 95
rect:252 425 47 41 34
rect:490 200 58 30 34
Izmit1999_15.jpg 0x0
rect:102 250 186 338 42
Izmit1999_16.jpg 0x0
rect:64 47 356 588 33
rect:106 90 239 284 39
rect:168 74 146 98 41
rect:165 127 36 93 40
Izmit1999_17.jpg 0x0
rect:133 127 187 200 41
Izmit1999_18.jpg 0x0
rect:193 116 183 204 39
rect:203 116 93 120 41
Izmit1999_19.jpg 0x0
rect:248 62 264 231 96
rect:515 178 32 101 50
rect:321 110 250 277 32
rect:458 121 26 62 50
Kobe1995_01.jpg 0x0
rect:26 132 1061 199 63
Kobe1995_02.jpg 0x0
rect:2 65 459 412 68
Kobe1995_03.jpg 0x0
rect:45 51 456 714 10
Kobe1995_04.jpg 0x0
rect:378 248 44 66 41
Kobe1995_05.jpg 0x0
rect:93 205 279 403 52
rect:368 107 214 545 40
rect:33 195 371 74 78
rect:111 699 363 94 78
rect:5 211 131 453 40
Kobe1995_06.jpg 0x0
rect:53 177 410 474 41
rect:134 373 205 446 42
Kobe1995_07.jpg 0x0
rect:140 335 28 30 39
rect:45 327 44 24 39
rect:106 283 43 48 39
rect:205 239 46 51 39
rect:225 229 34 30 39
rect:308 378 24 32 39
rect:265 243 32 38 39
rect:439 175 42 50 39
rect:307 400 43 44 39
rect:205 314 38 27 39
rect:164 395 38 34 39
rect:175 270 26 39 39
rect:155 270 42 38 39
rect:233 264 29 45 39
rect:301 88 33 26 39
rect:240 485 51 45 39
rect:136 100 24 27 39
rect:395 207 37 42 39
rect:273 149 35 50 39
rect:497 256 39 32 39
rect:304 358 26 52 39
rect:301 210 31 50 39
rect:49 232 28 41 39
rect:481 375 43 37 39
rect:155 593 31 48 39
rect:526 170 45 26 39
Kobe1995_08.jpg 0x0
rect:398 78 543 189 97
Kobe1995_09.jpg 0x0
rect:117 604 61 75 88
rect:208 749 145 80 97
rect:92 460 89 46 88
rect:92 773 74 111 88
SanSalvador_1986_01.jpg 0x0
rect:260 137 94 169 41
rect:53 3 93 301 68
SanSalvador_1986_02.jpg 0x0
rect:307 172 47 33 41
rect:533 172 44 39 41
rect:289 244 24 39 41
rect:288 139 22 22 41
rect:150 266 29 33 41
rect:153 136 18 26 41
rect:622 290 31 34 41
rect:606 145 54 42 42
rect:219 262 32 30 41
SikkimIndia2001_01.jpg 0x0
rect:154 197 172 141 34
SikkimIndia2001_02.jpg 0x0
rect:-18 2 318 96 33
rect:455 93 73 48 16
rect:9 5 263 60 16
rect:319 206 102 35 16
rect:538 76 78 195 33
rect:148 58 157 369 33
rect:367 184 95 22 16
rect:11 164 78 54 54
SikkimIndia2001_03.jpg 0x0
rect:183 13 193 519 98
rect:143 84 61 174 69
rect:213 227 82 164 70
SikkimIndia2001_04.jpg 0x0
rect:394 180 218 124 99
rect:3 26 245 269 99
rect:330 150 150 145 34
SumatraInd2009_01.jpg 0x0
rect:304 22 43 352 81
SumatraInd2009_02.jpg 0x0
rect:187 73 242 207 41
WhittierNarrows1987_01.jpg 0x0
rect:11 31 860 403 10
WhittierNarrows1987_02.jpg 0x0
rect:170 261 103 213 41
WhittierNarrows1987_03.jpg 0x0
rect:252 165 123 344 32
WhittierNarrows1987_04.jpg 0x0
rect:271 7 303 89 6
rect:262 67 98 251 41
rect:246 13 213 185 100
YogyakartaInd2006_01.jpg 0x0
rect:147 -17 453 431 29
rect:257 36 286 323 32
rect:223 136 256 71 49
YogyakartaInd2006_02.jpg 0x0
rect:280 56 120 391 98
rect:405 146 69 148 69
rect:249 81 74 223 70
