Anchorage1964_01.jpg 0x0
rect:104 298 182 210 1
rect:81 6 162 186 1
Anchorage1964_02.jpg 0x0
rect:108 180 51 13 6
rect:344 336 27 75 3
rect:39 195 130 52 5
rect:427 176 97 59 4
rect:212 230 29 70 3
rect:91 37 79 17 6
rect:184 195 67 62 7
rect:208 88 111 96 4
rect:472 278 19 42 3
rect:195 236 27 46 3
rect:636 85 94 134 8
rect:106 249 31 17 6
rect:542 347 16 71 3
rect:202 237 365 103 2
rect:47 30 189 54 5
rect:367 357 31 68 3
rect:232 41 335 112 4
rect:208 345 29 56 3
rect:310 180 24 57 3
Anchorage1964_03.jpg 0x0
rect:0 213 588 75 10
rect:2 295 246 104 9
rect:204 112 310 194 9
Anchorage1964_04.jpg 0x0
rect:265 372 9 19 1
rect:157 183 36 21 5
rect:384 248 7 1 1
rect:163 78 37 12 5
rect:162 69 27 16 5
rect:194 464 38 16 5
rect:215 370 26 19 5
rect:219 345 63 16 2
rect:148 105 27 15 5
rect:248 345 22 22 1
rect:221 204 34 14 5
rect:148 253 33 19 5
rect:380 323 22 20 5
rect:305 142 34 16 5
rect:423 37 32 19 5
rect:414 285 17 14 5
rect:127 156 33 15 5
rect:288 61 34 20 5
rect:353 295 13 25 1
rect:114 381 38 15 5
rect:285 147 38 14 5
rect:353 245 19 18 1
rect:433 338 34 19 5
rect:372 475 38 21 5
rect:144 281 29 21 5
rect:181 256 21 24 8
rect:321 123 22 14 5
rect:277 174 30 14 5
rect:328 454 36 20 5
rect:441 220 29 17 5
rect:269 137 20 29 1
rect:217 327 24 26 1
rect:216 25 24 20 5
rect:289 373 17 26 1
rect:196 241 14 24 1
rect:334 190 10 22 1
rect:456 179 21 16 5
rect:353 477 16 20 1
rect:288 432 23 18 1
Anchorage1964_05.jpg 0x0
rect:247 201 27 15 11
rect:798 224 43 24 6
rect:132 20 24 50 1
rect:553 127 40 58 1
rect:139 183 99 55 6
rect:566 327 39 72 1
rect:45 178 21 40 1
rect:174 51 65 28 5
rect:32 376 22 67 1
rect:93 260 21 59 1
rect:432 105 28 52 1
rect:584 520 32 69 8
rect:550 327 31 12 6
rect:347 143 160 79 2
rect:419 1 30 60 1
rect:628 21 40 49 1
rect:483 388 42 35 5
rect:542 213 54 78 8
rect:66 239 19 33 1
rect:68 75 31 39 1
rect:434 238 74 38 5
rect:69 277 16 28 1
rect:139 216 149 17 5
rect:213 34 128 53 6
rect:586 255 56 55 1
rect:36 226 24 66 1
rect:119 135 20 56 1
rect:450 81 33 49 1
rect:372 168 37 25 11
Anchorage1964_06.jpg 0x0
rect:125 90 217 415 12
rect:121 320 54 109 11
rect:156 172 117 254 3
Anchorage1964_07.jpg 0x0
rect:224 2 113 45 2
rect:7 423 269 32 14
rect:367 154 40 113 3
rect:235 144 126 162 11
rect:16 287 295 35 11
rect:10 59 495 508 2
rect:555 261 84 63 11
rect:330 335 368 219 2
rect:276 120 63 130 13
Anchorage1964_08.jpg 0x0
rect:69 341 86 98 1
rect:45 615 116 123 1
rect:43 84 114 150 1
rect:306 605 102 159 1
rect:402 28 74 86 1
rect:383 302 94 139 1
Anchorage1964_09.jpg 0x0
rect:127 147 62 71 1
rect:18 105 18 8 16
rect:438 159 111 23 15
rect:614 159 129 20 15
rect:684 41 66 84 8
rect:108 39 75 75 8
rect:765 10 110 11 16
rect:13 101 102 20 15
rect:336 203 75 71 1
rect:522 193 1 1 16
rect:54 123 66 10 16
rect:727 150 74 91 1
rect:11 15 422 19 15
rect:354 203 71 67 1
rect:374 9 235 11 15
rect:128 120 215 14 15
rect:73 351 62 86 8
rect:17 16 56 10 16
rect:668 254 61 49 8
Anchorage1964_10.jpg 0x0
rect:215 212 166 72 18
rect:70 199 374 459 1
rect:248 292 70 113 17
rect:54 277 273 149 18
Anchorage1964_11.jpg 0x0
rect:84 335 541 13 14
rect:439 115 151 80 1
rect:129 145 520 59 2
rect:155 73 145 137 4
rect:164 115 463 15 15
rect:453 8 124 50 1
rect:337 194 368 37 11
rect:62 521 776 18 14
Anchorage1964_12.jpg 0x0
rect:495 73 58 187 3
rect:295 86 69 270 3
rect:164 139 24 80 3
rect:496 81 124 134 11
rect:11 99 766 242 2
Anchorage1964_13.jpg 0x0
rect:515 453 23 137 20
rect:366 675 79 11 19
rect:368 658 181 19 2
Anchorage1964_14.jpg 0x0
rect:77 687 47 76 22
rect:187 17 120 698 20
rect:10 731 224 105 11
rect:327 713 177 90 23
rect:341 6 64 142 11
rect:260 13 66 209 11
rect:317 291 172 66 15
rect:239 248 52 66 21
rect:71 271 182 36 15
rect:48 535 42 53 22
rect:120 597 44 41 22
rect:21 403 25 47 22
Anchorage1964_15.jpg 0x0
rect:290 153 48 66 25
rect:338 9 103 76 4
rect:274 270 155 45 15
rect:210 125 31 54 11
rect:206 459 287 65 2
rect:400 185 165 39 11
rect:233 55 52 431 20
rect:477 358 129 32 24
rect:252 9 92 75 4
Anchorage1964_16.jpg 0x0
rect:16 331 88 88 2
rect:188 212 329 257 11
rect:200 98 280 124 2
rect:483 257 142 158 2
rect:98 260 99 74 11
rect:17 141 175 128 2
Anchorage1964_17.jpg 0x0
rect:278 42 236 148 9
rect:7 138 917 186 10
rect:12 98 303 110 9
Anchorage1964_18.jpg 0x0
rect:545 333 47 25 2
rect:353 304 228 33 15
rect:162 207 58 96 4
rect:257 240 38 53 11
rect:664 146 107 64 4
rect:303 243 59 15 2
rect:167 231 16 61 11
rect:343 212 122 106 4
rect:463 250 70 16 2
rect:108 292 102 51 11
Anchorage1964_19.jpg 0x0
rect:515 162 47 41 28
rect:392 244 36 36 28
rect:316 310 14 38 26
rect:296 126 74 37 26
rect:612 169 7 19 26
rect:278 135 25 30 26
rect:858 179 7 13 26
rect:6 279 67 178 26
rect:297 129 17 42 26
rect:404 222 13 22 26
rect:425 119 24 47 29
rect:347 296 41 90 26
rect:344 232 18 30 26
rect:320 85 28 59 29
rect:660 131 8 7 26
rect:26 193 31 76 27
rect:311 52 59 161 29
rect:288 128 34 31 27
Anchorage1964_20.jpg 0x0
rect:482 660 34 95 26
rect:187 53 148 123 29
rect:260 110 114 83 26
rect:174 92 91 34 27
rect:257 362 67 114 26
Anchorage1964_21.jpg 0x0
rect:177 169 606 138 30
rect:61 300 40 34 26
rect:-6 88 88 205 29
rect:2 98 32 44 26
Bingol2003_01.jpg 0x0
rect:702 95 111 170 31
rect:917 276 111 61 33
rect:616 156 60 104 34
rect:134 283 53 70 33
rect:486 368 108 95 6
rect:716 259 58 59 6
rect:471 342 53 67 34
rect:709 144 102 67 6
rect:372 422 194 63 6
rect:710 262 32 51 6
rect:321 83 84 25 6
rect:38 237 69 54 33
rect:665 292 86 87 33
rect:533 354 159 218 31
rect:775 366 85 47 33
rect:426 78 90 52 6
rect:494 232 55 204 32
rect:2 268 850 207 10
rect:260 174 90 55 33
Bingol2003_02.jpg 0x0
rect:189 92 424 172 34
rect:982 65 128 93 36
rect:104 653 171 291 32
rect:244 255 89 398 32
rect:500 298 83 97 26
rect:263 258 717 637 31
rect:606 239 301 123 35
rect:408 439 97 90 6
Bingol2003_03.jpg 0x0
rect:569 210 258 70 11
rect:886 514 206 302 2
rect:752 228 194 481 4
rect:98 20 136 25 2
rect:144 34 138 132 33
rect:872 -8 321 207 4
rect:347 206 408 120 2
Bingol2003_04.jpg 0x0
rect:70 713 31 72 3
rect:264 443 44 120 3
rect:212 656 36 79 3
rect:368 556 123 68 2
rect:132 581 31 93 3
rect:61 454 108 92 2
rect:309 228 140 229 4
rect:194 408 239 145 2
CanterburyNZSeries2010_01.jpg 0x0
rect:127 136 143 367 12
CanterburyNZSeries2010_02.jpg 0x0
rect:45 7 148 368 37
rect:63 52 131 198 6
CanterburyNZSeries2010_03.jpg 0x0
rect:59 91 388 116 38
CanterburyNZSeries2010_04.jpg 0x0
rect:161 361 204 347 39
rect:231 321 35 89 40
rect:227 479 29 113 40
rect:237 310 18 46 40
rect:145 399 92 172 41
rect:195 9 96 210 42
rect:238 408 16 75 40
rect:313 401 44 169 40
CanterburyNZSeries2010_05.jpg 0x0
rect:209 250 160 141 15
rect:395 373 270 248 4
CanterburyNZSeries2010_06.jpg 0x0
rect:200 213 317 127 2
rect:55 142 643 780 4
CanterburyNZSeries2010_08.jpg 0x0
rect:395 173 183 330 43
rect:726 695 74 157 44
rect:545 321 101 118 44
rect:810 590 33 126 32
CanterburyNZSeries2010_09.jpg 0x0
rect:220 301 164 314 39
rect:205 120 150 206 45
CanterburyNZSeries2010_10.jpg 0x0
rect:370 136 291 139 7
rect:282 278 204 57 46
rect:205 339 328 146 6
rect:256 322 355 219 6
CanterburyNZSeries2010_11.jpg 0x0
rect:392 257 248 125 7
rect:405 315 385 197 5
CanterburyNZSeries2010_12.jpg 0x0
rect:51 235 566 277 2
rect:137 570 145 61 11
rect:543 559 162 61 11
rect:4 319 791 428 47
CanterburyNZSeries2010_13.jpg 0x0
rect:362 128 93 364 11
rect:136 17 469 859 12
Caracas1967_01.jpg 0x0
rect:394 75 180 179 48
rect:363 190 57 110 48
rect:388 216 43 102 48
rect:228 144 12 47 48
Caracas1967_02.jpg 0x0
rect:134 170 163 367 51
rect:127 361 45 73 49
rect:169 476 39 41 50
rect:265 1 138 168 15
Caracas1967_03.jpg 0x0
rect:237 379 93 150 34
rect:14 447 204 88 6
rect:210 274 74 91 26
rect:302 72 85 129 14
rect:204 377 36 75 27
rect:298 387 28 148 27
Caracas1967_04.jpg 0x0
rect:117 343 14 120 27
rect:123 380 53 129 26
rect:148 362 163 192 34
Caracas1967_05.jpg 0x0
rect:280 278 57 127 40
rect:240 447 47 273 40
rect:36 118 383 458 48
rect:73 425 175 257 52
rect:457 196 51 218 40
rect:51 134 278 320 41
rect:316 225 42 175 40
rect:66 441 58 347 40
rect:182 210 160 188 52
rect:120 320 38 230 40
Caracas1967_06.jpg 0x0
rect:413 241 54 47 6
rect:366 74 306 185 7
Caracas1967_07.jpg 0x0
rect:540 345 76 101 53
rect:445 8 80 223 34
rect:534 297 186 270 34
rect:246 111 36 197 27
rect:431 45 22 203 27
rect:170 124 144 166 34
rect:490 526 85 85 53
Caracas1967_08.jpg 0x0
rect:208 259 86 85 55
rect:426 215 90 138 54
rect:219 393 51 79 54
Caracas1967_09.jpg 0x0
rect:166 111 81 96 48
rect:21 313 62 40 48
rect:393 14 197 119 48
rect:102 233 57 79 48
Caracas1967_10.jpg 0x0
rect:502 233 52 199 40
rect:42 275 246 382 41
rect:393 229 86 138 40
rect:21 159 580 548 48
Caracas1967_11.jpg 0x0
rect:77 290 209 553 41
rect:223 15 184 200 41
rect:51 14 366 617 48
Caracas1967_12.jpg 0x0
rect:572 261 17 43 32
rect:858 297 17 58 32
rect:166 331 32 62 56
rect:574 216 37 32 34
Caracas1967_13.jpg 0x0
rect:111 347 106 245 55
Caracas1967_14.jpg 0x0
rect:93 162 678 242 57
rect:131 307 197 37 6
Chichi1999_01.jpg 0x0
rect:267 144 60 226 42
rect:4 6 700 191 58
Chichi1999_02.jpg 0x0
rect:6 112 310 149 58
rect:278 118 224 393 59
Chichi1999_03.jpg 0x0
rect:0 191 855 139 58
rect:103 183 57 112 60
Chichi1999_04.jpg 0x0
rect:168 261 87 345 48
rect:264 -15 69 140 48
rect:260 287 33 54 52
Chichi1999_05.jpg 0x0
rect:440 124 48 59 41
rect:374 214 33 98 52
rect:332 131 115 201 48
rect:305 190 22 38 41
Chichi1999_06.jpg 0x0
rect:326 242 25 40 52
rect:579 226 28 66 41
rect:196 13 338 194 10
rect:286 91 63 66 62
rect:613 -12 100 74 61
rect:402 186 57 102 48
Chichi1999_07.jpg 0x0
rect:151 206 41 159 48
rect:454 183 34 98 48
rect:423 168 35 88 48
rect:728 308 12 18 64
rect:343 181 38 38 64
rect:165 156 20 34 64
rect:63 186 503 171 63
Chichi1999_08.jpg 0x0
rect:119 11 487 566 10
Chichi1999_09.jpg 0x0
rect:284 80 55 73 40
rect:292 110 122 106 41
rect:159 117 40 57 40
rect:203 54 258 179 48
Chichi1999_10.jpg 0x0
rect:148 25 646 341 10
Chichi1999_11.jpg 0x0
rect:113 223 105 101 65
rect:2 161 170 416 10
Chichi1999_12.jpg 0x0
rect:12 34 308 655 66
Chichi1999_13.jpg 0x0
rect:45 50 588 551 10
Chichi1999_14.jpg 0x0
rect:348 332 38 61 67
rect:96 402 56 55 67
rect:84 340 29 45 67
rect:277 312 32 34 39
rect:234 583 18 44 39
rect:215 233 19 30 67
rect:137 294 34 60 67
rect:190 478 35 36 67
rect:100 293 55 45 67
rect:186 162 93 39 67
rect:351 469 39 41 39
rect:280 356 30 18 39
rect:238 285 45 46 67
rect:138 620 36 40 67
rect:244 497 66 77 67
rect:145 310 30 44 67
rect:118 436 47 59 67
Chichi1999_15.jpg 0x0
rect:296 30 333 353 41
Chichi1999_16.jpg 0x0
rect:159 130 70 158 32
Chichi1999_17.jpg 0x0
rect:98 401 25 37 32
Chichi1999_18.jpg 0x0
rect:136 248 33 126 69
rect:190 235 122 342 68
rect:381 246 30 166 69
rect:191 304 50 133 69
rect:309 172 29 174 69
rect:315 261 52 144 70
Chichi1999_19.jpg 0x0
rect:284 138 228 208 3
rect:207 26 217 527 2
YogyakartaInd2006_03.jpg 0x0
rect:437 71 88 33 16
rect:305 32 122 2 15
rect:225 185 86 41 15
rect:264 197 335 142 71
rect:281 85 122 79 15
rect:289 213 27 7 16
rect:155 531 167 32 15
rect:274 476 67 22 16
Chichi1999_20.jpg 0x0
rect:195 431 43 245 41
rect:235 171 106 270 42
Chichi1999_21.jpg 0x0
rect:457 7 101 110 57
rect:407 36 279 214 37
rect:68 386 190 111 5
rect:148 262 182 131 37
rect:441 88 123 152 6
rect:329 300 106 139 6
rect:15 4 282 121 30
rect:248 93 209 257 72
Chichi1999_22.jpg 0x0
rect:161 135 273 184 10
rect:286 302 16 24 73
rect:266 175 20 21 73
rect:395 260 19 20 73
Chichi1999_23.jpg 0x0
rect:109 383 66 85 73
rect:304 234 27 21 27
rect:314 174 57 63 73
rect:356 160 35 34 26
rect:143 179 24 30 34
rect:376 283 91 136 73
rect:4 50 440 212 74
rect:115 115 52 52 73
rect:143 393 54 81 34
rect:387 251 47 67 34
Chichi1999_24.jpg 0x0
rect:3 397 398 267 74
rect:223 223 152 68 75
rect:286 412 1 2 46
rect:172 126 48 76 46
rect:218 210 92 37 34
Chichi1999_25.jpg 0x0
rect:134 229 236 334 73
rect:247 238 58 75 26
rect:223 185 143 195 34
Chichi1999_26.jpg 0x0
rect:96 517 87 143 27
rect:243 19 41 31 73
rect:221 278 117 515 76
rect:89 376 138 148 73
rect:193 613 108 62 26
rect:254 195 49 136 73
Chichi1999_27.jpg 0x0
rect:175 232 117 371 32
Chichi1999_28.jpg 0x0
rect:23 48 238 159 6
rect:107 106 121 201 5
rect:282 143 204 171 75
rect:272 346 301 147 77
Chichi1999_29.jpg 0x0
rect:179 321 87 178 52
rect:134 179 235 217 48
rect:226 258 115 133 40
Chichi1999_30.jpg 0x0
rect:187 166 201 65 52
rect:197 145 160 66 78
rect:29 269 135 150 73
rect:233 122 251 257 40
Chichi1999_31.jpg 0x0
rect:547 94 61 200 48
rect:153 99 112 342 79
Chichi1999_32.jpg 0x0
rect:145 242 33 139 81
rect:130 7 74 466 80
rect:164 81 41 138 81
rect:361 151 53 172 39
Chichi1999_33.jpg 0x0
rect:202 71 139 348 32
rect:96 139 93 259 32
rect:61 45 100 321 33
rect:267 85 98 229 56
rect:125 204 46 129 49
rect:374 99 34 127 49
Chichi1999_34.jpg 0x0
rect:141 87 320 377 10
Duzce1999_01.jpg 0x0
rect:111 160 103 101 41
rect:101 60 104 325 39
Duzce1999_02.jpg 0x0
rect:57 47 124 483 41
Duzce1999_03.jpg 0x0
rect:105 121 97 215 42
rect:192 138 117 201 31
rect:0 194 128 249 31
Gediz1970_01.jpg 0x0
rect:118 336 109 223 69
rect:252 412 67 145 69
rect:158 143 262 421 68
Guatemala1976_01.jpg 0x0
rect:362 197 60 62 41
rect:375 188 150 104 48
rect:56 188 60 60 41
rect:53 178 71 96 48
rect:58 148 48 46 52
rect:26 165 786 152 82
Guatemala1976_02.jpg 0x0
rect:225 74 73 74 40
rect:130 75 290 310 48
Guatemala1976_03.jpg 0x0
rect:18 99 490 412 75
Guatemala1976_04.jpg 0x0
rect:41 62 383 304 30
rect:416 230 148 357 4
rect:597 361 88 185 4
rect:92 30 297 68 30
Guatemala1976_05.jpg 0x0
rect:162 116 302 99 41
rect:168 70 500 292 48
rect:201 165 450 152 40
Guatemala1976_06.jpg 0x0
rect:145 93 189 479 39
Guatemala1976_07.jpg 0x0
rect:23 313 69 59 6
rect:20 198 602 281 10
rect:244 666 126 100 83
Guatemala1976_08.jpg 0x0
rect:218 52 271 418 41
rect:410 95 131 350 40
rect:131 39 392 533 48
Guatemala1976_09.jpg 0x0
rect:287 206 95 35 85
rect:68 313 29 27 85
rect:283 256 45 78 84
rect:86 323 24 19 84
rect:725 284 70 67 84
rect:571 211 52 71 85
rect:226 316 42 24 84
rect:212 278 75 63 85
Guatemala1976_10.jpg 0x0
rect:245 394 47 107 87
rect:182 241 203 188 86
rect:245 167 234 128 87
Guatemala1976_11.jpg 0x0
rect:132 288 144 285 34
GujaratIndia2001_01.jpg 0x0
rect:84 319 65 26 2
rect:193 421 159 72 2
rect:34 291 151 172 4
rect:263 453 72 66 11
Haiti2010_01.jpg 0x0
rect:167 51 92 140 7
rect:371 242 117 78 4
rect:312 300 33 111 40
rect:373 535 182 171 4
rect:309 146 161 332 41
Haiti2010_02.jpg 0x0
rect:307 32 182 50 14
rect:44 93 388 183 88
Haiti2010_03.jpg 0x0
rect:294 345 237 228 32
rect:209 610 217 145 89
rect:229 391 72 86 49
rect:322 1 71 621 32
Haiti2010_04.jpg 0x0
rect:2 159 304 137 6
rect:277 37 266 292 34
rect:213 239 405 481 41
Haiti2010_05.jpg 0x0
rect:299 258 123 105 52
rect:271 238 30 98 40
rect:324 121 210 448 90
rect:433 258 29 119 40
Haiti2010_06.jpg 0x0
rect:328 299 54 195 32
rect:447 204 685 780 91
rect:175 287 368 357 91
rect:281 205 255 264 33
rect:575 152 102 46 6
rect:150 337 32 60 34
rect:626 134 83 87 34
ImperialValley1979_01.jpg 0x0
rect:12 296 84 89 49
rect:610 317 33 43 32
rect:451 402 26 38 32
rect:318 313 57 51 50
rect:287 339 48 48 32
rect:331 300 55 29 49
rect:9 332 166 97 32
rect:440 381 29 18 49
rect:39 423 94 85 50
rect:504 219 16 16 49
rect:339 368 28 35 50
ImperialValley1979_02.jpg 0x0
rect:200 125 60 227 50
rect:231 223 236 61 92
rect:315 271 138 36 49
rect:465 121 117 141 50
rect:376 117 45 153 50
rect:166 89 164 289 32
ImperialValley1979_03.jpg 0x0
rect:116 197 114 190 50
rect:161 285 114 130 50
rect:107 372 235 168 32
rect:141 409 304 36 92
rect:128 397 231 34 92
rect:169 155 174 161 32
rect:405 228 50 134 50
Izmit1999_01.jpg 0x0
rect:331 204 58 46 26
rect:161 91 384 415 34
rect:291 102 47 108 27
rect:360 121 57 154 27
rect:166 267 31 121 27
Izmit1999_02.jpg 0x0
rect:25 131 486 216 10
Izmit1999_03.jpg 0x0
rect:500 69 54 263 50
rect:321 63 42 198 50
rect:303 70 313 416 32
rect:180 100 76 388 50
rect:184 144 54 236 50
rect:527 89 53 283 50
rect:128 221 259 43 92
rect:164 38 481 382 93
Izmit1999_04.jpg 0x0
rect:78 695 181 93 88
rect:508 471 16 45 40
rect:303 251 14 41 40
rect:119 208 110 68 88
rect:414 84 92 74 41
rect:263 439 76 72 41
rect:43 394 73 134 41
rect:52 590 26 68 42
rect:59 314 76 78 34
rect:356 55 78 130 48
Izmit1999_05.jpg 0x0
rect:99 32 571 399 10
Izmit1999_06.jpg 0x0
rect:293 214 53 171 50
rect:144 202 192 451 32
rect:186 202 157 83 49
rect:287 325 34 190 50
rect:86 243 89 206 50
rect:197 182 81 214 50
Izmit1999_07.jpg 0x0
rect:449 321 108 295 4
rect:20 151 344 720 2
rect:248 251 36 101 3
rect:447 53 164 35 6
rect:230 181 47 127 3
rect:252 154 72 81 3
rect:127 291 33 93 3
Izmit1999_08.jpg 0x0
rect:424 7 95 60 45
rect:130 159 87 87 41
rect:149 532 74 100 45
rect:504 64 75 31 52
rect:164 274 194 141 88
rect:118 27 94 129 34
rect:656 64 68 62 41
Izmit1999_09.jpg 0x0
rect:46 263 31 40 41
rect:334 283 106 74 94
rect:196 157 56 43 41
rect:804 161 58 71 94
rect:286 311 73 95 41
rect:495 285 71 53 41
Izmit1999_10.jpg 0x0
rect:210 157 62 158 40
rect:256 535 43 102 40
rect:334 133 125 110 40
rect:59 206 335 57 78
rect:111 132 416 393 41
rect:223 497 84 37 78
rect:362 671 77 143 40
rect:87 163 102 208 40
rect:128 498 144 30 78
rect:110 393 294 49 78
rect:153 255 67 280 40
Izmit1999_11.jpg 0x0
rect:171 163 94 202 40
rect:173 576 129 161 41
rect:287 290 71 176 40
rect:137 403 63 128 40
rect:259 282 107 201 41
Izmit1999_12.jpg 0x0
rect:62 289 62 69 94
rect:198 214 38 23 6
rect:428 162 44 62 41
rect:387 128 230 141 91
rect:410 369 71 156 41
rect:93 96 36 18 6
rect:69 319 62 63 52
rect:254 337 88 135 94
rect:416 240 32 143 42
rect:441 73 42 98 41
rect:1 201 31 33 41
rect:453 142 60 99 45
rect:64 212 22 61 40
rect:150 164 100 65 88
rect:21 66 57 23 6
rect:407 179 91 42 7
rect:324 386 45 93 52
rect:455 28 112 58 34
Izmit1999_13.jpg 0x0
rect:157 159 113 123 94
rect:134 172 69 41 6
rect:113 214 29 97 41
rect:382 73 81 111 41
rect:244 187 48 102 41
rect:488 188 69 273 41
rect:147 247 91 62 52
rect:352 83 193 270 48
rect:5 81 80 179 42
Izmit1999_14.jpg 0x0
rect:437 38 40 71 95
rect:352 334 94 55 34
rect:381 75 88 79 34
rect:354 490 42 19 34
rect:366 7 182 75 35
rect:46 110 118 43 34
rect:319 391 36 40 34
rect:474 240 64 44 34
rect:426 152 80 59 35
Izmit1999_15.jpg 0x0
rect:170 245 327 338 42
Izmit1999_16.jpg 0x0
rect:100 78 221 367 39
rect:235 137 34 105 40
rect:120 62 468 542 33
rect:170 80 173 101 41
Izmit1999_17.jpg 0x0
rect:97 102 254 298 41
Izmit1999_18.jpg 0x0
rect:236 120 155 188 41
rect:217 175 128 241 39
Izmit1999_19.jpg 0x0
rect:249 104 288 307 96
rect:382 183 31 81 50
rect:475 109 25 90 50
rect:286 126 281 163 32
Kobe1995_01.jpg 0x0
rect:25 198 953 116 63
Kobe1995_02.jpg 0x0
rect:2 66 644 761 68
Kobe1995_03.jpg 0x0
rect:48 76 385 697 10
Kobe1995_04.jpg 0x0
rect:380 301 44 38 41
Kobe1995_05.jpg 0x0
rect:44 278 431 92 78
rect:4 118 105 379 40
rect:113 573 381 159 78
rect:173 144 167 653 52
rect:409 182 178 549 40
Kobe1995_06.jpg 0x0
rect:59 180 499 419 41
rect:139 254 304 413 42
Kobe1995_07.jpg 0x0
rect:241 570 53 25 39
rect:127 292 37 47 39
rect:289 475 23 31 39
rect:490 360 34 40 39
rect:378 179 39 49 39
rect:348 307 39 34 39
rect:298 206 36 40 39
rect:378 300 50 36 39
rect:478 180 55 38 39
rect:216 270 33 49 39
rect:367 100 46 44 39
rect:333 296 35 35 39
rect:115 323 38 38 39
rect:477 297 30 43 39
rect:178 315 40 42 39
rect:470 168 51 30 39
rect:405 579 55 43 39
rect:46 378 49 24 39
rect:249 206 52 39 39
rect:44 244 50 45 39
rect:141 279 41 25 39
rect:107 231 45 36 39
rect:179 168 47 29 39
rect:173 109 25 45 39
rect:236 101 33 34 39
rect:363 288 31 20 39
Kobe1995_08.jpg 0x0
rect:378 43 311 279 97
Kobe1995_09.jpg 0x0
rect:139 393 257 54 97
rect:85 624 65 52 88
rect:104 417 69 60 88
rect:108 667 68 100 88
SanSalvador_1986_01.jpg 0x0
rect:198 161 137 158 41
rect:83 3 130 163 68
SanSalvador_1986_02.jpg 0x0
rect:630 180 37 47 41
rect:295 240 33 35 41
rect:203 365 26 42 41
rect:138 158 31 29 41
rect:660 265 54 43 41
rect:381 197 36 47 41
rect:560 147 42 43 42
rect:424 125 21 24 41
rect:129 238 23 25 41
SikkimIndia2001_01.jpg 0x0
rect:225 135 95 136 34
SikkimIndia2001_02.jpg 0x0
rect:378 130 129 188 33
rect:11 113 50 47 54
rect:472 283 117 15 16
rect:-15 2 327 78 33
rect:282 194 87 50 16
rect:526 102 109 37 16
rect:177 64 254 450 33
rect:7 5 393 52 16
SikkimIndia2001_03.jpg 0x0
rect:203 11 127 431 98
rect:299 215 94 180 70
rect:213 82 69 237 69
SikkimIndia2001_04.jpg 0x0
rect:462 223 304 108 99
rect:3 29 312 225 99
rect:268 210 89 116 34
SumatraInd2009_01.jpg 0x0
rect:267 17 50 307 81
SumatraInd2009_02.jpg 0x0
rect:228 68 247 225 41
WhittierNarrows1987_01.jpg 0x0
rect:14 27 1044 463 10
WhittierNarrows1987_02.jpg 0x0
rect:185 335 111 195 41
WhittierNarrows1987_03.jpg 0x0
rect:260 149 166 322 32
WhittierNarrows1987_04.jpg 0x0
rect:159 10 403 98 6
rect:304 14 190 121 100
rect:266 52 103 213 41
YogyakartaInd2006_01.jpg 0x0
rect:174 40 308 242 32
rect:382 119 277 77 49
rect:129 -24 484 480 29
YogyakartaInd2006_02.jpg 0x0
rect:253 155 51 150 69
rect:392 51 130 387 98
rect:342 125 96 219 70
