Anchorage1964_01.jpg 0x0
rect:90 358 285 259 1
rect:90 8 280 202 1
Anchorage1964_02.jpg 0x0
rect:288 28 321 75 4
rect:575 268 60 72 4
rect:158 305 25 83 3
rect:253 247 24 59 3
rect:95 45 64 18 6
rect:643 76 119 77 8
rect:492 194 19 70 3
rect:342 287 35 82 3
rect:697 234 14 76 3
rect:113 269 68 17 6
rect:148 198 88 55 7
rect:39 31 164 48 5
rect:213 53 74 84 4
rect:119 258 23 20 6
rect:565 248 15 53 3
rect:499 281 19 60 3
rect:27 177 166 40 5
rect:401 273 33 57 3
rect:250 190 440 73 2
Anchorage1964_03.jpg 0x0
rect:2 297 268 79 9
rect:286 89 449 169 9
rect:0 365 817 69 10
Anchorage1964_04.jpg 0x0
rect:317 295 19 29 1
rect:404 75 44 20 5
rect:301 324 30 16 5
rect:199 69 40 21 5
rect:165 309 16 21 8
rect:369 185 18 21 1
rect:370 387 32 21 5
rect:240 252 28 19 5
rect:327 386 27 28 1
rect:296 428 6 1 1
rect:334 261 28 23 5
rect:328 108 31 18 5
rect:169 325 31 15 5
rect:316 337 20 32 1
rect:189 57 40 17 5
rect:261 475 16 27 1
rect:165 27 21 17 5
rect:191 351 57 17 2
rect:237 461 22 15 5
rect:302 100 25 35 1
rect:217 203 37 22 5
rect:182 350 32 22 5
rect:460 338 40 14 5
rect:263 412 20 24 1
rect:324 305 22 22 5
rect:162 232 32 15 5
rect:266 281 27 14 5
rect:195 321 34 14 5
rect:220 413 25 13 5
rect:320 250 25 28 1
rect:446 27 24 17 5
rect:228 360 21 30 1
rect:126 268 28 20 5
rect:324 284 12 16 1
rect:295 186 34 17 5
rect:221 109 32 16 5
rect:248 198 11 23 1
rect:191 177 20 18 5
rect:351 163 26 18 5
Anchorage1964_05.jpg 0x0
rect:287 1 34 48 1
rect:56 122 21 41 1
rect:731 271 75 43 5
rect:165 184 90 28 5
rect:295 218 117 87 2
rect:418 17 29 41 1
rect:832 318 50 28 5
rect:68 89 25 46 1
rect:334 327 63 86 8
rect:497 95 51 76 1
rect:349 129 33 66 1
rect:520 134 38 73 1
rect:242 59 94 29 5
rect:159 129 96 33 6
rect:556 204 30 42 1
rect:113 224 26 51 1
rect:55 215 17 34 1
rect:33 317 27 68 1
rect:404 375 58 58 1
rect:68 216 16 64 1
rect:473 312 56 77 8
rect:123 132 18 45 1
rect:312 158 23 19 11
rect:42 396 23 46 1
rect:730 452 46 14 6
rect:756 187 49 22 6
rect:162 41 119 33 6
rect:77 19 22 27 1
rect:341 277 32 30 11
Anchorage1964_06.jpg 0x0
rect:116 68 172 514 12
rect:143 157 64 382 3
rect:158 178 56 74 11
Anchorage1964_07.jpg 0x0
rect:241 191 327 189 2
rect:7 65 534 380 2
rect:17 256 187 41 11
rect:553 152 89 86 11
rect:7 393 513 33 14
rect:440 196 36 98 13
rect:265 120 60 152 3
rect:217 2 107 67 2
rect:344 104 206 118 11
Anchorage1964_08.jpg 0x0
rect:46 711 76 107 1
rect:54 78 137 119 1
rect:317 313 93 139 1
rect:53 397 94 110 1
rect:264 31 73 112 1
rect:310 640 152 164 1
Anchorage1964_09.jpg 0x0
rect:704 164 75 53 1
rect:624 235 66 72 8
rect:922 188 1 1 16
rect:466 161 99 25 15
rect:15 177 123 20 15
rect:763 10 105 9 16
rect:85 50 72 57 8
rect:91 211 77 78 1
rect:18 15 82 10 16
rect:648 29 87 53 8
rect:55 110 65 10 16
rect:462 143 49 73 1
rect:454 8 382 13 15
rect:121 350 80 67 8
rect:766 134 173 20 15
rect:16 18 497 16 15
rect:17 141 23 9 16
rect:111 139 327 11 15
rect:333 129 80 70 1
Anchorage1964_10.jpg 0x0
rect:269 278 82 156 17
rect:76 182 225 236 1
rect:166 135 254 81 18
rect:81 351 348 164 18
Anchorage1964_11.jpg 0x0
rect:107 552 752 15 14
rect:66 438 814 16 14
rect:367 268 190 31 11
rect:187 127 321 24 15
rect:137 74 185 89 4
rect:594 129 146 114 1
rect:598 8 130 39 1
rect:127 157 557 103 2
Anchorage1964_12.jpg 0x0
rect:190 185 37 132 3
rect:12 109 387 273 2
rect:343 97 44 288 3
rect:411 81 44 188 3
rect:426 96 191 181 11
Anchorage1964_13.jpg 0x0
rect:229 514 139 22 2
rect:440 280 39 215 20
rect:446 412 150 16 19
Anchorage1964_14.jpg 0x0
rect:108 709 49 59 22
rect:294 708 117 101 23
rect:329 6 107 173 11
rect:184 355 60 103 21
rect:337 9 51 295 11
rect:186 542 54 67 22
rect:48 665 50 71 22
rect:212 13 102 565 20
rect:8 644 244 83 11
rect:60 298 116 36 15
rect:365 171 164 54 15
rect:26 536 23 63 22
Anchorage1964_15.jpg 0x0
rect:325 10 87 71 4
rect:287 269 172 38 15
rect:222 83 48 514 20
rect:250 146 36 76 11
rect:449 160 114 58 11
rect:509 193 107 48 24
rect:289 8 59 65 4
rect:198 148 49 100 25
rect:278 421 238 49 2
Anchorage1964_16.jpg 0x0
rect:13 312 84 71 2
rect:282 232 331 203 11
rect:610 284 106 192 2
rect:257 115 277 155 2
rect:12 110 162 136 2
rect:61 387 74 123 11
Anchorage1964_17.jpg 0x0
rect:10 113 194 106 9
rect:9 186 658 242 10
rect:199 57 225 192 9
Anchorage1964_18.jpg 0x0
rect:428 207 139 101 4
rect:148 210 91 96 4
rect:341 290 38 74 11
rect:298 372 355 28 15
rect:428 385 62 21 2
rect:126 251 59 33 11
rect:451 155 73 99 4
rect:505 236 50 23 2
rect:495 244 42 22 2
rect:147 231 20 63 11
Anchorage1964_19.jpg 0x0
rect:291 114 13 48 26
rect:498 196 13 31 26
rect:283 271 24 38 26
rect:252 127 66 41 26
rect:277 133 24 33 27
rect:595 115 7 20 26
rect:501 152 48 41 28
rect:330 91 56 135 29
rect:663 249 8 11 26
rect:502 88 38 20 26
rect:604 100 22 66 29
rect:417 161 27 42 28
rect:248 275 35 98 26
rect:471 144 11 31 26
rect:735 113 9 7 26
rect:5 169 80 152 26
rect:402 84 40 60 29
rect:38 319 25 110 27
Anchorage1964_20.jpg 0x0
rect:161 71 158 130 29
rect:242 75 58 62 27
rect:292 531 77 147 26
rect:557 439 34 76 26
rect:248 116 92 51 26
Anchorage1964_21.jpg 0x0
rect:2 112 54 32 26
rect:112 135 693 182 30
rect:57 352 29 33 26
rect:-6 75 69 201 29
Bingol2003_01.jpg 0x0
rect:457 522 118 64 6
rect:582 324 197 77 6
rect:586 159 48 146 34
rect:876 453 60 36 33
rect:156 286 88 73 33
rect:615 306 43 51 6
rect:648 87 75 87 6
rect:197 103 75 23 6
rect:559 280 92 81 33
rect:366 191 94 80 33
rect:435 382 44 65 34
rect:382 91 85 87 6
rect:496 265 57 47 6
rect:529 337 182 165 31
rect:811 151 122 73 33
rect:2 391 1108 256 10
rect:379 304 70 258 32
rect:26 286 53 72 33
rect:409 117 188 178 31
Bingol2003_02.jpg 0x0
rect:120 114 336 197 34
rect:110 472 200 238 32
rect:322 335 79 105 6
rect:305 174 970 426 31
rect:787 48 129 100 36
rect:419 254 412 124 35
rect:154 233 103 281 32
rect:643 396 71 96 26
Bingol2003_03.jpg 0x0
rect:405 235 183 65 11
rect:706 -7 315 231 4
rect:802 211 294 413 4
rect:580 550 176 438 2
rect:416 196 344 183 2
rect:92 53 112 141 33
rect:95 25 137 36 2
Bingol2003_04.jpg 0x0
rect:284 367 37 90 3
rect:150 545 31 85 3
rect:61 770 20 83 3
rect:387 275 126 150 4
rect:120 516 37 75 3
rect:366 702 133 89 2
rect:181 534 302 163 2
rect:91 723 103 105 2
CanterburyNZSeries2010_01.jpg 0x0
rect:124 97 157 243 12
CanterburyNZSeries2010_02.jpg 0x0
rect:50 11 164 360 37
rect:52 48 188 158 6
CanterburyNZSeries2010_03.jpg 0x0
rect:31 64 273 166 38
CanterburyNZSeries2010_04.jpg 0x0
rect:333 9 79 195 42
rect:269 436 34 66 40
rect:222 445 19 42 40
rect:313 324 22 168 40
rect:202 316 95 309 41
rect:244 463 15 68 40
rect:190 308 191 348 39
rect:435 283 55 100 40
CanterburyNZSeries2010_05.jpg 0x0
rect:383 453 150 450 4
rect:250 157 170 128 15
CanterburyNZSeries2010_06.jpg 0x0
rect:47 114 577 565 4
rect:242 221 263 89 2
CanterburyNZSeries2010_08.jpg 0x0
rect:585 191 216 272 43
rect:566 596 39 202 32
rect:604 441 90 129 44
rect:909 454 77 92 44
CanterburyNZSeries2010_09.jpg 0x0
rect:227 336 211 429 39
rect:193 133 196 246 45
CanterburyNZSeries2010_10.jpg 0x0
rect:421 190 318 82 7
rect:193 373 291 143 6
rect:247 212 302 278 6
rect:394 244 256 94 46
CanterburyNZSeries2010_11.jpg 0x0
rect:349 436 330 151 5
rect:365 157 348 125 7
CanterburyNZSeries2010_12.jpg 0x0
rect:673 625 204 55 11
rect:167 461 140 44 11
rect:4 265 1185 309 47
rect:51 396 673 288 2
CanterburyNZSeries2010_13.jpg 0x0
rect:169 12 292 737 12
rect:408 171 97 459 11
Caracas1967_01.jpg 0x0
rect:384 51 203 191 48
rect:244 142 103 101 48
rect:205 239 12 54 48
rect:270 151 32 68 48
Caracas1967_02.jpg 0x0
rect:326 1 129 138 15
rect:135 263 56 49 49
rect:162 456 44 32 50
rect:142 238 160 197 51
Caracas1967_03.jpg 0x0
rect:11 409 301 100 6
rect:253 269 26 77 27
rect:239 88 69 80 14
rect:274 488 66 66 26
rect:319 326 97 184 34
rect:451 414 23 132 27
Caracas1967_04.jpg 0x0
rect:125 261 38 115 26
rect:150 322 140 122 34
rect:161 429 14 76 27
Caracas1967_05.jpg 0x0
rect:175 433 53 278 40
rect:80 287 211 259 52
rect:383 172 47 159 40
rect:265 371 57 238 40
rect:358 195 38 227 40
rect:71 399 68 305 40
rect:334 271 50 166 40
rect:23 97 513 564 48
rect:33 105 310 542 41
rect:263 221 164 104 52
Caracas1967_06.jpg 0x0
rect:381 270 69 52 6
rect:324 126 338 285 7
Caracas1967_07.jpg 0x0
rect:357 185 169 263 34
rect:474 7 89 283 34
rect:197 135 166 162 34
rect:434 40 27 255 27
rect:333 244 119 115 53
rect:158 126 50 217 27
rect:405 309 101 97 53
Caracas1967_08.jpg 0x0
rect:352 159 84 172 54
rect:212 274 83 71 55
rect:299 280 72 116 54
Caracas1967_09.jpg 0x0
rect:31 241 54 55 48
rect:519 12 203 209 48
rect:59 277 48 46 48
rect:165 207 70 87 48
Caracas1967_10.jpg 0x0
rect:15 207 461 314 48
rect:39 238 283 350 41
rect:288 403 66 176 40
rect:353 249 77 130 40
Caracas1967_11.jpg 0x0
rect:41 14 372 613 48
rect:347 12 155 364 41
rect:46 279 271 373 41
Caracas1967_12.jpg 0x0
rect:263 281 31 62 56
rect:491 334 19 74 32
rect:667 297 16 40 32
rect:378 337 35 47 34
Caracas1967_13.jpg 0x0
rect:182 303 171 312 55
Caracas1967_14.jpg 0x0
rect:131 295 208 39 6
rect:101 140 420 186 57
Chichi1999_01.jpg 0x0
rect:4 10 766 221 58
rect:393 116 60 218 42
Chichi1999_02.jpg 0x0
rect:6 129 435 215 58
rect:295 74 255 265 59
Chichi1999_03.jpg 0x0
rect:0 175 548 194 58
rect:92 186 85 125 60
Chichi1999_04.jpg 0x0
rect:146 190 95 279 48
rect:199 -16 45 104 48
rect:301 285 24 74 52
Chichi1999_05.jpg 0x0
rect:288 354 30 42 41
rect:363 167 59 46 41
rect:350 256 45 55 52
rect:460 164 80 241 48
Chichi1999_06.jpg 0x0
rect:440 236 52 104 48
rect:684 180 43 40 41
rect:403 237 16 24 52
rect:726 -15 107 53 61
rect:249 95 49 73 62
rect:165 15 614 243 10
Chichi1999_07.jpg 0x0
rect:548 174 37 75 48
rect:67 168 415 185 63
rect:500 234 62 144 48
rect:794 198 12 22 64
rect:171 156 53 151 48
rect:150 126 25 59 64
rect:453 227 22 26 64
Chichi1999_08.jpg 0x0
rect:72 16 614 357 10
Chichi1999_09.jpg 0x0
rect:178 92 123 116 41
rect:281 88 50 89 40
rect:276 77 137 217 48
rect:169 91 32 64 40
Chichi1999_10.jpg 0x0
rect:211 16 637 330 10
Chichi1999_11.jpg 0x0
rect:2 155 212 392 10
rect:131 209 126 124 65
Chichi1999_12.jpg 0x0
rect:10 22 286 756 66
Chichi1999_13.jpg 0x0
rect:40 55 805 400 10
Chichi1999_14.jpg 0x0
rect:170 457 36 40 67
rect:338 557 41 43 39
rect:201 274 26 18 39
rect:170 332 22 36 67
rect:353 495 30 67 67
rect:385 258 29 52 39
rect:56 658 37 51 67
rect:173 160 94 63 67
rect:205 189 19 55 67
rect:313 497 23 25 39
rect:204 406 32 43 67
rect:145 295 61 48 67
rect:121 230 25 75 67
rect:66 562 45 52 67
rect:172 365 39 66 67
rect:326 646 87 71 67
rect:76 371 57 66 67
Chichi1999_15.jpg 0x0
rect:202 24 220 394 41
Chichi1999_16.jpg 0x0
rect:216 112 89 98 32
Chichi1999_17.jpg 0x0
rect:136 453 24 36 32
Chichi1999_18.jpg 0x0
rect:147 193 29 129 69
rect:171 226 48 126 69
rect:282 277 40 106 69
rect:189 308 58 136 70
rect:304 400 26 134 69
rect:183 229 142 539 68
Chichi1999_19.jpg 0x0
rect:184 18 256 402 2
rect:177 146 204 303 3
YogyakartaInd2006_03.jpg 0x0
rect:172 154 20 6 16
rect:190 195 68 33 15
rect:285 29 76 2 15
rect:260 455 215 21 15
rect:185 219 209 119 71
rect:243 442 47 22 16
rect:516 67 66 44 16
rect:353 56 154 63 15
Chichi1999_20.jpg 0x0
rect:302 377 39 196 41
rect:174 201 90 393 42
Chichi1999_21.jpg 0x0
rect:141 307 192 180 37
rect:342 31 276 155 37
rect:506 92 120 148 6
rect:95 426 153 133 5
rect:332 337 104 129 6
rect:16 4 199 175 30
rect:298 7 143 95 57
rect:255 118 277 343 72
Chichi1999_22.jpg 0x0
rect:345 316 12 20 73
rect:204 123 390 203 10
rect:305 216 22 23 73
rect:210 308 14 26 73
Chichi1999_23.jpg 0x0
rect:314 343 45 63 34
rect:332 222 43 34 27
rect:126 321 36 57 34
rect:219 179 38 62 73
rect:232 358 95 81 73
rect:114 416 39 113 73
rect:168 134 60 67 73
rect:4 73 358 204 74
rect:107 230 28 31 34
rect:258 241 28 34 26
Chichi1999_24.jpg 0x0
rect:3 302 237 208 74
rect:313 266 1 2 46
rect:133 213 166 65 75
rect:270 169 55 73 46
rect:236 273 52 52 34
Chichi1999_25.jpg 0x0
rect:223 281 142 157 34
rect:106 177 139 298 73
rect:209 262 49 86 26
Chichi1999_26.jpg 0x0
rect:224 125 63 112 73
rect:160 726 86 90 26
rect:142 694 131 113 73
rect:116 632 97 117 27
rect:201 314 123 305 76
rect:251 19 53 34 73
Chichi1999_27.jpg 0x0
rect:118 299 74 299 32
Chichi1999_28.jpg 0x0
rect:21 87 196 140 6
rect:359 251 177 102 77
rect:153 75 193 253 5
rect:311 172 198 280 75
Chichi1999_29.jpg 0x0
rect:148 216 139 324 48
rect:258 262 55 210 52
rect:296 282 89 215 40
Chichi1999_30.jpg 0x0
rect:229 108 372 282 40
rect:150 226 165 42 78
rect:192 150 180 69 52
rect:27 307 134 129 73
Chichi1999_31.jpg 0x0
rect:388 122 52 167 48
rect:157 116 141 349 79
Chichi1999_32.jpg 0x0
rect:156 45 56 169 81
rect:389 129 52 235 39
rect:206 179 43 151 81
rect:177 10 76 382 80
Chichi1999_33.jpg 0x0
rect:159 183 55 150 49
rect:346 79 72 233 56
rect:191 74 163 344 32
rect:145 105 117 279 32
rect:214 133 51 147 49
rect:76 46 115 562 33
Chichi1999_34.jpg 0x0
rect:149 94 403 279 10
Duzce1999_01.jpg 0x0
rect:95 73 121 254 39
rect:115 161 110 97 41
Duzce1999_02.jpg 0x0
rect:81 66 122 324 41
Duzce1999_03.jpg 0x0
rect:87 121 89 341 42
rect:199 87 103 278 31
rect:0 145 88 243 31
Gediz1970_01.jpg 0x0
rect:104 128 209 627 68
rect:170 279 126 255 69
rect:197 426 73 203 69
Guatemala1976_01.jpg 0x0
rect:398 160 166 158 48
rect:25 121 731 212 82
rect:54 216 52 50 41
rect:47 238 60 41 52
rect:366 205 61 93 41
rect:56 115 97 119 48
Guatemala1976_02.jpg 0x0
rect:213 61 266 250 48
rect:313 85 104 111 40
Guatemala1976_03.jpg 0x0
rect:20 107 808 378 75
Guatemala1976_04.jpg 0x0
rect:51 62 351 309 30
rect:673 210 134 328 4
rect:456 355 76 202 4
rect:164 30 343 57 30
Guatemala1976_05.jpg 0x0
rect:151 171 346 192 40
rect:227 115 291 113 41
rect:111 83 393 458 48
Guatemala1976_06.jpg 0x0
rect:88 73 201 607 39
Guatemala1976_07.jpg 0x0
rect:28 207 436 337 10
rect:25 370 55 60 6
rect:235 641 162 61 83
Guatemala1976_08.jpg 0x0
rect:331 92 156 355 40
rect:147 32 527 496 48
rect:201 59 463 462 41
Guatemala1976_09.jpg 0x0
rect:720 233 72 76 84
rect:93 194 35 30 85
rect:254 313 57 31 85
rect:653 241 56 61 85
rect:228 261 66 42 85
rect:182 370 44 28 84
rect:88 298 24 23 84
rect:275 267 69 55 84
Guatemala1976_10.jpg 0x0
rect:205 165 173 230 86
rect:256 334 31 93 87
rect:251 130 188 189 87
Guatemala1976_11.jpg 0x0
rect:171 247 140 193 34
GujaratIndia2001_01.jpg 0x0
rect:32 385 165 131 4
rect:88 570 73 37 2
rect:159 314 273 104 2
rect:215 308 74 66 11
Haiti2010_01.jpg 0x0
rect:542 311 79 105 4
rect:539 556 241 208 4
rect:296 249 19 142 40
rect:199 167 137 319 41
rect:107 39 133 78 7
Haiti2010_02.jpg 0x0
rect:66 125 454 183 88
rect:339 40 141 42 14
Haiti2010_03.jpg 0x0
rect:344 1 58 514 32
rect:167 285 169 202 32
rect:248 569 56 82 49
rect:258 728 185 189 89
Haiti2010_04.jpg 0x0
rect:187 36 228 279 34
rect:2 193 334 180 6
rect:174 313 350 412 41
Haiti2010_05.jpg 0x0
rect:171 157 219 528 90
rect:190 298 28 99 40
rect:287 293 143 125 52
rect:259 175 31 122 40
Haiti2010_06.jpg 0x0
rect:596 217 546 534 91
rect:597 158 63 113 34
rect:441 200 54 53 6
rect:369 146 226 319 33
rect:158 356 34 60 34
rect:337 179 51 252 32
rect:158 209 353 361 91
ImperialValley1979_01.jpg 0x0
rect:397 292 48 29 49
rect:521 223 33 27 32
rect:11 409 89 75 49
rect:318 374 57 38 32
rect:39 386 128 150 50
rect:323 439 19 24 49
rect:432 370 30 49 50
rect:422 335 55 85 50
rect:13 254 96 152 32
rect:507 332 51 46 32
rect:447 375 14 16 49
ImperialValley1979_02.jpg 0x0
rect:208 106 82 176 50
rect:165 223 306 67 92
rect:222 152 97 41 49
rect:266 114 69 136 50
rect:240 174 55 112 50
rect:227 84 195 198 32
ImperialValley1979_03.jpg 0x0
rect:98 339 105 285 50
rect:120 248 167 158 32
rect:95 372 274 27 92
rect:245 358 59 188 50
rect:237 410 81 123 50
rect:105 498 323 51 92
rect:152 312 304 219 32
Izmit1999_01.jpg 0x0
rect:318 118 56 148 27
rect:146 55 333 239 34
rect:210 166 47 190 27
rect:171 202 42 139 27
rect:402 329 41 82 26
Izmit1999_02.jpg 0x0
rect:25 141 837 322 10
Izmit1999_03.jpg 0x0
rect:285 102 40 199 50
rect:267 61 292 455 32
rect:123 70 77 358 50
rect:132 238 333 42 92
rect:326 102 50 258 50
rect:139 36 448 282 93
rect:291 90 26 180 50
rect:594 97 55 333 50
Izmit1999_04.jpg 0x0
rect:51 358 46 103 42
rect:51 434 57 70 34
rect:74 517 46 135 41
rect:213 47 73 116 48
rect:426 441 20 45 40
rect:127 208 125 59 88
rect:129 596 266 167 88
rect:403 110 109 72 41
rect:392 269 26 64 40
rect:422 413 95 67 41
Izmit1999_05.jpg 0x0
rect:131 35 480 369 10
Izmit1999_06.jpg 0x0
rect:158 156 213 442 32
rect:116 164 102 200 50
rect:246 258 53 197 50
rect:229 243 45 192 50
rect:65 221 89 163 50
rect:112 217 166 88 49
Izmit1999_07.jpg 0x0
rect:141 255 50 169 3
rect:286 175 45 120 3
rect:252 205 50 125 3
rect:430 355 109 254 4
rect:308 69 108 35 6
rect:386 166 54 87 3
rect:19 114 349 612 2
Izmit1999_08.jpg 0x0
rect:653 62 80 94 41
rect:168 34 72 86 34
rect:111 118 67 104 41
rect:102 404 110 119 45
rect:526 109 72 30 52
rect:702 6 107 84 45
rect:151 309 186 105 88
Izmit1999_09.jpg 0x0
rect:47 216 44 48 41
rect:280 225 133 74 94
rect:246 257 51 25 41
rect:451 263 69 48 41
rect:285 253 105 102 41
rect:703 271 67 76 94
Izmit1999_10.jpg 0x0
rect:89 126 417 514 41
rect:246 520 82 30 78
rect:343 106 117 186 40
rect:301 152 67 192 40
rect:74 119 98 163 40
rect:134 384 353 76 78
rect:355 439 73 95 40
rect:54 239 259 48 78
rect:341 587 44 84 40
rect:162 412 112 47 78
rect:163 248 104 267 40
Izmit1999_11.jpg 0x0
rect:202 228 170 188 41
rect:187 413 75 153 40
rect:216 240 76 143 40
rect:244 429 148 130 41
rect:388 346 59 139 40
Izmit1999_12.jpg 0x0
rect:459 142 41 61 41
rect:398 340 61 142 52
rect:94 63 45 17 6
rect:352 198 205 228 91
rect:73 231 31 56 40
rect:39 340 64 64 52
rect:66 315 43 72 94
rect:406 103 61 61 45
rect:278 248 56 94 41
rect:546 25 85 65 34
rect:332 122 48 30 6
rect:1 250 34 39 41
rect:611 103 37 82 41
rect:170 277 67 58 88
rect:343 293 100 190 94
rect:330 189 48 112 42
rect:354 207 56 53 7
rect:19 95 53 19 6
Izmit1999_13.jpg 0x0
rect:350 90 57 115 41
rect:197 102 237 441 48
rect:240 213 28 118 41
rect:178 217 30 82 41
rect:119 117 41 48 6
rect:112 235 94 163 94
rect:460 193 90 262 41
rect:202 235 65 82 52
rect:5 79 105 123 42
Izmit1999_14.jpg 0x0
rect:424 117 105 99 35
rect:317 64 62 84 34
rect:358 364 57 32 34
rect:433 283 69 39 34
rect:335 7 151 62 35
rect:270 395 44 20 34
rect:429 272 62 50 34
rect:440 40 50 48 95
rect:39 115 121 72 34
Izmit1999_15.jpg 0x0
rect:126 136 200 278 42
Izmit1999_16.jpg 0x0
rect:230 77 35 99 40
rect:100 51 405 359 33
rect:190 108 184 171 41
rect:163 50 285 203 39
Izmit1999_17.jpg 0x0
rect:91 104 227 338 41
Izmit1999_18.jpg 0x0
rect:184 145 111 184 41
rect:205 110 185 316 39
Izmit1999_19.jpg 0x0
rect:315 130 29 64 50
rect:565 107 24 82 50
rect:229 101 296 256 96
rect:208 163 305 302 32
Kobe1995_01.jpg 0x0
rect:22 203 655 136 63
Kobe1995_02.jpg 0x0
rect:2 52 601 575 68
Kobe1995_03.jpg 0x0
rect:27 48 563 676 10
Kobe1995_04.jpg 0x0
rect:436 305 46 68 41
Kobe1995_05.jpg 0x0
rect:174 178 263 539 52
rect:105 473 218 159 78
rect:310 121 207 468 40
rect:4 113 102 529 40
rect:33 226 326 76 78
Kobe1995_06.jpg 0x0
rect:42 126 327 322 41
rect:201 431 264 360 42
Kobe1995_07.jpg 0x0
rect:326 150 22 30 39
rect:192 182 38 49 39
rect:363 171 45 36 39
rect:307 103 51 36 39
rect:200 324 25 37 39
rect:430 254 36 25 39
rect:135 358 29 23 39
rect:306 304 33 32 39
rect:140 173 40 43 39
rect:296 390 38 51 39
rect:250 176 26 48 39
rect:214 199 43 44 39
rect:40 240 38 58 39
rect:291 464 53 30 39
rect:165 412 32 39 39
rect:421 122 36 35 39
rect:48 392 41 23 39
rect:279 308 29 25 39
rect:183 392 32 43 39
rect:334 359 47 18 39
rect:186 205 29 32 39
rect:125 124 42 28 39
rect:283 245 50 31 39
rect:465 148 52 42 39
rect:231 599 38 37 39
rect:396 386 28 49 39
Kobe1995_08.jpg 0x0
rect:353 60 366 260 97
Kobe1995_09.jpg 0x0
rect:107 464 65 49 88
rect:189 741 185 77 97
rect:118 421 92 86 88
rect:95 630 105 69 88
SanSalvador_1986_01.jpg 0x0
rect:251 139 140 218 41
rect:59 3 122 283 68
SanSalvador_1986_02.jpg 0x0
rect:175 227 23 24 41
rect:539 211 47 54 42
rect:398 130 24 32 41
rect:516 326 31 38 41
rect:120 374 33 40 41
rect:211 161 35 43 41
rect:118 168 28 41 41
rect:437 176 17 25 41
rect:354 250 27 47 41
SikkimIndia2001_01.jpg 0x0
rect:220 189 107 129 34
SikkimIndia2001_02.jpg 0x0
rect:244 161 81 57 16
rect:497 89 111 34 16
rect:-16 2 292 121 33
rect:411 220 89 13 16
rect:136 79 156 484 33
rect:8 6 261 88 16
rect:393 88 139 167 33
rect:11 180 54 40 54
SikkimIndia2001_03.jpg 0x0
rect:205 14 136 518 98
rect:195 212 104 178 70
rect:178 111 71 214 69
SikkimIndia2001_04.jpg 0x0
rect:423 131 323 116 99
rect:239 121 122 184 34
rect:3 23 314 342 99
SumatraInd2009_01.jpg 0x0
rect:339 32 69 283 81
SumatraInd2009_02.jpg 0x0
rect:204 68 159 122 41
WhittierNarrows1987_01.jpg 0x0
rect:18 22 603 272 10
WhittierNarrows1987_02.jpg 0x0
rect:200 216 133 351 41
WhittierNarrows1987_03.jpg 0x0
rect:195 152 190 301 32
WhittierNarrows1987_04.jpg 0x0
rect:243 47 80 255 41
rect:243 6 258 68 6
rect:245 11 241 103 100
YogyakartaInd2006_01.jpg 0x0
rect:124 -18 438 359 29
rect:190 40 282 296 32
rect:243 179 223 84 49
YogyakartaInd2006_02.jpg 0x0
rect:371 110 92 161 70
rect:335 123 62 197 69
rect:395 78 149 308 98
