Anchorage1964_01.jpg 0x0
rect:85 401 296 258 1
rect:77 8 212 223 1
Anchorage1964_02.jpg 0x0
rect:673 301 15 40 3
rect:234 276 19 51 3
rect:46 24 169 44 5
rect:132 154 58 12 6
rect:176 179 361 88 2
rect:335 187 24 83 3
rect:209 40 265 109 4
rect:441 202 25 51 3
rect:236 57 80 75 4
rect:362 323 29 56 3
rect:145 204 92 61 7
rect:114 155 18 21 6
rect:297 191 20 69 3
rect:676 47 113 115 8
rect:90 44 116 18 6
rect:587 341 17 70 3
rect:331 266 17 67 3
rect:485 201 90 55 4
rect:31 170 181 34 5
Anchorage1964_03.jpg 0x0
rect:287 96 476 169 9
rect:0 283 491 78 10
rect:2 223 292 60 9
Anchorage1964_04.jpg 0x0
rect:199 460 7 1 1
rect:289 308 26 19 5
rect:302 433 11 21 1
rect:244 332 59 15 2
rect:394 163 31 17 5
rect:362 319 23 34 1
rect:234 288 19 28 1
rect:182 42 31 10 5
rect:290 274 17 31 1
rect:281 453 36 17 5
rect:249 389 32 16 5
rect:318 164 14 21 1
rect:391 74 36 21 5
rect:355 435 32 18 5
rect:145 21 22 18 5
rect:365 88 30 19 5
rect:337 25 33 20 5
rect:434 168 24 15 5
rect:147 272 27 19 5
rect:370 134 11 18 1
rect:144 301 32 18 5
rect:155 373 41 13 5
rect:200 200 22 26 8
rect:356 158 26 22 1
rect:116 92 38 21 5
rect:236 194 35 23 5
rect:218 85 14 36 1
rect:312 265 22 19 5
rect:323 464 31 16 5
rect:140 128 33 28 5
rect:121 232 31 17 5
rect:203 237 21 22 5
rect:231 435 25 28 1
rect:221 548 28 25 5
rect:204 104 29 19 5
rect:449 163 29 25 5
rect:312 337 21 30 1
rect:336 242 21 27 1
rect:152 335 42 23 5
Anchorage1964_05.jpg 0x0
rect:84 92 18 38 1
rect:390 17 28 61 1
rect:25 384 24 45 1
rect:377 1 51 63 1
rect:377 193 20 22 11
rect:219 50 95 54 6
rect:559 223 45 24 6
rect:104 347 27 61 1
rect:569 339 41 43 5
rect:124 23 27 38 1
rect:305 200 40 51 1
rect:516 242 45 55 1
rect:50 178 24 38 1
rect:304 148 180 52 2
rect:68 133 19 45 1
rect:254 47 78 35 5
rect:96 83 21 39 1
rect:602 108 46 68 1
rect:461 203 34 85 1
rect:785 439 50 15 6
rect:384 308 45 88 8
rect:54 228 20 42 1
rect:150 146 88 19 5
rect:496 265 48 26 11
rect:764 246 76 35 5
rect:394 411 53 53 8
rect:65 210 23 36 1
rect:405 88 31 72 1
rect:194 118 91 53 6
Anchorage1964_06.jpg 0x0
rect:120 77 166 542 12
rect:147 272 82 93 11
rect:204 116 107 274 3
Anchorage1964_07.jpg 0x0
rect:258 131 50 149 3
rect:291 182 313 195 2
rect:9 48 830 538 2
rect:248 129 155 128 11
rect:348 149 38 134 13
rect:15 254 195 27 11
rect:7 413 444 42 14
rect:193 2 91 58 2
rect:353 196 102 94 11
Anchorage1964_08.jpg 0x0
rect:50 413 135 140 1
rect:42 394 88 110 1
rect:399 657 126 105 1
rect:34 52 148 132 1
rect:217 36 80 143 1
rect:438 219 143 103 1
Anchorage1964_09.jpg 0x0
rect:20 191 24 12 16
rect:557 130 59 65 1
rect:132 153 71 49 1
rect:44 133 42 8 16
rect:148 118 232 13 15
rect:381 37 99 86 8
rect:662 192 1 1 16
rect:13 17 46 11 16
rect:830 8 116 11 16
rect:250 130 89 74 1
rect:9 94 80 25 15
rect:112 292 80 63 8
rect:717 142 148 17 15
rect:513 139 73 18 15
rect:11 15 474 15 15
rect:122 39 77 67 8
rect:620 309 99 86 8
rect:484 170 84 50 1
rect:425 7 288 11 15
Anchorage1964_10.jpg 0x0
rect:207 213 250 56 18
rect:166 355 96 142 17
rect:91 159 399 341 1
rect:70 497 311 98 18
Anchorage1964_11.jpg 0x0
rect:258 214 380 27 15
rect:210 193 257 41 11
rect:586 8 90 31 1
rect:179 53 185 141 4
rect:397 159 200 92 1
rect:121 204 670 82 2
rect:109 573 547 22 14
rect:95 509 431 12 14
Anchorage1964_12.jpg 0x0
rect:405 110 163 159 11
rect:182 221 27 113 3
rect:292 64 41 159 3
rect:552 61 62 186 3
rect:9 64 510 274 2
Anchorage1964_13.jpg 0x0
rect:492 388 27 208 20
rect:391 397 221 23 2
rect:269 473 156 15 19
Anchorage1964_14.jpg 0x0
rect:124 574 39 83 22
rect:364 12 73 280 11
rect:140 305 61 103 21
rect:444 201 210 61 15
rect:83 323 177 39 15
rect:156 11 107 630 20
rect:12 667 241 98 11
rect:32 495 45 70 22
rect:27 427 21 44 22
rect:239 553 152 58 23
rect:483 6 57 142 11
rect:196 538 35 61 22
Anchorage1964_15.jpg 0x0
rect:243 9 79 47 4
rect:131 88 65 611 20
rect:463 218 162 49 11
rect:247 159 46 74 11
rect:227 246 117 40 15
rect:361 153 37 71 25
rect:374 217 86 29 24
rect:411 10 70 81 4
rect:187 604 243 51 2
Anchorage1964_16.jpg 0x0
rect:165 213 354 178 11
rect:499 290 166 226 2
rect:113 418 71 77 11
rect:12 275 69 83 2
rect:16 150 143 141 2
rect:248 120 326 149 2
Anchorage1964_17.jpg 0x0
rect:15 160 279 125 9
rect:359 56 235 184 9
rect:9 242 878 200 10
Anchorage1964_18.jpg 0x0
rect:714 364 64 23 2
rect:161 333 15 58 11
rect:430 329 36 20 2
rect:343 205 100 74 4
rect:442 191 34 79 11
rect:321 224 61 16 2
rect:152 338 73 46 11
rect:472 176 90 66 4
rect:447 341 320 33 15
rect:198 182 90 84 4
Anchorage1964_19.jpg 0x0
rect:542 171 27 51 29
rect:390 142 51 36 28
rect:573 212 8 21 26
rect:404 97 29 24 27
rect:358 320 46 96 26
rect:689 241 41 32 28
rect:6 196 78 194 26
rect:409 150 18 45 26
rect:284 266 25 45 26
rect:235 71 54 142 29
rect:572 108 6 7 26
rect:504 111 38 106 29
rect:458 295 18 22 26
rect:579 95 6 14 26
rect:279 73 72 51 26
rect:346 157 31 28 26
rect:554 156 10 12 26
rect:28 287 42 91 27
Anchorage1964_20.jpg 0x0
rect:145 135 55 58 27
rect:184 75 178 130 29
rect:509 455 46 62 26
rect:169 401 53 122 26
rect:161 100 89 62 26
Anchorage1964_21.jpg 0x0
rect:44 344 41 33 26
rect:-7 63 105 151 29
rect:216 211 611 160 30
rect:2 122 34 38 26
Bingol2003_01.jpg 0x0
rect:589 232 47 58 6
rect:462 313 79 73 6
rect:605 248 56 83 34
rect:735 195 132 54 33
rect:583 138 100 70 6
rect:634 306 216 184 31
rect:982 257 118 83 33
rect:696 90 141 159 31
rect:922 593 59 50 33
rect:163 228 73 90 33
rect:454 351 132 123 6
rect:298 116 96 32 6
rect:579 356 37 196 32
rect:530 445 132 57 6
rect:23 199 55 51 33
rect:375 77 81 53 6
rect:301 184 97 60 33
rect:439 399 47 76 34
rect:2 279 852 176 10
Bingol2003_02.jpg 0x0
rect:101 428 167 293 32
rect:442 474 63 94 6
rect:187 205 86 370 32
rect:278 234 725 371 31
rect:425 160 414 128 35
rect:423 329 105 127 26
rect:834 80 105 82 36
rect:202 89 409 120 34
Bingol2003_03.jpg 0x0
rect:776 384 312 276 2
rect:88 55 115 125 33
rect:443 184 461 196 2
rect:422 182 231 49 11
rect:65 32 176 32 2
rect:636 -8 249 189 4
rect:546 193 307 537 4
Bingol2003_04.jpg 0x0
rect:95 763 115 71 2
rect:241 682 23 98 3
rect:414 730 151 63 2
rect:104 728 31 53 3
rect:297 178 188 232 4
rect:323 460 46 89 3
rect:162 302 251 126 2
rect:80 466 31 84 3
CanterburyNZSeries2010_01.jpg 0x0
rect:81 124 88 300 12
CanterburyNZSeries2010_02.jpg 0x0
rect:55 8 135 336 37
rect:59 34 212 223 6
CanterburyNZSeries2010_03.jpg 0x0
rect:43 94 475 95 38
CanterburyNZSeries2010_04.jpg 0x0
rect:245 392 124 296 41
rect:328 400 56 93 40
rect:267 494 12 55 40
rect:230 480 32 51 40
rect:315 445 25 46 40
rect:315 477 32 145 40
rect:214 11 108 190 42
rect:196 310 152 250 39
CanterburyNZSeries2010_05.jpg 0x0
rect:228 472 214 489 4
rect:338 223 96 112 15
CanterburyNZSeries2010_06.jpg 0x0
rect:85 85 571 412 4
rect:316 185 213 124 2
CanterburyNZSeries2010_08.jpg 0x0
rect:679 536 65 132 44
rect:952 485 92 95 44
rect:465 148 180 305 43
rect:665 449 34 118 32
CanterburyNZSeries2010_09.jpg 0x0
rect:246 354 206 261 39
rect:253 106 142 251 45
CanterburyNZSeries2010_10.jpg 0x0
rect:264 376 141 78 46
rect:218 328 386 190 6
rect:206 611 281 150 6
rect:412 204 351 143 7
CanterburyNZSeries2010_11.jpg 0x0
rect:358 167 243 160 7
rect:268 281 305 149 5
CanterburyNZSeries2010_12.jpg 0x0
rect:43 244 899 411 2
rect:139 427 198 54 11
rect:386 545 198 87 11
rect:5 321 831 410 47
CanterburyNZSeries2010_13.jpg 0x0
rect:333 212 145 376 11
rect:121 13 542 782 12
Caracas1967_01.jpg 0x0
rect:368 151 67 112 48
rect:275 158 11 71 48
rect:376 231 53 104 48
rect:547 85 206 262 48
Caracas1967_02.jpg 0x0
rect:168 451 39 63 49
rect:190 154 158 372 51
rect:257 1 129 123 15
rect:141 478 38 44 50
Caracas1967_03.jpg 0x0
rect:16 470 201 66 6
rect:253 391 32 74 27
rect:384 346 72 62 26
rect:267 76 86 117 14
rect:335 281 132 149 34
rect:418 454 36 147 27
Caracas1967_04.jpg 0x0
rect:133 249 21 75 27
rect:108 323 155 180 34
rect:137 421 61 97 26
Caracas1967_05.jpg 0x0
rect:245 184 59 178 40
rect:85 318 208 224 52
rect:269 168 102 157 52
rect:253 232 70 234 40
rect:183 366 45 293 40
rect:55 184 347 363 41
rect:62 333 57 295 40
rect:229 436 58 153 40
rect:310 244 60 265 40
rect:32 89 477 757 48
Caracas1967_06.jpg 0x0
rect:340 110 302 289 7
rect:400 194 103 55 6
Caracas1967_07.jpg 0x0
rect:447 8 87 330 34
rect:240 174 37 231 27
rect:169 98 118 264 34
rect:362 224 70 135 53
rect:529 283 128 240 34
rect:466 47 37 219 27
rect:512 316 120 87 53
Caracas1967_08.jpg 0x0
rect:391 158 77 115 54
rect:194 243 87 120 55
rect:213 315 66 141 54
Caracas1967_09.jpg 0x0
rect:91 277 79 61 48
rect:29 217 54 41 48
rect:126 160 130 108 48
rect:543 13 200 135 48
Caracas1967_10.jpg 0x0
rect:309 248 78 179 40
rect:48 283 193 413 41
rect:495 335 74 168 40
rect:23 202 398 510 48
Caracas1967_11.jpg 0x0
rect:45 13 529 973 48
rect:348 12 117 368 41
rect:59 245 242 584 41
Caracas1967_12.jpg 0x0
rect:676 250 37 51 34
rect:910 313 20 74 32
rect:167 324 32 61 56
rect:887 226 20 52 32
Caracas1967_13.jpg 0x0
rect:153 397 103 193 55
Caracas1967_14.jpg 0x0
rect:122 384 304 49 6
rect:144 142 706 270 57
Chichi1999_01.jpg 0x0
rect:311 141 39 152 42
rect:4 8 686 121 58
Chichi1999_02.jpg 0x0
rect:291 110 253 297 59
rect:6 131 368 189 58
Chichi1999_03.jpg 0x0
rect:0 145 736 235 58
rect:93 142 54 120 60
Chichi1999_04.jpg 0x0
rect:222 -17 44 121 48
rect:267 218 36 47 52
rect:227 277 76 446 48
Chichi1999_05.jpg 0x0
rect:452 261 28 96 52
rect:406 173 39 54 41
rect:344 226 31 27 41
rect:393 92 104 227 48
Chichi1999_06.jpg 0x0
rect:770 126 32 58 41
rect:265 159 77 85 62
rect:297 248 46 88 48
rect:159 17 362 209 10
rect:507 -13 105 87 61
rect:356 300 23 40 52
Chichi1999_07.jpg 0x0
rect:417 296 19 21 64
rect:184 236 45 176 48
rect:577 264 57 94 48
rect:427 247 45 88 48
rect:410 247 29 46 64
rect:166 157 18 36 64
rect:74 229 678 149 63
Chichi1999_08.jpg 0x0
rect:109 13 648 471 10
Chichi1999_09.jpg 0x0
rect:182 127 97 113 41
rect:290 100 45 105 40
rect:202 63 236 144 48
rect:278 76 39 85 40
Chichi1999_10.jpg 0x0
rect:171 19 600 342 10
Chichi1999_11.jpg 0x0
rect:175 250 86 127 65
rect:2 145 159 445 10
Chichi1999_12.jpg 0x0
rect:13 19 473 659 66
Chichi1999_13.jpg 0x0
rect:31 35 528 373 10
Chichi1999_14.jpg 0x0
rect:98 207 31 68 67
rect:213 276 23 53 67
rect:352 372 46 50 39
rect:122 420 20 43 67
rect:321 385 20 27 39
rect:137 541 24 41 67
rect:83 370 54 56 67
rect:121 352 26 45 67
rect:123 332 60 48 67
rect:121 206 59 61 67
rect:201 344 40 73 67
rect:281 311 47 65 67
rect:321 508 23 22 39
rect:124 409 64 63 67
rect:329 605 89 53 67
rect:230 194 22 41 67
rect:225 533 26 35 39
Chichi1999_15.jpg 0x0
rect:327 23 303 566 41
Chichi1999_16.jpg 0x0
rect:200 96 87 147 32
Chichi1999_17.jpg 0x0
rect:113 312 30 34 32
Chichi1999_18.jpg 0x0
rect:271 372 49 95 70
rect:184 181 175 334 68
rect:237 257 32 172 69
rect:188 314 27 91 69
rect:179 216 31 126 69
rect:251 270 36 106 69
Chichi1999_19.jpg 0x0
rect:158 25 310 271 2
rect:280 152 192 354 3
YogyakartaInd2006_03.jpg 0x0
rect:283 29 118 2 15
rect:467 102 116 40 16
rect:203 331 246 190 71
rect:164 133 67 23 15
rect:260 73 172 51 15
rect:171 179 25 8 16
rect:271 375 45 21 16
rect:285 297 218 27 15
Chichi1999_20.jpg 0x0
rect:122 178 74 408 42
rect:226 475 66 131 41
Chichi1999_21.jpg 0x0
rect:404 142 162 144 6
rect:173 91 270 344 72
rect:165 286 200 143 37
rect:64 447 144 101 5
rect:516 7 127 89 57
rect:21 4 185 191 30
rect:458 44 175 267 37
rect:290 319 108 124 6
Chichi1999_22.jpg 0x0
rect:291 296 15 28 73
rect:481 236 16 19 73
rect:277 197 19 18 73
rect:288 195 356 138 10
Chichi1999_23.jpg 0x0
rect:129 129 67 46 73
rect:249 247 83 116 73
rect:4 70 399 214 74
rect:286 174 34 26 27
rect:217 246 27 72 34
rect:350 138 22 21 26
rect:321 204 43 78 73
rect:128 177 25 31 34
rect:104 402 36 73 34
rect:129 384 63 75 73
Chichi1999_24.jpg 0x0
rect:3 402 344 210 74
rect:196 207 102 76 75
rect:164 334 86 68 34
rect:205 142 42 70 46
rect:398 291 1 2 46
Chichi1999_25.jpg 0x0
rect:148 179 125 384 73
rect:201 198 90 268 34
rect:219 399 55 89 26
Chichi1999_26.jpg 0x0
rect:189 18 35 27 73
rect:113 381 85 64 26
rect:275 221 113 260 76
rect:279 226 54 115 73
rect:104 489 82 89 27
rect:168 575 174 113 73
Chichi1999_27.jpg 0x0
rect:206 248 73 429 32
Chichi1999_28.jpg 0x0
rect:248 288 165 110 77
rect:139 84 113 166 5
rect:16 89 284 148 6
rect:355 116 178 172 75
Chichi1999_29.jpg 0x0
rect:183 230 130 126 40
rect:235 200 78 130 52
rect:126 168 184 260 48
Chichi1999_30.jpg 0x0
rect:233 238 226 63 78
rect:152 75 341 237 40
rect:30 336 133 111 73
rect:168 130 162 74 52
Chichi1999_31.jpg 0x0
rect:527 138 46 201 48
rect:205 63 110 370 79
Chichi1999_32.jpg 0x0
rect:210 79 56 128 81
rect:185 10 131 378 80
rect:462 170 50 216 39
rect:222 219 34 183 81
Chichi1999_33.jpg 0x0
rect:310 141 44 141 49
rect:327 109 68 226 56
rect:159 142 111 209 32
rect:67 80 164 483 33
rect:292 111 119 277 32
rect:167 140 42 147 49
Chichi1999_34.jpg 0x0
rect:114 85 317 481 10
Duzce1999_01.jpg 0x0
rect:102 126 76 106 41
rect:134 45 131 301 39
Duzce1999_02.jpg 0x0
rect:81 51 183 441 41
Duzce1999_03.jpg 0x0
rect:284 88 91 301 31
rect:0 185 93 180 31
rect:83 81 143 314 42
Gediz1970_01.jpg 0x0
rect:275 362 75 212 69
rect:168 86 298 561 68
rect:111 285 104 309 69
Guatemala1976_01.jpg 0x0
rect:446 218 81 82 41
rect:46 157 49 43 41
rect:60 172 47 60 52
rect:25 100 579 123 82
rect:645 169 180 97 48
rect:33 151 90 133 48
Guatemala1976_02.jpg 0x0
rect:225 55 276 248 48
rect:257 69 89 106 40
Guatemala1976_03.jpg 0x0
rect:17 112 941 389 75
Guatemala1976_04.jpg 0x0
rect:580 166 91 406 4
rect:33 75 357 276 30
rect:142 23 362 96 30
rect:594 318 132 259 4
Guatemala1976_05.jpg 0x0
rect:147 120 438 217 40
rect:200 72 472 428 48
rect:138 142 354 134 41
Guatemala1976_06.jpg 0x0
rect:106 84 189 359 39
Guatemala1976_07.jpg 0x0
rect:29 208 381 338 10
rect:268 421 114 58 83
rect:18 324 50 53 6
Guatemala1976_08.jpg 0x0
rect:342 56 129 296 40
rect:128 40 416 434 48
rect:128 65 282 484 41
Guatemala1976_09.jpg 0x0
rect:516 379 65 91 84
rect:88 354 38 26 84
rect:307 234 65 40 85
rect:528 292 79 71 85
rect:163 262 57 51 85
rect:307 375 46 58 84
rect:206 351 41 24 84
rect:82 292 32 26 85
Guatemala1976_10.jpg 0x0
rect:240 474 31 97 87
rect:157 136 174 207 87
rect:229 214 276 231 86
Guatemala1976_11.jpg 0x0
rect:220 256 107 175 34
GujaratIndia2001_01.jpg 0x0
rect:83 464 54 28 2
rect:402 365 51 43 11
rect:25 477 177 133 4
rect:230 368 214 67 2
Haiti2010_01.jpg 0x0
rect:527 202 128 93 4
rect:281 260 19 164 40
rect:117 49 140 111 7
rect:307 417 233 238 4
rect:284 115 217 263 41
Haiti2010_02.jpg 0x0
rect:215 24 124 36 14
rect:60 107 351 209 88
Haiti2010_03.jpg 0x0
rect:197 714 60 67 49
rect:248 528 209 219 89
rect:391 1 78 723 32
rect:245 493 139 266 32
Haiti2010_04.jpg 0x0
rect:2 176 241 139 6
rect:120 379 300 618 41
rect:185 60 174 372 34
Haiti2010_05.jpg 0x0
rect:192 294 31 99 40
rect:186 215 331 432 90
rect:194 267 138 146 52
rect:354 287 43 102 40
Haiti2010_06.jpg 0x0
rect:389 165 76 57 6
rect:175 262 268 255 91
rect:424 221 167 407 33
rect:223 297 47 41 34
rect:432 250 62 207 32
rect:470 166 67 92 34
rect:644 207 491 582 91
ImperialValley1979_01.jpg 0x0
rect:58 435 114 136 50
rect:537 330 31 34 50
rect:410 422 32 21 49
rect:11 407 72 90 49
rect:11 385 115 156 32
rect:499 408 55 36 32
rect:440 310 25 25 32
rect:446 319 69 60 32
rect:286 235 31 18 49
rect:703 320 21 21 49
rect:380 396 32 48 50
ImperialValley1979_02.jpg 0x0
rect:428 135 110 193 50
rect:357 127 45 167 50
rect:249 111 132 286 32
rect:165 110 98 181 50
rect:331 168 130 47 49
rect:225 176 399 71 92
ImperialValley1979_03.jpg 0x0
rect:93 348 286 52 92
rect:128 391 235 28 92
rect:100 207 74 249 50
rect:176 371 286 152 32
rect:270 382 88 146 50
rect:180 151 269 148 32
rect:205 264 112 125 50
Izmit1999_01.jpg 0x0
rect:235 232 34 107 27
rect:502 202 72 87 26
rect:214 64 353 398 34
rect:279 114 66 200 27
rect:264 170 50 143 27
Izmit1999_02.jpg 0x0
rect:32 126 642 307 10
Izmit1999_03.jpg 0x0
rect:136 55 371 353 93
rect:295 139 33 243 50
rect:423 90 31 305 50
rect:398 90 47 199 50
rect:140 159 473 45 92
rect:198 80 200 322 32
rect:459 91 41 293 50
rect:222 118 76 274 50
Izmit1999_04.jpg 0x0
rect:418 377 18 61 40
rect:71 495 206 96 88
rect:432 469 105 66 41
rect:59 383 74 51 34
rect:409 74 72 80 41
rect:424 288 26 65 40
rect:108 208 175 78 88
rect:316 71 108 97 48
rect:56 323 34 80 42
rect:62 590 38 96 41
Izmit1999_05.jpg 0x0
rect:89 27 812 297 10
Izmit1999_06.jpg 0x0
rect:154 273 74 250 50
rect:70 284 71 156 50
rect:155 158 181 391 32
rect:251 229 40 143 50
rect:164 222 106 54 49
rect:379 236 65 166 50
Izmit1999_07.jpg 0x0
rect:138 353 30 96 3
rect:269 220 50 118 3
rect:387 293 79 273 4
rect:419 52 152 36 6
rect:313 147 57 92 3
rect:22 93 362 810 2
rect:307 181 43 101 3
Izmit1999_08.jpg 0x0
rect:166 171 154 97 88
rect:189 299 89 107 45
rect:704 6 110 86 45
rect:155 84 105 106 41
rect:154 26 78 99 34
rect:630 81 45 32 52
rect:700 82 75 95 41
Izmit1999_09.jpg 0x0
rect:290 344 83 69 41
rect:676 292 78 83 94
rect:53 269 53 67 41
rect:620 323 46 65 41
rect:452 294 81 85 94
rect:193 170 45 37 41
Izmit1999_10.jpg 0x0
rect:186 495 161 36 78
rect:55 254 449 37 78
rect:63 150 374 413 41
rect:361 385 90 98 40
rect:353 469 80 34 78
rect:46 165 73 168 40
rect:246 127 109 105 40
rect:249 172 74 157 40
rect:126 279 99 224 40
rect:89 427 275 57 78
rect:283 333 54 104 40
Izmit1999_11.jpg 0x0
rect:172 367 58 118 40
rect:335 202 94 130 40
rect:202 258 77 168 40
rect:214 393 108 168 41
rect:202 287 124 172 41
Izmit1999_12.jpg 0x0
rect:1 260 31 41 41
rect:418 200 90 140 41
rect:126 162 90 58 88
rect:535 29 91 74 34
rect:413 103 40 79 41
rect:221 366 77 103 94
rect:375 128 63 74 45
rect:116 57 40 22 6
rect:40 219 63 89 94
rect:376 185 63 78 41
rect:262 157 59 30 6
rect:406 160 38 77 42
rect:100 235 30 44 40
rect:539 178 140 200 91
rect:366 197 52 58 7
rect:289 313 77 134 52
rect:50 325 73 83 52
rect:13 75 36 19 6
Izmit1999_13.jpg 0x0
rect:285 130 95 175 41
rect:4 81 111 148 42
rect:122 314 32 132 41
rect:136 191 54 58 52
rect:153 249 113 163 94
rect:142 148 67 45 6
rect:385 70 55 98 41
rect:147 338 43 110 41
rect:218 79 209 317 48
Izmit1999_14.jpg 0x0
rect:422 525 27 23 34
rect:583 63 108 87 34
rect:39 192 105 60 34
rect:344 354 66 35 34
rect:356 455 49 42 34
rect:327 132 119 65 35
rect:469 48 75 79 95
rect:478 7 191 57 35
rect:315 335 90 37 34
Izmit1999_15.jpg 0x0
rect:101 170 249 456 42
Izmit1999_16.jpg 0x0
rect:91 64 405 420 33
rect:189 101 145 183 41
rect:129 60 287 324 39
rect:236 80 43 133 40
Izmit1999_17.jpg 0x0
rect:99 124 250 218 41
Izmit1999_18.jpg 0x0
rect:251 115 150 177 41
rect:150 175 182 247 39
Izmit1999_19.jpg 0x0
rect:307 71 275 284 96
rect:306 119 263 271 32
rect:552 173 27 87 50
rect:408 190 18 96 50
Kobe1995_01.jpg 0x0
rect:26 183 621 185 63
Kobe1995_02.jpg 0x0
rect:2 56 389 541 68
Kobe1995_03.jpg 0x0
rect:45 46 475 708 10
Kobe1995_04.jpg 0x0
rect:307 308 46 58 41
Kobe1995_05.jpg 0x0
rect:402 131 119 474 40
rect:4 202 142 478 40
rect:36 226 303 61 78
rect:75 719 390 124 78
rect:107 140 152 375 52
Kobe1995_06.jpg 0x0
rect:59 106 557 425 41
rect:209 449 273 411 42
Kobe1995_07.jpg 0x0
rect:367 553 53 41 39
rect:317 136 42 35 39
rect:401 412 32 35 39
rect:381 316 45 44 39
rect:408 438 40 38 39
rect:50 240 28 48 39
rect:245 153 26 35 39
rect:331 212 39 33 39
rect:330 178 44 40 39
rect:211 277 25 35 39
rect:31 285 31 23 39
rect:464 333 29 49 39
rect:123 362 28 29 39
rect:93 338 41 38 39
rect:233 284 38 47 39
rect:194 154 41 49 39
rect:524 242 44 54 39
rect:233 217 33 58 39
rect:151 324 25 30 39
rect:145 337 29 32 39
rect:272 527 47 28 39
rect:118 185 40 42 39
rect:329 286 25 29 39
rect:144 196 38 56 39
rect:320 110 55 36 39
rect:198 358 41 34 39
Kobe1995_08.jpg 0x0
rect:242 68 451 268 97
Kobe1995_09.jpg 0x0
rect:94 742 77 77 88
rect:106 400 77 85 88
rect:102 581 74 45 88
rect:157 588 222 89 97
SanSalvador_1986_01.jpg 0x0
rect:59 3 82 304 68
rect:262 129 130 194 41
SanSalvador_1986_02.jpg 0x0
rect:567 241 26 31 41
rect:451 247 32 35 41
rect:199 138 32 38 41
rect:255 176 52 37 41
rect:388 246 27 32 41
rect:172 189 29 34 41
rect:400 145 29 48 42
rect:245 177 16 22 41
rect:114 318 25 49 41
SikkimIndia2001_01.jpg 0x0
rect:163 187 169 160 34
SikkimIndia2001_02.jpg 0x0
rect:307 142 112 177 33
rect:409 107 77 44 16
rect:360 294 107 48 16
rect:146 92 230 376 33
rect:10 6 384 88 16
rect:9 113 66 51 54
rect:464 209 99 17 16
rect:-18 2 396 89 33
SikkimIndia2001_03.jpg 0x0
rect:271 258 65 181 70
rect:186 88 69 252 69
rect:174 9 172 645 98
SikkimIndia2001_04.jpg 0x0
rect:312 152 224 94 99
rect:193 132 146 115 34
rect:3 34 231 191 99
SumatraInd2009_01.jpg 0x0
rect:233 20 71 305 81
SumatraInd2009_02.jpg 0x0
rect:216 63 195 215 41
WhittierNarrows1987_01.jpg 0x0
rect:19 23 600 247 10
WhittierNarrows1987_02.jpg 0x0
rect:161 359 95 335 41
WhittierNarrows1987_03.jpg 0x0
rect:183 106 206 326 32
WhittierNarrows1987_04.jpg 0x0
rect:268 67 126 240 41
rect:223 13 294 127 100
rect:149 6 241 55 6
YogyakartaInd2006_01.jpg 0x0
rect:156 -24 404 518 29
rect:218 46 445 213 32
rect:227 98 235 87 49
YogyakartaInd2006_02.jpg 0x0
rect:239 128 62 228 69
rect:315 76 161 431 98
rect:284 132 83 175 70
