Anchorage1964_01.jpg 0x0
rect:65 6 222 156 1
rect:89 481 249 170 1
Anchorage1964_02.jpg 0x0
rect:150 194 37 20 6
rect:162 68 75 92 4
rect:429 259 24 64 3
rect:130 202 30 24 6
rect:318 249 21 65 3
rect:113 166 79 40 7
rect:641 331 17 71 3
rect:36 255 122 41 5
rect:76 44 92 11 6
rect:33 28 146 40 5
rect:246 225 442 101 2
rect:309 288 19 63 3
rect:182 41 328 58 4
rect:497 350 20 41 3
rect:296 276 28 48 3
rect:274 294 26 49 3
rect:478 229 113 48 4
rect:431 72 131 146 8
rect:305 291 32 77 3
Anchorage1964_03.jpg 0x0
rect:2 294 220 90 9
rect:0 225 448 53 10
rect:184 102 339 206 9
Anchorage1964_04.jpg 0x0
rect:457 308 39 15 5
rect:123 214 25 24 5
rect:144 18 28 14 5
rect:124 425 26 17 5
rect:428 80 41 16 5
rect:344 330 27 26 1
rect:349 324 30 19 5
rect:237 198 33 20 5
rect:135 66 32 22 5
rect:430 260 36 22 5
rect:121 368 25 23 5
rect:249 169 37 15 5
rect:406 192 30 14 5
rect:214 329 14 15 1
rect:285 219 24 26 8
rect:198 115 25 22 1
rect:228 311 6 1 1
rect:357 117 35 17 5
rect:132 142 31 21 5
rect:194 237 35 14 5
rect:352 161 29 21 5
rect:217 101 27 15 5
rect:201 153 33 13 5
rect:360 143 16 18 1
rect:119 310 39 13 5
rect:320 123 14 18 1
rect:432 370 27 15 5
rect:211 513 53 22 2
rect:379 29 40 16 5
rect:237 244 12 29 1
rect:221 322 18 25 1
rect:147 69 32 15 5
rect:202 192 39 18 5
rect:197 256 16 19 1
rect:291 392 17 27 1
rect:291 571 38 21 5
rect:264 557 24 33 1
rect:371 163 36 18 5
rect:311 363 13 29 1
Anchorage1964_05.jpg 0x0
rect:383 213 40 40 1
rect:662 291 62 44 5
rect:119 70 13 43 1
rect:554 1 46 71 1
rect:143 33 83 36 5
rect:650 253 39 46 1
rect:102 210 24 49 1
rect:587 375 37 85 8
rect:212 139 27 16 11
rect:128 20 18 44 1
rect:202 168 140 23 5
rect:214 192 88 40 6
rect:627 335 42 13 6
rect:415 248 50 23 11
rect:524 203 54 53 1
rect:591 376 64 37 5
rect:388 178 165 83 2
rect:538 61 49 52 1
rect:619 94 37 54 1
rect:612 212 39 22 6
rect:83 59 25 38 1
rect:78 365 21 53 1
rect:75 174 21 48 1
rect:60 253 21 36 1
rect:34 505 18 60 1
rect:464 333 39 87 8
rect:153 49 122 32 6
rect:51 402 17 63 1
rect:573 29 29 57 1
Anchorage1964_06.jpg 0x0
rect:120 196 83 69 11
rect:107 79 239 420 12
rect:144 151 95 362 3
Anchorage1964_07.jpg 0x0
rect:217 2 117 69 2
rect:517 149 85 104 11
rect:275 103 62 127 3
rect:6 253 322 37 14
rect:459 141 59 133 13
rect:7 86 538 493 2
rect:359 230 414 264 2
rect:16 211 245 42 11
rect:331 88 192 188 11
Anchorage1964_08.jpg 0x0
rect:65 211 125 122 1
rect:365 287 133 79 1
rect:49 81 125 123 1
rect:395 500 117 136 1
rect:423 38 136 138 1
rect:51 566 87 110 1
Anchorage1964_09.jpg 0x0
rect:813 13 132 10 16
rect:320 177 85 53 1
rect:456 292 86 53 8
rect:114 315 68 68 8
rect:109 140 387 11 15
rect:74 160 55 8 16
rect:417 35 56 69 8
rect:70 127 85 74 1
rect:15 15 421 18 15
rect:12 20 71 13 16
rect:428 113 127 27 15
rect:531 126 1 1 16
rect:571 8 339 12 15
rect:485 103 125 25 15
rect:267 110 55 54 1
rect:15 188 26 11 16
rect:377 118 99 67 1
rect:91 36 71 58 8
rect:13 126 100 26 15
Anchorage1964_10.jpg 0x0
rect:180 265 74 124 17
rect:60 177 283 431 1
rect:65 454 334 86 18
rect:134 166 203 91 18
Anchorage1964_11.jpg 0x0
rect:283 197 354 20 15
rect:713 9 88 46 1
rect:99 136 692 80 2
rect:384 192 310 37 11
rect:518 103 181 103 1
rect:112 49 186 108 4
rect:69 332 435 12 14
rect:95 354 555 22 14
Anchorage1964_12.jpg 0x0
rect:486 91 50 170 3
rect:131 190 22 75 3
rect:221 66 41 253 3
rect:11 65 716 284 2
rect:500 85 136 145 11
Anchorage1964_13.jpg 0x0
rect:277 494 124 17 19
rect:502 280 33 219 20
rect:305 661 143 20 2
Anchorage1964_14.jpg 0x0
rect:54 415 36 69 22
rect:412 697 142 84 23
rect:382 6 85 165 11
rect:290 12 73 188 11
rect:174 732 50 66 22
rect:143 513 34 87 22
rect:275 268 211 58 15
rect:201 14 90 470 20
rect:61 201 134 36 15
rect:245 368 83 77 21
rect:23 671 29 51 22
rect:9 413 201 110 11
Anchorage1964_15.jpg 0x0
rect:307 11 96 70 4
rect:208 94 35 79 25
rect:309 208 99 43 24
rect:267 285 179 45 15
rect:245 536 269 60 2
rect:192 7 94 60 4
rect:248 176 32 61 11
rect:475 300 91 49 11
rect:143 63 76 424 20
Anchorage1964_16.jpg 0x0
rect:233 243 218 191 11
rect:571 164 107 159 2
rect:199 108 344 116 2
rect:11 108 182 208 2
rect:10 318 80 73 2
rect:92 400 78 108 11
Anchorage1964_17.jpg 0x0
rect:196 52 236 247 9
rect:7 251 639 178 10
rect:11 86 252 113 9
Anchorage1964_18.jpg 0x0
rect:176 305 102 45 11
rect:417 306 35 46 11
rect:361 146 83 82 4
rect:91 331 19 49 11
rect:374 338 301 26 15
rect:539 205 131 96 4
rect:421 360 84 19 2
rect:119 194 87 138 4
rect:381 377 38 17 2
rect:619 325 61 18 2
Anchorage1964_19.jpg 0x0
rect:226 108 32 32 27
rect:413 166 7 16 26
rect:5 170 62 112 26
rect:427 187 23 38 26
rect:610 151 8 14 26
rect:686 184 7 7 26
rect:24 196 29 130 27
rect:482 118 19 39 26
rect:241 95 72 36 26
rect:247 90 78 119 29
rect:556 268 10 18 26
rect:260 394 59 91 26
rect:450 300 41 31 28
rect:426 124 41 87 29
rect:405 128 26 65 29
rect:507 165 14 39 26
rect:354 129 37 21 26
rect:661 173 43 42 28
Anchorage1964_20.jpg 0x0
rect:455 659 35 106 26
rect:212 114 82 48 27
rect:163 74 98 120 29
rect:291 385 91 183 26
rect:160 65 78 74 26
Anchorage1964_21.jpg 0x0
rect:211 225 588 145 30
rect:-7 62 113 153 29
rect:2 119 56 42 26
rect:55 379 34 33 26
Bingol2003_01.jpg 0x0
rect:974 353 89 50 33
rect:362 323 70 99 6
rect:201 282 89 53 33
rect:2 390 1105 202 10
rect:366 381 199 225 31
rect:35 313 55 85 33
rect:567 147 40 91 34
rect:876 439 79 46 33
rect:166 106 75 27 6
rect:709 296 78 74 33
rect:476 329 56 74 6
rect:400 311 119 71 6
rect:420 166 96 81 6
rect:657 60 71 83 6
rect:342 160 92 77 33
rect:385 362 67 228 32
rect:421 293 35 50 6
rect:331 437 42 44 34
rect:421 66 191 180 31
Bingol2003_02.jpg 0x0
rect:177 250 86 487 32
rect:1009 47 168 62 36
rect:448 342 77 69 6
rect:311 207 716 602 31
rect:386 257 419 116 35
rect:108 520 207 318 32
rect:553 247 84 140 26
rect:155 107 422 195 34
Bingol2003_03.jpg 0x0
rect:834 -9 253 188 4
rect:114 23 136 45 2
rect:491 271 295 682 4
rect:281 157 317 165 2
rect:129 38 120 146 33
rect:318 228 146 77 11
rect:985 403 232 476 2
Bingol2003_04.jpg 0x0
rect:92 430 99 111 2
rect:189 417 24 67 3
rect:158 604 34 61 3
rect:237 343 108 154 4
rect:89 555 18 50 3
rect:280 634 145 66 2
rect:202 546 30 161 3
rect:129 408 307 125 2
CanterburyNZSeries2010_01.jpg 0x0
rect:110 81 167 203 12
CanterburyNZSeries2010_02.jpg 0x0
rect:67 60 127 169 6
rect:48 11 185 303 37
CanterburyNZSeries2010_03.jpg 0x0
rect:51 96 268 134 38
CanterburyNZSeries2010_04.jpg 0x0
rect:274 344 31 199 40
rect:226 536 23 41 40
rect:283 355 275 315 39
rect:286 264 52 155 40
rect:453 325 17 52 40
rect:232 349 89 259 41
rect:287 522 32 86 40
rect:291 8 99 170 42
CanterburyNZSeries2010_05.jpg 0x0
rect:364 323 244 434 4
rect:407 191 158 117 15
CanterburyNZSeries2010_06.jpg 0x0
rect:299 194 314 121 2
rect:51 155 769 712 4
CanterburyNZSeries2010_08.jpg 0x0
rect:1033 489 77 169 44
rect:820 463 42 180 32
rect:786 339 87 154 44
rect:516 146 142 301 43
CanterburyNZSeries2010_09.jpg 0x0
rect:253 235 207 419 39
rect:288 139 138 167 45
CanterburyNZSeries2010_10.jpg 0x0
rect:401 265 217 75 46
rect:292 276 364 214 6
rect:284 176 218 111 7
rect:301 446 200 128 6
CanterburyNZSeries2010_11.jpg 0x0
rect:312 201 323 118 7
rect:384 289 381 234 5
CanterburyNZSeries2010_12.jpg 0x0
rect:46 309 934 268 2
rect:449 317 174 64 11
rect:170 411 133 51 11
rect:5 363 710 393 47
CanterburyNZSeries2010_13.jpg 0x0
rect:157 16 330 628 12
rect:501 206 124 614 11
Caracas1967_01.jpg 0x0
rect:300 148 8 68 48
rect:358 237 49 109 48
rect:548 66 172 333 48
rect:290 136 73 114 48
Caracas1967_02.jpg 0x0
rect:164 264 48 68 49
rect:184 1 87 194 15
rect:230 210 191 324 51
rect:101 280 49 28 50
Caracas1967_03.jpg 0x0
rect:207 425 71 63 26
rect:15 462 167 92 6
rect:247 309 27 57 27
rect:337 453 32 115 27
rect:224 267 91 206 34
rect:320 55 68 86 14
Caracas1967_04.jpg 0x0
rect:107 355 217 189 34
rect:141 264 44 147 26
rect:173 450 17 73 27
Caracas1967_05.jpg 0x0
rect:439 182 39 246 40
rect:154 453 37 267 40
rect:249 177 51 135 40
rect:195 265 55 227 40
rect:196 287 71 221 40
rect:42 96 397 561 48
rect:39 135 257 423 41
rect:205 249 148 188 52
rect:50 279 210 234 52
rect:50 362 70 282 40
Caracas1967_06.jpg 0x0
rect:266 297 67 63 6
rect:341 104 317 194 7
Caracas1967_07.jpg 0x0
rect:443 305 162 316 34
rect:179 164 215 149 34
rect:313 10 64 250 34
rect:478 363 97 60 53
rect:151 127 37 149 27
rect:503 240 103 76 53
rect:402 63 38 204 27
Caracas1967_08.jpg 0x0
rect:288 223 69 97 54
rect:216 231 57 87 55
rect:429 273 85 90 54
Caracas1967_09.jpg 0x0
rect:62 211 73 75 48
rect:462 10 229 198 48
rect:212 137 120 67 48
rect:32 193 47 72 48
Caracas1967_10.jpg 0x0
rect:16 129 520 426 48
rect:34 202 212 305 41
rect:275 189 89 145 40
rect:362 441 67 144 40
Caracas1967_11.jpg 0x0
rect:47 206 168 385 41
rect:231 13 191 201 41
rect:55 14 331 961 48
Caracas1967_12.jpg 0x0
rect:706 257 24 59 32
rect:369 275 38 37 34
rect:202 353 23 33 56
rect:492 370 22 39 32
Caracas1967_13.jpg 0x0
rect:192 292 120 245 55
Caracas1967_14.jpg 0x0
rect:142 355 203 35 6
rect:162 110 785 140 57
Chichi1999_01.jpg 0x0
rect:4 8 683 191 58
rect:461 135 50 201 42
Chichi1999_02.jpg 0x0
rect:407 145 172 434 59
rect:7 79 459 182 58
Chichi1999_03.jpg 0x0
rect:58 114 84 136 60
rect:0 145 722 191 58
Chichi1999_04.jpg 0x0
rect:210 -16 59 144 48
rect:182 225 99 258 48
rect:290 330 29 50 52
Chichi1999_05.jpg 0x0
rect:420 294 24 23 41
rect:430 163 80 243 48
rect:423 98 53 58 41
rect:386 221 39 77 52
Chichi1999_06.jpg 0x0
rect:277 169 26 29 52
rect:359 146 60 108 48
rect:533 -13 100 84 61
rect:134 14 603 245 10
rect:725 164 44 64 41
rect:333 146 66 64 62
Chichi1999_07.jpg 0x0
rect:622 176 20 22 64
rect:639 287 46 86 48
rect:51 282 701 143 63
rect:395 173 52 124 48
rect:150 126 25 57 64
rect:182 217 50 154 48
rect:309 247 23 33 64
Chichi1999_08.jpg 0x0
rect:92 15 382 454 10
Chichi1999_09.jpg 0x0
rect:175 114 119 126 41
rect:166 63 152 135 48
rect:169 127 27 98 40
rect:247 84 44 94 40
Chichi1999_10.jpg 0x0
rect:139 16 430 363 10
Chichi1999_11.jpg 0x0
rect:161 154 132 77 65
rect:2 132 194 576 10
Chichi1999_12.jpg 0x0
rect:11 26 365 851 66
Chichi1999_13.jpg 0x0
rect:24 49 495 543 10
Chichi1999_14.jpg 0x0
rect:292 576 18 32 39
rect:85 388 39 39 67
rect:101 483 26 53 67
rect:360 369 78 55 67
rect:368 337 33 31 39
rect:126 150 70 45 67
rect:139 498 26 33 67
rect:112 256 43 51 67
rect:438 416 40 65 67
rect:236 390 47 52 39
rect:164 292 43 66 67
rect:150 542 33 36 67
rect:127 319 58 82 67
rect:143 486 23 48 67
rect:220 270 28 72 67
rect:273 173 20 52 67
rect:333 310 17 25 39
Chichi1999_15.jpg 0x0
rect:233 39 176 413 41
Chichi1999_16.jpg 0x0
rect:126 171 80 107 32
Chichi1999_17.jpg 0x0
rect:152 340 28 52 32
Chichi1999_18.jpg 0x0
rect:290 286 29 185 69
rect:175 204 28 96 69
rect:195 185 126 370 68
rect:253 221 46 94 70
rect:202 238 25 86 69
rect:191 273 35 120 69
Chichi1999_19.jpg 0x0
rect:301 141 205 324 3
rect:265 21 316 416 2
YogyakartaInd2006_03.jpg 0x0
rect:269 140 62 25 15
rect:203 447 192 31 15
rect:278 546 51 25 16
rect:432 58 113 33 16
rect:206 230 228 114 71
rect:238 195 29 6 16
rect:243 81 171 78 15
rect:284 24 112 2 15
Chichi1999_20.jpg 0x0
rect:229 382 69 179 41
rect:123 271 138 419 42
Chichi1999_21.jpg 0x0
rect:19 4 226 180 30
rect:395 86 124 114 6
rect:159 116 234 324 72
rect:303 34 329 184 37
rect:442 7 96 135 57
rect:187 232 94 132 6
rect:188 214 151 148 37
rect:95 411 184 112 5
Chichi1999_22.jpg 0x0
rect:259 201 357 176 10
rect:543 200 13 25 73
rect:181 167 11 17 73
rect:286 179 19 23 73
Chichi1999_23.jpg 0x0
rect:4 84 341 194 74
rect:333 249 67 79 73
rect:114 224 17 26 34
rect:337 175 33 21 27
rect:297 238 37 95 34
rect:98 143 69 37 73
rect:309 219 28 27 26
rect:77 333 65 118 73
rect:116 440 39 94 34
rect:316 164 35 65 73
Chichi1999_24.jpg 0x0
rect:141 179 163 95 75
rect:3 275 254 187 74
rect:175 316 71 58 34
rect:419 463 1 2 46
rect:274 236 35 77 46
Chichi1999_25.jpg 0x0
rect:132 234 116 184 34
rect:108 270 170 248 73
rect:229 242 34 51 26
Chichi1999_26.jpg 0x0
rect:260 143 70 98 73
rect:157 538 110 128 27
rect:120 660 178 121 73
rect:262 16 49 31 73
rect:261 316 119 386 76
rect:109 466 80 65 26
Chichi1999_27.jpg 0x0
rect:200 283 112 386 32
Chichi1999_28.jpg 0x0
rect:240 346 282 110 77
rect:143 126 109 205 5
rect:15 74 202 119 6
rect:250 108 150 192 75
Chichi1999_29.jpg 0x0
rect:156 165 90 211 40
rect:214 174 58 162 52
rect:173 236 159 230 48
Chichi1999_30.jpg 0x0
rect:249 186 198 71 78
rect:233 128 350 261 40
rect:28 352 118 127 73
rect:191 106 200 87 52
Chichi1999_31.jpg 0x0
rect:199 119 121 270 79
rect:707 81 63 210 48
Chichi1999_32.jpg 0x0
rect:224 229 36 176 81
rect:237 66 51 149 81
rect:174 10 87 467 80
rect:386 168 60 134 39
Chichi1999_33.jpg 0x0
rect:183 74 128 231 32
rect:102 110 90 215 32
rect:113 179 54 114 49
rect:316 94 134 301 56
rect:80 72 157 470 33
rect:373 107 49 127 49
Chichi1999_34.jpg 0x0
rect:165 101 476 496 10
Duzce1999_01.jpg 0x0
rect:111 114 108 165 41
rect:132 75 102 355 39
Duzce1999_02.jpg 0x0
rect:94 61 189 358 41
Duzce1999_03.jpg 0x0
rect:83 96 136 242 42
rect:0 143 125 217 31
rect:264 153 86 330 31
Gediz1970_01.jpg 0x0
rect:111 398 119 357 69
rect:103 143 176 577 68
rect:305 461 81 254 69
Guatemala1976_01.jpg 0x0
rect:444 156 176 98 48
rect:478 203 66 92 41
rect:49 246 44 58 52
rect:40 124 90 148 48
rect:53 172 34 46 41
rect:27 101 426 208 82
Guatemala1976_02.jpg 0x0
rect:319 83 79 77 40
rect:201 89 299 226 48
Guatemala1976_03.jpg 0x0
rect:17 78 728 425 75
Guatemala1976_04.jpg 0x0
rect:30 77 473 166 30
rect:128 24 338 56 30
rect:483 321 128 249 4
rect:724 166 97 289 4
Guatemala1976_05.jpg 0x0
rect:129 145 343 160 40
rect:208 145 390 132 41
rect:187 69 278 415 48
Guatemala1976_06.jpg 0x0
rect:117 80 255 561 39
Guatemala1976_07.jpg 0x0
rect:23 324 71 59 6
rect:237 534 113 107 83
rect:22 293 536 511 10
Guatemala1976_08.jpg 0x0
rect:191 47 254 294 41
rect:265 60 152 350 40
rect:161 28 504 418 48
Guatemala1976_09.jpg 0x0
rect:690 273 65 70 84
rect:151 178 41 79 85
rect:364 366 74 41 84
rect:628 221 63 50 85
rect:113 285 24 21 84
rect:100 358 28 24 85
rect:192 360 27 25 84
rect:237 346 92 41 85
Guatemala1976_10.jpg 0x0
rect:242 101 248 182 87
rect:175 245 194 219 86
rect:247 253 40 106 87
Guatemala1976_11.jpg 0x0
rect:158 274 118 261 34
GujaratIndia2001_01.jpg 0x0
rect:30 305 167 166 4
rect:93 530 46 25 2
rect:251 469 46 46 11
rect:167 573 152 84 2
Haiti2010_01.jpg 0x0
rect:535 474 139 203 4
rect:347 196 24 102 40
rect:209 112 182 247 41
rect:620 179 123 100 4
rect:102 44 98 89 7
Haiti2010_02.jpg 0x0
rect:53 109 422 166 88
rect:215 27 213 63 14
Haiti2010_03.jpg 0x0
rect:255 472 194 219 32
rect:305 639 248 190 89
rect:291 1 77 718 32
rect:268 580 79 58 49
Haiti2010_04.jpg 0x0
rect:2 160 288 137 6
rect:136 385 250 649 41
rect:294 54 240 218 34
Haiti2010_05.jpg 0x0
rect:270 303 22 74 40
rect:227 170 346 412 90
rect:227 255 238 80 52
rect:328 255 36 82 40
Haiti2010_06.jpg 0x0
rect:634 250 76 183 32
rect:206 329 249 436 91
rect:508 152 222 470 33
rect:437 195 510 832 91
rect:196 235 47 62 34
rect:467 251 82 41 6
rect:607 166 81 92 34
ImperialValley1979_01.jpg 0x0
rect:586 332 27 27 49
rect:42 392 120 114 50
rect:653 398 18 22 49
rect:14 297 91 63 49
rect:430 280 61 61 32
rect:327 270 58 56 50
rect:372 307 43 35 32
rect:522 265 29 49 50
rect:403 335 44 30 49
rect:511 319 45 29 32
rect:12 307 119 101 32
ImperialValley1979_02.jpg 0x0
rect:223 147 75 154 50
rect:214 184 358 65 92
rect:221 73 214 245 32
rect:419 128 66 146 50
rect:287 147 157 48 49
rect:396 141 53 133 50
ImperialValley1979_03.jpg 0x0
rect:229 258 57 139 50
rect:94 274 257 39 92
rect:111 449 260 47 92
rect:68 300 90 248 50
rect:295 230 118 139 50
rect:146 343 257 140 32
rect:144 251 151 148 32
Izmit1999_01.jpg 0x0
rect:170 305 38 111 27
rect:342 116 58 157 27
rect:337 359 70 52 26
rect:248 123 37 177 27
rect:171 70 460 352 34
Izmit1999_02.jpg 0x0
rect:23 149 587 215 10
Izmit1999_03.jpg 0x0
rect:346 104 32 292 50
rect:284 54 193 282 32
rect:418 79 32 229 50
rect:266 157 35 148 50
rect:132 53 350 396 93
rect:200 89 68 220 50
rect:516 81 58 274 50
rect:179 186 267 34 92
Izmit1999_04.jpg 0x0
rect:290 277 85 79 41
rect:52 433 85 61 34
rect:102 701 168 106 88
rect:283 363 18 42 40
rect:47 494 25 101 42
rect:147 274 159 71 88
rect:274 321 20 75 40
rect:320 79 57 106 48
rect:270 64 100 84 41
rect:43 559 43 110 41
Izmit1999_05.jpg 0x0
rect:105 22 783 526 10
Izmit1999_06.jpg 0x0
rect:160 180 250 371 32
rect:132 150 75 268 50
rect:272 344 48 158 50
rect:122 194 153 72 49
rect:255 189 61 135 50
rect:102 311 57 172 50
Izmit1999_07.jpg 0x0
rect:339 397 101 428 4
rect:349 230 38 140 3
rect:30 134 359 428 2
rect:437 165 81 94 3
rect:316 70 147 42 6
rect:183 252 37 109 3
rect:147 341 53 160 3
Izmit1999_08.jpg 0x0
rect:229 175 239 101 88
rect:407 71 54 97 41
rect:182 400 106 91 45
rect:122 86 91 82 41
rect:157 29 118 98 34
rect:573 6 98 82 45
rect:462 80 59 35 52
Izmit1999_09.jpg 0x0
rect:399 237 115 120 94
rect:344 186 37 34 41
rect:39 179 43 57 41
rect:448 277 74 76 94
rect:363 327 116 118 41
rect:465 242 44 57 41
Izmit1999_10.jpg 0x0
rect:219 397 153 48 78
rect:176 115 53 191 40
rect:322 412 99 23 78
rect:117 178 60 281 40
rect:121 335 375 58 78
rect:38 159 358 35 78
rect:346 607 68 132 40
rect:102 152 394 463 41
rect:247 445 50 79 40
rect:288 113 168 156 40
rect:49 118 113 212 40
Izmit1999_11.jpg 0x0
rect:223 154 157 177 41
rect:388 300 88 170 40
rect:171 170 74 172 40
rect:215 432 141 96 41
rect:116 231 86 126 40
Izmit1999_12.jpg 0x0
rect:69 78 46 27 6
rect:196 289 80 76 88
rect:339 250 67 83 41
rect:323 135 53 78 42
rect:39 331 62 92 94
rect:298 371 76 94 41
rect:289 199 58 22 6
rect:528 29 64 58 34
rect:368 350 85 108 94
rect:377 359 76 77 52
rect:17 54 34 18 6
rect:504 118 72 52 7
rect:463 217 163 181 91
rect:108 368 35 47 40
rect:63 215 72 58 52
rect:1 237 32 34 41
rect:512 92 49 108 41
rect:391 102 67 58 45
Izmit1999_13.jpg 0x0
rect:390 118 121 251 41
rect:126 228 60 78 52
rect:308 86 170 321 48
rect:181 242 37 81 41
rect:200 286 31 102 41
rect:79 122 73 43 6
rect:218 97 73 123 41
rect:5 57 73 229 42
rect:109 213 80 119 94
Izmit1999_14.jpg 0x0
rect:184 429 58 36 34
rect:478 62 72 50 95
rect:50 117 73 64 34
rect:508 7 197 75 35
rect:388 73 109 77 34
rect:506 204 75 87 35
rect:578 257 63 35 34
rect:322 284 65 42 34
rect:442 422 30 20 34
Izmit1999_15.jpg 0x0
rect:125 229 182 259 42
Izmit1999_16.jpg 0x0
rect:104 57 208 336 39
rect:88 72 376 427 33
rect:272 121 29 74 40
rect:154 80 190 164 41
Izmit1999_17.jpg 0x0
rect:74 140 134 187 41
Izmit1999_18.jpg 0x0
rect:200 185 158 192 39
rect:236 211 142 162 41
Izmit1999_19.jpg 0x0
rect:243 74 318 317 96
rect:566 191 31 62 50
rect:577 188 19 58 50
rect:312 113 290 260 32
Kobe1995_01.jpg 0x0
rect:26 176 664 135 63
Kobe1995_02.jpg 0x0
rect:2 60 349 538 68
Kobe1995_03.jpg 0x0
rect:34 65 427 820 10
Kobe1995_04.jpg 0x0
rect:313 356 65 48 41
Kobe1995_05.jpg 0x0
rect:35 195 443 85 78
rect:4 158 128 513 40
rect:406 136 162 431 40
rect:97 753 340 106 78
rect:109 163 277 387 52
Kobe1995_06.jpg 0x0
rect:152 478 294 435 42
rect:53 133 552 394 41
Kobe1995_07.jpg 0x0
rect:99 201 30 42 39
rect:289 319 34 35 39
rect:466 262 48 34 39
rect:93 348 31 38 39
rect:305 101 28 42 39
rect:64 343 28 42 39
rect:328 258 29 42 39
rect:229 299 37 30 39
rect:352 581 33 40 39
rect:244 261 30 30 39
rect:361 392 24 50 39
rect:324 215 55 45 39
rect:141 126 36 36 39
rect:273 105 47 34 39
rect:186 325 34 31 39
rect:464 191 34 52 39
rect:227 170 34 54 39
rect:290 282 32 57 39
rect:400 92 53 38 39
rect:132 257 41 58 39
rect:142 460 34 46 39
rect:201 173 33 48 39
rect:277 306 26 37 39
rect:36 390 47 29 39
rect:177 513 51 32 39
rect:308 252 32 55 39
Kobe1995_08.jpg 0x0
rect:293 77 497 239 97
Kobe1995_09.jpg 0x0
rect:84 445 52 74 88
rect:104 523 76 61 88
rect:243 636 173 71 97
rect:109 540 104 112 88
SanSalvador_1986_01.jpg 0x0
rect:281 113 127 174 41
rect:80 3 116 314 68
SanSalvador_1986_02.jpg 0x0
rect:295 177 16 21 41
rect:389 153 25 30 41
rect:236 197 33 22 41
rect:123 232 37 40 41
rect:387 251 25 40 41
rect:178 313 30 39 41
rect:666 237 44 36 41
rect:376 139 58 33 41
rect:492 133 40 47 42
SikkimIndia2001_01.jpg 0x0
rect:179 117 166 137 34
SikkimIndia2001_02.jpg 0x0
rect:-19 2 366 95 33
rect:8 141 45 57 54
rect:170 79 159 478 33
rect:208 160 98 38 16
rect:363 136 74 38 16
rect:11 6 360 65 16
rect:553 118 107 115 33
rect:620 261 118 21 16
SikkimIndia2001_03.jpg 0x0
rect:290 252 123 126 70
rect:154 101 68 179 69
rect:240 11 228 567 98
SikkimIndia2001_04.jpg 0x0
rect:270 225 324 97 99
rect:3 30 321 300 99
rect:245 174 81 155 34
SumatraInd2009_01.jpg 0x0
rect:237 27 47 338 81
SumatraInd2009_02.jpg 0x0
rect:170 101 182 201 41
WhittierNarrows1987_01.jpg 0x0
rect:15 32 569 429 10
WhittierNarrows1987_02.jpg 0x0
rect:170 221 109 188 41
WhittierNarrows1987_03.jpg 0x0
rect:252 118 190 244 32
WhittierNarrows1987_04.jpg 0x0
rect:230 58 104 281 41
rect:229 17 311 114 100
rect:201 7 268 68 6
YogyakartaInd2006_01.jpg 0x0
rect:173 -22 428 611 29
rect:302 30 386 297 32
rect:218 182 378 75 49
YogyakartaInd2006_02.jpg 0x0
rect:422 57 104 361 98
rect:301 127 74 197 70
rect:406 112 60 276 69
