Anchorage1964_01.jpg 0x0
rect:123 7 188 163 1
rect:104 269 303 207 1
Anchorage1964_02.jpg 0x0
rect:565 205 104 49 4
rect:337 266 26 47 3
rect:496 253 25 75 3
rect:31 194 120 54 5
rect:457 279 33 44 3
rect:137 202 56 13 6
rect:220 73 71 64 4
rect:49 25 136 46 5
rect:197 41 255 72 4
rect:475 202 11 67 3
rect:291 280 26 61 3
rect:235 314 18 65 3
rect:189 203 58 72 7
rect:95 32 91 17 6
rect:169 267 280 96 2
rect:394 186 21 62 3
rect:71 214 21 16 6
rect:439 52 122 82 8
rect:431 328 15 66 3
Anchorage1964_03.jpg 0x0
rect:291 67 501 153 9
rect:2 232 156 64 9
rect:0 247 612 89 10
Anchorage1964_04.jpg 0x0
rect:128 24 25 13 5
rect:332 217 21 17 5
rect:417 119 37 18 5
rect:265 148 24 35 1
rect:162 279 37 14 5
rect:170 144 32 22 5
rect:118 465 25 21 5
rect:225 418 63 21 2
rect:212 350 24 25 1
rect:439 33 35 15 5
rect:251 430 28 24 1
rect:161 180 27 19 5
rect:186 78 31 17 5
rect:338 262 27 24 5
rect:308 371 18 27 1
rect:281 286 15 24 1
rect:199 90 30 21 5
rect:212 166 18 25 1
rect:212 406 32 16 5
rect:272 68 40 16 5
rect:383 125 35 16 5
rect:203 275 22 40 1
rect:199 154 27 13 5
rect:223 451 9 1 1
rect:264 213 23 33 8
rect:116 200 40 20 5
rect:313 199 26 23 5
rect:283 361 31 13 5
rect:309 352 12 27 1
rect:406 168 28 17 5
rect:300 374 27 20 5
rect:291 272 14 33 1
rect:277 187 30 19 5
rect:212 235 21 27 1
rect:381 370 41 18 5
rect:286 198 14 32 1
rect:139 300 23 16 5
rect:186 229 32 20 5
rect:443 245 30 19 5
Anchorage1964_05.jpg 0x0
rect:300 201 25 23 11
rect:45 477 31 48 1
rect:92 100 17 62 1
rect:642 149 38 83 1
rect:611 250 56 35 5
rect:551 194 36 74 1
rect:58 310 25 37 1
rect:502 1 39 54 1
rect:234 207 148 17 5
rect:76 280 25 29 1
rect:434 223 37 24 11
rect:334 208 52 68 8
rect:202 203 139 89 2
rect:73 169 20 55 1
rect:74 121 17 48 1
rect:807 288 53 19 6
rect:79 22 19 31 1
rect:487 305 44 78 8
rect:265 49 92 34 5
rect:220 42 104 41 6
rect:355 107 30 67 1
rect:493 66 34 66 1
rect:775 349 39 38 5
rect:82 90 28 54 1
rect:624 23 35 72 1
rect:611 254 52 23 6
rect:596 197 44 75 1
rect:53 406 24 50 1
rect:220 193 161 33 6
Anchorage1964_06.jpg 0x0
rect:112 92 105 269 3
rect:171 305 85 96 11
rect:142 101 199 285 12
Anchorage1964_07.jpg 0x0
rect:390 108 48 96 3
rect:16 272 235 42 11
rect:279 145 123 144 11
rect:9 45 564 438 2
rect:5 306 379 40 14
rect:413 201 61 81 13
rect:230 2 124 67 2
rect:418 191 234 238 2
rect:428 235 67 98 11
Anchorage1964_08.jpg 0x0
rect:38 317 72 91 1
rect:286 561 161 137 1
rect:36 421 122 168 1
rect:49 85 126 154 1
rect:404 33 83 145 1
rect:411 257 102 130 1
Anchorage1964_09.jpg 0x0
rect:109 392 88 55 8
rect:410 199 90 62 1
rect:804 10 90 12 16
rect:475 119 81 55 1
rect:499 136 91 23 15
rect:17 15 57 10 16
rect:401 22 92 69 8
rect:17 11 424 17 15
rect:10 91 75 14 15
rect:471 7 345 13 15
rect:389 283 90 90 8
rect:178 121 283 15 15
rect:293 122 76 57 1
rect:100 122 78 81 1
rect:45 99 71 10 16
rect:715 231 1 1 16
rect:107 33 101 91 8
rect:806 103 148 22 15
rect:18 104 20 12 16
Anchorage1964_10.jpg 0x0
rect:48 208 259 431 1
rect:130 224 282 99 18
rect:183 228 83 115 17
rect:72 498 376 114 18
Anchorage1964_11.jpg 0x0
rect:649 105 192 66 1
rect:365 188 239 24 11
rect:527 6 118 50 1
rect:82 216 536 97 2
rect:110 515 699 25 14
rect:167 65 185 121 4
rect:66 415 436 12 14
rect:165 140 432 20 15
Anchorage1964_12.jpg 0x0
rect:134 230 29 117 3
rect:490 64 216 213 11
rect:9 65 587 280 2
rect:382 67 34 248 3
rect:223 65 55 152 3
Anchorage1964_13.jpg 0x0
rect:397 666 164 24 2
rect:306 459 145 16 19
rect:434 292 33 167 20
Anchorage1964_14.jpg 0x0
rect:433 171 201 53 15
rect:227 10 70 766 20
rect:26 444 22 73 22
rect:459 6 56 120 11
rect:361 538 212 61 23
rect:10 500 161 95 11
rect:270 324 86 82 21
rect:179 806 50 63 22
rect:67 212 107 24 15
rect:351 9 77 198 11
rect:58 783 58 81 22
rect:136 408 52 83 22
Anchorage1964_15.jpg 0x0
rect:229 321 221 46 15
rect:171 116 36 50 11
rect:349 279 156 57 11
rect:394 275 78 37 24
rect:477 10 71 50 4
rect:292 539 292 46 2
rect:255 129 50 119 25
rect:171 63 82 441 20
rect:350 9 101 66 4
Anchorage1964_16.jpg 0x0
rect:224 86 212 117 2
rect:11 281 89 60 2
rect:582 156 104 237 2
rect:165 261 206 162 11
rect:13 159 217 195 2
rect:78 351 106 139 11
Anchorage1964_17.jpg 0x0
rect:274 64 233 200 9
rect:11 228 635 278 10
rect:10 122 219 162 9
Anchorage1964_18.jpg 0x0
rect:813 263 51 17 2
rect:396 163 84 119 4
rect:135 270 21 40 11
rect:436 176 102 100 4
rect:101 220 52 127 4
rect:101 306 71 41 11
rect:318 352 24 47 11
rect:600 379 36 22 2
rect:426 380 97 25 2
rect:391 289 234 34 15
Anchorage1964_19.jpg 0x0
rect:364 333 45 55 26
rect:293 205 13 26 26
rect:365 126 24 23 27
rect:375 136 19 71 29
rect:5 261 74 175 26
rect:501 154 22 27 26
rect:933 196 9 15 26
rect:37 292 33 104 27
rect:239 56 68 127 29
rect:374 137 40 20 26
rect:423 169 7 17 26
rect:669 170 7 7 26
rect:260 67 71 36 26
rect:664 161 29 39 28
rect:359 155 36 33 28
rect:394 249 12 31 26
rect:388 200 21 34 26
rect:376 107 49 72 29
Anchorage1964_20.jpg 0x0
rect:591 421 46 61 26
rect:158 122 96 75 26
rect:297 554 49 185 26
rect:211 124 66 44 27
rect:227 75 164 105 29
Anchorage1964_21.jpg 0x0
rect:57 360 35 32 26
rect:2 82 60 28 26
rect:170 158 624 141 30
rect:-6 76 114 189 29
Bingol2003_01.jpg 0x0
rect:333 256 57 139 34
rect:494 56 80 69 6
rect:321 495 89 98 6
rect:808 412 80 29 33
rect:29 187 94 88 33
rect:668 264 47 48 6
rect:539 116 89 84 6
rect:540 232 84 52 33
rect:611 310 67 73 6
rect:398 348 212 58 6
rect:2 408 898 271 10
rect:223 80 58 22 6
rect:628 370 32 61 34
rect:707 322 79 47 33
rect:654 103 115 187 31
rect:316 216 59 91 33
rect:691 295 225 127 31
rect:200 153 66 88 33
rect:597 358 49 259 32
Bingol2003_02.jpg 0x0
rect:168 188 66 432 32
rect:394 398 98 71 6
rect:109 663 161 289 32
rect:1133 60 148 85 36
rect:551 322 112 117 26
rect:450 277 550 104 35
rect:213 227 749 557 31
rect:137 110 523 184 34
Bingol2003_03.jpg 0x0
rect:1007 360 298 282 2
rect:414 187 173 80 11
rect:394 164 315 122 2
rect:677 304 280 541 4
rect:143 38 139 84 33
rect:122 25 142 25 2
rect:842 -8 297 219 4
Bingol2003_04.jpg 0x0
rect:178 373 40 62 3
rect:203 419 49 142 3
rect:121 478 279 224 2
rect:102 467 26 96 3
rect:93 617 121 93 2
rect:367 583 96 82 2
rect:140 500 35 87 3
rect:215 231 133 143 4
CanterburyNZSeries2010_01.jpg 0x0
rect:113 128 172 218 12
CanterburyNZSeries2010_02.jpg 0x0
rect:66 38 160 227 6
rect:48 7 155 201 37
CanterburyNZSeries2010_03.jpg 0x0
rect:40 80 402 103 38
CanterburyNZSeries2010_04.jpg 0x0
rect:388 341 47 96 40
rect:258 451 23 34 40
rect:175 7 115 183 42
rect:248 488 74 227 41
rect:379 314 20 57 40
rect:306 346 24 180 40
rect:195 510 27 73 40
rect:238 271 166 288 39
CanterburyNZSeries2010_05.jpg 0x0
rect:224 216 177 138 15
rect:342 412 214 394 4
CanterburyNZSeries2010_06.jpg 0x0
rect:57 118 598 565 4
rect:222 305 277 96 2
CanterburyNZSeries2010_08.jpg 0x0
rect:868 499 29 227 32
rect:816 480 129 158 44
rect:820 485 50 141 44
rect:495 149 193 335 43
CanterburyNZSeries2010_09.jpg 0x0
rect:345 422 112 308 39
rect:318 109 212 215 45
CanterburyNZSeries2010_10.jpg 0x0
rect:394 357 227 71 46
rect:216 576 285 87 6
rect:203 303 466 197 6
rect:303 200 185 100 7
CanterburyNZSeries2010_11.jpg 0x0
rect:405 431 343 201 5
rect:333 300 211 111 7
CanterburyNZSeries2010_12.jpg 0x0
rect:228 536 166 57 11
rect:4 354 975 463 47
rect:665 474 145 83 11
rect:38 303 555 395 2
CanterburyNZSeries2010_13.jpg 0x0
rect:206 17 372 892 12
rect:417 142 94 602 11
Caracas1967_01.jpg 0x0
rect:449 65 212 337 48
rect:373 131 38 109 48
rect:365 186 101 75 48
rect:339 202 10 43 48
Caracas1967_02.jpg 0x0
rect:88 516 37 52 49
rect:303 1 89 129 15
rect:126 255 218 303 51
rect:142 393 39 25 50
Caracas1967_03.jpg 0x0
rect:245 289 119 183 34
rect:282 379 34 47 27
rect:13 398 266 99 6
rect:363 341 33 87 27
rect:192 81 102 99 14
rect:375 293 85 63 26
Caracas1967_04.jpg 0x0
rect:122 384 20 114 27
rect:103 405 207 211 34
rect:124 370 67 105 26
Caracas1967_05.jpg 0x0
rect:41 165 398 612 41
rect:223 351 56 219 40
rect:395 221 40 242 40
rect:226 315 150 105 52
rect:150 292 55 246 40
rect:343 241 42 183 40
rect:50 280 53 195 40
rect:203 228 65 273 40
rect:83 353 227 222 52
rect:42 113 356 683 48
Caracas1967_06.jpg 0x0
rect:351 119 287 189 7
rect:283 265 66 67 6
Caracas1967_07.jpg 0x0
rect:429 279 178 210 34
rect:373 291 73 93 53
rect:359 7 89 332 34
rect:241 153 138 263 34
rect:545 227 93 75 53
rect:486 56 33 264 27
rect:227 123 46 200 27
Caracas1967_08.jpg 0x0
rect:509 251 83 169 54
rect:188 246 69 94 54
rect:193 380 51 69 55
Caracas1967_09.jpg 0x0
rect:27 177 51 59 48
rect:546 10 161 167 48
rect:195 200 75 111 48
rect:77 168 80 66 48
Caracas1967_10.jpg 0x0
rect:453 271 51 157 40
rect:13 153 611 412 48
rect:39 229 317 339 41
rect:333 276 86 239 40
Caracas1967_11.jpg 0x0
rect:46 11 488 949 48
rect:56 255 295 468 41
rect:335 13 178 188 41
Caracas1967_12.jpg 0x0
rect:883 242 19 35 32
rect:196 378 19 33 56
rect:649 279 18 52 32
rect:351 225 45 33 34
Caracas1967_13.jpg 0x0
rect:156 486 104 265 55
Caracas1967_14.jpg 0x0
rect:169 334 266 35 6
rect:130 131 565 149 57
Chichi1999_01.jpg 0x0
rect:329 178 66 151 42
rect:4 10 976 188 58
Chichi1999_02.jpg 0x0
rect:6 80 486 195 58
rect:420 96 176 311 59
Chichi1999_03.jpg 0x0
rect:61 217 59 103 60
rect:0 181 691 231 58
Chichi1999_04.jpg 0x0
rect:261 -17 68 93 48
rect:238 239 27 56 52
rect:199 154 73 250 48
Chichi1999_05.jpg 0x0
rect:454 227 36 74 52
rect:390 158 37 51 41
rect:279 145 103 208 48
rect:382 290 30 26 41
Chichi1999_06.jpg 0x0
rect:281 172 22 38 52
rect:207 14 458 160 10
rect:726 -13 61 91 61
rect:362 141 54 86 48
rect:360 93 44 83 62
rect:608 223 49 59 41
Chichi1999_07.jpg 0x0
rect:430 272 22 36 64
rect:196 153 33 139 48
rect:399 297 51 124 48
rect:50 200 669 117 63
rect:419 217 54 106 48
rect:219 159 23 51 64
rect:555 240 15 20 64
Chichi1999_08.jpg 0x0
rect:94 16 649 577 10
Chichi1999_09.jpg 0x0
rect:259 97 68 97 40
rect:265 95 167 85 41
rect:210 75 46 73 40
rect:253 77 255 145 48
Chichi1999_10.jpg 0x0
rect:133 17 728 486 10
Chichi1999_11.jpg 0x0
rect:2 112 182 413 10
rect:139 251 132 85 65
Chichi1999_12.jpg 0x0
rect:9 25 462 509 66
Chichi1999_13.jpg 0x0
rect:27 58 830 407 10
Chichi1999_14.jpg 0x0
rect:84 299 58 79 67
rect:197 231 72 43 67
rect:124 213 37 51 67
rect:302 408 26 36 39
rect:191 515 25 34 67
rect:150 363 35 66 67
rect:165 459 27 54 67
rect:316 431 28 26 39
rect:71 345 42 45 67
rect:274 334 26 38 39
rect:114 342 41 35 67
rect:161 520 28 30 67
rect:301 616 94 70 67
rect:318 350 43 63 67
rect:184 231 24 40 67
rect:329 308 16 24 39
rect:71 549 36 47 67
Chichi1999_15.jpg 0x0
rect:319 24 227 454 41
Chichi1999_16.jpg 0x0
rect:158 93 82 117 32
Chichi1999_17.jpg 0x0
rect:175 333 32 59 32
Chichi1999_18.jpg 0x0
rect:185 213 31 158 69
rect:122 214 141 454 68
rect:169 199 24 111 69
rect:190 232 53 95 70
rect:217 302 50 112 69
rect:221 260 30 116 69
Chichi1999_19.jpg 0x0
rect:250 17 211 324 2
rect:231 109 141 262 3
YogyakartaInd2006_03.jpg 0x0
rect:198 208 23 7 16
rect:367 59 70 52 16
rect:285 526 42 26 16
rect:279 19 114 2 15
rect:175 319 296 183 71
rect:268 85 146 68 15
rect:167 429 273 30 15
rect:176 104 87 27 15
Chichi1999_20.jpg 0x0
rect:157 143 127 422 42
rect:300 447 48 157 41
Chichi1999_21.jpg 0x0
rect:228 380 156 181 37
rect:496 8 96 81 57
rect:71 263 119 82 5
rect:304 29 326 252 37
rect:382 118 140 113 6
rect:18 4 272 132 30
rect:146 136 206 350 72
rect:335 394 103 112 6
Chichi1999_22.jpg 0x0
rect:486 294 18 21 73
rect:212 217 18 14 73
rect:222 303 17 18 73
rect:229 200 207 197 10
Chichi1999_23.jpg 0x0
rect:298 388 42 77 34
rect:157 179 44 60 73
rect:129 323 43 86 34
rect:244 186 43 51 73
rect:4 57 388 238 74
rect:206 232 23 23 26
rect:98 292 64 89 73
rect:254 175 33 18 27
rect:193 168 22 34 34
rect:350 343 84 91 73
Chichi1999_24.jpg 0x0
rect:129 180 61 52 34
rect:159 204 38 67 46
rect:3 445 389 150 74
rect:159 142 178 103 75
rect:286 420 1 2 46
Chichi1999_25.jpg 0x0
rect:169 352 46 66 26
rect:159 281 154 189 34
rect:199 223 147 383 73
Chichi1999_26.jpg 0x0
rect:152 153 60 142 73
rect:117 380 132 115 27
rect:113 404 165 175 73
rect:277 248 118 306 76
rect:132 683 83 87 26
rect:246 22 48 40 73
Chichi1999_27.jpg 0x0
rect:222 274 107 414 32
Chichi1999_28.jpg 0x0
rect:310 143 144 234 75
rect:141 139 164 232 5
rect:181 235 197 89 77
rect:16 86 289 144 6
Chichi1999_29.jpg 0x0
rect:116 169 223 196 48
rect:150 250 79 122 52
rect:229 197 122 136 40
Chichi1999_30.jpg 0x0
rect:31 203 125 140 73
rect:147 142 246 324 40
rect:238 250 132 65 78
rect:261 109 229 74 52
Chichi1999_31.jpg 0x0
rect:395 73 37 130 48
rect:157 117 95 257 79
Chichi1999_32.jpg 0x0
rect:508 156 53 245 39
rect:229 174 46 122 81
rect:131 9 83 495 80
rect:192 66 59 168 81
Chichi1999_33.jpg 0x0
rect:77 66 123 540 33
rect:138 200 57 107 49
rect:206 82 125 221 56
rect:237 148 44 151 49
rect:207 96 117 280 32
rect:146 80 89 187 32
Chichi1999_34.jpg 0x0
rect:131 81 329 310 10
Duzce1999_01.jpg 0x0
rect:159 60 104 371 39
rect:107 118 139 105 41
Duzce1999_02.jpg 0x0
rect:62 37 110 426 41
Duzce1999_03.jpg 0x0
rect:271 155 121 197 31
rect:0 221 88 245 31
rect:109 95 110 210 42
Gediz1970_01.jpg 0x0
rect:88 142 182 557 68
rect:205 377 97 140 69
rect:171 398 86 201 69
Guatemala1976_01.jpg 0x0
rect:43 148 56 36 41
rect:668 201 47 71 41
rect:74 175 81 35 52
rect:349 108 153 125 48
rect:30 150 765 218 82
rect:33 162 100 113 48
Guatemala1976_02.jpg 0x0
rect:237 60 340 219 48
rect:177 75 113 133 40
Guatemala1976_03.jpg 0x0
rect:21 100 572 339 75
Guatemala1976_04.jpg 0x0
rect:42 93 383 283 30
rect:628 236 101 196 4
rect:153 18 470 84 30
rect:748 229 104 393 4
Guatemala1976_05.jpg 0x0
rect:200 173 445 188 40
rect:116 105 453 330 48
rect:203 182 345 146 41
Guatemala1976_06.jpg 0x0
rect:94 88 156 583 39
Guatemala1976_07.jpg 0x0
rect:21 234 424 348 10
rect:258 643 142 81 83
rect:24 326 65 55 6
Guatemala1976_08.jpg 0x0
rect:445 71 185 398 40
rect:219 53 336 320 41
rect:207 37 431 294 48
Guatemala1976_09.jpg 0x0
rect:213 287 31 36 84
rect:85 272 35 35 85
rect:586 372 78 39 85
rect:265 256 78 27 85
rect:186 182 60 79 85
rect:75 251 23 34 84
rect:244 331 61 60 84
rect:785 271 55 79 84
Guatemala1976_10.jpg 0x0
rect:166 119 205 208 87
rect:425 465 28 89 87
rect:196 221 247 327 86
Guatemala1976_11.jpg 0x0
rect:205 296 149 252 34
GujaratIndia2001_01.jpg 0x0
rect:63 562 73 28 2
rect:29 374 133 139 4
rect:174 497 224 88 2
rect:366 363 68 54 11
Haiti2010_01.jpg 0x0
rect:272 107 204 373 41
rect:125 61 155 143 7
rect:484 496 245 261 4
rect:477 202 104 133 4
rect:260 347 22 105 40
Haiti2010_02.jpg 0x0
rect:272 27 155 55 14
rect:49 121 562 232 88
Haiti2010_03.jpg 0x0
rect:376 1 51 747 32
rect:312 644 48 72 49
rect:302 577 268 194 89
rect:282 276 146 234 32
Haiti2010_04.jpg 0x0
rect:2 196 258 197 6
rect:152 385 285 638 41
rect:293 34 231 200 34
Haiti2010_05.jpg 0x0
rect:252 267 232 101 52
rect:283 208 201 490 90
rect:242 320 29 105 40
rect:323 287 25 118 40
Haiti2010_06.jpg 0x0
rect:392 159 263 317 33
rect:464 181 103 52 6
rect:586 281 51 283 32
rect:143 256 51 41 34
rect:234 203 209 359 91
rect:697 177 799 893 91
rect:667 155 63 95 34
ImperialValley1979_01.jpg 0x0
rect:41 224 105 119 50
rect:12 409 133 155 32
rect:383 328 30 19 49
rect:600 303 30 50 50
rect:408 263 42 63 50
rect:11 279 90 95 49
rect:495 220 24 28 32
rect:436 421 56 48 32
rect:485 368 16 13 49
rect:480 318 50 40 32
rect:523 399 24 24 49
ImperialValley1979_02.jpg 0x0
rect:374 87 96 194 50
rect:229 64 185 265 32
rect:223 160 67 152 50
rect:225 201 208 54 92
rect:228 259 116 63 49
rect:195 147 55 241 50
ImperialValley1979_03.jpg 0x0
rect:205 236 206 130 32
rect:192 275 73 184 50
rect:107 294 227 142 32
rect:137 440 351 31 92
rect:115 333 100 167 50
rect:99 538 294 46 92
rect:221 227 73 132 50
Izmit1999_01.jpg 0x0
rect:245 109 58 153 27
rect:251 154 29 106 27
rect:236 59 290 246 34
rect:231 220 43 122 27
rect:554 282 62 53 26
Izmit1999_02.jpg 0x0
rect:32 100 931 217 10
Izmit1999_03.jpg 0x0
rect:462 114 36 215 50
rect:138 221 283 33 92
rect:427 65 61 360 50
rect:232 123 43 198 50
rect:266 62 209 469 32
rect:455 73 46 261 50
rect:139 90 75 283 50
rect:114 48 350 316 93
Izmit1999_04.jpg 0x0
rect:88 637 208 102 88
rect:244 53 81 120 48
rect:184 213 137 63 88
rect:327 296 20 65 40
rect:71 583 26 89 42
rect:61 604 63 128 41
rect:36 287 47 71 34
rect:239 96 64 75 41
rect:262 415 87 70 41
rect:274 440 22 54 40
Izmit1999_05.jpg 0x0
rect:108 32 681 304 10
Izmit1999_06.jpg 0x0
rect:328 234 37 166 50
rect:139 215 184 78 49
rect:158 306 52 176 50
rect:91 322 76 237 50
rect:131 152 61 260 50
rect:178 192 188 314 32
Izmit1999_07.jpg 0x0
rect:211 164 36 90 3
rect:218 249 56 116 3
rect:130 234 43 150 3
rect:417 325 115 305 4
rect:22 109 427 635 2
rect:271 142 80 96 3
rect:387 68 97 54 6
Izmit1999_08.jpg 0x0
rect:180 27 116 128 34
rect:410 7 89 57 45
rect:134 157 64 62 41
rect:228 173 150 91 88
rect:166 460 74 108 45
rect:587 64 72 30 52
rect:638 88 88 74 41
Izmit1999_09.jpg 0x0
rect:371 289 75 78 41
rect:716 292 51 81 94
rect:310 174 42 24 41
rect:55 221 55 45 41
rect:348 188 127 90 94
rect:758 260 58 57 41
Izmit1999_10.jpg 0x0
rect:217 136 91 157 40
rect:251 133 39 176 40
rect:55 153 68 211 40
rect:326 514 62 87 40
rect:113 113 406 568 41
rect:301 623 61 35 78
rect:44 271 484 52 78
rect:152 451 171 33 78
rect:104 403 286 53 78
rect:140 155 75 207 40
rect:286 363 108 123 40
Izmit1999_11.jpg 0x0
rect:263 247 95 200 40
rect:161 393 83 161 40
rect:188 441 121 150 41
rect:254 261 174 229 41
rect:229 221 69 243 40
Izmit1999_12.jpg 0x0
rect:56 329 80 120 94
rect:311 144 60 96 45
rect:558 260 62 60 41
rect:344 284 68 143 41
rect:1 231 23 38 41
rect:16 56 53 17 6
rect:324 291 52 92 52
rect:357 76 30 65 41
rect:240 363 104 102 94
rect:369 200 198 157 91
rect:445 155 56 66 7
rect:123 54 39 24 6
rect:78 338 29 53 40
rect:48 299 56 64 52
rect:127 244 62 61 88
rect:358 131 35 32 6
rect:330 167 31 136 42
rect:450 35 83 61 34
Izmit1999_13.jpg 0x0
rect:129 192 80 136 94
rect:178 228 95 75 52
rect:274 71 90 134 41
rect:5 54 67 206 42
rect:98 178 38 108 41
rect:137 232 32 83 41
rect:129 138 57 39 6
rect:365 219 67 189 41
rect:271 72 164 338 48
Izmit1999_14.jpg 0x0
rect:516 207 116 71 35
rect:59 176 83 66 34
rect:338 364 60 38 34
rect:546 55 90 58 34
rect:306 7 182 71 35
rect:252 315 36 25 34
rect:324 252 77 38 34
rect:306 34 75 46 95
rect:429 244 93 52 34
Izmit1999_15.jpg 0x0
rect:117 137 315 437 42
Izmit1999_16.jpg 0x0
rect:91 82 345 594 33
rect:153 82 315 253 39
rect:150 126 135 162 41
rect:211 111 47 74 40
Izmit1999_17.jpg 0x0
rect:84 155 196 331 41
Izmit1999_18.jpg 0x0
rect:196 208 135 121 41
rect:176 182 151 230 39
Izmit1999_19.jpg 0x0
rect:255 120 226 159 32
rect:443 161 30 56 50
rect:493 175 25 82 50
rect:187 85 332 408 96
Kobe1995_01.jpg 0x0
rect:22 157 744 173 63
Kobe1995_02.jpg 0x0
rect:2 78 525 577 68
Kobe1995_03.jpg 0x0
rect:31 45 389 721 10
Kobe1995_04.jpg 0x0
rect:332 367 60 51 41
Kobe1995_05.jpg 0x0
rect:121 125 228 530 52
rect:357 152 206 471 40
rect:4 140 105 374 40
rect:56 221 354 100 78
rect:92 689 263 112 78
Kobe1995_06.jpg 0x0
rect:56 139 397 352 41
rect:225 331 308 345 42
Kobe1995_07.jpg 0x0
rect:264 140 18 35 39
rect:292 161 45 40 39
rect:159 213 49 36 39
rect:381 415 34 42 39
rect:221 527 51 41 39
rect:317 226 45 27 39
rect:215 329 40 36 39
rect:63 271 30 41 39
rect:44 258 38 26 39
rect:421 190 43 43 39
rect:263 281 41 51 39
rect:379 469 22 42 39
rect:460 136 33 43 39
rect:231 92 24 49 39
rect:282 344 23 33 39
rect:383 375 48 34 39
rect:95 247 37 36 39
rect:298 566 26 37 39
rect:356 203 29 49 39
rect:99 281 41 29 39
rect:120 320 34 54 39
rect:275 178 48 43 39
rect:361 201 51 33 39
rect:161 219 36 37 39
rect:423 433 43 53 39
rect:182 302 38 36 39
Kobe1995_08.jpg 0x0
rect:338 59 309 253 97
Kobe1995_09.jpg 0x0
rect:228 697 156 76 97
rect:113 629 82 75 88
rect:75 569 63 56 88
rect:127 460 75 83 88
SanSalvador_1986_01.jpg 0x0
rect:298 157 77 204 41
rect:51 3 128 290 68
SanSalvador_1986_02.jpg 0x0
rect:345 245 36 54 41
rect:367 172 30 48 41
rect:155 142 29 23 41
rect:296 130 19 23 41
rect:370 210 42 49 41
rect:117 287 35 25 41
rect:355 214 34 61 41
rect:132 335 22 30 41
rect:451 151 52 42 42
SikkimIndia2001_01.jpg 0x0
rect:271 151 89 143 34
SikkimIndia2001_02.jpg 0x0
rect:12 6 322 77 16
rect:267 266 89 56 16
rect:433 106 103 35 16
rect:160 83 153 392 33
rect:-15 2 397 113 33
rect:9 120 64 49 54
rect:445 133 130 133 33
rect:537 225 82 23 16
SikkimIndia2001_03.jpg 0x0
rect:192 12 197 337 98
rect:255 121 90 265 69
rect:278 206 119 218 70
SikkimIndia2001_04.jpg 0x0
rect:3 32 253 232 99
rect:282 214 119 173 34
rect:423 234 185 84 99
SumatraInd2009_01.jpg 0x0
rect:247 25 67 359 81
SumatraInd2009_02.jpg 0x0
rect:168 88 145 196 41
WhittierNarrows1987_01.jpg 0x0
rect:15 30 836 282 10
WhittierNarrows1987_02.jpg 0x0
rect:124 359 88 369 41
WhittierNarrows1987_03.jpg 0x0
rect:359 154 124 265 32
WhittierNarrows1987_04.jpg 0x0
rect:244 40 84 183 41
rect:267 8 222 83 6
rect:242 15 333 128 100
YogyakartaInd2006_01.jpg 0x0
rect:267 39 273 220 32
rect:208 -17 424 632 29
rect:329 133 331 72 49
YogyakartaInd2006_02.jpg 0x0
rect:286 88 64 145 69
rect:273 106 83 249 70
rect:304 53 110 327 98
