Anchorage1964_01.jpg 0x0
rect:90 8 211 167 1
rect:78 439 284 181 1
Anchorage1964_02.jpg 0x0
rect:89 35 95 18 6
rect:258 341 22 87 3
rect:108 210 24 21 6
rect:36 251 171 50 5
rect:403 329 12 52 3
rect:320 178 16 45 3
rect:174 323 324 82 2
rect:116 135 64 53 7
rect:386 288 24 71 3
rect:443 277 35 65 3
rect:264 295 21 55 3
rect:230 95 92 99 4
rect:457 351 13 65 3
rect:38 25 200 30 5
rect:220 312 23 55 3
rect:484 80 118 79 8
rect:87 273 46 13 6
rect:520 217 80 72 4
rect:171 40 266 107 4
Anchorage1964_03.jpg 0x0
rect:2 291 285 100 9
rect:336 76 291 253 9
rect:0 225 480 63 10
Anchorage1964_04.jpg 0x0
rect:129 573 34 24 5
rect:145 120 41 18 5
rect:309 165 31 20 5
rect:191 225 27 16 5
rect:293 157 18 30 1
rect:334 382 21 21 5
rect:173 250 24 17 5
rect:447 216 29 16 5
rect:145 182 25 20 5
rect:198 180 31 27 5
rect:299 206 15 26 1
rect:217 464 55 21 2
rect:294 82 43 15 5
rect:278 157 18 20 1
rect:227 420 20 33 1
rect:273 166 27 19 5
rect:198 299 21 22 1
rect:217 56 32 14 5
rect:115 307 40 12 5
rect:246 240 30 17 5
rect:402 194 34 18 5
rect:172 267 27 29 1
rect:236 300 33 23 5
rect:338 398 25 19 5
rect:353 571 24 14 5
rect:264 326 9 1 1
rect:136 284 37 14 5
rect:365 39 39 15 5
rect:126 24 27 17 5
rect:348 208 15 25 1
rect:262 421 15 24 1
rect:358 382 20 31 1
rect:364 207 15 27 1
rect:224 454 27 25 1
rect:384 77 32 17 5
rect:309 238 25 20 5
rect:156 488 34 17 5
rect:155 162 24 20 5
rect:309 283 28 26 8
Anchorage1964_05.jpg 0x0
rect:562 140 51 78 1
rect:40 234 23 31 1
rect:253 45 114 23 5
rect:433 325 68 68 1
rect:500 255 46 24 11
rect:72 90 30 44 1
rect:60 168 21 30 1
rect:783 248 57 23 6
rect:544 1 43 71 1
rect:213 155 81 25 5
rect:527 109 41 63 1
rect:780 438 57 31 5
rect:79 103 17 62 1
rect:710 253 57 42 5
rect:131 20 22 53 1
rect:500 318 53 81 8
rect:130 31 118 60 6
rect:26 559 25 66 1
rect:393 148 163 63 2
rect:381 20 33 59 1
rect:176 191 140 50 6
rect:632 439 47 86 8
rect:601 104 45 81 1
rect:646 270 46 14 6
rect:54 263 21 42 1
rect:290 201 22 21 11
rect:562 207 28 46 1
rect:72 140 27 42 1
rect:40 411 22 66 1
Anchorage1964_06.jpg 0x0
rect:134 97 237 426 12
rect:164 115 87 216 3
rect:185 235 94 61 11
Anchorage1964_07.jpg 0x0
rect:190 2 128 65 2
rect:398 125 46 96 13
rect:7 275 496 24 14
rect:196 119 201 109 11
rect:362 243 104 88 11
rect:408 190 430 230 2
rect:19 301 234 44 11
rect:9 72 570 394 2
rect:322 109 49 135 3
Anchorage1964_08.jpg 0x0
rect:415 31 95 108 1
rect:39 69 129 119 1
rect:229 342 126 87 1
rect:42 381 129 122 1
rect:51 366 94 76 1
rect:428 595 120 89 1
Anchorage1964_09.jpg 0x0
rect:481 90 118 23 15
rect:411 39 94 64 8
rect:279 191 69 57 1
rect:591 122 116 23 15
rect:11 16 80 13 16
rect:513 10 270 17 15
rect:553 244 1 1 16
rect:12 184 19 12 16
rect:110 221 78 79 1
rect:15 15 507 11 15
rect:382 123 56 83 1
rect:102 288 78 64 8
rect:648 242 63 53 8
rect:13 166 79 20 15
rect:115 37 58 92 8
rect:793 9 128 8 16
rect:158 168 376 10 15
rect:670 159 91 71 1
rect:46 144 42 12 16
Anchorage1964_10.jpg 0x0
rect:245 220 89 113 17
rect:51 132 349 390 1
rect:208 164 160 102 18
rect:65 277 274 149 18
Anchorage1964_11.jpg 0x0
rect:758 125 158 108 1
rect:92 560 576 14 14
rect:134 183 403 101 2
rect:281 178 359 19 15
rect:131 78 192 129 4
rect:606 5 89 39 1
rect:292 186 279 36 11
rect:69 452 509 20 14
Anchorage1964_12.jpg 0x0
rect:325 67 39 205 3
rect:370 75 170 148 11
rect:145 141 31 127 3
rect:260 107 63 253 3
rect:15 93 568 233 2
Anchorage1964_13.jpg 0x0
rect:366 515 130 12 19
rect:422 430 202 20 2
rect:499 394 39 196 20
Anchorage1964_14.jpg 0x0
rect:8 459 234 83 11
rect:186 299 83 107 21
rect:137 438 42 48 22
rect:45 663 45 78 22
rect:85 227 166 40 15
rect:301 450 144 93 23
rect:16 789 34 61 22
rect:358 12 88 235 11
rect:300 308 161 39 15
rect:88 519 27 83 22
rect:225 11 95 485 20
rect:489 6 73 164 11
Anchorage1964_15.jpg 0x0
rect:362 368 101 49 24
rect:187 7 96 54 4
rect:179 114 39 73 11
rect:192 96 69 577 20
rect:225 111 38 103 25
rect:431 218 163 46 11
rect:208 338 177 61 2
rect:280 200 186 37 15
rect:511 7 74 77 4
Anchorage1964_16.jpg 0x0
rect:619 232 126 165 2
rect:205 191 212 153 11
rect:10 124 136 179 2
rect:148 107 248 93 2
rect:110 426 80 140 11
rect:17 298 76 62 2
Anchorage1964_17.jpg 0x0
rect:12 102 304 90 9
rect:10 213 847 194 10
rect:258 52 176 174 9
Anchorage1964_18.jpg 0x0
rect:131 191 85 145 4
rect:364 390 405 23 15
rect:131 281 22 45 11
rect:289 337 27 72 11
rect:398 185 87 92 4
rect:139 214 95 34 11
rect:376 270 46 24 2
rect:625 226 43 18 2
rect:486 125 86 109 4
rect:383 258 88 24 2
Anchorage1964_19.jpg 0x0
rect:570 116 8 18 26
rect:717 128 10 8 26
rect:600 221 8 13 26
rect:215 83 48 34 26
rect:268 332 62 63 26
rect:358 151 10 25 26
rect:432 94 13 30 26
rect:6 301 52 168 26
rect:432 152 50 44 28
rect:459 73 35 76 29
rect:242 129 29 38 27
rect:413 88 31 19 26
rect:350 179 42 28 28
rect:33 281 33 76 27
rect:413 118 20 42 29
rect:484 268 15 26 26
rect:393 76 49 145 29
rect:396 242 20 37 26
Anchorage1964_20.jpg 0x0
rect:221 82 139 122 29
rect:164 122 73 55 26
rect:230 539 65 151 26
rect:185 117 87 52 27
rect:372 661 46 94 26
Anchorage1964_21.jpg 0x0
rect:63 309 35 34 26
rect:2 72 55 38 26
rect:-7 52 64 192 29
rect:187 216 415 144 30
Bingol2003_01.jpg 0x0
rect:465 157 102 79 6
rect:683 252 134 205 31
rect:556 473 208 75 6
rect:357 152 59 73 33
rect:21 300 90 46 33
rect:746 327 74 53 6
rect:434 282 40 66 34
rect:547 412 68 86 33
rect:867 246 77 70 33
rect:643 402 62 53 33
rect:2 289 631 274 10
rect:477 482 108 85 6
rect:485 400 41 145 32
rect:279 73 92 34 6
rect:671 81 116 200 31
rect:366 81 68 70 6
rect:611 224 44 69 6
rect:205 171 49 86 33
rect:348 197 48 96 34
Bingol2003_02.jpg 0x0
rect:250 275 639 640 31
rect:157 104 569 211 34
rect:94 571 128 247 32
rect:614 69 134 87 36
rect:372 300 577 117 35
rect:358 423 66 93 6
rect:570 441 133 77 26
rect:203 211 71 331 32
Bingol2003_03.jpg 0x0
rect:416 247 277 64 11
rect:551 236 319 424 4
rect:151 37 138 123 33
rect:113 30 189 46 2
rect:1027 483 227 493 2
rect:545 -10 313 284 4
rect:434 161 373 137 2
Bingol2003_04.jpg 0x0
rect:81 600 122 74 2
rect:87 573 36 61 3
rect:92 418 24 54 3
rect:250 326 110 129 4
rect:335 299 49 128 3
rect:202 661 40 80 3
rect:200 422 294 221 2
rect:374 547 82 79 2
CanterburyNZSeries2010_01.jpg 0x0
rect:124 137 149 288 12
CanterburyNZSeries2010_02.jpg 0x0
rect:55 58 154 299 6
rect:34 11 189 196 37
CanterburyNZSeries2010_03.jpg 0x0
rect:56 80 469 146 38
CanterburyNZSeries2010_04.jpg 0x0
rect:238 418 29 54 40
rect:312 366 14 43 40
rect:262 9 86 160 42
rect:321 528 17 49 40
rect:352 270 63 92 40
rect:248 262 28 146 40
rect:216 566 66 279 41
rect:232 319 193 297 39
CanterburyNZSeries2010_05.jpg 0x0
rect:269 294 249 424 4
rect:317 230 147 137 15
CanterburyNZSeries2010_06.jpg 0x0
rect:323 248 199 106 2
rect:66 94 796 650 4
CanterburyNZSeries2010_08.jpg 0x0
rect:573 328 68 152 44
rect:953 585 51 178 44
rect:741 635 29 166 32
rect:489 185 220 308 43
CanterburyNZSeries2010_09.jpg 0x0
rect:219 126 241 161 45
rect:222 334 171 280 39
CanterburyNZSeries2010_10.jpg 0x0
rect:189 218 356 273 6
rect:344 238 199 101 46
rect:246 326 192 103 6
rect:334 211 285 119 7
CanterburyNZSeries2010_11.jpg 0x0
rect:393 155 402 146 7
rect:249 313 219 260 5
CanterburyNZSeries2010_12.jpg 0x0
rect:58 255 710 253 2
rect:203 400 192 56 11
rect:513 511 170 52 11
rect:5 275 929 441 47
CanterburyNZSeries2010_13.jpg 0x0
rect:195 13 302 820 12
rect:328 168 87 528 11
Caracas1967_01.jpg 0x0
rect:230 127 11 68 48
rect:254 162 69 67 48
rect:313 59 150 185 48
rect:235 162 43 98 48
Caracas1967_02.jpg 0x0
rect:125 340 43 40 50
rect:163 171 228 312 51
rect:195 1 135 112 15
rect:134 494 32 78 49
Caracas1967_03.jpg 0x0
rect:19 434 324 77 6
rect:186 52 64 96 14
rect:337 339 37 132 27
rect:211 339 95 185 34
rect:365 406 46 93 26
rect:337 476 33 49 27
Caracas1967_04.jpg 0x0
rect:180 452 51 143 26
rect:148 380 15 90 27
rect:137 311 176 125 34
Caracas1967_05.jpg 0x0
rect:317 145 51 306 40
rect:60 303 257 234 52
rect:163 466 57 197 40
rect:255 184 71 231 40
rect:47 96 322 623 41
rect:75 338 64 311 40
rect:303 290 188 114 52
rect:193 362 71 233 40
rect:40 103 378 469 48
rect:361 162 58 123 40
Caracas1967_06.jpg 0x0
rect:255 364 59 37 6
rect:322 76 323 310 7
Caracas1967_07.jpg 0x0
rect:179 119 145 255 34
rect:492 7 100 374 34
rect:389 309 161 307 34
rect:456 231 95 83 53
rect:563 291 108 74 53
rect:505 55 33 195 27
rect:159 130 34 238 27
Caracas1967_08.jpg 0x0
rect:220 262 67 125 54
rect:240 378 74 96 55
rect:389 272 105 150 54
Caracas1967_09.jpg 0x0
rect:64 240 79 62 48
rect:23 247 64 62 48
rect:116 152 75 66 48
rect:396 15 301 110 48
Caracas1967_10.jpg 0x0
rect:283 291 88 212 40
rect:29 157 264 247 41
rect:393 195 93 182 40
rect:22 122 598 412 48
Caracas1967_11.jpg 0x0
rect:278 14 173 236 41
rect:42 266 265 583 41
rect:40 14 491 831 48
Caracas1967_12.jpg 0x0
rect:489 207 29 52 34
rect:222 297 34 47 56
rect:621 375 20 55 32
rect:890 343 17 67 32
Caracas1967_13.jpg 0x0
rect:127 311 97 264 55
Caracas1967_14.jpg 0x0
rect:84 144 636 204 57
rect:151 202 345 52 6
Chichi1999_01.jpg 0x0
rect:245 131 38 246 42
rect:3 7 588 158 58
Chichi1999_02.jpg 0x0
rect:6 99 284 214 58
rect:445 146 219 465 59
Chichi1999_03.jpg 0x0
rect:62 118 62 87 60
rect:0 138 597 191 58
Chichi1999_04.jpg 0x0
rect:193 -20 62 131 48
rect:199 222 32 69 52
rect:244 209 80 271 48
Chichi1999_05.jpg 0x0
rect:412 121 52 37 41
rect:398 349 33 26 41
rect:448 127 73 252 48
rect:430 143 27 86 52
Chichi1999_06.jpg 0x0
rect:455 -11 92 73 61
rect:190 15 510 127 10
rect:260 171 58 96 48
rect:445 167 39 72 41
rect:462 274 21 30 52
rect:337 116 68 70 62
Chichi1999_07.jpg 0x0
rect:504 282 12 26 64
rect:44 217 705 130 63
rect:270 161 51 103 48
rect:142 204 58 134 48
rect:170 178 32 60 64
rect:498 155 38 26 64
rect:468 273 35 78 48
Chichi1999_08.jpg 0x0
rect:135 15 597 577 10
Chichi1999_09.jpg 0x0
rect:245 104 144 93 41
rect:264 54 132 124 48
rect:240 98 49 82 40
rect:159 89 27 68 40
Chichi1999_10.jpg 0x0
rect:183 17 690 381 10
Chichi1999_11.jpg 0x0
rect:2 176 208 434 10
rect:122 275 123 127 65
Chichi1999_12.jpg 0x0
rect:10 20 555 572 66
Chichi1999_13.jpg 0x0
rect:42 36 587 354 10
Chichi1999_14.jpg 0x0
rect:78 388 44 60 67
rect:94 444 32 40 67
rect:132 219 43 57 67
rect:291 457 23 29 39
rect:130 406 37 56 67
rect:435 378 39 54 67
rect:159 345 42 74 67
rect:282 456 26 41 39
rect:203 205 22 49 67
rect:348 531 94 63 67
rect:194 453 21 34 67
rect:131 538 25 53 67
rect:384 204 36 41 39
rect:133 159 93 51 67
rect:87 392 77 46 67
rect:269 385 30 48 39
rect:179 325 39 58 67
Chichi1999_15.jpg 0x0
rect:236 28 247 434 41
Chichi1999_16.jpg 0x0
rect:181 146 67 173 32
Chichi1999_17.jpg 0x0
rect:126 377 31 48 32
Chichi1999_18.jpg 0x0
rect:146 322 28 90 69
rect:328 268 37 107 69
rect:185 314 39 93 69
rect:147 170 119 439 68
rect:215 391 51 114 70
rect:277 303 31 120 69
Chichi1999_19.jpg 0x0
rect:228 27 239 453 2
rect:254 94 174 233 3
YogyakartaInd2006_03.jpg 0x0
rect:226 30 107 2 15
rect:424 69 121 66 15
rect:385 442 60 35 16
rect:386 80 68 37 16
rect:180 194 82 40 15
rect:269 117 28 7 16
rect:255 395 272 30 15
rect:259 214 343 173 71
Chichi1999_20.jpg 0x0
rect:304 391 41 134 41
rect:127 162 93 250 42
Chichi1999_21.jpg 0x0
rect:70 273 136 89 5
rect:442 150 205 118 6
rect:306 46 222 222 37
rect:236 398 66 162 6
rect:226 78 158 359 72
rect:226 388 157 127 37
rect:14 4 186 200 30
rect:354 6 117 86 57
Chichi1999_22.jpg 0x0
rect:238 205 16 16 73
rect:179 194 10 25 73
rect:162 183 369 180 10
rect:445 317 18 24 73
Chichi1999_23.jpg 0x0
rect:284 217 29 22 26
rect:134 203 53 49 73
rect:335 203 58 71 73
rect:177 230 22 19 34
rect:343 245 31 24 27
rect:79 426 44 72 73
rect:194 238 87 82 73
rect:95 246 52 67 34
rect:368 281 37 71 34
rect:3 69 547 197 74
Chichi1999_24.jpg 0x0
rect:3 320 263 238 74
rect:165 139 32 60 46
rect:188 135 132 80 75
rect:430 245 1 2 46
rect:201 238 56 55 34
Chichi1999_25.jpg 0x0
rect:148 433 46 54 26
rect:134 237 145 223 73
rect:119 247 101 213 34
Chichi1999_26.jpg 0x0
rect:325 15 58 25 73
rect:142 513 89 64 26
rect:155 129 55 139 73
rect:109 364 129 89 27
rect:296 289 99 509 76
rect:86 499 147 124 73
Chichi1999_27.jpg 0x0
rect:219 168 101 288 32
Chichi1999_28.jpg 0x0
rect:326 246 165 152 77
rect:24 50 333 123 6
rect:331 155 140 207 75
rect:120 105 117 278 5
Chichi1999_29.jpg 0x0
rect:151 209 99 206 40
rect:233 276 102 165 52
rect:128 248 236 341 48
Chichi1999_30.jpg 0x0
rect:237 192 165 50 78
rect:255 104 330 226 40
rect:30 295 131 127 73
rect:272 188 217 78 52
Chichi1999_31.jpg 0x0
rect:207 110 158 214 79
rect:406 113 48 214 48
Chichi1999_32.jpg 0x0
rect:148 55 42 133 81
rect:347 190 37 135 39
rect:218 197 38 131 81
rect:108 8 106 441 80
Chichi1999_33.jpg 0x0
rect:224 82 68 245 56
rect:303 157 31 102 49
rect:156 184 48 97 49
rect:266 101 105 208 32
rect:63 67 172 543 33
rect:144 99 64 217 32
Chichi1999_34.jpg 0x0
rect:103 90 476 418 10
Duzce1999_01.jpg 0x0
rect:147 114 73 152 41
rect:119 59 105 274 39
Duzce1999_02.jpg 0x0
rect:92 44 151 486 41
Duzce1999_03.jpg 0x0
rect:79 113 104 202 42
rect:0 186 101 166 31
rect:234 154 86 260 31
Gediz1970_01.jpg 0x0
rect:187 307 73 161 69
rect:157 109 282 667 68
rect:147 373 123 325 69
Guatemala1976_01.jpg 0x0
rect:551 162 71 67 41
rect:69 179 44 47 41
rect:37 134 102 81 48
rect:31 122 519 122 82
rect:541 192 148 167 48
rect:64 194 46 58 52
Guatemala1976_02.jpg 0x0
rect:201 85 202 193 48
rect:208 63 131 75 40
Guatemala1976_03.jpg 0x0
rect:18 80 828 354 75
Guatemala1976_04.jpg 0x0
rect:50 52 519 237 30
rect:786 136 118 336 4
rect:396 245 101 206 4
rect:163 19 274 88 30
Guatemala1976_05.jpg 0x0
rect:197 137 396 104 41
rect:104 82 324 244 48
rect:196 128 423 231 40
Guatemala1976_06.jpg 0x0
rect:146 107 238 497 39
Guatemala1976_07.jpg 0x0
rect:247 680 91 63 83
rect:29 188 532 516 10
rect:24 259 49 74 6
Guatemala1976_08.jpg 0x0
rect:242 82 126 301 40
rect:177 73 410 379 41
rect:152 24 297 311 48
Guatemala1976_09.jpg 0x0
rect:679 298 39 69 84
rect:117 256 30 25 84
rect:380 329 58 34 85
rect:116 251 34 28 85
rect:835 275 69 64 85
rect:149 243 61 70 85
rect:204 391 41 32 84
rect:441 233 44 53 84
Guatemala1976_10.jpg 0x0
rect:221 210 242 232 86
rect:402 282 35 152 87
rect:215 102 213 173 87
Guatemala1976_11.jpg 0x0
rect:143 178 119 159 34
GujaratIndia2001_01.jpg 0x0
rect:41 322 177 124 4
rect:323 421 44 54 11
rect:75 465 90 39 2
rect:139 442 196 100 2
Haiti2010_01.jpg 0x0
rect:362 326 30 112 40
rect:225 156 214 257 41
rect:588 360 139 203 4
rect:656 279 97 110 4
rect:126 52 122 121 7
Haiti2010_02.jpg 0x0
rect:36 69 591 247 88
rect:327 38 184 47 14
Haiti2010_03.jpg 0x0
rect:226 675 243 274 89
rect:280 663 73 50 49
rect:364 1 55 496 32
rect:271 442 273 156 32
Haiti2010_04.jpg 0x0
rect:285 47 272 333 34
rect:140 283 333 360 41
rect:2 103 245 144 6
Haiti2010_05.jpg 0x0
rect:200 137 286 331 90
rect:449 330 44 112 40
rect:230 195 21 70 40
rect:342 253 139 94 52
Haiti2010_06.jpg 0x0
rect:512 306 91 198 32
rect:632 215 85 107 34
rect:401 196 741 515 91
rect:329 134 143 432 33
rect:251 241 46 45 34
rect:191 256 314 296 91
rect:481 209 76 39 6
ImperialValley1979_01.jpg 0x0
rect:12 364 101 137 32
rect:71 282 125 83 50
rect:369 367 28 36 32
rect:368 399 71 38 32
rect:377 260 17 20 49
rect:429 264 25 48 50
rect:412 387 52 23 49
rect:14 437 70 89 49
rect:381 303 55 77 50
rect:608 389 48 40 32
rect:452 338 18 23 49
ImperialValley1979_02.jpg 0x0
rect:292 218 41 152 50
rect:291 204 162 50 49
rect:269 69 154 198 32
rect:154 226 264 58 92
rect:203 163 71 180 50
rect:289 100 93 138 50
ImperialValley1979_03.jpg 0x0
rect:100 311 111 184 50
rect:176 297 241 242 32
rect:148 172 215 115 32
rect:227 297 90 220 50
rect:244 404 64 119 50
rect:134 434 362 38 92
rect:78 360 356 51 92
Izmit1999_01.jpg 0x0
rect:434 198 63 81 26
rect:166 94 370 332 34
rect:210 107 71 202 27
rect:261 232 37 79 27
rect:321 136 38 139 27
Izmit1999_02.jpg 0x0
rect:22 119 810 291 10
Izmit1999_03.jpg 0x0
rect:270 91 40 288 50
rect:485 85 33 240 50
rect:556 69 54 336 50
rect:224 253 343 47 92
rect:118 76 70 364 50
rect:193 57 197 425 32
rect:158 42 333 474 93
rect:192 174 33 260 50
Izmit1999_04.jpg 0x0
rect:69 439 61 95 41
rect:285 104 62 60 41
rect:379 250 23 48 40
rect:231 87 86 93 48
rect:60 422 57 48 34
rect:313 357 112 93 41
rect:124 700 254 133 88
rect:164 278 168 57 88
rect:62 467 27 106 42
rect:378 261 24 56 40
Izmit1999_05.jpg 0x0
rect:78 30 790 507 10
Izmit1999_06.jpg 0x0
rect:280 368 53 165 50
rect:64 334 86 190 50
rect:193 262 81 237 50
rect:115 230 124 63 49
rect:347 211 55 147 50
rect:143 172 221 399 32
Izmit1999_07.jpg 0x0
rect:293 164 81 63 3
rect:260 163 27 112 3
rect:28 106 476 517 2
rect:311 274 107 302 4
rect:466 49 135 34 6
rect:115 380 34 139 3
rect:158 280 55 107 3
Izmit1999_08.jpg 0x0
rect:401 6 72 84 45
rect:661 97 46 31 52
rect:111 118 83 84 41
rect:183 492 113 79 45
rect:161 29 113 138 34
rect:208 310 163 89 88
rect:416 69 97 56 41
Izmit1999_09.jpg 0x0
rect:60 250 40 50 41
rect:279 181 77 84 41
rect:310 261 56 30 41
rect:769 253 46 58 41
rect:349 236 94 121 94
rect:811 268 79 86 94
Izmit1999_10.jpg 0x0
rect:182 517 110 38 78
rect:214 87 129 145 40
rect:133 148 86 201 40
rect:107 138 421 583 41
rect:38 285 439 45 78
rect:300 569 54 98 40
rect:234 662 93 109 40
rect:237 166 50 194 40
rect:84 152 103 228 40
rect:332 547 95 28 78
rect:134 230 247 75 78
Izmit1999_11.jpg 0x0
rect:279 333 59 174 40
rect:238 574 139 112 41
rect:172 179 72 181 40
rect:113 391 58 118 40
rect:253 193 144 169 41
Izmit1999_12.jpg 0x0
rect:102 64 31 22 6
rect:359 128 39 36 6
rect:318 269 63 83 41
rect:296 198 57 121 42
rect:38 308 84 114 94
rect:81 199 37 63 40
rect:640 139 259 190 91
rect:14 78 51 18 6
rect:309 24 63 43 34
rect:373 210 48 61 7
rect:1 197 31 40 41
rect:350 325 47 123 52
rect:52 239 47 53 52
rect:139 194 91 56 88
rect:413 379 100 141 41
rect:318 357 123 175 94
rect:355 86 30 80 41
rect:354 133 56 93 45
Izmit1999_13.jpg 0x0
rect:109 223 108 121 94
rect:357 143 95 186 41
rect:213 231 33 103 41
rect:335 102 51 138 41
rect:5 104 76 232 42
rect:161 287 95 77 52
rect:184 313 35 98 41
rect:118 112 57 44 6
rect:209 77 209 341 48
Izmit1999_14.jpg 0x0
rect:510 57 81 59 34
rect:243 358 56 43 34
rect:417 7 117 70 35
rect:315 42 54 57 95
rect:60 162 119 50 34
rect:444 402 81 39 34
rect:534 149 91 90 35
rect:309 246 100 35 34
rect:394 338 46 24 34
Izmit1999_15.jpg 0x0
rect:196 142 184 282 42
Izmit1999_16.jpg 0x0
rect:74 56 496 386 33
rect:93 87 296 392 39
rect:134 118 161 164 41
rect:254 108 37 101 40
Izmit1999_17.jpg 0x0
rect:117 156 186 205 41
Izmit1999_18.jpg 0x0
rect:218 129 108 295 39
rect:200 196 104 164 41
Izmit1999_19.jpg 0x0
rect:442 119 22 72 50
rect:201 76 285 297 96
rect:214 172 267 224 32
rect:394 157 25 104 50
Kobe1995_01.jpg 0x0
rect:30 167 798 104 63
Kobe1995_02.jpg 0x0
rect:2 51 449 601 68
Kobe1995_03.jpg 0x0
rect:34 58 632 781 10
Kobe1995_04.jpg 0x0
rect:237 351 58 57 41
Kobe1995_05.jpg 0x0
rect:43 296 560 60 78
rect:172 113 226 438 52
rect:4 208 149 598 40
rect:81 687 331 161 78
rect:268 135 187 555 40
Kobe1995_06.jpg 0x0
rect:155 466 255 326 42
rect:70 174 492 613 41
Kobe1995_07.jpg 0x0
rect:305 117 32 37 39
rect:209 277 25 34 39
rect:181 149 29 46 39
rect:369 379 33 45 39
rect:486 130 36 32 39
rect:241 308 39 27 39
rect:120 124 31 53 39
rect:124 313 36 43 39
rect:231 136 29 31 39
rect:364 267 39 59 39
rect:548 208 45 50 39
rect:350 332 34 32 39
rect:419 317 37 31 39
rect:264 569 55 43 39
rect:43 413 35 33 39
rect:157 382 32 42 39
rect:539 226 33 38 39
rect:302 216 40 36 39
rect:281 264 29 47 39
rect:110 262 36 32 39
rect:36 350 51 42 39
rect:375 224 36 27 39
rect:179 342 28 27 39
rect:266 241 30 37 39
rect:333 566 36 34 39
rect:221 241 40 62 39
Kobe1995_08.jpg 0x0
rect:272 69 445 249 97
Kobe1995_09.jpg 0x0
rect:134 517 67 47 88
rect:177 510 207 60 97
rect:126 502 53 62 88
rect:92 543 88 68 88
SanSalvador_1986_01.jpg 0x0
rect:65 3 134 271 68
rect:302 154 113 173 41
SanSalvador_1986_02.jpg 0x0
rect:505 228 41 56 41
rect:130 212 26 32 41
rect:288 189 51 45 41
rect:321 94 17 29 41
rect:231 214 33 24 41
rect:527 209 29 40 41
rect:571 183 42 45 42
rect:133 318 40 52 41
rect:284 287 34 45 41
SikkimIndia2001_01.jpg 0x0
rect:220 125 141 91 34
SikkimIndia2001_02.jpg 0x0
rect:11 168 57 41 54
rect:222 83 239 349 33
rect:319 171 88 44 16
rect:364 133 91 194 33
rect:8 7 369 80 16
rect:-18 2 389 83 33
rect:394 131 88 42 16
rect:543 295 84 19 16
SikkimIndia2001_03.jpg 0x0
rect:186 12 228 554 98
rect:275 231 118 126 70
rect:247 83 72 203 69
SikkimIndia2001_04.jpg 0x0
rect:487 241 271 132 99
rect:258 161 149 125 34
rect:3 25 266 198 99
SumatraInd2009_01.jpg 0x0
rect:311 19 53 311 81
SumatraInd2009_02.jpg 0x0
rect:206 59 154 133 41
WhittierNarrows1987_01.jpg 0x0
rect:11 30 653 341 10
WhittierNarrows1987_02.jpg 0x0
rect:185 227 86 198 41
WhittierNarrows1987_03.jpg 0x0
rect:344 161 138 284 32
WhittierNarrows1987_04.jpg 0x0
rect:256 18 172 145 100
rect:224 39 108 152 41
rect:190 7 311 78 6
YogyakartaInd2006_01.jpg 0x0
rect:386 184 346 77 49
rect:186 30 269 195 32
rect:208 -26 333 479 29
YogyakartaInd2006_02.jpg 0x0
rect:318 74 58 148 70
rect:351 113 51 154 69
rect:272 65 104 562 98
