Anchorage1964_01.jpg 0x0
rect:84 9 172 183 1
rect:81 358 250 303 1
Anchorage1964_02.jpg 0x0
rect:95 219 45 14 6
rect:329 238 65 40 4
rect:306 240 26 45 3
rect:301 320 26 66 3
rect:209 40 250 73 4
rect:465 274 17 58 3
rect:223 316 27 83 3
rect:107 124 73 67 7
rect:370 349 19 50 3
rect:267 354 32 82 3
rect:112 152 18 21 6
rect:206 73 64 99 4
rect:362 358 15 48 3
rect:72 37 97 17 6
rect:32 31 109 42 5
rect:460 303 24 59 3
rect:193 256 433 108 2
rect:31 153 185 51 5
rect:659 86 136 112 8
Anchorage1964_03.jpg 0x0
rect:173 81 282 189 9
rect:2 207 227 103 9
rect:0 298 857 49 10
Anchorage1964_04.jpg 0x0
rect:148 296 46 18 5
rect:154 286 32 17 5
rect:173 414 24 20 5
rect:216 188 14 31 1
rect:365 459 26 19 5
rect:271 172 39 26 5
rect:428 355 38 22 5
rect:221 139 20 31 1
rect:291 316 12 31 1
rect:362 325 9 1 1
rect:272 227 24 18 5
rect:349 139 25 17 5
rect:346 202 16 32 1
rect:183 485 40 14 5
rect:235 44 36 15 5
rect:220 30 26 16 5
rect:286 377 27 17 5
rect:131 104 22 12 5
rect:421 558 38 17 5
rect:352 352 20 34 1
rect:414 167 36 15 5
rect:309 174 14 25 1
rect:312 320 27 22 1
rect:182 95 27 18 5
rect:156 189 37 23 5
rect:219 275 12 23 1
rect:183 207 19 18 5
rect:270 267 29 19 5
rect:381 113 36 18 5
rect:299 183 18 31 1
rect:345 27 28 24 5
rect:215 221 29 13 5
rect:184 219 20 19 8
rect:182 182 36 13 5
rect:330 498 19 21 1
rect:260 327 15 17 1
rect:209 58 26 16 5
rect:153 406 49 21 2
rect:455 218 36 20 5
Anchorage1964_05.jpg 0x0
rect:567 31 41 65 1
rect:43 246 23 38 1
rect:428 170 52 23 11
rect:353 195 160 74 2
rect:101 344 20 56 1
rect:52 182 17 54 1
rect:436 331 58 74 8
rect:180 177 104 42 6
rect:117 27 23 29 1
rect:70 92 32 43 1
rect:173 203 156 24 5
rect:57 311 27 42 1
rect:68 89 22 47 1
rect:263 171 19 27 11
rect:352 334 38 69 1
rect:642 128 53 70 1
rect:780 307 52 16 6
rect:88 221 22 51 1
rect:756 363 50 14 6
rect:172 45 100 35 5
rect:302 203 40 57 1
rect:444 466 59 80 8
rect:508 104 48 74 1
rect:445 252 55 38 5
rect:549 1 39 51 1
rect:41 373 19 54 1
rect:540 397 49 37 5
rect:221 34 102 37 6
rect:414 235 44 77 1
Anchorage1964_06.jpg 0x0
rect:216 109 115 311 3
rect:142 287 61 113 11
rect:118 96 162 454 12
Anchorage1964_07.jpg 0x0
rect:245 131 197 126 11
rect:374 94 62 108 3
rect:244 194 49 104 13
rect:295 323 390 145 2
rect:20 180 252 38 11
rect:8 70 830 533 2
rect:8 331 422 35 14
rect:453 154 102 97 11
rect:185 2 145 69 2
Anchorage1964_08.jpg 0x0
rect:341 273 87 144 1
rect:400 33 88 96 1
rect:62 288 122 118 1
rect:46 432 129 126 1
rect:288 430 127 87 1
rect:43 67 172 83 1
Anchorage1964_09.jpg 0x0
rect:462 29 99 57 8
rect:720 127 97 92 1
rect:78 380 66 59 8
rect:51 116 56 10 16
rect:120 42 57 92 8
rect:180 129 48 87 1
rect:487 151 115 13 15
rect:591 8 247 9 15
rect:18 116 23 8 16
rect:563 156 1 1 16
rect:465 200 57 74 1
rect:80 116 93 53 1
rect:17 19 79 14 16
rect:16 13 323 11 15
rect:612 11 108 8 16
rect:186 112 241 11 15
rect:16 156 75 14 15
rect:378 105 74 27 15
rect:426 275 97 85 8
Anchorage1964_10.jpg 0x0
rect:214 142 243 74 18
rect:68 346 307 119 18
rect:274 324 95 90 17
rect:72 207 309 325 1
Anchorage1964_11.jpg 0x0
rect:559 143 149 103 1
rect:142 56 129 109 4
rect:229 139 306 23 15
rect:87 361 719 20 14
rect:89 554 534 16 14
rect:743 8 145 30 1
rect:73 189 416 87 2
rect:215 155 209 40 11
Anchorage1964_12.jpg 0x0
rect:9 61 649 190 2
rect:274 86 57 255 3
rect:293 76 208 168 11
rect:336 86 53 245 3
rect:155 219 29 101 3
Anchorage1964_13.jpg 0x0
rect:291 420 189 28 2
rect:344 445 114 17 19
rect:437 460 23 211 20
Anchorage1964_14.jpg 0x0
rect:173 351 75 68 21
rect:278 10 75 208 11
rect:243 15 91 537 20
rect:11 610 251 59 11
rect:49 398 64 63 22
rect:296 736 131 65 23
rect:489 6 82 109 11
rect:23 684 28 64 22
rect:85 198 182 45 15
rect:79 543 29 67 22
rect:180 684 49 41 22
rect:321 305 186 72 15
Anchorage1964_15.jpg 0x0
rect:348 111 57 120 25
rect:414 257 140 56 11
rect:211 94 77 332 20
rect:475 11 81 83 4
rect:248 10 88 57 4
rect:497 253 132 37 24
rect:180 159 41 66 11
rect:246 587 219 70 2
rect:182 279 117 49 15
Anchorage1964_16.jpg 0x0
rect:87 406 88 140 11
rect:256 212 352 256 11
rect:444 232 106 159 2
rect:12 299 59 87 2
rect:189 98 340 91 2
rect:13 90 175 236 2
Anchorage1964_17.jpg 0x0
rect:331 59 251 280 9
rect:9 138 901 164 10
rect:10 110 313 143 9
Anchorage1964_18.jpg 0x0
rect:155 262 23 60 11
rect:133 207 87 33 11
rect:619 179 81 78 4
rect:308 307 33 68 11
rect:341 349 33 16 2
rect:434 261 60 20 2
rect:426 120 96 91 4
rect:503 402 84 21 2
rect:124 240 62 75 4
rect:314 315 281 36 15
Anchorage1964_19.jpg 0x0
rect:592 118 28 48 29
rect:338 96 78 93 29
rect:303 102 42 103 29
rect:647 268 32 42 28
rect:377 121 60 43 26
rect:409 259 12 23 26
rect:558 227 8 9 26
rect:351 315 43 89 26
rect:434 157 24 35 26
rect:502 211 21 34 26
rect:5 302 82 176 26
rect:582 142 47 45 28
rect:598 123 7 17 26
rect:384 183 11 31 26
rect:314 136 17 41 26
rect:23 189 41 90 27
rect:746 115 6 9 26
rect:349 85 24 32 27
Anchorage1964_20.jpg 0x0
rect:556 596 37 63 26
rect:147 88 59 63 27
rect:224 72 127 189 29
rect:181 104 67 46 26
rect:270 577 66 171 26
Anchorage1964_21.jpg 0x0
rect:2 81 52 48 26
rect:-5 92 75 159 29
rect:67 396 24 37 26
rect:161 162 743 145 30
Bingol2003_01.jpg 0x0
rect:632 338 75 71 6
rect:604 260 48 80 34
rect:173 121 86 26 6
rect:436 154 90 60 6
rect:529 160 73 76 33
rect:269 246 53 72 33
rect:393 354 74 96 6
rect:592 413 45 74 34
rect:697 393 95 43 33
rect:690 102 144 187 31
rect:117 187 80 65 33
rect:505 304 146 162 31
rect:22 187 60 57 33
rect:475 412 63 228 32
rect:540 471 202 77 6
rect:811 314 96 68 33
rect:356 71 96 92 6
rect:657 251 48 47 6
rect:2 382 852 270 10
Bingol2003_02.jpg 0x0
rect:88 473 213 238 32
rect:482 443 70 141 26
rect:153 127 358 161 34
rect:331 256 726 636 31
rect:563 286 309 133 35
rect:933 73 158 81 36
rect:172 234 104 394 32
rect:417 304 108 100 6
Bingol2003_03.jpg 0x0
rect:788 206 286 718 4
rect:123 26 180 45 2
rect:287 142 500 165 2
rect:1005 386 178 449 2
rect:144 46 104 91 33
rect:787 -9 263 154 4
rect:606 214 239 84 11
Bingol2003_04.jpg 0x0
rect:56 659 111 88 2
rect:308 643 150 103 2
rect:207 483 31 86 3
rect:291 547 37 104 3
rect:159 464 294 170 2
rect:136 420 34 75 3
rect:60 630 24 51 3
rect:215 291 207 140 4
CanterburyNZSeries2010_01.jpg 0x0
rect:73 103 157 399 12
CanterburyNZSeries2010_02.jpg 0x0
rect:46 63 139 302 6
rect:37 9 151 252 37
CanterburyNZSeries2010_03.jpg 0x0
rect:40 54 243 123 38
CanterburyNZSeries2010_04.jpg 0x0
rect:294 527 17 43 40
rect:243 208 149 406 39
rect:313 280 29 61 40
rect:234 11 71 122 42
rect:315 275 16 82 40
rect:318 249 20 172 40
rect:464 384 47 168 40
rect:187 310 117 285 41
CanterburyNZSeries2010_05.jpg 0x0
rect:354 402 273 297 4
rect:350 220 141 115 15
CanterburyNZSeries2010_06.jpg 0x0
rect:328 248 294 122 2
rect:54 109 803 596 4
CanterburyNZSeries2010_08.jpg 0x0
rect:377 138 215 259 43
rect:764 569 29 213 32
rect:927 555 52 151 44
rect:602 358 132 160 44
CanterburyNZSeries2010_09.jpg 0x0
rect:196 170 192 254 45
rect:336 396 152 368 39
CanterburyNZSeries2010_10.jpg 0x0
rect:264 119 343 108 7
rect:199 321 236 117 6
rect:322 344 186 101 46
rect:186 167 340 198 6
CanterburyNZSeries2010_11.jpg 0x0
rect:394 248 326 164 5
rect:248 283 354 165 7
CanterburyNZSeries2010_12.jpg 0x0
rect:5 308 1206 395 47
rect:188 476 202 33 11
rect:63 435 687 313 2
rect:655 432 217 62 11
CanterburyNZSeries2010_13.jpg 0x0
rect:204 13 511 545 12
rect:560 144 142 538 11
Caracas1967_01.jpg 0x0
rect:285 206 53 93 48
rect:379 69 163 198 48
rect:379 148 11 53 48
rect:419 125 91 123 48
Caracas1967_02.jpg 0x0
rect:127 349 47 41 50
rect:189 1 145 156 15
rect:216 206 268 301 51
rect:150 457 45 59 49
Caracas1967_03.jpg 0x0
rect:12 490 206 122 6
rect:213 89 99 128 14
rect:344 311 29 138 27
rect:294 327 34 78 27
rect:188 253 138 158 34
rect:272 274 84 90 26
Caracas1967_04.jpg 0x0
rect:169 443 21 76 27
rect:102 425 63 94 26
rect:144 298 143 180 34
Caracas1967_05.jpg 0x0
rect:164 460 56 262 40
rect:283 292 35 156 40
rect:83 447 248 175 52
rect:50 116 340 422 41
rect:435 196 42 323 40
rect:257 171 176 166 52
rect:74 235 75 272 40
rect:157 320 58 173 40
rect:29 102 294 677 48
rect:324 264 49 197 40
Caracas1967_06.jpg 0x0
rect:446 90 244 266 7
rect:367 298 100 64 6
Caracas1967_07.jpg 0x0
rect:244 137 34 184 27
rect:210 121 116 205 34
rect:373 324 102 88 53
rect:461 8 111 324 34
rect:421 59 22 240 27
rect:536 195 121 267 34
rect:395 540 83 65 53
Caracas1967_08.jpg 0x0
rect:247 276 67 131 54
rect:450 259 65 129 54
rect:229 255 63 81 55
Caracas1967_09.jpg 0x0
rect:74 157 46 58 48
rect:508 12 227 198 48
rect:160 193 87 70 48
rect:19 291 72 45 48
Caracas1967_10.jpg 0x0
rect:20 146 611 368 48
rect:390 244 58 200 40
rect:396 224 103 136 40
rect:46 209 262 252 41
Caracas1967_11.jpg 0x0
rect:74 323 303 648 41
rect:39 10 474 692 48
rect:293 16 226 277 41
Caracas1967_12.jpg 0x0
rect:891 318 18 46 32
rect:233 259 22 53 56
rect:691 291 17 56 32
rect:625 197 35 38 34
Caracas1967_13.jpg 0x0
rect:156 385 132 298 55
Caracas1967_14.jpg 0x0
rect:114 221 260 38 6
rect:141 94 791 221 57
Chichi1999_01.jpg 0x0
rect:4 9 780 195 58
rect:270 115 51 261 42
Chichi1999_02.jpg 0x0
rect:6 126 369 199 58
rect:432 81 155 497 59
Chichi1999_03.jpg 0x0
rect:0 108 980 230 58
rect:69 130 74 103 60
Chichi1999_04.jpg 0x0
rect:231 -17 58 109 48
rect:213 226 93 308 48
rect:168 276 23 60 52
Chichi1999_05.jpg 0x0
rect:350 187 48 88 52
rect:357 96 117 293 48
rect:315 116 59 56 41
rect:374 312 32 32 41
Chichi1999_06.jpg 0x0
rect:451 278 22 22 52
rect:657 163 42 74 41
rect:392 -12 106 66 61
rect:133 13 491 163 10
rect:405 175 49 120 48
rect:288 144 58 86 62
Chichi1999_07.jpg 0x0
rect:123 191 40 139 48
rect:42 184 750 112 63
rect:638 299 49 83 48
rect:349 167 35 153 48
rect:576 213 20 25 64
rect:334 225 22 33 64
rect:190 114 29 48 64
Chichi1999_08.jpg 0x0
rect:98 13 521 549 10
Chichi1999_09.jpg 0x0
rect:250 105 63 90 40
rect:186 122 120 96 41
rect:203 136 29 87 40
rect:169 67 169 231 48
Chichi1999_10.jpg 0x0
rect:150 15 421 422 10
Chichi1999_11.jpg 0x0
rect:2 163 242 597 10
rect:110 229 72 67 65
Chichi1999_12.jpg 0x0
rect:11 25 515 649 66
Chichi1999_13.jpg 0x0
rect:24 56 710 316 10
Chichi1999_14.jpg 0x0
rect:111 407 22 51 67
rect:131 485 36 42 67
rect:222 328 39 39 67
rect:109 490 50 55 67
rect:65 616 40 48 67
rect:326 557 26 24 39
rect:208 234 33 37 39
rect:207 390 30 52 67
rect:268 242 19 29 67
rect:89 359 37 61 67
rect:347 402 27 29 39
rect:126 244 110 42 67
rect:342 433 40 48 67
rect:434 631 67 56 67
rect:89 159 34 75 67
rect:116 603 34 42 67
rect:199 493 30 25 39
Chichi1999_15.jpg 0x0
rect:181 30 182 331 41
Chichi1999_16.jpg 0x0
rect:195 153 79 160 32
Chichi1999_17.jpg 0x0
rect:174 412 27 53 32
Chichi1999_18.jpg 0x0
rect:307 217 28 104 69
rect:205 362 45 111 70
rect:234 189 31 108 69
rect:148 259 177 331 68
rect:271 233 32 115 69
rect:192 281 19 112 69
Chichi1999_19.jpg 0x0
rect:277 116 179 343 3
rect:227 17 317 308 2
YogyakartaInd2006_03.jpg 0x0
rect:150 206 254 142 71
rect:512 100 66 29 16
rect:344 425 41 26 16
rect:321 71 127 59 15
rect:233 131 16 6 16
rect:309 188 88 23 15
rect:223 24 95 2 15
rect:192 498 212 36 15
Chichi1999_20.jpg 0x0
rect:210 280 70 208 41
rect:199 145 118 442 42
Chichi1999_21.jpg 0x0
rect:323 39 329 169 37
rect:16 4 241 178 30
rect:66 305 221 132 5
rect:566 7 102 98 57
rect:444 131 124 141 6
rect:258 135 273 336 72
rect:309 211 124 156 6
rect:142 204 212 128 37
Chichi1999_22.jpg 0x0
rect:257 139 306 106 10
rect:368 192 11 20 73
rect:234 251 14 18 73
rect:314 192 17 28 73
Chichi1999_23.jpg 0x0
rect:260 291 31 57 34
rect:123 377 32 107 34
rect:275 168 28 22 26
rect:286 198 57 66 73
rect:166 139 26 30 34
rect:106 159 72 51 73
rect:367 202 32 25 27
rect:3 51 516 241 74
rect:146 426 56 78 73
rect:249 343 65 112 73
Chichi1999_24.jpg 0x0
rect:170 223 37 74 46
rect:414 329 1 2 46
rect:249 297 83 39 34
rect:3 356 398 163 74
rect:221 160 173 101 75
Chichi1999_25.jpg 0x0
rect:240 387 38 81 26
rect:113 254 136 342 73
rect:218 318 94 166 34
Chichi1999_26.jpg 0x0
rect:172 555 59 55 26
rect:290 203 99 451 76
rect:327 15 45 22 73
rect:248 146 50 121 73
rect:130 484 108 122 73
rect:97 515 135 83 27
Chichi1999_27.jpg 0x0
rect:159 167 100 289 32
Chichi1999_28.jpg 0x0
rect:23 50 348 123 6
rect:308 174 206 300 75
rect:183 121 193 198 5
rect:350 275 281 151 77
Chichi1999_29.jpg 0x0
rect:173 289 86 141 40
rect:194 276 94 125 52
rect:128 157 234 353 48
Chichi1999_30.jpg 0x0
rect:29 314 71 213 73
rect:138 89 348 353 40
rect:176 180 227 58 52
rect:231 184 190 51 78
Chichi1999_31.jpg 0x0
rect:477 123 62 131 48
rect:130 101 152 259 79
Chichi1999_32.jpg 0x0
rect:190 44 33 106 81
rect:365 105 58 133 39
rect:182 272 46 162 81
rect:187 7 103 370 80
Chichi1999_33.jpg 0x0
rect:296 67 101 368 32
rect:212 123 107 179 56
rect:130 138 93 164 32
rect:91 55 114 418 33
rect:283 136 35 137 49
rect:169 177 61 97 49
Chichi1999_34.jpg 0x0
rect:148 101 450 275 10
Duzce1999_01.jpg 0x0
rect:115 77 78 264 39
rect:158 135 138 176 41
Duzce1999_02.jpg 0x0
rect:58 69 102 494 41
Duzce1999_03.jpg 0x0
rect:108 69 100 286 42
rect:238 128 94 252 31
rect:0 178 111 307 31
Gediz1970_01.jpg 0x0
rect:102 83 327 583 68
rect:164 378 89 308 69
rect:231 487 79 262 69
Guatemala1976_01.jpg 0x0
rect:72 237 68 48 52
rect:430 189 43 66 41
rect:29 151 742 197 82
rect:599 171 180 103 48
rect:63 153 59 56 41
rect:44 196 116 107 48
Guatemala1976_02.jpg 0x0
rect:241 78 99 129 40
rect:179 83 344 264 48
Guatemala1976_03.jpg 0x0
rect:13 76 577 247 75
Guatemala1976_04.jpg 0x0
rect:150 28 357 91 30
rect:467 273 95 176 4
rect:31 61 412 177 30
rect:583 175 113 269 4
Guatemala1976_05.jpg 0x0
rect:194 110 288 160 41
rect:164 66 293 411 48
rect:140 101 335 175 40
Guatemala1976_06.jpg 0x0
rect:134 88 177 499 39
Guatemala1976_07.jpg 0x0
rect:234 545 115 77 83
rect:23 312 50 61 6
rect:17 209 376 426 10
Guatemala1976_08.jpg 0x0
rect:142 54 368 416 41
rect:449 71 121 256 40
rect:114 41 430 305 48
Guatemala1976_09.jpg 0x0
rect:145 236 69 73 85
rect:234 269 36 36 84
rect:877 275 67 55 84
rect:87 211 31 29 85
rect:631 357 70 56 85
rect:345 348 59 50 84
rect:238 326 74 37 85
rect:117 250 36 29 84
Guatemala1976_10.jpg 0x0
rect:204 177 192 326 86
rect:317 285 49 136 87
rect:232 133 230 142 87
Guatemala1976_11.jpg 0x0
rect:155 284 107 274 34
GujaratIndia2001_01.jpg 0x0
rect:31 265 142 220 4
rect:99 578 48 25 2
rect:204 542 206 102 2
rect:395 464 48 73 11
Haiti2010_01.jpg 0x0
rect:621 260 130 119 4
rect:579 373 138 270 4
rect:300 241 23 179 40
rect:237 121 190 451 41
rect:141 41 162 129 7
Haiti2010_02.jpg 0x0
rect:343 39 191 40 14
rect:54 122 414 254 88
Haiti2010_03.jpg 0x0
rect:288 557 86 56 49
rect:308 432 305 186 89
rect:385 1 69 517 32
rect:208 367 182 159 32
Haiti2010_04.jpg 0x0
rect:193 293 334 640 41
rect:2 168 290 143 6
rect:163 36 228 228 34
Haiti2010_05.jpg 0x0
rect:285 161 146 101 52
rect:465 188 43 91 40
rect:276 179 344 378 90
rect:283 238 33 81 40
Haiti2010_06.jpg 0x0
rect:437 131 503 872 91
rect:555 204 52 107 34
rect:212 264 45 48 34
rect:514 125 193 389 33
rect:516 170 90 42 6
rect:269 317 273 357 91
rect:487 220 69 162 32
ImperialValley1979_01.jpg 0x0
rect:13 456 59 72 49
rect:9 333 123 129 32
rect:295 291 31 29 49
rect:317 368 52 42 32
rect:615 270 45 39 32
rect:588 235 30 50 50
rect:314 214 35 73 50
rect:369 420 23 13 49
rect:577 387 34 39 32
rect:477 235 33 26 49
rect:66 404 113 126 50
ImperialValley1979_02.jpg 0x0
rect:230 198 288 80 92
rect:467 107 70 171 50
rect:209 136 77 154 50
rect:289 145 59 126 50
rect:169 95 249 197 32
rect:231 209 85 47 49
ImperialValley1979_03.jpg 0x0
rect:234 413 110 168 50
rect:121 442 273 38 92
rect:340 212 83 219 50
rect:77 201 80 285 50
rect:122 227 285 241 32
rect:135 137 182 183 32
rect:114 570 315 31 92
Izmit1999_01.jpg 0x0
rect:184 227 47 86 27
rect:215 160 51 158 27
rect:444 347 39 81 26
rect:213 117 49 186 27
rect:203 92 398 283 34
Izmit1999_02.jpg 0x0
rect:22 94 638 214 10
Izmit1999_03.jpg 0x0
rect:431 113 41 300 50
rect:224 274 472 42 92
rect:359 107 47 362 50
rect:228 189 51 144 50
rect:217 110 65 369 50
rect:420 106 45 222 50
rect:281 71 176 473 32
rect:137 38 422 479 93
Izmit1999_04.jpg 0x0
rect:376 77 62 77 48
rect:57 312 58 55 34
rect:399 357 23 70 40
rect:64 436 33 105 42
rect:360 325 17 62 40
rect:424 86 94 57 41
rect:402 270 114 59 41
rect:44 338 67 76 41
rect:81 521 212 96 88
rect:172 179 163 72 88
Izmit1999_05.jpg 0x0
rect:112 23 772 431 10
Izmit1999_06.jpg 0x0
rect:194 221 69 265 50
rect:190 298 192 89 49
rect:173 191 187 525 32
rect:336 285 43 142 50
rect:251 246 51 142 50
rect:102 176 63 146 50
Izmit1999_07.jpg 0x0
rect:352 346 94 299 4
rect:17 117 385 624 2
rect:432 83 158 38 6
rect:233 182 38 98 3
rect:204 234 61 84 3
rect:463 116 52 87 3
rect:141 344 30 174 3
Izmit1999_08.jpg 0x0
rect:140 308 85 75 45
rect:148 30 118 80 34
rect:229 227 210 103 88
rect:681 6 127 65 45
rect:614 63 72 36 52
rect:182 91 83 78 41
rect:555 84 73 55 41
Izmit1999_09.jpg 0x0
rect:490 265 67 53 41
rect:262 179 145 117 94
rect:222 153 57 25 41
rect:400 340 96 71 41
rect:38 264 36 51 41
rect:648 198 42 86 94
Izmit1999_10.jpg 0x0
rect:49 245 289 38 78
rect:306 623 98 31 78
rect:364 419 80 105 40
rect:287 386 63 81 40
rect:184 149 49 172 40
rect:361 137 168 117 40
rect:85 192 84 160 40
rect:202 544 142 46 78
rect:71 132 352 521 41
rect:92 294 234 74 78
rect:122 174 64 260 40
Izmit1999_11.jpg 0x0
rect:161 285 84 190 40
rect:245 201 83 210 40
rect:178 453 112 142 41
rect:397 198 72 239 40
rect:207 249 146 231 41
Izmit1999_12.jpg 0x0
rect:363 121 64 94 45
rect:392 20 87 79 34
rect:370 143 153 137 91
rect:355 159 55 125 42
rect:254 219 51 29 6
rect:384 210 73 132 52
rect:293 179 59 61 7
rect:224 280 109 119 94
rect:405 194 58 64 41
rect:103 321 30 35 40
rect:18 79 31 24 6
rect:42 276 75 90 94
rect:1 292 39 31 41
rect:41 204 56 74 52
rect:351 89 40 91 41
rect:208 243 105 60 88
rect:280 225 57 89 41
rect:99 97 45 22 6
Izmit1999_13.jpg 0x0
rect:6 72 85 172 42
rect:148 229 126 179 94
rect:176 294 22 131 41
rect:142 88 65 31 6
rect:239 90 50 100 41
rect:260 85 199 447 48
rect:335 151 122 194 41
rect:244 335 52 84 41
rect:190 274 50 78 52
Izmit1999_14.jpg 0x0
rect:198 462 49 36 34
rect:302 45 72 66 95
rect:67 122 119 69 34
rect:463 75 76 56 34
rect:348 229 75 33 34
rect:372 7 140 64 35
rect:287 148 92 63 35
rect:580 259 69 39 34
rect:316 379 44 25 34
Izmit1999_15.jpg 0x0
rect:102 166 263 340 42
Izmit1999_16.jpg 0x0
rect:134 90 297 281 39
rect:202 83 32 118 40
rect:188 114 233 170 41
rect:124 82 416 426 33
Izmit1999_17.jpg 0x0
rect:81 165 257 327 41
Izmit1999_18.jpg 0x0
rect:216 174 159 269 39
rect:185 195 97 169 41
Izmit1999_19.jpg 0x0
rect:321 107 277 302 32
rect:336 209 25 53 50
rect:186 88 232 413 96
rect:403 141 24 71 50
Kobe1995_01.jpg 0x0
rect:26 131 549 127 63
Kobe1995_02.jpg 0x0
rect:2 65 594 702 68
Kobe1995_03.jpg 0x0
rect:46 77 496 571 10
Kobe1995_04.jpg 0x0
rect:410 331 69 36 41
Kobe1995_05.jpg 0x0
rect:130 149 252 514 52
rect:4 154 144 478 40
rect:74 624 369 107 78
rect:404 164 179 310 40
rect:48 226 394 68 78
Kobe1995_06.jpg 0x0
rect:196 461 253 406 42
rect:40 140 553 342 41
Kobe1995_07.jpg 0x0
rect:174 185 39 48 39
rect:477 272 33 36 39
rect:244 119 26 29 39
rect:288 184 44 49 39
rect:370 230 47 44 39
rect:36 385 30 29 39
rect:257 373 41 37 39
rect:503 140 46 44 39
rect:220 292 34 40 39
rect:390 186 27 53 39
rect:278 544 54 42 39
rect:152 89 32 48 39
rect:312 555 26 31 39
rect:356 298 37 31 39
rect:110 284 38 29 39
rect:174 507 26 27 39
rect:399 480 47 40 39
rect:464 183 35 53 39
rect:130 248 39 52 39
rect:162 430 43 44 39
rect:159 335 40 42 39
rect:286 392 27 23 39
rect:132 201 36 47 39
rect:36 277 45 51 39
rect:511 349 52 38 39
rect:287 377 42 34 39
Kobe1995_08.jpg 0x0
rect:216 59 407 282 97
Kobe1995_09.jpg 0x0
rect:72 614 60 70 88
rect:209 417 232 60 97
rect:103 401 78 45 88
rect:102 622 107 112 88
SanSalvador_1986_01.jpg 0x0
rect:173 132 130 212 41
rect:80 3 85 181 68
SanSalvador_1986_02.jpg 0x0
rect:464 175 37 36 41
rect:156 300 39 32 41
rect:647 174 34 48 41
rect:342 175 17 23 41
rect:616 230 32 49 42
rect:172 170 32 26 41
rect:146 136 33 31 41
rect:219 333 29 33 41
rect:234 163 54 50 41
SikkimIndia2001_01.jpg 0x0
rect:276 112 120 129 34
SikkimIndia2001_02.jpg 0x0
rect:594 140 113 155 33
rect:157 80 180 397 33
rect:382 114 90 41 16
rect:296 165 98 53 16
rect:-19 2 315 107 33
rect:321 207 117 16 16
rect:9 5 236 91 16
rect:9 194 79 47 54
SikkimIndia2001_03.jpg 0x0
rect:242 14 197 584 98
rect:229 76 92 148 69
rect:243 192 80 156 70
SikkimIndia2001_04.jpg 0x0
rect:455 190 355 85 99
rect:3 34 243 360 99
rect:219 154 150 209 34
SumatraInd2009_01.jpg 0x0
rect:199 19 76 319 81
SumatraInd2009_02.jpg 0x0
rect:213 80 204 141 41
WhittierNarrows1987_01.jpg 0x0
rect:11 27 683 480 10
WhittierNarrows1987_02.jpg 0x0
rect:125 207 81 292 41
WhittierNarrows1987_03.jpg 0x0
rect:240 98 196 214 32
WhittierNarrows1987_04.jpg 0x0
rect:194 50 126 181 41
rect:255 15 290 193 100
rect:197 10 345 54 6
YogyakartaInd2006_01.jpg 0x0
rect:243 162 284 87 49
rect:260 29 351 273 32
rect:163 -22 468 421 29
YogyakartaInd2006_02.jpg 0x0
rect:343 61 151 500 98
rect:425 86 59 278 69
rect:392 94 98 146 70
