Anchorage1964_01.jpg 0x0
rect:107 409 171 252 1
rect:71 7 260 234 1
Anchorage1964_02.jpg 0x0
rect:293 276 27 56 3
rect:219 213 325 95 2
rect:128 216 58 18 6
rect:80 31 105 19 6
rect:321 205 21 42 3
rect:446 260 30 79 3
rect:43 24 185 56 5
rect:277 266 22 57 3
rect:220 340 33 52 3
rect:528 148 111 67 4
rect:200 42 327 75 4
rect:22 256 121 44 5
rect:529 342 11 38 3
rect:146 60 118 82 4
rect:183 113 84 60 7
rect:604 58 120 120 8
rect:89 179 19 21 6
rect:176 293 22 49 3
rect:374 242 14 62 3
Anchorage1964_03.jpg 0x0
rect:0 339 675 58 10
rect:296 80 463 209 9
rect:2 165 256 90 9
Anchorage1964_04.jpg 0x0
rect:284 83 19 32 1
rect:247 200 36 26 5
rect:270 195 29 22 5
rect:322 340 20 25 1
rect:264 430 40 18 2
rect:372 161 18 27 1
rect:131 161 36 22 5
rect:276 365 29 13 5
rect:211 374 20 23 1
rect:407 45 39 13 5
rect:219 114 23 18 5
rect:178 392 36 12 5
rect:305 424 8 1 1
rect:205 410 40 17 5
rect:338 349 21 18 5
rect:249 118 14 25 1
rect:170 237 25 24 1
rect:153 76 36 14 5
rect:196 313 20 38 1
rect:199 435 15 26 1
rect:167 301 41 19 5
rect:174 25 28 17 5
rect:261 509 17 32 1
rect:150 185 22 21 5
rect:367 282 23 19 5
rect:372 256 20 20 5
rect:183 457 34 17 5
rect:282 192 18 20 1
rect:142 75 37 16 5
rect:456 170 32 16 5
rect:278 302 15 15 1
rect:326 104 24 22 5
rect:231 205 18 26 8
rect:245 287 23 20 5
rect:410 517 35 15 5
rect:221 211 25 17 5
rect:212 292 33 19 5
rect:260 22 32 22 5
rect:230 112 25 12 5
Anchorage1964_05.jpg 0x0
rect:516 204 53 16 6
rect:546 99 50 80 1
rect:208 198 141 68 2
rect:570 242 51 32 5
rect:630 390 44 40 5
rect:414 82 45 74 1
rect:328 164 31 60 1
rect:388 1 52 58 1
rect:359 248 53 74 1
rect:98 313 21 52 1
rect:67 113 15 56 1
rect:453 179 30 23 11
rect:43 482 28 66 1
rect:220 174 135 43 6
rect:387 215 17 24 11
rect:111 98 21 54 1
rect:206 46 109 39 6
rect:70 31 27 32 1
rect:612 363 37 15 6
rect:590 300 35 71 8
rect:113 196 23 52 1
rect:205 47 103 30 5
rect:65 300 22 40 1
rect:404 303 67 84 1
rect:40 241 18 51 1
rect:449 263 43 83 8
rect:646 21 32 59 1
rect:216 133 80 19 5
rect:81 54 30 48 1
Anchorage1964_06.jpg 0x0
rect:143 163 107 329 3
rect:129 101 154 509 12
rect:121 209 67 78 11
Anchorage1964_07.jpg 0x0
rect:386 141 59 117 13
rect:364 133 43 159 3
rect:560 156 88 79 11
rect:8 271 302 31 14
rect:20 172 277 31 11
rect:268 217 267 189 2
rect:10 68 769 399 2
rect:283 2 83 63 2
rect:309 86 196 109 11
Anchorage1964_08.jpg 0x0
rect:37 537 105 123 1
rect:235 434 97 121 1
rect:301 189 89 94 1
rect:39 284 125 82 1
rect:50 73 103 145 1
rect:374 31 79 90 1
Anchorage1964_09.jpg 0x0
rect:456 102 108 14 15
rect:18 21 49 16 16
rect:360 10 374 12 15
rect:173 116 246 14 15
rect:84 47 93 63 8
rect:65 190 61 12 16
rect:299 91 75 25 15
rect:13 18 480 11 15
rect:284 124 88 76 1
rect:414 170 95 71 1
rect:17 129 118 23 15
rect:566 24 86 67 8
rect:520 8 85 13 16
rect:80 176 60 75 1
rect:15 177 24 10 16
rect:468 325 78 72 8
rect:103 392 89 87 8
rect:306 118 62 63 1
rect:772 193 1 1 16
Anchorage1964_10.jpg 0x0
rect:104 492 246 147 18
rect:228 376 67 137 17
rect:156 164 152 73 18
rect:81 240 233 449 1
Anchorage1964_11.jpg 0x0
rect:346 197 286 36 11
rect:55 438 471 10 14
rect:387 6 148 29 1
rect:70 291 595 24 14
rect:716 120 105 114 1
rect:128 54 164 95 4
rect:177 202 382 26 15
rect:117 135 594 88 2
Anchorage1964_12.jpg 0x0
rect:183 136 30 91 3
rect:342 64 38 264 3
rect:14 87 406 338 2
rect:316 84 122 217 11
rect:461 91 62 258 3
Anchorage1964_13.jpg 0x0
rect:496 408 137 11 19
rect:413 406 144 19 2
rect:392 376 39 202 20
Anchorage1964_14.jpg 0x0
rect:148 319 55 118 21
rect:113 772 46 72 22
rect:43 718 52 71 22
rect:91 207 132 34 15
rect:384 746 146 74 23
rect:513 7 66 113 11
rect:115 759 47 47 22
rect:27 426 29 73 22
rect:255 13 85 300 11
rect:208 12 72 582 20
rect:415 163 117 52 15
rect:8 527 254 92 11
Anchorage1964_15.jpg 0x0
rect:205 10 57 48 4
rect:142 59 81 464 20
rect:214 124 42 63 11
rect:501 10 102 76 4
rect:264 138 35 117 25
rect:191 323 115 53 15
rect:200 367 180 74 2
rect:503 240 110 51 11
rect:390 305 138 48 24
Anchorage1964_16.jpg 0x0
rect:99 254 71 114 11
rect:171 117 222 112 2
rect:448 287 134 243 2
rect:279 287 329 180 11
rect:14 277 59 105 2
rect:13 87 138 199 2
Anchorage1964_17.jpg 0x0
rect:314 47 228 266 9
rect:13 108 291 122 9
rect:9 269 530 162 10
Anchorage1964_18.jpg 0x0
rect:322 298 240 21 15
rect:142 171 66 81 4
rect:462 184 135 91 4
rect:813 363 72 14 2
rect:156 267 95 51 11
rect:101 200 24 58 11
rect:418 245 35 46 11
rect:561 146 111 65 4
rect:412 215 41 21 2
rect:507 406 84 16 2
Anchorage1964_19.jpg 0x0
rect:29 356 32 87 27
rect:556 268 15 26 26
rect:231 122 33 41 27
rect:655 291 34 31 28
rect:383 102 56 38 26
rect:382 119 7 17 26
rect:360 67 57 172 29
rect:546 123 22 46 29
rect:7 263 94 177 26
rect:350 264 35 67 26
rect:387 104 18 38 26
rect:715 156 8 13 26
rect:463 158 33 32 26
rect:494 136 49 38 28
rect:423 110 41 70 29
rect:690 101 8 5 26
rect:287 294 18 42 26
rect:588 222 12 17 26
Anchorage1964_20.jpg 0x0
rect:539 557 55 68 26
rect:191 71 177 190 29
rect:218 64 79 77 26
rect:186 559 95 99 26
rect:175 120 99 60 27
Anchorage1964_21.jpg 0x0
rect:45 403 40 26 26
rect:127 229 757 190 30
rect:2 108 57 45 26
rect:-5 56 60 113 29
Bingol2003_01.jpg 0x0
rect:2 405 913 249 10
rect:885 346 127 51 33
rect:117 217 87 49 33
rect:639 236 54 57 6
rect:410 357 47 258 32
rect:635 286 40 67 34
rect:757 152 116 73 33
rect:614 73 184 231 31
rect:650 324 70 50 6
rect:398 490 110 103 6
rect:976 573 74 38 33
rect:629 341 172 153 31
rect:24 333 89 76 33
rect:791 96 89 65 6
rect:664 384 166 75 6
rect:340 253 77 73 33
rect:527 97 93 89 6
rect:177 107 76 30 6
rect:468 244 54 137 34
Bingol2003_02.jpg 0x0
rect:958 84 179 91 36
rect:105 393 159 237 32
rect:134 90 531 119 34
rect:179 225 924 558 31
rect:297 434 101 101 6
rect:448 430 110 90 26
rect:179 348 59 311 32
rect:586 277 477 119 35
Bingol2003_03.jpg 0x0
rect:506 271 195 94 11
rect:766 -8 287 266 4
rect:151 34 82 154 33
rect:346 217 447 162 2
rect:119 20 143 31 2
rect:651 198 194 736 4
rect:855 323 237 417 2
Bingol2003_04.jpg 0x0
rect:91 508 72 73 2
rect:338 527 47 115 3
rect:105 435 39 92 3
rect:340 205 170 203 4
rect:76 636 24 78 3
rect:149 456 184 123 2
rect:313 541 148 105 2
rect:253 387 29 57 3
CanterburyNZSeries2010_01.jpg 0x0
rect:113 95 92 295 12
CanterburyNZSeries2010_02.jpg 0x0
rect:39 11 143 281 37
rect:42 56 139 276 6
CanterburyNZSeries2010_03.jpg 0x0
rect:52 68 365 110 38
CanterburyNZSeries2010_04.jpg 0x0
rect:306 394 39 85 40
rect:389 311 13 54 40
rect:289 444 48 137 40
rect:386 279 27 48 40
rect:265 209 213 245 39
rect:148 507 104 205 41
rect:177 305 34 189 40
rect:321 9 94 167 42
CanterburyNZSeries2010_05.jpg 0x0
rect:394 178 97 104 15
rect:307 365 157 326 4
CanterburyNZSeries2010_06.jpg 0x0
rect:291 249 303 90 2
rect:69 140 797 562 4
CanterburyNZSeries2010_08.jpg 0x0
rect:661 409 37 120 32
rect:654 372 84 155 44
rect:967 308 105 101 44
rect:359 144 156 289 43
CanterburyNZSeries2010_09.jpg 0x0
rect:226 163 214 186 45
rect:257 287 178 376 39
CanterburyNZSeries2010_10.jpg 0x0
rect:246 311 281 209 6
rect:354 140 259 115 7
rect:209 502 178 137 6
rect:315 247 156 56 46
CanterburyNZSeries2010_11.jpg 0x0
rect:264 306 288 145 5
rect:368 152 321 123 7
CanterburyNZSeries2010_12.jpg 0x0
rect:237 408 185 47 11
rect:659 346 199 57 11
rect:52 423 859 379 2
rect:5 201 658 404 47
CanterburyNZSeries2010_13.jpg 0x0
rect:164 17 319 672 12
rect:293 141 149 559 11
Caracas1967_01.jpg 0x0
rect:305 77 142 282 48
rect:249 179 11 56 48
rect:412 117 72 69 48
rect:350 161 31 73 48
Caracas1967_02.jpg 0x0
rect:96 492 35 71 49
rect:146 172 269 223 51
rect:293 1 118 138 15
rect:100 509 48 35 50
Caracas1967_03.jpg 0x0
rect:265 76 73 127 14
rect:233 404 61 82 26
rect:260 275 82 196 34
rect:11 322 190 71 6
rect:283 428 33 49 27
rect:248 433 25 125 27
Caracas1967_04.jpg 0x0
rect:105 419 38 128 26
rect:161 453 19 103 27
rect:137 245 173 140 34
Caracas1967_05.jpg 0x0
rect:48 346 226 166 52
rect:303 296 180 175 52
rect:382 158 44 201 40
rect:150 246 44 227 40
rect:253 371 48 213 40
rect:65 243 75 300 40
rect:41 119 272 512 41
rect:185 248 57 285 40
rect:271 208 45 240 40
rect:31 81 495 560 48
Caracas1967_06.jpg 0x0
rect:248 277 78 47 6
rect:297 101 263 309 7
Caracas1967_07.jpg 0x0
rect:465 476 123 53 53
rect:523 51 22 203 27
rect:246 187 60 237 27
rect:555 341 111 108 53
rect:224 94 160 170 34
rect:534 265 175 259 34
rect:278 8 68 200 34
Caracas1967_08.jpg 0x0
rect:513 207 99 108 54
rect:242 201 90 107 55
rect:170 214 81 119 54
Caracas1967_09.jpg 0x0
rect:170 217 72 107 48
rect:416 11 238 177 48
rect:96 167 69 68 48
rect:23 179 64 55 48
Caracas1967_10.jpg 0x0
rect:18 159 557 474 48
rect:434 373 52 175 40
rect:329 205 102 215 40
rect:55 260 319 355 41
Caracas1967_11.jpg 0x0
rect:42 14 432 646 48
rect:47 263 209 562 41
rect:385 14 126 328 41
Caracas1967_12.jpg 0x0
rect:818 288 19 42 32
rect:576 469 24 41 32
rect:421 190 29 37 34
rect:275 385 32 35 56
Caracas1967_13.jpg 0x0
rect:181 264 171 223 55
Caracas1967_14.jpg 0x0
rect:155 290 200 44 6
rect:152 85 668 236 57
Chichi1999_01.jpg 0x0
rect:4 9 917 118 58
rect:345 180 47 156 42
Chichi1999_02.jpg 0x0
rect:7 104 490 198 58
rect:371 80 207 496 59
Chichi1999_03.jpg 0x0
rect:65 165 45 96 60
rect:0 169 723 182 58
Chichi1999_04.jpg 0x0
rect:181 -15 58 118 48
rect:200 236 24 77 52
rect:164 276 98 358 48
Chichi1999_05.jpg 0x0
rect:494 154 48 87 52
rect:310 107 66 42 41
rect:424 115 120 274 48
rect:498 342 26 33 41
Chichi1999_06.jpg 0x0
rect:454 158 41 44 41
rect:355 106 73 54 62
rect:483 -10 64 85 61
rect:474 219 24 38 52
rect:329 155 57 70 48
rect:161 13 385 144 10
Chichi1999_07.jpg 0x0
rect:765 266 50 117 48
rect:205 163 21 35 64
rect:318 177 36 32 64
rect:302 200 52 156 48
rect:683 264 13 21 64
rect:178 181 61 197 48
rect:53 192 503 166 63
Chichi1999_08.jpg 0x0
rect:90 12 570 463 10
Chichi1999_09.jpg 0x0
rect:331 102 46 77 40
rect:298 134 116 92 41
rect:294 93 34 69 40
rect:159 61 183 233 48
Chichi1999_10.jpg 0x0
rect:122 19 505 542 10
Chichi1999_11.jpg 0x0
rect:103 268 108 79 65
rect:2 180 125 583 10
Chichi1999_12.jpg 0x0
rect:11 26 342 807 66
Chichi1999_13.jpg 0x0
rect:28 37 830 471 10
Chichi1999_14.jpg 0x0
rect:133 509 31 49 67
rect:83 531 36 52 67
rect:122 494 23 49 67
rect:153 565 37 34 67
rect:222 412 26 43 39
rect:153 413 51 49 67
rect:471 498 49 58 67
rect:242 675 75 55 67
rect:259 304 29 31 39
rect:254 299 40 53 67
rect:134 238 37 62 67
rect:120 151 106 59 67
rect:270 270 15 47 67
rect:73 469 48 39 67
rect:285 460 27 17 39
rect:78 572 53 55 67
rect:347 395 27 31 39
Chichi1999_15.jpg 0x0
rect:343 25 317 486 41
Chichi1999_16.jpg 0x0
rect:147 172 54 121 32
Chichi1999_17.jpg 0x0
rect:159 317 23 52 32
Chichi1999_18.jpg 0x0
rect:108 321 25 111 69
rect:207 395 39 182 69
rect:179 173 23 180 69
rect:155 284 35 115 69
rect:174 211 125 447 68
rect:305 315 45 150 70
Chichi1999_19.jpg 0x0
rect:276 112 174 282 3
rect:176 15 215 348 2
YogyakartaInd2006_03.jpg 0x0
rect:240 91 156 48 15
rect:368 105 104 33 16
rect:268 508 44 28 16
rect:264 198 53 28 15
rect:239 26 122 2 15
rect:155 306 153 37 15
rect:281 144 22 6 16
rect:202 323 393 132 71
Chichi1999_20.jpg 0x0
rect:180 506 47 212 41
rect:235 168 87 356 42
Chichi1999_21.jpg 0x0
rect:470 43 277 250 37
rect:357 7 94 126 57
rect:231 249 226 149 37
rect:188 342 115 124 6
rect:264 116 271 306 72
rect:475 132 209 152 6
rect:87 507 133 94 5
rect:14 4 202 112 30
Chichi1999_22.jpg 0x0
rect:446 282 16 16 73
rect:269 192 21 16 73
rect:175 306 16 17 73
rect:290 208 267 184 10
Chichi1999_23.jpg 0x0
rect:131 248 39 122 73
rect:346 179 28 27 26
rect:300 224 41 21 27
rect:326 250 67 107 73
rect:244 169 36 54 73
rect:144 225 26 19 34
rect:92 386 45 87 34
rect:140 152 58 62 73
rect:4 72 379 155 74
rect:223 372 36 67 34
Chichi1999_24.jpg 0x0
rect:138 351 79 37 34
rect:3 444 400 208 74
rect:437 427 1 2 46
rect:254 198 35 49 46
rect:143 204 170 116 75
Chichi1999_25.jpg 0x0
rect:207 321 44 54 26
rect:160 215 180 400 73
rect:156 208 88 265 34
Chichi1999_26.jpg 0x0
rect:312 19 37 40 73
rect:128 643 174 102 73
rect:120 613 118 140 27
rect:154 200 41 82 73
rect:196 602 63 55 26
rect:268 300 98 461 76
Chichi1999_27.jpg 0x0
rect:193 201 111 450 32
Chichi1999_28.jpg 0x0
rect:336 145 117 246 75
rect:220 214 274 97 77
rect:15 59 362 150 6
rect:177 91 130 173 5
Chichi1999_29.jpg 0x0
rect:152 176 122 140 40
rect:119 204 217 237 48
rect:221 271 81 197 52
Chichi1999_30.jpg 0x0
rect:39 333 128 163 73
rect:284 111 207 73 52
rect:265 191 149 48 78
rect:214 76 256 313 40
Chichi1999_31.jpg 0x0
rect:394 117 39 183 48
rect:201 99 86 258 79
Chichi1999_32.jpg 0x0
rect:130 7 106 254 80
rect:205 66 56 187 81
rect:216 192 38 111 81
rect:454 146 61 138 39
Chichi1999_33.jpg 0x0
rect:111 103 77 275 32
rect:94 45 146 440 33
rect:302 99 152 292 32
rect:147 177 36 95 49
rect:354 127 126 264 56
rect:227 161 49 104 49
Chichi1999_34.jpg 0x0
rect:104 115 545 342 10
Duzce1999_01.jpg 0x0
rect:124 157 119 136 41
rect:153 72 91 315 39
Duzce1999_02.jpg 0x0
rect:110 43 157 514 41
Duzce1999_03.jpg 0x0
rect:249 132 74 285 31
rect:0 231 129 289 31
rect:118 70 95 340 42
Gediz1970_01.jpg 0x0
rect:163 78 230 481 68
rect:300 328 100 181 69
rect:118 335 128 290 69
Guatemala1976_01.jpg 0x0
rect:36 165 93 158 48
rect:48 164 50 34 52
rect:495 188 166 159 48
rect:53 139 50 62 41
rect:21 128 434 201 82
rect:673 163 80 100 41
Guatemala1976_02.jpg 0x0
rect:208 92 342 299 48
rect:264 54 119 104 40
Guatemala1976_03.jpg 0x0
rect:20 105 878 415 75
Guatemala1976_04.jpg 0x0
rect:615 227 122 237 4
rect:143 27 257 61 30
rect:31 87 428 274 30
rect:624 188 103 449 4
Guatemala1976_05.jpg 0x0
rect:156 164 279 149 40
rect:167 61 368 399 48
rect:242 174 385 142 41
Guatemala1976_06.jpg 0x0
rect:84 79 208 497 39
Guatemala1976_07.jpg 0x0
rect:29 329 44 61 6
rect:29 174 557 462 10
rect:192 439 114 81 83
Guatemala1976_08.jpg 0x0
rect:154 27 391 406 48
rect:364 101 182 363 40
rect:132 71 435 438 41
Guatemala1976_09.jpg 0x0
rect:127 177 75 76 85
rect:71 296 27 28 84
rect:719 382 41 85 84
rect:432 355 75 34 85
rect:784 265 46 41 85
rect:216 302 31 31 84
rect:423 229 63 51 84
rect:98 314 35 20 85
Guatemala1976_10.jpg 0x0
rect:368 333 41 107 87
rect:191 121 167 136 87
rect:244 148 254 367 86
Guatemala1976_11.jpg 0x0
rect:151 240 144 251 34
GujaratIndia2001_01.jpg 0x0
rect:42 415 229 185 4
rect:238 366 56 72 11
rect:214 516 167 77 2
rect:87 435 58 26 2
Haiti2010_01.jpg 0x0
rect:109 44 101 134 7
rect:332 119 222 286 41
rect:614 330 102 85 4
rect:306 337 176 276 4
rect:344 234 21 164 40
Haiti2010_02.jpg 0x0
rect:271 23 156 38 14
rect:50 103 430 232 88
Haiti2010_03.jpg 0x0
rect:222 681 179 265 89
rect:174 311 238 212 32
rect:259 647 60 68 49
rect:284 1 64 640 32
Haiti2010_04.jpg 0x0
rect:175 48 300 193 34
rect:2 131 295 185 6
rect:113 318 385 613 41
Haiti2010_05.jpg 0x0
rect:301 185 134 84 52
rect:282 209 208 454 90
rect:471 335 46 118 40
rect:224 296 34 109 40
Haiti2010_06.jpg 0x0
rect:514 264 53 42 6
rect:478 133 78 80 34
rect:203 368 36 55 34
rect:157 199 383 480 91
rect:540 126 460 621 91
rect:636 284 51 201 32
rect:496 198 169 409 33
ImperialValley1979_01.jpg 0x0
rect:459 357 69 52 32
rect:583 284 30 27 49
rect:275 353 33 31 49
rect:380 348 44 33 32
rect:434 266 47 50 50
rect:58 275 112 136 50
rect:616 244 31 39 32
rect:10 247 97 158 32
rect:483 331 33 47 50
rect:471 400 18 20 49
rect:14 295 87 78 49
ImperialValley1979_02.jpg 0x0
rect:218 95 250 255 32
rect:308 248 106 34 49
rect:160 166 399 83 92
rect:350 173 37 132 50
rect:128 163 54 242 50
rect:409 86 93 156 50
ImperialValley1979_03.jpg 0x0
rect:85 362 245 43 92
rect:241 294 100 181 50
rect:140 389 286 29 92
rect:157 145 196 101 32
rect:97 221 118 266 50
rect:279 200 84 215 50
rect:144 291 303 139 32
Izmit1999_01.jpg 0x0
rect:261 121 62 202 27
rect:181 65 484 351 34
rect:308 239 48 107 27
rect:528 245 72 75 26
rect:300 97 45 182 27
Izmit1999_02.jpg 0x0
rect:25 81 592 238 10
Izmit1999_03.jpg 0x0
rect:434 68 37 175 50
rect:152 32 385 495 93
rect:495 70 43 177 50
rect:252 143 37 185 50
rect:371 106 53 206 50
rect:188 271 479 35 92
rect:166 65 76 236 50
rect:232 61 197 294 32
Izmit1999_04.jpg 0x0
rect:290 72 96 115 48
rect:321 102 64 91 41
rect:366 273 23 46 40
rect:116 424 182 133 88
rect:101 317 141 91 88
rect:410 399 103 104 41
rect:450 334 23 60 40
rect:52 434 47 118 41
rect:61 476 25 65 42
rect:52 473 55 51 34
Izmit1999_05.jpg 0x0
rect:102 19 542 421 10
Izmit1999_06.jpg 0x0
rect:176 234 45 206 50
rect:155 276 104 69 49
rect:164 201 55 296 50
rect:106 337 88 158 50
rect:259 267 43 204 50
rect:97 214 276 345 32
Izmit1999_07.jpg 0x0
rect:230 251 35 128 3
rect:327 205 43 109 3
rect:246 46 107 53 6
rect:441 385 105 471 4
rect:432 108 64 72 3
rect:27 129 317 551 2
rect:117 307 46 149 3
Izmit1999_08.jpg 0x0
rect:218 206 184 131 88
rect:138 356 102 98 45
rect:613 79 66 87 41
rect:193 24 91 116 34
rect:637 98 70 21 52
rect:609 5 120 62 45
rect:152 111 109 82 41
Izmit1999_09.jpg 0x0
rect:608 202 48 56 41
rect:252 218 127 78 41
rect:680 240 60 66 94
rect:201 194 55 24 41
rect:55 265 47 48 41
rect:410 175 107 85 94
Izmit1999_10.jpg 0x0
rect:47 193 58 164 40
rect:345 455 72 83 40
rect:148 340 170 34 78
rect:271 188 65 126 40
rect:211 122 145 170 40
rect:82 169 393 417 41
rect:227 356 47 77 40
rect:173 202 58 332 40
rect:36 183 466 39 78
rect:315 565 73 25 78
rect:75 418 240 45 78
Izmit1999_11.jpg 0x0
rect:248 178 95 134 41
rect:253 239 87 164 40
rect:258 598 107 168 41
rect:167 208 87 194 40
rect:341 263 99 144 40
Izmit1999_12.jpg 0x0
rect:234 227 33 88 42
rect:246 301 74 158 41
rect:436 117 50 40 7
rect:1 183 38 33 41
rect:22 75 48 21 6
rect:61 303 43 73 52
rect:309 197 82 164 94
rect:52 336 58 96 94
rect:213 173 42 38 6
rect:116 263 75 70 88
rect:591 63 43 93 41
rect:442 386 55 116 52
rect:331 86 42 94 45
rect:487 33 110 49 34
rect:470 191 42 64 41
rect:65 101 31 24 6
rect:496 153 158 141 91
rect:84 384 34 52 40
Izmit1999_13.jpg 0x0
rect:147 266 52 76 52
rect:4 57 107 228 42
rect:269 160 122 311 41
rect:193 97 229 256 48
rect:148 150 49 42 6
rect:182 300 27 118 41
rect:208 222 33 103 41
rect:150 166 94 96 94
rect:306 100 83 120 41
Izmit1999_14.jpg 0x0
rect:383 202 86 48 34
rect:330 99 111 95 34
rect:438 478 28 25 34
rect:330 6 202 82 35
rect:40 151 115 68 34
rect:315 40 73 69 95
rect:194 421 35 43 34
rect:456 424 72 38 34
rect:300 185 114 73 35
Izmit1999_15.jpg 0x0
rect:128 206 323 380 42
Izmit1999_16.jpg 0x0
rect:161 89 174 145 41
rect:189 112 51 90 40
rect:100 89 172 370 39
rect:113 82 497 634 33
Izmit1999_17.jpg 0x0
rect:84 94 192 180 41
Izmit1999_18.jpg 0x0
rect:144 117 145 323 39
rect:241 158 115 139 41
Izmit1999_19.jpg 0x0
rect:228 96 219 237 32
rect:190 109 190 288 96
rect:307 184 20 70 50
rect:542 104 37 91 50
Kobe1995_01.jpg 0x0
rect:23 166 741 162 63
Kobe1995_02.jpg 0x0
rect:2 41 606 780 68
Kobe1995_03.jpg 0x0
rect:31 59 532 529 10
Kobe1995_04.jpg 0x0
rect:375 218 59 37 41
Kobe1995_05.jpg 0x0
rect:158 211 170 597 52
rect:248 205 135 538 40
rect:93 579 253 129 78
rect:44 353 322 85 78
rect:3 203 129 471 40
Kobe1995_06.jpg 0x0
rect:60 132 526 467 41
rect:228 328 381 391 42
Kobe1995_07.jpg 0x0
rect:120 148 25 34 39
rect:93 306 24 54 39
rect:53 408 38 23 39
rect:164 307 28 41 39
rect:153 326 38 30 39
rect:369 307 45 34 39
rect:174 203 28 42 39
rect:325 434 25 40 39
rect:174 135 30 32 39
rect:374 297 37 31 39
rect:254 220 37 26 39
rect:294 92 46 44 39
rect:373 478 34 38 39
rect:296 220 45 32 39
rect:195 194 34 43 39
rect:51 311 50 35 39
rect:78 247 41 32 39
rect:251 181 50 30 39
rect:300 276 29 61 39
rect:329 194 52 50 39
rect:234 389 30 26 39
rect:472 344 24 58 39
rect:285 100 29 36 39
rect:163 384 32 37 39
rect:388 246 46 38 39
rect:314 235 31 26 39
Kobe1995_08.jpg 0x0
rect:355 48 554 189 97
Kobe1995_09.jpg 0x0
rect:193 732 138 100 97
rect:126 577 89 55 88
rect:119 681 96 88 88
rect:72 628 84 71 88
SanSalvador_1986_01.jpg 0x0
rect:267 166 128 142 41
rect:66 3 83 206 68
SanSalvador_1986_02.jpg 0x0
rect:148 151 32 37 41
rect:152 241 32 35 41
rect:233 163 22 23 41
rect:243 204 42 41 41
rect:494 142 32 49 41
rect:568 251 45 62 41
rect:156 292 41 46 41
rect:341 166 33 44 42
rect:427 339 22 51 41
SikkimIndia2001_01.jpg 0x0
rect:206 166 112 103 34
SikkimIndia2001_02.jpg 0x0
rect:211 96 248 377 33
rect:498 73 108 132 33
rect:9 165 70 57 54
rect:-17 2 384 74 33
rect:321 143 87 41 16
rect:386 193 79 51 16
rect:539 232 130 15 16
rect:10 5 345 92 16
SikkimIndia2001_03.jpg 0x0
rect:237 207 87 196 70
rect:148 11 136 480 98
rect:154 77 71 179 69
SikkimIndia2001_04.jpg 0x0
rect:275 162 105 150 34
rect:3 31 330 280 99
rect:376 244 272 111 99
SumatraInd2009_01.jpg 0x0
rect:309 31 59 372 81
SumatraInd2009_02.jpg 0x0
rect:197 91 238 162 41
WhittierNarrows1987_01.jpg 0x0
rect:11 24 1055 316 10
WhittierNarrows1987_02.jpg 0x0
rect:181 280 90 205 41
WhittierNarrows1987_03.jpg 0x0
rect:228 101 110 324 32
WhittierNarrows1987_04.jpg 0x0
rect:165 57 77 221 41
rect:230 9 301 66 6
rect:303 18 312 121 100
YogyakartaInd2006_01.jpg 0x0
rect:258 157 268 67 49
rect:241 27 346 252 32
rect:147 -22 367 641 29
YogyakartaInd2006_02.jpg 0x0
rect:357 129 53 183 69
rect:431 76 175 510 98
rect:259 120 76 205 70
