Anchorage1964_01.jpg 0x0
rect:59 347 295 215 1
rect:110 7 252 151 1
Anchorage1964_02.jpg 0x0
rect:236 27 244 58 4
rect:222 360 25 73 3
rect:36 18 193 37 5
rect:24 159 166 44 5
rect:148 334 361 109 2
rect:89 43 88 13 6
rect:336 293 23 48 3
rect:216 365 23 77 3
rect:196 90 86 85 4
rect:432 53 102 77 8
rect:569 198 69 71 4
rect:536 323 15 54 3
rect:88 276 50 18 6
rect:368 261 31 52 3
rect:493 247 13 48 3
rect:449 284 33 75 3
rect:488 217 13 72 3
rect:133 290 23 23 6
rect:140 193 80 55 7
Anchorage1964_03.jpg 0x0
rect:0 263 580 85 10
rect:2 179 229 86 9
rect:263 84 472 169 9
Anchorage1964_04.jpg 0x0
rect:370 386 23 27 5
rect:180 93 28 20 5
rect:251 274 34 16 5
rect:449 98 35 16 5
rect:308 280 21 34 1
rect:235 224 12 25 1
rect:268 241 24 23 1
rect:204 67 27 12 5
rect:446 271 17 19 5
rect:188 447 36 22 5
rect:357 183 12 24 1
rect:190 301 13 19 1
rect:188 19 35 15 5
rect:443 46 45 17 5
rect:190 148 17 38 1
rect:211 463 42 18 5
rect:302 234 34 13 5
rect:312 453 28 22 1
rect:385 509 24 17 5
rect:170 187 35 19 5
rect:198 234 21 24 5
rect:272 167 34 19 5
rect:454 154 43 18 5
rect:126 280 33 15 5
rect:222 94 26 20 5
rect:241 229 20 30 1
rect:214 258 25 26 8
rect:353 292 16 29 1
rect:317 136 26 18 5
rect:226 313 47 20 2
rect:221 527 25 20 5
rect:133 178 27 18 5
rect:257 439 26 25 1
rect:275 417 21 21 1
rect:149 319 40 18 5
rect:356 339 8 1 1
rect:295 109 32 13 5
rect:250 449 39 19 5
rect:315 31 22 21 5
Anchorage1964_05.jpg 0x0
rect:556 338 57 45 5
rect:531 1 42 63 1
rect:431 84 53 77 1
rect:573 248 57 16 6
rect:64 336 23 52 1
rect:532 300 62 29 5
rect:233 220 27 26 11
rect:130 83 18 53 1
rect:146 33 94 28 5
rect:27 309 29 37 1
rect:348 125 167 77 2
rect:80 100 19 45 1
rect:111 20 20 28 1
rect:170 167 99 44 6
rect:202 114 92 28 5
rect:592 438 47 77 8
rect:384 22 40 38 1
rect:50 71 26 55 1
rect:445 168 48 29 11
rect:749 313 38 29 6
rect:405 347 67 48 1
rect:627 142 49 76 1
rect:488 130 45 47 1
rect:506 338 33 90 8
rect:192 31 115 55 6
rect:32 380 26 44 1
rect:621 97 32 62 1
rect:65 283 21 29 1
rect:103 200 20 57 1
Anchorage1964_06.jpg 0x0
rect:165 112 74 243 3
rect:79 91 171 380 12
rect:173 210 63 72 11
Anchorage1964_07.jpg 0x0
rect:7 303 344 25 14
rect:333 157 47 148 3
rect:296 213 268 244 2
rect:270 131 192 174 11
rect:458 188 39 97 13
rect:232 2 118 60 2
rect:546 200 68 88 11
rect:20 287 199 28 11
rect:8 54 782 524 2
Anchorage1964_08.jpg 0x0
rect:31 409 78 113 1
rect:42 63 163 132 1
rect:388 24 131 110 1
rect:429 174 138 83 1
rect:411 498 106 131 1
rect:41 396 130 136 1
Anchorage1964_09.jpg 0x0
rect:485 235 59 79 8
rect:13 156 130 23 15
rect:10 15 68 10 16
rect:115 153 92 79 1
rect:483 234 1 1 16
rect:200 190 71 83 1
rect:124 110 251 12 15
rect:401 138 90 18 15
rect:366 9 287 15 15
rect:465 8 98 14 16
rect:83 335 77 80 8
rect:513 32 93 87 8
rect:94 56 84 74 8
rect:496 112 121 14 15
rect:507 135 77 65 1
rect:66 117 53 10 16
rect:17 153 26 7 16
rect:13 14 433 15 15
rect:516 117 78 51 1
Anchorage1964_10.jpg 0x0
rect:56 257 265 241 1
rect:89 504 413 125 18
rect:154 225 212 96 18
rect:202 320 118 158 17
Anchorage1964_11.jpg 0x0
rect:256 219 354 37 11
rect:73 133 411 85 2
rect:173 77 194 106 4
rect:95 299 512 26 14
rect:241 182 512 17 15
rect:63 348 608 16 14
rect:407 112 134 91 1
rect:682 7 76 32 1
Anchorage1964_12.jpg 0x0
rect:189 201 25 92 3
rect:478 73 136 167 11
rect:330 101 53 208 3
rect:256 66 59 167 3
rect:10 72 606 191 2
Anchorage1964_13.jpg 0x0
rect:407 375 100 10 19
rect:293 603 144 22 2
rect:420 439 36 146 20
Anchorage1964_14.jpg 0x0
rect:344 6 84 155 11
rect:181 443 45 61 22
rect:396 261 137 71 15
rect:44 658 46 52 22
rect:413 576 165 73 23
rect:77 293 113 34 15
rect:161 16 125 664 20
rect:198 326 88 92 21
rect:19 458 21 78 22
rect:265 13 87 229 11
rect:141 404 38 83 22
rect:11 734 173 97 11
Anchorage1964_15.jpg 0x0
rect:530 269 130 29 24
rect:182 66 69 341 20
rect:278 142 46 67 11
rect:538 9 116 71 4
rect:183 11 71 64 4
rect:383 253 106 58 11
rect:266 530 181 49 2
rect:250 156 50 102 25
rect:203 329 156 48 15
Anchorage1964_16.jpg 0x0
rect:276 98 245 117 2
rect:109 229 97 133 11
rect:10 137 186 221 2
rect:645 183 108 253 2
rect:206 260 214 140 11
rect:16 378 70 93 2
Anchorage1964_17.jpg 0x0
rect:359 51 202 236 9
rect:10 185 754 214 10
rect:9 145 180 141 9
Anchorage1964_18.jpg 0x0
rect:429 112 116 103 4
rect:129 253 58 53 11
rect:679 218 75 18 2
rect:444 324 45 24 2
rect:320 387 92 25 2
rect:145 161 78 100 4
rect:312 129 113 92 4
rect:177 254 20 36 11
rect:347 289 25 61 11
rect:487 293 357 22 15
Anchorage1964_19.jpg 0x0
rect:399 279 11 19 26
rect:32 311 44 72 27
rect:437 123 6 16 26
rect:621 158 7 9 26
rect:355 67 74 106 29
rect:422 118 46 77 29
rect:904 189 8 7 26
rect:317 168 19 35 26
rect:449 169 29 45 29
rect:379 149 13 38 26
rect:398 82 28 36 27
rect:510 234 23 49 26
rect:439 305 38 43 28
rect:252 267 56 68 26
rect:400 192 49 30 28
rect:350 123 46 44 26
rect:521 146 32 20 26
rect:6 275 96 101 26
Anchorage1964_20.jpg 0x0
rect:243 535 84 108 26
rect:220 116 110 62 26
rect:631 452 31 55 26
rect:184 97 74 59 27
rect:160 53 97 154 29
Anchorage1964_21.jpg 0x0
rect:114 211 553 138 30
rect:39 368 25 40 26
rect:2 112 42 37 26
rect:-7 60 71 177 29
Bingol2003_01.jpg 0x0
rect:537 247 62 73 6
rect:656 237 43 65 6
rect:37 313 74 49 33
rect:515 338 42 58 34
rect:2 443 1173 294 10
rect:547 77 158 179 31
rect:1016 379 112 82 33
rect:214 84 75 19 6
rect:530 581 184 84 6
rect:564 422 80 31 33
rect:689 246 157 160 31
rect:470 283 41 143 32
rect:553 91 81 104 6
rect:352 234 81 66 33
rect:910 171 89 91 33
rect:428 70 84 62 6
rect:377 456 75 70 6
rect:639 144 57 134 34
rect:159 152 83 77 33
Bingol2003_02.jpg 0x0
rect:127 319 82 411 32
rect:463 408 106 107 26
rect:352 309 92 88 6
rect:165 586 133 293 32
rect:383 165 503 151 35
rect:314 223 497 497 31
rect:195 96 323 208 34
rect:1145 71 123 55 36
Bingol2003_03.jpg 0x0
rect:817 189 327 415 4
rect:301 177 415 215 2
rect:76 18 136 42 2
rect:563 246 204 75 11
rect:125 34 139 123 33
rect:661 420 191 407 2
rect:493 -8 341 198 4
Bingol2003_04.jpg 0x0
rect:147 727 28 51 3
rect:94 557 100 107 2
rect:297 261 123 166 4
rect:296 558 35 82 3
rect:120 310 272 146 2
rect:230 596 109 70 2
rect:73 442 29 71 3
rect:217 556 39 95 3
CanterburyNZSeries2010_01.jpg 0x0
rect:79 124 146 390 12
CanterburyNZSeries2010_02.jpg 0x0
rect:35 10 210 310 37
rect:58 54 134 291 6
CanterburyNZSeries2010_03.jpg 0x0
rect:50 95 253 164 38
CanterburyNZSeries2010_04.jpg 0x0
rect:361 328 56 119 40
rect:302 359 16 75 40
rect:188 11 125 233 42
rect:193 419 76 253 41
rect:281 404 28 137 40
rect:170 202 156 254 39
rect:406 455 27 41 40
rect:278 373 33 60 40
CanterburyNZSeries2010_05.jpg 0x0
rect:375 164 100 115 15
rect:276 326 188 449 4
CanterburyNZSeries2010_06.jpg 0x0
rect:217 284 308 111 2
rect:81 108 578 574 4
CanterburyNZSeries2010_08.jpg 0x0
rect:816 307 133 133 44
rect:922 522 26 214 32
rect:493 158 132 266 43
rect:915 678 50 127 44
CanterburyNZSeries2010_09.jpg 0x0
rect:296 171 235 141 45
rect:319 275 159 498 39
CanterburyNZSeries2010_10.jpg 0x0
rect:327 340 232 84 46
rect:346 232 205 99 7
rect:182 363 303 99 6
rect:212 299 381 191 6
CanterburyNZSeries2010_11.jpg 0x0
rect:255 226 348 160 7
rect:360 220 382 164 5
CanterburyNZSeries2010_12.jpg 0x0
rect:452 476 197 58 11
rect:38 386 713 275 2
rect:5 191 981 351 47
rect:169 628 119 51 11
CanterburyNZSeries2010_13.jpg 0x0
rect:201 17 421 961 12
rect:378 162 85 622 11
Caracas1967_01.jpg 0x0
rect:260 166 95 127 48
rect:396 240 9 46 48
rect:439 63 206 277 48
rect:217 125 36 111 48
Caracas1967_02.jpg 0x0
rect:197 1 102 125 15
rect:151 266 44 63 49
rect:223 180 258 210 51
rect:169 278 47 32 50
Caracas1967_03.jpg 0x0
rect:212 268 25 54 27
rect:449 393 29 98 27
rect:327 74 74 74 14
rect:285 431 137 160 34
rect:18 463 226 94 6
rect:273 273 45 75 26
Caracas1967_04.jpg 0x0
rect:128 417 19 95 27
rect:102 414 44 107 26
rect:105 261 178 170 34
Caracas1967_05.jpg 0x0
rect:37 129 412 502 41
rect:252 191 48 240 40
rect:275 219 56 231 40
rect:291 278 52 178 40
rect:75 469 184 238 52
rect:75 236 73 193 40
rect:35 85 274 579 48
rect:175 342 56 188 40
rect:192 324 138 176 52
rect:144 287 50 231 40
Caracas1967_06.jpg 0x0
rect:279 85 234 219 7
rect:273 221 92 49 6
Caracas1967_07.jpg 0x0
rect:214 143 37 234 27
rect:317 434 119 72 53
rect:222 90 163 255 34
rect:465 255 111 114 53
rect:359 323 151 245 34
rect:359 9 91 344 34
rect:514 39 28 297 27
Caracas1967_08.jpg 0x0
rect:179 331 45 121 54
rect:213 313 52 84 55
rect:400 175 106 165 54
Caracas1967_09.jpg 0x0
rect:59 205 71 47 48
rect:179 129 96 100 48
rect:23 295 65 44 48
rect:551 12 192 150 48
Caracas1967_10.jpg 0x0
rect:258 177 66 168 40
rect:540 444 57 132 40
rect:13 183 345 308 48
rect:54 157 190 308 41
Caracas1967_11.jpg 0x0
rect:56 16 481 665 48
rect:74 224 331 500 41
rect:340 14 194 344 41
Caracas1967_12.jpg 0x0
rect:306 362 29 53 56
rect:599 254 16 57 32
rect:858 247 19 45 32
rect:615 308 33 51 34
Caracas1967_13.jpg 0x0
rect:169 320 91 201 55
Caracas1967_14.jpg 0x0
rect:184 271 202 32 6
rect:124 102 449 160 57
Chichi1999_01.jpg 0x0
rect:4 10 739 204 58
rect:303 142 40 166 42
Chichi1999_02.jpg 0x0
rect:7 111 337 178 58
rect:444 104 251 288 59
Chichi1999_03.jpg 0x0
rect:0 143 721 152 58
rect:99 184 76 142 60
Chichi1999_04.jpg 0x0
rect:173 185 101 235 48
rect:300 324 26 48 52
rect:179 -16 54 112 48
Chichi1999_05.jpg 0x0
rect:273 138 67 71 41
rect:397 132 75 172 48
rect:420 313 39 37 41
rect:383 181 26 77 52
Chichi1999_06.jpg 0x0
rect:336 134 48 50 62
rect:450 263 62 69 48
rect:157 14 370 150 10
rect:444 206 21 23 52
rect:742 -10 68 82 61
rect:738 176 44 76 41
Chichi1999_07.jpg 0x0
rect:819 341 17 17 64
rect:188 188 34 192 48
rect:185 168 31 50 64
rect:350 283 35 167 48
rect:57 206 587 122 63
rect:552 328 46 112 48
rect:407 190 25 43 64
Chichi1999_08.jpg 0x0
rect:95 14 617 587 10
Chichi1999_09.jpg 0x0
rect:257 110 26 58 40
rect:277 81 230 161 48
rect:209 92 43 78 40
rect:232 128 151 81 41
Chichi1999_10.jpg 0x0
rect:176 21 573 410 10
Chichi1999_11.jpg 0x0
rect:2 97 206 485 10
rect:180 180 77 130 65
Chichi1999_12.jpg 0x0
rect:9 27 423 547 66
Chichi1999_13.jpg 0x0
rect:25 39 658 441 10
Chichi1999_14.jpg 0x0
rect:112 349 39 65 67
rect:97 321 52 46 67
rect:184 188 76 53 67
rect:169 304 27 53 67
rect:380 440 27 30 39
rect:111 389 45 31 67
rect:131 187 39 80 67
rect:108 435 21 53 67
rect:307 449 21 38 39
rect:227 207 20 47 67
rect:271 446 37 41 67
rect:114 434 38 42 67
rect:329 568 24 40 39
rect:81 600 50 44 67
rect:310 310 44 47 39
rect:392 504 81 82 67
rect:144 361 37 67 67
Chichi1999_15.jpg 0x0
rect:325 30 290 439 41
Chichi1999_16.jpg 0x0
rect:192 135 74 114 32
Chichi1999_17.jpg 0x0
rect:144 409 25 50 32
Chichi1999_18.jpg 0x0
rect:201 248 125 313 68
rect:137 302 42 108 69
rect:329 262 38 107 69
rect:304 294 46 157 70
rect:231 412 31 160 69
rect:165 168 27 142 69
Chichi1999_19.jpg 0x0
rect:269 27 360 336 2
rect:286 121 168 358 3
YogyakartaInd2006_03.jpg 0x0
rect:291 557 288 30 15
rect:178 26 121 2 15
rect:451 86 76 49 16
rect:387 303 73 24 16
rect:291 371 385 190 71
rect:288 54 157 75 15
rect:303 206 23 8 16
rect:219 191 74 34 15
Chichi1999_20.jpg 0x0
rect:183 511 48 258 41
rect:213 208 121 428 42
Chichi1999_21.jpg 0x0
rect:167 105 180 285 72
rect:247 45 204 141 37
rect:326 333 93 93 6
rect:15 4 300 158 30
rect:173 335 189 132 37
rect:442 88 172 112 6
rect:321 7 172 91 57
rect:62 516 147 130 5
Chichi1999_22.jpg 0x0
rect:216 218 18 15 73
rect:239 148 346 132 10
rect:442 215 13 20 73
rect:294 270 17 14 73
Chichi1999_23.jpg 0x0
rect:85 273 52 97 34
rect:203 396 58 106 73
rect:295 176 27 33 26
rect:171 156 63 63 73
rect:159 216 31 30 34
rect:4 89 480 203 74
rect:137 283 61 124 73
rect:309 172 40 21 27
rect:267 308 44 94 34
rect:262 172 52 73 73
Chichi1999_24.jpg 0x0
rect:3 265 352 138 74
rect:336 295 1 2 46
rect:173 160 116 116 75
rect:238 224 41 70 46
rect:255 229 90 58 34
Chichi1999_25.jpg 0x0
rect:123 197 147 402 73
rect:147 319 36 61 26
rect:219 268 132 256 34
Chichi1999_26.jpg 0x0
rect:290 233 144 388 76
rect:162 124 64 107 73
rect:134 517 130 180 73
rect:115 747 72 56 26
rect:337 18 35 31 73
rect:167 515 134 118 27
Chichi1999_27.jpg 0x0
rect:219 257 79 242 32
Chichi1999_28.jpg 0x0
rect:129 123 167 233 5
rect:357 196 209 146 77
rect:327 154 171 167 75
rect:19 83 237 103 6
Chichi1999_29.jpg 0x0
rect:270 292 85 214 40
rect:151 181 98 161 52
rect:100 208 150 303 48
Chichi1999_30.jpg 0x0
rect:160 168 220 56 78
rect:30 211 117 213 73
rect:144 99 330 394 40
rect:159 164 180 97 52
Chichi1999_31.jpg 0x0
rect:157 77 92 367 79
rect:644 121 41 247 48
Chichi1999_32.jpg 0x0
rect:228 257 35 123 81
rect:584 187 56 164 39
rect:198 72 42 174 81
rect:176 8 114 297 80
Chichi1999_33.jpg 0x0
rect:330 60 145 280 32
rect:62 69 90 358 33
rect:275 101 41 94 49
rect:212 84 70 286 56
rect:164 129 74 195 32
rect:173 201 37 130 49
Chichi1999_34.jpg 0x0
rect:86 113 470 501 10
Duzce1999_01.jpg 0x0
rect:115 180 104 176 41
rect:125 48 98 306 39
Duzce1999_02.jpg 0x0
rect:95 64 107 332 41
Duzce1999_03.jpg 0x0
rect:207 86 65 299 31
rect:0 195 112 226 31
rect:96 93 131 303 42
Gediz1970_01.jpg 0x0
rect:168 294 84 273 69
rect:274 436 102 248 69
rect:119 121 295 556 68
Guatemala1976_01.jpg 0x0
rect:57 180 99 128 48
rect:19 139 451 179 82
rect:367 149 79 82 41
rect:59 153 67 41 52
rect:344 167 113 170 48
rect:63 207 62 39 41
Guatemala1976_02.jpg 0x0
rect:182 61 266 251 48
rect:210 83 104 83 40
Guatemala1976_03.jpg 0x0
rect:13 94 860 281 75
Guatemala1976_04.jpg 0x0
rect:553 190 105 222 4
rect:155 18 314 64 30
rect:51 62 612 206 30
rect:439 198 168 362 4
Guatemala1976_05.jpg 0x0
rect:210 149 369 123 41
rect:168 86 330 286 48
rect:127 178 435 236 40
Guatemala1976_06.jpg 0x0
rect:146 135 254 404 39
Guatemala1976_07.jpg 0x0
rect:202 619 123 102 83
rect:27 299 338 467 10
rect:25 362 53 41 6
Guatemala1976_08.jpg 0x0
rect:444 102 124 235 40
rect:136 31 514 428 48
rect:218 51 359 317 41
Guatemala1976_09.jpg 0x0
rect:92 351 39 26 84
rect:200 214 52 54 85
rect:111 295 37 24 85
rect:243 306 40 24 84
rect:257 193 68 31 85
rect:568 250 76 66 85
rect:407 316 51 67 84
rect:610 276 55 83 84
Guatemala1976_10.jpg 0x0
rect:231 118 166 180 87
rect:263 221 266 272 86
rect:342 360 29 144 87
Guatemala1976_11.jpg 0x0
rect:192 233 135 239 34
GujaratIndia2001_01.jpg 0x0
rect:212 328 269 110 2
rect:83 354 46 40 2
rect:30 335 188 210 4
rect:328 580 50 59 11
Haiti2010_01.jpg 0x0
rect:106 50 88 121 7
rect:542 342 100 106 4
rect:308 315 200 232 4
rect:357 365 27 133 40
rect:207 103 199 402 41
Haiti2010_02.jpg 0x0
rect:39 106 409 202 88
rect:259 22 133 47 14
Haiti2010_03.jpg 0x0
rect:186 442 251 275 89
rect:316 1 46 677 32
rect:172 388 49 58 49
rect:161 336 158 193 32
Haiti2010_04.jpg 0x0
rect:192 333 295 499 41
rect:2 108 247 194 6
rect:168 49 265 205 34
Haiti2010_05.jpg 0x0
rect:216 203 31 127 40
rect:418 253 35 95 40
rect:201 198 208 95 52
rect:215 116 332 490 90
Haiti2010_06.jpg 0x0
rect:205 352 293 443 91
rect:470 237 86 51 6
rect:572 153 75 84 34
rect:509 137 802 515 91
rect:184 244 30 36 34
rect:465 232 82 292 32
rect:383 141 237 269 33
ImperialValley1979_01.jpg 0x0
rect:553 388 18 20 49
rect:390 330 41 48 32
rect:60 304 67 117 50
rect:435 270 25 31 32
rect:13 358 64 54 49
rect:375 367 59 85 50
rect:406 361 45 42 32
rect:492 246 39 34 50
rect:365 309 51 18 49
rect:571 241 25 18 49
rect:10 311 149 91 32
ImperialValley1979_02.jpg 0x0
rect:214 92 156 178 32
rect:201 243 228 62 92
rect:324 273 105 56 49
rect:310 159 96 242 50
rect:187 100 97 164 50
rect:293 124 41 120 50
ImperialValley1979_03.jpg 0x0
rect:107 273 277 234 32
rect:126 423 303 26 92
rect:296 267 75 120 50
rect:127 251 63 188 50
rect:134 147 238 111 32
rect:118 295 250 35 92
rect:242 333 83 134 50
Izmit1999_01.jpg 0x0
rect:297 103 42 193 27
rect:211 272 32 100 27
rect:186 75 373 261 34
rect:343 316 70 52 26
rect:286 142 31 168 27
Izmit1999_02.jpg 0x0
rect:29 114 898 290 10
Izmit1999_03.jpg 0x0
rect:164 50 336 392 93
rect:369 75 43 184 50
rect:173 210 247 47 92
rect:178 138 50 172 50
rect:137 124 86 202 50
rect:298 122 44 160 50
rect:234 82 334 414 32
rect:635 97 70 271 50
Izmit1999_04.jpg 0x0
rect:247 244 94 84 41
rect:57 593 33 94 42
rect:355 365 30 82 40
rect:266 72 72 56 41
rect:458 294 16 65 40
rect:335 60 74 80 48
rect:181 235 107 88 88
rect:55 315 66 94 41
rect:37 401 71 68 34
rect:120 541 287 164 88
Izmit1999_05.jpg 0x0
rect:124 22 418 528 10
Izmit1999_06.jpg 0x0
rect:207 311 193 105 49
rect:287 369 53 184 50
rect:140 187 184 545 32
rect:135 207 83 186 50
rect:93 312 78 246 50
rect:273 319 51 116 50
Izmit1999_07.jpg 0x0
rect:281 49 117 44 6
rect:200 179 28 131 3
rect:21 104 329 542 2
rect:208 326 51 147 3
rect:313 218 92 274 4
rect:486 92 73 102 3
rect:218 277 48 105 3
Izmit1999_08.jpg 0x0
rect:409 75 54 78 41
rect:130 163 104 104 41
rect:181 435 85 70 45
rect:495 110 47 38 52
rect:187 32 115 94 34
rect:222 227 269 132 88
rect:520 7 118 74 45
Izmit1999_09.jpg 0x0
rect:56 187 34 42 41
rect:231 194 121 88 41
rect:803 286 66 70 41
rect:684 202 52 86 94
rect:237 280 37 36 41
rect:403 247 123 85 94
Izmit1999_10.jpg 0x0
rect:362 130 136 157 40
rect:232 175 49 217 40
rect:94 426 197 66 78
rect:86 164 65 257 40
rect:215 388 75 21 78
rect:43 279 419 50 78
rect:161 328 136 46 78
rect:120 162 62 311 40
rect:354 365 96 83 40
rect:250 484 44 105 40
rect:68 113 382 426 41
Izmit1999_11.jpg 0x0
rect:218 153 101 119 41
rect:161 593 138 163 41
rect:330 274 84 147 40
rect:170 243 83 139 40
rect:282 237 85 211 40
Izmit1999_12.jpg 0x0
rect:435 29 94 45 34
rect:46 300 56 53 52
rect:57 248 75 84 94
rect:111 61 25 19 6
rect:309 82 39 81 45
rect:463 107 46 114 41
rect:69 211 32 44 40
rect:417 264 57 136 41
rect:17 84 58 25 6
rect:410 141 228 170 91
rect:378 234 52 54 41
rect:155 192 96 71 88
rect:263 216 84 163 94
rect:407 213 58 127 42
rect:504 130 88 70 7
rect:1 271 24 31 41
rect:337 372 41 91 52
rect:347 198 35 23 6
Izmit1999_13.jpg 0x0
rect:167 236 38 83 41
rect:124 200 64 58 52
rect:240 61 178 274 48
rect:136 216 35 126 41
rect:111 220 86 138 94
rect:113 143 61 30 6
rect:5 55 89 214 42
rect:247 125 74 114 41
rect:357 141 112 173 41
Izmit1999_14.jpg 0x0
rect:386 359 41 27 34
rect:523 122 114 84 35
rect:62 195 120 57 34
rect:298 267 35 27 34
rect:581 345 51 31 34
rect:579 174 84 52 34
rect:279 58 64 60 95
rect:416 71 59 75 34
rect:495 6 167 77 35
Izmit1999_15.jpg 0x0
rect:192 130 237 378 42
Izmit1999_16.jpg 0x0
rect:179 72 169 125 41
rect:235 91 46 72 40
rect:161 87 272 210 39
rect:65 69 446 367 33
Izmit1999_17.jpg 0x0
rect:106 112 219 296 41
Izmit1999_18.jpg 0x0
rect:179 130 104 218 39
rect:235 136 87 169 41
Izmit1999_19.jpg 0x0
rect:184 64 321 298 96
rect:535 126 33 121 50
rect:245 117 215 225 32
rect:535 140 24 49 50
Kobe1995_01.jpg 0x0
rect:21 206 758 196 63
Kobe1995_02.jpg 0x0
rect:2 61 588 689 68
Kobe1995_03.jpg 0x0
rect:36 68 349 728 10
Kobe1995_04.jpg 0x0
rect:361 388 53 61 41
Kobe1995_05.jpg 0x0
rect:354 115 167 451 40
rect:176 152 287 487 52
rect:73 470 361 171 78
rect:40 359 348 84 78
rect:4 173 153 655 40
Kobe1995_06.jpg 0x0
rect:48 104 529 468 41
rect:243 267 336 388 42
Kobe1995_07.jpg 0x0
rect:378 220 36 31 39
rect:261 220 29 34 39
rect:268 393 39 52 39
rect:159 151 43 33 39
rect:339 167 43 51 39
rect:308 305 42 51 39
rect:271 126 28 42 39
rect:175 215 38 57 39
rect:342 163 54 55 39
rect:249 389 30 37 39
rect:201 334 44 25 39
rect:283 204 34 44 39
rect:504 390 31 41 39
rect:327 153 22 39 39
rect:35 396 46 22 39
rect:398 93 45 42 39
rect:167 520 41 26 39
rect:208 273 28 39 39
rect:177 91 38 39 39
rect:314 314 39 55 39
rect:42 331 40 58 39
rect:169 202 50 35 39
rect:233 248 31 38 39
rect:89 332 44 36 39
rect:446 366 38 38 39
rect:90 250 30 33 39
Kobe1995_08.jpg 0x0
rect:401 69 337 152 97
Kobe1995_09.jpg 0x0
rect:162 532 166 58 97
rect:114 548 89 106 88
rect:75 542 97 55 88
rect:80 647 78 64 88
SanSalvador_1986_01.jpg 0x0
rect:75 3 124 168 68
rect:218 167 81 196 41
SanSalvador_1986_02.jpg 0x0
rect:199 158 22 40 41
rect:376 316 42 48 41
rect:200 283 41 35 41
rect:190 206 24 36 41
rect:381 216 34 48 41
rect:313 102 17 28 41
rect:223 245 24 50 41
rect:254 213 35 44 41
rect:613 152 45 55 42
SikkimIndia2001_01.jpg 0x0
rect:152 193 108 139 34
SikkimIndia2001_02.jpg 0x0
rect:162 56 146 305 33
rect:-18 2 439 69 33
rect:277 210 69 54 16
rect:11 184 79 33 54
rect:10 6 426 64 16
rect:393 169 111 22 16
rect:323 110 131 153 33
rect:489 120 65 45 16
SikkimIndia2001_03.jpg 0x0
rect:297 194 123 194 70
rect:145 91 74 188 69
rect:206 13 203 514 98
SikkimIndia2001_04.jpg 0x0
rect:334 229 213 99 99
rect:3 24 206 346 99
rect:193 136 115 111 34
SumatraInd2009_01.jpg 0x0
rect:316 20 67 325 81
SumatraInd2009_02.jpg 0x0
rect:249 90 156 199 41
WhittierNarrows1987_01.jpg 0x0
rect:12 27 872 362 10
WhittierNarrows1987_02.jpg 0x0
rect:206 211 125 187 41
WhittierNarrows1987_03.jpg 0x0
rect:201 100 133 243 32
WhittierNarrows1987_04.jpg 0x0
rect:244 14 210 145 100
rect:253 41 85 274 41
rect:142 8 274 83 6
YogyakartaInd2006_01.jpg 0x0
rect:126 -27 431 666 29
rect:216 48 347 304 32
rect:336 104 374 55 49
YogyakartaInd2006_02.jpg 0x0
rect:333 71 86 131 70
rect:347 118 61 214 69
rect:419 60 109 467 98
