Anchorage1964_01.jpg 0x0
rect:64 5 186 218 1
rect:104 304 262 307 1
Anchorage1964_02.jpg 0x0
rect:577 249 19 65 3
rect:171 359 25 70 3
rect:89 218 56 12 6
rect:321 29 255 108 4
rect:392 280 13 50 3
rect:313 306 25 59 3
rect:34 182 111 41 5
rect:82 267 19 16 6
rect:33 23 174 48 5
rect:574 226 23 44 3
rect:96 114 66 54 7
rect:161 74 88 52 4
rect:353 269 24 63 3
rect:384 233 23 76 3
rect:97 42 88 11 6
rect:318 237 23 50 3
rect:367 70 114 122 8
rect:430 250 113 49 4
rect:183 281 331 93 2
Anchorage1964_03.jpg 0x0
rect:309 112 452 155 9
rect:2 199 172 103 9
rect:0 371 526 86 10
Anchorage1964_04.jpg 0x0
rect:322 143 21 35 1
rect:200 338 28 19 5
rect:145 617 74 12 2
rect:123 25 24 18 5
rect:411 361 35 13 5
rect:449 120 34 22 5
rect:143 437 34 15 5
rect:168 416 21 24 1
rect:202 45 26 14 5
rect:377 342 26 17 5
rect:137 246 36 21 5
rect:149 159 23 14 5
rect:210 357 18 34 1
rect:136 80 27 18 5
rect:175 178 34 22 5
rect:287 444 32 14 5
rect:284 109 17 28 1
rect:211 267 32 13 5
rect:403 325 20 18 5
rect:242 391 18 19 1
rect:321 163 28 22 5
rect:212 320 8 1 1
rect:260 112 31 14 5
rect:309 223 14 21 1
rect:259 250 19 26 1
rect:170 291 29 17 5
rect:235 216 25 19 5
rect:302 189 19 26 1
rect:159 364 34 14 5
rect:155 243 22 16 5
rect:205 266 18 19 8
rect:357 70 31 15 5
rect:294 230 22 27 1
rect:348 405 18 27 1
rect:290 366 17 19 1
rect:336 301 34 20 5
rect:434 37 28 24 5
rect:304 175 34 15 5
rect:340 293 27 13 5
Anchorage1964_05.jpg 0x0
rect:214 120 162 36 6
rect:569 311 71 37 5
rect:180 171 91 23 5
rect:73 238 20 52 1
rect:711 209 58 17 6
rect:319 75 53 67 1
rect:535 400 51 87 8
rect:316 160 111 56 2
rect:206 37 138 53 6
rect:107 110 14 52 1
rect:119 29 17 45 1
rect:610 260 51 49 1
rect:488 230 62 69 8
rect:437 290 57 20 11
rect:638 25 28 66 1
rect:763 194 51 44 5
rect:52 181 22 36 1
rect:437 151 45 66 1
rect:35 354 21 53 1
rect:40 463 24 48 1
rect:544 130 44 77 1
rect:64 163 19 36 1
rect:677 375 56 15 6
rect:77 105 20 36 1
rect:587 77 28 77 1
rect:222 171 25 22 11
rect:534 1 42 64 1
rect:66 59 24 34 1
rect:235 58 64 27 5
Anchorage1964_06.jpg 0x0
rect:189 116 97 369 3
rect:206 305 70 111 11
rect:84 87 267 299 12
Anchorage1964_07.jpg 0x0
rect:410 224 57 109 11
rect:146 2 91 75 2
rect:226 92 164 104 11
rect:453 290 254 159 2
rect:14 303 184 43 11
rect:8 67 740 337 2
rect:337 170 45 167 3
rect:367 191 63 137 13
rect:6 428 516 42 14
Anchorage1964_08.jpg 0x0
rect:231 30 114 118 1
rect:48 97 139 153 1
rect:58 337 92 103 1
rect:278 613 140 162 1
rect:411 242 108 97 1
rect:42 630 119 170 1
Anchorage1964_09.jpg 0x0
rect:674 128 131 17 15
rect:269 156 58 69 1
rect:127 99 242 12 15
rect:17 136 95 21 15
rect:512 188 65 81 8
rect:72 107 61 10 16
rect:473 102 106 25 15
rect:13 17 53 16 16
rect:814 163 1 1 16
rect:671 135 99 91 1
rect:271 196 53 67 1
rect:132 347 86 48 8
rect:135 206 56 55 1
rect:441 7 117 10 16
rect:72 44 80 78 8
rect:14 15 372 15 15
rect:20 135 26 12 16
rect:439 29 105 70 8
rect:490 7 315 12 15
Anchorage1964_10.jpg 0x0
rect:121 132 143 86 18
rect:151 231 69 113 17
rect:49 212 335 325 1
rect:98 280 326 153 18
Anchorage1964_11.jpg 0x0
rect:657 7 89 48 1
rect:678 110 139 84 1
rect:88 334 474 12 14
rect:169 169 375 23 15
rect:251 285 326 32 11
rect:129 174 387 82 2
rect:93 295 708 20 14
rect:112 55 146 84 4
Anchorage1964_12.jpg 0x0
rect:293 69 66 269 3
rect:9 89 489 342 2
rect:349 62 38 267 3
rect:180 223 22 127 3
rect:483 59 232 150 11
Anchorage1964_13.jpg 0x0
rect:413 382 85 14 19
rect:333 455 31 213 20
rect:422 357 164 21 2
Anchorage1964_14.jpg 0x0
rect:50 649 48 84 22
rect:405 6 74 138 11
rect:355 217 130 44 15
rect:206 243 66 90 21
rect:9 742 260 99 11
rect:280 11 56 169 11
rect:19 605 26 55 22
rect:414 625 219 71 23
rect:116 567 52 44 22
rect:203 13 110 543 20
rect:62 274 133 36 15
rect:123 515 32 66 22
Anchorage1964_15.jpg 0x0
rect:468 11 125 75 4
rect:294 259 119 40 24
rect:241 316 221 33 15
rect:149 89 84 565 20
rect:357 248 153 53 11
rect:203 123 63 93 25
rect:324 379 171 60 2
rect:177 129 42 59 11
rect:203 7 97 66 4
Anchorage1964_16.jpg 0x0
rect:648 182 130 145 2
rect:12 387 52 101 2
rect:286 117 237 130 2
rect:83 393 85 111 11
rect:178 213 336 221 11
rect:11 146 222 250 2
Anchorage1964_17.jpg 0x0
rect:237 51 250 190 9
rect:9 217 473 168 10
rect:12 150 188 89 9
Anchorage1964_18.jpg 0x0
rect:423 320 28 63 11
rect:587 250 37 21 2
rect:367 249 81 21 2
rect:291 204 297 22 15
rect:119 328 19 56 11
rect:188 140 75 75 4
rect:306 114 128 95 4
rect:529 341 56 18 2
rect:373 177 82 81 4
rect:95 210 74 33 11
Anchorage1964_19.jpg 0x0
rect:33 257 32 124 27
rect:862 170 9 11 26
rect:7 239 99 149 26
rect:318 154 8 24 26
rect:386 139 17 52 29
rect:241 277 59 52 26
rect:674 115 10 7 26
rect:221 76 44 43 26
rect:387 111 20 41 27
rect:384 287 38 27 28
rect:222 79 63 94 29
rect:535 94 15 45 26
rect:484 132 40 80 29
rect:439 142 40 39 28
rect:494 138 25 25 26
rect:399 303 18 40 26
rect:413 198 12 31 26
rect:425 128 6 20 26
Anchorage1964_20.jpg 0x0
rect:215 71 183 117 29
rect:172 94 71 77 26
rect:462 669 36 98 26
rect:211 359 62 133 26
rect:262 101 96 49 27
Anchorage1964_21.jpg 0x0
rect:2 91 47 49 26
rect:45 406 42 28 26
rect:-6 77 99 202 29
rect:197 148 479 119 30
Bingol2003_01.jpg 0x0
rect:866 306 82 32 33
rect:868 288 115 49 33
rect:979 267 115 79 33
rect:560 259 47 245 32
rect:359 53 74 70 6
rect:383 251 57 72 34
rect:574 204 99 46 6
rect:27 174 82 86 33
rect:232 101 76 29 6
rect:404 333 197 165 31
rect:520 202 44 128 34
rect:580 212 51 56 6
rect:477 505 118 76 6
rect:185 215 67 69 33
rect:599 79 169 254 31
rect:2 328 917 319 10
rect:581 163 94 69 6
rect:320 218 52 87 33
rect:488 397 94 76 6
Bingol2003_02.jpg 0x0
rect:508 259 88 96 26
rect:215 245 594 435 31
rect:245 410 67 104 6
rect:1109 45 149 65 36
rect:134 233 94 468 32
rect:136 86 366 135 34
rect:324 183 527 115 35
rect:117 561 152 238 32
Bingol2003_03.jpg 0x0
rect:638 190 341 498 4
rect:668 506 206 388 2
rect:712 -7 250 164 4
rect:489 189 234 68 11
rect:83 32 186 41 2
rect:282 137 396 194 2
rect:90 34 120 82 33
Bingol2003_04.jpg 0x0
rect:104 571 18 62 3
rect:413 764 106 76 2
rect:319 427 50 161 3
rect:327 311 111 156 4
rect:67 464 67 87 2
rect:138 501 31 89 3
rect:176 558 195 222 2
rect:150 486 36 87 3
CanterburyNZSeries2010_01.jpg 0x0
rect:96 97 126 382 12
CanterburyNZSeries2010_02.jpg 0x0
rect:37 52 198 301 6
rect:50 9 196 371 37
CanterburyNZSeries2010_03.jpg 0x0
rect:53 81 387 171 38
CanterburyNZSeries2010_04.jpg 0x0
rect:166 344 117 275 41
rect:265 269 34 152 40
rect:338 465 63 154 40
rect:245 294 184 365 39
rect:224 8 80 223 42
rect:467 390 14 69 40
rect:252 362 27 35 40
rect:243 437 26 87 40
CanterburyNZSeries2010_05.jpg 0x0
rect:330 237 186 124 15
rect:205 246 175 358 4
CanterburyNZSeries2010_06.jpg 0x0
rect:194 160 302 96 2
rect:67 88 818 558 4
CanterburyNZSeries2010_08.jpg 0x0
rect:526 440 98 92 44
rect:514 189 120 282 43
rect:589 408 32 208 32
rect:989 654 47 104 44
CanterburyNZSeries2010_09.jpg 0x0
rect:318 389 172 387 39
rect:312 154 160 185 45
CanterburyNZSeries2010_10.jpg 0x0
rect:285 571 218 110 6
rect:358 179 303 148 7
rect:252 262 247 161 6
rect:351 227 207 81 46
CanterburyNZSeries2010_11.jpg 0x0
rect:294 290 379 130 7
rect:218 350 349 164 5
CanterburyNZSeries2010_12.jpg 0x0
rect:205 589 170 39 11
rect:6 291 1194 447 47
rect:611 544 212 76 11
rect:36 389 571 336 2
CanterburyNZSeries2010_13.jpg 0x0
rect:120 17 432 964 12
rect:349 128 96 324 11
Caracas1967_01.jpg 0x0
rect:418 62 184 242 48
rect:407 149 87 129 48
rect:276 238 12 82 48
rect:407 159 30 67 48
Caracas1967_02.jpg 0x0
rect:165 340 36 66 49
rect:219 155 197 213 51
rect:266 1 83 111 15
rect:152 526 29 40 50
Caracas1967_03.jpg 0x0
rect:306 335 58 62 26
rect:235 426 30 125 27
rect:17 300 229 105 6
rect:222 262 92 140 34
rect:279 66 92 67 14
rect:362 363 43 44 27
Caracas1967_04.jpg 0x0
rect:153 362 15 67 27
rect:169 372 215 183 34
rect:153 352 36 106 26
Caracas1967_05.jpg 0x0
rect:185 302 72 157 40
rect:74 410 67 336 40
rect:408 196 45 217 40
rect:437 192 47 261 40
rect:33 81 302 543 48
rect:64 417 250 149 52
rect:31 156 319 624 41
rect:262 322 125 193 52
rect:148 264 38 155 40
rect:166 389 46 239 40
Caracas1967_06.jpg 0x0
rect:253 113 325 265 7
rect:378 261 81 45 6
Caracas1967_07.jpg 0x0
rect:349 426 121 90 53
rect:446 212 74 132 53
rect:333 250 117 317 34
rect:284 103 56 208 27
rect:232 152 180 251 34
rect:445 6 67 214 34
rect:314 37 29 190 27
Caracas1967_08.jpg 0x0
rect:236 282 70 104 55
rect:376 181 58 127 54
rect:252 207 75 85 54
Caracas1967_09.jpg 0x0
rect:82 198 58 79 48
rect:19 243 42 51 48
rect:478 12 158 206 48
rect:127 199 117 78 48
Caracas1967_10.jpg 0x0
rect:15 134 326 531 48
rect:285 153 74 196 40
rect:47 214 310 361 41
rect:439 255 94 176 40
Caracas1967_11.jpg 0x0
rect:329 11 158 279 41
rect:51 17 321 880 48
rect:71 276 213 613 41
Caracas1967_12.jpg 0x0
rect:742 254 18 55 32
rect:606 298 20 49 32
rect:655 253 29 30 34
rect:274 211 31 36 56
Caracas1967_13.jpg 0x0
rect:182 507 153 282 55
Caracas1967_14.jpg 0x0
rect:187 259 299 40 6
rect:135 119 539 266 57
Chichi1999_01.jpg 0x0
rect:258 141 35 236 42
rect:4 8 777 128 58
Chichi1999_02.jpg 0x0
rect:333 78 206 430 59
rect:6 75 299 187 58
Chichi1999_03.jpg 0x0
rect:0 153 861 209 58
rect:57 166 64 131 60
Chichi1999_04.jpg 0x0
rect:293 -17 54 122 48
rect:232 246 55 382 48
rect:169 295 37 78 52
Chichi1999_05.jpg 0x0
rect:281 274 29 36 41
rect:356 172 58 68 41
rect:299 190 45 76 52
rect:293 123 104 205 48
Chichi1999_06.jpg 0x0
rect:202 16 483 243 10
rect:394 115 43 79 62
rect:264 165 53 106 48
rect:547 164 37 59 41
rect:439 -12 80 89 61
rect:453 171 19 23 52
Chichi1999_07.jpg 0x0
rect:327 213 60 114 48
rect:613 328 17 19 64
rect:209 203 28 54 64
rect:69 217 518 143 63
rect:432 283 38 37 64
rect:646 239 33 134 48
rect:183 129 55 178 48
Chichi1999_08.jpg 0x0
rect:93 19 588 447 10
Chichi1999_09.jpg 0x0
rect:144 59 141 195 48
rect:190 80 46 101 40
rect:194 111 34 69 40
rect:171 123 138 67 41
Chichi1999_10.jpg 0x0
rect:217 21 729 392 10
Chichi1999_11.jpg 0x0
rect:194 176 93 68 65
rect:2 186 126 424 10
Chichi1999_12.jpg 0x0
rect:10 29 508 686 66
Chichi1999_13.jpg 0x0
rect:45 37 513 428 10
Chichi1999_14.jpg 0x0
rect:154 470 30 39 67
rect:157 256 50 57 67
rect:169 194 76 54 67
rect:374 263 33 54 39
rect:94 501 27 37 67
rect:264 244 14 49 67
rect:111 269 41 44 67
rect:282 468 45 42 67
rect:59 612 43 35 67
rect:80 358 79 60 67
rect:237 662 58 59 67
rect:207 565 39 36 39
rect:242 330 23 57 67
rect:258 496 27 22 39
rect:201 381 21 68 67
rect:117 423 31 48 67
rect:205 479 30 37 39
Chichi1999_15.jpg 0x0
rect:212 38 299 448 41
Chichi1999_16.jpg 0x0
rect:183 159 76 143 32
Chichi1999_17.jpg 0x0
rect:114 360 25 31 32
Chichi1999_18.jpg 0x0
rect:139 162 191 503 68
rect:179 187 23 135 69
rect:198 372 28 142 69
rect:197 197 31 112 69
rect:281 368 41 157 70
rect:198 265 36 95 69
Chichi1999_19.jpg 0x0
rect:253 25 262 511 2
rect:159 148 181 190 3
YogyakartaInd2006_03.jpg 0x0
rect:274 313 180 24 15
rect:235 361 290 104 71
rect:309 325 67 33 16
rect:364 79 114 36 16
rect:325 117 21 6 16
rect:370 91 119 42 15
rect:207 192 66 29 15
rect:279 21 77 2 15
Chichi1999_20.jpg 0x0
rect:311 514 60 150 41
rect:169 222 106 285 42
Chichi1999_21.jpg 0x0
rect:465 41 330 179 37
rect:337 110 209 131 6
rect:58 308 207 92 5
rect:217 228 174 195 37
rect:269 298 73 164 6
rect:394 6 104 132 57
rect:139 137 285 215 72
rect:16 4 161 149 30
Chichi1999_22.jpg 0x0
rect:476 205 13 21 73
rect:310 248 12 25 73
rect:253 112 210 124 10
rect:278 264 22 19 73
Chichi1999_23.jpg 0x0
rect:342 286 48 68 34
rect:110 407 34 100 34
rect:108 161 25 28 34
rect:260 141 33 27 27
rect:288 226 91 130 73
rect:218 215 40 66 73
rect:158 189 72 53 73
rect:4 51 569 191 74
rect:116 406 61 93 73
rect:341 145 21 21 26
Chichi1999_24.jpg 0x0
rect:182 134 111 118 75
rect:3 426 281 180 74
rect:250 143 50 56 46
rect:312 319 1 2 46
rect:193 322 85 66 34
Chichi1999_25.jpg 0x0
rect:166 167 181 360 73
rect:141 242 102 160 34
rect:190 236 46 78 26
Chichi1999_26.jpg 0x0
rect:295 16 37 28 73
rect:299 286 137 378 76
rect:120 612 163 148 73
rect:147 708 114 149 27
rect:165 586 63 55 26
rect:168 139 47 86 73
Chichi1999_27.jpg 0x0
rect:175 287 112 235 32
Chichi1999_28.jpg 0x0
rect:250 131 210 214 75
rect:120 87 182 294 5
rect:235 327 230 131 77
rect:17 69 292 97 6
Chichi1999_29.jpg 0x0
rect:234 236 99 134 52
rect:233 188 113 204 40
rect:173 233 211 256 48
Chichi1999_30.jpg 0x0
rect:36 330 88 123 73
rect:283 153 209 73 52
rect:182 240 151 58 78
rect:208 142 240 402 40
Chichi1999_31.jpg 0x0
rect:621 111 37 131 48
rect:171 89 165 304 79
Chichi1999_32.jpg 0x0
rect:458 176 49 212 39
rect:162 8 72 425 80
rect:135 176 38 156 81
rect:190 77 57 155 81
Chichi1999_33.jpg 0x0
rect:186 112 149 344 32
rect:84 61 93 327 33
rect:136 145 81 229 32
rect:208 110 36 104 49
rect:97 118 58 118 49
rect:316 94 88 305 56
Chichi1999_34.jpg 0x0
rect:141 111 422 455 10
Duzce1999_01.jpg 0x0
rect:146 154 137 114 41
rect:180 66 83 298 39
Duzce1999_02.jpg 0x0
rect:95 45 163 276 41
Duzce1999_03.jpg 0x0
rect:0 197 103 190 31
rect:298 126 125 338 31
rect:89 108 135 213 42
Gediz1970_01.jpg 0x0
rect:233 385 73 210 69
rect:114 356 117 220 69
rect:146 79 226 505 68
Guatemala1976_01.jpg 0x0
rect:398 119 70 76 41
rect:39 177 42 49 41
rect:31 161 692 202 82
rect:43 191 122 92 48
rect:69 189 73 58 52
rect:415 174 192 146 48
Guatemala1976_02.jpg 0x0
rect:315 85 87 132 40
rect:185 74 334 258 48
Guatemala1976_03.jpg 0x0
rect:17 103 922 333 75
Guatemala1976_04.jpg 0x0
rect:629 224 158 290 4
rect:362 312 73 251 4
rect:48 94 342 289 30
rect:107 24 334 97 30
Guatemala1976_05.jpg 0x0
rect:133 80 300 397 48
rect:250 179 375 117 41
rect:185 160 362 141 40
Guatemala1976_06.jpg 0x0
rect:90 119 160 486 39
Guatemala1976_07.jpg 0x0
rect:28 265 373 268 10
rect:26 379 81 68 6
rect:239 435 129 97 83
Guatemala1976_08.jpg 0x0
rect:241 95 171 222 40
rect:214 71 451 254 41
rect:125 25 451 499 48
Guatemala1976_09.jpg 0x0
rect:65 347 39 19 85
rect:601 353 47 59 84
rect:190 277 63 70 85
rect:258 252 63 38 85
rect:88 310 25 25 84
rect:178 371 43 37 84
rect:760 279 81 54 85
rect:403 232 41 65 84
Guatemala1976_10.jpg 0x0
rect:311 248 35 141 87
rect:218 139 247 156 87
rect:195 227 180 235 86
Guatemala1976_11.jpg 0x0
rect:240 289 129 273 34
GujaratIndia2001_01.jpg 0x0
rect:302 438 74 48 11
rect:70 373 63 41 2
rect:23 341 184 166 4
rect:127 479 265 86 2
Haiti2010_01.jpg 0x0
rect:200 166 212 300 41
rect:499 269 112 87 4
rect:349 374 169 230 4
rect:98 43 108 139 7
rect:259 200 20 118 40
Haiti2010_02.jpg 0x0
rect:47 79 355 189 88
rect:284 35 162 62 14
Haiti2010_03.jpg 0x0
rect:219 803 289 241 89
rect:257 443 83 81 49
rect:478 1 64 424 32
rect:273 366 169 234 32
Haiti2010_04.jpg 0x0
rect:259 53 219 214 34
rect:115 339 258 716 41
rect:2 131 306 112 6
Haiti2010_05.jpg 0x0
rect:266 178 355 455 90
rect:280 252 29 77 40
rect:312 314 233 143 52
rect:447 237 35 84 40
Haiti2010_06.jpg 0x0
rect:550 133 76 94 34
rect:473 280 90 274 32
rect:295 177 76 36 6
rect:162 197 33 51 34
rect:227 212 230 341 91
rect:344 198 188 369 33
rect:693 119 811 763 91
ImperialValley1979_01.jpg 0x0
rect:49 273 129 97 50
rect:434 253 48 48 32
rect:300 312 42 25 49
rect:538 402 32 20 49
rect:459 384 28 37 50
rect:532 367 32 29 32
rect:384 303 61 67 50
rect:451 268 61 62 32
rect:17 326 73 72 49
rect:12 369 161 139 32
rect:607 244 20 15 49
ImperialValley1979_02.jpg 0x0
rect:208 89 191 264 32
rect:287 241 155 48 49
rect:320 226 49 135 50
rect:470 134 95 152 50
rect:153 178 359 61 92
rect:234 103 91 239 50
ImperialValley1979_03.jpg 0x0
rect:113 426 330 43 92
rect:196 164 158 111 32
rect:193 432 62 153 50
rect:143 243 191 193 32
rect:80 219 89 179 50
rect:352 288 49 216 50
rect:97 446 223 32 92
Izmit1999_01.jpg 0x0
rect:251 63 60 160 27
rect:204 164 28 124 27
rect:188 99 272 252 34
rect:457 311 54 80 26
rect:260 108 50 195 27
Izmit1999_02.jpg 0x0
rect:35 112 805 221 10
Izmit1999_03.jpg 0x0
rect:462 66 68 222 50
rect:210 30 455 464 93
rect:247 77 254 306 32
rect:205 180 345 34 92
rect:296 135 43 195 50
rect:522 95 30 179 50
rect:405 112 44 305 50
rect:164 108 71 264 50
Izmit1999_04.jpg 0x0
rect:52 324 71 55 34
rect:283 474 22 66 40
rect:362 277 94 59 41
rect:68 423 40 91 42
rect:278 67 102 55 41
rect:191 235 145 70 88
rect:347 91 79 126 48
rect:74 608 53 72 41
rect:447 389 27 84 40
rect:97 662 283 124 88
Izmit1999_05.jpg 0x0
rect:118 31 601 541 10
Izmit1999_06.jpg 0x0
rect:149 314 136 80 49
rect:119 172 71 248 50
rect:144 200 104 250 50
rect:282 310 61 107 50
rect:126 185 223 525 32
rect:201 262 42 158 50
Izmit1999_07.jpg 0x0
rect:186 332 51 116 3
rect:318 45 144 61 6
rect:237 259 29 93 3
rect:160 185 52 131 3
rect:16 93 434 772 2
rect:251 212 68 391 4
rect:307 88 85 85 3
Izmit1999_08.jpg 0x0
rect:679 87 60 82 41
rect:136 141 72 107 41
rect:130 533 94 114 45
rect:237 182 216 107 88
rect:159 27 108 93 34
rect:379 6 121 76 45
rect:696 101 57 30 52
Izmit1999_09.jpg 0x0
rect:782 307 46 87 94
rect:36 207 40 62 41
rect:614 193 40 55 41
rect:246 242 34 35 41
rect:399 184 109 74 94
rect:366 341 76 115 41
Izmit1999_10.jpg 0x0
rect:125 481 163 47 78
rect:241 149 73 187 40
rect:35 208 411 46 78
rect:252 99 143 107 40
rect:196 456 62 80 40
rect:127 306 367 48 78
rect:230 529 84 135 40
rect:360 749 54 36 78
rect:112 231 95 248 40
rect:70 155 113 211 40
rect:105 121 361 477 41
Izmit1999_11.jpg 0x0
rect:272 319 74 225 40
rect:168 317 52 133 40
rect:151 204 92 125 41
rect:215 320 144 117 41
rect:247 275 79 187 40
Izmit1999_12.jpg 0x0
rect:357 80 54 93 41
rect:521 172 60 44 41
rect:17 62 31 29 6
rect:43 321 72 82 52
rect:39 191 68 125 94
rect:378 198 110 191 94
rect:410 151 38 55 45
rect:116 78 34 26 6
rect:403 126 61 56 7
rect:341 211 46 93 42
rect:160 166 58 64 88
rect:205 140 57 25 6
rect:246 239 58 111 52
rect:343 223 72 95 41
rect:556 19 89 72 34
rect:1 241 40 51 41
rect:113 327 32 51 40
rect:353 202 212 229 91
Izmit1999_13.jpg 0x0
rect:268 70 240 412 48
rect:5 102 77 169 42
rect:157 261 37 122 41
rect:260 120 85 268 41
rect:173 295 38 82 41
rect:125 88 48 56 6
rect:142 261 71 63 52
rect:351 118 72 139 41
rect:184 261 81 113 94
Izmit1999_14.jpg 0x0
rect:515 214 82 49 34
rect:331 119 92 76 35
rect:71 142 79 65 34
rect:313 70 89 92 34
rect:309 366 48 41 34
rect:318 308 65 43 34
rect:407 6 134 81 35
rect:459 60 53 65 95
rect:374 326 34 22 34
Izmit1999_15.jpg 0x0
rect:138 192 253 441 42
Izmit1999_16.jpg 0x0
rect:111 80 385 570 33
rect:209 130 35 127 40
rect:128 78 266 394 39
rect:131 75 162 118 41
Izmit1999_17.jpg 0x0
rect:119 116 210 219 41
Izmit1999_18.jpg 0x0
rect:154 139 118 372 39
rect:177 176 119 168 41
Izmit1999_19.jpg 0x0
rect:544 164 21 103 50
rect:173 167 311 290 32
rect:292 69 224 379 96
rect:342 206 19 60 50
Kobe1995_01.jpg 0x0
rect:18 189 1035 134 63
Kobe1995_02.jpg 0x0
rect:2 42 386 417 68
Kobe1995_03.jpg 0x0
rect:38 59 371 714 10
Kobe1995_04.jpg 0x0
rect:365 263 54 66 41
Kobe1995_05.jpg 0x0
rect:72 468 252 159 78
rect:420 137 211 366 40
rect:44 349 380 91 78
rect:4 118 97 470 40
rect:97 126 187 566 52
Kobe1995_06.jpg 0x0
rect:39 152 422 463 41
rect:160 342 305 448 42
Kobe1995_07.jpg 0x0
rect:427 343 41 30 39
rect:511 297 31 46 39
rect:232 194 39 39 39
rect:148 415 35 40 39
rect:320 306 42 31 39
rect:63 200 48 49 39
rect:291 96 41 33 39
rect:375 559 49 30 39
rect:289 321 34 38 39
rect:493 365 32 34 39
rect:236 136 30 44 39
rect:130 129 49 35 39
rect:294 197 46 49 39
rect:260 181 53 53 39
rect:215 118 38 48 39
rect:48 374 33 32 39
rect:200 404 37 41 39
rect:236 229 28 39 39
rect:197 166 35 42 39
rect:133 243 40 56 39
rect:150 454 42 37 39
rect:314 332 38 40 39
rect:131 335 33 30 39
rect:188 384 23 34 39
rect:473 225 51 57 39
rect:399 422 35 50 39
Kobe1995_08.jpg 0x0
rect:397 51 569 183 97
Kobe1995_09.jpg 0x0
rect:97 724 96 80 88
rect:75 478 70 66 88
rect:67 818 76 63 88
rect:172 422 180 86 97
SanSalvador_1986_01.jpg 0x0
rect:174 132 79 238 41
rect:54 3 131 274 68
SanSalvador_1986_02.jpg 0x0
rect:131 327 24 34 41
rect:543 166 44 49 42
rect:219 158 40 28 41
rect:170 227 32 35 41
rect:240 138 12 27 41
rect:378 186 54 43 41
rect:461 168 29 31 41
rect:458 192 49 59 41
rect:282 334 29 53 41
SikkimIndia2001_01.jpg 0x0
rect:261 205 140 115 34
SikkimIndia2001_02.jpg 0x0
rect:284 294 95 44 16
rect:189 73 163 394 33
rect:379 77 81 119 33
rect:-11 2 274 124 33
rect:496 270 103 13 16
rect:10 6 237 71 16
rect:587 121 76 40 16
rect:9 146 66 50 54
SikkimIndia2001_03.jpg 0x0
rect:258 70 63 237 69
rect:202 140 83 181 70
rect:258 9 200 350 98
SikkimIndia2001_04.jpg 0x0
rect:3 31 193 271 99
rect:462 215 353 74 99
rect:326 124 82 216 34
SumatraInd2009_01.jpg 0x0
rect:274 21 47 319 81
SumatraInd2009_02.jpg 0x0
rect:221 70 199 161 41
WhittierNarrows1987_01.jpg 0x0
rect:13 23 981 470 10
WhittierNarrows1987_02.jpg 0x0
rect:175 341 97 291 41
WhittierNarrows1987_03.jpg 0x0
rect:360 92 109 242 32
WhittierNarrows1987_04.jpg 0x0
rect:215 12 205 154 100
rect:144 6 306 56 6
rect:232 74 99 167 41
YogyakartaInd2006_01.jpg 0x0
rect:337 134 197 76 49
rect:147 -27 403 400 29
rect:294 28 308 285 32
YogyakartaInd2006_02.jpg 0x0
rect:295 147 46 228 69
rect:300 120 57 156 70
rect:337 70 149 407 98
