Anchorage1964_01.jpg 0x0
rect:70 350 280 167 1
rect:91 8 218 134 1
Anchorage1964_02.jpg 0x0
rect:251 344 32 69 3
rect:334 268 27 60 3
rect:222 312 26 52 3
rect:122 201 69 62 7
rect:252 261 25 52 3
rect:411 220 18 64 3
rect:150 156 38 12 6
rect:161 63 91 96 4
rect:143 257 350 104 2
rect:457 323 27 50 3
rect:457 50 144 139 8
rect:79 33 98 18 6
rect:462 348 11 59 3
rect:69 289 22 24 6
rect:328 335 19 64 3
rect:39 220 101 32 5
rect:50 21 176 51 5
rect:333 41 202 61 4
rect:494 143 113 63 4
Anchorage1964_03.jpg 0x0
rect:316 114 492 143 9
rect:0 236 793 50 10
rect:2 274 293 63 9
Anchorage1964_04.jpg 0x0
rect:146 32 37 15 5
rect:413 130 20 14 5
rect:359 172 39 20 5
rect:146 476 39 16 5
rect:361 353 24 17 5
rect:192 512 27 20 5
rect:119 158 29 19 5
rect:205 300 17 41 1
rect:276 98 34 13 5
rect:234 496 22 26 1
rect:276 310 16 28 1
rect:346 167 18 27 1
rect:210 228 32 16 5
rect:328 50 35 22 5
rect:362 140 19 31 1
rect:326 247 27 19 5
rect:468 338 26 19 5
rect:427 396 28 22 5
rect:131 471 32 19 5
rect:154 105 30 19 5
rect:340 419 12 26 1
rect:299 21 28 19 5
rect:267 476 16 27 1
rect:178 65 40 11 5
rect:247 322 19 19 5
rect:247 271 26 18 5
rect:209 231 23 25 1
rect:113 245 30 15 5
rect:148 492 44 17 2
rect:309 120 27 16 5
rect:333 215 18 27 1
rect:271 186 35 22 5
rect:238 335 23 26 8
rect:175 283 33 16 5
rect:221 165 37 12 5
rect:334 166 16 19 1
rect:281 334 9 1 1
rect:351 425 18 23 1
rect:153 165 28 22 5
Anchorage1964_05.jpg 0x0
rect:412 87 47 61 1
rect:216 46 80 40 6
rect:165 195 168 37 6
rect:497 320 42 43 5
rect:80 366 20 53 1
rect:48 369 21 43 1
rect:542 1 43 56 1
rect:253 230 95 59 2
rect:374 300 51 55 8
rect:739 457 55 12 6
rect:444 247 53 19 6
rect:399 221 57 51 1
rect:589 255 39 86 1
rect:811 433 71 34 5
rect:113 133 20 48 1
rect:330 119 35 56 1
rect:43 306 25 37 1
rect:191 169 128 26 5
rect:220 248 25 27 11
rect:261 227 49 30 11
rect:30 461 28 70 1
rect:243 49 75 28 5
rect:117 24 25 50 1
rect:76 67 25 55 1
rect:78 205 26 47 1
rect:396 378 48 50 8
rect:417 21 47 58 1
rect:432 126 31 58 1
rect:64 143 16 46 1
Anchorage1964_06.jpg 0x0
rect:155 311 60 73 11
rect:123 138 99 385 3
rect:100 100 216 294 12
Anchorage1964_07.jpg 0x0
rect:20 226 192 29 11
rect:418 128 66 89 13
rect:541 145 56 63 11
rect:252 100 186 166 11
rect:421 247 356 143 2
rect:316 149 36 133 3
rect:253 2 100 64 2
rect:8 67 799 465 2
rect:5 401 533 27 14
Anchorage1964_08.jpg 0x0
rect:62 57 127 154 1
rect:32 546 120 133 1
rect:405 339 132 99 1
rect:64 293 107 136 1
rect:456 396 95 165 1
rect:379 28 89 139 1
Anchorage1964_09.jpg 0x0
rect:19 130 24 10 16
rect:114 296 70 60 8
rect:617 125 120 16 15
rect:13 161 97 18 15
rect:800 220 1 1 16
rect:185 127 389 13 15
rect:68 166 53 11 16
rect:260 142 78 63 1
rect:10 15 447 11 15
rect:98 43 71 52 8
rect:277 210 69 74 1
rect:14 17 55 14 16
rect:590 29 94 50 8
rect:441 8 232 11 15
rect:69 165 59 71 1
rect:370 110 131 20 15
rect:528 201 95 70 8
rect:611 200 80 71 1
rect:668 12 106 11 16
Anchorage1964_10.jpg 0x0
rect:142 259 116 94 17
rect:64 134 327 300 1
rect:124 152 201 100 18
rect:72 360 323 155 18
Anchorage1964_11.jpg 0x0
rect:104 412 758 16 14
rect:636 160 161 75 1
rect:230 167 202 34 11
rect:209 169 318 18 15
rect:497 5 143 36 1
rect:91 161 656 101 2
rect:141 65 220 144 4
rect:70 362 443 12 14
Anchorage1964_12.jpg 0x0
rect:214 88 58 276 3
rect:322 58 229 164 11
rect:327 84 52 174 3
rect:9 85 472 312 2
rect:185 188 33 78 3
Anchorage1964_13.jpg 0x0
rect:258 487 141 17 19
rect:461 482 39 142 20
rect:284 494 242 19 2
Anchorage1964_14.jpg 0x0
rect:142 575 29 56 22
rect:21 692 34 60 22
rect:158 350 68 90 21
rect:347 256 173 57 15
rect:98 458 37 82 22
rect:192 12 114 633 20
rect:205 11 81 260 11
rect:55 402 53 52 22
rect:325 5 105 183 11
rect:10 781 227 111 11
rect:80 189 115 34 15
rect:277 447 191 62 23
Anchorage1964_15.jpg 0x0
rect:514 8 116 85 4
rect:438 311 91 39 11
rect:372 136 38 120 25
rect:527 190 75 46 24
rect:218 8 95 59 4
rect:233 160 26 83 11
rect:186 191 194 42 15
rect:238 397 164 69 2
rect:216 50 62 439 20
Anchorage1964_16.jpg 0x0
rect:628 190 121 199 2
rect:12 303 63 63 2
rect:104 405 84 129 11
rect:12 97 133 167 2
rect:165 88 221 127 2
rect:282 257 345 197 11
Anchorage1964_17.jpg 0x0
rect:12 159 186 144 9
rect:8 185 486 200 10
rect:361 46 157 241 9
Anchorage1964_18.jpg 0x0
rect:305 236 253 26 15
rect:174 218 84 36 11
rect:346 334 99 17 2
rect:163 187 61 139 4
rect:469 171 130 62 4
rect:142 182 19 61 11
rect:544 152 97 107 4
rect:482 268 30 23 2
rect:520 251 59 20 2
rect:403 276 31 57 11
Anchorage1964_19.jpg 0x0
rect:307 315 39 68 26
rect:497 122 20 67 29
rect:876 214 10 13 26
rect:466 120 18 29 26
rect:292 83 55 117 29
rect:395 119 7 17 26
rect:6 176 99 155 26
rect:29 224 32 129 27
rect:786 119 8 8 26
rect:484 191 20 40 26
rect:391 234 32 46 28
rect:385 109 29 55 29
rect:340 124 52 59 26
rect:432 126 41 27 28
rect:389 141 37 28 26
rect:388 114 23 27 27
rect:498 260 7 25 26
rect:422 298 11 40 26
Anchorage1964_20.jpg 0x0
rect:233 516 84 134 26
rect:266 89 83 38 27
rect:603 488 32 56 26
rect:232 49 165 129 29
rect:246 108 121 57 26
Anchorage1964_21.jpg 0x0
rect:-5 84 95 109 29
rect:52 410 34 40 26
rect:218 167 746 173 30
rect:2 91 32 30 26
Bingol2003_01.jpg 0x0
rect:762 104 116 63 6
rect:485 273 41 75 34
rect:401 155 91 53 33
rect:148 208 82 70 33
rect:730 546 58 46 33
rect:366 403 96 89 6
rect:594 96 173 207 31
rect:525 273 44 49 6
rect:366 379 158 122 31
rect:2 420 652 273 10
rect:603 265 78 78 6
rect:31 213 88 57 33
rect:390 375 49 222 32
rect:619 356 109 60 33
rect:574 199 87 51 33
rect:483 465 205 84 6
rect:616 65 89 78 6
rect:270 118 79 19 6
rect:526 187 65 117 34
Bingol2003_02.jpg 0x0
rect:146 406 175 262 32
rect:159 300 70 280 32
rect:446 330 81 139 26
rect:199 114 577 173 34
rect:596 201 330 119 35
rect:739 47 118 55 36
rect:286 400 99 100 6
rect:309 233 972 395 31
Bingol2003_03.jpg 0x0
rect:107 55 90 103 33
rect:622 240 279 71 11
rect:762 -7 241 210 4
rect:861 467 304 400 2
rect:87 33 165 29 2
rect:631 190 313 625 4
rect:373 233 262 183 2
Bingol2003_04.jpg 0x0
rect:250 533 30 158 3
rect:112 676 26 64 3
rect:345 590 114 84 2
rect:203 373 30 78 3
rect:55 667 92 86 2
rect:150 460 279 218 2
rect:228 272 194 131 4
rect:86 614 23 82 3
CanterburyNZSeries2010_01.jpg 0x0
rect:101 81 89 283 12
CanterburyNZSeries2010_02.jpg 0x0
rect:33 9 186 264 37
rect:70 44 176 189 6
CanterburyNZSeries2010_03.jpg 0x0
rect:36 85 301 133 38
CanterburyNZSeries2010_04.jpg 0x0
rect:208 281 29 75 40
rect:399 396 53 135 40
rect:252 319 18 57 40
rect:389 442 29 44 40
rect:171 9 98 195 42
rect:191 354 174 238 39
rect:274 430 28 196 40
rect:182 537 104 250 41
CanterburyNZSeries2010_05.jpg 0x0
rect:287 370 188 407 4
rect:349 279 134 96 15
CanterburyNZSeries2010_06.jpg 0x0
rect:74 122 687 597 4
rect:232 197 206 95 2
CanterburyNZSeries2010_08.jpg 0x0
rect:727 515 84 139 44
rect:920 499 38 154 32
rect:467 159 200 248 43
rect:1026 366 81 135 44
CanterburyNZSeries2010_09.jpg 0x0
rect:324 364 194 296 39
rect:238 167 207 149 45
CanterburyNZSeries2010_10.jpg 0x0
rect:272 179 325 176 6
rect:249 402 209 87 46
rect:293 207 233 88 7
rect:221 339 207 114 6
CanterburyNZSeries2010_11.jpg 0x0
rect:298 262 288 121 7
rect:232 356 231 245 5
CanterburyNZSeries2010_12.jpg 0x0
rect:513 322 203 78 11
rect:230 627 104 55 11
rect:5 186 1247 357 47
rect:61 281 793 383 2
CanterburyNZSeries2010_13.jpg 0x0
rect:529 173 122 486 11
rect:134 20 422 794 12
Caracas1967_01.jpg 0x0
rect:413 230 43 120 48
rect:382 238 13 63 48
rect:401 131 53 68 48
rect:308 84 224 262 48
Caracas1967_02.jpg 0x0
rect:129 199 217 312 51
rect:108 427 36 44 50
rect:112 422 38 61 49
rect:277 1 100 197 15
Caracas1967_03.jpg 0x0
rect:358 315 36 56 27
rect:324 271 41 124 27
rect:13 256 221 112 6
rect:295 335 61 79 26
rect:210 65 79 75 14
rect:197 339 148 204 34
Caracas1967_04.jpg 0x0
rect:146 250 203 138 34
rect:112 263 25 73 27
rect:139 375 55 111 26
Caracas1967_05.jpg 0x0
rect:38 118 278 556 41
rect:29 69 310 720 48
rect:270 265 39 200 40
rect:439 151 50 250 40
rect:170 258 47 207 40
rect:79 441 86 312 40
rect:221 305 143 191 52
rect:256 306 67 180 40
rect:69 286 193 181 52
rect:177 390 46 247 40
Caracas1967_06.jpg 0x0
rect:282 73 285 310 7
rect:380 286 76 41 6
Caracas1967_07.jpg 0x0
rect:567 246 103 137 53
rect:384 49 24 292 27
rect:537 289 137 344 34
rect:333 8 122 382 34
rect:379 519 106 58 53
rect:246 152 168 257 34
rect:248 100 33 175 27
Caracas1967_08.jpg 0x0
rect:485 272 96 140 54
rect:287 315 60 111 54
rect:241 234 71 133 55
Caracas1967_09.jpg 0x0
rect:24 265 43 62 48
rect:88 264 76 77 48
rect:149 110 72 89 48
rect:526 13 230 134 48
Caracas1967_10.jpg 0x0
rect:18 160 316 511 48
rect:457 398 74 246 40
rect:356 293 96 198 40
rect:48 247 247 453 41
Caracas1967_11.jpg 0x0
rect:67 15 421 747 48
rect:384 11 153 221 41
rect:58 333 239 609 41
Caracas1967_12.jpg 0x0
rect:581 241 43 50 34
rect:813 382 16 61 32
rect:813 395 20 76 32
rect:222 292 19 38 56
Caracas1967_13.jpg 0x0
rect:112 319 112 223 55
Caracas1967_14.jpg 0x0
rect:137 102 658 147 57
rect:177 312 214 46 6
Chichi1999_01.jpg 0x0
rect:3 6 969 194 58
rect:373 99 44 233 42
Chichi1999_02.jpg 0x0
rect:428 138 246 315 59
rect:5 101 454 212 58
Chichi1999_03.jpg 0x0
rect:99 193 77 140 60
rect:0 182 979 236 58
Chichi1999_04.jpg 0x0
rect:226 239 58 314 48
rect:200 -11 41 117 48
rect:182 183 27 60 52
Chichi1999_05.jpg 0x0
rect:248 93 112 285 48
rect:325 244 46 94 52
rect:383 218 37 25 41
rect:275 159 44 57 41
Chichi1999_06.jpg 0x0
rect:509 137 34 53 41
rect:339 243 55 107 48
rect:191 20 508 234 10
rect:429 -12 94 65 61
rect:232 110 58 47 62
rect:484 261 16 31 52
Chichi1999_07.jpg 0x0
rect:123 133 32 42 64
rect:517 282 45 78 48
rect:437 189 40 90 48
rect:41 175 583 157 63
rect:676 295 19 19 64
rect:164 214 54 122 48
rect:336 268 39 38 64
Chichi1999_08.jpg 0x0
rect:89 16 717 549 10
Chichi1999_09.jpg 0x0
rect:191 135 118 74 41
rect:166 108 38 82 40
rect:192 116 40 58 40
rect:191 87 158 207 48
Chichi1999_10.jpg 0x0
rect:200 24 430 357 10
Chichi1999_11.jpg 0x0
rect:147 286 111 106 65
rect:2 104 152 421 10
Chichi1999_12.jpg 0x0
rect:7 28 393 849 66
Chichi1999_13.jpg 0x0
rect:45 48 841 481 10
Chichi1999_14.jpg 0x0
rect:316 466 41 51 67
rect:209 467 27 25 39
rect:196 250 42 66 67
rect:199 442 29 38 67
rect:207 264 19 42 67
rect:147 226 63 81 67
rect:56 686 41 53 67
rect:236 252 32 32 39
rect:174 398 28 65 67
rect:403 471 88 88 67
rect:283 451 33 43 39
rect:165 235 96 56 67
rect:133 459 44 50 67
rect:85 596 38 29 67
rect:212 406 27 34 67
rect:136 174 27 68 67
rect:353 307 38 32 39
Chichi1999_15.jpg 0x0
rect:186 21 302 353 41
Chichi1999_16.jpg 0x0
rect:202 108 62 114 32
Chichi1999_17.jpg 0x0
rect:173 408 19 55 32
Chichi1999_18.jpg 0x0
rect:285 395 41 152 70
rect:187 298 30 116 69
rect:160 230 27 117 69
rect:301 337 37 186 69
rect:155 178 99 557 68
rect:208 207 36 179 69
Chichi1999_19.jpg 0x0
rect:273 118 164 233 3
rect:180 26 306 371 2
YogyakartaInd2006_03.jpg 0x0
rect:150 235 315 187 71
rect:417 73 87 48 16
rect:294 22 111 2 15
rect:264 527 215 39 15
rect:172 203 25 9 16
rect:403 77 118 59 15
rect:216 163 66 32 15
rect:306 490 43 37 16
Chichi1999_20.jpg 0x0
rect:187 526 48 202 41
rect:190 252 104 296 42
Chichi1999_21.jpg 0x0
rect:14 3 206 159 30
rect:467 31 308 177 37
rect:69 382 138 137 5
rect:328 81 204 117 6
rect:157 78 208 196 72
rect:529 8 120 122 57
rect:164 273 207 109 37
rect:235 329 78 159 6
Chichi1999_22.jpg 0x0
rect:340 177 21 20 73
rect:246 146 391 109 10
rect:558 266 20 15 73
rect:312 289 12 18 73
Chichi1999_23.jpg 0x0
rect:132 353 42 103 73
rect:247 217 30 32 27
rect:342 124 54 69 73
rect:4 62 510 143 74
rect:208 386 96 98 73
rect:163 221 30 30 34
rect:265 417 43 94 34
rect:299 127 25 26 26
rect:115 184 62 58 73
rect:130 265 41 99 34
Chichi1999_24.jpg 0x0
rect:128 145 120 76 75
rect:253 162 34 53 46
rect:360 390 1 2 46
rect:3 400 385 233 74
rect:218 188 65 61 34
Chichi1999_25.jpg 0x0
rect:113 223 232 298 73
rect:154 201 83 159 34
rect:222 371 59 87 26
Chichi1999_26.jpg 0x0
rect:271 156 63 140 73
rect:157 686 103 75 26
rect:289 22 53 26 73
rect:263 337 140 497 76
rect:111 638 101 85 27
rect:129 715 137 128 73
Chichi1999_27.jpg 0x0
rect:162 162 74 440 32
Chichi1999_28.jpg 0x0
rect:340 329 189 112 77
rect:137 118 101 219 5
rect:17 62 263 141 6
rect:369 172 127 233 75
Chichi1999_29.jpg 0x0
rect:158 238 60 170 52
rect:159 217 130 156 40
rect:173 194 166 228 48
Chichi1999_30.jpg 0x0
rect:235 99 170 70 52
rect:145 240 238 62 78
rect:30 321 100 187 73
rect:142 87 346 402 40
Chichi1999_31.jpg 0x0
rect:157 119 125 224 79
rect:615 120 36 183 48
Chichi1999_32.jpg 0x0
rect:224 55 40 125 81
rect:130 10 71 385 80
rect:198 181 29 137 81
rect:641 117 58 241 39
Chichi1999_33.jpg 0x0
rect:150 144 106 286 32
rect:210 114 47 94 49
rect:243 104 115 376 32
rect:54 80 101 403 33
rect:290 69 101 268 56
rect:99 202 36 93 49
Chichi1999_34.jpg 0x0
rect:87 106 307 427 10
Duzce1999_01.jpg 0x0
rect:118 63 80 390 39
rect:165 186 112 142 41
Duzce1999_02.jpg 0x0
rect:98 46 187 428 41
Duzce1999_03.jpg 0x0
rect:0 234 83 273 31
rect:203 143 69 230 31
rect:107 114 110 302 42
Gediz1970_01.jpg 0x0
rect:231 521 56 152 69
rect:116 106 251 529 68
rect:137 244 102 199 69
Guatemala1976_01.jpg 0x0
rect:564 184 190 112 48
rect:507 159 74 56 41
rect:50 148 107 122 48
rect:52 125 62 43 41
rect:79 252 80 40 52
rect:20 169 763 209 82
Guatemala1976_02.jpg 0x0
rect:222 76 130 85 40
rect:223 57 296 310 48
Guatemala1976_03.jpg 0x0
rect:12 76 501 401 75
Guatemala1976_04.jpg 0x0
rect:46 94 467 225 30
rect:335 261 77 209 4
rect:420 170 165 308 4
rect:152 20 433 91 30
Guatemala1976_05.jpg 0x0
rect:176 107 385 280 48
rect:153 122 321 165 40
rect:195 114 237 156 41
Guatemala1976_06.jpg 0x0
rect:130 126 201 346 39
Guatemala1976_07.jpg 0x0
rect:19 212 572 413 10
rect:202 623 104 60 83
rect:27 233 51 58 6
Guatemala1976_08.jpg 0x0
rect:149 30 454 427 48
rect:130 50 385 489 41
rect:330 57 230 274 40
Guatemala1976_09.jpg 0x0
rect:833 230 65 44 85
rect:262 314 72 60 84
rect:82 294 39 27 84
rect:310 250 54 38 85
rect:92 265 44 33 85
rect:704 359 43 81 84
rect:139 299 27 36 84
rect:186 195 42 70 85
Guatemala1976_10.jpg 0x0
rect:187 153 237 183 87
rect:301 287 45 132 87
rect:251 129 243 347 86
Guatemala1976_11.jpg 0x0
rect:229 201 126 185 34
GujaratIndia2001_01.jpg 0x0
rect:25 321 227 166 4
rect:61 490 84 25 2
rect:121 444 209 59 2
rect:304 425 62 56 11
Haiti2010_01.jpg 0x0
rect:470 461 218 263 4
rect:282 343 21 176 40
rect:676 320 79 107 4
rect:182 34 118 111 7
rect:231 144 195 310 41
Haiti2010_02.jpg 0x0
rect:299 31 168 49 14
rect:51 91 620 250 88
Haiti2010_03.jpg 0x0
rect:221 352 192 260 32
rect:276 1 78 432 32
rect:201 626 75 87 49
rect:324 608 186 257 89
Haiti2010_04.jpg 0x0
rect:2 180 320 171 6
rect:222 40 282 288 34
rect:120 279 380 610 41
Haiti2010_05.jpg 0x0
rect:240 326 33 122 40
rect:291 169 32 115 40
rect:216 288 195 144 52
rect:318 120 290 509 90
Haiti2010_06.jpg 0x0
rect:573 176 468 499 91
rect:252 183 253 319 91
rect:190 199 35 42 34
rect:492 161 88 205 32
rect:392 164 48 63 34
rect:294 164 103 38 6
rect:534 191 223 445 33
ImperialValley1979_01.jpg 0x0
rect:357 241 53 31 49
rect:364 275 31 18 49
rect:414 338 46 43 32
rect:399 240 16 15 49
rect:401 393 50 77 50
rect:15 218 118 106 32
rect:11 363 76 77 49
rect:453 259 38 43 32
rect:44 400 126 119 50
rect:255 350 46 54 32
rect:496 276 25 29 50
ImperialValley1979_02.jpg 0x0
rect:215 177 259 74 92
rect:317 128 108 217 50
rect:202 121 66 122 50
rect:166 82 146 207 32
rect:121 109 66 219 50
rect:318 194 155 39 49
ImperialValley1979_03.jpg 0x0
rect:168 293 93 107 50
rect:104 201 96 178 50
rect:149 494 289 35 92
rect:105 258 293 40 92
rect:141 245 251 181 32
rect:397 291 85 254 50
rect:164 210 200 252 32
Izmit1999_01.jpg 0x0
rect:325 101 43 204 27
rect:275 254 30 137 27
rect:307 170 38 163 27
rect:162 60 394 243 34
rect:532 311 46 87 26
Izmit1999_02.jpg 0x0
rect:29 93 737 297 10
Izmit1999_03.jpg 0x0
rect:187 35 521 475 93
rect:268 106 40 153 50
rect:475 90 52 259 50
rect:211 67 69 331 50
rect:493 108 43 178 50
rect:173 200 422 32 92
rect:377 91 44 390 50
rect:231 60 228 290 32
Izmit1999_04.jpg 0x0
rect:229 89 109 83 41
rect:57 551 54 104 41
rect:189 230 170 52 88
rect:365 410 27 64 40
rect:49 529 85 48 34
rect:55 342 34 84 42
rect:362 335 95 57 41
rect:375 422 22 42 40
rect:80 686 264 136 88
rect:419 60 83 71 48
Izmit1999_05.jpg 0x0
rect:120 31 514 340 10
Izmit1999_06.jpg 0x0
rect:252 350 44 135 50
rect:157 168 99 283 50
rect:227 282 55 124 50
rect:110 254 80 190 50
rect:165 142 236 517 32
rect:176 348 159 71 49
Izmit1999_07.jpg 0x0
rect:347 124 83 61 3
rect:322 376 67 416 4
rect:28 110 499 771 2
rect:339 213 44 85 3
rect:197 239 46 106 3
rect:252 195 35 128 3
rect:419 67 176 47 6
Izmit1999_08.jpg 0x0
rect:500 86 83 65 41
rect:433 5 89 83 45
rect:179 223 261 79 88
rect:112 133 74 101 41
rect:439 64 55 30 52
rect:118 19 74 82 34
rect:120 480 87 66 45
Izmit1999_09.jpg 0x0
rect:780 316 44 62 41
rect:57 164 38 59 41
rect:529 279 78 62 94
rect:268 245 114 119 94
rect:192 227 56 31 41
rect:353 248 90 94 41
Izmit1999_10.jpg 0x0
rect:361 93 171 168 40
rect:65 178 403 634 41
rect:103 273 95 277 40
rect:39 195 282 38 78
rect:161 412 183 47 78
rect:361 643 69 98 40
rect:141 258 206 66 78
rect:81 137 73 146 40
rect:296 638 85 35 78
rect:252 559 70 72 40
rect:271 117 47 151 40
Izmit1999_11.jpg 0x0
rect:193 463 101 154 41
rect:216 365 75 152 40
rect:285 214 59 171 40
rect:234 226 92 171 41
rect:387 341 55 141 40
Izmit1999_12.jpg 0x0
rect:372 276 61 78 52
rect:71 282 22 58 40
rect:51 333 47 78 94
rect:631 136 209 158 91
rect:12 67 38 26 6
rect:358 26 88 60 34
rect:424 101 31 67 41
rect:453 212 51 108 42
rect:70 251 56 48 52
rect:379 180 74 64 7
rect:335 198 59 22 6
rect:569 278 63 59 41
rect:181 220 94 52 88
rect:388 303 67 181 94
rect:278 364 72 87 41
rect:1 215 39 41 41
rect:80 79 36 18 6
rect:287 93 47 92 45
Izmit1999_13.jpg 0x0
rect:148 297 34 103 41
rect:95 173 41 54 6
rect:207 237 51 76 52
rect:107 208 93 163 94
rect:336 212 65 303 41
rect:267 62 239 269 48
rect:177 331 43 70 41
rect:6 105 81 187 42
rect:293 69 68 125 41
Izmit1999_14.jpg 0x0
rect:355 148 82 93 35
rect:326 484 46 17 34
rect:340 383 52 53 34
rect:427 285 78 46 34
rect:355 279 51 36 34
rect:474 42 43 59 95
rect:306 9 137 67 35
rect:55 146 130 46 34
rect:552 91 108 79 34
Izmit1999_15.jpg 0x0
rect:179 185 336 384 42
Izmit1999_16.jpg 0x0
rect:161 57 333 322 39
rect:86 50 526 373 33
rect:128 117 164 138 41
rect:275 114 41 114 40
Izmit1999_17.jpg 0x0
rect:79 145 225 330 41
Izmit1999_18.jpg 0x0
rect:215 140 152 300 39
rect:197 185 148 184 41
Izmit1999_19.jpg 0x0
rect:603 129 27 71 50
rect:271 103 308 367 96
rect:331 124 30 64 50
rect:321 142 216 174 32
Kobe1995_01.jpg 0x0
rect:30 200 866 153 63
Kobe1995_02.jpg 0x0
rect:2 54 496 660 68
Kobe1995_03.jpg 0x0
rect:35 52 324 816 10
Kobe1995_04.jpg 0x0
rect:456 357 45 58 41
Kobe1995_05.jpg 0x0
rect:4 199 139 501 40
rect:93 436 319 122 78
rect:264 182 135 561 40
rect:150 120 187 594 52
rect:53 281 416 74 78
Kobe1995_06.jpg 0x0
rect:50 151 504 390 41
rect:218 281 236 270 42
Kobe1995_07.jpg 0x0
rect:503 94 38 37 39
rect:200 353 41 28 39
rect:177 289 24 39 39
rect:315 307 46 33 39
rect:363 242 32 33 39
rect:189 394 51 37 39
rect:173 259 26 35 39
rect:198 159 37 58 39
rect:79 266 35 51 39
rect:294 167 54 28 39
rect:276 108 19 29 39
rect:39 440 50 27 39
rect:315 187 34 37 39
rect:459 201 44 47 39
rect:368 156 42 40 39
rect:269 299 30 27 39
rect:157 381 34 27 39
rect:443 247 40 40 39
rect:59 323 36 46 39
rect:506 513 38 36 39
rect:195 122 38 36 39
rect:120 207 47 35 39
rect:273 515 40 39 39
rect:166 500 27 49 39
rect:147 138 32 30 39
rect:82 295 35 37 39
Kobe1995_08.jpg 0x0
rect:242 61 343 258 97
Kobe1995_09.jpg 0x0
rect:84 814 77 86 88
rect:130 597 70 55 88
rect:213 472 199 80 97
rect:74 470 79 58 88
SanSalvador_1986_01.jpg 0x0
rect:216 145 115 129 41
rect:64 3 97 191 68
SanSalvador_1986_02.jpg 0x0
rect:209 201 24 37 41
rect:254 332 26 46 41
rect:530 163 32 49 42
rect:264 253 43 31 41
rect:200 206 32 33 41
rect:482 179 52 45 41
rect:271 158 13 22 41
rect:203 331 21 47 41
rect:447 211 38 48 41
SikkimIndia2001_01.jpg 0x0
rect:281 199 122 177 34
SikkimIndia2001_02.jpg 0x0
rect:294 316 92 55 16
rect:7 182 57 54 54
rect:345 144 73 26 16
rect:319 106 80 204 33
rect:570 332 106 18 16
rect:131 94 188 279 33
rect:-11 2 436 130 33
rect:12 6 308 78 16
SikkimIndia2001_03.jpg 0x0
rect:279 153 75 163 70
rect:217 91 66 221 69
rect:272 11 166 338 98
SikkimIndia2001_04.jpg 0x0
rect:339 161 299 79 99
rect:3 31 350 302 99
rect:297 161 103 121 34
SumatraInd2009_01.jpg 0x0
rect:333 25 49 264 81
SumatraInd2009_02.jpg 0x0
rect:172 99 149 147 41
WhittierNarrows1987_01.jpg 0x0
rect:19 30 1004 259 10
WhittierNarrows1987_02.jpg 0x0
rect:147 328 123 222 41
WhittierNarrows1987_03.jpg 0x0
rect:314 125 111 195 32
WhittierNarrows1987_04.jpg 0x0
rect:166 8 307 62 6
rect:172 64 109 190 41
rect:200 16 273 126 100
YogyakartaInd2006_01.jpg 0x0
rect:373 105 334 70 49
rect:238 -22 485 493 29
rect:239 29 271 357 32
YogyakartaInd2006_02.jpg 0x0
rect:428 152 71 206 69
rect:260 99 61 188 70
rect:309 72 152 540 98
