Anchorage1964_01.jpg 0x0
rect:68 5 278 199 1
rect:80 301 202 184 1
Anchorage1964_02.jpg 0x0
rect:158 173 442 128 2
rect:261 276 27 59 3
rect:155 133 77 57 7
rect:366 235 20 47 3
rect:28 27 175 55 5
rect:425 69 121 92 8
rect:224 313 34 79 3
rect:345 256 27 58 3
rect:374 319 27 52 3
rect:27 158 149 30 5
rect:211 25 314 63 4
rect:377 267 106 45 4
rect:587 294 13 62 3
rect:200 94 84 72 4
rect:74 37 115 15 6
rect:596 286 18 70 3
rect:125 281 59 13 6
rect:518 199 17 48 3
rect:84 268 25 16 6
Anchorage1964_03.jpg 0x0
rect:2 237 205 84 9
rect:0 314 722 81 10
rect:185 77 459 160 9
Anchorage1964_04.jpg 0x0
rect:201 83 20 28 1
rect:189 303 32 15 5
rect:280 395 19 22 1
rect:205 72 41 20 5
rect:243 440 27 14 5
rect:158 550 55 17 2
rect:328 479 21 21 1
rect:354 305 30 17 5
rect:341 305 30 19 5
rect:207 227 13 25 1
rect:468 359 33 18 5
rect:300 302 32 14 5
rect:425 39 32 23 5
rect:154 155 22 25 5
rect:221 194 24 21 8
rect:357 205 19 12 5
rect:154 234 26 24 5
rect:299 441 30 23 5
rect:121 264 32 11 5
rect:130 400 44 16 5
rect:119 317 35 18 5
rect:343 233 25 18 5
rect:205 193 17 33 1
rect:140 45 35 14 5
rect:242 131 11 30 1
rect:155 19 35 14 5
rect:333 173 24 23 5
rect:325 423 9 1 1
rect:442 64 33 17 5
rect:189 187 20 28 1
rect:194 296 28 17 5
rect:320 188 15 33 1
rect:221 231 17 23 1
rect:193 550 25 26 1
rect:182 342 16 22 1
rect:169 371 25 23 5
rect:144 150 27 12 5
rect:255 73 33 14 5
rect:394 162 26 13 5
Anchorage1964_05.jpg 0x0
rect:32 397 26 65 1
rect:362 21 27 41 1
rect:738 327 49 19 6
rect:363 201 45 48 1
rect:185 209 126 22 5
rect:351 163 29 15 11
rect:76 26 27 29 1
rect:403 480 57 57 8
rect:129 153 114 56 6
rect:594 236 55 64 1
rect:519 128 47 53 1
rect:330 202 46 29 11
rect:480 190 30 45 1
rect:191 44 83 37 5
rect:541 216 43 79 8
rect:83 341 27 41 1
rect:456 97 43 71 1
rect:99 102 17 41 1
rect:480 457 52 15 6
rect:103 180 18 55 1
rect:448 305 58 34 5
rect:78 76 24 44 1
rect:79 131 21 37 1
rect:376 198 171 79 2
rect:785 309 45 45 5
rect:133 50 120 38 6
rect:511 1 51 41 1
rect:36 376 17 64 1
rect:45 193 24 41 1
Anchorage1964_06.jpg 0x0
rect:152 309 48 74 11
rect:113 80 170 407 12
rect:158 99 111 289 3
Anchorage1964_07.jpg 0x0
rect:236 196 43 114 13
rect:199 164 36 161 3
rect:7 77 683 374 2
rect:416 147 97 81 11
rect:344 164 149 170 11
rect:423 304 409 239 2
rect:13 224 200 42 11
rect:6 278 275 40 14
rect:219 2 84 62 2
Anchorage1964_08.jpg 0x0
rect:325 35 116 88 1
rect:55 217 112 133 1
rect:361 341 83 112 1
rect:341 599 136 104 1
rect:45 426 126 108 1
rect:64 52 176 114 1
Anchorage1964_09.jpg 0x0
rect:15 129 117 15 15
rect:481 120 138 25 15
rect:67 45 52 52 8
rect:106 146 86 81 1
rect:40 100 44 12 16
rect:685 22 63 60 8
rect:140 205 60 67 8
rect:145 177 375 10 15
rect:14 13 423 13 15
rect:588 346 87 87 8
rect:338 209 46 72 1
rect:18 116 25 11 16
rect:14 12 67 15 16
rect:725 131 100 69 1
rect:256 148 82 62 1
rect:844 214 1 1 16
rect:549 9 229 11 15
rect:720 84 108 15 15
rect:731 12 73 10 16
Anchorage1964_10.jpg 0x0
rect:274 193 97 155 17
rect:195 145 215 67 18
rect:60 211 223 404 1
rect:103 430 273 97 18
Anchorage1964_11.jpg 0x0
rect:65 607 502 11 14
rect:274 293 320 26 11
rect:172 64 139 137 4
rect:102 505 664 15 14
rect:280 197 499 25 15
rect:624 108 207 80 1
rect:135 150 564 77 2
rect:518 7 146 45 1
Anchorage1964_12.jpg 0x0
rect:435 84 168 147 11
rect:545 106 40 177 3
rect:12 109 458 309 2
rect:138 248 27 136 3
rect:329 66 55 243 3
Anchorage1964_13.jpg 0x0
rect:613 513 33 133 20
rect:340 501 239 26 2
rect:431 698 148 17 19
Anchorage1964_14.jpg 0x0
rect:195 534 55 72 22
rect:265 550 177 67 23
rect:127 771 33 83 22
rect:335 214 214 62 15
rect:368 14 78 239 11
rect:203 208 73 70 21
rect:11 471 223 65 11
rect:44 603 55 82 22
rect:60 212 143 29 15
rect:319 7 79 168 11
rect:157 15 121 854 20
rect:25 785 28 71 22
Anchorage1964_15.jpg 0x0
rect:405 10 100 70 4
rect:193 254 199 35 15
rect:173 156 27 77 11
rect:247 9 62 65 4
rect:305 140 38 101 25
rect:291 499 172 65 2
rect:436 297 160 44 11
rect:362 285 89 43 24
rect:217 55 66 367 20
Anchorage1964_16.jpg 0x0
rect:11 100 197 252 2
rect:403 273 189 231 2
rect:15 366 66 73 2
rect:271 285 332 170 11
rect:210 66 316 146 2
rect:93 219 80 75 11
Anchorage1964_17.jpg 0x0
rect:7 260 896 271 10
rect:10 146 289 90 9
rect:345 54 279 184 9
Anchorage1964_18.jpg 0x0
rect:377 348 60 25 2
rect:513 165 110 102 4
rect:114 180 93 105 4
rect:147 215 18 58 11
rect:523 337 62 14 2
rect:280 208 279 28 15
rect:141 286 84 61 11
rect:539 170 77 89 4
rect:400 283 35 78 11
rect:360 396 28 15 2
Anchorage1964_19.jpg 0x0
rect:362 101 50 73 29
rect:354 106 15 48 29
rect:290 206 55 61 26
rect:384 176 17 35 26
rect:765 114 9 7 26
rect:395 265 44 30 28
rect:539 156 15 38 26
rect:561 232 8 13 26
rect:282 83 27 28 26
rect:7 301 87 143 26
rect:410 200 15 41 26
rect:276 63 65 105 29
rect:30 206 36 89 27
rect:424 234 12 19 26
rect:505 143 8 16 26
rect:262 75 55 48 26
rect:502 189 45 29 28
rect:226 78 36 39 27
Anchorage1964_20.jpg 0x0
rect:161 59 146 138 29
rect:367 554 48 102 26
rect:188 137 53 48 27
rect:242 116 72 75 26
rect:164 537 86 111 26
Anchorage1964_21.jpg 0x0
rect:2 81 60 32 26
rect:-7 57 79 111 29
rect:57 312 22 40 26
rect:172 232 527 118 30
Bingol2003_01.jpg 0x0
rect:494 98 74 77 6
rect:683 89 99 50 6
rect:549 263 118 62 33
rect:36 206 66 72 33
rect:370 215 80 74 33
rect:698 344 67 48 6
rect:622 216 40 116 34
rect:2 408 883 223 10
rect:403 116 195 201 31
rect:414 320 53 251 32
rect:808 158 75 71 33
rect:477 323 153 144 31
rect:410 475 85 93 6
rect:644 428 145 62 6
rect:177 119 71 31 6
rect:486 287 46 55 34
rect:428 198 47 48 6
rect:1024 531 66 30 33
rect:135 173 78 77 33
Bingol2003_02.jpg 0x0
rect:181 265 694 446 31
rect:172 184 63 251 32
rect:626 407 113 119 26
rect:102 576 120 281 32
rect:482 164 393 101 35
rect:110 106 373 208 34
rect:826 72 140 80 36
rect:376 422 80 72 6
Bingol2003_03.jpg 0x0
rect:914 590 301 469 2
rect:553 247 163 93 11
rect:659 272 187 507 4
rect:131 46 135 142 33
rect:72 23 161 29 2
rect:544 -9 327 279 4
rect:312 176 496 209 2
Bingol2003_04.jpg 0x0
rect:147 624 25 96 3
rect:96 770 23 66 3
rect:285 702 101 55 2
rect:245 223 186 224 4
rect:97 684 88 87 2
rect:189 400 28 93 3
rect:141 363 291 144 2
rect:294 445 46 91 3
CanterburyNZSeries2010_01.jpg 0x0
rect:125 77 109 217 12
CanterburyNZSeries2010_02.jpg 0x0
rect:44 11 195 217 37
rect:55 35 204 211 6
CanterburyNZSeries2010_03.jpg 0x0
rect:56 93 473 157 38
CanterburyNZSeries2010_04.jpg 0x0
rect:233 406 25 57 40
rect:307 521 20 60 40
rect:178 370 94 236 41
rect:255 341 27 128 40
rect:489 252 49 109 40
rect:245 426 34 58 40
rect:316 9 89 211 42
rect:197 335 249 414 39
CanterburyNZSeries2010_05.jpg 0x0
rect:286 263 105 101 15
rect:401 337 244 359 4
CanterburyNZSeries2010_06.jpg 0x0
rect:63 98 932 456 4
rect:265 273 300 142 2
CanterburyNZSeries2010_08.jpg 0x0
rect:839 397 134 149 44
rect:752 587 78 158 44
rect:828 375 34 158 32
rect:646 141 199 221 43
CanterburyNZSeries2010_09.jpg 0x0
rect:276 390 206 411 39
rect:230 127 233 202 45
CanterburyNZSeries2010_10.jpg 0x0
rect:274 201 443 262 6
rect:296 150 216 95 7
rect:323 237 176 94 46
rect:225 335 258 78 6
CanterburyNZSeries2010_11.jpg 0x0
rect:364 188 329 143 7
rect:337 397 354 225 5
CanterburyNZSeries2010_12.jpg 0x0
rect:225 391 127 54 11
rect:55 249 628 325 2
rect:624 464 177 67 11
rect:6 298 1006 509 47
CanterburyNZSeries2010_13.jpg 0x0
rect:192 18 489 691 12
rect:293 113 121 479 11
Caracas1967_01.jpg 0x0
rect:410 159 39 92 48
rect:487 71 130 217 48
rect:368 232 10 79 48
rect:400 148 91 112 48
Caracas1967_02.jpg 0x0
rect:132 388 35 37 50
rect:311 1 83 190 15
rect:107 357 56 52 49
rect:204 159 150 278 51
Caracas1967_03.jpg 0x0
rect:296 431 42 86 27
rect:18 412 178 96 6
rect:209 496 72 79 26
rect:260 298 131 213 34
rect:247 322 43 56 27
rect:256 53 71 95 14
Caracas1967_04.jpg 0x0
rect:107 348 43 84 26
rect:122 283 204 117 34
rect:193 252 18 94 27
Caracas1967_05.jpg 0x0
rect:33 112 428 642 48
rect:56 467 243 221 52
rect:196 215 191 115 52
rect:397 208 34 215 40
rect:159 257 50 175 40
rect:336 191 65 261 40
rect:48 111 394 371 41
rect:59 394 56 294 40
rect:407 245 48 120 40
rect:136 237 43 294 40
Caracas1967_06.jpg 0x0
rect:248 288 78 43 6
rect:329 109 228 291 7
Caracas1967_07.jpg 0x0
rect:452 163 178 226 34
rect:231 113 56 241 27
rect:474 266 69 118 53
rect:354 60 32 194 27
rect:186 136 179 172 34
rect:353 9 120 245 34
rect:565 535 69 80 53
Caracas1967_08.jpg 0x0
rect:266 230 92 161 54
rect:236 363 55 90 55
rect:258 274 69 126 54
Caracas1967_09.jpg 0x0
rect:522 12 173 123 48
rect:134 211 73 71 48
rect:79 193 74 58 48
rect:32 263 42 47 48
Caracas1967_10.jpg 0x0
rect:424 288 52 176 40
rect:382 231 101 219 40
rect:20 201 418 408 48
rect:33 163 320 243 41
Caracas1967_11.jpg 0x0
rect:58 177 182 629 41
rect:289 16 116 219 41
rect:42 12 287 681 48
Caracas1967_12.jpg 0x0
rect:833 445 23 64 32
rect:392 253 39 50 34
rect:577 203 23 46 32
rect:308 282 26 56 56
Caracas1967_13.jpg 0x0
rect:190 307 149 267 55
Caracas1967_14.jpg 0x0
rect:121 201 200 46 6
rect:163 165 452 265 57
Chichi1999_01.jpg 0x0
rect:4 9 891 155 58
rect:274 138 43 157 42
Chichi1999_02.jpg 0x0
rect:271 94 222 431 59
rect:7 88 449 190 58
Chichi1999_03.jpg 0x0
rect:0 143 667 137 58
rect:77 148 50 127 60
Chichi1999_04.jpg 0x0
rect:162 216 55 322 48
rect:237 -19 40 116 48
rect:185 282 34 70 52
Chichi1999_05.jpg 0x0
rect:466 87 87 179 48
rect:471 211 24 31 41
rect:425 239 44 93 52
rect:382 151 65 67 41
Chichi1999_06.jpg 0x0
rect:339 127 53 77 62
rect:523 205 28 70 41
rect:150 18 521 214 10
rect:297 268 50 102 48
rect:721 -14 85 73 61
rect:462 242 23 29 52
Chichi1999_07.jpg 0x0
rect:163 176 33 151 48
rect:190 218 25 57 64
rect:481 263 20 23 64
rect:465 198 36 47 64
rect:43 263 670 181 63
rect:431 330 35 71 48
rect:357 181 44 147 48
Chichi1999_08.jpg 0x0
rect:90 14 495 350 10
Chichi1999_09.jpg 0x0
rect:214 56 166 230 48
rect:207 98 125 119 41
rect:179 117 27 84 40
rect:280 82 61 88 40
Chichi1999_10.jpg 0x0
rect:209 24 744 462 10
Chichi1999_11.jpg 0x0
rect:173 166 105 88 65
rect:2 148 237 451 10
Chichi1999_12.jpg 0x0
rect:7 26 502 739 66
Chichi1999_13.jpg 0x0
rect:44 37 847 304 10
Chichi1999_14.jpg 0x0
rect:65 611 39 64 67
rect:126 244 50 59 67
rect:310 262 33 41 39
rect:274 512 44 63 67
rect:367 391 22 48 39
rect:224 207 15 47 67
rect:120 451 53 42 67
rect:156 616 28 39 67
rect:84 398 39 36 67
rect:143 371 35 66 67
rect:386 260 21 23 39
rect:99 178 39 51 67
rect:114 495 38 28 67
rect:200 154 113 43 67
rect:282 673 33 43 39
rect:133 347 26 51 67
rect:392 701 68 92 67
Chichi1999_15.jpg 0x0
rect:300 38 259 376 41
Chichi1999_16.jpg 0x0
rect:121 167 85 119 32
Chichi1999_17.jpg 0x0
rect:140 419 27 38 32
Chichi1999_18.jpg 0x0
rect:266 254 27 174 69
rect:192 218 20 130 69
rect:161 175 145 581 68
rect:159 266 39 79 69
rect:325 219 23 98 69
rect:280 393 33 139 70
Chichi1999_19.jpg 0x0
rect:234 96 143 322 3
rect:267 21 261 435 2
YogyakartaInd2006_03.jpg 0x0
rect:287 71 150 78 15
rect:330 533 42 33 16
rect:165 478 269 26 15
rect:151 192 250 112 71
rect:216 153 82 37 15
rect:188 164 18 8 16
rect:484 58 104 47 16
rect:209 28 84 2 15
Chichi1999_20.jpg 0x0
rect:347 465 39 196 41
rect:132 237 78 442 42
Chichi1999_21.jpg 0x0
rect:54 411 180 129 5
rect:343 341 112 96 6
rect:165 333 206 178 37
rect:261 123 223 214 72
rect:447 8 138 79 57
rect:22 4 228 191 30
rect:362 33 237 152 37
rect:426 101 129 101 6
Chichi1999_22.jpg 0x0
rect:292 156 383 105 10
rect:171 183 16 24 73
rect:294 264 20 19 73
rect:331 219 21 26 73
Chichi1999_23.jpg 0x0
rect:339 178 36 31 26
rect:170 214 51 53 73
rect:367 193 36 73 73
rect:369 291 43 72 34
rect:133 419 28 63 34
rect:4 50 413 124 74
rect:86 357 46 72 73
rect:221 184 36 22 27
rect:165 128 19 20 34
rect:319 206 72 86 73
Chichi1999_24.jpg 0x0
rect:3 329 314 239 74
rect:169 278 79 47 34
rect:168 158 135 115 75
rect:327 409 1 2 46
rect:170 223 42 70 46
Chichi1999_25.jpg 0x0
rect:185 287 38 76 26
rect:114 209 161 423 73
rect:164 164 116 251 34
Chichi1999_26.jpg 0x0
rect:215 360 85 505 76
rect:196 549 67 79 26
rect:121 430 99 99 73
rect:299 17 36 21 73
rect:266 217 62 107 73
rect:172 585 97 108 27
Chichi1999_27.jpg 0x0
rect:173 300 79 258 32
Chichi1999_28.jpg 0x0
rect:150 89 160 238 5
rect:299 143 213 163 75
rect:305 319 294 141 77
rect:22 60 278 157 6
Chichi1999_29.jpg 0x0
rect:134 262 54 169 52
rect:134 191 262 340 48
rect:271 269 128 202 40
Chichi1999_30.jpg 0x0
rect:210 182 139 83 52
rect:196 254 200 49 78
rect:190 128 223 308 40
rect:39 341 130 178 73
Chichi1999_31.jpg 0x0
rect:109 63 112 290 79
rect:406 95 34 192 48
Chichi1999_32.jpg 0x0
rect:128 79 40 154 81
rect:185 7 98 269 80
rect:455 148 63 166 39
rect:190 199 33 100 81
Chichi1999_33.jpg 0x0
rect:155 143 56 85 49
rect:188 86 115 269 56
rect:302 109 109 321 32
rect:210 154 28 101 49
rect:153 150 84 280 32
rect:87 78 123 513 33
Chichi1999_34.jpg 0x0
rect:121 74 443 467 10
Duzce1999_01.jpg 0x0
rect:171 72 107 345 39
rect:102 146 103 130 41
Duzce1999_02.jpg 0x0
rect:84 38 122 345 41
Duzce1999_03.jpg 0x0
rect:133 72 143 342 42
rect:229 167 126 368 31
rect:0 134 83 241 31
Gediz1970_01.jpg 0x0
rect:171 274 114 236 69
rect:101 76 263 542 68
rect:206 500 57 223 69
Guatemala1976_01.jpg 0x0
rect:42 187 53 32 41
rect:532 145 114 133 48
rect:17 147 479 207 82
rect:537 185 72 76 41
rect:43 175 79 158 48
rect:54 245 79 45 52
Guatemala1976_02.jpg 0x0
rect:302 82 68 122 40
rect:187 85 242 280 48
Guatemala1976_03.jpg 0x0
rect:13 69 709 420 75
Guatemala1976_04.jpg 0x0
rect:42 90 329 217 30
rect:548 237 76 173 4
rect:492 249 97 404 4
rect:170 18 416 93 30
Guatemala1976_05.jpg 0x0
rect:140 102 410 353 48
rect:265 107 315 126 41
rect:160 164 240 164 40
Guatemala1976_06.jpg 0x0
rect:84 104 156 516 39
Guatemala1976_07.jpg 0x0
rect:25 280 59 52 6
rect:25 269 403 373 10
rect:262 489 92 55 83
Guatemala1976_08.jpg 0x0
rect:144 59 258 352 41
rect:158 41 300 501 48
rect:400 87 203 375 40
Guatemala1976_09.jpg 0x0
rect:475 213 55 48 84
rect:645 341 60 78 84
rect:314 322 83 35 85
rect:480 361 43 64 85
rect:75 287 40 25 84
rect:159 267 53 68 85
rect:207 297 29 32 84
rect:97 256 45 34 85
Guatemala1976_10.jpg 0x0
rect:229 324 50 109 87
rect:197 188 224 263 86
rect:156 94 305 195 87
Guatemala1976_11.jpg 0x0
rect:227 308 157 254 34
GujaratIndia2001_01.jpg 0x0
rect:369 413 42 40 11
rect:186 494 153 68 2
rect:25 511 213 202 4
rect:71 403 65 46 2
Haiti2010_01.jpg 0x0
rect:234 202 33 112 40
rect:464 423 163 174 4
rect:163 59 86 134 7
rect:216 186 228 452 41
rect:430 273 130 115 4
Haiti2010_02.jpg 0x0
rect:51 123 580 267 88
rect:322 24 130 42 14
Haiti2010_03.jpg 0x0
rect:277 453 65 50 49
rect:333 1 80 468 32
rect:171 781 181 262 89
rect:297 309 153 141 32
Haiti2010_04.jpg 0x0
rect:183 52 198 364 34
rect:2 173 286 198 6
rect:175 286 333 671 41
Haiti2010_05.jpg 0x0
rect:315 304 36 117 40
rect:253 147 365 496 90
rect:331 233 173 134 52
rect:333 239 25 115 40
Haiti2010_06.jpg 0x0
rect:460 138 81 89 34
rect:393 171 669 844 91
rect:156 304 47 56 34
rect:329 182 83 177 32
rect:304 170 174 508 33
rect:350 213 92 51 6
rect:154 283 244 354 91
ImperialValley1979_01.jpg 0x0
rect:262 353 59 49 50
rect:663 332 34 30 32
rect:341 377 21 50 50
rect:399 245 23 12 49
rect:15 314 177 91 32
rect:468 260 18 19 49
rect:12 391 69 52 49
rect:431 314 50 23 49
rect:287 265 43 53 32
rect:532 362 33 44 32
rect:51 277 72 114 50
ImperialValley1979_02.jpg 0x0
rect:144 143 89 261 50
rect:279 117 107 131 50
rect:188 98 171 294 32
rect:232 272 147 36 49
rect:142 204 344 50 92
rect:351 193 56 159 50
ImperialValley1979_03.jpg 0x0
rect:219 306 66 209 50
rect:94 365 367 36 92
rect:100 382 242 52 92
rect:91 317 96 231 50
rect:227 420 108 101 50
rect:174 277 167 216 32
rect:157 220 185 127 32
Izmit1999_01.jpg 0x0
rect:227 139 53 99 27
rect:457 245 56 85 26
rect:160 86 331 363 34
rect:256 167 43 113 27
rect:267 66 68 214 27
Izmit1999_02.jpg 0x0
rect:24 85 647 252 10
Izmit1999_03.jpg 0x0
rect:179 35 303 400 93
rect:274 112 31 300 50
rect:213 172 45 228 50
rect:169 250 269 36 92
rect:607 72 43 363 50
rect:184 110 64 362 50
rect:253 79 338 254 32
rect:333 123 33 215 50
Izmit1999_04.jpg 0x0
rect:67 318 45 110 41
rect:37 331 59 79 34
rect:114 627 267 133 88
rect:264 77 81 89 48
rect:311 293 14 69 40
rect:427 397 22 73 40
rect:64 537 41 66 42
rect:347 395 73 84 41
rect:110 207 144 64 88
rect:308 106 70 87 41
Izmit1999_05.jpg 0x0
rect:94 29 451 521 10
Izmit1999_06.jpg 0x0
rect:229 311 54 165 50
rect:101 159 234 398 32
rect:150 229 61 302 50
rect:106 243 74 152 50
rect:255 337 30 188 50
rect:157 226 109 101 49
Izmit1999_07.jpg 0x0
rect:448 114 53 66 3
rect:244 384 123 414 4
rect:210 174 55 97 3
rect:138 309 39 140 3
rect:412 48 173 32 6
rect:206 202 45 143 3
rect:28 146 338 619 2
Izmit1999_08.jpg 0x0
rect:568 60 63 31 52
rect:181 160 80 99 41
rect:600 5 97 82 45
rect:500 61 69 83 41
rect:180 247 230 140 88
rect:124 318 74 98 45
rect:161 27 90 91 34
Izmit1999_09.jpg 0x0
rect:658 251 55 65 41
rect:643 283 52 67 94
rect:408 212 100 113 41
rect:335 259 45 30 41
rect:255 266 80 125 94
rect:49 243 53 49 41
Izmit1999_10.jpg 0x0
rect:325 469 120 105 40
rect:312 611 98 31 78
rect:43 259 327 53 78
rect:284 168 144 108 40
rect:167 393 167 33 78
rect:171 224 100 206 40
rect:61 173 279 508 41
rect:192 152 47 152 40
rect:54 126 105 248 40
rect:263 577 69 81 40
rect:145 417 191 49 78
Izmit1999_11.jpg 0x0
rect:194 175 169 139 41
rect:165 491 123 147 41
rect:189 264 86 145 40
rect:216 185 60 220 40
rect:265 178 76 145 40
Izmit1999_12.jpg 0x0
rect:426 314 96 129 41
rect:379 182 51 27 6
rect:367 27 89 42 34
rect:444 65 35 114 41
rect:415 91 36 95 45
rect:1 270 25 46 41
rect:278 174 50 128 42
rect:528 218 257 216 91
rect:41 342 72 84 52
rect:477 141 68 57 7
rect:316 263 57 73 41
rect:375 339 75 83 52
rect:98 274 36 63 40
rect:303 234 114 100 94
rect:130 250 66 58 88
rect:52 243 49 124 94
rect:85 62 30 25 6
rect:17 62 55 22 6
Izmit1999_13.jpg 0x0
rect:462 183 115 197 41
rect:128 330 70 82 52
rect:165 290 32 76 41
rect:366 94 247 251 48
rect:157 285 104 179 94
rect:4 54 81 224 42
rect:189 276 54 114 41
rect:82 162 57 50 6
rect:243 127 72 84 41
Izmit1999_14.jpg 0x0
rect:532 88 64 76 34
rect:358 33 53 66 95
rect:419 281 87 50 34
rect:549 314 50 53 34
rect:467 7 140 98 35
rect:49 139 132 77 34
rect:226 513 25 23 34
rect:285 468 58 28 34
rect:396 164 88 90 35
Izmit1999_15.jpg 0x0
rect:108 208 278 283 42
Izmit1999_16.jpg 0x0
rect:141 96 37 75 40
rect:169 98 236 135 41
rect:76 65 479 475 33
rect:90 65 212 325 39
Izmit1999_17.jpg 0x0
rect:112 108 137 201 41
Izmit1999_18.jpg 0x0
rect:247 190 115 107 41
rect:181 156 139 256 39
Izmit1999_19.jpg 0x0
rect:190 133 277 236 32
rect:483 132 24 95 50
rect:281 96 183 368 96
rect:494 183 22 103 50
Kobe1995_01.jpg 0x0
rect:28 123 771 194 63
Kobe1995_02.jpg 0x0
rect:2 60 573 507 68
Kobe1995_03.jpg 0x0
rect:35 43 436 552 10
Kobe1995_04.jpg 0x0
rect:384 370 51 63 41
Kobe1995_05.jpg 0x0
rect:112 461 361 154 78
rect:140 164 225 694 52
rect:305 129 177 308 40
rect:54 216 543 95 78
rect:4 131 124 516 40
Kobe1995_06.jpg 0x0
rect:234 412 276 327 42
rect:37 157 534 414 41
Kobe1995_07.jpg 0x0
rect:199 100 23 35 39
rect:46 213 29 53 39
rect:284 224 49 34 39
rect:366 185 42 40 39
rect:282 420 28 51 39
rect:251 410 32 39 39
rect:204 160 30 47 39
rect:273 181 37 43 39
rect:397 381 44 45 39
rect:441 258 28 34 39
rect:192 461 27 37 39
rect:229 104 27 31 39
rect:426 132 43 42 39
rect:285 319 34 36 39
rect:81 362 48 37 39
rect:396 337 43 33 39
rect:241 453 41 31 39
rect:120 135 51 40 39
rect:206 298 50 56 39
rect:386 457 52 29 39
rect:42 377 55 36 39
rect:234 347 44 43 39
rect:315 144 43 36 39
rect:323 384 29 26 39
rect:78 308 30 41 39
rect:506 323 39 27 39
Kobe1995_08.jpg 0x0
rect:231 56 494 156 97
Kobe1995_09.jpg 0x0
rect:194 390 175 81 97
rect:138 342 61 75 88
rect:68 431 85 51 88
rect:98 473 90 102 88
SanSalvador_1986_01.jpg 0x0
rect:65 3 140 247 68
rect:264 130 129 227 41
SanSalvador_1986_02.jpg 0x0
rect:215 165 31 43 41
rect:196 206 26 38 41
rect:525 126 33 43 42
rect:408 146 52 33 41
rect:556 236 28 51 41
rect:365 294 33 45 41
rect:380 149 15 31 41
rect:457 314 57 47 41
rect:169 212 31 37 41
SikkimIndia2001_01.jpg 0x0
rect:183 205 138 143 34
SikkimIndia2001_02.jpg 0x0
rect:286 290 86 45 16
rect:511 105 80 132 33
rect:520 291 128 20 16
rect:160 95 156 386 33
rect:400 89 94 37 16
rect:-18 2 363 113 33
rect:10 7 239 65 16
rect:10 144 72 34 54
SikkimIndia2001_03.jpg 0x0
rect:239 192 65 139 70
rect:233 9 143 495 98
rect:238 106 71 199 69
SikkimIndia2001_04.jpg 0x0
rect:3 26 200 316 99
rect:300 186 152 153 34
rect:323 182 331 88 99
SumatraInd2009_01.jpg 0x0
rect:254 25 60 224 81
SumatraInd2009_02.jpg 0x0
rect:155 92 196 230 41
WhittierNarrows1987_01.jpg 0x0
rect:12 34 597 409 10
WhittierNarrows1987_02.jpg 0x0
rect:132 349 118 195 41
WhittierNarrows1987_03.jpg 0x0
rect:322 94 195 223 32
WhittierNarrows1987_04.jpg 0x0
rect:287 54 80 221 41
rect:329 11 301 171 100
rect:255 8 317 71 6
YogyakartaInd2006_01.jpg 0x0
rect:234 -21 341 408 29
rect:301 29 447 360 32
rect:237 119 333 95 49
YogyakartaInd2006_02.jpg 0x0
rect:296 82 66 239 69
rect:458 93 65 127 70
rect:363 56 152 418 98
