Anchorage1964_01.jpg 0x0
rect:55 409 228 194 1
rect:73 5 260 207 1
Anchorage1964_02.jpg 0x0
rect:341 294 21 48 3
rect:33 232 185 55 5
rect:115 280 50 18 6
rect:434 216 19 71 3
rect:224 300 32 68 3
rect:79 29 87 16 6
rect:43 30 132 36 5
rect:200 93 66 94 4
rect:213 368 27 48 3
rect:68 269 24 25 6
rect:167 124 76 37 7
rect:384 135 65 57 4
rect:352 341 26 77 3
rect:130 246 419 128 2
rect:446 246 23 60 3
rect:276 24 198 107 4
rect:257 252 24 67 3
rect:498 49 92 100 8
rect:509 194 21 45 3
Anchorage1964_03.jpg 0x0
rect:224 97 266 180 9
rect:0 356 820 77 10
rect:2 277 283 83 9
Anchorage1964_04.jpg 0x0
rect:352 254 13 29 1
rect:237 449 6 1 1
rect:316 389 22 32 1
rect:184 393 64 17 2
rect:120 171 36 15 5
rect:222 415 19 27 1
rect:156 153 29 24 5
rect:210 280 25 19 8
rect:274 470 34 18 5
rect:258 95 40 15 5
rect:121 330 29 19 5
rect:191 324 27 18 5
rect:138 219 25 25 5
rect:347 421 10 18 1
rect:187 86 21 16 5
rect:221 492 29 22 5
rect:236 144 26 19 5
rect:196 163 15 22 1
rect:311 152 18 39 1
rect:229 253 14 24 1
rect:189 25 31 17 5
rect:429 173 30 20 5
rect:148 433 26 18 5
rect:340 186 18 21 1
rect:246 333 15 27 1
rect:210 558 16 26 1
rect:285 269 16 31 1
rect:274 40 24 24 5
rect:256 467 26 20 5
rect:166 377 37 15 5
rect:397 195 33 21 5
rect:125 69 43 17 5
rect:259 214 32 18 5
rect:279 359 25 18 5
rect:155 107 28 18 5
rect:314 381 21 21 5
rect:278 278 27 15 5
rect:450 136 22 19 5
rect:244 73 36 14 5
Anchorage1964_05.jpg 0x0
rect:45 191 28 50 1
rect:430 349 50 15 6
rect:130 176 119 23 5
rect:73 121 22 63 1
rect:308 236 138 82 2
rect:406 201 16 17 11
rect:626 103 28 56 1
rect:644 20 28 51 1
rect:634 283 48 29 6
rect:132 190 148 44 6
rect:455 153 55 26 11
rect:444 169 33 67 1
rect:148 58 95 37 5
rect:50 58 31 32 1
rect:32 332 20 49 1
rect:77 107 21 50 1
rect:117 150 18 55 1
rect:341 60 30 59 1
rect:618 223 49 70 1
rect:468 427 75 35 5
rect:59 286 27 47 1
rect:521 355 34 82 8
rect:658 209 67 43 5
rect:139 50 78 33 6
rect:115 27 22 40 1
rect:33 555 23 37 1
rect:490 1 50 40 1
rect:323 258 48 81 8
rect:617 150 51 57 1
Anchorage1964_06.jpg 0x0
rect:83 84 195 352 12
rect:157 274 67 74 11
rect:121 125 119 298 3
Anchorage1964_07.jpg 0x0
rect:17 252 356 33 11
rect:460 309 334 205 2
rect:205 2 75 85 2
rect:305 159 109 135 11
rect:302 133 46 90 13
rect:497 148 97 105 11
rect:313 158 48 120 3
rect:7 317 382 25 14
rect:10 63 845 550 2
Anchorage1964_08.jpg 0x0
rect:38 231 87 110 1
rect:394 276 145 90 1
rect:40 404 83 104 1
rect:63 78 151 102 1
rect:384 355 83 157 1
rect:393 36 91 77 1
Anchorage1964_09.jpg 0x0
rect:66 119 46 9 16
rect:81 355 72 58 8
rect:347 120 82 57 1
rect:20 160 17 8 16
rect:10 142 73 17 15
rect:99 214 57 71 1
rect:555 8 212 13 15
rect:66 39 76 62 8
rect:570 252 89 65 8
rect:260 200 57 71 1
rect:554 24 89 65 8
rect:11 15 292 13 15
rect:637 126 172 22 15
rect:578 126 79 67 1
rect:16 21 52 15 16
rect:332 147 104 31 15
rect:193 136 359 11 15
rect:807 10 82 8 16
rect:547 167 1 1 16
Anchorage1964_10.jpg 0x0
rect:235 200 98 109 17
rect:70 166 413 426 1
rect:95 377 287 112 18
rect:205 247 222 109 18
Anchorage1964_11.jpg 0x0
rect:71 500 552 26 14
rect:70 534 434 15 14
rect:619 106 119 65 1
rect:147 68 200 100 4
rect:317 258 247 41 11
rect:133 203 685 72 2
rect:565 7 127 31 1
rect:147 171 262 23 15
Anchorage1964_12.jpg 0x0
rect:14 64 541 357 2
rect:368 94 59 253 3
rect:365 75 72 288 3
rect:504 89 211 133 11
rect:132 170 29 116 3
Anchorage1964_13.jpg 0x0
rect:436 577 80 11 19
rect:377 448 21 154 20
rect:391 597 230 23 2
Anchorage1964_14.jpg 0x0
rect:19 746 30 73 22
rect:194 485 51 73 22
rect:188 10 112 649 20
rect:39 511 49 83 22
rect:376 733 206 100 23
rect:286 214 176 52 15
rect:409 6 104 191 11
rect:99 270 111 45 15
rect:299 9 65 304 11
rect:250 208 51 112 21
rect:75 734 34 60 22
rect:13 763 145 83 11
Anchorage1964_15.jpg 0x0
rect:433 265 122 41 24
rect:305 10 85 60 4
rect:178 154 25 72 11
rect:365 229 109 54 11
rect:330 356 174 55 2
rect:230 9 84 67 4
rect:173 85 59 400 20
rect:204 129 43 66 25
rect:215 304 144 40 15
Anchorage1964_16.jpg 0x0
rect:60 394 99 87 11
rect:11 149 255 206 2
rect:201 297 237 164 11
rect:207 90 217 162 2
rect:16 409 68 90 2
rect:587 195 158 140 2
Anchorage1964_17.jpg 0x0
rect:9 259 512 202 10
rect:9 110 280 91 9
rect:326 65 293 255 9
Anchorage1964_18.jpg 0x0
rect:98 312 21 53 11
rect:170 258 62 49 11
rect:266 289 75 20 2
rect:619 119 128 100 4
rect:295 351 27 59 11
rect:152 201 67 123 4
rect:302 183 93 100 4
rect:285 364 251 29 15
rect:532 357 68 21 2
rect:540 244 42 17 2
Anchorage1964_19.jpg 0x0
rect:351 174 19 44 26
rect:227 55 61 151 29
rect:481 253 7 29 26
rect:647 230 9 16 26
rect:587 139 6 6 26
rect:279 347 47 68 26
rect:492 125 21 27 26
rect:396 76 41 67 29
rect:508 143 8 19 26
rect:576 107 22 43 29
rect:6 248 56 115 26
rect:274 91 20 28 27
rect:566 301 43 29 28
rect:299 102 51 49 26
rect:335 153 38 34 26
rect:26 268 28 106 27
rect:354 281 15 26 26
rect:594 131 35 25 28
Anchorage1964_20.jpg 0x0
rect:274 90 76 48 27
rect:229 313 73 137 26
rect:170 51 105 176 29
rect:508 626 30 74 26
rect:224 88 110 64 26
Anchorage1964_21.jpg 0x0
rect:-6 66 111 207 29
rect:190 181 528 129 30
rect:43 273 28 42 26
rect:2 90 43 49 26
Bingol2003_01.jpg 0x0
rect:209 228 64 72 33
rect:363 274 53 51 6
rect:481 68 80 49 6
rect:281 215 53 71 33
rect:526 198 41 151 34
rect:707 411 70 69 33
rect:670 598 218 96 6
rect:643 341 59 263 32
rect:819 136 71 82 6
rect:559 163 90 71 33
rect:236 120 95 29 6
rect:438 243 135 185 31
rect:428 112 153 204 31
rect:400 506 93 123 6
rect:571 531 76 48 33
rect:2 240 797 300 10
rect:29 264 78 67 33
rect:705 282 56 66 6
rect:577 308 44 63 34
Bingol2003_02.jpg 0x0
rect:149 182 97 318 32
rect:317 238 837 485 31
rect:908 55 176 58 36
rect:516 283 498 92 35
rect:288 425 83 104 6
rect:159 125 401 151 34
rect:452 270 104 100 26
rect:115 422 207 226 32
Bingol2003_03.jpg 0x0
rect:653 296 295 568 4
rect:510 212 171 62 11
rect:841 -8 238 177 4
rect:777 472 270 280 2
rect:343 228 417 230 2
rect:103 45 136 135 33
rect:122 23 139 37 2
Bingol2003_04.jpg 0x0
rect:125 351 199 133 2
rect:369 467 104 66 2
rect:158 743 34 76 3
rect:56 546 19 50 3
rect:301 272 180 219 4
rect:221 689 23 89 3
rect:80 705 90 93 2
rect:332 488 41 156 3
CanterburyNZSeries2010_01.jpg 0x0
rect:73 113 140 339 12
CanterburyNZSeries2010_02.jpg 0x0
rect:46 50 194 160 6
rect:49 8 234 197 37
CanterburyNZSeries2010_03.jpg 0x0
rect:37 87 320 135 38
CanterburyNZSeries2010_04.jpg 0x0
rect:256 489 33 128 40
rect:416 462 29 60 40
rect:230 389 64 208 41
rect:216 8 126 146 42
rect:297 257 35 125 40
rect:352 478 16 50 40
rect:155 342 203 311 39
rect:200 417 35 61 40
CanterburyNZSeries2010_05.jpg 0x0
rect:262 185 177 86 15
rect:248 328 262 464 4
CanterburyNZSeries2010_06.jpg 0x0
rect:247 162 302 105 2
rect:65 153 845 588 4
CanterburyNZSeries2010_08.jpg 0x0
rect:893 421 118 106 44
rect:700 578 44 122 44
rect:726 432 39 124 32
rect:541 192 182 329 43
CanterburyNZSeries2010_09.jpg 0x0
rect:337 368 151 460 39
rect:254 147 188 204 45
CanterburyNZSeries2010_10.jpg 0x0
rect:176 478 202 136 6
rect:163 169 264 169 6
rect:418 203 294 122 7
rect:306 338 254 74 46
CanterburyNZSeries2010_11.jpg 0x0
rect:421 397 250 193 5
rect:250 260 229 121 7
CanterburyNZSeries2010_12.jpg 0x0
rect:663 501 120 76 11
rect:170 650 120 48 11
rect:42 411 886 396 2
rect:5 363 716 504 47
CanterburyNZSeries2010_13.jpg 0x0
rect:368 164 130 478 11
rect:155 12 547 784 12
Caracas1967_01.jpg 0x0
rect:342 177 29 70 48
rect:318 154 54 89 48
rect:486 61 153 223 48
rect:274 180 13 58 48
Caracas1967_02.jpg 0x0
rect:172 357 41 31 50
rect:222 205 204 364 51
rect:259 1 118 122 15
rect:149 422 57 60 49
Caracas1967_03.jpg 0x0
rect:386 388 82 90 26
rect:232 359 42 77 27
rect:313 49 86 69 14
rect:13 253 284 81 6
rect:182 418 102 186 34
rect:385 361 23 105 27
Caracas1967_04.jpg 0x0
rect:147 332 66 128 26
rect:169 365 17 77 27
rect:175 379 154 131 34
Caracas1967_05.jpg 0x0
rect:44 264 57 234 40
rect:200 219 147 169 52
rect:32 120 262 348 41
rect:328 233 39 174 40
rect:73 335 232 210 52
rect:142 266 53 218 40
rect:307 188 63 165 40
rect:25 72 323 578 48
rect:178 248 64 174 40
rect:294 215 44 271 40
Caracas1967_06.jpg 0x0
rect:293 93 314 311 7
rect:345 302 90 41 6
Caracas1967_07.jpg 0x0
rect:556 296 142 193 34
rect:546 47 25 296 27
rect:163 103 36 266 27
rect:265 6 95 205 34
rect:362 399 88 87 53
rect:197 136 124 223 34
rect:397 295 74 75 53
Caracas1967_08.jpg 0x0
rect:220 255 57 128 55
rect:224 355 59 109 54
rect:315 206 72 133 54
Caracas1967_09.jpg 0x0
rect:69 266 62 69 48
rect:325 10 308 149 48
rect:172 132 98 69 48
rect:19 229 46 61 48
Caracas1967_10.jpg 0x0
rect:23 148 359 447 48
rect:37 151 193 422 41
rect:347 187 90 207 40
rect:378 301 69 149 40
Caracas1967_11.jpg 0x0
rect:44 195 173 414 41
rect:65 13 344 748 48
rect:264 18 166 274 41
Caracas1967_12.jpg 0x0
rect:867 280 24 58 32
rect:757 212 23 59 32
rect:188 207 33 42 56
rect:379 240 40 52 34
Caracas1967_13.jpg 0x0
rect:200 469 102 278 55
Caracas1967_14.jpg 0x0
rect:120 124 771 227 57
rect:150 213 255 44 6
Chichi1999_01.jpg 0x0
rect:4 10 660 213 58
rect:278 118 47 245 42
Chichi1999_02.jpg 0x0
rect:5 97 259 161 58
rect:465 97 155 316 59
Chichi1999_03.jpg 0x0
rect:94 134 65 72 60
rect:0 165 560 203 58
Chichi1999_04.jpg 0x0
rect:196 169 93 319 48
rect:153 251 23 67 52
rect:180 -12 53 124 48
Chichi1999_05.jpg 0x0
rect:252 127 97 245 48
rect:357 221 25 30 41
rect:459 171 39 68 41
rect:283 207 36 91 52
Chichi1999_06.jpg 0x0
rect:594 -9 92 82 61
rect:416 145 54 65 62
rect:550 142 45 63 41
rect:411 168 36 104 48
rect:135 20 436 181 10
rect:389 268 23 26 52
Chichi1999_07.jpg 0x0
rect:374 238 35 109 48
rect:192 128 50 210 48
rect:72 179 624 169 63
rect:178 189 18 44 64
rect:600 325 17 21 64
rect:337 204 25 27 64
rect:644 215 63 122 48
Chichi1999_08.jpg 0x0
rect:122 15 520 398 10
Chichi1999_09.jpg 0x0
rect:244 102 40 70 40
rect:292 124 30 82 40
rect:167 104 166 93 41
rect:222 66 152 164 48
Chichi1999_10.jpg 0x0
rect:201 24 532 322 10
Chichi1999_11.jpg 0x0
rect:124 229 123 87 65
rect:2 142 145 415 10
Chichi1999_12.jpg 0x0
rect:9 27 544 678 66
Chichi1999_13.jpg 0x0
rect:39 40 566 358 10
Chichi1999_14.jpg 0x0
rect:126 373 46 68 67
rect:195 220 41 58 67
rect:290 309 34 65 67
rect:219 284 35 56 39
rect:242 444 26 50 67
rect:265 396 37 38 39
rect:79 504 42 44 67
rect:144 365 23 47 67
rect:112 596 31 50 67
rect:90 594 55 46 67
rect:357 471 19 25 39
rect:209 441 31 29 67
rect:118 278 34 56 67
rect:239 305 17 30 67
rect:302 702 65 84 67
rect:140 241 72 50 67
rect:297 490 22 32 39
Chichi1999_15.jpg 0x0
rect:288 26 350 348 41
Chichi1999_16.jpg 0x0
rect:226 143 81 119 32
Chichi1999_17.jpg 0x0
rect:129 423 29 33 32
Chichi1999_18.jpg 0x0
rect:384 383 27 182 69
rect:340 251 37 103 70
rect:225 137 144 382 68
rect:116 323 28 137 69
rect:173 210 30 133 69
rect:178 268 41 138 69
Chichi1999_19.jpg 0x0
rect:274 17 218 381 2
rect:256 93 173 299 3
YogyakartaInd2006_03.jpg 0x0
rect:340 85 111 46 16
rect:196 357 234 164 71
rect:195 496 260 26 15
rect:254 199 51 37 15
rect:378 436 56 28 16
rect:266 27 97 2 15
rect:212 132 20 6 16
rect:282 66 151 61 15
Chichi1999_20.jpg 0x0
rect:174 275 117 460 42
rect:313 441 68 141 41
Chichi1999_21.jpg 0x0
rect:263 122 262 261 72
rect:65 369 175 78 5
rect:189 211 91 84 6
rect:296 42 234 252 37
rect:21 4 163 167 30
rect:233 364 139 162 37
rect:328 102 188 142 6
rect:536 5 157 97 57
Chichi1999_22.jpg 0x0
rect:270 240 18 21 73
rect:195 138 303 201 10
rect:244 215 13 28 73
rect:404 165 20 17 73
Chichi1999_23.jpg 0x0
rect:146 417 46 82 34
rect:170 145 29 27 34
rect:360 136 33 21 26
rect:125 257 49 110 73
rect:315 232 57 61 73
rect:240 353 59 132 73
rect:356 224 32 26 27
rect:4 71 441 234 74
rect:347 299 46 59 34
rect:150 135 53 49 73
Chichi1999_24.jpg 0x0
rect:218 206 54 59 46
rect:210 186 82 53 34
rect:3 311 301 226 74
rect:390 456 1 2 46
rect:162 138 180 119 75
Chichi1999_25.jpg 0x0
rect:121 152 129 416 73
rect:180 181 90 266 34
rect:151 233 43 80 26
Chichi1999_26.jpg 0x0
rect:119 711 166 171 73
rect:303 188 125 361 76
rect:178 14 47 25 73
rect:139 583 73 72 26
rect:136 621 116 104 27
rect:187 121 51 77 73
Chichi1999_27.jpg 0x0
rect:135 301 88 453 32
Chichi1999_28.jpg 0x0
rect:248 273 169 91 77
rect:112 90 153 202 5
rect:300 149 131 298 75
rect:20 53 340 147 6
Chichi1999_29.jpg 0x0
rect:180 233 76 175 52
rect:186 240 216 289 48
rect:225 212 105 199 40
Chichi1999_30.jpg 0x0
rect:36 211 80 170 73
rect:189 123 219 253 40
rect:214 153 133 89 52
rect:246 223 248 69 78
Chichi1999_31.jpg 0x0
rect:697 84 34 164 48
rect:106 81 98 343 79
Chichi1999_32.jpg 0x0
rect:114 9 89 441 80
rect:206 280 37 172 81
rect:525 142 47 154 39
rect:200 61 41 171 81
Chichi1999_33.jpg 0x0
rect:248 100 83 230 56
rect:284 100 128 246 32
rect:319 123 44 89 49
rect:159 179 48 108 49
rect:62 56 145 487 33
rect:135 100 97 279 32
Chichi1999_34.jpg 0x0
rect:98 117 492 390 10
Duzce1999_01.jpg 0x0
rect:126 148 75 124 41
rect:132 66 131 221 39
Duzce1999_02.jpg 0x0
rect:75 64 155 346 41
Duzce1999_03.jpg 0x0
rect:140 97 80 280 42
rect:169 130 89 367 31
rect:0 151 72 240 31
Gediz1970_01.jpg 0x0
rect:313 469 57 249 69
rect:138 79 314 724 68
rect:132 406 117 282 69
Guatemala1976_01.jpg 0x0
rect:70 137 53 57 41
rect:357 115 155 140 48
rect:24 109 429 213 82
rect:598 154 46 92 41
rect:39 206 103 98 48
rect:64 237 56 60 52
Guatemala1976_02.jpg 0x0
rect:172 54 247 184 48
rect:296 57 108 127 40
Guatemala1976_03.jpg 0x0
rect:19 90 562 345 75
Guatemala1976_04.jpg 0x0
rect:148 22 315 94 30
rect:657 242 169 265 4
rect:369 197 95 229 4
rect:42 68 345 159 30
Guatemala1976_05.jpg 0x0
rect:134 162 238 153 40
rect:156 103 273 410 48
rect:202 108 375 114 41
Guatemala1976_06.jpg 0x0
rect:157 85 147 310 39
Guatemala1976_07.jpg 0x0
rect:24 313 422 334 10
rect:25 376 45 48 6
rect:238 413 128 94 83
Guatemala1976_08.jpg 0x0
rect:182 72 387 503 41
rect:404 74 167 299 40
rect:183 34 463 456 48
Guatemala1976_09.jpg 0x0
rect:785 323 71 89 84
rect:83 275 40 22 84
rect:163 292 66 59 85
rect:258 262 73 28 85
rect:786 272 47 58 85
rect:86 270 36 24 85
rect:427 333 55 49 84
rect:221 377 39 29 84
Guatemala1976_10.jpg 0x0
rect:373 367 33 83 87
rect:181 239 249 365 86
rect:221 131 236 122 87
Guatemala1976_11.jpg 0x0
rect:214 231 116 271 34
GujaratIndia2001_01.jpg 0x0
rect:250 448 46 41 11
rect:144 360 300 71 2
rect:97 502 89 44 2
rect:31 488 181 147 4
Haiti2010_01.jpg 0x0
rect:335 511 230 250 4
rect:296 201 27 155 40
rect:245 185 122 303 41
rect:165 56 104 106 7
rect:442 218 122 133 4
Haiti2010_02.jpg 0x0
rect:251 34 219 58 14
rect:61 114 367 176 88
Haiti2010_03.jpg 0x0
rect:317 1 70 787 32
rect:248 578 266 259 89
rect:184 405 213 222 32
rect:267 719 48 45 49
Haiti2010_04.jpg 0x0
rect:147 288 355 560 41
rect:2 131 280 137 6
rect:271 54 258 201 34
Haiti2010_05.jpg 0x0
rect:202 196 360 549 90
rect:312 276 29 103 40
rect:251 276 214 122 52
rect:249 220 29 108 40
Haiti2010_06.jpg 0x0
rect:365 165 617 522 91
rect:148 309 232 357 91
rect:526 134 55 44 6
rect:335 116 209 397 33
rect:461 267 82 160 32
rect:276 302 50 49 34
rect:424 156 68 66 34
ImperialValley1979_01.jpg 0x0
rect:416 231 42 59 32
rect:561 307 28 29 50
rect:11 434 69 56 49
rect:269 405 52 46 50
rect:68 334 68 116 50
rect:440 336 41 33 32
rect:393 290 41 27 49
rect:418 237 19 19 49
rect:358 348 51 44 32
rect:601 384 29 17 49
rect:11 283 106 164 32
ImperialValley1979_02.jpg 0x0
rect:366 129 35 178 50
rect:240 271 114 52 49
rect:463 122 105 235 50
rect:176 116 217 274 32
rect:142 118 65 187 50
rect:178 244 257 61 92
ImperialValley1979_03.jpg 0x0
rect:195 238 111 103 50
rect:216 344 50 186 50
rect:115 454 277 24 92
rect:83 313 296 41 92
rect:194 163 249 189 32
rect:91 209 83 271 50
rect:140 370 204 173 32
Izmit1999_01.jpg 0x0
rect:274 124 36 146 27
rect:161 273 30 145 27
rect:218 60 291 409 34
rect:209 70 56 183 27
rect:590 287 74 88 26
Izmit1999_02.jpg 0x0
rect:28 127 636 182 10
Izmit1999_03.jpg 0x0
rect:223 82 223 460 32
rect:197 173 247 47 92
rect:205 120 43 226 50
rect:576 123 38 243 50
rect:189 82 47 312 50
rect:456 108 40 276 50
rect:498 77 63 334 50
rect:205 46 375 332 93
Izmit1999_04.jpg 0x0
rect:329 294 70 102 41
rect:51 287 83 52 34
rect:100 192 135 86 88
rect:102 631 256 151 88
rect:286 64 83 56 41
rect:353 300 28 53 40
rect:63 309 45 115 41
rect:61 370 33 90 42
rect:304 69 94 83 48
rect:254 469 19 73 40
Izmit1999_05.jpg 0x0
rect:74 23 631 354 10
Izmit1999_06.jpg 0x0
rect:248 247 49 180 50
rect:112 222 216 422 32
rect:96 255 48 239 50
rect:178 358 33 119 50
rect:126 218 72 289 50
rect:195 323 119 65 49
Izmit1999_07.jpg 0x0
rect:437 360 94 304 4
rect:29 141 264 659 2
rect:332 45 137 46 6
rect:155 230 65 128 3
rect:143 249 51 102 3
rect:201 242 38 128 3
rect:347 153 80 94 3
Izmit1999_08.jpg 0x0
rect:194 31 112 87 34
rect:272 307 262 109 88
rect:375 6 101 68 45
rect:122 106 94 83 41
rect:514 80 84 82 41
rect:584 113 72 25 52
rect:170 293 114 95 45
Izmit1999_09.jpg 0x0
rect:363 209 99 72 41
rect:621 248 52 56 94
rect:37 146 54 66 41
rect:310 147 32 28 41
rect:297 222 102 100 94
rect:753 244 69 84 41
Izmit1999_10.jpg 0x0
rect:301 363 69 65 40
rect:140 259 79 191 40
rect:40 245 460 56 78
rect:343 169 139 176 40
rect:263 401 71 115 40
rect:80 101 245 504 41
rect:86 327 215 77 78
rect:46 131 79 212 40
rect:179 523 141 41 78
rect:254 156 73 214 40
rect:206 745 57 31 78
Izmit1999_11.jpg 0x0
rect:150 242 166 164 41
rect:245 192 79 213 40
rect:151 240 81 148 40
rect:210 560 139 99 41
rect:211 295 98 144 40
Izmit1999_12.jpg 0x0
rect:349 206 141 253 91
rect:51 245 60 92 94
rect:403 112 57 55 45
rect:71 312 32 45 40
rect:502 281 74 69 41
rect:577 25 75 44 34
rect:63 317 46 62 52
rect:292 297 45 84 52
rect:400 163 40 151 42
rect:349 298 53 109 41
rect:545 121 74 44 7
rect:183 289 74 74 88
rect:240 198 87 125 94
rect:608 101 52 114 41
rect:101 70 30 27 6
rect:22 68 53 28 6
rect:1 278 23 42 41
rect:229 119 36 32 6
Izmit1999_13.jpg 0x0
rect:5 72 93 165 42
rect:129 209 115 151 94
rect:407 166 123 188 41
rect:125 176 32 130 41
rect:111 102 55 41 6
rect:157 324 64 46 52
rect:384 109 49 89 41
rect:176 260 40 100 41
rect:312 62 220 450 48
Izmit1999_14.jpg 0x0
rect:561 79 72 62 34
rect:316 285 37 28 34
rect:271 7 119 51 35
rect:349 187 85 89 35
rect:482 295 54 42 34
rect:447 450 28 17 34
rect:294 41 47 68 95
rect:569 398 55 48 34
rect:55 112 121 62 34
Izmit1999_15.jpg 0x0
rect:120 184 323 460 42
Izmit1999_16.jpg 0x0
rect:233 145 48 107 40
rect:111 66 200 386 39
rect:101 57 309 571 33
rect:122 95 167 106 41
Izmit1999_17.jpg 0x0
rect:141 131 252 188 41
Izmit1999_18.jpg 0x0
rect:181 165 160 224 39
rect:174 195 113 108 41
Izmit1999_19.jpg 0x0
rect:417 135 26 85 50
rect:283 88 274 180 32
rect:270 110 317 281 96
rect:341 151 26 54 50
Kobe1995_01.jpg 0x0
rect:20 134 558 132 63
Kobe1995_02.jpg 0x0
rect:2 42 650 638 68
Kobe1995_03.jpg 0x0
rect:25 66 403 559 10
Kobe1995_04.jpg 0x0
rect:254 328 50 57 41
Kobe1995_05.jpg 0x0
rect:76 628 370 155 78
rect:220 167 195 499 40
rect:3 135 130 404 40
rect:125 211 190 485 52
rect:32 296 341 57 78
Kobe1995_06.jpg 0x0
rect:172 471 326 443 42
rect:54 151 531 426 41
Kobe1995_07.jpg 0x0
rect:279 314 35 49 39
rect:53 429 44 25 39
rect:175 249 41 53 39
rect:55 229 31 57 39
rect:131 135 45 31 39
rect:469 266 44 48 39
rect:199 433 49 29 39
rect:237 299 42 30 39
rect:88 234 38 46 39
rect:325 195 29 33 39
rect:222 370 43 29 39
rect:389 134 42 50 39
rect:391 278 33 45 39
rect:358 329 38 38 39
rect:268 258 36 49 39
rect:277 404 22 52 39
rect:298 234 30 26 39
rect:128 305 36 34 39
rect:172 487 40 40 39
rect:285 116 23 25 39
rect:257 357 36 31 39
rect:504 318 41 28 39
rect:359 171 52 27 39
rect:174 109 40 34 39
rect:401 431 28 27 39
rect:428 181 31 36 39
Kobe1995_08.jpg 0x0
rect:353 69 479 198 97
Kobe1995_09.jpg 0x0
rect:208 551 251 84 97
rect:87 696 90 81 88
rect:138 562 62 84 88
rect:110 830 56 114 88
SanSalvador_1986_01.jpg 0x0
rect:67 3 113 223 68
rect:232 198 114 234 41
SanSalvador_1986_02.jpg 0x0
rect:585 301 50 36 41
rect:129 277 41 32 41
rect:236 177 49 56 41
rect:412 223 21 30 41
rect:199 226 24 30 41
rect:156 327 37 42 41
rect:282 110 16 30 41
rect:521 240 39 35 41
rect:582 201 37 58 42
SikkimIndia2001_01.jpg 0x0
rect:264 200 108 129 34
SikkimIndia2001_02.jpg 0x0
rect:128 88 139 332 33
rect:10 6 299 55 16
rect:312 174 81 55 16
rect:527 234 89 15 16
rect:-15 2 303 101 33
rect:10 206 46 41 54
rect:302 96 125 111 33
rect:382 145 114 41 16
SikkimIndia2001_03.jpg 0x0
rect:263 198 92 151 70
rect:255 117 67 165 69
rect:225 8 134 436 98
SikkimIndia2001_04.jpg 0x0
rect:289 165 298 118 99
rect:3 40 279 304 99
rect:359 124 97 171 34
SumatraInd2009_01.jpg 0x0
rect:280 30 72 355 81
SumatraInd2009_02.jpg 0x0
rect:135 83 233 126 41
WhittierNarrows1987_01.jpg 0x0
rect:11 34 830 482 10
WhittierNarrows1987_02.jpg 0x0
rect:129 209 108 276 41
WhittierNarrows1987_03.jpg 0x0
rect:184 101 164 264 32
WhittierNarrows1987_04.jpg 0x0
rect:273 8 300 62 6
rect:216 17 308 178 100
rect:254 61 91 197 41
YogyakartaInd2006_01.jpg 0x0
rect:217 138 342 80 49
rect:263 42 443 350 32
rect:164 -23 377 617 29
YogyakartaInd2006_02.jpg 0x0
rect:455 129 67 151 70
rect:392 130 64 203 69
rect:339 54 148 373 98
