Anchorage1964_01.jpg 0x0
rect:70 496 310 231 1
rect:94 9 223 160 1
Anchorage1964_02.jpg 0x0
rect:322 321 26 82 3
rect:657 47 162 87 8
rect:540 194 13 53 3
rect:306 24 202 77 4
rect:376 202 32 62 3
rect:156 196 42 15 6
rect:86 49 106 17 6
rect:489 330 27 47 3
rect:275 206 26 42 3
rect:104 108 89 42 7
rect:189 232 29 78 3
rect:50 20 149 47 5
rect:33 245 150 51 5
rect:244 259 317 94 2
rect:68 285 20 25 6
rect:250 65 99 53 4
rect:604 209 16 43 3
rect:320 185 110 59 4
rect:209 348 20 68 3
Anchorage1964_03.jpg 0x0
rect:283 117 285 170 9
rect:0 218 596 83 10
rect:2 179 173 91 9
Anchorage1964_04.jpg 0x0
rect:305 391 22 21 1
rect:404 194 34 21 5
rect:122 424 27 25 5
rect:271 200 31 22 5
rect:303 467 9 1 1
rect:452 238 33 19 5
rect:310 261 25 19 5
rect:450 214 24 13 5
rect:199 140 26 23 1
rect:351 40 32 19 5
rect:342 201 22 20 1
rect:149 206 42 22 5
rect:263 350 28 18 5
rect:115 106 36 21 5
rect:144 143 32 12 5
rect:208 245 17 27 1
rect:214 67 42 17 5
rect:316 204 26 26 8
rect:337 341 18 39 1
rect:352 392 14 29 1
rect:189 253 11 26 1
rect:129 435 41 18 5
rect:274 200 11 23 1
rect:293 198 19 34 1
rect:418 419 22 17 5
rect:324 89 26 15 5
rect:171 122 28 21 5
rect:193 580 49 17 2
rect:202 153 29 14 5
rect:191 187 22 15 5
rect:333 270 22 17 5
rect:375 556 24 17 5
rect:135 26 30 17 5
rect:305 442 21 23 1
rect:266 126 27 18 5
rect:212 396 17 31 1
rect:125 501 29 17 5
rect:447 56 26 21 5
rect:112 295 22 19 5
Anchorage1964_05.jpg 0x0
rect:55 243 19 36 1
rect:674 497 59 90 8
rect:106 317 23 45 1
rect:90 272 16 59 1
rect:508 93 51 61 1
rect:208 38 68 31 5
rect:449 256 46 23 11
rect:138 143 104 18 5
rect:334 243 17 25 11
rect:471 204 61 35 5
rect:576 170 58 84 1
rect:644 380 49 81 1
rect:207 170 138 64 2
rect:365 313 63 53 8
rect:364 17 36 66 1
rect:42 191 17 43 1
rect:76 80 21 67 1
rect:72 81 28 57 1
rect:42 341 26 59 1
rect:769 423 57 46 5
rect:104 19 22 32 1
rect:597 390 60 16 6
rect:288 1 34 42 1
rect:172 164 158 52 6
rect:627 234 53 24 6
rect:47 324 19 35 1
rect:168 51 136 50 6
rect:564 210 51 61 1
rect:415 72 45 58 1
Anchorage1964_06.jpg 0x0
rect:209 288 60 104 11
rect:215 127 78 221 3
rect:88 61 239 488 12
Anchorage1964_07.jpg 0x0
rect:12 227 278 36 11
rect:186 150 202 146 11
rect:443 215 94 89 11
rect:7 353 419 37 14
rect:174 2 112 54 2
rect:457 327 349 221 2
rect:321 114 50 166 3
rect:7 68 736 455 2
rect:361 135 41 105 13
Anchorage1964_08.jpg 0x0
rect:239 398 121 112 1
rect:50 518 126 152 1
rect:53 397 94 71 1
rect:346 31 135 115 1
rect:63 57 150 150 1
rect:410 173 155 109 1
Anchorage1964_09.jpg 0x0
rect:430 151 139 28 15
rect:597 11 131 13 16
rect:62 133 55 10 16
rect:628 297 83 63 8
rect:12 152 109 14 15
rect:86 262 92 86 8
rect:106 133 322 15 15
rect:11 14 288 13 15
rect:759 88 175 18 15
rect:567 147 78 71 1
rect:390 118 48 86 1
rect:705 141 1 1 16
rect:306 10 370 9 15
rect:71 194 87 84 1
rect:590 41 103 48 8
rect:17 104 23 11 16
rect:13 19 56 11 16
rect:246 159 67 63 1
rect:102 45 95 58 8
Anchorage1964_10.jpg 0x0
rect:60 227 302 269 1
rect:238 378 110 113 17
rect:174 150 221 75 18
rect:67 300 247 160 18
Anchorage1964_11.jpg 0x0
rect:336 251 217 26 11
rect:602 8 142 44 1
rect:108 409 667 23 14
rect:745 118 164 97 1
rect:107 223 562 59 2
rect:149 45 201 113 4
rect:182 158 297 26 15
rect:56 572 775 13 14
Anchorage1964_12.jpg 0x0
rect:195 222 34 103 3
rect:10 60 394 305 2
rect:468 80 54 206 3
rect:233 102 38 198 3
rect:500 89 162 216 11
Anchorage1964_13.jpg 0x0
rect:265 375 166 21 2
rect:620 366 30 173 20
rect:489 491 82 14 19
Anchorage1964_14.jpg 0x0
rect:46 594 63 83 22
rect:235 305 175 49 15
rect:77 610 37 48 22
rect:24 742 22 62 22
rect:235 9 85 303 11
rect:422 613 172 74 23
rect:70 255 132 36 15
rect:145 314 52 95 21
rect:214 537 46 39 22
rect:10 661 227 71 11
rect:308 6 106 100 11
rect:252 13 69 841 20
Anchorage1964_15.jpg 0x0
rect:524 284 86 46 24
rect:217 315 183 36 15
rect:318 109 54 82 25
rect:207 9 91 76 4
rect:198 60 53 566 20
rect:356 11 100 85 4
rect:242 609 248 42 2
rect:261 181 33 59 11
rect:412 276 128 45 11
Anchorage1964_16.jpg 0x0
rect:198 112 316 138 2
rect:213 275 217 174 11
rect:15 138 222 178 2
rect:103 307 112 101 11
rect:452 196 145 220 2
rect:18 428 69 83 2
Anchorage1964_17.jpg 0x0
rect:11 252 482 270 10
rect:10 134 188 139 9
rect:236 48 218 249 9
Anchorage1964_18.jpg 0x0
rect:150 225 89 108 4
rect:110 254 63 61 11
rect:394 313 38 45 11
rect:385 390 344 34 15
rect:536 398 38 23 2
rect:803 292 66 23 2
rect:160 332 15 44 11
rect:430 197 119 90 4
rect:318 324 69 21 2
rect:391 161 75 70 4
Anchorage1964_19.jpg 0x0
rect:470 193 45 45 28
rect:384 108 30 59 29
rect:471 165 17 22 26
rect:331 101 6 16 26
rect:418 130 28 20 26
rect:473 151 10 15 26
rect:313 156 20 44 29
rect:501 158 14 48 26
rect:307 66 56 43 26
rect:314 79 62 129 29
rect:6 183 60 108 26
rect:770 116 8 7 26
rect:25 235 40 109 27
rect:558 206 38 25 28
rect:330 147 8 21 26
rect:266 287 42 62 26
rect:391 85 37 41 27
rect:433 196 23 33 26
Anchorage1964_20.jpg 0x0
rect:196 92 72 61 26
rect:220 377 65 120 26
rect:242 66 135 131 29
rect:357 516 41 92 26
rect:195 131 76 58 27
Anchorage1964_21.jpg 0x0
rect:40 389 24 35 26
rect:2 76 37 36 26
rect:-6 94 108 131 29
rect:175 175 470 220 30
Bingol2003_01.jpg 0x0
rect:583 483 52 43 34
rect:649 339 140 74 6
rect:645 162 61 89 34
rect:925 382 81 48 33
rect:813 124 124 99 6
rect:637 186 68 68 33
rect:145 258 54 64 33
rect:1029 319 123 48 33
rect:211 129 81 88 33
rect:611 237 81 54 6
rect:523 289 185 166 31
rect:209 81 59 27 6
rect:371 306 52 150 32
rect:444 92 122 189 31
rect:672 267 47 56 6
rect:699 75 72 78 6
rect:357 442 110 99 6
rect:37 292 72 84 33
rect:2 293 996 249 10
Bingol2003_02.jpg 0x0
rect:388 226 315 107 35
rect:191 117 364 166 34
rect:525 293 116 88 26
rect:947 74 148 105 36
rect:442 434 109 97 6
rect:100 428 166 302 32
rect:182 298 596 517 31
rect:194 310 107 319 32
Bingol2003_03.jpg 0x0
rect:970 330 222 440 2
rect:109 55 148 142 33
rect:813 -7 210 195 4
rect:548 141 244 83 11
rect:315 129 295 172 2
rect:65 26 121 27 2
rect:590 182 308 440 4
Bingol2003_04.jpg 0x0
rect:245 468 40 101 3
rect:331 437 36 149 3
rect:113 440 182 153 2
rect:89 492 125 73 2
rect:74 471 24 56 3
rect:265 308 174 229 4
rect:403 785 111 59 2
rect:102 544 26 54 3
CanterburyNZSeries2010_01.jpg 0x0
rect:87 127 146 324 12
CanterburyNZSeries2010_02.jpg 0x0
rect:50 9 155 235 37
rect:50 62 211 163 6
CanterburyNZSeries2010_03.jpg 0x0
rect:36 71 386 103 38
CanterburyNZSeries2010_04.jpg 0x0
rect:378 282 47 134 40
rect:264 224 159 274 39
rect:291 374 21 66 40
rect:274 360 22 172 40
rect:180 9 86 136 42
rect:145 420 97 313 41
rect:329 347 30 51 40
rect:341 438 16 56 40
CanterburyNZSeries2010_05.jpg 0x0
rect:390 235 151 74 15
rect:363 272 259 273 4
CanterburyNZSeries2010_06.jpg 0x0
rect:252 216 318 122 2
rect:90 117 822 394 4
CanterburyNZSeries2010_08.jpg 0x0
rect:879 471 65 137 44
rect:854 680 39 191 32
rect:971 356 92 168 44
rect:568 132 157 327 43
CanterburyNZSeries2010_09.jpg 0x0
rect:193 122 176 161 45
rect:299 377 206 343 39
CanterburyNZSeries2010_10.jpg 0x0
rect:296 583 325 97 6
rect:398 123 229 120 7
rect:283 206 457 254 6
rect:258 400 192 81 46
CanterburyNZSeries2010_11.jpg 0x0
rect:300 155 407 160 7
rect:398 394 229 251 5
CanterburyNZSeries2010_12.jpg 0x0
rect:5 258 929 353 47
rect:223 686 190 39 11
rect:719 454 192 72 11
rect:43 345 524 234 2
CanterburyNZSeries2010_13.jpg 0x0
rect:419 166 120 499 11
rect:201 21 301 628 12
Caracas1967_01.jpg 0x0
rect:386 129 13 44 48
rect:358 171 41 101 48
rect:433 130 76 100 48
rect:531 72 183 309 48
Caracas1967_02.jpg 0x0
rect:171 339 43 37 50
rect:188 1 103 138 15
rect:131 467 47 54 49
rect:135 171 233 301 51
Caracas1967_03.jpg 0x0
rect:215 371 72 74 26
rect:19 415 229 122 6
rect:448 447 28 141 27
rect:280 264 33 49 27
rect:331 354 123 223 34
rect:220 78 86 86 14
Caracas1967_04.jpg 0x0
rect:192 442 36 126 26
rect:164 371 131 209 34
rect:121 310 20 88 27
Caracas1967_05.jpg 0x0
rect:170 240 57 268 40
rect:48 140 433 434 41
rect:93 243 238 145 52
rect:149 384 46 152 40
rect:174 266 69 203 40
rect:297 207 40 217 40
rect:296 196 43 303 40
rect:29 70 366 466 48
rect:218 199 164 173 52
rect:63 357 67 230 40
Caracas1967_06.jpg 0x0
rect:324 350 75 68 6
rect:315 68 293 207 7
Caracas1967_07.jpg 0x0
rect:376 37 28 201 27
rect:396 364 111 105 53
rect:448 8 110 357 34
rect:285 119 50 238 27
rect:302 296 99 203 34
rect:174 93 184 283 34
rect:517 468 119 78 53
Caracas1967_08.jpg 0x0
rect:167 314 73 112 54
rect:319 246 58 107 54
rect:289 216 51 124 55
Caracas1967_09.jpg 0x0
rect:309 12 263 153 48
rect:179 164 76 79 48
rect:23 205 56 51 48
rect:83 263 48 62 48
Caracas1967_10.jpg 0x0
rect:42 267 206 321 41
rect:15 175 612 305 48
rect:270 171 83 248 40
rect:426 316 81 174 40
Caracas1967_11.jpg 0x0
rect:266 14 189 278 41
rect:43 11 472 957 48
rect:70 255 253 382 41
Caracas1967_12.jpg 0x0
rect:540 363 24 45 32
rect:182 265 23 48 56
rect:609 355 20 46 32
rect:627 253 43 32 34
Caracas1967_13.jpg 0x0
rect:161 445 100 219 55
Caracas1967_14.jpg 0x0
rect:140 350 314 41 6
rect:103 164 734 256 57
Chichi1999_01.jpg 0x0
rect:4 8 694 151 58
rect:476 146 66 214 42
Chichi1999_02.jpg 0x0
rect:490 134 231 496 59
rect:6 83 440 211 58
Chichi1999_03.jpg 0x0
rect:91 152 68 80 60
rect:0 146 710 121 58
Chichi1999_04.jpg 0x0
rect:152 207 99 291 48
rect:233 194 39 41 52
rect:185 -11 42 118 48
Chichi1999_05.jpg 0x0
rect:469 165 83 161 48
rect:432 182 43 84 52
rect:386 337 25 25 41
rect:325 110 57 67 41
Chichi1999_06.jpg 0x0
rect:623 198 34 48 41
rect:383 199 51 73 48
rect:396 -12 72 73 61
rect:339 185 26 29 52
rect:203 17 352 195 10
rect:397 138 53 87 62
Chichi1999_07.jpg 0x0
rect:52 226 651 161 63
rect:402 238 34 42 64
rect:552 265 53 88 48
rect:812 187 17 25 64
rect:189 209 58 173 48
rect:116 154 24 53 64
rect:521 166 46 149 48
Chichi1999_08.jpg 0x0
rect:93 14 471 546 10
Chichi1999_09.jpg 0x0
rect:231 78 225 157 48
rect:286 121 41 95 40
rect:230 119 62 105 40
rect:275 86 89 115 41
Chichi1999_10.jpg 0x0
rect:207 18 614 377 10
Chichi1999_11.jpg 0x0
rect:2 133 206 448 10
rect:129 206 89 121 65
Chichi1999_12.jpg 0x0
rect:8 29 539 604 66
Chichi1999_13.jpg 0x0
rect:43 61 853 477 10
Chichi1999_14.jpg 0x0
rect:267 492 17 28 39
rect:173 370 44 65 67
rect:108 430 35 47 67
rect:141 468 26 40 67
rect:60 679 39 51 67
rect:282 637 71 55 67
rect:106 395 46 71 67
rect:94 254 42 41 67
rect:175 220 19 34 67
rect:283 326 35 34 39
rect:159 537 28 30 67
rect:176 359 33 37 67
rect:303 442 27 34 39
rect:246 435 17 38 39
rect:165 154 59 53 67
rect:125 239 32 69 67
rect:347 528 30 41 67
Chichi1999_15.jpg 0x0
rect:307 21 276 448 41
Chichi1999_16.jpg 0x0
rect:177 166 49 122 32
Chichi1999_17.jpg 0x0
rect:123 444 21 55 32
Chichi1999_18.jpg 0x0
rect:209 200 136 321 68
rect:272 299 33 130 69
rect:204 285 21 123 69
rect:223 314 41 100 70
rect:331 324 22 181 69
rect:207 298 35 75 69
Chichi1999_19.jpg 0x0
rect:158 18 348 391 2
rect:222 112 218 280 3
YogyakartaInd2006_03.jpg 0x0
rect:263 108 86 35 15
rect:287 246 322 127 71
rect:322 71 117 40 16
rect:209 29 128 2 15
rect:244 405 70 31 16
rect:294 401 299 32 15
rect:452 74 148 80 15
rect:219 209 27 6 16
Chichi1999_20.jpg 0x0
rect:227 214 97 311 42
rect:302 491 39 225 41
Chichi1999_21.jpg 0x0
rect:54 382 179 143 5
rect:510 6 121 138 57
rect:22 5 251 130 30
rect:191 274 104 99 6
rect:481 118 160 137 6
rect:182 270 124 125 37
rect:188 145 280 347 72
rect:282 30 190 157 37
Chichi1999_22.jpg 0x0
rect:192 209 296 120 10
rect:344 295 20 17 73
rect:492 188 20 20 73
rect:205 309 15 23 73
Chichi1999_23.jpg 0x0
rect:222 188 35 67 73
rect:160 141 27 30 34
rect:209 299 74 81 73
rect:383 394 48 83 34
rect:88 240 29 107 34
rect:91 258 54 108 73
rect:257 217 22 29 26
rect:4 69 546 212 74
rect:357 172 33 33 27
rect:110 212 62 37 73
Chichi1999_24.jpg 0x0
rect:208 260 51 60 34
rect:233 141 143 76 75
rect:3 415 216 167 74
rect:218 232 41 41 46
rect:399 347 1 2 46
Chichi1999_25.jpg 0x0
rect:119 251 143 155 34
rect:149 367 53 82 26
rect:129 161 123 378 73
Chichi1999_26.jpg 0x0
rect:117 421 91 81 27
rect:275 117 45 140 73
rect:165 268 132 310 76
rect:96 527 120 130 73
rect:135 378 89 72 26
rect:227 14 62 27 73
Chichi1999_27.jpg 0x0
rect:129 275 79 367 32
Chichi1999_28.jpg 0x0
rect:352 271 228 133 77
rect:21 62 244 150 6
rect:409 110 147 156 75
rect:177 99 181 251 5
Chichi1999_29.jpg 0x0
rect:191 266 69 169 52
rect:98 175 143 208 48
rect:191 156 111 184 40
Chichi1999_30.jpg 0x0
rect:269 259 141 54 78
rect:29 284 107 163 73
rect:258 119 199 83 52
rect:209 83 330 384 40
Chichi1999_31.jpg 0x0
rect:183 81 151 348 79
rect:520 124 57 239 48
Chichi1999_32.jpg 0x0
rect:212 9 106 415 80
rect:490 125 54 219 39
rect:205 246 42 121 81
rect:151 58 37 160 81
Chichi1999_33.jpg 0x0
rect:97 66 131 523 33
rect:252 63 119 244 32
rect:260 180 36 148 49
rect:237 95 90 298 56
rect:148 182 60 110 49
rect:113 129 64 292 32
Chichi1999_34.jpg 0x0
rect:93 82 547 334 10
Duzce1999_01.jpg 0x0
rect:159 191 123 112 41
rect:98 69 90 407 39
Duzce1999_02.jpg 0x0
rect:61 59 157 356 41
Duzce1999_03.jpg 0x0
rect:195 123 86 231 31
rect:96 66 147 269 42
rect:0 204 108 258 31
Gediz1970_01.jpg 0x0
rect:220 552 96 148 69
rect:165 128 193 531 68
rect:145 283 76 197 69
Guatemala1976_01.jpg 0x0
rect:51 210 115 107 48
rect:45 216 47 47 41
rect:18 131 472 153 82
rect:493 220 81 57 41
rect:71 228 78 54 52
rect:360 147 126 151 48
Guatemala1976_02.jpg 0x0
rect:197 77 77 83 40
rect:125 64 289 261 48
Guatemala1976_03.jpg 0x0
rect:15 97 544 401 75
Guatemala1976_04.jpg 0x0
rect:140 33 335 56 30
rect:372 238 117 189 4
rect:46 95 596 306 30
rect:428 153 121 378 4
Guatemala1976_05.jpg 0x0
rect:125 150 277 203 40
rect:144 139 339 92 41
rect:185 104 508 424 48
Guatemala1976_06.jpg 0x0
rect:141 79 175 343 39
Guatemala1976_07.jpg 0x0
rect:18 310 420 270 10
rect:24 365 51 54 6
rect:169 573 163 97 83
Guatemala1976_08.jpg 0x0
rect:439 88 192 403 40
rect:200 47 373 377 41
rect:212 31 421 450 48
Guatemala1976_09.jpg 0x0
rect:97 288 25 34 84
rect:153 299 28 31 84
rect:825 247 58 64 85
rect:431 254 58 32 85
rect:112 245 39 32 85
rect:711 240 50 81 84
rect:320 248 62 75 84
rect:161 284 66 42 85
Guatemala1976_10.jpg 0x0
rect:244 245 225 315 86
rect:345 360 38 122 87
rect:210 94 283 132 87
Guatemala1976_11.jpg 0x0
rect:254 265 165 285 34
GujaratIndia2001_01.jpg 0x0
rect:61 533 76 29 2
rect:26 401 147 125 4
rect:416 479 55 47 11
rect:231 450 247 58 2
Haiti2010_01.jpg 0x0
rect:300 138 159 322 41
rect:430 546 136 221 4
rect:522 303 102 107 4
rect:133 42 108 98 7
rect:390 255 20 143 40
Haiti2010_02.jpg 0x0
rect:237 33 168 34 14
rect:60 104 551 261 88
Haiti2010_03.jpg 0x0
rect:449 1 51 489 32
rect:263 490 191 182 32
rect:216 455 85 73 49
rect:207 747 216 267 89
Haiti2010_04.jpg 0x0
rect:134 376 222 543 41
rect:2 183 276 206 6
rect:186 44 245 355 34
Haiti2010_05.jpg 0x0
rect:224 299 171 141 52
rect:331 119 211 630 90
rect:335 222 34 74 40
rect:356 260 40 72 40
Haiti2010_06.jpg 0x0
rect:269 213 279 430 91
rect:604 294 90 224 32
rect:560 213 442 508 91
rect:177 315 46 44 34
rect:635 174 56 105 34
rect:389 250 72 53 6
rect:350 217 163 301 33
ImperialValley1979_01.jpg 0x0
rect:360 362 52 28 32
rect:572 319 30 38 32
rect:10 283 73 89 49
rect:519 261 25 19 49
rect:561 243 23 22 49
rect:571 377 26 28 50
rect:332 320 46 66 32
rect:335 339 52 50 50
rect:68 259 73 135 50
rect:10 357 164 170 32
rect:401 258 39 25 49
ImperialValley1979_02.jpg 0x0
rect:494 90 95 145 50
rect:149 68 233 309 32
rect:183 184 214 63 92
rect:166 163 98 241 50
rect:306 197 59 158 50
rect:314 174 137 36 49
ImperialValley1979_03.jpg 0x0
rect:88 251 76 271 50
rect:328 306 50 162 50
rect:116 198 270 152 32
rect:81 375 365 24 92
rect:93 322 258 48 92
rect:115 136 226 162 32
rect:180 247 72 155 50
Izmit1999_01.jpg 0x0
rect:379 197 70 67 26
rect:242 230 49 114 27
rect:243 114 60 234 27
rect:231 84 323 335 34
rect:186 102 53 177 27
Izmit1999_02.jpg 0x0
rect:30 128 623 320 10
Izmit1999_03.jpg 0x0
rect:126 196 406 46 92
rect:499 71 25 304 50
rect:114 46 283 316 93
rect:575 73 37 171 50
rect:295 51 298 412 32
rect:213 75 66 294 50
rect:355 85 71 213 50
rect:277 123 29 167 50
Izmit1999_04.jpg 0x0
rect:324 335 18 55 40
rect:53 543 28 67 42
rect:117 571 281 145 88
rect:408 394 23 74 40
rect:73 425 69 128 41
rect:41 460 84 69 34
rect:319 101 88 95 41
rect:162 201 101 84 88
rect:260 357 102 85 41
rect:422 51 89 67 48
Izmit1999_05.jpg 0x0
rect:91 26 617 342 10
Izmit1999_06.jpg 0x0
rect:87 220 64 224 50
rect:205 328 199 93 49
rect:180 259 56 211 50
rect:227 245 62 136 50
rect:164 216 40 153 50
rect:118 205 164 354 32
Izmit1999_07.jpg 0x0
rect:240 243 76 398 4
rect:270 229 40 111 3
rect:198 289 50 143 3
rect:411 86 104 57 6
rect:28 139 390 473 2
rect:233 234 63 98 3
rect:425 96 85 58 3
Izmit1999_08.jpg 0x0
rect:600 7 110 94 45
rect:269 310 182 96 88
rect:669 66 59 58 41
rect:188 21 93 124 34
rect:119 158 102 86 41
rect:374 74 58 37 52
rect:161 436 77 104 45
Izmit1999_09.jpg 0x0
rect:271 341 84 101 41
rect:327 185 85 131 94
rect:781 302 57 47 41
rect:688 312 42 61 94
rect:56 258 40 56 41
rect:356 166 51 42 41
Izmit1999_10.jpg 0x0
rect:255 459 63 25 78
rect:66 141 242 350 41
rect:50 175 72 232 40
rect:265 387 104 90 40
rect:232 523 44 75 40
rect:124 199 61 320 40
rect:291 181 71 132 40
rect:218 135 132 179 40
rect:181 544 119 47 78
rect:48 232 345 45 78
rect:132 416 216 76 78
Izmit1999_11.jpg 0x0
rect:257 282 176 192 41
rect:248 348 93 167 41
rect:195 383 47 193 40
rect:371 295 92 216 40
rect:220 245 95 138 40
Izmit1999_12.jpg 0x0
rect:17 58 45 28 6
rect:332 160 44 47 41
rect:63 81 31 24 6
rect:365 271 53 130 41
rect:359 189 210 182 91
rect:153 190 103 57 88
rect:1 264 24 35 41
rect:440 402 43 142 52
rect:427 243 37 98 42
rect:87 231 39 35 40
rect:381 201 108 176 94
rect:550 30 82 73 34
rect:309 143 47 30 6
rect:445 149 54 54 7
rect:63 325 53 94 94
rect:70 292 57 50 52
rect:264 121 49 77 45
rect:619 120 44 97 41
Izmit1999_13.jpg 0x0
rect:273 82 148 237 48
rect:167 255 85 77 52
rect:268 162 81 248 41
rect:215 211 50 106 41
rect:114 305 129 95 94
rect:121 92 51 42 6
rect:6 54 78 136 42
rect:216 81 83 112 41
rect:156 274 23 92 41
Izmit1999_14.jpg 0x0
rect:367 211 93 41 34
rect:535 7 152 70 35
rect:535 59 60 63 95
rect:39 178 108 69 34
rect:263 465 33 30 34
rect:506 53 76 63 34
rect:278 159 113 88 35
rect:355 339 27 28 34
rect:485 375 50 41 34
Izmit1999_15.jpg 0x0
rect:175 199 186 365 42
Izmit1999_16.jpg 0x0
rect:116 83 436 361 33
rect:107 111 128 142 41
rect:184 127 35 121 40
rect:171 55 331 262 39
Izmit1999_17.jpg 0x0
rect:108 98 137 291 41
Izmit1999_18.jpg 0x0
rect:159 143 184 281 39
rect:135 164 112 106 41
Izmit1999_19.jpg 0x0
rect:486 153 30 109 50
rect:298 145 189 246 32
rect:299 80 180 442 96
rect:337 184 24 63 50
Kobe1995_01.jpg 0x0
rect:23 121 1063 138 63
Kobe1995_02.jpg 0x0
rect:2 53 532 440 68
Kobe1995_03.jpg 0x0
rect:37 55 551 450 10
Kobe1995_04.jpg 0x0
rect:313 229 44 53 41
Kobe1995_05.jpg 0x0
rect:167 140 247 698 52
rect:103 742 229 150 78
rect:319 148 183 309 40
rect:5 177 99 629 40
rect:34 205 376 93 78
Kobe1995_06.jpg 0x0
rect:36 180 475 496 41
rect:140 316 270 321 42
Kobe1995_07.jpg 0x0
rect:42 441 47 34 39
rect:360 357 42 23 39
rect:292 322 36 42 39
rect:292 303 62 35 39
rect:292 182 43 48 39
rect:269 128 30 36 39
rect:554 190 30 56 39
rect:335 375 35 32 39
rect:240 233 39 45 39
rect:307 405 37 25 39
rect:293 531 34 28 39
rect:64 315 39 36 39
rect:167 203 28 42 39
rect:83 375 42 30 39
rect:286 135 24 27 39
rect:150 195 23 47 39
rect:222 233 40 51 39
rect:350 113 49 24 39
rect:212 256 28 55 39
rect:189 510 20 33 39
rect:299 268 37 31 39
rect:181 310 26 38 39
rect:180 348 31 30 39
rect:157 378 30 46 39
rect:203 137 27 49 39
rect:155 321 51 43 39
Kobe1995_08.jpg 0x0
rect:301 49 367 233 97
Kobe1995_09.jpg 0x0
rect:230 569 155 54 97
rect:101 575 66 47 88
rect:80 500 63 64 88
rect:93 679 61 78 88
SanSalvador_1986_01.jpg 0x0
rect:208 201 90 206 41
rect:86 3 99 262 68
SanSalvador_1986_02.jpg 0x0
rect:191 352 38 34 41
rect:285 148 39 53 41
rect:454 201 30 42 42
rect:122 169 39 26 41
rect:283 207 27 44 41
rect:203 154 22 26 41
rect:453 206 28 44 41
rect:393 236 39 40 41
rect:326 135 16 31 41
SikkimIndia2001_01.jpg 0x0
rect:229 218 143 138 34
SikkimIndia2001_02.jpg 0x0
rect:321 292 91 22 16
rect:331 210 111 57 16
rect:-18 2 430 128 33
rect:10 113 46 45 54
rect:424 85 117 38 16
rect:416 81 121 208 33
rect:12 6 341 77 16
rect:152 78 193 381 33
SikkimIndia2001_03.jpg 0x0
rect:216 262 116 221 70
rect:173 81 83 180 69
rect:231 10 215 468 98
SikkimIndia2001_04.jpg 0x0
rect:236 139 150 117 34
rect:3 35 223 326 99
rect:367 144 184 77 99
SumatraInd2009_01.jpg 0x0
rect:294 25 69 291 81
SumatraInd2009_02.jpg 0x0
rect:205 62 178 193 41
WhittierNarrows1987_01.jpg 0x0
rect:12 28 659 454 10
WhittierNarrows1987_02.jpg 0x0
rect:221 222 130 189 41
WhittierNarrows1987_03.jpg 0x0
rect:195 128 153 317 32
WhittierNarrows1987_04.jpg 0x0
rect:271 9 345 92 6
rect:162 57 119 271 41
rect:190 16 255 143 100
YogyakartaInd2006_01.jpg 0x0
rect:364 120 302 74 49
rect:300 30 261 360 32
rect:146 -28 366 377 29
YogyakartaInd2006_02.jpg 0x0
rect:429 118 45 189 69
rect:285 130 69 163 70
rect:441 70 164 410 98
