Anchorage1964_01.jpg 0x0
rect:56 442 224 230 1
rect:86 7 235 172 1
Anchorage1964_02.jpg 0x0
rect:489 330 13 70 3
rect:474 210 94 71 4
rect:172 36 307 70 4
rect:505 80 132 100 8
rect:58 38 60 13 6
rect:306 347 25 73 3
rect:233 70 91 66 4
rect:460 338 22 52 3
rect:105 220 25 20 6
rect:40 262 178 51 5
rect:326 242 23 61 3
rect:114 150 68 46 7
rect:452 201 16 56 3
rect:308 226 29 63 3
rect:154 149 50 15 6
rect:138 323 361 95 2
rect:272 229 25 55 3
rect:250 214 28 73 3
rect:36 27 141 33 5
Anchorage1964_03.jpg 0x0
rect:0 199 639 83 10
rect:2 181 215 95 9
rect:224 74 357 173 9
Anchorage1964_04.jpg 0x0
rect:199 335 39 23 5
rect:366 60 26 20 5
rect:319 383 38 15 5
rect:190 130 35 20 5
rect:150 178 25 13 5
rect:303 499 17 35 1
rect:460 419 33 25 5
rect:197 148 29 24 5
rect:225 150 26 36 1
rect:260 373 12 22 1
rect:281 389 16 21 1
rect:445 244 26 20 5
rect:176 29 24 17 5
rect:138 328 24 14 5
rect:388 323 20 19 5
rect:122 273 27 20 5
rect:187 542 31 18 5
rect:306 245 21 31 1
rect:236 241 18 23 1
rect:293 119 13 32 1
rect:408 165 30 25 5
rect:209 222 12 23 1
rect:279 504 19 25 1
rect:225 377 53 14 2
rect:340 34 36 21 5
rect:201 52 38 14 5
rect:290 498 28 21 5
rect:388 280 32 16 5
rect:376 381 10 1 1
rect:257 165 27 16 5
rect:204 519 31 16 5
rect:218 189 38 16 5
rect:360 88 29 20 5
rect:268 298 15 29 1
rect:137 88 26 17 5
rect:392 164 30 12 5
rect:208 261 17 27 1
rect:403 293 31 15 5
rect:216 256 20 24 8
Anchorage1964_05.jpg 0x0
rect:110 183 23 46 1
rect:464 1 52 38 1
rect:45 134 12 36 1
rect:641 350 49 50 1
rect:330 149 166 62 2
rect:43 385 30 68 1
rect:197 131 106 30 6
rect:534 229 34 49 1
rect:89 336 15 58 1
rect:95 107 15 52 1
rect:144 52 99 24 5
rect:402 257 33 62 1
rect:35 349 19 38 1
rect:581 99 29 48 1
rect:55 75 20 57 1
rect:303 70 36 77 1
rect:355 31 36 53 1
rect:694 260 64 43 5
rect:99 23 21 51 1
rect:610 275 34 61 8
rect:242 151 16 24 11
rect:230 163 110 20 5
rect:334 194 40 65 8
rect:476 161 49 27 11
rect:689 202 45 25 6
rect:632 436 41 11 6
rect:446 197 53 30 5
rect:77 208 25 42 1
rect:197 51 74 52 6
Anchorage1964_06.jpg 0x0
rect:110 56 157 405 12
rect:161 171 113 297 3
rect:141 233 90 87 11
Anchorage1964_07.jpg 0x0
rect:372 320 331 279 2
rect:7 417 432 33 14
rect:385 222 83 101 11
rect:18 306 224 39 11
rect:245 143 36 147 3
rect:367 182 53 142 13
rect:275 2 126 65 2
rect:10 51 534 472 2
rect:236 134 173 154 11
Anchorage1964_08.jpg 0x0
rect:371 30 76 127 1
rect:421 310 91 104 1
rect:245 528 96 146 1
rect:56 399 112 172 1
rect:55 76 127 105 1
rect:53 283 95 114 1
Anchorage1964_09.jpg 0x0
rect:20 171 23 8 16
rect:272 118 83 52 1
rect:488 123 54 66 1
rect:337 143 93 28 15
rect:13 14 521 18 15
rect:659 122 95 22 15
rect:125 208 75 74 8
rect:87 191 86 53 1
rect:425 8 223 16 15
rect:620 195 54 76 1
rect:54 175 40 9 16
rect:172 179 318 9 15
rect:12 19 69 14 16
rect:13 98 96 14 15
rect:503 37 64 67 8
rect:903 243 1 1 16
rect:459 251 77 88 8
rect:595 8 124 10 16
rect:80 31 66 56 8
Anchorage1964_10.jpg 0x0
rect:54 233 288 426 1
rect:206 148 145 75 18
rect:152 204 86 156 17
rect:63 484 289 141 18
Anchorage1964_11.jpg 0x0
rect:61 478 575 10 14
rect:193 118 301 15 15
rect:444 7 147 38 1
rect:141 62 179 142 4
rect:770 157 129 112 1
rect:103 423 503 21 14
rect:214 298 363 34 11
rect:111 137 445 63 2
Anchorage1964_12.jpg 0x0
rect:373 71 47 240 3
rect:538 109 50 259 3
rect:192 238 31 106 3
rect:11 91 623 208 2
rect:446 73 163 176 11
Anchorage1964_13.jpg 0x0
rect:220 454 175 32 2
rect:607 447 34 119 20
rect:486 610 99 17 19
Anchorage1964_14.jpg 0x0
rect:12 771 249 109 11
rect:96 686 39 87 22
rect:331 11 50 237 11
rect:133 633 37 61 22
rect:475 6 89 176 11
rect:108 342 134 24 15
rect:195 304 70 91 21
rect:47 784 38 93 22
rect:25 783 32 44 22
rect:186 13 81 781 20
rect:345 303 186 48 15
rect:387 802 119 67 23
Anchorage1964_15.jpg 0x0
rect:495 10 121 65 4
rect:224 619 238 50 2
rect:343 8 100 73 4
rect:397 353 134 30 24
rect:166 315 167 46 15
rect:367 112 52 116 25
rect:157 90 76 356 20
rect:146 102 32 85 11
rect:292 296 125 36 11
Anchorage1964_16.jpg 0x0
rect:95 429 88 136 11
rect:18 353 64 96 2
rect:213 295 310 170 11
rect:153 79 207 130 2
rect:376 281 126 151 2
rect:15 123 144 251 2
Anchorage1964_17.jpg 0x0
rect:12 152 204 154 9
rect:9 145 741 173 10
rect:359 57 249 153 9
Anchorage1964_18.jpg 0x0
rect:460 342 390 34 15
rect:163 208 62 52 11
rect:538 329 37 21 2
rect:441 210 79 16 2
rect:313 255 40 69 11
rect:538 176 111 106 4
rect:161 148 56 142 4
rect:139 335 19 43 11
rect:512 150 92 69 4
rect:845 224 55 16 2
Anchorage1964_19.jpg 0x0
rect:353 263 47 45 28
rect:286 114 33 107 29
rect:336 145 39 21 26
rect:431 249 13 33 26
rect:392 335 48 93 26
rect:339 137 17 55 29
rect:525 187 6 19 26
rect:333 107 22 26 26
rect:327 300 16 38 26
rect:637 200 10 15 26
rect:21 308 29 118 27
rect:6 175 83 167 26
rect:386 101 84 129 29
rect:284 80 69 52 26
rect:404 109 26 31 27
rect:544 144 58 43 28
rect:659 109 9 7 26
rect:488 234 12 23 26
Anchorage1964_20.jpg 0x0
rect:409 657 53 89 26
rect:208 324 72 123 26
rect:184 60 101 105 29
rect:176 72 92 62 26
rect:156 98 52 35 27
Anchorage1964_21.jpg 0x0
rect:2 75 37 37 26
rect:134 218 678 177 30
rect:43 410 41 26 26
rect:-6 55 77 131 29
Bingol2003_01.jpg 0x0
rect:2 285 793 274 10
rect:23 281 89 69 33
rect:545 535 126 72 6
rect:169 107 92 23 6
rect:252 340 109 93 6
rect:842 207 132 50 33
rect:362 162 97 76 33
rect:993 317 110 54 33
rect:565 53 56 67 6
rect:679 317 171 163 31
rect:471 95 68 88 6
rect:655 255 71 62 6
rect:570 414 68 141 32
rect:158 225 73 59 33
rect:378 216 52 100 34
rect:418 268 60 43 34
rect:602 234 47 70 6
rect:547 443 67 31 33
rect:495 108 139 178 31
Bingol2003_02.jpg 0x0
rect:546 380 81 98 26
rect:117 68 308 130 34
rect:289 170 962 408 31
rect:271 246 98 82 6
rect:1046 52 159 55 36
rect:188 229 83 267 32
rect:464 295 327 99 35
rect:144 365 140 217 32
Bingol2003_03.jpg 0x0
rect:499 -7 309 207 4
rect:279 192 405 176 2
rect:69 30 163 25 2
rect:526 194 185 580 4
rect:1015 425 244 400 2
rect:134 53 97 152 33
rect:375 185 281 75 11
Bingol2003_04.jpg 0x0
rect:66 685 26 60 3
rect:382 321 198 120 4
rect:158 407 36 75 3
rect:189 310 265 129 2
rect:74 541 87 92 2
rect:227 690 82 67 2
rect:164 545 41 70 3
rect:177 494 33 120 3
CanterburyNZSeries2010_01.jpg 0x0
rect:115 139 164 314 12
CanterburyNZSeries2010_02.jpg 0x0
rect:49 9 223 372 37
rect:38 38 210 224 6
CanterburyNZSeries2010_03.jpg 0x0
rect:52 78 344 140 38
CanterburyNZSeries2010_04.jpg 0x0
rect:218 364 30 49 40
rect:249 11 131 178 42
rect:264 586 100 316 41
rect:329 370 18 49 40
rect:311 268 19 127 40
rect:275 361 230 384 39
rect:354 376 47 143 40
rect:298 422 30 91 40
CanterburyNZSeries2010_05.jpg 0x0
rect:357 221 134 94 15
rect:320 477 202 361 4
CanterburyNZSeries2010_06.jpg 0x0
rect:70 96 523 758 4
rect:257 308 188 101 2
CanterburyNZSeries2010_08.jpg 0x0
rect:911 562 36 123 32
rect:853 424 127 133 44
rect:1139 491 82 154 44
rect:452 167 135 334 43
CanterburyNZSeries2010_09.jpg 0x0
rect:249 99 165 194 45
rect:232 257 163 475 39
CanterburyNZSeries2010_10.jpg 0x0
rect:268 437 213 86 6
rect:201 302 383 251 6
rect:260 323 262 88 46
rect:448 204 345 118 7
CanterburyNZSeries2010_11.jpg 0x0
rect:324 183 248 132 7
rect:338 305 355 144 5
CanterburyNZSeries2010_12.jpg 0x0
rect:4 251 1062 371 47
rect:36 311 671 293 2
rect:139 607 176 42 11
rect:568 506 151 81 11
CanterburyNZSeries2010_13.jpg 0x0
rect:126 15 548 853 12
rect:311 191 145 499 11
Caracas1967_01.jpg 0x0
rect:294 169 14 73 48
rect:317 180 34 82 48
rect:291 152 91 102 48
rect:528 75 187 215 48
Caracas1967_02.jpg 0x0
rect:205 1 117 110 15
rect:122 410 38 37 50
rect:129 382 38 53 49
rect:186 262 232 262 51
Caracas1967_03.jpg 0x0
rect:312 311 39 82 27
rect:303 294 22 100 27
rect:264 239 137 123 34
rect:206 59 79 80 14
rect:362 486 81 88 26
rect:13 457 228 93 6
Caracas1967_04.jpg 0x0
rect:144 343 142 183 34
rect:164 298 49 144 26
rect:117 471 20 108 27
Caracas1967_05.jpg 0x0
rect:318 159 39 182 40
rect:287 338 61 237 40
rect:250 361 37 165 40
rect:77 338 222 216 52
rect:40 95 491 435 48
rect:56 385 56 275 40
rect:45 152 450 541 41
rect:219 201 114 194 52
rect:140 405 38 310 40
rect:399 140 60 317 40
Caracas1967_06.jpg 0x0
rect:268 102 305 219 7
rect:303 222 53 35 6
Caracas1967_07.jpg 0x0
rect:444 386 122 139 53
rect:190 183 35 174 27
rect:361 308 152 312 34
rect:181 111 136 224 34
rect:332 8 66 211 34
rect:372 38 25 228 27
rect:490 401 89 56 53
Caracas1967_08.jpg 0x0
rect:391 237 68 116 54
rect:223 245 87 94 55
rect:271 346 80 124 54
Caracas1967_09.jpg 0x0
rect:203 155 78 109 48
rect:30 235 58 62 48
rect:429 12 235 114 48
rect:63 236 65 59 48
Caracas1967_10.jpg 0x0
rect:43 270 209 412 41
rect:468 382 54 183 40
rect:230 265 63 247 40
rect:16 228 471 296 48
Caracas1967_11.jpg 0x0
rect:61 18 415 621 48
rect:287 17 178 281 41
rect:46 322 273 526 41
Caracas1967_12.jpg 0x0
rect:806 335 22 51 32
rect:188 243 34 34 56
rect:530 256 41 56 34
rect:852 358 23 33 32
Caracas1967_13.jpg 0x0
rect:117 312 130 266 55
Caracas1967_14.jpg 0x0
rect:148 325 317 42 6
rect:100 112 414 189 57
Chichi1999_01.jpg 0x0
rect:3 10 579 147 58
rect:384 174 64 155 42
Chichi1999_02.jpg 0x0
rect:7 125 330 118 58
rect:375 85 232 458 59
Chichi1999_03.jpg 0x0
rect:92 142 79 87 60
rect:0 163 833 149 58
Chichi1999_04.jpg 0x0
rect:290 -16 59 125 48
rect:155 179 33 44 52
rect:222 278 92 235 48
Chichi1999_05.jpg 0x0
rect:401 128 68 148 48
rect:354 112 52 58 41
rect:402 248 27 90 52
rect:456 341 35 27 41
Chichi1999_06.jpg 0x0
rect:367 160 68 72 62
rect:600 234 52 67 41
rect:495 -14 94 93 61
rect:144 19 527 161 10
rect:401 199 19 27 52
rect:394 167 41 98 48
Chichi1999_07.jpg 0x0
rect:405 216 60 108 48
rect:463 243 36 132 48
rect:435 224 37 44 64
rect:693 240 15 22 64
rect:51 183 426 125 63
rect:169 203 63 119 48
rect:178 173 29 48 64
Chichi1999_08.jpg 0x0
rect:137 18 521 477 10
Chichi1999_09.jpg 0x0
rect:206 110 164 89 41
rect:199 130 38 57 40
rect:175 76 251 223 48
rect:245 109 49 96 40
Chichi1999_10.jpg 0x0
rect:165 19 453 444 10
Chichi1999_11.jpg 0x0
rect:2 154 131 490 10
rect:163 242 109 81 65
Chichi1999_12.jpg 0x0
rect:10 28 325 680 66
Chichi1999_13.jpg 0x0
rect:42 41 758 445 10
Chichi1999_14.jpg 0x0
rect:144 168 39 57 67
rect:108 594 25 31 67
rect:335 402 24 21 39
rect:108 388 35 76 67
rect:452 321 39 37 67
rect:116 417 59 61 67
rect:199 329 22 31 67
rect:164 686 28 50 67
rect:133 224 111 47 67
rect:207 402 25 63 67
rect:386 375 75 73 67
rect:324 355 43 50 39
rect:69 482 45 54 67
rect:240 427 29 66 67
rect:289 596 22 37 39
rect:172 190 21 38 67
rect:366 458 35 46 39
Chichi1999_15.jpg 0x0
rect:324 21 233 330 41
Chichi1999_16.jpg 0x0
rect:220 167 75 114 32
Chichi1999_17.jpg 0x0
rect:137 281 18 52 32
Chichi1999_18.jpg 0x0
rect:225 213 174 519 68
rect:271 258 40 132 70
rect:267 230 30 99 69
rect:129 178 32 105 69
rect:185 177 24 108 69
rect:289 365 27 154 69
Chichi1999_19.jpg 0x0
rect:254 126 201 309 3
rect:224 27 302 354 2
YogyakartaInd2006_03.jpg 0x0
rect:232 30 123 2 15
rect:175 194 328 115 71
rect:260 150 24 8 16
rect:456 72 157 62 15
rect:440 86 94 50 16
rect:240 457 285 29 15
rect:254 121 86 39 15
rect:273 521 39 22 16
Chichi1999_20.jpg 0x0
rect:245 464 73 149 41
rect:129 198 124 424 42
Chichi1999_21.jpg 0x0
rect:248 106 197 223 72
rect:460 45 238 144 37
rect:350 214 107 131 6
rect:59 325 123 82 5
rect:512 7 90 130 57
rect:200 304 185 166 37
rect:305 131 179 107 6
rect:23 4 257 140 30
Chichi1999_22.jpg 0x0
rect:297 182 13 23 73
rect:293 108 337 106 10
rect:485 236 18 22 73
rect:204 267 14 14 73
Chichi1999_23.jpg 0x0
rect:112 327 36 59 34
rect:147 233 67 84 73
rect:252 380 91 130 73
rect:305 152 49 77 73
rect:4 78 428 150 74
rect:159 139 56 39 73
rect:122 161 25 35 34
rect:201 194 36 35 26
rect:302 219 23 27 27
rect:365 362 41 88 34
Chichi1999_24.jpg 0x0
rect:3 310 349 148 74
rect:167 291 80 62 34
rect:258 138 35 71 46
rect:163 168 159 89 75
rect:250 253 1 2 46
Chichi1999_25.jpg 0x0
rect:132 319 111 303 34
rect:211 385 39 76 26
rect:153 210 151 284 73
Chichi1999_26.jpg 0x0
rect:100 684 128 169 73
rect:174 479 102 114 27
rect:256 143 45 129 73
rect:175 16 33 29 73
rect:209 194 96 405 76
rect:115 621 81 70 26
Chichi1999_27.jpg 0x0
rect:198 253 113 394 32
Chichi1999_28.jpg 0x0
rect:128 101 150 166 5
rect:26 55 277 111 6
rect:226 116 117 207 75
rect:182 182 200 145 77
Chichi1999_29.jpg 0x0
rect:177 196 82 129 52
rect:160 194 126 118 40
rect:173 147 138 252 48
Chichi1999_30.jpg 0x0
rect:26 346 76 148 73
rect:241 174 217 91 52
rect:246 98 272 322 40
rect:256 241 222 40 78
Chichi1999_31.jpg 0x0
rect:363 76 37 181 48
rect:138 104 157 235 79
Chichi1999_32.jpg 0x0
rect:191 79 53 175 81
rect:185 175 31 184 81
rect:426 112 49 236 39
rect:146 9 76 429 80
Chichi1999_33.jpg 0x0
rect:166 117 41 79 49
rect:240 108 39 143 49
rect:185 110 127 208 32
rect:235 128 114 218 56
rect:78 77 137 497 33
rect:98 122 89 302 32
Chichi1999_34.jpg 0x0
rect:131 77 518 453 10
Duzce1999_01.jpg 0x0
rect:114 41 111 352 39
rect:148 162 96 140 41
Duzce1999_02.jpg 0x0
rect:75 37 142 452 41
Duzce1999_03.jpg 0x0
rect:142 68 78 202 42
rect:0 129 80 308 31
rect:164 96 95 345 31
Gediz1970_01.jpg 0x0
rect:302 371 104 226 69
rect:96 97 242 560 68
rect:140 220 123 350 69
Guatemala1976_01.jpg 0x0
rect:64 130 44 39 41
rect:27 123 510 178 82
rect:42 244 67 46 52
rect:43 139 82 143 48
rect:388 107 139 117 48
rect:646 200 45 63 41
Guatemala1976_02.jpg 0x0
rect:200 90 385 289 48
rect:282 78 82 90 40
Guatemala1976_03.jpg 0x0
rect:13 107 650 246 75
Guatemala1976_04.jpg 0x0
rect:633 133 125 366 4
rect:158 34 388 62 30
rect:409 327 92 298 4
rect:37 74 424 269 30
Guatemala1976_05.jpg 0x0
rect:193 140 374 160 40
rect:253 106 289 168 41
rect:130 84 292 341 48
Guatemala1976_06.jpg 0x0
rect:119 138 248 483 39
Guatemala1976_07.jpg 0x0
rect:293 678 114 94 83
rect:29 201 64 55 6
rect:23 176 542 305 10
Guatemala1976_08.jpg 0x0
rect:393 85 220 254 40
rect:110 31 491 538 48
rect:238 74 308 269 41
Guatemala1976_09.jpg 0x0
rect:662 391 61 75 84
rect:307 262 95 33 85
rect:688 281 79 40 85
rect:75 195 31 35 85
rect:71 274 42 28 84
rect:175 221 52 58 85
rect:275 392 53 73 84
rect:181 206 33 32 84
Guatemala1976_10.jpg 0x0
rect:255 167 245 274 86
rect:198 111 218 210 87
rect:263 331 46 103 87
Guatemala1976_11.jpg 0x0
rect:134 269 99 281 34
GujaratIndia2001_01.jpg 0x0
rect:91 626 50 31 2
rect:280 457 74 53 11
rect:36 299 228 117 4
rect:215 516 191 108 2
Haiti2010_01.jpg 0x0
rect:242 268 35 94 40
rect:383 268 129 147 4
rect:499 512 161 248 4
rect:238 104 182 434 41
rect:139 38 119 128 7
Haiti2010_02.jpg 0x0
rect:335 40 227 51 14
rect:54 91 386 243 88
Haiti2010_03.jpg 0x0
rect:315 522 65 84 49
rect:465 1 56 636 32
rect:202 763 302 194 89
rect:179 330 239 248 32
Haiti2010_04.jpg 0x0
rect:133 307 259 483 41
rect:166 50 306 320 34
rect:2 132 251 129 6
Haiti2010_05.jpg 0x0
rect:290 174 237 144 52
rect:291 211 40 90 40
rect:232 324 28 77 40
rect:255 191 259 651 90
Haiti2010_06.jpg 0x0
rect:192 340 344 289 91
rect:477 212 69 43 6
rect:238 378 43 36 34
rect:503 160 80 98 34
rect:649 238 72 224 32
rect:461 222 172 488 33
rect:612 193 670 882 91
ImperialValley1979_01.jpg 0x0
rect:450 316 55 21 49
rect:507 291 39 33 50
rect:620 248 22 21 49
rect:67 416 122 120 50
rect:323 258 50 61 32
rect:421 365 46 78 50
rect:12 388 146 164 32
rect:516 378 50 39 32
rect:660 399 18 14 49
rect:507 404 41 30 32
rect:14 443 58 49 49
ImperialValley1979_02.jpg 0x0
rect:235 156 54 178 50
rect:275 145 107 240 50
rect:177 244 353 83 92
rect:264 108 250 214 32
rect:196 277 121 33 49
rect:161 107 78 248 50
ImperialValley1979_03.jpg 0x0
rect:275 273 67 170 50
rect:101 340 343 35 92
rect:131 287 271 166 32
rect:78 225 109 214 50
rect:157 443 118 116 50
rect:111 510 322 39 92
rect:113 215 166 144 32
Izmit1999_01.jpg 0x0
rect:148 57 481 396 34
rect:312 132 41 131 27
rect:599 289 47 65 26
rect:224 230 34 88 27
rect:336 98 45 141 27
Izmit1999_02.jpg 0x0
rect:31 82 847 295 10
Izmit1999_03.jpg 0x0
rect:109 29 424 264 93
rect:271 69 27 182 50
rect:364 105 38 181 50
rect:169 53 323 294 32
rect:545 91 55 324 50
rect:167 82 54 291 50
rect:210 154 315 40 92
rect:222 181 53 262 50
Izmit1999_04.jpg 0x0
rect:65 347 70 51 34
rect:53 592 62 91 41
rect:488 483 25 77 40
rect:130 658 251 96 88
rect:76 397 44 83 42
rect:280 280 77 108 41
rect:358 56 92 127 48
rect:271 78 59 70 41
rect:332 341 23 52 40
rect:183 189 176 50 88
Izmit1999_05.jpg 0x0
rect:119 29 704 443 10
Izmit1999_06.jpg 0x0
rect:112 311 76 209 50
rect:107 263 197 93 49
rect:138 197 87 251 50
rect:178 216 223 404 32
rect:201 291 58 118 50
rect:240 267 41 155 50
Izmit1999_07.jpg 0x0
rect:215 408 51 93 3
rect:411 122 75 56 3
rect:251 247 88 447 4
rect:475 60 133 46 6
rect:279 230 28 90 3
rect:230 251 47 127 3
rect:21 127 426 541 2
Izmit1999_08.jpg 0x0
rect:223 187 261 106 88
rect:652 80 60 69 41
rect:444 7 120 67 45
rect:171 85 92 65 41
rect:514 115 57 36 52
rect:192 23 115 108 34
rect:146 321 71 122 45
Izmit1999_09.jpg 0x0
rect:743 189 47 94 94
rect:274 176 143 110 94
rect:59 275 58 57 41
rect:660 267 49 79 41
rect:308 191 108 85 41
rect:216 171 33 43 41
Izmit1999_10.jpg 0x0
rect:305 452 74 29 78
rect:78 120 423 446 41
rect:46 266 354 45 78
rect:176 183 98 170 40
rect:288 167 149 175 40
rect:255 156 48 175 40
rect:68 107 72 221 40
rect:84 328 244 62 78
rect:223 536 183 27 78
rect:180 472 63 60 40
rect:279 661 78 136 40
Izmit1999_11.jpg 0x0
rect:134 397 54 193 40
rect:166 331 90 148 41
rect:186 261 144 125 41
rect:278 193 85 214 40
rect:408 197 91 239 40
Izmit1999_12.jpg 0x0
rect:486 250 65 77 41
rect:414 303 95 83 41
rect:268 244 60 132 52
rect:396 99 45 86 41
rect:42 198 60 97 94
rect:1 176 24 37 41
rect:19 64 52 23 6
rect:323 208 49 60 7
rect:44 240 66 76 52
rect:541 31 94 65 34
rect:372 121 50 63 45
rect:373 216 122 114 94
rect:399 169 167 163 91
rect:104 366 26 39 40
rect:183 255 78 85 88
rect:440 212 39 85 42
rect:81 71 37 18 6
rect:369 178 40 32 6
Izmit1999_13.jpg 0x0
rect:155 319 29 61 41
rect:264 73 215 301 48
rect:281 82 87 97 41
rect:288 171 87 197 41
rect:109 130 52 58 6
rect:202 226 50 76 52
rect:103 210 39 121 41
rect:180 311 127 108 94
rect:6 88 116 168 42
Izmit1999_14.jpg 0x0
rect:396 54 97 77 34
rect:327 32 49 74 95
rect:243 286 36 22 34
rect:40 183 82 49 34
rect:366 205 120 54 35
rect:572 247 94 51 34
rect:315 427 47 31 34
rect:464 416 80 31 34
rect:391 5 173 79 35
Izmit1999_15.jpg 0x0
rect:197 232 175 360 42
Izmit1999_16.jpg 0x0
rect:132 117 179 146 41
rect:166 120 51 96 40
rect:170 64 208 331 39
rect:92 50 317 434 33
Izmit1999_17.jpg 0x0
rect:88 128 141 215 41
Izmit1999_18.jpg 0x0
rect:207 120 136 267 39
rect:143 192 162 100 41
Izmit1999_19.jpg 0x0
rect:325 149 30 75 50
rect:274 124 231 301 32
rect:360 158 23 93 50
rect:315 111 252 391 96
Kobe1995_01.jpg 0x0
rect:27 129 1017 106 63
Kobe1995_02.jpg 0x0
rect:2 42 674 454 68
Kobe1995_03.jpg 0x0
rect:36 53 385 751 10
Kobe1995_04.jpg 0x0
rect:411 347 48 68 41
Kobe1995_05.jpg 0x0
rect:37 257 430 71 78
rect:158 175 269 670 52
rect:414 192 130 341 40
rect:90 660 421 136 78
rect:4 221 119 524 40
Kobe1995_06.jpg 0x0
rect:58 160 383 527 41
rect:126 373 301 346 42
Kobe1995_07.jpg 0x0
rect:49 302 39 43 39
rect:291 409 22 38 39
rect:178 175 37 45 39
rect:238 297 43 37 39
rect:305 219 31 44 39
rect:209 167 39 46 39
rect:298 330 50 42 39
rect:216 134 25 37 39
rect:250 298 28 23 39
rect:206 154 24 27 39
rect:310 180 32 50 39
rect:494 411 41 36 39
rect:319 577 36 37 39
rect:179 364 38 41 39
rect:169 487 26 32 39
rect:153 251 35 29 39
rect:361 170 33 32 39
rect:378 214 31 51 39
rect:82 256 32 36 39
rect:238 321 36 30 39
rect:252 421 51 44 39
rect:476 186 49 49 39
rect:36 285 30 30 39
rect:99 293 28 30 39
rect:331 327 58 27 39
rect:375 237 40 28 39
Kobe1995_08.jpg 0x0
rect:374 61 472 277 97
Kobe1995_09.jpg 0x0
rect:121 474 77 86 88
rect:121 482 57 110 88
rect:96 415 96 63 88
rect:214 524 230 95 97
SanSalvador_1986_01.jpg 0x0
rect:54 3 132 290 68
rect:260 185 112 165 41
SanSalvador_1986_02.jpg 0x0
rect:195 311 28 38 41
rect:526 266 41 44 41
rect:180 202 20 22 41
rect:625 228 41 44 41
rect:346 110 13 36 41
rect:567 222 38 50 42
rect:163 169 22 30 41
rect:221 188 22 34 41
rect:377 223 39 33 41
SikkimIndia2001_01.jpg 0x0
rect:239 174 175 144 34
SikkimIndia2001_02.jpg 0x0
rect:528 73 100 165 33
rect:611 322 80 16 16
rect:460 99 68 45 16
rect:9 142 70 36 54
rect:13 5 317 61 16
rect:142 57 210 452 33
rect:-12 2 262 110 33
rect:357 284 75 38 16
SikkimIndia2001_03.jpg 0x0
rect:199 81 56 246 69
rect:240 9 209 515 98
rect:247 239 98 194 70
SikkimIndia2001_04.jpg 0x0
rect:476 174 353 93 99
rect:256 147 142 169 34
rect:3 41 305 313 99
SumatraInd2009_01.jpg 0x0
rect:277 25 47 253 81
SumatraInd2009_02.jpg 0x0
rect:173 106 228 172 41
WhittierNarrows1987_01.jpg 0x0
rect:17 27 879 334 10
WhittierNarrows1987_02.jpg 0x0
rect:141 357 81 235 41
WhittierNarrows1987_03.jpg 0x0
rect:354 140 159 200 32
WhittierNarrows1987_04.jpg 0x0
rect:251 10 353 100 6
rect:273 75 102 251 41
rect:197 14 258 123 100
YogyakartaInd2006_01.jpg 0x0
rect:171 32 316 302 32
rect:178 -21 491 579 29
rect:284 167 341 70 49
YogyakartaInd2006_02.jpg 0x0
rect:415 92 60 272 69
rect:353 63 177 544 98
rect:292 121 91 135 70
