Anchorage1964_01.jpg 0x0
rect:99 348 170 182 1
rect:119 8 280 149 1
Anchorage1964_02.jpg 0x0
rect:658 223 11 54 3
rect:119 211 63 12 6
rect:200 268 25 83 3
rect:102 175 24 18 6
rect:125 109 71 67 7
rect:32 17 147 41 5
rect:497 212 91 49 4
rect:452 355 20 73 3
rect:584 346 18 37 3
rect:322 309 26 52 3
rect:292 251 26 57 3
rect:197 71 91 86 4
rect:204 343 17 68 3
rect:211 39 265 59 4
rect:219 218 412 123 2
rect:558 250 23 47 3
rect:574 77 93 118 8
rect:53 27 79 18 6
rect:28 230 173 37 5
Anchorage1964_03.jpg 0x0
rect:2 244 230 99 9
rect:0 354 540 78 10
rect:213 91 486 201 9
Anchorage1964_04.jpg 0x0
rect:193 146 19 13 5
rect:296 121 25 19 5
rect:345 103 24 39 1
rect:304 135 18 18 1
rect:430 115 24 18 5
rect:399 215 38 22 5
rect:250 324 14 29 1
rect:199 448 42 17 2
rect:344 304 12 24 1
rect:431 29 38 19 5
rect:253 244 37 17 5
rect:330 388 22 33 1
rect:179 155 32 20 5
rect:367 77 37 16 5
rect:116 81 34 17 5
rect:184 167 26 18 5
rect:145 266 34 18 5
rect:258 374 31 19 5
rect:121 213 40 15 5
rect:162 504 32 26 5
rect:119 316 31 17 5
rect:213 98 35 15 5
rect:229 292 26 28 8
rect:400 310 29 25 5
rect:123 165 36 18 5
rect:294 224 18 29 1
rect:257 460 8 1 1
rect:323 177 17 29 1
rect:443 368 31 16 5
rect:368 385 29 27 1
rect:263 232 19 30 1
rect:155 495 43 14 5
rect:341 200 39 19 5
rect:194 29 34 13 5
rect:415 284 30 18 5
rect:254 370 23 24 5
rect:291 451 16 33 1
rect:195 337 16 21 1
rect:315 248 30 21 5
Anchorage1964_05.jpg 0x0
rect:401 220 35 58 1
rect:404 85 40 49 1
rect:564 178 41 68 1
rect:100 221 21 39 1
rect:527 73 53 70 1
rect:70 67 18 57 1
rect:75 234 26 55 1
rect:249 155 117 55 2
rect:688 240 49 31 5
rect:306 267 24 24 11
rect:204 144 100 28 5
rect:566 370 53 58 8
rect:109 27 22 46 1
rect:805 259 67 41 5
rect:739 233 36 14 6
rect:574 337 53 56 1
rect:539 332 52 22 6
rect:383 180 41 24 11
rect:451 376 52 56 8
rect:75 75 19 40 1
rect:55 178 21 37 1
rect:184 135 117 46 6
rect:44 410 26 44 1
rect:338 1 53 60 1
rect:51 340 30 55 1
rect:211 50 94 32 5
rect:392 27 45 71 1
rect:69 227 18 47 1
rect:141 51 117 62 6
Anchorage1964_06.jpg 0x0
rect:115 60 265 491 12
rect:131 141 97 313 3
rect:137 191 49 103 11
Anchorage1964_07.jpg 0x0
rect:18 206 236 40 11
rect:460 285 434 268 2
rect:7 46 752 318 2
rect:239 127 48 167 3
rect:8 285 444 41 14
rect:543 174 101 67 11
rect:204 2 117 71 2
rect:221 163 178 132 11
rect:440 116 46 125 13
Anchorage1964_08.jpg 0x0
rect:418 231 138 146 1
rect:269 24 107 130 1
rect:34 673 75 126 1
rect:61 299 82 78 1
rect:64 56 117 149 1
rect:446 568 110 102 1
Anchorage1964_09.jpg 0x0
rect:11 21 59 16 16
rect:432 116 83 90 1
rect:442 138 67 91 1
rect:419 118 86 32 15
rect:159 92 235 12 15
rect:52 147 53 11 16
rect:73 192 57 84 1
rect:785 9 127 9 16
rect:120 39 69 75 8
rect:488 8 370 13 15
rect:550 42 58 67 8
rect:637 207 1 1 16
rect:19 165 27 8 16
rect:467 94 155 24 15
rect:112 305 90 72 8
rect:13 154 109 25 15
rect:10 19 379 19 15
rect:423 187 58 51 8
rect:330 133 61 49 1
Anchorage1964_10.jpg 0x0
rect:70 168 348 364 1
rect:159 254 158 89 18
rect:100 513 245 96 18
rect:196 225 87 146 17
Anchorage1964_11.jpg 0x0
rect:93 183 626 64 2
rect:153 48 162 127 4
rect:542 7 143 32 1
rect:56 383 515 13 14
rect:465 167 171 116 1
rect:184 172 346 25 15
rect:273 195 210 43 11
rect:78 541 474 19 14
Anchorage1964_12.jpg 0x0
rect:506 89 199 133 11
rect:247 151 27 126 3
rect:390 96 43 253 3
rect:522 106 48 140 3
rect:9 108 750 307 2
Anchorage1964_13.jpg 0x0
rect:431 674 93 14 19
rect:455 313 24 196 20
rect:232 456 217 20 2
Anchorage1964_14.jpg 0x0
rect:12 613 143 66 11
rect:184 351 95 93 21
rect:431 258 129 72 15
rect:180 638 36 45 22
rect:148 12 131 745 20
rect:121 443 52 66 22
rect:27 571 27 58 22
rect:75 235 156 30 15
rect:38 593 46 61 22
rect:244 674 198 64 23
rect:381 9 87 252 11
rect:457 6 72 179 11
Anchorage1964_15.jpg 0x0
rect:185 224 213 50 15
rect:518 286 134 29 24
rect:262 137 34 91 25
rect:223 172 43 46 11
rect:163 87 79 388 20
rect:258 8 97 63 4
rect:205 515 217 74 2
rect:275 9 75 71 4
rect:419 278 135 59 11
Anchorage1964_16.jpg 0x0
rect:10 167 194 199 2
rect:114 402 91 137 11
rect:267 84 190 147 2
rect:388 216 139 247 2
rect:274 207 289 177 11
rect:12 298 73 66 2
Anchorage1964_17.jpg 0x0
rect:285 55 287 268 9
rect:10 174 631 258 10
rect:12 90 250 150 9
Anchorage1964_18.jpg 0x0
rect:540 161 130 106 4
rect:368 188 137 72 4
rect:256 292 395 34 15
rect:837 350 68 15 2
rect:448 210 38 53 11
rect:174 329 21 54 11
rect:398 266 34 15 2
rect:146 374 66 54 11
rect:457 246 96 23 2
rect:143 156 54 85 4
Anchorage1964_19.jpg 0x0
rect:6 193 81 142 26
rect:315 134 22 62 29
rect:499 112 36 62 29
rect:289 256 16 35 26
rect:524 214 14 34 26
rect:565 248 9 11 26
rect:534 142 7 13 26
rect:517 167 16 33 26
rect:521 113 50 46 28
rect:363 219 49 82 26
rect:595 251 46 31 28
rect:299 81 40 23 26
rect:455 277 12 24 26
rect:272 76 68 131 29
rect:419 100 31 37 27
rect:29 294 40 99 27
rect:595 154 6 8 26
rect:356 80 72 48 26
Anchorage1964_20.jpg 0x0
rect:230 546 72 126 26
rect:344 644 32 81 26
rect:158 122 101 77 26
rect:209 75 63 49 27
rect:181 88 153 158 29
Anchorage1964_21.jpg 0x0
rect:115 159 656 211 30
rect:-5 69 63 168 29
rect:56 283 32 33 26
rect:2 102 34 39 26
Bingol2003_01.jpg 0x0
rect:585 435 36 52 34
rect:2 434 1071 245 10
rect:611 98 81 87 6
rect:136 186 91 82 33
rect:189 91 79 32 6
rect:418 346 166 83 6
rect:653 302 100 60 6
rect:549 390 48 135 32
rect:978 595 92 41 33
rect:231 151 75 49 33
rect:749 141 117 86 6
rect:633 299 71 78 33
rect:442 489 97 80 6
rect:389 232 133 213 31
rect:502 255 36 146 34
rect:417 272 39 62 6
rect:450 68 150 237 31
rect:38 258 84 81 33
rect:655 259 96 77 33
Bingol2003_02.jpg 0x0
rect:166 129 348 131 34
rect:179 301 770 608 31
rect:262 256 101 107 6
rect:541 372 85 97 26
rect:199 186 103 481 32
rect:137 546 177 315 32
rect:508 210 483 161 35
rect:725 57 99 54 36
Bingol2003_03.jpg 0x0
rect:526 146 170 52 11
rect:1007 454 341 468 2
rect:67 30 141 31 2
rect:529 -8 230 266 4
rect:146 34 156 83 33
rect:656 207 181 677 4
rect:457 223 274 129 2
Bingol2003_04.jpg 0x0
rect:246 324 117 124 4
rect:90 652 30 82 3
rect:404 686 154 102 2
rect:152 483 26 72 3
rect:237 661 31 60 3
rect:179 541 176 204 2
rect:252 469 45 86 3
rect:81 788 115 62 2
CanterburyNZSeries2010_01.jpg 0x0
rect:74 150 152 325 12
CanterburyNZSeries2010_02.jpg 0x0
rect:47 10 250 276 37
rect:66 62 168 207 6
CanterburyNZSeries2010_03.jpg 0x0
rect:60 49 374 137 38
CanterburyNZSeries2010_04.jpg 0x0
rect:179 302 29 218 40
rect:256 400 16 43 40
rect:327 295 26 54 40
rect:446 479 52 110 40
rect:188 371 101 253 41
rect:326 11 97 124 42
rect:244 513 23 64 40
rect:267 281 267 445 39
CanterburyNZSeries2010_05.jpg 0x0
rect:410 155 143 117 15
rect:336 276 234 292 4
CanterburyNZSeries2010_06.jpg 0x0
rect:230 240 214 103 2
rect:85 124 885 465 4
CanterburyNZSeries2010_08.jpg 0x0
rect:824 496 122 121 44
rect:818 480 55 131 44
rect:552 378 37 216 32
rect:665 187 124 277 43
CanterburyNZSeries2010_09.jpg 0x0
rect:285 167 229 217 45
rect:201 221 151 345 39
CanterburyNZSeries2010_10.jpg 0x0
rect:295 327 167 119 6
rect:380 424 270 70 46
rect:295 199 189 86 7
rect:203 225 297 233 6
CanterburyNZSeries2010_11.jpg 0x0
rect:293 260 242 238 5
rect:289 163 326 119 7
CanterburyNZSeries2010_12.jpg 0x0
rect:5 328 650 355 47
rect:523 578 148 60 11
rect:157 435 171 34 11
rect:57 242 602 331 2
CanterburyNZSeries2010_13.jpg 0x0
rect:134 13 537 643 12
rect:293 161 97 362 11
Caracas1967_01.jpg 0x0
rect:430 150 59 77 48
rect:504 55 170 313 48
rect:264 206 47 105 48
rect:307 132 13 59 48
Caracas1967_02.jpg 0x0
rect:331 1 136 184 15
rect:108 419 50 48 49
rect:160 507 36 48 50
rect:205 267 190 264 51
Caracas1967_03.jpg 0x0
rect:275 254 30 69 27
rect:279 252 153 146 34
rect:290 328 32 138 27
rect:238 456 52 58 26
rect:13 421 188 99 6
rect:345 81 94 114 14
Caracas1967_04.jpg 0x0
rect:140 391 18 92 27
rect:148 321 159 190 34
rect:107 388 37 80 26
Caracas1967_05.jpg 0x0
rect:271 168 48 136 40
rect:236 354 62 164 40
rect:36 114 518 569 48
rect:225 187 42 192 40
rect:106 353 53 231 40
rect:40 159 312 477 41
rect:72 378 65 339 40
rect:72 461 297 202 52
rect:246 255 44 299 40
rect:270 311 124 139 52
Caracas1967_06.jpg 0x0
rect:425 89 307 239 7
rect:360 299 75 44 6
Caracas1967_07.jpg 0x0
rect:333 292 91 82 53
rect:190 162 50 152 27
rect:318 275 164 323 34
rect:431 400 78 69 53
rect:181 131 179 242 34
rect:363 8 96 294 34
rect:444 42 27 161 27
Caracas1967_08.jpg 0x0
rect:240 335 92 91 55
rect:266 331 76 94 54
rect:407 173 104 137 54
Caracas1967_09.jpg 0x0
rect:388 15 214 174 48
rect:85 185 66 57 48
rect:30 216 50 40 48
rect:161 130 75 70 48
Caracas1967_10.jpg 0x0
rect:379 392 87 245 40
rect:15 148 594 477 48
rect:42 195 264 368 41
rect:409 295 113 237 40
Caracas1967_11.jpg 0x0
rect:381 12 184 367 41
rect:75 240 198 351 41
rect:61 11 467 629 48
Caracas1967_12.jpg 0x0
rect:352 186 40 32 34
rect:781 232 20 42 32
rect:834 465 22 75 32
rect:231 307 28 45 56
Caracas1967_13.jpg 0x0
rect:127 476 122 329 55
Caracas1967_14.jpg 0x0
rect:133 305 302 55 6
rect:85 126 655 251 57
Chichi1999_01.jpg 0x0
rect:471 102 67 276 42
rect:5 7 704 159 58
Chichi1999_02.jpg 0x0
rect:6 95 321 157 58
rect:363 142 253 427 59
Chichi1999_03.jpg 0x0
rect:92 208 48 135 60
rect:0 124 727 185 58
Chichi1999_04.jpg 0x0
rect:240 -18 54 121 48
rect:213 168 97 449 48
rect:160 273 27 60 52
Chichi1999_05.jpg 0x0
rect:338 209 26 42 41
rect:403 154 72 291 48
rect:444 219 49 89 52
rect:295 174 57 56 41
Chichi1999_06.jpg 0x0
rect:276 207 56 102 48
rect:149 20 447 210 10
rect:704 168 31 60 41
rect:303 113 46 57 62
rect:499 -12 107 81 61
rect:349 266 16 37 52
Chichi1999_07.jpg 0x0
rect:74 154 595 187 63
rect:510 221 24 34 64
rect:139 153 59 148 48
rect:511 199 20 20 64
rect:129 164 27 57 64
rect:405 268 57 137 48
rect:530 218 35 132 48
Chichi1999_08.jpg 0x0
rect:129 17 547 528 10
Chichi1999_09.jpg 0x0
rect:207 79 165 123 41
rect:276 115 60 63 40
rect:280 67 141 161 48
rect:277 128 36 61 40
Chichi1999_10.jpg 0x0
rect:220 19 461 467 10
Chichi1999_11.jpg 0x0
rect:117 202 111 73 65
rect:2 96 195 659 10
Chichi1999_12.jpg 0x0
rect:10 32 545 533 66
Chichi1999_13.jpg 0x0
rect:44 57 911 522 10
Chichi1999_14.jpg 0x0
rect:351 514 40 47 39
rect:68 285 72 64 67
rect:88 269 49 57 67
rect:408 511 92 59 67
rect:183 406 18 32 39
rect:220 183 16 46 67
rect:74 363 31 62 67
rect:146 389 41 74 67
rect:194 216 88 49 67
rect:245 210 29 53 67
rect:187 483 21 35 67
rect:178 254 37 42 67
rect:105 616 35 41 67
rect:309 590 37 65 67
rect:281 462 23 17 39
rect:120 309 28 53 67
rect:223 335 36 55 39
Chichi1999_15.jpg 0x0
rect:247 39 308 465 41
Chichi1999_16.jpg 0x0
rect:177 93 61 155 32
Chichi1999_17.jpg 0x0
rect:142 236 18 56 32
Chichi1999_18.jpg 0x0
rect:314 275 38 122 70
rect:204 266 22 112 69
rect:193 175 39 156 69
rect:197 243 44 98 69
rect:148 194 194 479 68
rect:311 363 31 141 69
Chichi1999_19.jpg 0x0
rect:214 137 200 363 3
rect:246 21 186 342 2
YogyakartaInd2006_03.jpg 0x0
rect:279 278 359 170 71
rect:345 100 95 40 16
rect:297 28 71 2 15
rect:150 328 268 22 15
rect:202 200 67 25 15
rect:389 348 55 35 16
rect:274 70 153 77 15
rect:245 154 26 8 16
Chichi1999_20.jpg 0x0
rect:177 266 124 268 42
rect:273 426 66 177 41
Chichi1999_21.jpg 0x0
rect:58 287 135 79 5
rect:269 377 70 165 6
rect:318 9 158 110 57
rect:352 130 118 102 6
rect:184 142 213 205 72
rect:13 4 274 174 30
rect:357 34 215 259 37
rect:256 257 228 122 37
Chichi1999_22.jpg 0x0
rect:419 295 16 25 73
rect:179 160 400 131 10
rect:318 255 14 26 73
rect:308 226 22 22 73
Chichi1999_23.jpg 0x0
rect:3 85 494 158 74
rect:260 156 43 30 27
rect:321 184 45 49 73
rect:316 233 26 29 26
rect:358 257 74 99 73
rect:84 252 62 118 73
rect:155 154 22 25 34
rect:144 442 31 79 34
rect:140 197 52 58 73
rect:208 418 44 70 34
Chichi1999_24.jpg 0x0
rect:3 273 328 141 74
rect:425 241 1 2 46
rect:185 187 35 42 46
rect:177 144 161 94 75
rect:173 280 86 38 34
Chichi1999_25.jpg 0x0
rect:157 181 189 370 73
rect:174 251 123 292 34
rect:202 332 55 59 26
Chichi1999_26.jpg 0x0
rect:133 692 157 79 27
rect:310 15 40 36 73
rect:275 132 53 122 73
rect:111 688 128 100 73
rect:102 627 83 81 26
rect:237 254 153 425 76
Chichi1999_27.jpg 0x0
rect:148 272 119 458 32
Chichi1999_28.jpg 0x0
rect:238 277 202 97 77
rect:192 115 103 254 5
rect:304 94 187 191 75
rect:20 81 296 109 6
Chichi1999_29.jpg 0x0
rect:156 210 69 223 52
rect:204 187 109 206 40
rect:132 197 246 359 48
Chichi1999_30.jpg 0x0
rect:260 126 266 251 40
rect:233 151 181 64 52
rect:142 206 224 58 78
rect:26 334 108 182 73
Chichi1999_31.jpg 0x0
rect:108 74 129 355 79
rect:653 129 61 229 48
Chichi1999_32.jpg 0x0
rect:650 140 41 229 39
rect:207 8 78 297 80
rect:123 199 39 187 81
rect:202 81 46 188 81
Chichi1999_33.jpg 0x0
rect:101 151 93 172 32
rect:152 198 44 82 49
rect:190 65 131 275 32
rect:260 146 51 154 49
rect:76 65 136 350 33
rect:352 100 99 250 56
Chichi1999_34.jpg 0x0
rect:86 118 467 350 10
Duzce1999_01.jpg 0x0
rect:150 115 83 100 41
rect:175 42 99 348 39
Duzce1999_02.jpg 0x0
rect:84 56 180 475 41
Duzce1999_03.jpg 0x0
rect:112 95 114 210 42
rect:276 86 88 324 31
rect:0 182 84 222 31
Gediz1970_01.jpg 0x0
rect:164 384 129 237 69
rect:315 510 62 138 69
rect:143 94 214 538 68
Guatemala1976_01.jpg 0x0
rect:30 145 530 144 82
rect:53 122 131 88 48
rect:418 175 70 91 41
rect:51 149 63 34 52
rect:386 174 129 142 48
rect:69 167 54 56 41
Guatemala1976_02.jpg 0x0
rect:316 81 81 78 40
rect:153 69 222 291 48
Guatemala1976_03.jpg 0x0
rect:21 90 749 391 75
Guatemala1976_04.jpg 0x0
rect:558 336 94 248 4
rect:123 23 382 53 30
rect:504 147 91 306 4
rect:30 73 546 232 30
Guatemala1976_05.jpg 0x0
rect:220 159 243 93 41
rect:115 91 470 443 48
rect:140 100 401 185 40
Guatemala1976_06.jpg 0x0
rect:120 121 265 394 39
Guatemala1976_07.jpg 0x0
rect:30 386 45 40 6
rect:170 675 134 81 83
rect:29 189 519 303 10
Guatemala1976_08.jpg 0x0
rect:168 60 379 453 41
rect:342 91 227 293 40
rect:133 35 311 304 48
Guatemala1976_09.jpg 0x0
rect:495 306 60 42 85
rect:461 318 70 65 84
rect:119 284 33 30 84
rect:462 294 56 60 84
rect:279 221 84 39 85
rect:68 294 26 21 85
rect:209 298 71 52 85
rect:137 359 37 25 84
Guatemala1976_10.jpg 0x0
rect:268 276 40 92 87
rect:206 140 195 253 86
rect:209 139 232 147 87
Guatemala1976_11.jpg 0x0
rect:184 188 105 228 34
GujaratIndia2001_01.jpg 0x0
rect:32 462 132 184 4
rect:229 470 165 76 2
rect:358 358 55 50 11
rect:90 400 76 45 2
Haiti2010_01.jpg 0x0
rect:410 346 119 148 4
rect:165 59 105 92 7
rect:375 218 33 133 40
rect:535 509 140 151 4
rect:310 130 231 354 41
Haiti2010_02.jpg 0x0
rect:204 27 123 42 14
rect:38 122 362 196 88
Haiti2010_03.jpg 0x0
rect:299 335 265 150 32
rect:180 558 198 210 89
rect:273 1 83 668 32
rect:185 507 61 55 49
Haiti2010_04.jpg 0x0
rect:139 289 327 643 41
rect:159 58 275 197 34
rect:2 117 310 157 6
Haiti2010_05.jpg 0x0
rect:255 260 33 69 40
rect:333 139 276 407 90
rect:239 298 124 98 52
rect:327 251 34 97 40
Haiti2010_06.jpg 0x0
rect:284 112 152 452 33
rect:484 128 715 807 91
rect:209 338 373 394 91
rect:271 277 37 59 34
rect:453 256 84 40 6
rect:530 191 86 212 32
rect:364 125 54 63 34
ImperialValley1979_01.jpg 0x0
rect:502 238 13 20 49
rect:17 272 79 68 49
rect:536 391 26 39 50
rect:329 251 35 73 50
rect:368 373 40 32 32
rect:401 241 37 24 49
rect:295 279 45 44 32
rect:69 383 84 98 50
rect:436 323 28 18 49
rect:351 257 29 36 32
rect:15 214 149 135 32
ImperialValley1979_02.jpg 0x0
rect:233 177 364 62 92
rect:148 103 88 157 50
rect:201 104 215 278 32
rect:319 176 35 161 50
rect:494 105 114 242 50
rect:238 272 145 52 49
ImperialValley1979_03.jpg 0x0
rect:92 345 271 35 92
rect:341 216 80 209 50
rect:119 347 79 224 50
rect:113 470 332 38 92
rect:155 436 72 150 50
rect:119 352 246 174 32
rect:198 261 187 193 32
Izmit1999_01.jpg 0x0
rect:151 64 485 379 34
rect:322 106 71 159 27
rect:597 238 74 86 26
rect:225 146 55 146 27
rect:275 181 38 96 27
Izmit1999_02.jpg 0x0
rect:32 141 747 211 10
Izmit1999_03.jpg 0x0
rect:183 158 341 27 92
rect:182 51 518 289 93
rect:438 87 55 337 50
rect:140 99 60 255 50
rect:299 49 302 299 32
rect:345 74 53 269 50
rect:219 126 51 167 50
rect:386 119 31 266 50
Izmit1999_04.jpg 0x0
rect:112 657 276 153 88
rect:405 63 66 102 48
rect:160 299 141 58 88
rect:59 468 69 85 41
rect:82 507 39 117 42
rect:282 312 25 67 40
rect:52 398 70 50 34
rect:400 386 19 81 40
rect:423 90 86 79 41
rect:397 332 108 109 41
Izmit1999_05.jpg 0x0
rect:107 21 793 409 10
Izmit1999_06.jpg 0x0
rect:138 180 179 586 32
rect:143 208 74 196 50
rect:172 304 196 101 49
rect:307 302 44 122 50
rect:214 356 47 127 50
rect:76 258 69 188 50
Izmit1999_07.jpg 0x0
rect:361 53 174 47 6
rect:273 85 85 67 3
rect:23 92 407 744 2
rect:256 156 67 109 3
rect:406 225 122 413 4
rect:284 181 35 114 3
rect:116 294 53 94 3
Izmit1999_08.jpg 0x0
rect:697 5 106 57 45
rect:141 418 87 99 45
rect:185 23 66 86 34
rect:585 70 70 95 41
rect:416 83 42 39 52
rect:118 90 93 84 41
rect:252 236 148 96 88
Izmit1999_09.jpg 0x0
rect:440 230 134 96 94
rect:605 275 57 66 94
rect:34 211 52 49 41
rect:751 253 64 71 41
rect:353 341 81 63 41
rect:261 199 55 33 41
Izmit1999_10.jpg 0x0
rect:95 119 419 537 41
rect:182 214 96 201 40
rect:90 246 199 52 78
rect:233 107 157 139 40
rect:290 201 55 165 40
rect:175 303 135 45 78
rect:349 549 84 30 78
rect:239 438 98 139 40
rect:71 185 86 224 40
rect:232 364 41 102 40
rect:57 235 462 49 78
Izmit1999_11.jpg 0x0
rect:178 402 60 160 40
rect:211 510 87 93 41
rect:228 188 100 182 40
rect:203 277 108 200 41
rect:224 194 89 109 40
Izmit1999_12.jpg 0x0
rect:321 370 128 180 94
rect:294 209 60 104 52
rect:340 99 51 59 45
rect:281 205 39 22 6
rect:1 223 32 30 41
rect:124 239 107 52 88
rect:533 26 81 77 34
rect:57 272 77 53 52
rect:447 149 57 132 42
rect:511 208 263 148 91
rect:111 80 42 23 6
rect:88 229 26 39 40
rect:15 66 54 26 6
rect:343 94 55 92 41
rect:410 192 75 82 41
rect:383 209 52 91 41
rect:415 152 76 46 7
rect:52 232 75 87 94
Izmit1999_13.jpg 0x0
rect:98 179 142 134 94
rect:109 188 27 109 41
rect:164 209 52 79 41
rect:112 142 50 44 6
rect:226 107 151 415 48
rect:441 121 69 286 41
rect:5 54 65 136 42
rect:360 78 62 126 41
rect:115 281 96 75 52
Izmit1999_14.jpg 0x0
rect:459 39 63 60 95
rect:288 388 60 37 34
rect:363 8 203 61 35
rect:379 349 37 28 34
rect:61 176 87 80 34
rect:593 74 93 68 34
rect:544 210 69 33 34
rect:290 110 112 93 35
rect:491 358 64 34 34
Izmit1999_15.jpg 0x0
rect:154 133 332 430 42
Izmit1999_16.jpg 0x0
rect:167 95 40 104 40
rect:162 90 240 166 41
rect:120 74 412 515 33
rect:116 60 218 302 39
Izmit1999_17.jpg 0x0
rect:108 154 149 340 41
Izmit1999_18.jpg 0x0
rect:152 212 143 180 41
rect:156 174 176 290 39
Izmit1999_19.jpg 0x0
rect:446 130 31 70 50
rect:177 90 293 173 32
rect:302 61 247 298 96
rect:343 135 22 90 50
Kobe1995_01.jpg 0x0
rect:28 117 993 125 63
Kobe1995_02.jpg 0x0
rect:2 74 655 591 68
Kobe1995_03.jpg 0x0
rect:42 40 563 770 10
Kobe1995_04.jpg 0x0
rect:289 334 43 49 41
Kobe1995_05.jpg 0x0
rect:72 447 305 156 78
rect:166 156 165 668 52
rect:34 283 494 79 78
rect:252 167 182 512 40
rect:4 189 113 523 40
Kobe1995_06.jpg 0x0
rect:53 185 519 536 41
rect:220 420 377 452 42
Kobe1995_07.jpg 0x0
rect:362 208 53 45 39
rect:278 174 56 29 39
rect:88 225 35 23 39
rect:135 322 38 50 39
rect:254 350 44 30 39
rect:320 242 28 41 39
rect:209 133 34 45 39
rect:201 179 35 41 39
rect:168 360 25 30 39
rect:258 99 22 28 39
rect:547 97 52 40 39
rect:164 431 29 47 39
rect:95 202 24 33 39
rect:285 246 37 45 39
rect:34 378 47 33 39
rect:348 267 42 36 39
rect:216 230 29 59 39
rect:272 380 53 31 39
rect:435 409 42 36 39
rect:266 349 30 26 39
rect:227 370 28 32 39
rect:62 306 42 47 39
rect:496 236 51 54 39
rect:422 457 46 33 39
rect:335 232 34 28 39
rect:261 238 37 57 39
Kobe1995_08.jpg 0x0
rect:279 76 412 213 97
Kobe1995_09.jpg 0x0
rect:126 439 90 64 88
rect:180 718 185 76 97
rect:73 622 58 83 88
rect:101 583 97 82 88
SanSalvador_1986_01.jpg 0x0
rect:323 145 89 196 41
rect:54 3 116 286 68
SanSalvador_1986_02.jpg 0x0
rect:450 179 21 28 41
rect:180 210 29 37 41
rect:625 182 25 48 41
rect:566 199 41 53 42
rect:204 259 34 33 41
rect:283 255 53 55 41
rect:131 277 31 41 41
rect:553 187 57 36 41
rect:415 321 33 34 41
SikkimIndia2001_01.jpg 0x0
rect:153 193 117 172 34
SikkimIndia2001_02.jpg 0x0
rect:8 159 76 33 54
rect:422 171 68 14 16
rect:243 186 107 48 16
rect:131 58 174 400 33
rect:11 7 258 75 16
rect:392 93 105 198 33
rect:-16 2 322 118 33
rect:455 138 93 28 16
SikkimIndia2001_03.jpg 0x0
rect:212 221 107 172 70
rect:183 10 151 513 98
rect:142 115 84 255 69
SikkimIndia2001_04.jpg 0x0
rect:345 196 272 73 99
rect:3 24 183 351 99
rect:249 183 108 198 34
SumatraInd2009_01.jpg 0x0
rect:262 29 59 408 81
SumatraInd2009_02.jpg 0x0
rect:156 93 223 227 41
WhittierNarrows1987_01.jpg 0x0
rect:15 35 733 484 10
WhittierNarrows1987_02.jpg 0x0
rect:179 219 135 195 41
WhittierNarrows1987_03.jpg 0x0
rect:221 99 159 333 32
WhittierNarrows1987_04.jpg 0x0
rect:179 17 189 119 100
rect:163 7 257 84 6
rect:157 74 93 207 41
YogyakartaInd2006_01.jpg 0x0
rect:130 -29 495 357 29
rect:246 153 307 78 49
rect:226 43 255 255 32
YogyakartaInd2006_02.jpg 0x0
rect:362 58 94 332 98
rect:434 84 44 235 69
rect:472 112 71 147 70
