Anchorage1964_01.jpg 0x0
rect:105 475 299 230 1
rect:100 7 222 229 1
Anchorage1964_02.jpg 0x0
rect:206 263 24 67 3
rect:253 70 90 66 4
rect:188 143 79 72 7
rect:128 241 22 27 6
rect:275 190 33 49 3
rect:343 204 33 45 3
rect:81 48 98 17 6
rect:146 219 43 17 6
rect:190 216 424 109 2
rect:610 69 96 100 8
rect:368 257 82 50 4
rect:581 246 13 61 3
rect:42 24 146 48 5
rect:359 292 21 38 3
rect:658 276 14 57 3
rect:194 42 270 109 4
rect:523 316 31 73 3
rect:311 285 33 73 3
rect:33 200 182 49 5
Anchorage1964_03.jpg 0x0
rect:237 118 501 204 9
rect:0 289 557 66 10
rect:2 166 285 65 9
Anchorage1964_04.jpg 0x0
rect:313 136 17 25 1
rect:149 27 33 15 5
rect:426 544 37 17 5
rect:429 301 34 16 5
rect:131 413 36 18 5
rect:191 135 14 27 1
rect:165 252 27 17 5
rect:234 94 25 19 5
rect:223 558 41 19 2
rect:383 189 28 23 5
rect:170 522 24 20 5
rect:256 32 26 14 5
rect:338 354 14 16 1
rect:242 476 17 34 1
rect:113 148 25 15 5
rect:185 378 23 13 5
rect:324 343 7 1 1
rect:170 145 38 14 5
rect:194 231 18 23 1
rect:203 193 22 24 1
rect:379 221 24 22 5
rect:311 236 21 26 1
rect:367 341 36 20 5
rect:122 67 42 11 5
rect:355 410 24 22 1
rect:329 193 20 15 5
rect:341 140 14 24 1
rect:429 238 38 19 5
rect:133 95 34 18 5
rect:112 208 34 21 5
rect:185 317 18 33 8
rect:436 376 22 13 5
rect:146 556 34 18 5
rect:229 260 18 23 1
rect:282 318 21 30 1
rect:251 434 26 15 5
rect:324 95 37 18 5
rect:286 52 27 17 5
rect:148 140 29 27 5
Anchorage1964_05.jpg 0x0
rect:207 155 89 37 6
rect:442 97 52 54 1
rect:67 286 26 31 1
rect:414 1 39 59 1
rect:679 304 48 28 5
rect:111 99 20 53 1
rect:308 285 32 25 11
rect:253 175 111 81 2
rect:394 326 58 77 8
rect:230 37 137 49 6
rect:153 156 92 18 5
rect:319 129 39 65 1
rect:57 116 15 51 1
rect:467 20 36 67 1
rect:318 62 35 67 1
rect:424 241 71 25 5
rect:57 75 18 45 1
rect:535 250 43 76 1
rect:71 341 21 60 1
rect:789 336 59 18 6
rect:676 275 42 84 8
rect:281 246 28 27 11
rect:618 135 30 65 1
rect:39 231 22 52 1
rect:635 224 33 28 6
rect:233 41 102 24 5
rect:38 501 28 53 1
rect:76 207 21 43 1
rect:75 26 27 52 1
Anchorage1964_06.jpg 0x0
rect:162 171 93 312 3
rect:108 65 222 490 12
rect:118 309 90 71 11
Anchorage1964_07.jpg 0x0
rect:284 170 88 93 11
rect:9 316 532 32 14
rect:16 214 263 42 11
rect:265 148 60 89 3
rect:269 112 141 160 11
rect:356 225 262 237 2
rect:9 81 799 282 2
rect:197 2 122 58 2
rect:372 167 46 101 13
Anchorage1964_08.jpg 0x0
rect:359 281 90 143 1
rect:406 662 99 129 1
rect:55 99 138 129 1
rect:56 622 78 98 1
rect:57 380 120 123 1
rect:325 33 75 87 1
Anchorage1964_09.jpg 0x0
rect:392 82 131 23 15
rect:135 284 72 55 8
rect:261 203 54 66 1
rect:556 200 68 86 8
rect:760 165 1 1 16
rect:382 8 336 12 15
rect:675 100 175 15 15
rect:65 119 52 12 16
rect:690 10 93 13 16
rect:632 30 100 64 8
rect:15 14 311 11 15
rect:310 112 68 57 1
rect:133 123 370 15 15
rect:16 18 66 13 16
rect:375 108 88 76 1
rect:72 50 94 79 8
rect:13 129 26 8 16
rect:9 157 126 23 15
rect:104 161 85 92 1
Anchorage1964_10.jpg 0x0
rect:102 426 369 100 18
rect:187 192 268 104 18
rect:81 209 346 370 1
rect:176 378 105 87 17
Anchorage1964_11.jpg 0x0
rect:67 505 490 23 14
rect:656 145 143 65 1
rect:279 147 472 21 15
rect:54 566 465 16 14
rect:746 6 76 42 1
rect:139 72 155 109 4
rect:107 139 639 76 2
rect:224 277 205 38 11
Anchorage1964_12.jpg 0x0
rect:15 63 679 243 2
rect:218 112 40 250 3
rect:463 101 151 200 11
rect:339 102 64 168 3
rect:176 219 30 88 3
Anchorage1964_13.jpg 0x0
rect:340 452 26 159 20
rect:277 551 140 30 2
rect:280 523 125 16 19
Anchorage1964_14.jpg 0x0
rect:317 13 56 232 11
rect:142 546 42 51 22
rect:45 398 37 76 22
rect:523 6 60 108 11
rect:25 739 32 69 22
rect:269 632 134 98 23
rect:85 252 168 24 15
rect:227 352 59 105 21
rect:10 597 136 98 11
rect:210 12 109 745 20
rect:320 287 179 54 15
rect:89 468 40 63 22
Anchorage1964_15.jpg 0x0
rect:244 260 204 52 15
rect:239 98 44 89 11
rect:472 296 151 38 11
rect:260 89 57 66 25
rect:314 443 213 49 2
rect:335 279 88 34 24
rect:214 7 101 58 4
rect:512 9 124 72 4
rect:220 50 67 446 20
Anchorage1964_16.jpg 0x0
rect:189 73 317 125 2
rect:207 181 356 167 11
rect:14 145 221 217 2
rect:108 260 91 104 11
rect:361 233 124 236 2
rect:11 349 84 108 2
Anchorage1964_17.jpg 0x0
rect:9 154 480 202 10
rect:13 139 270 145 9
rect:223 51 269 265 9
Anchorage1964_18.jpg 0x0
rect:363 248 35 20 2
rect:378 198 41 41 11
rect:724 389 59 19 2
rect:96 217 56 56 11
rect:399 115 78 62 4
rect:305 397 104 17 2
rect:125 237 22 59 11
rect:428 117 88 74 4
rect:103 233 60 115 4
rect:466 258 224 32 15
Anchorage1964_19.jpg 0x0
rect:502 171 18 32 26
rect:575 155 8 16 26
rect:312 96 60 139 29
rect:502 198 17 36 26
rect:358 85 32 30 27
rect:470 163 15 34 26
rect:518 120 21 45 29
rect:302 203 42 62 26
rect:27 271 35 93 27
rect:448 173 33 27 28
rect:752 102 8 6 26
rect:329 126 6 17 26
rect:423 122 58 46 28
rect:6 296 57 198 26
rect:412 107 39 31 26
rect:533 220 11 30 26
rect:486 90 48 81 29
rect:233 78 43 39 26
Anchorage1964_20.jpg 0x0
rect:186 91 72 62 27
rect:179 518 59 145 26
rect:524 468 47 79 26
rect:143 82 78 55 26
rect:170 61 179 103 29
Anchorage1964_21.jpg 0x0
rect:207 159 706 200 30
rect:2 66 55 33 26
rect:-6 90 92 168 29
rect:57 405 29 32 26
Bingol2003_01.jpg 0x0
rect:422 388 51 147 32
rect:435 80 195 269 31
rect:701 345 162 85 6
rect:2 329 1064 251 10
rect:28 185 75 67 33
rect:396 366 35 59 34
rect:264 72 74 23 6
rect:679 94 106 70 6
rect:160 208 95 74 33
rect:452 136 65 133 34
rect:798 267 130 64 33
rect:643 329 80 30 33
rect:326 183 76 84 33
rect:796 332 54 62 6
rect:872 455 114 67 33
rect:528 310 190 122 31
rect:413 85 80 58 6
rect:434 270 121 74 6
rect:697 286 39 48 6
Bingol2003_02.jpg 0x0
rect:622 331 104 76 26
rect:274 256 103 89 6
rect:134 199 108 460 32
rect:441 248 378 170 35
rect:93 491 209 275 32
rect:280 296 758 412 31
rect:713 80 176 66 36
rect:162 113 325 225 34
Bingol2003_03.jpg 0x0
rect:955 579 214 479 2
rect:848 -7 330 255 4
rect:752 254 277 490 4
rect:119 39 81 134 33
rect:91 31 203 44 2
rect:532 274 203 82 11
rect:242 227 312 124 2
Bingol2003_04.jpg 0x0
rect:235 474 117 105 2
rect:283 265 128 167 4
rect:147 341 263 187 2
rect:131 497 32 51 3
rect:80 624 72 64 2
rect:102 582 25 54 3
rect:158 478 22 91 3
rect:235 300 36 151 3
CanterburyNZSeries2010_01.jpg 0x0
rect:99 89 124 208 12
CanterburyNZSeries2010_02.jpg 0x0
rect:61 60 148 224 6
rect:48 8 131 233 37
CanterburyNZSeries2010_03.jpg 0x0
rect:55 63 387 155 38
CanterburyNZSeries2010_04.jpg 0x0
rect:161 400 96 246 41
rect:281 185 239 246 39
rect:398 502 14 76 40
rect:264 9 69 131 42
rect:242 487 19 51 40
rect:264 443 47 123 40
rect:187 543 29 73 40
rect:258 458 28 198 40
CanterburyNZSeries2010_05.jpg 0x0
rect:212 145 99 129 15
rect:333 289 150 432 4
CanterburyNZSeries2010_06.jpg 0x0
rect:54 90 826 494 4
rect:312 287 278 86 2
CanterburyNZSeries2010_08.jpg 0x0
rect:447 168 119 283 43
rect:896 403 65 167 44
rect:656 367 111 154 44
rect:883 622 31 130 32
CanterburyNZSeries2010_09.jpg 0x0
rect:175 161 126 144 45
rect:314 367 166 396 39
CanterburyNZSeries2010_10.jpg 0x0
rect:248 303 326 295 6
rect:244 250 247 71 46
rect:160 386 206 113 6
rect:303 198 255 154 7
CanterburyNZSeries2010_11.jpg 0x0
rect:220 407 240 154 5
rect:433 179 399 112 7
CanterburyNZSeries2010_12.jpg 0x0
rect:6 246 788 389 47
rect:540 354 221 52 11
rect:50 419 1000 253 2
rect:228 655 153 47 11
CanterburyNZSeries2010_13.jpg 0x0
rect:158 22 446 723 12
rect:520 113 107 418 11
Caracas1967_01.jpg 0x0
rect:306 237 11 67 48
rect:483 51 151 320 48
rect:382 142 96 130 48
rect:384 176 34 119 48
Caracas1967_02.jpg 0x0
rect:244 1 149 156 15
rect:144 195 162 374 51
rect:118 433 33 27 50
rect:97 394 59 65 49
Caracas1967_03.jpg 0x0
rect:18 463 279 71 6
rect:265 494 54 85 26
rect:406 443 24 137 27
rect:255 374 30 56 27
rect:205 333 140 115 34
rect:271 89 104 96 14
Caracas1967_04.jpg 0x0
rect:96 237 189 157 34
rect:171 337 26 99 27
rect:129 354 58 99 26
Caracas1967_05.jpg 0x0
rect:276 240 49 137 40
rect:24 117 370 736 48
rect:182 421 68 198 40
rect:92 303 254 204 52
rect:42 136 281 378 41
rect:209 279 46 222 40
rect:235 198 142 153 52
rect:150 419 37 308 40
rect:75 402 75 323 40
rect:257 172 38 285 40
Caracas1967_06.jpg 0x0
rect:425 99 350 206 7
rect:324 204 94 41 6
Caracas1967_07.jpg 0x0
rect:403 9 108 233 34
rect:560 351 78 113 53
rect:553 166 175 337 34
rect:456 57 24 162 27
rect:602 298 108 55 53
rect:198 123 152 147 34
rect:146 158 59 164 27
Caracas1967_08.jpg 0x0
rect:278 388 70 88 55
rect:306 325 65 74 54
rect:415 237 55 168 54
Caracas1967_09.jpg 0x0
rect:29 298 62 59 48
rect:71 191 70 78 48
rect:560 9 234 164 48
rect:174 118 96 109 48
Caracas1967_10.jpg 0x0
rect:36 242 183 374 41
rect:17 184 576 416 48
rect:399 334 64 168 40
rect:330 204 83 239 40
Caracas1967_11.jpg 0x0
rect:339 13 128 189 41
rect:38 14 345 665 48
rect:61 337 234 551 41
Caracas1967_12.jpg 0x0
rect:552 243 35 35 34
rect:181 208 34 48 56
rect:550 305 29 42 32
rect:691 261 26 52 32
Caracas1967_13.jpg 0x0
rect:129 436 160 333 55
Caracas1967_14.jpg 0x0
rect:112 140 450 151 57
rect:147 201 366 43 6
Chichi1999_01.jpg 0x0
rect:3 9 817 166 58
rect:295 135 36 218 42
Chichi1999_02.jpg 0x0
rect:414 109 238 261 59
rect:6 123 456 193 58
Chichi1999_03.jpg 0x0
rect:0 104 651 209 58
rect:71 167 71 99 60
Chichi1999_04.jpg 0x0
rect:154 177 32 61 52
rect:188 207 80 372 48
rect:153 -16 62 155 48
Chichi1999_05.jpg 0x0
rect:447 273 28 31 41
rect:436 155 99 167 48
rect:262 164 48 76 52
rect:476 141 50 71 41
Chichi1999_06.jpg 0x0
rect:424 197 17 33 52
rect:185 19 553 182 10
rect:730 -14 108 77 61
rect:280 172 42 107 48
rect:599 205 51 51 41
rect:225 160 57 83 62
Chichi1999_07.jpg 0x0
rect:391 304 31 30 64
rect:773 321 19 22 64
rect:434 284 51 118 48
rect:132 183 53 117 48
rect:46 254 626 103 63
rect:546 310 42 112 48
rect:146 215 27 53 64
Chichi1999_08.jpg 0x0
rect:84 14 581 554 10
Chichi1999_09.jpg 0x0
rect:213 83 40 68 40
rect:147 88 237 204 48
rect:301 121 48 72 40
rect:256 85 136 110 41
Chichi1999_10.jpg 0x0
rect:119 19 740 422 10
Chichi1999_11.jpg 0x0
rect:177 220 119 69 65
rect:2 156 201 657 10
Chichi1999_12.jpg 0x0
rect:10 33 509 771 66
Chichi1999_13.jpg 0x0
rect:29 42 815 456 10
Chichi1999_14.jpg 0x0
rect:158 188 91 54 67
rect:163 284 34 46 67
rect:83 610 45 60 67
rect:357 547 31 49 67
rect:273 647 22 29 39
rect:163 164 47 73 67
rect:323 514 31 37 39
rect:126 359 45 57 67
rect:92 583 35 36 67
rect:168 579 30 43 67
rect:464 573 59 88 67
rect:105 368 25 40 67
rect:323 388 26 24 39
rect:276 258 32 40 39
rect:208 294 34 51 67
rect:102 267 64 59 67
rect:287 283 20 44 67
Chichi1999_15.jpg 0x0
rect:221 35 292 531 41
Chichi1999_16.jpg 0x0
rect:234 145 76 105 32
Chichi1999_17.jpg 0x0
rect:177 343 26 40 32
Chichi1999_18.jpg 0x0
rect:192 394 57 112 70
rect:208 229 173 585 68
rect:170 294 29 74 69
rect:263 332 40 103 69
rect:146 328 27 137 69
rect:202 196 38 160 69
Chichi1999_19.jpg 0x0
rect:176 16 187 306 2
rect:193 134 212 284 3
YogyakartaInd2006_03.jpg 0x0
rect:401 289 67 33 16
rect:308 203 16 7 16
rect:257 244 331 114 71
rect:248 26 127 2 15
rect:171 439 156 25 15
rect:170 126 76 33 15
rect:375 85 97 38 16
rect:250 73 128 47 15
Chichi1999_20.jpg 0x0
rect:179 467 73 236 41
rect:188 245 115 465 42
Chichi1999_21.jpg 0x0
rect:285 43 242 195 37
rect:238 271 124 91 6
rect:198 104 214 323 72
rect:266 143 181 126 6
rect:18 4 266 184 30
rect:328 7 109 126 57
rect:75 387 167 94 5
rect:162 317 139 160 37
Chichi1999_22.jpg 0x0
rect:153 193 268 187 10
rect:223 174 18 28 73
rect:198 273 14 18 73
rect:462 279 12 16 73
Chichi1999_23.jpg 0x0
rect:205 126 56 49 73
rect:142 153 30 21 34
rect:299 225 22 31 26
rect:300 282 27 77 34
rect:271 244 24 18 27
rect:144 239 31 72 34
rect:4 76 522 129 74
rect:94 201 73 59 73
rect:115 372 61 113 73
rect:276 352 54 95 73
Chichi1999_24.jpg 0x0
rect:211 193 85 46 34
rect:223 146 96 106 75
rect:266 316 1 2 46
rect:3 418 258 220 74
rect:216 173 39 70 46
Chichi1999_25.jpg 0x0
rect:148 202 172 321 73
rect:171 315 120 244 34
rect:154 323 56 73 26
Chichi1999_26.jpg 0x0
rect:179 202 43 87 73
rect:237 14 34 35 73
rect:229 307 113 387 76
rect:109 656 157 178 73
rect:175 450 87 81 26
rect:101 363 142 139 27
Chichi1999_27.jpg 0x0
rect:200 219 64 321 32
Chichi1999_28.jpg 0x0
rect:242 332 258 123 77
rect:125 92 122 159 5
rect:397 165 170 235 75
rect:18 75 263 91 6
Chichi1999_29.jpg 0x0
rect:180 229 206 290 48
rect:246 247 53 190 52
rect:260 198 82 167 40
Chichi1999_30.jpg 0x0
rect:169 186 202 70 52
rect:142 121 243 320 40
rect:38 227 107 135 73
rect:268 204 178 73 78
Chichi1999_31.jpg 0x0
rect:150 93 156 321 79
rect:449 101 53 169 48
Chichi1999_32.jpg 0x0
rect:164 227 30 165 81
rect:373 185 67 182 39
rect:247 70 32 121 81
rect:159 6 103 346 80
Chichi1999_33.jpg 0x0
rect:116 86 70 304 32
rect:178 152 42 140 49
rect:191 80 143 278 32
rect:332 130 84 280 56
rect:213 148 32 117 49
rect:75 82 165 491 33
Chichi1999_34.jpg 0x0
rect:96 133 514 398 10
Duzce1999_01.jpg 0x0
rect:159 164 118 135 41
rect:173 78 128 341 39
Duzce1999_02.jpg 0x0
rect:60 65 169 390 41
Duzce1999_03.jpg 0x0
rect:83 124 108 299 42
rect:171 93 117 279 31
rect:0 209 116 174 31
Gediz1970_01.jpg 0x0
rect:129 398 102 243 69
rect:150 143 206 591 68
rect:218 316 106 150 69
Guatemala1976_01.jpg 0x0
rect:521 195 64 101 41
rect:50 185 44 32 41
rect:36 186 112 153 48
rect:64 238 60 47 52
rect:430 138 188 163 48
rect:23 104 622 164 82
Guatemala1976_02.jpg 0x0
rect:136 60 262 327 48
rect:190 51 85 98 40
Guatemala1976_03.jpg 0x0
rect:17 72 634 257 75
Guatemala1976_04.jpg 0x0
rect:44 97 566 253 30
rect:520 228 143 243 4
rect:127 18 414 89 30
rect:370 209 111 324 4
Guatemala1976_05.jpg 0x0
rect:197 85 350 400 48
rect:143 174 352 163 41
rect:210 165 353 182 40
Guatemala1976_06.jpg 0x0
rect:154 101 175 555 39
Guatemala1976_07.jpg 0x0
rect:21 303 509 489 10
rect:167 689 127 97 83
rect:22 369 69 71 6
Guatemala1976_08.jpg 0x0
rect:181 62 313 495 41
rect:245 75 180 344 40
rect:211 26 528 531 48
Guatemala1976_09.jpg 0x0
rect:770 210 80 62 85
rect:70 355 35 31 85
rect:105 335 35 33 84
rect:411 353 73 32 85
rect:550 298 52 79 84
rect:254 381 43 78 84
rect:237 290 40 33 84
rect:212 236 40 70 85
Guatemala1976_10.jpg 0x0
rect:176 227 226 252 86
rect:252 379 29 107 87
rect:194 130 155 130 87
Guatemala1976_11.jpg 0x0
rect:212 297 148 173 34
GujaratIndia2001_01.jpg 0x0
rect:127 484 214 110 2
rect:27 263 206 173 4
rect:73 542 77 37 2
rect:358 350 48 44 11
Haiti2010_01.jpg 0x0
rect:285 357 28 110 40
rect:523 321 88 141 4
rect:136 54 162 103 7
rect:218 179 138 274 41
rect:572 405 152 232 4
Haiti2010_02.jpg 0x0
rect:41 96 477 220 88
rect:273 35 208 54 14
Haiti2010_03.jpg 0x0
rect:232 471 141 220 32
rect:234 591 51 62 49
rect:173 496 245 205 89
rect:407 1 74 534 32
Haiti2010_04.jpg 0x0
rect:265 57 217 214 34
rect:2 151 326 163 6
rect:144 245 325 468 41
Haiti2010_05.jpg 0x0
rect:190 168 27 78 40
rect:301 304 217 91 52
rect:325 196 316 499 90
rect:316 229 27 77 40
Haiti2010_06.jpg 0x0
rect:452 117 190 514 33
rect:672 133 680 824 91
rect:474 167 79 65 34
rect:247 290 30 34 34
rect:150 219 278 381 91
rect:348 203 95 55 6
rect:434 287 56 275 32
ImperialValley1979_01.jpg 0x0
rect:330 217 71 36 32
rect:15 347 112 147 32
rect:17 314 88 80 49
rect:409 408 52 45 50
rect:332 336 30 18 49
rect:487 268 36 37 32
rect:482 347 21 44 50
rect:440 262 20 23 49
rect:455 361 13 16 49
rect:492 305 56 42 32
rect:50 320 84 129 50
ImperialValley1979_02.jpg 0x0
rect:207 134 69 175 50
rect:425 157 92 233 50
rect:135 214 345 63 92
rect:251 242 148 35 49
rect:330 147 38 191 50
rect:246 110 137 314 32
ImperialValley1979_03.jpg 0x0
rect:91 348 92 262 50
rect:191 449 113 187 50
rect:114 283 255 205 32
rect:133 470 252 28 92
rect:353 304 85 196 50
rect:109 321 293 26 92
rect:151 149 199 123 32
Izmit1999_01.jpg 0x0
rect:176 96 440 334 34
rect:211 305 39 146 27
rect:211 94 42 167 27
rect:324 75 72 209 27
rect:528 345 67 51 26
Izmit1999_02.jpg 0x0
rect:34 118 517 299 10
Izmit1999_03.jpg 0x0
rect:220 73 51 280 50
rect:326 106 26 226 50
rect:186 245 249 46 92
rect:212 80 209 314 32
rect:187 35 276 341 93
rect:260 112 50 208 50
rect:631 81 71 238 50
rect:498 78 49 166 50
Izmit1999_04.jpg 0x0
rect:254 47 96 87 48
rect:68 491 30 60 42
rect:52 349 53 70 34
rect:403 260 26 61 40
rect:44 575 57 99 41
rect:134 332 172 67 88
rect:121 558 151 90 88
rect:464 295 29 54 40
rect:416 460 77 92 41
rect:402 84 78 54 41
Izmit1999_05.jpg 0x0
rect:114 30 468 359 10
Izmit1999_06.jpg 0x0
rect:195 225 107 251 50
rect:381 195 38 126 50
rect:201 232 37 190 50
rect:106 340 83 145 50
rect:123 264 152 83 49
rect:124 123 195 421 32
Izmit1999_07.jpg 0x0
rect:307 217 90 248 4
rect:27 140 287 622 2
rect:192 207 66 73 3
rect:150 290 44 120 3
rect:366 145 53 89 3
rect:188 215 46 132 3
rect:339 80 154 54 6
Izmit1999_08.jpg 0x0
rect:593 114 58 29 52
rect:446 83 95 101 41
rect:488 6 101 61 45
rect:275 262 220 140 88
rect:182 107 73 79 41
rect:118 35 89 109 34
rect:120 403 63 114 45
Izmit1999_09.jpg 0x0
rect:438 240 132 110 94
rect:44 182 49 64 41
rect:316 170 53 37 41
rect:658 211 65 68 94
rect:815 196 60 53 41
rect:315 187 130 90 41
Izmit1999_10.jpg 0x0
rect:77 150 110 177 40
rect:118 310 215 84 78
rect:221 152 42 180 40
rect:194 160 94 131 40
rect:259 454 69 86 40
rect:94 166 352 346 41
rect:136 274 107 215 40
rect:314 646 124 138 40
rect:170 289 159 39 78
rect:349 645 90 36 78
rect:57 202 400 41 78
Izmit1999_11.jpg 0x0
rect:147 148 137 209 41
rect:217 560 115 101 41
rect:202 339 70 115 40
rect:223 218 65 159 40
rect:273 273 75 159 40
Izmit1999_12.jpg 0x0
rect:265 243 49 134 42
rect:278 157 43 75 45
rect:417 98 52 73 41
rect:286 275 54 116 52
rect:13 72 41 17 6
rect:65 322 75 72 52
rect:590 155 179 241 91
rect:496 277 39 58 41
rect:1 167 35 39 41
rect:327 192 69 64 7
rect:192 278 98 65 88
rect:372 309 107 122 94
rect:363 306 95 119 41
rect:512 20 112 69 34
rect:257 209 56 29 6
rect:95 364 30 53 40
rect:42 273 66 103 94
rect:76 56 26 24 6
Izmit1999_13.jpg 0x0
rect:119 309 74 97 94
rect:343 77 93 133 41
rect:5 85 77 129 42
rect:212 292 72 53 52
rect:102 309 31 122 41
rect:471 165 89 229 41
rect:113 100 54 31 6
rect:150 183 30 89 41
rect:210 77 155 277 48
Izmit1999_14.jpg 0x0
rect:340 300 47 35 34
rect:62 148 98 63 34
rect:435 239 65 41 34
rect:313 343 47 17 34
rect:328 5 183 69 35
rect:455 120 62 85 35
rect:493 285 60 44 34
rect:316 69 68 76 34
rect:477 59 67 72 95
Izmit1999_15.jpg 0x0
rect:166 172 318 328 42
Izmit1999_16.jpg 0x0
rect:160 124 34 123 40
rect:121 137 225 141 41
rect:88 54 172 356 39
rect:112 87 293 623 33
Izmit1999_17.jpg 0x0
rect:116 136 232 206 41
Izmit1999_18.jpg 0x0
rect:188 134 128 146 41
rect:139 137 131 291 39
Izmit1999_19.jpg 0x0
rect:281 68 237 431 96
rect:521 179 31 95 50
rect:241 92 217 208 32
rect:384 184 31 108 50
Kobe1995_01.jpg 0x0
rect:26 175 968 128 63
Kobe1995_02.jpg 0x0
rect:2 79 362 402 68
Kobe1995_03.jpg 0x0
rect:29 46 596 728 10
Kobe1995_04.jpg 0x0
rect:384 252 45 59 41
Kobe1995_05.jpg 0x0
rect:4 115 138 524 40
rect:299 112 178 350 40
rect:123 128 177 378 52
rect:63 385 374 103 78
rect:40 255 512 70 78
Kobe1995_06.jpg 0x0
rect:53 141 387 462 41
rect:212 424 296 384 42
Kobe1995_07.jpg 0x0
rect:333 234 30 26 39
rect:377 357 29 26 39
rect:352 162 30 29 39
rect:38 351 29 56 39
rect:271 187 39 54 39
rect:170 240 45 29 39
rect:353 137 31 36 39
rect:216 273 40 44 39
rect:457 333 48 30 39
rect:181 152 28 33 39
rect:116 314 35 56 39
rect:296 195 38 50 39
rect:50 439 45 30 39
rect:202 212 25 39 39
rect:145 422 44 27 39
rect:474 352 31 33 39
rect:146 104 30 50 39
rect:436 184 49 45 39
rect:289 262 29 23 39
rect:218 257 26 32 39
rect:378 397 33 35 39
rect:349 248 29 41 39
rect:291 349 36 31 39
rect:231 309 48 30 39
rect:249 291 23 50 39
rect:206 318 23 49 39
Kobe1995_08.jpg 0x0
rect:302 40 581 174 97
Kobe1995_09.jpg 0x0
rect:172 445 204 91 97
rect:80 606 84 71 88
rect:79 806 65 115 88
rect:73 632 67 80 88
SanSalvador_1986_01.jpg 0x0
rect:225 115 146 199 41
rect:72 3 75 274 68
SanSalvador_1986_02.jpg 0x0
rect:214 124 34 39 41
rect:249 356 23 49 41
rect:330 150 13 28 41
rect:356 221 37 37 41
rect:186 356 24 44 41
rect:568 193 51 48 41
rect:144 192 24 35 41
rect:634 212 41 32 42
rect:434 205 34 35 41
SikkimIndia2001_01.jpg 0x0
rect:237 139 96 93 34
SikkimIndia2001_02.jpg 0x0
rect:560 135 86 157 33
rect:-14 2 287 101 33
rect:166 73 228 317 33
rect:8 112 72 50 54
rect:379 273 83 41 16
rect:530 190 120 17 16
rect:588 89 90 36 16
rect:10 6 249 91 16
SikkimIndia2001_03.jpg 0x0
rect:172 8 176 500 98
rect:148 77 82 258 69
rect:213 252 82 175 70
SikkimIndia2001_04.jpg 0x0
rect:275 190 128 147 34
rect:3 30 310 227 99
rect:465 155 288 98 99
SumatraInd2009_01.jpg 0x0
rect:350 27 58 380 81
SumatraInd2009_02.jpg 0x0
rect:133 72 216 229 41
WhittierNarrows1987_01.jpg 0x0
rect:13 35 611 248 10
WhittierNarrows1987_02.jpg 0x0
rect:132 219 138 251 41
WhittierNarrows1987_03.jpg 0x0
rect:228 133 174 314 32
WhittierNarrows1987_04.jpg 0x0
rect:201 52 109 209 41
rect:322 11 268 152 100
rect:229 6 319 81 6
YogyakartaInd2006_01.jpg 0x0
rect:226 164 374 76 49
rect:169 -24 522 598 29
rect:171 48 367 208 32
YogyakartaInd2006_02.jpg 0x0
rect:230 92 54 228 69
rect:308 99 94 169 70
rect:456 71 155 491 98
