Anchorage1964_01.jpg 0x0
rect:99 256 206 280 1
rect:71 7 260 125 1
Anchorage1964_02.jpg 0x0
rect:333 174 70 73 4
rect:458 86 148 118 8
rect:571 261 21 52 3
rect:72 157 24 15 6
rect:248 209 303 74 2
rect:58 43 110 13 6
rect:27 221 161 39 5
rect:171 247 27 68 3
rect:340 191 17 42 3
rect:424 316 29 47 3
rect:406 219 23 47 3
rect:637 270 15 43 3
rect:226 321 30 63 3
rect:143 251 54 15 6
rect:150 189 93 72 7
rect:250 276 31 40 3
rect:319 27 237 92 4
rect:281 86 63 83 4
rect:40 26 132 55 5
Anchorage1964_03.jpg 0x0
rect:2 152 229 62 9
rect:333 82 393 253 9
rect:0 348 762 63 10
Anchorage1964_04.jpg 0x0
rect:285 416 12 27 1
rect:195 416 36 18 5
rect:159 53 30 15 5
rect:171 343 35 13 5
rect:320 537 34 16 5
rect:279 441 21 22 1
rect:255 124 14 23 1
rect:402 222 27 13 5
rect:386 63 27 18 5
rect:142 26 24 16 5
rect:363 301 23 25 1
rect:115 338 34 11 5
rect:325 274 30 16 5
rect:191 237 17 26 1
rect:445 28 28 24 5
rect:222 356 12 23 1
rect:264 314 6 1 1
rect:325 295 16 26 1
rect:208 411 25 18 5
rect:369 186 18 19 1
rect:245 538 48 14 2
rect:291 297 26 21 5
rect:446 502 34 19 5
rect:272 82 39 22 5
rect:151 252 21 18 5
rect:319 231 30 34 8
rect:190 443 25 12 5
rect:140 303 29 20 5
rect:434 188 25 15 5
rect:259 194 20 23 5
rect:337 291 29 22 5
rect:120 80 41 20 5
rect:279 213 18 13 5
rect:291 382 27 26 1
rect:190 190 19 37 1
rect:210 102 16 25 1
rect:142 113 32 14 5
rect:132 139 37 28 5
rect:343 164 28 15 5
Anchorage1964_05.jpg 0x0
rect:145 160 87 25 5
rect:242 40 111 45 6
rect:663 298 71 76 1
rect:559 296 75 28 5
rect:500 24 41 51 1
rect:60 180 21 47 1
rect:48 219 17 37 1
rect:641 228 79 38 5
rect:42 335 25 64 1
rect:546 163 31 52 1
rect:416 77 43 75 1
rect:493 310 33 63 8
rect:65 213 25 54 1
rect:659 369 52 14 6
rect:263 37 91 27 5
rect:386 185 30 16 11
rect:404 396 31 90 8
rect:79 111 17 31 1
rect:59 87 27 49 1
rect:665 150 48 52 1
rect:298 160 150 58 2
rect:92 26 24 36 1
rect:394 236 30 24 11
rect:121 93 16 38 1
rect:170 192 163 39 6
rect:546 1 29 46 1
rect:626 309 59 22 6
rect:61 168 21 49 1
rect:399 76 37 43 1
Anchorage1964_06.jpg 0x0
rect:201 195 90 62 11
rect:151 124 92 338 3
rect:91 81 222 521 12
Anchorage1964_07.jpg 0x0
rect:7 377 318 42 14
rect:335 106 45 165 3
rect:342 301 347 180 2
rect:19 156 216 34 11
rect:303 164 190 169 11
rect:302 165 52 129 13
rect:238 2 139 64 2
rect:431 161 86 60 11
rect:6 52 696 315 2
Anchorage1964_08.jpg 0x0
rect:305 217 92 96 1
rect:52 596 112 99 1
rect:335 539 96 88 1
rect:69 238 119 118 1
rect:50 60 102 120 1
rect:253 25 76 112 1
Anchorage1964_09.jpg 0x0
rect:18 132 20 8 16
rect:531 84 81 24 15
rect:80 291 78 64 8
rect:633 317 94 82 8
rect:259 159 58 48 1
rect:330 194 62 90 1
rect:651 212 1 1 16
rect:472 32 100 74 8
rect:74 50 91 81 8
rect:48 127 52 10 16
rect:14 21 69 16 16
rect:716 8 122 9 16
rect:14 15 329 11 15
rect:113 140 276 9 15
rect:71 177 52 68 1
rect:725 116 140 24 15
rect:529 166 53 76 1
rect:372 10 243 10 15
rect:13 109 124 26 15
Anchorage1964_10.jpg 0x0
rect:152 154 224 90 18
rect:91 539 308 130 18
rect:145 192 127 101 17
rect:85 185 271 372 1
Anchorage1964_11.jpg 0x0
rect:262 166 367 18 15
rect:78 134 414 83 2
rect:416 7 112 45 1
rect:215 191 363 40 11
rect:102 329 417 16 14
rect:506 144 173 87 1
rect:112 80 167 145 4
rect:90 528 472 13 14
Anchorage1964_12.jpg 0x0
rect:397 68 62 204 3
rect:274 104 175 170 11
rect:12 90 676 261 2
rect:256 113 69 288 3
rect:147 156 28 88 3
Anchorage1964_13.jpg 0x0
rect:227 522 241 26 2
rect:455 532 106 11 19
rect:400 318 33 118 20
Anchorage1964_14.jpg 0x0
rect:280 199 147 61 15
rect:69 207 131 24 15
rect:163 466 51 63 22
rect:24 532 20 62 22
rect:9 632 250 86 11
rect:261 13 90 698 20
rect:90 409 40 54 22
rect:275 12 60 299 11
rect:488 6 64 167 11
rect:354 668 196 76 23
rect:44 788 48 89 22
rect:245 334 57 70 21
Anchorage1964_15.jpg 0x0
rect:510 338 76 29 24
rect:183 163 25 64 11
rect:502 182 106 57 11
rect:204 316 202 42 15
rect:226 488 204 74 2
rect:443 9 116 70 4
rect:334 10 76 53 4
rect:252 85 51 121 25
rect:170 73 47 466 20
Anchorage1964_16.jpg 0x0
rect:75 271 96 82 11
rect:258 72 207 100 2
rect:152 296 261 264 11
rect:383 268 187 175 2
rect:12 100 211 188 2
rect:14 263 66 92 2
Anchorage1964_17.jpg 0x0
rect:10 204 856 214 10
rect:13 148 238 157 9
rect:332 52 198 187 9
Anchorage1964_18.jpg 0x0
rect:149 275 22 48 11
rect:119 243 79 60 11
rect:337 315 39 17 2
rect:533 162 114 102 4
rect:710 130 86 69 4
rect:377 249 37 62 11
rect:178 226 70 75 4
rect:416 290 89 15 2
rect:325 392 312 35 15
rect:706 285 50 21 2
Anchorage1964_19.jpg 0x0
rect:458 156 39 26 26
rect:513 180 19 31 26
rect:490 132 20 31 26
rect:334 205 11 25 26
rect:367 265 46 81 26
rect:846 114 8 6 26
rect:491 142 19 39 29
rect:432 244 19 44 26
rect:501 127 6 16 26
rect:471 108 35 66 29
rect:846 134 8 13 26
rect:27 261 24 110 27
rect:202 124 51 41 26
rect:323 128 25 29 27
rect:381 302 38 25 28
rect:328 80 49 162 29
rect:585 114 55 25 28
rect:7 215 89 107 26
Anchorage1964_20.jpg 0x0
rect:178 352 95 104 26
rect:500 424 53 57 26
rect:206 63 112 158 29
rect:145 73 121 57 26
rect:233 102 76 51 27
Anchorage1964_21.jpg 0x0
rect:-5 85 110 113 29
rect:2 110 38 35 26
rect:37 271 41 30 26
rect:133 226 614 176 30
Bingol2003_01.jpg 0x0
rect:879 271 90 47 33
rect:584 230 37 108 34
rect:646 350 90 81 6
rect:695 77 98 88 6
rect:383 266 66 166 32
rect:180 240 93 53 33
rect:943 295 78 86 33
rect:586 470 61 50 34
rect:317 365 129 85 6
rect:619 168 123 68 6
rect:316 62 62 33 6
rect:2 288 931 321 10
rect:710 580 155 75 6
rect:24 257 50 60 33
rect:224 171 67 73 33
rect:702 482 82 40 33
rect:424 389 130 160 31
rect:605 211 49 45 6
rect:667 80 139 181 31
Bingol2003_02.jpg 0x0
rect:663 327 74 135 26
rect:273 174 546 448 31
rect:380 311 78 80 6
rect:186 187 67 419 32
rect:596 248 466 137 35
rect:206 92 484 220 34
rect:122 501 210 178 32
rect:681 48 139 66 36
Bingol2003_03.jpg 0x0
rect:681 -8 269 286 4
rect:99 61 136 141 33
rect:622 263 352 766 4
rect:98 19 204 38 2
rect:274 183 259 173 2
rect:561 225 194 58 11
rect:1047 514 207 280 2
Bingol2003_04.jpg 0x0
rect:303 575 79 95 2
rect:225 306 45 90 3
rect:190 495 222 156 2
rect:121 676 27 94 3
rect:250 526 37 62 3
rect:73 689 113 98 2
rect:107 658 19 56 3
rect:367 219 135 228 4
CanterburyNZSeries2010_01.jpg 0x0
rect:96 99 92 369 12
CanterburyNZSeries2010_02.jpg 0x0
rect:54 49 142 230 6
rect:40 9 156 261 37
CanterburyNZSeries2010_03.jpg 0x0
rect:32 79 365 170 38
CanterburyNZSeries2010_04.jpg 0x0
rect:202 470 37 84 40
rect:314 283 26 35 40
rect:231 361 279 413 39
rect:211 8 115 180 42
rect:186 373 108 176 41
rect:463 482 12 48 40
rect:396 460 51 99 40
rect:290 358 24 159 40
CanterburyNZSeries2010_05.jpg 0x0
rect:270 295 218 393 4
rect:394 232 148 97 15
CanterburyNZSeries2010_06.jpg 0x0
rect:197 284 175 123 2
rect:69 136 743 687 4
CanterburyNZSeries2010_08.jpg 0x0
rect:595 121 144 302 43
rect:1120 395 72 170 44
rect:900 450 81 95 44
rect:708 645 25 205 32
CanterburyNZSeries2010_09.jpg 0x0
rect:262 112 138 268 45
rect:196 373 129 307 39
CanterburyNZSeries2010_10.jpg 0x0
rect:235 256 340 280 6
rect:253 378 165 75 46
rect:313 197 252 121 7
rect:286 597 185 92 6
CanterburyNZSeries2010_11.jpg 0x0
rect:250 253 244 211 5
rect:410 174 255 94 7
CanterburyNZSeries2010_12.jpg 0x0
rect:236 347 151 54 11
rect:4 195 754 499 47
rect:38 335 938 346 2
rect:513 352 182 62 11
CanterburyNZSeries2010_13.jpg 0x0
rect:372 125 100 329 11
rect:152 21 458 836 12
Caracas1967_01.jpg 0x0
rect:316 165 79 80 48
rect:357 186 36 70 48
rect:411 64 211 289 48
rect:247 125 11 82 48
Caracas1967_02.jpg 0x0
rect:165 149 154 253 51
rect:133 448 36 47 50
rect:254 1 140 144 15
rect:151 378 48 71 49
Caracas1967_03.jpg 0x0
rect:201 81 58 95 14
rect:12 380 272 105 6
rect:243 357 66 85 26
rect:443 257 23 148 27
rect:186 234 104 149 34
rect:330 358 27 74 27
Caracas1967_04.jpg 0x0
rect:122 300 158 198 34
rect:127 365 36 142 26
rect:142 358 25 80 27
Caracas1967_05.jpg 0x0
rect:301 309 56 245 40
rect:129 421 37 299 40
rect:32 97 413 377 41
rect:54 337 303 199 52
rect:159 240 38 160 40
rect:228 210 127 140 52
rect:347 201 58 160 40
rect:36 78 325 813 48
rect:297 158 40 328 40
rect:79 391 46 214 40
Caracas1967_06.jpg 0x0
rect:432 269 88 52 6
rect:430 86 274 226 7
Caracas1967_07.jpg 0x0
rect:475 311 70 120 53
rect:532 175 96 187 34
rect:267 131 52 187 27
rect:492 10 112 313 34
rect:410 58 28 235 27
rect:596 522 101 90 53
rect:234 165 120 243 34
Caracas1967_08.jpg 0x0
rect:163 226 70 140 54
rect:272 179 96 159 54
rect:184 339 61 126 55
Caracas1967_09.jpg 0x0
rect:158 211 130 64 48
rect:500 11 173 141 48
rect:23 160 58 61 48
rect:100 279 50 60 48
Caracas1967_10.jpg 0x0
rect:16 139 372 554 48
rect:329 246 73 142 40
rect:519 241 83 175 40
rect:36 187 314 360 41
Caracas1967_11.jpg 0x0
rect:281 14 117 352 41
rect:47 12 493 607 48
rect:73 256 301 359 41
Caracas1967_12.jpg 0x0
rect:664 367 23 63 32
rect:238 205 22 54 56
rect:713 359 24 52 32
rect:602 256 35 55 34
Caracas1967_13.jpg 0x0
rect:192 434 156 180 55
Caracas1967_14.jpg 0x0
rect:119 222 322 34 6
rect:139 162 739 143 57
Chichi1999_01.jpg 0x0
rect:4 7 660 213 58
rect:284 129 43 213 42
Chichi1999_02.jpg 0x0
rect:6 115 507 146 58
rect:287 101 260 403 59
Chichi1999_03.jpg 0x0
rect:98 130 65 102 60
rect:0 192 769 228 58
Chichi1999_04.jpg 0x0
rect:301 312 27 68 52
rect:172 -17 56 161 48
rect:154 180 79 372 48
Chichi1999_05.jpg 0x0
rect:452 219 25 25 41
rect:503 221 35 103 52
rect:459 165 68 175 48
rect:307 163 55 45 41
Chichi1999_06.jpg 0x0
rect:156 14 480 158 10
rect:330 139 67 66 62
rect:405 242 39 116 48
rect:692 130 36 53 41
rect:379 275 21 33 52
rect:423 -12 78 73 61
Chichi1999_07.jpg 0x0
rect:482 305 19 27 64
rect:713 174 49 71 48
rect:468 277 46 102 48
rect:198 112 29 43 64
rect:343 278 23 43 64
rect:166 212 39 171 48
rect:54 190 754 163 63
Chichi1999_08.jpg 0x0
rect:102 16 577 448 10
Chichi1999_09.jpg 0x0
rect:310 112 49 89 40
rect:189 92 256 215 48
rect:228 89 28 74 40
rect:217 122 122 69 41
Chichi1999_10.jpg 0x0
rect:219 19 699 594 10
Chichi1999_11.jpg 0x0
rect:2 182 138 426 10
rect:144 150 119 82 65
Chichi1999_12.jpg 0x0
rect:9 28 471 527 66
Chichi1999_13.jpg 0x0
rect:31 42 851 362 10
Chichi1999_14.jpg 0x0
rect:166 468 37 61 67
rect:331 304 19 26 39
rect:352 270 31 35 39
rect:228 571 18 36 39
rect:118 547 30 49 67
rect:148 193 68 41 67
rect:126 170 45 48 67
rect:149 343 66 68 67
rect:233 455 25 38 39
rect:171 181 21 41 67
rect:158 353 24 73 67
rect:76 465 47 41 67
rect:131 371 24 51 67
rect:290 444 43 64 67
rect:248 481 58 80 67
rect:116 547 25 41 67
rect:77 276 53 63 67
Chichi1999_15.jpg 0x0
rect:235 24 283 457 41
Chichi1999_16.jpg 0x0
rect:196 140 70 174 32
Chichi1999_17.jpg 0x0
rect:180 427 33 42 32
Chichi1999_18.jpg 0x0
rect:171 185 39 183 69
rect:211 353 33 148 70
rect:215 293 32 73 69
rect:201 299 30 98 69
rect:220 169 193 416 68
rect:341 356 36 134 69
Chichi1999_19.jpg 0x0
rect:140 21 353 429 2
rect:276 108 124 219 3
YogyakartaInd2006_03.jpg 0x0
rect:221 139 17 5 16
rect:219 554 73 34 16
rect:159 287 221 170 71
rect:233 132 79 33 15
rect:168 454 288 32 15
rect:488 64 98 32 16
rect:252 34 122 2 15
rect:327 52 159 69 15
Chichi1999_20.jpg 0x0
rect:310 279 42 170 41
rect:198 264 117 250 42
Chichi1999_21.jpg 0x0
rect:214 114 170 331 72
rect:66 491 216 91 5
rect:262 361 109 139 6
rect:19 4 180 191 30
rect:447 114 203 109 6
rect:414 28 305 275 37
rect:408 7 160 111 57
rect:176 293 145 116 37
Chichi1999_22.jpg 0x0
rect:347 242 16 22 73
rect:378 243 14 23 73
rect:171 269 14 16 73
rect:261 119 289 160 10
Chichi1999_23.jpg 0x0
rect:340 170 19 23 26
rect:196 222 38 42 73
rect:122 314 44 84 73
rect:124 204 25 21 34
rect:132 275 29 78 34
rect:4 50 659 166 74
rect:383 217 36 66 34
rect:125 162 53 45 73
rect:226 187 40 26 27
rect:280 294 74 118 73
Chichi1999_24.jpg 0x0
rect:271 325 1 2 46
rect:145 256 70 45 34
rect:3 249 359 224 74
rect:227 193 54 53 46
rect:164 136 136 96 75
Chichi1999_25.jpg 0x0
rect:124 271 126 353 73
rect:230 197 155 243 34
rect:223 286 57 92 26
Chichi1999_26.jpg 0x0
rect:197 198 47 113 73
rect:229 338 157 478 76
rect:104 604 113 186 73
rect:194 668 104 86 26
rect:195 21 58 27 73
rect:94 705 103 91 27
Chichi1999_27.jpg 0x0
rect:188 275 97 425 32
Chichi1999_28.jpg 0x0
rect:24 58 222 106 6
rect:220 323 286 126 77
rect:321 150 206 213 75
rect:153 98 183 243 5
Chichi1999_29.jpg 0x0
rect:184 194 149 322 48
rect:196 244 93 137 52
rect:188 290 88 156 40
Chichi1999_30.jpg 0x0
rect:209 182 243 86 52
rect:165 124 341 326 40
rect:202 202 156 66 78
rect:34 275 87 209 73
Chichi1999_31.jpg 0x0
rect:155 109 125 302 79
rect:609 143 55 233 48
Chichi1999_32.jpg 0x0
rect:158 75 53 186 81
rect:218 285 36 104 81
rect:457 149 45 259 39
rect:202 8 81 343 80
Chichi1999_33.jpg 0x0
rect:134 79 85 295 32
rect:198 89 75 182 56
rect:55 58 156 577 33
rect:207 149 40 88 49
rect:133 136 37 140 49
rect:204 63 152 315 32
Chichi1999_34.jpg 0x0
rect:143 93 457 324 10
Duzce1999_01.jpg 0x0
rect:136 145 111 141 41
rect:115 53 93 370 39
Duzce1999_02.jpg 0x0
rect:59 45 147 287 41
Duzce1999_03.jpg 0x0
rect:0 179 131 175 31
rect:269 155 66 368 31
rect:113 75 142 256 42
Gediz1970_01.jpg 0x0
rect:272 470 66 268 69
rect:164 412 76 260 69
rect:128 87 202 686 68
Guatemala1976_01.jpg 0x0
rect:60 214 43 63 52
rect:504 173 78 73 41
rect:19 151 818 130 82
rect:365 178 143 155 48
rect:35 158 106 85 48
rect:43 225 37 36 41
Guatemala1976_02.jpg 0x0
rect:177 60 79 107 40
rect:156 51 200 324 48
Guatemala1976_03.jpg 0x0
rect:21 92 864 358 75
Guatemala1976_04.jpg 0x0
rect:41 74 454 225 30
rect:754 142 98 286 4
rect:105 31 467 87 30
rect:387 329 133 218 4
Guatemala1976_05.jpg 0x0
rect:160 86 295 361 48
rect:269 187 370 98 41
rect:135 152 282 165 40
Guatemala1976_06.jpg 0x0
rect:139 80 218 483 39
Guatemala1976_07.jpg 0x0
rect:281 521 137 81 83
rect:25 366 48 56 6
rect:25 302 529 486 10
Guatemala1976_08.jpg 0x0
rect:185 34 388 414 48
rect:247 99 122 210 40
rect:209 70 408 374 41
Guatemala1976_09.jpg 0x0
rect:397 229 68 42 85
rect:453 320 50 63 84
rect:487 219 41 67 84
rect:94 239 35 26 84
rect:442 203 74 38 85
rect:103 217 24 26 85
rect:210 293 39 78 85
rect:241 211 30 33 84
Guatemala1976_10.jpg 0x0
rect:227 133 251 202 87
rect:275 179 215 359 86
rect:251 449 37 84 87
Guatemala1976_11.jpg 0x0
rect:203 220 156 199 34
GujaratIndia2001_01.jpg 0x0
rect:232 381 178 66 2
rect:31 499 205 147 4
rect:418 335 65 57 11
rect:86 536 68 28 2
Haiti2010_01.jpg 0x0
rect:432 423 166 275 4
rect:545 263 138 142 4
rect:279 293 26 112 40
rect:114 56 125 112 7
rect:355 160 180 259 41
Haiti2010_02.jpg 0x0
rect:49 87 481 264 88
rect:362 29 122 58 14
Haiti2010_03.jpg 0x0
rect:213 691 198 188 89
rect:299 638 70 48 49
rect:432 1 49 618 32
rect:265 283 205 275 32
Haiti2010_04.jpg 0x0
rect:197 64 294 365 34
rect:2 178 269 170 6
rect:165 265 240 634 41
Haiti2010_05.jpg 0x0
rect:297 175 260 590 90
rect:306 288 33 117 40
rect:217 172 139 146 52
rect:464 231 36 77 40
Haiti2010_06.jpg 0x0
rect:375 127 88 97 34
rect:252 278 327 383 91
rect:264 256 33 51 34
rect:544 165 87 33 6
rect:620 280 51 217 32
rect:692 173 482 751 91
rect:364 141 254 262 33
ImperialValley1979_01.jpg 0x0
rect:14 338 101 105 32
rect:480 213 29 31 50
rect:67 399 89 103 50
rect:16 431 75 93 49
rect:400 361 50 86 50
rect:599 240 43 33 32
rect:436 378 19 17 49
rect:446 251 42 50 32
rect:498 401 48 48 32
rect:362 399 36 29 49
rect:573 412 33 17 49
ImperialValley1979_02.jpg 0x0
rect:125 180 342 58 92
rect:333 248 123 59 49
rect:377 150 73 131 50
rect:126 124 66 257 50
rect:377 129 50 102 50
rect:245 79 219 246 32
ImperialValley1979_03.jpg 0x0
rect:70 303 82 158 50
rect:252 268 55 200 50
rect:141 283 245 46 92
rect:124 244 294 170 32
rect:100 490 247 43 92
rect:194 347 74 141 50
rect:154 232 189 164 32
Izmit1999_01.jpg 0x0
rect:284 131 32 138 27
rect:385 283 57 53 26
rect:271 207 44 87 27
rect:364 86 59 193 27
rect:130 88 466 257 34
Izmit1999_02.jpg 0x0
rect:30 119 772 345 10
Izmit1999_03.jpg 0x0
rect:156 57 335 272 32
rect:108 52 485 260 93
rect:210 112 42 228 50
rect:169 189 406 40 92
rect:464 106 40 375 50
rect:348 104 53 218 50
rect:194 121 84 294 50
rect:336 66 36 181 50
Izmit1999_04.jpg 0x0
rect:289 105 112 74 41
rect:53 435 45 97 42
rect:321 351 26 72 40
rect:53 327 61 88 41
rect:327 452 20 74 40
rect:100 322 128 70 88
rect:65 449 53 42 34
rect:294 52 81 104 48
rect:417 377 97 95 41
rect:127 576 187 125 88
Izmit1999_05.jpg 0x0
rect:99 23 596 553 10
Izmit1999_06.jpg 0x0
rect:75 258 57 155 50
rect:195 233 101 192 50
rect:105 206 242 489 32
rect:152 219 155 59 49
rect:202 282 45 183 50
rect:268 277 61 106 50
Izmit1999_07.jpg 0x0
rect:161 238 39 128 3
rect:24 93 468 683 2
rect:254 147 29 139 3
rect:316 75 162 53 6
rect:371 331 94 401 4
rect:330 103 90 63 3
rect:173 233 54 120 3
Izmit1999_08.jpg 0x0
rect:689 97 73 88 41
rect:422 92 59 21 52
rect:142 28 90 100 34
rect:176 425 65 107 45
rect:251 207 160 106 88
rect:648 7 87 80 45
rect:145 115 83 69 41
Izmit1999_09.jpg 0x0
rect:45 185 53 62 41
rect:256 204 93 113 94
rect:768 183 65 87 94
rect:334 211 49 39 41
rect:472 242 64 53 41
rect:284 231 69 60 41
Izmit1999_10.jpg 0x0
rect:130 421 140 29 78
rect:263 532 65 71 40
rect:211 383 93 29 78
rect:110 250 239 70 78
rect:274 164 117 165 40
rect:48 182 109 190 40
rect:163 203 77 297 40
rect:314 584 125 136 40
rect:42 195 328 48 78
rect:156 188 49 132 40
rect:105 193 401 381 41
Izmit1999_11.jpg 0x0
rect:251 150 170 195 41
rect:144 311 67 197 40
rect:254 454 147 94 41
rect:220 251 58 207 40
rect:376 222 97 171 40
Izmit1999_12.jpg 0x0
rect:14 93 37 27 6
rect:619 92 47 60 41
rect:265 323 125 118 94
rect:89 256 30 37 40
rect:488 29 101 66 34
rect:44 369 49 52 52
rect:195 192 101 73 88
rect:365 91 48 95 45
rect:254 232 69 106 41
rect:1 206 23 47 41
rect:230 379 62 128 52
rect:570 213 212 203 91
rect:65 86 30 22 6
rect:68 305 59 111 94
rect:536 202 61 63 41
rect:318 205 57 63 7
rect:331 139 46 28 6
rect:403 139 56 98 42
Izmit1999_13.jpg 0x0
rect:216 81 74 108 41
rect:138 130 56 36 6
rect:212 267 47 104 41
rect:110 213 117 132 94
rect:203 203 94 52 52
rect:126 190 41 112 41
rect:5 66 120 172 42
rect:240 109 206 392 48
rect:311 223 99 284 41
Izmit1999_14.jpg 0x0
rect:306 6 109 92 35
rect:314 158 91 101 35
rect:324 442 35 42 34
rect:520 81 103 89 34
rect:42 164 121 46 34
rect:521 394 53 41 34
rect:440 37 50 52 95
rect:271 431 39 18 34
rect:334 304 62 46 34
Izmit1999_15.jpg 0x0
rect:123 217 277 428 42
Izmit1999_16.jpg 0x0
rect:79 51 332 641 33
rect:229 93 50 113 40
rect:154 129 136 107 41
rect:164 56 288 204 39
Izmit1999_17.jpg 0x0
rect:104 157 207 200 41
Izmit1999_18.jpg 0x0
rect:239 221 170 124 41
rect:159 126 172 274 39
Izmit1999_19.jpg 0x0
rect:166 89 228 260 32
rect:497 119 24 77 50
rect:313 176 32 94 50
rect:198 113 338 295 96
Kobe1995_01.jpg 0x0
rect:25 112 998 147 63
Kobe1995_02.jpg 0x0
rect:2 79 491 631 68
Kobe1995_03.jpg 0x0
rect:44 66 520 624 10
Kobe1995_04.jpg 0x0
rect:355 294 61 52 41
Kobe1995_05.jpg 0x0
rect:4 160 156 371 40
rect:39 263 416 98 78
rect:119 455 234 123 78
rect:411 187 124 557 40
rect:110 173 185 437 52
Kobe1995_06.jpg 0x0
rect:123 471 221 260 42
rect:64 184 387 468 41
Kobe1995_07.jpg 0x0
rect:361 212 27 45 39
rect:248 556 40 47 39
rect:238 504 22 51 39
rect:299 276 32 40 39
rect:364 242 36 44 39
rect:452 269 30 30 39
rect:222 348 24 25 39
rect:34 375 51 28 39
rect:320 206 41 26 39
rect:435 106 53 33 39
rect:63 230 40 53 39
rect:460 117 38 46 39
rect:115 438 37 27 39
rect:137 294 41 38 39
rect:220 311 45 53 39
rect:435 284 46 56 39
rect:147 194 43 36 39
rect:340 525 57 45 39
rect:482 425 28 31 39
rect:181 87 25 38 39
rect:117 223 36 21 39
rect:294 188 43 37 39
rect:86 327 29 55 39
rect:424 198 40 46 39
rect:382 315 31 38 39
rect:268 137 31 46 39
Kobe1995_08.jpg 0x0
rect:329 59 326 219 97
Kobe1995_09.jpg 0x0
rect:64 475 61 94 88
rect:219 679 180 71 97
rect:99 443 87 80 88
rect:83 342 94 63 88
SanSalvador_1986_01.jpg 0x0
rect:88 3 125 275 68
rect:295 159 140 194 41
SanSalvador_1986_02.jpg 0x0
rect:126 327 39 32 41
rect:577 206 40 44 41
rect:178 276 25 30 41
rect:413 138 17 31 41
rect:492 233 31 55 42
rect:165 131 32 38 41
rect:292 341 20 46 41
rect:331 153 42 34 41
rect:500 283 33 53 41
SikkimIndia2001_01.jpg 0x0
rect:169 154 154 155 34
SikkimIndia2001_02.jpg 0x0
rect:231 293 89 38 16
rect:8 6 368 102 16
rect:9 176 50 33 54
rect:-16 2 455 124 33
rect:310 128 80 111 33
rect:173 93 130 486 33
rect:482 114 73 33 16
rect:451 179 86 22 16
SikkimIndia2001_03.jpg 0x0
rect:209 90 91 148 69
rect:194 243 89 191 70
rect:180 10 241 556 98
SikkimIndia2001_04.jpg 0x0
rect:3 37 234 243 99
rect:446 246 204 84 99
rect:352 216 135 127 34
SumatraInd2009_01.jpg 0x0
rect:295 20 60 416 81
SumatraInd2009_02.jpg 0x0
rect:163 81 190 224 41
WhittierNarrows1987_01.jpg 0x0
rect:13 39 893 304 10
WhittierNarrows1987_02.jpg 0x0
rect:172 348 118 311 41
WhittierNarrows1987_03.jpg 0x0
rect:327 147 126 228 32
WhittierNarrows1987_04.jpg 0x0
rect:223 16 272 183 100
rect:162 51 128 263 41
rect:166 8 242 86 6
YogyakartaInd2006_01.jpg 0x0
rect:258 40 246 347 32
rect:196 -20 394 380 29
rect:218 121 246 88 49
YogyakartaInd2006_02.jpg 0x0
rect:304 110 98 220 70
rect:429 129 63 181 69
rect:313 71 166 457 98
