Anchorage1964_01.jpg 0x0
rect:64 8 216 219 1
rect:69 400 205 287 1
Anchorage1964_02.jpg 0x0
rect:402 192 32 60 3
rect:437 317 33 68 3
rect:508 172 75 45 4
rect:224 57 104 61 4
rect:232 299 352 84 2
rect:666 50 89 138 8
rect:101 215 55 18 6
rect:618 334 14 48 3
rect:414 222 19 61 3
rect:24 264 130 43 5
rect:36 19 112 50 5
rect:351 218 20 46 3
rect:60 45 104 15 6
rect:290 315 27 90 3
rect:329 252 27 72 3
rect:309 333 31 68 3
rect:74 164 25 27 6
rect:115 165 91 45 7
rect:305 43 289 96 4
Anchorage1964_03.jpg 0x0
rect:188 108 450 216 9
rect:2 283 238 83 9
rect:0 353 679 74 10
Anchorage1964_04.jpg 0x0
rect:234 221 28 19 5
rect:252 523 42 16 5
rect:144 311 26 22 5
rect:128 65 40 20 5
rect:241 93 23 30 1
rect:337 424 17 22 1
rect:170 154 20 25 5
rect:331 486 29 17 5
rect:195 361 21 28 1
rect:309 40 29 23 5
rect:308 374 7 1 1
rect:151 417 34 19 5
rect:155 217 31 14 5
rect:275 327 20 20 5
rect:196 370 33 12 5
rect:163 19 30 14 5
rect:156 91 27 20 5
rect:272 300 16 24 1
rect:317 80 38 22 5
rect:228 159 17 25 1
rect:188 539 56 19 2
rect:239 222 30 31 8
rect:325 63 31 12 5
rect:315 500 15 27 1
rect:347 283 33 21 5
rect:355 396 11 26 1
rect:441 118 34 11 5
rect:202 353 45 18 5
rect:312 138 37 20 5
rect:414 333 27 20 5
rect:205 299 19 28 1
rect:136 80 26 14 5
rect:251 229 16 23 1
rect:315 449 21 26 1
rect:262 226 22 26 1
rect:193 358 23 17 5
rect:409 387 34 21 5
rect:326 268 27 21 5
rect:126 219 29 15 5
Anchorage1964_05.jpg 0x0
rect:100 235 20 41 1
rect:103 223 19 36 1
rect:470 165 29 40 1
rect:71 76 27 35 1
rect:209 48 136 59 6
rect:78 34 24 31 1
rect:538 346 74 31 5
rect:656 461 33 52 8
rect:404 198 49 59 8
rect:815 197 52 28 6
rect:420 1 36 72 1
rect:599 346 42 14 6
rect:35 276 23 65 1
rect:597 220 67 84 1
rect:492 92 39 75 1
rect:158 156 127 47 6
rect:390 108 37 55 1
rect:231 169 97 99 2
rect:488 187 44 18 11
rect:189 38 72 36 5
rect:442 23 39 48 1
rect:67 109 22 43 1
rect:55 158 17 33 1
rect:433 138 32 72 1
rect:407 213 29 22 11
rect:33 344 31 52 1
rect:704 242 72 24 5
rect:77 249 22 30 1
rect:196 122 134 21 5
Anchorage1964_06.jpg 0x0
rect:190 195 93 104 11
rect:130 80 165 369 12
rect:190 176 68 320 3
Anchorage1964_07.jpg 0x0
rect:6 85 624 344 2
rect:437 152 61 108 13
rect:441 277 399 219 2
rect:368 193 83 75 11
rect:8 250 327 26 14
rect:328 161 49 156 3
rect:251 2 88 76 2
rect:15 180 220 33 11
rect:333 84 190 102 11
Anchorage1964_08.jpg 0x0
rect:304 262 138 144 1
rect:65 322 94 100 1
rect:45 537 75 130 1
rect:375 30 74 128 1
rect:62 98 129 128 1
rect:294 371 139 159 1
Anchorage1964_09.jpg 0x0
rect:12 155 126 24 15
rect:700 12 122 11 16
rect:13 17 389 18 15
rect:119 37 84 82 8
rect:843 225 1 1 16
rect:323 143 59 74 1
rect:55 130 52 9 16
rect:135 184 62 67 1
rect:658 182 82 67 1
rect:491 32 103 56 8
rect:549 122 136 20 15
rect:18 19 76 13 16
rect:92 373 55 66 8
rect:580 8 380 13 15
rect:311 168 86 46 1
rect:16 137 27 11 16
rect:379 284 92 84 8
rect:157 162 332 13 15
rect:607 95 122 14 15
Anchorage1964_10.jpg 0x0
rect:143 222 258 87 18
rect:167 199 78 136 17
rect:58 240 420 453 1
rect:77 366 278 168 18
Anchorage1964_11.jpg 0x0
rect:132 135 571 95 2
rect:722 7 148 35 1
rect:752 148 206 102 1
rect:260 212 349 28 11
rect:123 45 189 143 4
rect:251 202 499 15 15
rect:95 457 523 18 14
rect:94 364 706 13 14
Anchorage1964_12.jpg 0x0
rect:152 192 34 121 3
rect:276 90 129 222 11
rect:306 61 42 261 3
rect:314 101 50 228 3
rect:14 77 568 278 2
Anchorage1964_13.jpg 0x0
rect:513 291 38 126 20
rect:292 454 193 24 2
rect:431 564 124 10 19
Anchorage1964_14.jpg 0x0
rect:227 360 61 101 21
rect:385 7 102 171 11
rect:196 15 86 774 20
rect:326 584 128 70 23
rect:44 438 44 70 22
rect:333 184 130 66 15
rect:104 465 48 82 22
rect:300 11 62 289 11
rect:25 502 24 48 22
rect:142 708 29 49 22
rect:10 706 173 87 11
rect:97 275 109 36 15
Anchorage1964_15.jpg 0x0
rect:393 280 162 42 11
rect:261 10 77 58 4
rect:287 307 120 36 24
rect:218 543 292 51 2
rect:234 326 221 43 15
rect:222 99 60 72 25
rect:237 60 58 546 20
rect:499 7 85 51 4
rect:153 137 41 61 11
Anchorage1964_16.jpg 0x0
rect:79 355 103 116 11
rect:11 120 159 240 2
rect:238 65 223 120 2
rect:12 330 70 104 2
rect:385 287 142 209 2
rect:272 267 318 182 11
Anchorage1964_17.jpg 0x0
rect:296 45 216 182 9
rect:8 199 629 233 10
rect:12 86 178 161 9
Anchorage1964_18.jpg 0x0
rect:176 204 74 93 4
rect:442 218 46 59 11
rect:329 269 77 22 2
rect:132 343 16 47 11
rect:490 337 335 23 15
rect:505 285 44 22 2
rect:377 113 136 91 4
rect:142 212 75 47 11
rect:431 159 104 91 4
rect:614 307 66 13 2
Anchorage1964_19.jpg 0x0
rect:396 116 17 32 26
rect:466 172 9 22 26
rect:451 198 43 46 28
rect:446 133 9 19 26
rect:517 155 39 35 28
rect:34 271 33 85 27
rect:738 192 7 7 26
rect:6 280 86 173 26
rect:491 140 24 38 29
rect:207 343 47 90 26
rect:397 111 53 37 26
rect:284 120 24 38 27
rect:330 98 28 74 29
rect:469 334 18 50 26
rect:519 226 11 31 26
rect:376 81 85 124 29
rect:908 199 10 10 26
rect:419 83 26 36 26
Anchorage1964_20.jpg 0x0
rect:209 504 72 109 26
rect:247 115 77 36 27
rect:418 498 44 55 26
rect:174 70 176 161 29
rect:259 111 126 81 26
Anchorage1964_21.jpg 0x0
rect:-5 61 67 195 29
rect:37 270 28 26 26
rect:2 74 52 38 26
rect:145 200 477 136 30
Bingol2003_01.jpg 0x0
rect:34 256 64 60 33
rect:789 223 83 86 33
rect:610 323 72 50 6
rect:687 67 161 203 31
rect:433 293 49 53 6
rect:609 367 81 30 33
rect:566 466 226 66 6
rect:376 274 70 226 32
rect:383 146 67 92 34
rect:198 285 83 89 33
rect:308 297 75 122 6
rect:2 410 989 255 10
rect:462 461 55 66 34
rect:302 100 60 34 6
rect:327 139 56 66 33
rect:841 436 71 46 33
rect:673 102 78 91 6
rect:629 244 151 202 31
rect:534 126 120 98 6
Bingol2003_02.jpg 0x0
rect:624 297 138 136 26
rect:173 99 491 173 34
rect:185 304 691 641 31
rect:478 240 574 99 35
rect:255 390 75 100 6
rect:210 269 78 448 32
rect:778 77 156 89 36
rect:159 343 191 229 32
Bingol2003_03.jpg 0x0
rect:122 40 133 144 33
rect:97 30 176 35 2
rect:548 156 192 79 11
rect:467 135 390 172 2
rect:510 -6 214 179 4
rect:909 252 219 663 4
rect:782 601 306 373 2
Bingol2003_04.jpg 0x0
rect:260 628 144 62 2
rect:157 614 38 95 3
rect:77 702 87 94 2
rect:167 350 23 74 3
rect:369 258 116 157 4
rect:186 368 43 136 3
rect:92 752 19 70 3
rect:135 348 248 215 2
CanterburyNZSeries2010_01.jpg 0x0
rect:80 89 103 279 12
CanterburyNZSeries2010_02.jpg 0x0
rect:43 34 143 161 6
rect:44 8 239 317 37
CanterburyNZSeries2010_03.jpg 0x0
rect:45 86 282 173 38
CanterburyNZSeries2010_04.jpg 0x0
rect:308 341 20 63 40
rect:198 336 191 408 39
rect:479 279 33 136 40
rect:201 320 22 50 40
rect:270 269 17 81 40
rect:201 11 82 140 42
rect:151 478 81 188 41
rect:294 431 20 154 40
CanterburyNZSeries2010_05.jpg 0x0
rect:263 318 245 421 4
rect:208 275 162 131 15
CanterburyNZSeries2010_06.jpg 0x0
rect:65 124 639 616 4
rect:233 290 291 135 2
CanterburyNZSeries2010_08.jpg 0x0
rect:807 398 52 117 44
rect:519 416 86 167 44
rect:911 565 40 186 32
rect:599 160 156 175 43
CanterburyNZSeries2010_09.jpg 0x0
rect:252 140 192 214 45
rect:349 250 156 384 39
CanterburyNZSeries2010_10.jpg 0x0
rect:184 376 250 92 6
rect:174 185 415 184 6
rect:440 206 295 123 7
rect:251 276 205 70 46
CanterburyNZSeries2010_11.jpg 0x0
rect:221 360 362 238 5
rect:402 265 385 148 7
CanterburyNZSeries2010_12.jpg 0x0
rect:165 614 177 58 11
rect:56 403 721 248 2
rect:5 211 1244 360 47
rect:577 421 169 71 11
CanterburyNZSeries2010_13.jpg 0x0
rect:555 165 141 562 11
rect:165 17 338 772 12
Caracas1967_01.jpg 0x0
rect:357 183 90 121 48
rect:342 51 180 224 48
rect:301 125 50 71 48
rect:298 223 14 82 48
Caracas1967_02.jpg 0x0
rect:275 1 81 210 15
rect:141 358 41 49 49
rect:106 465 53 30 50
rect:228 174 266 341 51
Caracas1967_03.jpg 0x0
rect:328 410 36 66 27
rect:379 432 37 125 27
rect:244 71 55 126 14
rect:11 463 262 92 6
rect:240 361 45 60 26
rect:281 256 81 184 34
Caracas1967_04.jpg 0x0
rect:152 296 65 124 26
rect:165 432 161 133 34
rect:139 391 21 111 27
Caracas1967_05.jpg 0x0
rect:64 421 258 223 52
rect:23 102 353 526 48
rect:51 147 436 424 41
rect:360 146 43 295 40
rect:49 396 65 311 40
rect:128 367 49 235 40
rect:200 207 112 106 52
rect:157 440 62 148 40
rect:313 296 40 189 40
rect:234 257 73 224 40
Caracas1967_06.jpg 0x0
rect:288 214 54 45 6
rect:392 95 219 244 7
Caracas1967_07.jpg 0x0
rect:416 272 86 128 53
rect:322 275 166 218 34
rect:167 165 190 273 34
rect:506 404 120 55 53
rect:290 6 118 365 34
rect:157 189 45 198 27
rect:297 47 24 173 27
Caracas1967_08.jpg 0x0
rect:303 279 81 135 54
rect:288 318 73 105 55
rect:466 171 70 106 54
Caracas1967_09.jpg 0x0
rect:147 209 96 89 48
rect:32 240 47 59 48
rect:86 188 55 53 48
rect:434 13 278 160 48
Caracas1967_10.jpg 0x0
rect:216 194 94 130 40
rect:22 159 510 343 48
rect:429 384 66 192 40
rect:38 281 287 372 41
Caracas1967_11.jpg 0x0
rect:302 16 193 229 41
rect:75 190 188 621 41
rect:55 16 542 859 48
Caracas1967_12.jpg 0x0
rect:185 295 24 35 56
rect:667 228 33 31 34
rect:688 252 22 39 32
rect:800 336 29 65 32
Caracas1967_13.jpg 0x0
rect:153 413 125 343 55
Caracas1967_14.jpg 0x0
rect:152 104 516 183 57
rect:122 227 264 40 6
Chichi1999_01.jpg 0x0
rect:276 145 52 217 42
rect:4 6 865 169 58
Chichi1999_02.jpg 0x0
rect:7 97 416 207 58
rect:472 118 257 491 59
Chichi1999_03.jpg 0x0
rect:0 151 703 130 58
rect:76 220 83 118 60
Chichi1999_04.jpg 0x0
rect:175 -12 58 98 48
rect:148 164 70 433 48
rect:295 331 39 75 52
Chichi1999_05.jpg 0x0
rect:426 244 29 101 52
rect:391 109 106 229 48
rect:302 159 65 37 41
rect:391 227 30 44 41
Chichi1999_06.jpg 0x0
rect:850 215 37 46 41
rect:740 -11 71 92 61
rect:314 232 45 66 48
rect:183 17 458 151 10
rect:426 157 54 66 62
rect:286 218 15 34 52
Chichi1999_07.jpg 0x0
rect:154 208 25 51 64
rect:170 167 45 154 48
rect:767 203 14 27 64
rect:447 239 41 99 48
rect:312 278 34 27 64
rect:654 296 44 97 48
rect:39 267 503 107 63
Chichi1999_08.jpg 0x0
rect:96 15 685 460 10
Chichi1999_09.jpg 0x0
rect:152 88 151 225 48
rect:170 126 86 76 41
rect:176 70 30 73 40
rect:201 130 43 71 40
Chichi1999_10.jpg 0x0
rect:142 22 515 428 10
Chichi1999_11.jpg 0x0
rect:107 152 129 68 65
rect:2 168 125 684 10
Chichi1999_12.jpg 0x0
rect:12 22 400 627 66
Chichi1999_13.jpg 0x0
rect:26 61 932 460 10
Chichi1999_14.jpg 0x0
rect:449 679 73 80 67
rect:138 389 34 29 67
rect:83 281 70 63 67
rect:321 347 41 47 67
rect:382 276 35 50 39
rect:81 467 42 52 67
rect:357 384 31 28 39
rect:155 173 21 42 67
rect:368 504 23 23 39
rect:215 344 27 42 67
rect:105 144 60 52 67
rect:90 302 37 49 67
rect:92 387 50 80 67
rect:214 469 29 68 67
rect:171 355 32 42 67
rect:54 437 42 42 67
rect:235 503 25 36 39
Chichi1999_15.jpg 0x0
rect:212 28 349 371 41
Chichi1999_16.jpg 0x0
rect:231 109 71 153 32
Chichi1999_17.jpg 0x0
rect:139 297 17 38 32
Chichi1999_18.jpg 0x0
rect:124 167 29 99 69
rect:235 309 40 105 69
rect:206 231 28 98 69
rect:268 369 26 131 69
rect:239 397 57 148 70
rect:197 198 110 324 68
Chichi1999_19.jpg 0x0
rect:223 110 189 227 3
rect:261 21 343 454 2
YogyakartaInd2006_03.jpg 0x0
rect:479 70 66 27 16
rect:316 207 27 6 16
rect:152 383 169 29 15
rect:207 349 337 133 71
rect:365 62 143 72 15
rect:314 32 110 2 15
rect:353 397 60 27 16
rect:257 161 72 35 15
Chichi1999_20.jpg 0x0
rect:197 431 44 157 41
rect:144 196 98 437 42
Chichi1999_21.jpg 0x0
rect:215 372 222 201 37
rect:20 3 247 139 30
rect:509 6 92 124 57
rect:171 98 236 228 72
rect:352 286 91 121 6
rect:310 26 328 243 37
rect:95 350 183 128 5
rect:435 129 215 90 6
Chichi1999_22.jpg 0x0
rect:288 120 219 171 10
rect:251 235 14 17 73
rect:425 256 19 26 73
rect:177 283 16 23 73
Chichi1999_23.jpg 0x0
rect:229 353 48 86 34
rect:120 112 58 48 73
rect:156 234 27 27 34
rect:259 207 47 71 73
rect:301 173 26 22 27
rect:77 244 48 104 73
rect:4 62 496 155 74
rect:259 167 27 32 26
rect:312 222 84 136 73
rect:109 340 42 99 34
Chichi1999_24.jpg 0x0
rect:200 234 94 64 34
rect:139 147 177 112 75
rect:276 433 1 2 46
rect:3 396 219 140 74
rect:289 146 35 64 46
Chichi1999_25.jpg 0x0
rect:189 258 83 164 34
rect:222 438 46 70 26
rect:128 204 198 263 73
Chichi1999_26.jpg 0x0
rect:290 183 52 88 73
rect:242 17 53 38 73
rect:128 564 118 168 73
rect:255 242 83 491 76
rect:152 530 66 82 26
rect:107 542 141 126 27
Chichi1999_27.jpg 0x0
rect:176 269 87 237 32
Chichi1999_28.jpg 0x0
rect:150 135 142 159 5
rect:24 47 323 169 6
rect:240 156 215 175 75
rect:226 185 274 150 77
Chichi1999_29.jpg 0x0
rect:214 233 149 168 40
rect:176 293 72 209 52
rect:108 198 183 271 48
Chichi1999_30.jpg 0x0
rect:168 245 184 54 78
rect:160 132 354 299 40
rect:23 298 73 193 73
rect:227 117 191 80 52
Chichi1999_31.jpg 0x0
rect:640 129 45 145 48
rect:122 76 110 288 79
Chichi1999_32.jpg 0x0
rect:616 103 57 241 39
rect:210 68 56 172 81
rect:139 153 37 161 81
rect:214 8 87 444 80
Chichi1999_33.jpg 0x0
rect:115 165 58 154 49
rect:60 64 106 459 33
rect:96 114 108 230 32
rect:286 114 87 392 32
rect:264 152 39 153 49
rect:289 73 84 254 56
Chichi1999_34.jpg 0x0
rect:100 99 348 436 10
Duzce1999_01.jpg 0x0
rect:140 61 87 255 39
rect:158 144 105 92 41
Duzce1999_02.jpg 0x0
rect:90 43 166 404 41
Duzce1999_03.jpg 0x0
rect:198 154 72 301 31
rect:0 150 114 313 31
rect:82 69 84 264 42
Gediz1970_01.jpg 0x0
rect:144 289 119 289 69
rect:185 548 78 153 69
rect:155 137 226 383 68
Guatemala1976_01.jpg 0x0
rect:66 217 42 57 41
rect:40 209 117 125 48
rect:584 133 75 78 41
rect:558 122 161 128 48
rect:48 186 53 62 52
rect:23 128 774 131 82
Guatemala1976_02.jpg 0x0
rect:181 59 76 106 40
rect:192 93 335 237 48
Guatemala1976_03.jpg 0x0
rect:16 74 737 379 75
Guatemala1976_04.jpg 0x0
rect:470 183 129 257 4
rect:176 28 423 84 30
rect:50 97 643 215 30
rect:439 128 149 234 4
Guatemala1976_05.jpg 0x0
rect:107 71 411 334 48
rect:156 187 271 116 41
rect:153 136 442 151 40
Guatemala1976_06.jpg 0x0
rect:104 74 172 366 39
Guatemala1976_07.jpg 0x0
rect:260 462 124 104 83
rect:25 382 64 59 6
rect:23 168 384 349 10
Guatemala1976_08.jpg 0x0
rect:151 38 400 472 48
rect:379 103 166 289 40
rect:145 69 352 493 41
Guatemala1976_09.jpg 0x0
rect:590 374 64 67 84
rect:162 283 50 43 85
rect:870 231 50 63 85
rect:368 259 62 30 85
rect:78 294 33 29 84
rect:109 252 25 28 85
rect:395 296 44 75 84
rect:229 271 37 31 84
Guatemala1976_10.jpg 0x0
rect:270 473 39 140 87
rect:187 198 169 346 86
rect:216 91 281 111 87
Guatemala1976_11.jpg 0x0
rect:230 300 160 258 34
GujaratIndia2001_01.jpg 0x0
rect:215 386 45 73 11
rect:79 449 82 46 2
rect:23 260 181 126 4
rect:194 466 204 104 2
Haiti2010_01.jpg 0x0
rect:535 382 188 231 4
rect:658 335 142 110 4
rect:157 55 129 76 7
rect:275 332 32 178 40
rect:223 151 140 460 41
Haiti2010_02.jpg 0x0
rect:366 31 119 63 14
rect:57 75 538 235 88
Haiti2010_03.jpg 0x0
rect:214 367 258 254 32
rect:256 643 177 215 89
rect:409 1 51 513 32
rect:218 491 65 67 49
Haiti2010_04.jpg 0x0
rect:2 113 307 196 6
rect:216 340 356 475 41
rect:203 56 287 275 34
Haiti2010_05.jpg 0x0
rect:332 255 34 94 40
rect:345 215 157 155 52
rect:356 245 22 93 40
rect:250 152 190 629 90
Haiti2010_06.jpg 0x0
rect:702 131 806 504 91
rect:541 192 191 487 33
rect:188 205 346 336 91
rect:346 198 89 189 32
rect:217 344 49 44 34
rect:614 125 73 114 34
rect:428 178 76 48 6
ImperialValley1979_01.jpg 0x0
rect:338 404 59 49 32
rect:651 321 41 43 32
rect:9 258 171 128 32
rect:381 422 45 23 49
rect:70 307 77 118 50
rect:571 395 17 21 49
rect:420 367 20 27 49
rect:13 299 68 59 49
rect:402 287 35 47 32
rect:604 384 25 32 50
rect:224 271 44 72 50
ImperialValley1979_02.jpg 0x0
rect:190 165 69 195 50
rect:220 106 205 280 32
rect:352 163 92 174 50
rect:248 186 63 122 50
rect:191 202 149 46 49
rect:153 147 378 64 92
ImperialValley1979_03.jpg 0x0
rect:190 142 185 122 32
rect:238 214 65 216 50
rect:68 290 64 163 50
rect:124 487 330 32 92
rect:140 348 277 25 92
rect:173 427 66 141 50
rect:167 202 188 244 32
Izmit1999_01.jpg 0x0
rect:251 266 29 133 27
rect:337 263 44 84 26
rect:315 73 39 183 27
rect:298 89 42 189 27
rect:223 88 286 312 34
Izmit1999_02.jpg 0x0
rect:19 127 731 271 10
Izmit1999_03.jpg 0x0
rect:235 64 235 342 32
rect:165 156 353 30 92
rect:195 40 352 283 93
rect:202 133 37 164 50
rect:513 119 52 173 50
rect:572 91 63 335 50
rect:305 97 35 253 50
rect:200 75 84 256 50
Izmit1999_04.jpg 0x0
rect:124 345 179 52 88
rect:76 504 33 68 42
rect:316 100 72 97 41
rect:357 298 106 75 41
rect:83 602 274 138 88
rect:301 307 19 76 40
rect:292 68 79 92 48
rect:71 424 68 136 41
rect:340 361 24 47 40
rect:61 496 83 58 34
Izmit1999_05.jpg 0x0
rect:99 24 477 529 10
Izmit1999_06.jpg 0x0
rect:144 207 110 62 49
rect:200 206 63 299 50
rect:118 332 89 156 50
rect:289 323 54 131 50
rect:140 129 215 407 32
rect:281 290 34 187 50
Izmit1999_07.jpg 0x0
rect:19 119 489 727 2
rect:236 218 27 85 3
rect:147 170 65 110 3
rect:326 63 131 48 6
rect:402 318 88 450 4
rect:226 271 34 124 3
rect:387 135 82 63 3
Izmit1999_08.jpg 0x0
rect:395 66 65 88 41
rect:122 440 116 68 45
rect:623 73 68 24 52
rect:134 160 67 83 41
rect:115 21 113 82 34
rect:227 301 195 98 88
rect:408 7 110 51 45
Izmit1999_09.jpg 0x0
rect:668 199 65 61 41
rect:49 194 36 53 41
rect:713 233 60 82 94
rect:365 207 99 116 94
rect:258 232 116 69 41
rect:322 242 34 35 41
Izmit1999_10.jpg 0x0
rect:226 696 128 125 40
rect:289 388 62 32 78
rect:176 545 150 43 78
rect:203 119 45 160 40
rect:50 170 437 43 78
rect:298 151 96 191 40
rect:79 118 95 251 40
rect:81 128 311 436 41
rect:197 548 50 85 40
rect:139 264 87 196 40
rect:74 364 285 62 78
Izmit1999_11.jpg 0x0
rect:260 203 167 162 41
rect:249 395 126 129 41
rect:214 373 62 137 40
rect:307 320 59 216 40
rect:233 276 65 137 40
Izmit1999_12.jpg 0x0
rect:509 120 47 61 7
rect:48 333 46 70 94
rect:1 246 24 35 41
rect:67 210 50 47 52
rect:573 158 151 270 91
rect:489 75 35 115 41
rect:96 63 36 31 6
rect:256 245 75 155 41
rect:108 215 36 47 40
rect:385 170 53 35 6
rect:344 355 65 120 52
rect:311 287 126 101 94
rect:171 226 72 71 88
rect:17 52 47 24 6
rect:444 126 61 73 45
rect:476 158 71 44 41
rect:572 34 89 79 34
rect:323 210 41 122 42
Izmit1999_13.jpg 0x0
rect:143 207 53 104 41
rect:104 123 52 46 6
rect:304 85 79 101 41
rect:269 68 189 259 48
rect:5 97 85 145 42
rect:139 316 40 98 41
rect:103 260 102 140 94
rect:440 172 68 311 41
rect:166 204 82 65 52
Izmit1999_14.jpg 0x0
rect:518 6 129 67 35
rect:255 260 54 33 34
rect:53 137 79 64 34
rect:302 141 108 62 35
rect:550 247 52 39 34
rect:483 70 99 62 34
rect:275 473 39 25 34
rect:369 33 73 48 95
rect:364 282 64 39 34
Izmit1999_15.jpg 0x0
rect:184 184 333 495 42
Izmit1999_16.jpg 0x0
rect:107 133 127 114 41
rect:257 102 52 105 40
rect:121 54 238 214 39
rect:88 70 392 562 33
Izmit1999_17.jpg 0x0
rect:78 152 201 277 41
Izmit1999_18.jpg 0x0
rect:167 100 191 349 39
rect:172 214 166 104 41
Izmit1999_19.jpg 0x0
rect:536 118 23 118 50
rect:169 119 300 178 32
rect:393 184 20 74 50
rect:190 106 336 230 96
Kobe1995_01.jpg 0x0
rect:19 109 741 150 63
Kobe1995_02.jpg 0x0
rect:2 58 603 536 68
Kobe1995_03.jpg 0x0
rect:28 46 451 609 10
Kobe1995_04.jpg 0x0
rect:395 338 63 40 41
Kobe1995_05.jpg 0x0
rect:39 303 427 89 78
rect:71 509 379 140 78
rect:117 217 279 630 52
rect:3 172 106 546 40
rect:320 170 184 485 40
Kobe1995_06.jpg 0x0
rect:55 111 549 530 41
rect:229 259 321 343 42
Kobe1995_07.jpg 0x0
rect:226 264 39 40 39
rect:126 409 31 21 39
rect:128 235 36 37 39
rect:40 320 39 35 39
rect:165 377 37 50 39
rect:385 114 40 36 39
rect:328 231 35 36 39
rect:354 278 45 37 39
rect:393 350 22 46 39
rect:340 213 53 56 39
rect:165 199 26 31 39
rect:475 355 40 38 39
rect:274 557 41 30 39
rect:51 314 27 37 39
rect:364 528 40 38 39
rect:294 489 28 46 39
rect:170 127 26 30 39
rect:519 168 35 35 39
rect:537 471 28 34 39
rect:170 109 29 34 39
rect:405 201 37 60 39
rect:155 307 41 36 39
rect:166 203 44 46 39
rect:400 387 42 39 39
rect:288 244 45 24 39
rect:107 188 25 52 39
Kobe1995_08.jpg 0x0
rect:363 59 339 238 97
Kobe1995_09.jpg 0x0
rect:111 477 79 76 88
rect:92 628 104 78 88
rect:101 432 75 86 88
rect:209 638 207 66 97
SanSalvador_1986_01.jpg 0x0
rect:230 132 109 242 41
rect:67 3 90 214 68
SanSalvador_1986_02.jpg 0x0
rect:200 365 36 54 41
rect:234 214 32 39 41
rect:122 233 22 25 41
rect:346 119 17 29 41
rect:658 209 44 28 41
rect:460 144 54 59 42
rect:481 243 42 61 41
rect:307 178 43 31 41
rect:426 335 35 29 41
SikkimIndia2001_01.jpg 0x0
rect:275 208 102 172 34
SikkimIndia2001_02.jpg 0x0
rect:541 73 143 165 33
rect:9 125 73 33 54
rect:-12 2 483 108 33
rect:357 230 66 51 16
rect:9 6 323 53 16
rect:192 94 198 443 33
rect:332 97 67 50 16
rect:615 283 108 17 16
SikkimIndia2001_03.jpg 0x0
rect:149 91 72 178 69
rect:295 217 79 198 70
rect:176 9 135 508 98
SikkimIndia2001_04.jpg 0x0
rect:339 217 352 102 99
rect:3 32 296 185 99
rect:201 207 107 116 34
SumatraInd2009_01.jpg 0x0
rect:217 22 73 368 81
SumatraInd2009_02.jpg 0x0
rect:250 60 144 122 41
WhittierNarrows1987_01.jpg 0x0
rect:19 25 573 258 10
WhittierNarrows1987_02.jpg 0x0
rect:189 353 110 311 41
WhittierNarrows1987_03.jpg 0x0
rect:301 90 190 186 32
WhittierNarrows1987_04.jpg 0x0
rect:245 42 78 279 41
rect:235 14 292 103 100
rect:186 8 266 74 6
YogyakartaInd2006_01.jpg 0x0
rect:201 29 411 266 32
rect:369 129 338 83 49
rect:145 -18 380 345 29
YogyakartaInd2006_02.jpg 0x0
rect:234 115 44 195 69
rect:230 50 132 464 98
rect:406 102 70 146 70
