Anchorage1964_01.jpg 0x0
rect:89 7 146 187 1
rect:106 287 298 203 1
Anchorage1964_02.jpg 0x0
rect:391 81 121 121 8
rect:167 157 66 71 7
rect:207 352 30 74 3
rect:213 186 280 107 2
rect:258 230 25 52 3
rect:89 172 28 19 6
rect:312 350 18 77 3
rect:219 76 82 76 4
rect:524 321 20 66 3
rect:38 29 207 42 5
rect:264 43 177 71 4
rect:445 191 18 41 3
rect:335 287 21 75 3
rect:150 276 47 12 6
rect:552 222 18 43 3
rect:507 251 13 68 3
rect:36 205 114 35 5
rect:347 154 85 64 4
rect:83 30 101 17 6
Anchorage1964_03.jpg 0x0
rect:2 289 190 97 9
rect:318 70 323 217 9
rect:0 213 454 57 10
Anchorage1964_04.jpg 0x0
rect:140 169 28 20 5
rect:242 224 34 21 5
rect:316 376 24 22 5
rect:307 79 46 21 5
rect:235 323 13 16 1
rect:121 313 39 13 5
rect:242 104 22 14 5
rect:182 155 21 24 5
rect:391 392 23 21 5
rect:270 149 20 31 1
rect:340 271 21 30 1
rect:301 27 37 16 5
rect:128 263 27 16 5
rect:289 288 19 26 1
rect:274 345 29 16 5
rect:258 301 28 29 8
rect:217 463 27 26 1
rect:358 362 35 21 5
rect:290 84 23 39 1
rect:330 129 24 12 5
rect:149 424 57 13 2
rect:212 68 35 20 5
rect:144 486 38 16 5
rect:309 256 17 19 1
rect:165 116 23 12 5
rect:194 520 24 29 1
rect:372 177 14 18 1
rect:175 558 26 20 5
rect:373 343 20 35 1
rect:189 214 38 15 5
rect:325 397 18 33 1
rect:372 305 31 15 5
rect:123 65 27 14 5
rect:259 429 28 18 5
rect:409 215 28 25 5
rect:242 420 8 1 1
rect:363 202 31 24 5
rect:174 144 27 22 5
rect:138 21 20 16 5
Anchorage1964_05.jpg 0x0
rect:683 269 44 14 6
rect:122 124 17 45 1
rect:621 163 41 85 1
rect:510 309 41 21 6
rect:103 29 18 28 1
rect:524 512 33 66 8
rect:90 304 25 48 1
rect:225 46 108 40 5
rect:435 212 36 74 8
rect:289 193 108 81 2
rect:502 118 48 66 1
rect:124 155 103 27 5
rect:354 178 29 24 11
rect:88 146 20 37 1
rect:28 323 18 63 1
rect:430 164 34 50 1
rect:64 170 12 32 1
rect:381 28 25 49 1
rect:358 1 36 55 1
rect:208 30 105 32 6
rect:688 274 69 35 5
rect:505 265 31 23 11
rect:57 68 31 45 1
rect:521 306 52 74 1
rect:347 72 41 48 1
rect:532 171 57 25 5
rect:38 318 21 42 1
rect:57 301 25 50 1
rect:175 176 146 34 6
Anchorage1964_06.jpg 0x0
rect:139 171 82 110 11
rect:102 55 191 298 12
rect:183 101 115 267 3
Anchorage1964_07.jpg 0x0
rect:449 248 343 154 2
rect:423 198 49 83 13
rect:15 223 192 43 11
rect:152 2 116 83 2
rect:284 87 156 145 11
rect:8 83 528 515 2
rect:485 140 85 99 11
rect:8 408 520 41 14
rect:245 129 39 124 3
Anchorage1964_08.jpg 0x0
rect:331 32 128 107 1
rect:38 245 71 93 1
rect:63 97 138 102 1
rect:326 214 97 89 1
rect:34 375 101 153 1
rect:253 660 153 115 1
Anchorage1964_09.jpg 0x0
rect:580 206 97 55 8
rect:120 351 72 53 8
rect:486 31 105 48 8
rect:40 186 57 8 16
rect:98 45 93 71 8
rect:421 143 87 32 15
rect:13 111 128 23 15
rect:897 186 1 1 16
rect:455 105 68 88 1
rect:484 8 124 12 16
rect:350 189 57 50 1
rect:13 16 56 15 16
rect:18 146 21 12 16
rect:164 114 312 12 15
rect:282 126 71 53 1
rect:13 17 449 18 15
rect:121 213 59 86 1
rect:538 112 91 24 15
rect:433 7 202 14 15
Anchorage1964_10.jpg 0x0
rect:65 216 267 275 1
rect:144 223 155 71 18
rect:163 357 91 148 17
rect:70 445 374 120 18
Anchorage1964_11.jpg 0x0
rect:281 116 261 25 15
rect:95 63 190 103 4
rect:397 183 352 31 11
rect:75 224 626 70 2
rect:62 471 428 17 14
rect:106 570 446 15 14
rect:715 144 151 112 1
rect:603 8 83 34 1
Anchorage1964_12.jpg 0x0
rect:385 85 55 246 3
rect:14 80 689 261 2
rect:464 83 43 162 3
rect:127 165 22 110 3
rect:357 61 121 178 11
Anchorage1964_13.jpg 0x0
rect:288 434 197 31 2
rect:617 336 37 190 20
rect:294 638 84 14 19
Anchorage1964_14.jpg 0x0
rect:37 593 39 79 22
rect:436 7 102 159 11
rect:130 535 30 59 22
rect:339 160 207 51 15
rect:8 421 243 66 11
rect:159 432 36 55 22
rect:26 696 22 69 22
rect:192 13 115 892 20
rect:257 786 136 83 23
rect:84 353 180 43 15
rect:366 13 75 184 11
rect:238 322 95 60 21
Anchorage1964_15.jpg 0x0
rect:325 357 156 46 2
rect:285 309 219 38 15
rect:179 118 47 61 11
rect:154 62 85 518 20
rect:333 326 103 29 24
rect:253 8 75 73 4
rect:344 125 35 94 25
rect:484 8 81 67 4
rect:378 302 130 39 11
Anchorage1964_16.jpg 0x0
rect:15 244 84 85 2
rect:240 104 273 114 2
rect:98 405 75 116 11
rect:16 110 255 172 2
rect:175 157 182 247 11
rect:523 229 114 144 2
Anchorage1964_17.jpg 0x0
rect:9 247 858 174 10
rect:286 39 230 146 9
rect:12 124 240 122 9
Anchorage1964_18.jpg 0x0
rect:536 161 85 73 4
rect:143 259 94 53 11
rect:466 202 129 107 4
rect:831 269 84 19 2
rect:488 312 77 23 2
rect:447 356 32 59 11
rect:173 220 19 41 11
rect:437 334 340 31 15
rect:624 387 33 16 2
rect:139 237 96 135 4
Anchorage1964_19.jpg 0x0
rect:442 106 17 32 26
rect:29 271 30 92 27
rect:496 258 34 44 28
rect:509 180 10 7 26
rect:249 389 63 97 26
rect:501 179 7 16 26
rect:7 265 81 192 26
rect:347 81 65 159 29
rect:579 91 29 62 29
rect:366 292 15 35 26
rect:427 142 10 29 26
rect:485 159 16 31 26
rect:400 117 29 92 29
rect:346 189 39 43 28
rect:418 80 36 33 27
rect:392 95 53 36 26
rect:285 144 37 21 26
rect:590 190 7 14 26
Anchorage1964_20.jpg 0x0
rect:145 124 90 64 26
rect:202 72 102 167 29
rect:614 533 41 69 26
rect:264 106 96 55 27
rect:239 539 76 125 26
Anchorage1964_21.jpg 0x0
rect:43 207 27 31 26
rect:-5 57 87 169 29
rect:164 155 555 134 30
rect:2 63 42 49 26
Bingol2003_01.jpg 0x0
rect:548 264 156 158 31
rect:668 277 63 71 6
rect:546 281 60 267 32
rect:2 242 992 220 10
rect:31 216 65 56 33
rect:174 172 91 67 33
rect:528 203 42 41 6
rect:551 203 41 118 34
rect:653 370 217 76 6
rect:709 272 105 72 33
rect:818 320 57 37 33
rect:524 84 152 212 31
rect:719 152 85 63 33
rect:243 161 54 56 33
rect:755 99 98 66 6
rect:464 54 80 84 6
rect:605 404 35 46 34
rect:373 328 81 82 6
rect:205 91 60 29 6
Bingol2003_02.jpg 0x0
rect:174 225 102 248 32
rect:534 359 88 112 26
rect:199 104 568 188 34
rect:454 222 565 92 35
rect:929 53 101 94 36
rect:432 353 74 93 6
rect:274 192 751 591 31
rect:163 345 144 317 32
Bingol2003_03.jpg 0x0
rect:598 198 258 90 11
rect:112 42 136 83 33
rect:96 24 163 36 2
rect:655 469 241 442 2
rect:874 257 177 530 4
rect:874 -7 324 212 4
rect:452 121 372 125 2
Bingol2003_04.jpg 0x0
rect:202 312 261 167 2
rect:205 536 36 126 3
rect:74 731 102 111 2
rect:348 588 94 58 2
rect:257 465 31 88 3
rect:348 321 106 173 4
rect:101 579 24 94 3
rect:152 800 29 56 3
CanterburyNZSeries2010_01.jpg 0x0
rect:83 121 140 346 12
CanterburyNZSeries2010_02.jpg 0x0
rect:57 9 177 209 37
rect:45 54 184 211 6
CanterburyNZSeries2010_03.jpg 0x0
rect:39 92 258 129 38
CanterburyNZSeries2010_04.jpg 0x0
rect:263 304 41 127 40
rect:392 306 16 57 40
rect:272 9 121 121 42
rect:412 337 28 58 40
rect:181 192 275 397 39
rect:273 308 34 205 40
rect:175 600 74 164 41
rect:217 345 37 61 40
CanterburyNZSeries2010_05.jpg 0x0
rect:297 218 141 78 15
rect:407 443 188 315 4
CanterburyNZSeries2010_06.jpg 0x0
rect:216 310 309 104 2
rect:71 105 777 613 4
CanterburyNZSeries2010_08.jpg 0x0
rect:633 161 199 331 43
rect:587 441 62 113 44
rect:539 299 78 136 44
rect:716 402 30 122 32
CanterburyNZSeries2010_09.jpg 0x0
rect:187 382 184 465 39
rect:240 158 164 201 45
CanterburyNZSeries2010_10.jpg 0x0
rect:294 231 165 97 46
rect:258 393 226 126 6
rect:429 182 324 114 7
rect:183 237 449 261 6
CanterburyNZSeries2010_11.jpg 0x0
rect:388 282 288 158 7
rect:411 239 204 250 5
CanterburyNZSeries2010_12.jpg 0x0
rect:6 332 664 401 47
rect:42 314 699 282 2
rect:422 449 213 66 11
rect:208 643 106 45 11
CanterburyNZSeries2010_13.jpg 0x0
rect:558 137 77 413 11
rect:110 20 337 830 12
Caracas1967_01.jpg 0x0
rect:224 156 37 77 48
rect:269 113 86 97 48
rect:345 72 199 279 48
rect:345 228 11 46 48
Caracas1967_02.jpg 0x0
rect:94 413 47 66 49
rect:171 413 42 47 50
rect:202 1 148 155 15
rect:218 235 196 200 51
Caracas1967_03.jpg 0x0
rect:14 404 273 71 6
rect:274 451 31 60 27
rect:181 64 57 115 14
rect:175 362 92 134 34
rect:362 276 72 71 26
rect:334 372 22 85 27
Caracas1967_04.jpg 0x0
rect:155 392 23 85 27
rect:167 426 51 122 26
rect:118 345 219 165 34
Caracas1967_05.jpg 0x0
rect:290 181 38 157 40
rect:23 68 428 607 48
rect:144 329 31 291 40
rect:182 186 102 135 52
rect:262 358 39 151 40
rect:67 386 54 244 40
rect:429 225 59 336 40
rect:248 257 56 113 40
rect:35 116 367 440 41
rect:52 395 165 154 52
Caracas1967_06.jpg 0x0
rect:257 94 326 257 7
rect:434 364 53 39 6
Caracas1967_07.jpg 0x0
rect:265 148 46 217 27
rect:468 269 124 96 53
rect:483 9 95 310 34
rect:452 370 80 87 53
rect:349 57 30 292 27
rect:376 241 179 191 34
rect:180 112 169 152 34
Caracas1967_08.jpg 0x0
rect:334 231 81 104 54
rect:167 237 70 89 54
rect:205 321 48 110 55
Caracas1967_09.jpg 0x0
rect:100 154 70 55 48
rect:160 132 73 89 48
rect:542 9 230 154 48
rect:29 214 54 63 48
Caracas1967_10.jpg 0x0
rect:21 190 561 546 48
rect:355 231 88 231 40
rect:349 382 88 226 40
rect:43 249 213 326 41
Caracas1967_11.jpg 0x0
rect:340 15 189 228 41
rect:63 211 169 398 41
rect:56 11 416 605 48
Caracas1967_12.jpg 0x0
rect:626 327 23 54 32
rect:513 311 28 70 32
rect:240 318 21 52 56
rect:634 209 38 46 34
Caracas1967_13.jpg 0x0
rect:188 276 157 343 55
Caracas1967_14.jpg 0x0
rect:159 156 724 271 57
rect:122 374 229 33 6
Chichi1999_01.jpg 0x0
rect:305 175 48 157 42
rect:4 8 800 183 58
Chichi1999_02.jpg 0x0
rect:6 100 317 144 58
rect:395 135 247 355 59
Chichi1999_03.jpg 0x0
rect:99 124 83 83 60
rect:0 203 927 153 58
Chichi1999_04.jpg 0x0
rect:164 188 30 48 52
rect:232 155 78 334 48
rect:194 -21 48 111 48
Chichi1999_05.jpg 0x0
rect:315 305 34 23 41
rect:369 246 27 101 52
rect:486 130 52 64 41
rect:464 148 120 259 48
Chichi1999_06.jpg 0x0
rect:467 -9 107 54 61
rect:428 221 24 25 52
rect:165 19 407 226 10
rect:315 147 42 71 62
rect:321 205 45 84 48
rect:622 143 29 48 41
Chichi1999_07.jpg 0x0
rect:497 199 62 99 48
rect:55 266 735 102 63
rect:111 200 37 116 48
rect:219 150 26 50 64
rect:362 149 34 122 48
rect:364 192 23 46 64
rect:606 267 14 15 64
Chichi1999_08.jpg 0x0
rect:126 13 581 320 10
Chichi1999_09.jpg 0x0
rect:214 130 35 85 40
rect:295 115 42 77 40
rect:271 89 169 116 41
rect:242 62 217 155 48
Chichi1999_10.jpg 0x0
rect:202 19 639 319 10
Chichi1999_11.jpg 0x0
rect:148 172 84 82 65
rect:2 149 175 662 10
Chichi1999_12.jpg 0x0
rect:11 28 505 763 66
Chichi1999_13.jpg 0x0
rect:26 59 812 320 10
Chichi1999_14.jpg 0x0
rect:244 616 31 40 39
rect:188 600 28 38 67
rect:265 303 18 21 39
rect:179 365 36 51 67
rect:52 609 55 52 67
rect:227 397 32 53 67
rect:261 560 43 53 67
rect:217 484 37 43 67
rect:206 190 87 42 67
rect:65 593 34 33 67
rect:309 206 30 55 39
rect:163 170 27 47 67
rect:270 453 35 34 39
rect:100 411 54 45 67
rect:264 266 25 46 67
rect:80 482 56 35 67
rect:418 576 82 50 67
Chichi1999_15.jpg 0x0
rect:196 32 337 505 41
Chichi1999_16.jpg 0x0
rect:150 95 48 147 32
Chichi1999_17.jpg 0x0
rect:180 235 27 58 32
Chichi1999_18.jpg 0x0
rect:210 173 49 76 69
rect:214 402 31 97 69
rect:159 235 25 139 69
rect:191 258 47 137 70
rect:206 311 42 123 69
rect:205 244 151 438 68
Chichi1999_19.jpg 0x0
rect:209 26 285 347 2
rect:162 102 152 286 3
YogyakartaInd2006_03.jpg 0x0
rect:238 160 84 24 15
rect:267 310 188 30 15
rect:263 198 22 7 16
rect:288 406 47 35 16
rect:200 21 116 2 15
rect:175 223 328 137 71
rect:317 79 66 49 16
rect:451 90 143 66 15
Chichi1999_20.jpg 0x0
rect:154 154 80 233 42
rect:246 501 63 177 41
Chichi1999_21.jpg 0x0
rect:275 30 195 173 37
rect:240 356 72 89 6
rect:337 86 130 126 6
rect:163 88 285 263 72
rect:62 277 218 149 5
rect:526 6 154 79 57
rect:18 4 304 205 30
rect:232 240 232 198 37
Chichi1999_22.jpg 0x0
rect:232 166 236 120 10
rect:413 252 16 25 73
rect:363 277 17 19 73
rect:214 164 10 23 73
Chichi1999_23.jpg 0x0
rect:255 151 24 20 26
rect:199 232 45 62 73
rect:135 138 46 37 73
rect:140 348 58 105 73
rect:4 71 354 188 74
rect:133 399 49 88 34
rect:240 339 53 133 73
rect:139 211 26 24 34
rect:278 217 36 18 27
rect:341 273 45 92 34
Chichi1999_24.jpg 0x0
rect:204 156 53 46 46
rect:217 118 128 82 75
rect:179 193 64 68 34
rect:388 396 1 2 46
rect:3 371 244 195 74
Chichi1999_25.jpg 0x0
rect:224 252 114 203 34
rect:178 199 140 250 73
rect:168 300 46 92 26
Chichi1999_26.jpg 0x0
rect:220 136 55 118 73
rect:281 357 96 454 76
rect:99 626 117 103 27
rect:142 564 154 133 73
rect:175 566 106 68 26
rect:327 21 52 26 73
Chichi1999_27.jpg 0x0
rect:178 230 111 456 32
Chichi1999_28.jpg 0x0
rect:112 123 127 181 5
rect:237 273 309 114 77
rect:340 111 169 222 75
rect:21 90 339 115 6
Chichi1999_29.jpg 0x0
rect:292 242 111 165 40
rect:165 170 70 218 52
rect:142 179 187 372 48
Chichi1999_30.jpg 0x0
rect:137 141 358 287 40
rect:35 270 70 116 73
rect:229 120 243 96 52
rect:168 265 180 76 78
Chichi1999_31.jpg 0x0
rect:373 83 53 177 48
rect:106 78 163 329 79
Chichi1999_32.jpg 0x0
rect:119 8 90 315 80
rect:131 204 26 108 81
rect:130 68 43 153 81
rect:377 179 36 227 39
Chichi1999_33.jpg 0x0
rect:99 55 131 471 33
rect:272 62 138 301 32
rect:136 203 43 105 49
rect:206 132 111 192 56
rect:321 184 27 151 49
rect:164 155 109 308 32
Chichi1999_34.jpg 0x0
rect:113 69 494 330 10
Duzce1999_01.jpg 0x0
rect:170 54 102 352 39
rect:118 104 74 150 41
Duzce1999_02.jpg 0x0
rect:62 37 123 480 41
Duzce1999_03.jpg 0x0
rect:165 106 90 190 31
rect:136 108 122 179 42
rect:0 225 96 283 31
Gediz1970_01.jpg 0x0
rect:152 356 115 369 69
rect:264 296 99 262 69
rect:144 112 249 444 68
Guatemala1976_01.jpg 0x0
rect:36 168 111 127 48
rect:500 106 184 142 48
rect:60 241 64 55 52
rect:59 207 48 51 41
rect:395 185 75 54 41
rect:23 158 659 136 82
Guatemala1976_02.jpg 0x0
rect:304 72 108 114 40
rect:211 54 284 306 48
Guatemala1976_03.jpg 0x0
rect:14 66 752 439 75
Guatemala1976_04.jpg 0x0
rect:567 363 132 259 4
rect:122 26 429 98 30
rect:32 83 647 220 30
rect:570 204 89 343 4
Guatemala1976_05.jpg 0x0
rect:131 83 357 345 48
rect:163 170 335 197 40
rect:182 107 372 123 41
Guatemala1976_06.jpg 0x0
rect:122 132 241 397 39
Guatemala1976_07.jpg 0x0
rect:32 209 45 67 6
rect:23 298 527 310 10
rect:279 378 133 77 83
Guatemala1976_08.jpg 0x0
rect:307 74 199 381 40
rect:225 44 325 497 41
rect:158 31 476 468 48
Guatemala1976_09.jpg 0x0
rect:115 349 33 26 84
rect:145 353 27 33 84
rect:839 399 52 61 84
rect:69 264 29 33 85
rect:334 238 52 71 84
rect:528 235 75 40 85
rect:139 292 66 59 85
rect:314 366 79 39 85
Guatemala1976_10.jpg 0x0
rect:146 116 188 117 87
rect:196 202 176 319 86
rect:237 451 33 150 87
Guatemala1976_11.jpg 0x0
rect:192 273 131 220 34
GujaratIndia2001_01.jpg 0x0
rect:406 555 47 71 11
rect:206 519 246 96 2
rect:30 331 148 157 4
rect:80 412 67 30 2
Haiti2010_01.jpg 0x0
rect:666 269 97 101 4
rect:207 146 169 441 41
rect:160 47 153 111 7
rect:265 347 22 129 40
rect:558 416 258 228 4
Haiti2010_02.jpg 0x0
rect:49 115 511 157 88
rect:389 28 207 36 14
Haiti2010_03.jpg 0x0
rect:251 596 274 234 89
rect:210 432 54 50 49
rect:154 358 175 250 32
rect:423 1 47 599 32
Haiti2010_04.jpg 0x0
rect:148 373 295 426 41
rect:295 60 194 256 34
rect:2 130 300 119 6
Haiti2010_05.jpg 0x0
rect:436 334 36 106 40
rect:312 237 185 95 52
rect:181 254 33 88 40
rect:264 153 334 599 90
Haiti2010_06.jpg 0x0
rect:336 308 56 220 32
rect:395 115 703 900 91
rect:147 240 49 37 34
rect:482 199 156 301 33
rect:138 275 339 475 91
rect:667 176 84 66 34
rect:351 222 60 57 6
ImperialValley1979_01.jpg 0x0
rect:17 289 87 57 49
rect:349 313 73 55 32
rect:46 247 96 126 50
rect:408 393 35 30 49
rect:425 286 51 48 32
rect:15 397 167 167 32
rect:340 234 48 84 50
rect:638 350 27 42 32
rect:616 389 19 19 49
rect:551 241 27 39 50
rect:478 373 20 18 49
ImperialValley1979_02.jpg 0x0
rect:204 253 125 53 49
rect:167 230 207 59 92
rect:322 142 97 205 50
rect:124 165 96 254 50
rect:266 106 209 275 32
rect:237 203 58 142 50
ImperialValley1979_03.jpg 0x0
rect:250 445 115 162 50
rect:202 172 249 168 32
rect:89 508 181 33 92
rect:78 222 69 164 50
rect:155 232 271 202 32
rect:273 205 56 239 50
rect:79 391 375 35 92
Izmit1999_01.jpg 0x0
rect:282 137 38 117 27
rect:210 268 33 115 27
rect:354 90 56 149 27
rect:638 268 54 61 26
rect:193 52 476 249 34
Izmit1999_02.jpg 0x0
rect:35 143 523 330 10
Izmit1999_03.jpg 0x0
rect:408 100 42 183 50
rect:130 31 397 365 93
rect:488 95 43 227 50
rect:165 76 56 196 50
rect:132 249 306 44 92
rect:240 75 189 411 32
rect:164 117 29 190 50
rect:437 101 31 190 50
Izmit1999_04.jpg 0x0
rect:393 273 22 52 40
rect:429 407 65 62 41
rect:68 614 41 85 42
rect:237 94 86 65 41
rect:515 470 20 59 40
rect:90 719 196 86 88
rect:50 592 67 126 41
rect:47 483 46 42 34
rect:186 340 112 73 88
rect:236 53 102 121 48
Izmit1999_05.jpg 0x0
rect:78 19 418 302 10
Izmit1999_06.jpg 0x0
rect:273 294 46 201 50
rect:179 256 47 126 50
rect:203 213 106 234 50
rect:119 339 54 146 50
rect:136 321 164 99 49
rect:171 121 205 393 32
Izmit1999_07.jpg 0x0
rect:373 212 76 253 4
rect:245 215 28 86 3
rect:206 423 34 155 3
rect:24 119 448 546 2
rect:380 65 107 40 6
rect:238 169 45 73 3
rect:361 128 92 68 3
Izmit1999_08.jpg 0x0
rect:146 390 81 120 45
rect:443 75 40 26 52
rect:520 107 78 54 41
rect:140 24 103 102 34
rect:628 7 92 52 45
rect:158 310 163 145 88
rect:191 149 91 96 41
Izmit1999_09.jpg 0x0
rect:428 327 135 82 94
rect:366 207 92 61 41
rect:228 144 35 44 41
rect:50 214 56 53 41
rect:484 311 79 75 94
rect:731 310 40 67 41
Izmit1999_10.jpg 0x0
rect:205 150 49 112 40
rect:78 120 78 167 40
rect:169 216 96 228 40
rect:329 400 111 131 40
rect:231 477 47 59 40
rect:280 398 78 25 78
rect:181 439 178 47 78
rect:247 107 90 188 40
rect:32 186 308 57 78
rect:136 275 266 64 78
rect:68 166 351 381 41
Izmit1999_11.jpg 0x0
rect:207 429 111 108 41
rect:163 218 79 144 40
rect:267 303 62 139 40
rect:157 285 56 131 40
rect:227 165 126 170 41
Izmit1999_12.jpg 0x0
rect:309 125 69 71 7
rect:403 32 70 70 34
rect:116 57 30 20 6
rect:334 206 45 29 6
rect:413 156 176 269 91
rect:71 306 66 68 52
rect:396 271 107 196 94
rect:22 68 38 24 6
rect:373 105 49 103 45
rect:521 81 53 84 41
rect:108 378 32 57 40
rect:347 186 58 71 41
rect:422 339 42 142 52
rect:61 214 83 114 94
rect:1 156 35 51 41
rect:107 298 106 71 88
rect:243 189 57 93 42
rect:245 339 60 140 41
Izmit1999_13.jpg 0x0
rect:160 283 120 179 94
rect:136 310 74 65 52
rect:241 87 194 317 48
rect:5 67 65 204 42
rect:459 153 111 192 41
rect:196 182 33 103 41
rect:344 99 80 78 41
rect:158 310 34 108 41
rect:146 147 52 46 6
Izmit1999_14.jpg 0x0
rect:68 199 138 66 34
rect:328 372 47 23 34
rect:325 7 151 55 35
rect:284 121 64 86 35
rect:558 76 71 90 34
rect:183 407 35 35 34
rect:398 314 76 37 34
rect:373 47 72 57 95
rect:509 384 82 46 34
Izmit1999_15.jpg 0x0
rect:154 158 273 472 42
Izmit1999_16.jpg 0x0
rect:102 52 210 210 39
rect:139 140 248 158 41
rect:143 104 50 126 40
rect:105 84 316 558 33
Izmit1999_17.jpg 0x0
rect:77 165 252 184 41
Izmit1999_18.jpg 0x0
rect:135 145 160 305 39
rect:225 115 95 107 41
Izmit1999_19.jpg 0x0
rect:199 146 238 225 32
rect:240 104 291 440 96
rect:365 146 29 81 50
rect:558 137 30 66 50
Kobe1995_01.jpg 0x0
rect:33 107 902 202 63
Kobe1995_02.jpg 0x0
rect:2 52 455 688 68
Kobe1995_03.jpg 0x0
rect:42 47 341 679 10
Kobe1995_04.jpg 0x0
rect:376 230 51 52 41
Kobe1995_05.jpg 0x0
rect:4 203 154 398 40
rect:120 495 270 141 78
rect:35 187 412 92 78
rect:230 170 128 286 40
rect:136 130 158 663 52
Kobe1995_06.jpg 0x0
rect:42 109 287 553 41
rect:228 281 249 366 42
Kobe1995_07.jpg 0x0
rect:298 174 43 40 39
rect:226 94 23 33 39
rect:45 246 28 45 39
rect:185 304 40 40 39
rect:263 192 35 47 39
rect:122 255 34 47 39
rect:298 477 32 25 39
rect:446 453 31 34 39
rect:226 78 32 26 39
rect:243 406 46 37 39
rect:31 238 37 35 39
rect:239 472 38 54 39
rect:229 160 49 29 39
rect:211 455 42 39 39
rect:229 312 35 35 39
rect:470 345 31 45 39
rect:86 434 47 24 39
rect:263 182 35 56 39
rect:303 313 45 41 39
rect:150 317 36 35 39
rect:552 240 56 48 39
rect:464 115 29 35 39
rect:356 146 32 52 39
rect:275 267 53 32 39
rect:306 262 44 32 39
rect:219 224 41 52 39
Kobe1995_08.jpg 0x0
rect:287 40 398 243 97
Kobe1995_09.jpg 0x0
rect:100 570 85 51 88
rect:121 699 82 73 88
rect:161 666 209 54 97
rect:78 684 95 74 88
SanSalvador_1986_01.jpg 0x0
rect:317 179 95 154 41
rect:77 3 110 213 68
SanSalvador_1986_02.jpg 0x0
rect:267 234 43 56 41
rect:493 181 39 42 41
rect:345 122 49 36 42
rect:222 302 40 25 41
rect:176 154 25 38 41
rect:286 245 29 48 41
rect:456 168 17 26 41
rect:563 325 31 35 41
rect:147 260 30 29 41
SikkimIndia2001_01.jpg 0x0
rect:239 193 162 176 34
SikkimIndia2001_02.jpg 0x0
rect:10 6 333 90 16
rect:332 78 74 34 16
rect:8 153 67 56 54
rect:546 312 67 14 16
rect:-14 2 469 99 33
rect:334 122 115 139 33
rect:311 278 67 44 16
rect:126 82 162 487 33
SikkimIndia2001_03.jpg 0x0
rect:269 266 120 206 70
rect:198 91 81 226 69
rect:188 13 145 641 98
SikkimIndia2001_04.jpg 0x0
rect:3 26 258 213 99
rect:270 198 79 127 34
rect:356 231 268 76 99
SumatraInd2009_01.jpg 0x0
rect:314 24 73 244 81
SumatraInd2009_02.jpg 0x0
rect:215 67 210 123 41
WhittierNarrows1987_01.jpg 0x0
rect:18 36 905 365 10
WhittierNarrows1987_02.jpg 0x0
rect:168 350 121 266 41
WhittierNarrows1987_03.jpg 0x0
rect:253 115 119 194 32
WhittierNarrows1987_04.jpg 0x0
rect:278 14 316 182 100
rect:163 7 312 98 6
rect:203 58 111 234 41
YogyakartaInd2006_01.jpg 0x0
rect:177 28 393 334 32
rect:347 165 213 77 49
rect:223 -21 287 657 29
YogyakartaInd2006_02.jpg 0x0
rect:268 137 40 256 69
rect:457 91 92 157 70
rect:267 58 130 385 98
