Anchorage1964_01.jpg 0x0
rect:67 299 235 164 1
rect:88 7 276 160 1
Anchorage1964_02.jpg 0x0
rect:30 29 121 47 5
rect:244 51 116 74 4
rect:462 269 18 77 3
rect:267 213 34 42 3
rect:94 48 89 15 6
rect:249 320 29 88 3
rect:200 293 376 83 2
rect:145 207 63 71 7
rect:382 255 19 37 3
rect:482 51 129 114 8
rect:181 38 238 77 4
rect:40 266 103 40 5
rect:128 267 27 21 6
rect:241 219 19 88 3
rect:278 219 32 44 3
rect:164 167 64 20 6
rect:230 222 29 49 3
rect:513 228 68 74 4
rect:373 269 14 48 3
Anchorage1964_03.jpg 0x0
rect:0 192 646 80 10
rect:2 281 195 101 9
rect:295 100 502 136 9
Anchorage1964_04.jpg 0x0
rect:276 198 14 25 1
rect:441 251 31 15 5
rect:199 304 20 26 1
rect:350 345 22 20 1
rect:406 83 47 13 5
rect:304 211 43 15 5
rect:116 266 43 21 5
rect:194 177 19 29 1
rect:293 104 25 29 1
rect:339 266 18 30 1
rect:125 82 26 15 5
rect:293 527 24 20 5
rect:245 448 27 27 5
rect:273 202 21 25 8
rect:377 28 40 23 5
rect:140 504 34 12 5
rect:245 554 15 30 1
rect:191 29 20 21 5
rect:207 168 25 22 5
rect:270 193 28 15 5
rect:158 539 74 22 2
rect:145 262 39 13 5
rect:125 80 30 15 5
rect:190 223 14 25 1
rect:321 373 17 15 5
rect:289 341 10 1 1
rect:298 219 19 28 1
rect:367 187 24 23 5
rect:364 169 39 16 5
rect:388 548 31 19 5
rect:197 209 29 16 5
rect:248 235 13 32 1
rect:363 104 34 22 5
rect:231 375 27 25 1
rect:157 545 24 18 5
rect:206 96 37 20 5
rect:144 164 20 18 5
rect:419 262 33 13 5
rect:179 278 42 13 5
Anchorage1964_05.jpg 0x0
rect:230 133 147 86 2
rect:155 190 143 22 5
rect:556 313 47 62 1
rect:56 234 26 51 1
rect:46 252 25 42 1
rect:347 200 23 21 11
rect:51 78 30 36 1
rect:56 160 20 44 1
rect:466 396 46 11 6
rect:446 219 35 52 1
rect:255 36 72 47 6
rect:87 342 24 37 1
rect:755 242 63 40 5
rect:541 79 36 43 1
rect:515 216 44 82 1
rect:88 28 22 48 1
rect:509 56 35 62 1
rect:385 184 43 22 11
rect:89 88 13 53 1
rect:135 114 89 40 6
rect:539 319 31 55 8
rect:329 206 63 68 8
rect:35 431 24 54 1
rect:583 308 51 45 5
rect:813 326 40 21 6
rect:214 61 73 35 5
rect:508 1 46 60 1
rect:83 201 29 45 1
rect:464 19 36 63 1
Anchorage1964_06.jpg 0x0
rect:116 99 89 393 3
rect:140 67 211 543 12
rect:154 263 94 93 11
Anchorage1964_07.jpg 0x0
rect:8 79 787 389 2
rect:192 123 141 103 11
rect:390 203 435 231 2
rect:13 186 205 42 11
rect:261 2 118 56 2
rect:7 255 366 23 14
rect:457 150 42 126 13
rect:371 109 45 119 3
rect:387 262 58 60 11
Anchorage1964_08.jpg 0x0
rect:268 42 104 91 1
rect:37 75 153 113 1
rect:275 288 140 115 1
rect:53 671 112 122 1
rect:57 395 104 121 1
rect:355 464 94 153 1
Anchorage1964_09.jpg 0x0
rect:167 150 240 15 15
rect:13 18 65 11 16
rect:897 192 1 1 16
rect:499 135 69 92 1
rect:753 10 125 14 16
rect:86 43 74 71 8
rect:400 8 289 15 15
rect:524 89 90 24 15
rect:70 167 60 10 16
rect:19 117 16 8 16
rect:423 195 63 75 1
rect:479 154 145 23 15
rect:13 151 100 25 15
rect:569 35 69 59 8
rect:105 123 83 49 1
rect:13 12 464 15 15
rect:315 196 77 66 1
rect:434 193 52 87 8
rect:117 299 79 68 8
Anchorage1964_10.jpg 0x0
rect:121 141 260 67 18
rect:274 358 74 149 17
rect:89 471 215 130 18
rect:84 154 315 272 1
Anchorage1964_11.jpg 0x0
rect:264 177 438 25 15
rect:522 155 205 78 1
rect:109 58 203 102 4
rect:124 132 525 87 2
rect:60 395 727 13 14
rect:566 8 120 40 1
rect:305 209 370 43 11
rect:105 305 786 22 14
Anchorage1964_12.jpg 0x0
rect:301 75 59 262 3
rect:506 78 213 221 11
rect:155 153 27 116 3
rect:344 69 50 241 3
rect:15 88 565 292 2
Anchorage1964_13.jpg 0x0
rect:399 485 38 201 20
rect:350 450 161 27 2
rect:328 655 126 14 19
Anchorage1964_14.jpg 0x0
rect:74 217 126 26 15
rect:166 608 45 66 22
rect:11 462 253 82 11
rect:483 6 90 175 11
rect:131 499 42 74 22
rect:25 703 23 43 22
rect:35 604 50 69 22
rect:171 12 87 769 20
rect:310 223 159 53 15
rect:302 12 55 306 11
rect:218 341 82 106 21
rect:336 771 223 104 23
Anchorage1964_15.jpg 0x0
rect:503 7 78 51 4
rect:233 161 36 78 11
rect:179 228 142 29 15
rect:416 302 89 45 24
rect:298 9 54 55 4
rect:285 140 57 78 25
rect:344 280 91 48 11
rect:134 86 57 555 20
rect:274 463 219 51 2
Anchorage1964_16.jpg 0x0
rect:145 294 184 225 11
rect:15 128 153 233 2
rect:387 218 176 193 2
rect:15 238 62 90 2
rect:271 116 307 94 2
rect:112 224 84 133 11
Anchorage1964_17.jpg 0x0
rect:12 163 195 157 9
rect:260 43 258 190 9
rect:11 220 578 256 10
Anchorage1964_18.jpg 0x0
rect:537 276 66 20 2
rect:162 146 95 88 4
rect:352 275 35 72 11
rect:410 379 37 24 2
rect:184 354 90 52 11
rect:384 110 88 119 4
rect:392 194 75 85 4
rect:134 322 19 52 11
rect:392 317 63 20 2
rect:379 202 242 29 15
Anchorage1964_19.jpg 0x0
rect:5 266 76 164 26
rect:280 75 38 74 29
rect:314 158 23 65 29
rect:384 86 20 39 27
rect:439 221 25 26 28
rect:834 143 9 10 26
rect:483 329 20 46 26
rect:505 194 34 38 28
rect:414 279 10 26 26
rect:497 227 12 24 26
rect:288 356 63 100 26
rect:298 90 46 40 26
rect:597 177 9 15 26
rect:358 133 17 27 26
rect:372 89 50 107 29
rect:396 129 39 33 26
rect:794 134 10 8 26
rect:29 206 24 101 27
Anchorage1964_20.jpg 0x0
rect:274 313 75 100 26
rect:242 138 92 59 27
rect:129 66 104 177 29
rect:563 578 29 83 26
rect:233 84 96 47 26
Anchorage1964_21.jpg 0x0
rect:205 180 665 126 30
rect:2 118 56 39 26
rect:-7 49 79 170 29
rect:48 227 32 29 26
Bingol2003_01.jpg 0x0
rect:402 329 88 72 6
rect:580 317 36 54 34
rect:721 303 67 44 6
rect:815 139 98 68 6
rect:470 597 197 69 6
rect:111 235 73 76 33
rect:616 287 85 85 33
rect:27 243 72 48 33
rect:689 98 119 211 31
rect:708 311 89 45 33
rect:435 232 62 109 34
rect:2 274 739 263 10
rect:508 220 32 75 6
rect:558 74 83 88 6
rect:376 221 68 71 33
rect:898 351 102 79 33
rect:258 104 62 19 6
rect:509 322 70 219 32
rect:577 340 205 187 31
Bingol2003_02.jpg 0x0
rect:516 296 314 136 35
rect:278 277 934 463 31
rect:424 275 67 57 6
rect:86 594 124 178 32
rect:206 97 520 117 34
rect:955 74 99 77 36
rect:620 355 112 109 26
rect:217 271 69 285 32
Bingol2003_03.jpg 0x0
rect:90 54 154 143 33
rect:788 -10 298 234 4
rect:536 226 161 61 11
rect:597 196 195 411 4
rect:101 26 123 26 2
rect:247 163 437 217 2
rect:621 513 248 279 2
Bingol2003_04.jpg 0x0
rect:98 544 25 59 3
rect:136 803 33 77 3
rect:348 288 134 161 4
rect:317 315 52 102 3
rect:280 451 127 82 2
rect:53 417 65 89 2
rect:164 566 218 195 2
rect:233 381 30 75 3
CanterburyNZSeries2010_01.jpg 0x0
rect:113 108 157 335 12
CanterburyNZSeries2010_02.jpg 0x0
rect:38 45 142 218 6
rect:53 7 163 342 37
CanterburyNZSeries2010_03.jpg 0x0
rect:48 89 282 179 38
CanterburyNZSeries2010_04.jpg 0x0
rect:267 405 17 76 40
rect:397 379 24 35 40
rect:252 307 272 337 39
rect:235 10 67 145 42
rect:153 457 76 302 41
rect:224 334 29 178 40
rect:489 427 58 156 40
rect:344 428 24 96 40
CanterburyNZSeries2010_05.jpg 0x0
rect:322 473 257 406 4
rect:213 249 170 99 15
CanterburyNZSeries2010_06.jpg 0x0
rect:189 168 247 113 2
rect:79 145 829 521 4
CanterburyNZSeries2010_08.jpg 0x0
rect:454 109 207 255 43
rect:616 562 31 171 32
rect:764 489 97 133 44
rect:712 445 84 176 44
CanterburyNZSeries2010_09.jpg 0x0
rect:290 301 145 331 39
rect:162 114 239 229 45
CanterburyNZSeries2010_10.jpg 0x0
rect:225 384 183 89 6
rect:192 227 409 244 6
rect:315 130 286 101 7
rect:244 353 265 53 46
CanterburyNZSeries2010_11.jpg 0x0
rect:325 153 367 108 7
rect:256 424 345 229 5
CanterburyNZSeries2010_12.jpg 0x0
rect:6 232 1197 363 47
rect:558 518 163 68 11
rect:129 352 134 48 11
rect:58 328 750 325 2
CanterburyNZSeries2010_13.jpg 0x0
rect:456 119 76 320 11
rect:133 17 390 587 12
Caracas1967_01.jpg 0x0
rect:385 231 54 65 48
rect:491 57 161 200 48
rect:383 210 13 78 48
rect:357 186 81 126 48
Caracas1967_02.jpg 0x0
rect:174 1 125 137 15
rect:152 139 272 270 51
rect:173 298 52 48 50
rect:128 494 33 59 49
Caracas1967_03.jpg 0x0
rect:16 430 182 126 6
rect:223 463 31 49 27
rect:244 72 64 124 14
rect:385 406 68 62 26
rect:325 408 38 101 27
rect:259 412 129 119 34
Caracas1967_04.jpg 0x0
rect:136 435 26 75 27
rect:121 256 46 117 26
rect:155 347 193 154 34
Caracas1967_05.jpg 0x0
rect:138 252 36 227 40
rect:360 235 41 138 40
rect:36 159 428 442 41
rect:175 318 148 172 52
rect:233 251 54 228 40
rect:35 82 267 676 48
rect:398 194 32 293 40
rect:280 179 53 236 40
rect:93 403 259 229 52
rect:72 233 58 306 40
Caracas1967_06.jpg 0x0
rect:254 202 88 60 6
rect:451 83 386 162 7
Caracas1967_07.jpg 0x0
rect:543 278 169 313 34
rect:292 10 75 285 34
rect:245 175 37 239 27
rect:566 281 128 56 53
rect:212 161 121 201 34
rect:560 381 75 113 53
rect:532 61 30 296 27
Caracas1967_08.jpg 0x0
rect:382 200 81 95 54
rect:230 315 79 90 55
rect:221 272 85 133 54
Caracas1967_09.jpg 0x0
rect:459 15 290 172 48
rect:106 211 78 58 48
rect:136 215 86 111 48
rect:34 307 64 67 48
Caracas1967_10.jpg 0x0
rect:367 189 100 168 40
rect:13 174 336 417 48
rect:55 254 344 329 41
rect:407 348 64 196 40
Caracas1967_11.jpg 0x0
rect:66 11 291 872 48
rect:252 15 215 207 41
rect:68 292 293 611 41
Caracas1967_12.jpg 0x0
rect:693 352 27 56 32
rect:455 234 44 37 34
rect:230 277 35 61 56
rect:882 308 23 67 32
Caracas1967_13.jpg 0x0
rect:176 510 99 315 55
Caracas1967_14.jpg 0x0
rect:103 270 364 33 6
rect:127 165 749 193 57
Chichi1999_01.jpg 0x0
rect:4 9 609 213 58
rect:414 162 48 266 42
Chichi1999_02.jpg 0x0
rect:6 102 410 215 58
rect:385 122 169 417 59
Chichi1999_03.jpg 0x0
rect:66 213 78 89 60
rect:0 203 760 149 58
Chichi1999_04.jpg 0x0
rect:207 191 82 247 48
rect:215 -19 53 147 48
rect:255 227 33 63 52
Chichi1999_05.jpg 0x0
rect:297 114 98 288 48
rect:266 108 53 49 41
rect:491 345 29 36 41
rect:342 183 49 75 52
Chichi1999_06.jpg 0x0
rect:581 209 44 47 41
rect:265 104 54 84 62
rect:341 288 21 23 52
rect:690 -11 99 83 61
rect:252 202 56 117 48
rect:210 20 541 190 10
Chichi1999_07.jpg 0x0
rect:340 211 23 32 64
rect:696 341 22 22 64
rect:51 235 489 163 63
rect:716 172 46 94 48
rect:197 147 25 55 64
rect:497 279 44 102 48
rect:150 239 49 148 48
Chichi1999_08.jpg 0x0
rect:124 15 582 398 10
Chichi1999_09.jpg 0x0
rect:277 75 218 167 48
rect:260 99 43 83 40
rect:296 89 36 66 40
rect:184 125 167 90 41
Chichi1999_10.jpg 0x0
rect:221 19 423 520 10
Chichi1999_11.jpg 0x0
rect:180 211 72 111 65
rect:2 159 220 356 10
Chichi1999_12.jpg 0x0
rect:10 32 413 802 66
Chichi1999_13.jpg 0x0
rect:34 49 562 515 10
Chichi1999_14.jpg 0x0
rect:207 488 39 54 67
rect:363 574 42 39 67
rect:99 366 46 55 67
rect:132 175 36 47 67
rect:241 394 47 43 39
rect:145 260 49 73 67
rect:69 516 56 45 67
rect:302 485 22 31 39
rect:194 324 31 61 67
rect:120 228 80 40 67
rect:125 605 28 50 67
rect:279 278 28 29 39
rect:150 435 21 42 67
rect:407 664 54 56 67
rect:72 487 30 33 67
rect:179 539 25 42 39
rect:265 204 21 39 67
Chichi1999_15.jpg 0x0
rect:313 22 191 499 41
Chichi1999_16.jpg 0x0
rect:133 98 58 134 32
Chichi1999_17.jpg 0x0
rect:93 303 25 52 32
Chichi1999_18.jpg 0x0
rect:225 185 120 331 68
rect:233 162 46 82 69
rect:329 272 22 134 69
rect:279 295 39 158 69
rect:182 265 38 101 70
rect:131 290 23 138 69
Chichi1999_19.jpg 0x0
rect:228 26 319 427 2
rect:270 90 227 308 3
YogyakartaInd2006_03.jpg 0x0
rect:292 288 265 39 15
rect:462 80 151 53 15
rect:160 227 276 114 71
rect:318 22 107 2 15
rect:209 557 48 37 16
rect:500 60 71 51 16
rect:207 158 23 7 16
rect:184 162 84 39 15
Chichi1999_20.jpg 0x0
rect:220 476 63 202 41
rect:198 168 94 420 42
Chichi1999_21.jpg 0x0
rect:247 78 228 317 72
rect:23 3 276 112 30
rect:59 491 215 100 5
rect:292 136 209 101 6
rect:236 298 203 126 37
rect:294 6 118 145 57
rect:244 249 94 143 6
rect:357 30 301 173 37
Chichi1999_22.jpg 0x0
rect:250 170 364 142 10
rect:360 253 20 25 73
rect:332 225 13 16 73
rect:250 296 12 24 73
Chichi1999_23.jpg 0x0
rect:144 317 36 100 73
rect:158 198 30 25 34
rect:339 355 62 102 73
rect:95 125 42 46 73
rect:207 235 49 50 73
rect:134 349 30 71 34
rect:210 335 29 59 34
rect:228 127 29 31 26
rect:201 180 39 27 27
rect:4 67 515 192 74
Chichi1999_24.jpg 0x0
rect:212 215 104 107 75
rect:287 368 1 2 46
rect:213 197 35 48 46
rect:239 184 49 46 34
rect:3 457 295 246 74
Chichi1999_25.jpg 0x0
rect:177 217 128 164 34
rect:139 278 165 330 73
rect:205 334 35 91 26
Chichi1999_26.jpg 0x0
rect:128 482 72 65 26
rect:310 20 59 26 73
rect:126 575 86 146 27
rect:162 184 62 112 73
rect:183 187 96 458 76
rect:144 634 177 180 73
Chichi1999_27.jpg 0x0
rect:137 215 94 312 32
Chichi1999_28.jpg 0x0
rect:257 252 271 135 77
rect:168 124 118 179 5
rect:323 151 194 219 75
rect:15 67 353 127 6
Chichi1999_29.jpg 0x0
rect:183 217 79 205 52
rect:189 152 138 163 40
rect:185 272 189 352 48
Chichi1999_30.jpg 0x0
rect:165 147 132 64 52
rect:235 83 326 230 40
rect:36 243 82 205 73
rect:205 184 190 68 78
Chichi1999_31.jpg 0x0
rect:119 65 94 286 79
rect:689 140 54 159 48
Chichi1999_32.jpg 0x0
rect:158 10 97 375 80
rect:175 49 34 190 81
rect:422 100 43 228 39
rect:120 251 27 156 81
Chichi1999_33.jpg 0x0
rect:310 125 39 130 49
rect:162 123 48 88 49
rect:136 88 98 244 32
rect:252 70 114 203 32
rect:267 108 115 164 56
rect:59 66 149 319 33
Chichi1999_34.jpg 0x0
rect:111 125 308 259 10
Duzce1999_01.jpg 0x0
rect:126 72 92 339 39
rect:154 123 118 148 41
Duzce1999_02.jpg 0x0
rect:83 49 158 461 41
Duzce1999_03.jpg 0x0
rect:128 118 112 254 42
rect:247 139 96 371 31
rect:0 165 85 304 31
Gediz1970_01.jpg 0x0
rect:163 303 107 259 69
rect:159 410 94 216 69
rect:99 80 258 462 68
Guatemala1976_01.jpg 0x0
rect:61 188 66 37 52
rect:27 142 745 151 82
rect:577 217 84 87 41
rect:66 122 51 45 41
rect:54 125 106 85 48
rect:473 186 120 96 48
Guatemala1976_02.jpg 0x0
rect:298 54 97 95 40
rect:196 57 362 292 48
Guatemala1976_03.jpg 0x0
rect:17 60 793 371 75
Guatemala1976_04.jpg 0x0
rect:366 221 125 298 4
rect:802 233 108 413 4
rect:173 19 316 63 30
rect:39 76 575 247 30
Guatemala1976_05.jpg 0x0
rect:251 117 329 169 41
rect:120 71 397 378 48
rect:221 155 251 183 40
Guatemala1976_06.jpg 0x0
rect:114 100 251 443 39
Guatemala1976_07.jpg 0x0
rect:253 607 110 99 83
rect:25 262 58 72 6
rect:28 196 590 302 10
Guatemala1976_08.jpg 0x0
rect:451 78 122 336 40
rect:139 54 260 390 41
rect:204 31 400 368 48
Guatemala1976_09.jpg 0x0
rect:574 391 40 56 84
rect:249 253 65 38 85
rect:127 200 46 53 85
rect:612 349 54 54 85
rect:248 338 38 29 84
rect:89 252 44 29 85
rect:103 215 30 27 84
rect:340 278 50 48 84
Guatemala1976_10.jpg 0x0
rect:356 279 28 137 87
rect:139 138 193 163 87
rect:274 170 304 276 86
Guatemala1976_11.jpg 0x0
rect:143 307 163 181 34
GujaratIndia2001_01.jpg 0x0
rect:60 608 53 26 2
rect:42 360 157 167 4
rect:282 433 44 50 11
rect:137 572 285 111 2
Haiti2010_01.jpg 0x0
rect:181 34 111 105 7
rect:461 280 74 115 4
rect:352 189 21 167 40
rect:559 380 200 156 4
rect:364 132 197 315 41
Haiti2010_02.jpg 0x0
rect:52 122 356 259 88
rect:224 25 223 62 14
Haiti2010_03.jpg 0x0
rect:181 504 281 167 89
rect:252 494 175 220 32
rect:338 1 68 692 32
rect:279 389 77 73 49
Haiti2010_04.jpg 0x0
rect:2 197 250 187 6
rect:213 411 261 678 41
rect:234 51 226 214 34
Haiti2010_05.jpg 0x0
rect:347 270 32 109 40
rect:405 241 29 96 40
rect:245 197 327 623 90
rect:196 297 154 132 52
Haiti2010_06.jpg 0x0
rect:478 279 60 225 32
rect:619 126 537 549 91
rect:400 196 243 510 33
rect:249 211 40 45 34
rect:194 237 278 394 91
rect:451 193 72 96 34
rect:508 139 59 33 6
ImperialValley1979_01.jpg 0x0
rect:443 334 48 29 32
rect:350 311 42 19 49
rect:11 229 182 169 32
rect:556 251 38 34 32
rect:471 406 21 20 49
rect:290 379 62 40 32
rect:382 332 28 50 50
rect:512 397 33 18 49
rect:12 363 70 88 49
rect:64 335 82 84 50
rect:246 400 35 46 50
ImperialValley1979_02.jpg 0x0
rect:312 119 53 136 50
rect:204 87 67 238 50
rect:146 158 397 72 92
rect:226 60 160 317 32
rect:423 116 87 208 50
rect:289 213 116 39 49
ImperialValley1979_03.jpg 0x0
rect:264 357 71 169 50
rect:138 385 287 164 32
rect:130 244 118 161 50
rect:138 404 351 51 92
rect:228 228 89 178 50
rect:82 246 352 40 92
rect:155 249 188 108 32
Izmit1999_01.jpg 0x0
rect:273 223 29 121 27
rect:354 286 61 68 26
rect:195 140 47 116 27
rect:208 76 281 376 34
rect:271 93 62 173 27
Izmit1999_02.jpg 0x0
rect:25 129 681 185 10
Izmit1999_03.jpg 0x0
rect:280 48 344 280 32
rect:120 228 274 37 92
rect:176 87 66 269 50
rect:614 80 56 337 50
rect:234 173 31 133 50
rect:376 83 40 283 50
rect:190 40 314 497 93
rect:431 108 42 162 50
Izmit1999_04.jpg 0x0
rect:175 334 154 84 88
rect:412 87 61 79 41
rect:56 573 35 94 42
rect:359 323 29 68 40
rect:59 435 47 48 34
rect:111 570 261 169 88
rect:483 343 15 51 40
rect:79 361 63 71 41
rect:285 77 68 120 48
rect:261 420 111 78 41
Izmit1999_05.jpg 0x0
rect:101 24 612 401 10
Izmit1999_06.jpg 0x0
rect:182 343 172 72 49
rect:356 263 55 193 50
rect:115 235 56 161 50
rect:293 339 37 191 50
rect:138 166 68 224 50
rect:169 143 182 507 32
Izmit1999_07.jpg 0x0
rect:306 60 93 34 6
rect:153 310 53 92 3
rect:290 136 69 86 3
rect:362 226 26 134 3
rect:410 206 89 304 4
rect:227 151 65 131 3
rect:16 84 311 723 2
Izmit1999_08.jpg 0x0
rect:111 29 80 136 34
rect:147 219 156 76 88
rect:145 502 101 94 45
rect:498 80 42 30 52
rect:431 5 85 51 45
rect:534 106 81 93 41
rect:155 139 98 80 41
Izmit1999_09.jpg 0x0
rect:301 215 57 32 41
rect:62 200 50 38 41
rect:421 186 95 77 41
rect:622 207 54 82 41
rect:365 187 112 101 94
rect:796 196 50 102 94
Izmit1999_10.jpg 0x0
rect:59 261 481 47 78
rect:324 405 73 124 40
rect:330 661 103 34 78
rect:150 223 64 231 40
rect:77 336 337 87 78
rect:295 112 94 122 40
rect:244 276 136 34 78
rect:58 196 68 251 40
rect:264 208 53 181 40
rect:248 307 47 97 40
rect:113 113 401 421 41
Izmit1999_11.jpg 0x0
rect:312 298 98 131 40
rect:129 219 52 123 40
rect:169 194 173 193 41
rect:203 323 124 118 41
rect:248 248 62 172 40
Izmit1999_12.jpg 0x0
rect:251 92 50 74 45
rect:12 88 49 20 6
rect:69 208 61 75 52
rect:391 266 60 58 41
rect:283 242 91 162 41
rect:351 168 58 55 7
rect:451 79 36 73 41
rect:295 391 76 121 52
rect:207 196 81 68 88
rect:581 21 100 73 34
rect:118 86 38 28 6
rect:1 237 29 37 41
rect:329 132 42 32 6
rect:52 236 75 91 94
rect:66 320 27 43 40
rect:390 131 246 159 91
rect:450 158 37 111 42
rect:283 316 95 99 94
Izmit1999_13.jpg 0x0
rect:310 70 89 79 41
rect:113 359 82 73 52
rect:286 204 115 303 41
rect:112 202 29 101 41
rect:163 309 144 136 94
rect:260 72 219 343 48
rect:6 103 106 193 42
rect:113 156 74 51 6
rect:264 227 42 69 41
Izmit1999_14.jpg 0x0
rect:310 337 34 19 34
rect:561 318 80 35 34
rect:417 7 113 63 35
rect:391 36 60 69 95
rect:358 137 88 70 35
rect:200 318 50 33 34
rect:331 94 88 61 34
rect:47 204 122 62 34
rect:532 424 67 33 34
Izmit1999_15.jpg 0x0
rect:154 129 254 413 42
Izmit1999_16.jpg 0x0
rect:208 129 28 117 40
rect:113 132 172 114 41
rect:64 71 283 445 33
rect:160 84 179 253 39
Izmit1999_17.jpg 0x0
rect:84 141 161 227 41
Izmit1999_18.jpg 0x0
rect:147 156 90 190 41
rect:233 163 105 246 39
Izmit1999_19.jpg 0x0
rect:200 106 267 281 96
rect:396 123 29 81 50
rect:281 100 270 273 32
rect:367 111 24 75 50
Kobe1995_01.jpg 0x0
rect:26 168 617 156 63
Kobe1995_02.jpg 0x0
rect:2 43 436 430 68
Kobe1995_03.jpg 0x0
rect:35 69 579 574 10
Kobe1995_04.jpg 0x0
rect:320 331 41 42 41
Kobe1995_05.jpg 0x0
rect:109 400 371 157 78
rect:47 295 570 87 78
rect:3 210 98 379 40
rect:128 123 162 571 52
rect:266 145 190 355 40
Kobe1995_06.jpg 0x0
rect:65 139 442 611 41
rect:124 473 211 362 42
Kobe1995_07.jpg 0x0
rect:375 447 48 52 39
rect:555 145 45 41 39
rect:109 247 28 21 39
rect:33 392 46 21 39
rect:160 178 32 35 39
rect:259 357 36 20 39
rect:119 498 37 51 39
rect:139 261 52 38 39
rect:190 318 27 25 39
rect:500 238 49 44 39
rect:387 179 23 61 39
rect:56 332 44 35 39
rect:161 155 37 44 39
rect:193 240 35 35 39
rect:520 373 43 43 39
rect:392 119 51 41 39
rect:448 434 23 33 39
rect:313 225 33 45 39
rect:246 150 31 39 39
rect:264 281 35 55 39
rect:99 283 27 56 39
rect:304 299 26 31 39
rect:282 533 44 30 39
rect:350 261 35 52 39
rect:567 268 46 33 39
rect:246 455 22 30 39
Kobe1995_08.jpg 0x0
rect:371 69 487 156 97
Kobe1995_09.jpg 0x0
rect:100 692 53 57 88
rect:71 438 58 45 88
rect:117 485 87 99 88
rect:152 444 242 60 97
SanSalvador_1986_01.jpg 0x0
rect:51 3 120 205 68
rect:172 152 99 172 41
SanSalvador_1986_02.jpg 0x0
rect:658 174 29 50 41
rect:543 142 47 37 42
rect:661 238 41 45 41
rect:380 208 23 32 41
rect:217 205 29 33 41
rect:153 225 31 45 41
rect:271 243 47 34 41
rect:274 145 17 35 41
rect:139 137 25 34 41
SikkimIndia2001_01.jpg 0x0
rect:216 171 123 113 34
SikkimIndia2001_02.jpg 0x0
rect:8 6 351 56 16
rect:9 182 50 54 54
rect:307 93 136 179 33
rect:-11 2 297 91 33
rect:451 261 95 13 16
rect:131 64 207 307 33
rect:574 110 83 27 16
rect:329 227 104 55 16
SikkimIndia2001_03.jpg 0x0
rect:188 14 193 422 98
rect:178 215 68 145 70
rect:247 98 74 200 69
SikkimIndia2001_04.jpg 0x0
rect:3 41 217 258 99
rect:413 166 299 136 99
rect:257 116 141 211 34
SumatraInd2009_01.jpg 0x0
rect:198 26 80 327 81
SumatraInd2009_02.jpg 0x0
rect:214 95 185 157 41
WhittierNarrows1987_01.jpg 0x0
rect:14 25 746 288 10
WhittierNarrows1987_02.jpg 0x0
rect:215 296 104 267 41
WhittierNarrows1987_03.jpg 0x0
rect:330 90 189 204 32
WhittierNarrows1987_04.jpg 0x0
rect:216 14 310 141 100
rect:167 6 347 57 6
rect:283 43 120 223 41
YogyakartaInd2006_01.jpg 0x0
rect:282 130 353 88 49
rect:182 -21 348 579 29
rect:283 49 306 204 32
YogyakartaInd2006_02.jpg 0x0
rect:439 64 141 564 98
rect:445 83 70 246 69
rect:254 70 71 167 70
