Anchorage1964_01.jpg 0x0
rect:120 7 174 194 1
rect:58 394 311 164 1
Anchorage1964_02.jpg 0x0
rect:494 137 73 70 4
rect:432 327 15 58 3
rect:200 308 21 65 3
rect:289 357 32 54 3
rect:91 245 69 12 6
rect:609 312 15 54 3
rect:93 48 60 17 6
rect:107 186 18 22 6
rect:574 57 126 129 8
rect:466 310 24 45 3
rect:286 75 90 69 4
rect:325 280 27 38 3
rect:27 222 184 47 5
rect:437 279 26 46 3
rect:224 291 427 91 2
rect:150 194 68 39 7
rect:47 27 164 31 5
rect:347 272 31 60 3
rect:267 43 226 106 4
Anchorage1964_03.jpg 0x0
rect:2 290 264 104 9
rect:243 98 426 189 9
rect:0 367 699 89 10
Anchorage1964_04.jpg 0x0
rect:306 78 36 19 5
rect:399 176 33 16 5
rect:344 178 16 28 1
rect:232 424 9 1 1
rect:127 133 28 24 5
rect:342 309 27 25 5
rect:406 103 22 23 5
rect:290 143 21 24 1
rect:208 197 28 17 5
rect:306 277 24 19 5
rect:211 298 34 19 5
rect:323 167 36 15 5
rect:159 76 34 16 5
rect:335 162 29 20 5
rect:293 30 34 17 5
rect:283 361 28 18 5
rect:411 550 39 18 5
rect:337 123 24 28 1
rect:174 23 28 15 5
rect:255 387 17 22 1
rect:193 232 18 28 1
rect:195 395 14 20 1
rect:139 449 32 16 5
rect:159 126 29 26 5
rect:141 253 32 13 5
rect:184 360 35 21 5
rect:294 241 16 23 1
rect:158 602 56 13 2
rect:191 437 41 20 5
rect:286 461 17 35 1
rect:454 453 39 20 5
rect:327 186 33 21 5
rect:259 260 20 19 8
rect:322 137 14 28 1
rect:209 371 10 27 1
rect:209 128 41 19 5
rect:214 420 22 37 1
rect:184 90 39 14 5
rect:311 231 24 16 5
Anchorage1964_05.jpg 0x0
rect:141 112 137 23 5
rect:258 214 99 71 2
rect:127 27 21 40 1
rect:40 394 20 52 1
rect:437 466 51 55 8
rect:486 103 51 47 1
rect:91 233 23 57 1
rect:482 1 54 64 1
rect:700 325 43 26 5
rect:63 160 20 46 1
rect:333 149 46 22 11
rect:560 168 42 76 1
rect:166 166 154 50 6
rect:376 370 58 68 1
rect:244 231 27 19 11
rect:193 53 89 40 5
rect:68 99 16 66 1
rect:58 53 27 52 1
rect:100 244 16 40 1
rect:467 81 42 79 1
rect:561 25 28 70 1
rect:582 255 38 14 6
rect:557 200 81 31 5
rect:528 273 48 74 8
rect:714 315 39 23 6
rect:28 360 30 50 1
rect:650 249 35 82 1
rect:171 50 136 56 6
rect:73 182 14 37 1
Anchorage1964_06.jpg 0x0
rect:89 98 171 435 12
rect:183 128 73 371 3
rect:160 201 68 70 11
Anchorage1964_07.jpg 0x0
rect:285 201 52 139 13
rect:7 379 270 42 14
rect:449 187 92 104 11
rect:380 139 48 123 3
rect:232 2 88 76 2
rect:17 236 331 32 11
rect:297 114 121 151 11
rect:9 78 828 517 2
rect:265 214 445 265 2
Anchorage1964_08.jpg 0x0
rect:63 53 155 150 1
rect:244 289 106 103 1
rect:395 406 139 101 1
rect:51 483 108 129 1
rect:65 267 96 110 1
rect:224 36 95 142 1
Anchorage1964_09.jpg 0x0
rect:553 24 57 81 8
rect:404 6 326 15 15
rect:68 121 41 10 16
rect:634 100 104 13 15
rect:705 280 59 94 8
rect:124 203 67 61 8
rect:190 155 309 10 15
rect:13 140 25 11 16
rect:279 196 89 53 1
rect:16 131 95 20 15
rect:14 17 63 14 16
rect:344 96 105 26 15
rect:393 192 82 50 1
rect:119 34 87 57 8
rect:589 226 1 1 16
rect:602 109 98 53 1
rect:70 169 81 79 1
rect:815 8 122 9 16
rect:14 14 331 17 15
Anchorage1964_10.jpg 0x0
rect:65 165 366 363 1
rect:200 236 280 72 18
rect:62 428 395 90 18
rect:141 331 126 126 17
Anchorage1964_11.jpg 0x0
rect:281 141 433 17 15
rect:691 6 117 40 1
rect:131 153 390 57 2
rect:618 154 118 75 1
rect:80 294 562 24 14
rect:91 612 644 17 14
rect:106 50 219 103 4
rect:334 223 219 29 11
Anchorage1964_12.jpg 0x0
rect:395 109 60 154 3
rect:365 109 41 215 3
rect:240 134 37 80 3
rect:369 87 154 213 11
rect:11 86 719 315 2
Anchorage1964_13.jpg 0x0
rect:310 580 122 10 19
rect:275 597 233 20 2
rect:378 467 26 112 20
Anchorage1964_14.jpg 0x0
rect:379 12 79 204 11
rect:380 190 156 60 15
rect:357 6 74 131 11
rect:243 264 72 91 21
rect:263 568 208 88 23
rect:47 725 66 92 22
rect:239 11 81 516 20
rect:10 478 263 100 11
rect:84 781 43 86 22
rect:217 565 32 56 22
rect:18 591 30 55 22
rect:76 265 161 29 15
Anchorage1964_15.jpg 0x0
rect:250 151 58 115 25
rect:286 325 180 46 2
rect:433 339 75 41 24
rect:233 174 45 64 11
rect:346 11 120 67 4
rect:344 8 100 68 4
rect:160 65 86 340 20
rect:407 237 160 33 11
rect:239 237 116 52 15
Anchorage1964_16.jpg 0x0
rect:13 263 71 64 2
rect:113 262 102 82 11
rect:221 105 254 112 2
rect:17 136 235 232 2
rect:532 245 140 239 2
rect:160 218 200 230 11
Anchorage1964_17.jpg 0x0
rect:15 119 281 92 9
rect:320 51 205 266 9
rect:9 167 529 174 10
Anchorage1964_18.jpg 0x0
rect:443 155 124 94 4
rect:341 234 43 49 11
rect:421 286 76 21 2
rect:156 211 72 84 4
rect:402 206 84 81 4
rect:159 231 18 55 11
rect:496 406 27 25 2
rect:133 367 54 42 11
rect:451 326 64 17 2
rect:370 219 365 20 15
Anchorage1964_19.jpg 0x0
rect:402 131 40 64 29
rect:577 302 35 24 28
rect:564 247 18 27 26
rect:361 97 50 48 26
rect:380 107 28 31 26
rect:390 231 10 31 26
rect:340 356 36 56 26
rect:242 115 33 28 27
rect:908 165 10 11 26
rect:344 276 21 51 26
rect:531 174 6 16 26
rect:7 170 82 154 26
rect:35 335 36 94 27
rect:614 142 47 25 28
rect:789 136 8 7 26
rect:447 140 29 62 29
rect:396 171 17 48 26
rect:388 100 66 128 29
Anchorage1964_20.jpg 0x0
rect:266 86 63 35 27
rect:189 85 107 115 29
rect:237 98 79 48 26
rect:228 330 71 102 26
rect:465 399 36 81 26
Anchorage1964_21.jpg 0x0
rect:2 79 53 33 26
rect:-7 73 89 199 29
rect:37 360 32 31 26
rect:190 136 761 164 30
Bingol2003_01.jpg 0x0
rect:641 98 100 93 6
rect:768 335 85 57 6
rect:462 153 88 87 6
rect:442 318 108 104 6
rect:642 252 64 121 34
rect:443 517 120 70 6
rect:485 310 41 182 32
rect:141 286 55 61 33
rect:426 261 41 68 34
rect:676 70 149 269 31
rect:614 247 36 61 6
rect:2 343 1038 281 10
rect:526 193 81 61 33
rect:37 181 75 51 33
rect:298 93 65 28 6
rect:861 360 95 47 33
rect:294 242 53 51 33
rect:419 368 160 131 31
rect:703 247 74 76 33
Bingol2003_02.jpg 0x0
rect:881 85 169 105 36
rect:105 347 196 191 32
rect:477 261 113 58 6
rect:128 128 319 165 34
rect:506 295 86 81 26
rect:540 186 495 119 35
rect:228 238 113 475 32
rect:338 304 530 521 31
Bingol2003_03.jpg 0x0
rect:879 256 256 791 4
rect:238 161 282 122 2
rect:552 -9 317 195 4
rect:670 357 206 285 2
rect:68 26 213 46 2
rect:149 48 107 83 33
rect:496 176 267 64 11
Bingol2003_04.jpg 0x0
rect:228 499 26 80 3
rect:389 459 156 82 2
rect:175 527 41 83 3
rect:228 326 188 151 4
rect:64 767 87 110 2
rect:59 722 19 76 3
rect:153 472 226 213 2
rect:157 762 28 71 3
CanterburyNZSeries2010_01.jpg 0x0
rect:123 141 124 353 12
CanterburyNZSeries2010_02.jpg 0x0
rect:38 9 214 317 37
rect:65 64 213 298 6
CanterburyNZSeries2010_03.jpg 0x0
rect:35 96 293 110 38
CanterburyNZSeries2010_04.jpg 0x0
rect:205 444 25 57 40
rect:275 353 237 299 39
rect:174 564 94 280 41
rect:332 516 19 53 40
rect:236 369 26 39 40
rect:225 401 25 196 40
rect:184 8 74 232 42
rect:418 307 43 159 40
CanterburyNZSeries2010_05.jpg 0x0
rect:301 245 127 144 15
rect:345 253 190 416 4
CanterburyNZSeries2010_06.jpg 0x0
rect:48 144 950 708 4
rect:250 236 201 86 2
CanterburyNZSeries2010_08.jpg 0x0
rect:1068 387 82 132 44
rect:467 177 136 185 43
rect:778 574 31 143 32
rect:898 344 105 123 44
CanterburyNZSeries2010_09.jpg 0x0
rect:214 119 184 222 45
rect:226 368 182 339 39
CanterburyNZSeries2010_10.jpg 0x0
rect:241 521 294 149 6
rect:366 246 199 93 46
rect:202 216 416 218 6
rect:257 174 228 127 7
CanterburyNZSeries2010_11.jpg 0x0
rect:421 232 337 232 5
rect:356 199 376 101 7
CanterburyNZSeries2010_12.jpg 0x0
rect:668 605 187 86 11
rect:57 350 820 372 2
rect:5 242 1073 411 47
rect:211 597 185 44 11
CanterburyNZSeries2010_13.jpg 0x0
rect:416 150 136 514 11
rect:170 13 294 983 12
Caracas1967_01.jpg 0x0
rect:209 237 12 58 48
rect:324 129 91 83 48
rect:591 73 223 255 48
rect:261 208 46 105 48
Caracas1967_02.jpg 0x0
rect:142 292 32 76 49
rect:185 261 191 334 51
rect:136 390 47 33 50
rect:329 1 149 173 15
Caracas1967_03.jpg 0x0
rect:212 390 40 80 27
rect:195 84 74 108 14
rect:255 403 78 57 26
rect:294 431 106 212 34
rect:416 397 35 122 27
rect:12 300 224 122 6
Caracas1967_04.jpg 0x0
rect:179 406 59 130 26
rect:145 316 21 86 27
rect:115 221 169 134 34
Caracas1967_05.jpg 0x0
rect:34 162 248 495 41
rect:356 231 58 188 40
rect:176 348 44 290 40
rect:41 66 354 422 48
rect:57 422 309 210 52
rect:236 183 189 136 52
rect:311 208 43 261 40
rect:300 224 60 198 40
rect:72 440 47 323 40
rect:244 268 59 246 40
Caracas1967_06.jpg 0x0
rect:436 340 73 59 6
rect:333 107 207 210 7
Caracas1967_07.jpg 0x0
rect:566 275 179 345 34
rect:390 400 118 97 53
rect:451 9 75 332 34
rect:230 180 39 263 27
rect:363 282 78 96 53
rect:231 163 135 214 34
rect:300 40 24 269 27
Caracas1967_08.jpg 0x0
rect:194 292 86 127 54
rect:245 335 64 76 55
rect:511 255 70 112 54
Caracas1967_09.jpg 0x0
rect:97 143 73 76 48
rect:379 9 258 212 48
rect:28 215 56 45 48
rect:150 138 85 103 48
Caracas1967_10.jpg 0x0
rect:518 229 91 134 40
rect:14 146 325 561 48
rect:55 218 326 402 41
rect:222 245 68 134 40
Caracas1967_11.jpg 0x0
rect:51 175 229 643 41
rect:302 18 195 249 41
rect:51 15 446 963 48
Caracas1967_12.jpg 0x0
rect:209 267 24 58 56
rect:475 335 38 48 34
rect:722 338 17 43 32
rect:754 304 30 62 32
Caracas1967_13.jpg 0x0
rect:150 341 97 232 55
Caracas1967_14.jpg 0x0
rect:110 112 772 231 57
rect:140 217 253 56 6
Chichi1999_01.jpg 0x0
rect:451 132 67 271 42
rect:4 7 903 134 58
Chichi1999_02.jpg 0x0
rect:7 122 462 153 58
rect:415 108 164 410 59
Chichi1999_03.jpg 0x0
rect:66 214 84 78 60
rect:0 203 508 203 58
Chichi1999_04.jpg 0x0
rect:271 -17 70 129 48
rect:234 281 64 375 48
rect:249 220 30 63 52
Chichi1999_05.jpg 0x0
rect:382 221 41 92 52
rect:288 130 58 63 41
rect:306 252 26 30 41
rect:260 101 83 169 48
Chichi1999_06.jpg 0x0
rect:507 -15 60 83 61
rect:436 187 32 74 41
rect:111 14 601 150 10
rect:372 109 55 60 62
rect:279 160 42 81 48
rect:270 296 15 38 52
Chichi1999_07.jpg 0x0
rect:403 229 27 25 64
rect:495 221 12 26 64
rect:71 156 479 188 63
rect:171 215 20 51 64
rect:192 137 39 145 48
rect:388 233 47 142 48
rect:459 208 48 109 48
Chichi1999_08.jpg 0x0
rect:130 12 517 554 10
Chichi1999_09.jpg 0x0
rect:187 79 41 77 40
rect:204 63 167 182 48
rect:265 117 52 60 40
rect:205 103 128 124 41
Chichi1999_10.jpg 0x0
rect:151 21 458 551 10
Chichi1999_11.jpg 0x0
rect:105 261 88 115 65
rect:2 96 235 605 10
Chichi1999_12.jpg 0x0
rect:12 27 322 737 66
Chichi1999_13.jpg 0x0
rect:34 42 781 393 10
Chichi1999_14.jpg 0x0
rect:67 308 44 52 67
rect:150 297 38 82 67
rect:405 543 41 61 67
rect:179 499 34 36 67
rect:197 530 24 43 67
rect:263 443 38 27 39
rect:195 307 40 39 67
rect:55 384 46 58 67
rect:129 279 43 59 67
rect:307 550 18 38 39
rect:175 576 33 45 67
rect:250 235 27 57 39
rect:129 263 32 79 67
rect:178 301 16 43 67
rect:186 212 96 61 67
rect:239 519 90 71 67
rect:342 357 28 26 39
Chichi1999_15.jpg 0x0
rect:195 28 217 381 41
Chichi1999_16.jpg 0x0
rect:172 149 76 116 32
Chichi1999_17.jpg 0x0
rect:133 236 21 41 32
Chichi1999_18.jpg 0x0
rect:166 235 129 581 68
rect:235 285 30 101 69
rect:198 261 32 136 69
rect:194 239 52 141 70
rect:362 237 22 170 69
rect:325 195 33 162 69
Chichi1999_19.jpg 0x0
rect:287 115 195 348 3
rect:182 25 273 407 2
YogyakartaInd2006_03.jpg 0x0
rect:248 186 73 36 15
rect:272 338 254 33 15
rect:231 21 92 2 15
rect:196 317 245 106 71
rect:225 147 19 6 16
rect:388 74 93 48 16
rect:221 300 52 35 16
rect:327 60 149 58 15
Chichi1999_20.jpg 0x0
rect:210 337 45 177 41
rect:195 264 133 454 42
Chichi1999_21.jpg 0x0
rect:21 4 198 107 30
rect:229 244 122 155 6
rect:299 7 151 105 57
rect:66 497 130 133 5
rect:139 371 211 125 37
rect:410 37 242 253 37
rect:144 112 184 230 72
rect:266 150 117 81 6
Chichi1999_22.jpg 0x0
rect:314 217 18 18 73
rect:194 242 19 20 73
rect:274 249 10 25 73
rect:247 198 258 181 10
Chichi1999_23.jpg 0x0
rect:275 218 20 30 26
rect:125 415 40 82 73
rect:343 417 44 74 34
rect:98 162 72 48 73
rect:219 233 42 29 27
rect:3 76 420 143 74
rect:256 280 81 112 73
rect:104 207 22 22 34
rect:150 253 33 91 34
rect:362 211 37 71 73
Chichi1999_24.jpg 0x0
rect:446 367 1 2 46
rect:3 350 372 137 74
rect:217 343 75 66 34
rect:213 210 106 89 75
rect:258 127 45 47 46
Chichi1999_25.jpg 0x0
rect:210 225 38 95 26
rect:157 251 203 239 73
rect:219 231 106 180 34
Chichi1999_26.jpg 0x0
rect:241 15 55 23 73
rect:129 591 162 148 73
rect:191 713 91 58 26
rect:97 513 159 88 27
rect:196 189 122 468 76
rect:193 178 62 134 73
Chichi1999_27.jpg 0x0
rect:181 263 73 371 32
Chichi1999_28.jpg 0x0
rect:228 334 216 120 77
rect:330 131 144 298 75
rect:170 77 185 253 5
rect:20 77 276 151 6
Chichi1999_29.jpg 0x0
rect:209 274 101 136 40
rect:212 330 53 128 52
rect:145 233 152 327 48
Chichi1999_30.jpg 0x0
rect:277 98 254 73 52
rect:33 358 134 115 73
rect:186 225 165 59 78
rect:144 117 197 332 40
Chichi1999_31.jpg 0x0
rect:164 72 156 313 79
rect:485 120 33 169 48
Chichi1999_32.jpg 0x0
rect:227 281 32 170 81
rect:133 62 46 177 81
rect:189 6 93 422 80
rect:499 154 56 150 39
Chichi1999_33.jpg 0x0
rect:151 174 36 111 49
rect:267 72 147 271 32
rect:314 178 51 80 49
rect:263 72 106 187 56
rect:149 148 108 297 32
rect:76 84 117 368 33
Chichi1999_34.jpg 0x0
rect:147 123 356 387 10
Duzce1999_01.jpg 0x0
rect:129 147 94 178 41
rect:174 76 132 410 39
Duzce1999_02.jpg 0x0
rect:102 58 116 408 41
Duzce1999_03.jpg 0x0
rect:0 206 76 162 31
rect:204 121 69 195 31
rect:132 79 125 175 42
Gediz1970_01.jpg 0x0
rect:115 85 179 445 68
rect:249 398 58 168 69
rect:118 219 75 237 69
Guatemala1976_01.jpg 0x0
rect:18 135 721 165 82
rect:54 121 119 120 48
rect:55 233 57 52 41
rect:47 271 70 53 52
rect:630 140 107 92 48
rect:487 115 50 98 41
Guatemala1976_02.jpg 0x0
rect:208 51 291 254 48
rect:193 74 96 115 40
Guatemala1976_03.jpg 0x0
rect:17 62 729 252 75
Guatemala1976_04.jpg 0x0
rect:646 164 112 380 4
rect:445 334 81 199 4
rect:169 22 360 64 30
rect:30 54 593 168 30
Guatemala1976_05.jpg 0x0
rect:214 150 291 105 41
rect:185 63 451 252 48
rect:114 120 318 161 40
Guatemala1976_06.jpg 0x0
rect:97 123 247 387 39
Guatemala1976_07.jpg 0x0
rect:18 262 61 48 6
rect:19 243 407 530 10
rect:283 432 123 102 83
Guatemala1976_08.jpg 0x0
rect:416 98 211 335 40
rect:156 29 521 491 48
rect:131 71 410 264 41
Guatemala1976_09.jpg 0x0
rect:107 290 31 33 84
rect:97 342 34 24 85
rect:210 292 46 42 85
rect:717 218 68 53 85
rect:293 289 51 32 85
rect:212 214 40 27 84
rect:568 401 60 75 84
rect:383 330 56 55 84
Guatemala1976_10.jpg 0x0
rect:165 207 215 283 86
rect:187 160 229 150 87
rect:254 290 37 82 87
Guatemala1976_11.jpg 0x0
rect:180 209 153 220 34
GujaratIndia2001_01.jpg 0x0
rect:204 447 290 101 2
rect:339 381 73 41 11
rect:23 412 153 166 4
rect:63 353 75 43 2
Haiti2010_01.jpg 0x0
rect:446 346 256 176 4
rect:203 244 34 171 40
rect:353 178 183 386 41
rect:153 50 118 127 7
rect:654 305 136 116 4
Haiti2010_02.jpg 0x0
rect:61 109 574 143 88
rect:247 40 195 41 14
Haiti2010_03.jpg 0x0
rect:182 618 48 86 49
rect:385 1 58 681 32
rect:231 467 168 248 32
rect:216 546 266 168 89
Haiti2010_04.jpg 0x0
rect:203 407 340 428 41
rect:256 45 236 211 34
rect:2 113 214 109 6
Haiti2010_05.jpg 0x0
rect:304 272 31 77 40
rect:179 225 163 116 52
rect:312 210 313 476 90
rect:324 257 29 70 40
Haiti2010_06.jpg 0x0
rect:409 128 78 77 34
rect:446 301 78 193 32
rect:193 281 230 443 91
rect:511 219 531 588 91
rect:565 183 95 31 6
rect:276 179 136 387 33
rect:215 214 42 43 34
ImperialValley1979_01.jpg 0x0
rect:11 273 139 121 32
rect:351 398 42 44 32
rect:454 370 38 27 32
rect:476 351 34 23 32
rect:56 277 80 109 50
rect:392 258 30 16 49
rect:222 356 35 75 50
rect:14 256 64 55 49
rect:589 366 21 18 49
rect:566 399 24 37 50
rect:343 262 31 28 49
ImperialValley1979_02.jpg 0x0
rect:167 213 311 81 92
rect:231 159 79 180 50
rect:269 279 153 55 49
rect:159 93 226 284 32
rect:328 152 68 214 50
rect:317 199 65 167 50
ImperialValley1979_03.jpg 0x0
rect:424 329 54 219 50
rect:68 279 93 263 50
rect:127 304 342 45 92
rect:173 243 223 143 32
rect:106 395 214 34 92
rect:168 252 228 114 32
rect:238 369 109 137 50
Izmit1999_01.jpg 0x0
rect:396 328 44 56 26
rect:215 119 49 140 27
rect:216 244 38 108 27
rect:309 107 72 145 27
rect:222 98 275 319 34
Izmit1999_02.jpg 0x0
rect:24 130 908 188 10
Izmit1999_03.jpg 0x0
rect:182 111 78 367 50
rect:217 67 248 289 32
rect:339 91 37 226 50
rect:119 266 341 46 92
rect:199 29 336 338 93
rect:295 155 46 180 50
rect:520 93 25 171 50
rect:392 112 35 228 50
Izmit1999_04.jpg 0x0
rect:81 483 46 90 42
rect:445 374 18 67 40
rect:419 398 19 54 40
rect:380 49 97 129 48
rect:115 709 216 144 88
rect:51 403 47 45 34
rect:134 212 120 62 88
rect:62 366 68 80 41
rect:371 414 114 91 41
rect:328 59 66 89 41
Izmit1999_05.jpg 0x0
rect:118 30 801 364 10
Izmit1999_06.jpg 0x0
rect:96 174 241 349 32
rect:113 186 105 267 50
rect:176 198 104 57 49
rect:240 236 44 115 50
rect:84 332 76 212 50
rect:299 180 35 132 50
Izmit1999_07.jpg 0x0
rect:163 236 46 104 3
rect:205 147 63 86 3
rect:377 382 68 376 4
rect:247 178 37 145 3
rect:24 105 291 674 2
rect:345 53 139 40 6
rect:465 153 85 64 3
Izmit1999_08.jpg 0x0
rect:142 112 95 96 41
rect:145 26 63 124 34
rect:600 73 61 30 52
rect:209 187 191 93 88
rect:491 58 97 90 41
rect:172 409 103 110 45
rect:357 5 100 49 45
Izmit1999_09.jpg 0x0
rect:315 171 120 104 94
rect:495 262 60 58 94
rect:690 260 62 56 41
rect:38 154 35 68 41
rect:379 325 74 68 41
rect:313 174 35 30 41
Izmit1999_10.jpg 0x0
rect:36 159 347 42 78
rect:222 626 74 98 40
rect:303 168 118 120 40
rect:64 112 95 213 40
rect:189 374 39 68 40
rect:125 421 326 60 78
rect:309 497 70 22 78
rect:136 284 109 49 78
rect:192 219 44 201 40
rect:144 234 63 233 40
rect:59 118 218 500 41
Izmit1999_11.jpg 0x0
rect:187 163 59 147 40
rect:171 213 134 176 41
rect:155 374 58 119 40
rect:379 360 65 133 40
rect:259 387 117 103 41
Izmit1999_12.jpg 0x0
rect:453 346 76 139 52
rect:607 133 233 270 91
rect:137 157 106 65 88
rect:231 289 101 162 41
rect:1 258 33 31 41
rect:603 266 39 53 41
rect:399 89 46 85 41
rect:81 84 37 28 6
rect:70 206 34 35 40
rect:354 362 81 178 94
rect:389 199 82 46 7
rect:277 218 55 152 42
rect:17 70 37 23 6
rect:333 113 42 66 45
rect:380 211 57 29 6
rect:39 193 75 75 52
rect:383 30 89 73 34
rect:36 188 66 124 94
Izmit1999_13.jpg 0x0
rect:476 187 89 203 41
rect:183 259 49 79 41
rect:127 320 29 79 41
rect:261 75 72 129 41
rect:103 286 132 178 94
rect:123 91 54 50 6
rect:5 69 114 205 42
rect:374 76 142 290 48
rect:203 257 57 68 52
Izmit1999_14.jpg 0x0
rect:509 6 129 67 35
rect:444 102 74 56 34
rect:471 53 43 77 95
rect:421 406 44 24 34
rect:232 469 34 42 34
rect:373 271 61 42 34
rect:322 245 90 40 34
rect:61 202 79 59 34
rect:328 137 109 93 35
Izmit1999_15.jpg 0x0
rect:145 236 323 338 42
Izmit1999_16.jpg 0x0
rect:101 79 331 335 39
rect:236 80 46 110 40
rect:155 131 241 162 41
rect:94 80 359 471 33
Izmit1999_17.jpg 0x0
rect:87 130 223 271 41
Izmit1999_18.jpg 0x0
rect:131 168 188 208 39
rect:173 140 125 185 41
Izmit1999_19.jpg 0x0
rect:310 98 312 390 96
rect:507 144 35 70 50
rect:244 166 317 283 32
rect:370 175 27 73 50
Kobe1995_01.jpg 0x0
rect:24 136 931 129 63
Kobe1995_02.jpg 0x0
rect:2 71 669 774 68
Kobe1995_03.jpg 0x0
rect:47 45 582 520 10
Kobe1995_04.jpg 0x0
rect:438 369 39 53 41
Kobe1995_05.jpg 0x0
rect:74 667 421 155 78
rect:162 187 255 596 52
rect:306 144 183 356 40
rect:4 167 112 626 40
rect:37 304 425 69 78
Kobe1995_06.jpg 0x0
rect:243 410 281 268 42
rect:59 96 445 531 41
Kobe1995_07.jpg 0x0
rect:140 158 40 36 39
rect:417 108 46 39 39
rect:451 559 32 49 39
rect:372 410 36 41 39
rect:93 189 31 48 39
rect:32 459 37 35 39
rect:373 314 38 40 39
rect:355 245 54 49 39
rect:265 295 40 39 39
rect:379 246 26 24 39
rect:351 242 34 55 39
rect:170 471 31 40 39
rect:207 125 31 39 39
rect:146 374 29 27 39
rect:187 161 30 34 39
rect:173 317 46 26 39
rect:147 83 35 38 39
rect:119 198 47 40 39
rect:281 291 32 31 39
rect:52 200 36 49 39
rect:236 427 36 31 39
rect:367 212 49 48 39
rect:408 357 44 43 39
rect:526 112 44 33 39
rect:273 400 61 53 39
rect:104 434 39 30 39
Kobe1995_08.jpg 0x0
rect:298 67 437 145 97
Kobe1995_09.jpg 0x0
rect:102 562 78 99 88
rect:86 633 92 79 88
rect:251 391 188 68 97
rect:99 423 58 78 88
SanSalvador_1986_01.jpg 0x0
rect:300 183 116 159 41
rect:64 3 132 253 68
SanSalvador_1986_02.jpg 0x0
rect:226 227 42 51 41
rect:556 215 47 48 42
rect:234 173 23 27 41
rect:142 189 35 24 41
rect:272 254 29 46 41
rect:608 178 32 43 41
rect:400 138 13 36 41
rect:426 184 43 35 41
rect:129 341 21 41 41
SikkimIndia2001_01.jpg 0x0
rect:228 153 134 146 34
SikkimIndia2001_02.jpg 0x0
rect:233 192 99 30 16
rect:543 134 112 40 16
rect:455 295 85 14 16
rect:349 112 86 156 33
rect:224 83 158 399 33
rect:10 7 221 69 16
rect:9 105 68 59 54
rect:-12 2 499 122 33
SikkimIndia2001_03.jpg 0x0
rect:242 9 151 554 98
rect:315 201 86 218 70
rect:193 101 61 223 69
SikkimIndia2001_04.jpg 0x0
rect:356 145 278 84 99
rect:3 31 307 282 99
rect:318 155 121 153 34
SumatraInd2009_01.jpg 0x0
rect:211 28 66 252 81
SumatraInd2009_02.jpg 0x0
rect:150 92 247 200 41
WhittierNarrows1987_01.jpg 0x0
rect:15 22 615 350 10
WhittierNarrows1987_02.jpg 0x0
rect:124 253 78 352 41
WhittierNarrows1987_03.jpg 0x0
rect:269 162 127 233 32
WhittierNarrows1987_04.jpg 0x0
rect:246 10 335 106 100
rect:245 75 88 231 41
rect:143 6 360 83 6
YogyakartaInd2006_01.jpg 0x0
rect:310 162 215 76 49
rect:232 34 341 250 32
rect:225 -20 361 437 29
YogyakartaInd2006_02.jpg 0x0
rect:439 126 38 236 69
rect:477 92 55 135 70
rect:279 59 186 307 98
