Anchorage1964_01.jpg 0x0
rect:115 7 214 135 1
rect:77 272 290 224 1
Anchorage1964_02.jpg 0x0
rect:555 222 15 66 3
rect:394 271 33 68 3
rect:582 213 22 69 3
rect:227 66 64 83 4
rect:147 235 55 12 6
rect:188 139 75 67 7
rect:395 277 18 45 3
rect:659 80 112 143 8
rect:92 174 25 24 6
rect:28 176 161 33 5
rect:98 30 77 11 6
rect:230 325 378 115 2
rect:38 29 134 55 5
rect:398 200 21 47 3
rect:227 259 20 64 3
rect:205 41 273 78 4
rect:294 221 30 80 3
rect:326 356 20 71 3
rect:494 237 67 65 4
Anchorage1964_03.jpg 0x0
rect:202 118 276 167 9
rect:0 312 630 50 10
rect:2 164 254 83 9
Anchorage1964_04.jpg 0x0
rect:235 372 10 1 1
rect:213 202 38 28 5
rect:187 290 22 30 8
rect:381 389 22 22 5
rect:140 341 25 16 5
rect:326 446 20 31 1
rect:180 99 28 17 5
rect:192 461 26 19 5
rect:313 202 33 25 5
rect:125 220 32 16 5
rect:221 392 12 18 1
rect:220 200 15 18 1
rect:235 110 14 34 1
rect:288 150 29 19 5
rect:211 227 33 15 5
rect:343 100 23 16 5
rect:226 137 21 27 1
rect:338 46 43 18 5
rect:169 163 23 15 5
rect:287 501 24 27 1
rect:363 238 18 27 1
rect:171 222 28 15 5
rect:366 257 23 17 5
rect:359 224 20 21 5
rect:383 31 35 18 5
rect:128 45 40 14 5
rect:209 371 24 22 1
rect:346 268 20 40 1
rect:273 453 19 16 5
rect:404 383 28 14 5
rect:153 386 40 23 5
rect:295 472 22 32 1
rect:146 328 32 17 5
rect:187 32 20 21 5
rect:239 354 39 13 2
rect:247 112 37 14 5
rect:256 419 10 26 1
rect:309 274 30 25 5
rect:238 503 38 24 5
Anchorage1964_05.jpg 0x0
rect:130 73 15 59 1
rect:311 164 96 71 2
rect:135 203 100 44 6
rect:42 344 24 59 1
rect:105 204 20 41 1
rect:320 273 35 20 11
rect:290 68 49 77 1
rect:461 199 62 71 8
rect:490 84 30 59 1
rect:196 214 121 19 5
rect:201 51 73 36 6
rect:431 349 44 60 8
rect:77 167 16 43 1
rect:358 190 40 81 1
rect:573 27 36 41 1
rect:53 284 16 37 1
rect:431 134 46 63 1
rect:566 271 55 21 6
rect:84 320 27 37 1
rect:195 46 65 29 5
rect:628 326 55 54 1
rect:479 431 64 42 5
rect:59 69 22 38 1
rect:583 179 59 42 5
rect:278 183 28 26 11
rect:35 292 17 56 1
rect:536 446 33 15 6
rect:113 25 20 39 1
rect:542 1 33 54 1
Anchorage1964_06.jpg 0x0
rect:96 104 229 518 12
rect:165 168 92 223 3
rect:172 297 87 96 11
Anchorage1964_07.jpg 0x0
rect:8 385 307 29 14
rect:16 177 327 27 11
rect:406 196 48 117 13
rect:473 243 378 155 2
rect:271 161 128 158 11
rect:10 52 616 403 2
rect:189 2 134 46 2
rect:532 164 60 101 11
rect:360 121 45 147 3
Anchorage1964_08.jpg 0x0
rect:48 415 126 93 1
rect:51 251 126 96 1
rect:445 372 162 99 1
rect:65 55 133 155 1
rect:378 341 153 146 1
rect:382 41 118 127 1
Anchorage1964_09.jpg 0x0
rect:14 11 526 14 15
rect:57 154 55 10 16
rect:648 8 74 12 16
rect:636 106 87 87 1
rect:14 143 18 10 16
rect:106 180 222 11 15
rect:590 366 67 89 8
rect:442 112 99 20 15
rect:358 208 74 74 1
rect:14 18 56 14 16
rect:99 222 60 61 1
rect:341 187 64 50 1
rect:402 6 212 13 15
rect:578 30 76 65 8
rect:783 129 1 1 16
rect:490 138 126 15 15
rect:129 45 67 96 8
rect:115 257 75 86 8
rect:11 151 93 22 15
Anchorage1964_10.jpg 0x0
rect:71 383 412 152 18
rect:245 203 69 135 17
rect:203 150 271 63 18
rect:52 185 244 344 1
Anchorage1964_11.jpg 0x0
rect:53 464 512 13 14
rect:717 7 130 47 1
rect:398 186 195 34 11
rect:283 188 486 20 15
rect:102 80 119 104 4
rect:135 223 607 93 2
rect:90 441 463 24 14
rect:601 167 145 115 1
Anchorage1964_12.jpg 0x0
rect:10 97 760 284 2
rect:311 63 51 247 3
rect:247 235 23 121 3
rect:546 79 39 265 3
rect:506 81 180 140 11
Anchorage1964_13.jpg 0x0
rect:420 366 168 32 2
rect:372 647 114 11 19
rect:374 358 36 142 20
Anchorage1964_14.jpg 0x0
rect:8 691 261 83 11
rect:376 14 54 235 11
rect:115 474 32 58 22
rect:108 235 125 39 15
rect:114 503 39 75 22
rect:52 656 52 94 22
rect:313 6 106 120 11
rect:355 556 148 74 23
rect:237 232 143 71 15
rect:264 271 51 86 21
rect:21 675 25 44 22
rect:158 10 115 743 20
Anchorage1964_15.jpg 0x0
rect:484 160 90 31 11
rect:265 613 211 49 2
rect:275 141 34 65 11
rect:180 11 77 74 4
rect:293 159 61 110 25
rect:142 56 87 327 20
rect:428 9 121 50 4
rect:281 298 209 50 15
rect:412 204 82 48 24
Anchorage1964_16.jpg 0x0
rect:105 337 98 119 11
rect:16 359 90 56 2
rect:15 129 210 168 2
rect:221 203 346 272 11
rect:221 89 230 107 2
rect:561 156 168 170 2
Anchorage1964_17.jpg 0x0
rect:7 181 728 181 10
rect:12 89 213 154 9
rect:367 37 203 223 9
Anchorage1964_18.jpg 0x0
rect:291 227 88 16 2
rect:431 245 430 30 15
rect:340 402 44 23 2
rect:448 157 134 101 4
rect:144 225 76 38 11
rect:150 251 81 100 4
rect:115 256 23 62 11
rect:435 146 113 80 4
rect:764 405 80 13 2
rect:237 335 34 44 11
Anchorage1964_19.jpg 0x0
rect:366 128 40 71 29
rect:420 193 57 38 28
rect:420 210 14 35 26
rect:459 183 9 20 26
rect:28 335 36 113 27
rect:411 158 25 62 29
rect:305 214 15 49 26
rect:402 93 35 26 27
rect:755 187 9 8 26
rect:375 170 7 16 26
rect:7 217 72 104 26
rect:391 96 13 48 26
rect:461 261 46 36 28
rect:316 365 41 73 26
rect:208 74 55 58 26
rect:576 221 8 13 26
rect:295 79 59 104 29
rect:308 108 24 32 26
Anchorage1964_20.jpg 0x0
rect:631 614 31 56 26
rect:166 101 84 57 27
rect:217 80 183 109 29
rect:168 72 99 48 26
rect:275 593 86 116 26
Anchorage1964_21.jpg 0x0
rect:149 191 491 125 30
rect:51 328 23 29 26
rect:2 72 32 32 26
rect:-5 91 115 133 29
Bingol2003_01.jpg 0x0
rect:574 329 116 67 33
rect:559 200 100 69 33
rect:948 504 85 51 33
rect:644 114 159 254 31
rect:109 187 79 90 33
rect:416 424 65 262 32
rect:210 177 96 60 33
rect:455 115 97 73 6
rect:569 524 168 75 6
rect:624 158 42 85 34
rect:34 223 85 89 33
rect:2 293 634 306 10
rect:625 315 46 57 6
rect:415 391 43 41 34
rect:226 84 82 24 6
rect:435 97 99 48 6
rect:346 439 123 79 6
rect:638 335 182 189 31
rect:561 324 77 53 6
Bingol2003_02.jpg 0x0
rect:1112 86 130 102 36
rect:117 512 151 228 32
rect:474 416 112 117 26
rect:323 180 745 460 31
rect:277 349 95 94 6
rect:133 87 506 194 34
rect:576 206 359 119 35
rect:154 318 103 375 32
Bingol2003_03.jpg 0x0
rect:848 209 334 422 4
rect:67 25 178 41 2
rect:615 179 218 66 11
rect:891 510 278 308 2
rect:327 161 378 172 2
rect:598 -8 349 150 4
rect:127 59 148 82 33
Bingol2003_04.jpg 0x0
rect:289 215 121 151 4
rect:196 685 24 57 3
rect:141 553 32 86 3
rect:101 543 26 90 3
rect:292 567 111 85 2
rect:89 605 72 80 2
rect:196 493 239 145 2
rect:185 411 43 100 3
CanterburyNZSeries2010_01.jpg 0x0
rect:80 95 149 340 12
CanterburyNZSeries2010_02.jpg 0x0
rect:40 9 182 362 37
rect:66 60 182 270 6
CanterburyNZSeries2010_03.jpg 0x0
rect:37 68 424 116 38
CanterburyNZSeries2010_04.jpg 0x0
rect:213 229 173 412 39
rect:241 7 109 203 42
rect:249 370 78 302 41
rect:258 478 16 78 40
rect:194 475 35 159 40
rect:330 375 24 94 40
rect:234 304 24 60 40
rect:414 283 47 110 40
CanterburyNZSeries2010_05.jpg 0x0
rect:277 387 196 271 4
rect:229 193 185 102 15
CanterburyNZSeries2010_06.jpg 0x0
rect:64 79 542 698 4
rect:236 272 197 116 2
CanterburyNZSeries2010_08.jpg 0x0
rect:696 527 70 154 44
rect:386 111 177 187 43
rect:905 365 81 136 44
rect:706 578 41 182 32
CanterburyNZSeries2010_09.jpg 0x0
rect:318 366 131 385 39
rect:283 148 207 215 45
CanterburyNZSeries2010_10.jpg 0x0
rect:217 254 414 191 6
rect:310 273 211 57 46
rect:277 421 293 141 6
rect:308 172 200 135 7
CanterburyNZSeries2010_11.jpg 0x0
rect:344 380 360 186 5
rect:268 298 238 125 7
CanterburyNZSeries2010_12.jpg 0x0
rect:236 613 146 44 11
rect:59 346 888 355 2
rect:731 495 191 73 11
rect:5 205 1147 469 47
CanterburyNZSeries2010_13.jpg 0x0
rect:515 172 87 361 11
rect:137 17 439 970 12
Caracas1967_01.jpg 0x0
rect:323 129 41 91 48
rect:572 95 147 196 48
rect:243 182 9 67 48
rect:438 148 101 72 48
Caracas1967_02.jpg 0x0
rect:158 142 156 369 51
rect:138 506 42 26 50
rect:260 1 135 206 15
rect:89 359 51 67 49
Caracas1967_03.jpg 0x0
rect:301 272 150 205 34
rect:330 88 73 95 14
rect:371 427 71 62 26
rect:11 371 197 88 6
rect:431 459 35 158 27
rect:360 261 34 72 27
Caracas1967_04.jpg 0x0
rect:167 219 200 188 34
rect:159 309 26 125 27
rect:106 274 48 110 26
Caracas1967_05.jpg 0x0
rect:167 456 34 272 40
rect:323 249 130 190 52
rect:77 248 81 195 40
rect:410 150 37 302 40
rect:241 157 56 192 40
rect:69 391 296 197 52
rect:45 109 427 607 41
rect:223 313 43 199 40
rect:34 64 419 806 48
rect:252 435 47 209 40
Caracas1967_06.jpg 0x0
rect:382 128 345 268 7
rect:272 225 60 56 6
Caracas1967_07.jpg 0x0
rect:368 508 69 75 53
rect:373 46 21 298 27
rect:421 274 160 224 34
rect:224 118 146 228 34
rect:347 10 92 354 34
rect:279 106 46 150 27
rect:448 316 136 103 53
Caracas1967_08.jpg 0x0
rect:160 381 61 124 54
rect:456 239 62 146 54
rect:202 282 51 74 55
Caracas1967_09.jpg 0x0
rect:295 12 233 111 48
rect:32 313 50 64 48
rect:92 256 48 61 48
rect:215 192 89 94 48
Caracas1967_10.jpg 0x0
rect:382 384 71 139 40
rect:54 171 320 373 41
rect:22 155 398 392 48
rect:230 256 83 148 40
Caracas1967_11.jpg 0x0
rect:56 242 196 354 41
rect:353 14 136 295 41
rect:65 18 452 625 48
Caracas1967_12.jpg 0x0
rect:212 312 25 49 56
rect:418 209 42 45 34
rect:714 476 21 51 32
rect:571 277 29 55 32
Caracas1967_13.jpg 0x0
rect:136 369 144 222 55
Caracas1967_14.jpg 0x0
rect:128 115 795 268 57
rect:120 205 357 44 6
Chichi1999_01.jpg 0x0
rect:462 146 66 177 42
rect:4 7 700 153 58
Chichi1999_02.jpg 0x0
rect:441 96 148 468 59
rect:5 99 313 184 58
Chichi1999_03.jpg 0x0
rect:0 186 618 214 58
rect:65 204 71 81 60
Chichi1999_04.jpg 0x0
rect:192 335 32 74 52
rect:231 224 92 337 48
rect:162 -17 61 149 48
Chichi1999_05.jpg 0x0
rect:398 285 34 40 41
rect:286 188 28 59 52
rect:326 99 90 188 48
rect:416 169 44 63 41
Chichi1999_06.jpg 0x0
rect:351 103 57 73 62
rect:156 20 499 141 10
rect:478 299 17 26 52
rect:607 -14 98 87 61
rect:275 254 56 110 48
rect:682 178 40 65 41
Chichi1999_07.jpg 0x0
rect:542 211 58 86 48
rect:57 246 746 135 63
rect:453 155 51 92 48
rect:440 166 29 38 64
rect:635 328 13 16 64
rect:137 150 18 50 64
rect:200 176 54 202 48
Chichi1999_08.jpg 0x0
rect:118 11 536 534 10
Chichi1999_09.jpg 0x0
rect:251 76 174 141 48
rect:165 81 47 84 40
rect:344 73 68 102 40
rect:158 135 132 117 41
Chichi1999_10.jpg 0x0
rect:160 18 647 317 10
Chichi1999_11.jpg 0x0
rect:2 150 129 644 10
rect:115 284 86 112 65
Chichi1999_12.jpg 0x0
rect:7 32 339 576 66
Chichi1999_13.jpg 0x0
rect:33 42 691 491 10
Chichi1999_14.jpg 0x0
rect:70 594 32 57 67
rect:290 273 26 23 39
rect:179 548 25 31 67
rect:164 360 22 30 67
rect:344 482 28 33 39
rect:159 207 78 34 67
rect:129 350 25 35 67
rect:236 295 21 35 67
rect:82 304 61 64 67
rect:332 571 38 58 67
rect:319 306 27 35 39
rect:415 446 70 87 67
rect:367 238 35 40 39
rect:69 382 35 51 67
rect:132 387 46 54 67
rect:258 223 24 41 67
rect:102 189 47 50 67
Chichi1999_15.jpg 0x0
rect:203 22 220 516 41
Chichi1999_16.jpg 0x0
rect:148 111 82 147 32
Chichi1999_17.jpg 0x0
rect:162 393 21 57 32
Chichi1999_18.jpg 0x0
rect:354 367 37 143 69
rect:125 286 33 116 69
rect:183 167 173 357 68
rect:228 346 53 120 70
rect:195 188 17 138 69
rect:244 309 24 122 69
Chichi1999_19.jpg 0x0
rect:251 122 207 242 3
rect:214 25 281 361 2
YogyakartaInd2006_03.jpg 0x0
rect:296 58 123 58 15
rect:217 142 27 7 16
rect:282 375 388 122 71
rect:257 428 71 30 16
rect:301 117 66 26 15
rect:307 24 122 2 15
rect:259 491 284 28 15
rect:425 64 92 44 16
Chichi1999_20.jpg 0x0
rect:209 239 91 387 42
rect:266 326 70 219 41
Chichi1999_21.jpg 0x0
rect:506 83 122 120 6
rect:243 290 198 160 37
rect:378 8 94 122 57
rect:217 371 94 124 6
rect:93 348 191 144 5
rect:16 4 288 133 30
rect:467 38 257 244 37
rect:232 143 233 271 72
Chichi1999_22.jpg 0x0
rect:236 314 15 21 73
rect:235 187 21 23 73
rect:163 156 245 156 10
rect:295 201 20 16 73
Chichi1999_23.jpg 0x0
rect:79 408 64 118 73
rect:276 229 35 27 27
rect:141 218 31 35 34
rect:251 386 27 80 34
rect:97 205 61 61 73
rect:127 284 29 71 34
rect:3 71 519 242 74
rect:193 326 88 79 73
rect:217 184 31 28 26
rect:293 124 42 42 73
Chichi1999_24.jpg 0x0
rect:171 337 66 38 34
rect:159 196 48 62 46
rect:3 425 273 179 74
rect:332 425 1 2 46
rect:230 180 126 97 75
Chichi1999_25.jpg 0x0
rect:188 261 99 192 34
rect:200 219 155 297 73
rect:202 399 57 83 26
Chichi1999_26.jpg 0x0
rect:158 443 70 67 26
rect:288 183 63 121 73
rect:155 376 113 83 27
rect:215 240 141 402 76
rect:160 486 98 101 73
rect:187 21 58 24 73
Chichi1999_27.jpg 0x0
rect:119 286 93 234 32
Chichi1999_28.jpg 0x0
rect:152 137 174 167 5
rect:22 80 346 169 6
rect:345 141 160 160 75
rect:303 306 315 129 77
Chichi1999_29.jpg 0x0
rect:115 180 247 343 48
rect:188 175 124 192 40
rect:259 227 93 122 52
Chichi1999_30.jpg 0x0
rect:236 116 292 210 40
rect:227 130 130 93 52
rect:32 247 109 188 73
rect:260 152 156 48 78
Chichi1999_31.jpg 0x0
rect:664 95 35 142 48
rect:168 87 88 311 79
Chichi1999_32.jpg 0x0
rect:138 72 52 131 81
rect:169 160 25 101 81
rect:540 191 57 202 39
rect:143 7 94 322 80
Chichi1999_33.jpg 0x0
rect:293 121 126 164 56
rect:87 67 107 445 33
rect:94 106 46 127 49
rect:264 73 157 298 32
rect:140 129 85 248 32
rect:276 132 28 124 49
Chichi1999_34.jpg 0x0
rect:140 123 504 449 10
Duzce1999_01.jpg 0x0
rect:155 44 97 249 39
rect:170 192 72 101 41
Duzce1999_02.jpg 0x0
rect:81 47 150 295 41
Duzce1999_03.jpg 0x0
rect:0 169 95 193 31
rect:81 126 96 342 42
rect:245 103 118 207 31
Gediz1970_01.jpg 0x0
rect:178 338 82 352 69
rect:237 514 56 188 69
rect:133 133 202 432 68
Guatemala1976_01.jpg 0x0
rect:64 193 77 48 52
rect:480 100 149 132 48
rect:61 136 43 34 41
rect:42 134 120 139 48
rect:31 147 663 126 82
rect:469 157 82 62 41
Guatemala1976_02.jpg 0x0
rect:182 81 85 75 40
rect:126 81 269 258 48
Guatemala1976_03.jpg 0x0
rect:22 113 810 274 75
Guatemala1976_04.jpg 0x0
rect:34 89 331 246 30
rect:394 319 132 296 4
rect:630 149 126 419 4
rect:103 29 342 78 30
Guatemala1976_05.jpg 0x0
rect:246 109 308 167 41
rect:113 137 300 209 40
rect:121 90 272 260 48
Guatemala1976_06.jpg 0x0
rect:118 118 172 534 39
Guatemala1976_07.jpg 0x0
rect:25 229 77 47 6
rect:290 543 121 103 83
rect:24 302 374 437 10
Guatemala1976_08.jpg 0x0
rect:283 98 125 356 40
rect:152 26 286 492 48
rect:159 51 284 455 41
Guatemala1976_09.jpg 0x0
rect:468 298 68 60 84
rect:81 271 41 32 84
rect:824 262 52 51 85
rect:275 324 78 29 85
rect:163 217 37 21 84
rect:158 265 77 49 85
rect:698 418 54 87 84
rect:92 250 41 28 85
Guatemala1976_10.jpg 0x0
rect:368 471 38 133 87
rect:271 144 259 310 86
rect:262 145 271 210 87
Guatemala1976_11.jpg 0x0
rect:245 220 165 184 34
GujaratIndia2001_01.jpg 0x0
rect:229 353 259 76 2
rect:345 446 54 64 11
rect:94 610 56 39 2
rect:22 296 214 178 4
Haiti2010_01.jpg 0x0
rect:236 235 21 131 40
rect:331 165 157 236 41
rect:126 42 128 100 7
rect:474 361 203 211 4
rect:420 296 137 134 4
Haiti2010_02.jpg 0x0
rect:49 124 515 152 88
rect:292 27 167 39 14
Haiti2010_03.jpg 0x0
rect:317 1 87 518 32
rect:205 606 78 79 49
rect:182 479 160 260 89
rect:219 292 264 159 32
Haiti2010_04.jpg 0x0
rect:278 40 252 291 34
rect:2 188 302 205 6
rect:155 297 275 562 41
Haiti2010_05.jpg 0x0
rect:232 302 39 70 40
rect:197 273 235 116 52
rect:250 119 197 465 90
rect:256 180 40 69 40
Haiti2010_06.jpg 0x0
rect:299 141 237 306 33
rect:517 129 703 804 91
rect:546 282 77 189 32
rect:265 267 323 287 91
rect:564 179 67 106 34
rect:161 349 39 47 34
rect:320 174 101 52 6
ImperialValley1979_01.jpg 0x0
rect:16 465 68 87 49
rect:266 297 62 71 50
rect:61 286 66 97 50
rect:540 237 21 18 49
rect:10 396 139 161 32
rect:391 380 35 50 32
rect:559 343 41 36 32
rect:534 323 30 45 50
rect:239 354 38 17 49
rect:448 319 67 64 32
rect:444 278 22 21 49
ImperialValley1979_02.jpg 0x0
rect:129 154 92 200 50
rect:214 260 119 63 49
rect:215 110 223 327 32
rect:252 109 64 151 50
rect:193 195 304 49 92
rect:323 193 58 155 50
ImperialValley1979_03.jpg 0x0
rect:183 286 88 110 50
rect:133 141 154 159 32
rect:133 252 164 245 32
rect:90 393 294 36 92
rect:104 541 251 38 92
rect:73 342 116 223 50
rect:429 235 74 156 50
Izmit1999_01.jpg 0x0
rect:631 353 52 90 26
rect:147 87 380 388 34
rect:318 86 40 158 27
rect:273 263 37 133 27
rect:184 94 43 181 27
Izmit1999_02.jpg 0x0
rect:22 133 661 241 10
Izmit1999_03.jpg 0x0
rect:555 69 33 230 50
rect:142 182 438 36 92
rect:132 125 65 373 50
rect:515 109 38 219 50
rect:481 124 46 272 50
rect:296 81 262 273 32
rect:284 132 53 230 50
rect:200 44 335 260 93
Izmit1999_04.jpg 0x0
rect:310 410 18 42 40
rect:41 330 56 74 41
rect:37 504 73 41 34
rect:438 445 20 78 40
rect:353 427 66 105 41
rect:167 315 143 69 88
rect:323 62 112 100 41
rect:214 54 105 106 48
rect:48 518 32 113 42
rect:88 534 255 165 88
Izmit1999_05.jpg 0x0
rect:108 22 755 296 10
Izmit1999_06.jpg 0x0
rect:133 190 230 368 32
rect:187 238 39 134 50
rect:165 195 64 277 50
rect:392 277 52 112 50
rect:193 236 153 74 49
rect:110 253 76 185 50
Izmit1999_07.jpg 0x0
rect:372 261 103 369 4
rect:138 423 47 116 3
rect:437 75 138 57 6
rect:30 126 385 760 2
rect:380 111 59 62 3
rect:187 232 32 129 3
rect:173 206 38 108 3
Izmit1999_08.jpg 0x0
rect:207 205 261 106 88
rect:140 121 78 76 41
rect:485 99 58 26 52
rect:139 22 111 102 34
rect:373 104 53 68 41
rect:674 5 117 88 45
rect:120 329 100 86 45
Izmit1999_09.jpg 0x0
rect:206 170 47 34 41
rect:41 208 31 67 41
rect:400 305 140 75 94
rect:691 258 46 71 41
rect:380 297 114 69 41
rect:487 185 41 103 94
Izmit1999_10.jpg 0x0
rect:110 188 400 550 41
rect:50 203 378 41 78
rect:51 147 69 212 40
rect:162 137 41 192 40
rect:299 119 126 141 40
rect:317 540 67 112 40
rect:339 561 115 134 40
rect:228 679 71 36 78
rect:103 181 94 192 40
rect:246 507 158 29 78
rect:145 301 268 81 78
Izmit1999_11.jpg 0x0
rect:233 508 152 167 41
rect:324 296 61 168 40
rect:216 373 73 140 40
rect:233 155 92 209 41
rect:255 264 52 142 40
Izmit1999_12.jpg 0x0
rect:261 255 97 184 94
rect:348 86 42 96 41
rect:106 90 32 23 6
rect:417 106 56 76 45
rect:177 158 78 56 88
rect:424 219 238 202 91
rect:285 205 94 151 41
rect:542 172 49 81 41
rect:419 27 97 67 34
rect:20 83 51 18 6
rect:1 221 26 47 41
rect:317 231 58 115 42
rect:303 247 70 90 52
rect:63 354 64 55 52
rect:43 204 61 67 94
rect:371 171 50 39 6
rect:114 327 29 39 40
rect:281 130 90 45 7
Izmit1999_13.jpg 0x0
rect:163 266 28 70 41
rect:5 95 88 146 42
rect:163 199 130 139 94
rect:115 183 32 128 41
rect:241 102 74 98 41
rect:166 196 92 50 52
rect:205 80 229 334 48
rect:97 107 43 58 6
rect:367 130 112 264 41
Izmit1999_14.jpg 0x0
rect:501 294 46 48 34
rect:305 9 175 62 35
rect:291 410 36 23 34
rect:510 58 61 43 95
rect:557 237 94 47 34
rect:319 132 87 65 35
rect:362 64 87 83 34
rect:247 409 50 36 34
rect:40 144 116 47 34
Izmit1999_15.jpg 0x0
rect:130 180 201 260 42
Izmit1999_16.jpg 0x0
rect:158 87 187 182 41
rect:161 64 254 211 39
rect:76 87 433 609 33
rect:245 105 40 89 40
Izmit1999_17.jpg 0x0
rect:106 133 148 316 41
Izmit1999_18.jpg 0x0
rect:155 115 155 207 39
rect:173 156 101 124 41
Izmit1999_19.jpg 0x0
rect:315 104 279 183 32
rect:353 159 24 72 50
rect:359 118 27 104 50
rect:280 97 195 423 96
Kobe1995_01.jpg 0x0
rect:25 123 575 103 63
Kobe1995_02.jpg 0x0
rect:2 66 545 730 68
Kobe1995_03.jpg 0x0
rect:42 59 331 694 10
Kobe1995_04.jpg 0x0
rect:397 260 40 47 41
Kobe1995_05.jpg 0x0
rect:102 436 269 137 78
rect:5 125 154 522 40
rect:94 127 205 673 52
rect:33 301 570 61 78
rect:355 173 219 313 40
Kobe1995_06.jpg 0x0
rect:158 259 268 401 42
rect:60 131 514 606 41
Kobe1995_07.jpg 0x0
rect:131 286 44 34 39
rect:203 452 23 28 39
rect:327 313 35 31 39
rect:306 344 40 45 39
rect:162 110 30 36 39
rect:259 340 22 46 39
rect:462 160 42 28 39
rect:440 260 41 43 39
rect:194 135 23 44 39
rect:278 375 24 43 39
rect:295 155 40 48 39
rect:294 319 41 29 39
rect:437 329 55 55 39
rect:36 337 28 58 39
rect:439 304 33 26 39
rect:331 269 48 21 39
rect:239 575 31 28 39
rect:229 254 32 33 39
rect:103 368 30 20 39
rect:397 101 45 36 39
rect:391 217 35 47 39
rect:342 259 33 51 39
rect:94 264 25 39 39
rect:122 240 32 32 39
rect:39 232 44 20 39
rect:186 192 48 50 39
Kobe1995_08.jpg 0x0
rect:202 59 338 262 97
Kobe1995_09.jpg 0x0
rect:92 345 56 48 88
rect:128 693 91 48 88
rect:64 493 106 67 88
rect:213 526 169 104 97
SanSalvador_1986_01.jpg 0x0
rect:71 3 80 215 68
rect:189 184 115 236 41
SanSalvador_1986_02.jpg 0x0
rect:649 163 41 35 42
rect:301 111 18 34 41
rect:140 380 36 36 41
rect:165 190 38 31 41
rect:360 349 34 50 41
rect:586 205 49 59 41
rect:232 135 24 30 41
rect:635 222 39 33 41
rect:410 211 42 38 41
SikkimIndia2001_01.jpg 0x0
rect:168 189 172 122 34
SikkimIndia2001_02.jpg 0x0
rect:-14 2 256 85 33
rect:591 130 115 161 33
rect:9 184 47 34 54
rect:328 251 130 18 16
rect:273 248 80 43 16
rect:593 76 98 35 16
rect:10 7 324 85 16
rect:188 87 204 257 33
SikkimIndia2001_03.jpg 0x0
rect:247 67 69 183 69
rect:226 260 87 150 70
rect:239 8 126 554 98
SikkimIndia2001_04.jpg 0x0
rect:3 27 247 235 99
rect:184 150 149 178 34
rect:325 213 251 98 99
SumatraInd2009_01.jpg 0x0
rect:304 29 72 378 81
SumatraInd2009_02.jpg 0x0
rect:215 92 218 201 41
WhittierNarrows1987_01.jpg 0x0
rect:12 37 984 437 10
WhittierNarrows1987_02.jpg 0x0
rect:205 276 117 197 41
WhittierNarrows1987_03.jpg 0x0
rect:245 128 121 338 32
WhittierNarrows1987_04.jpg 0x0
rect:251 9 252 92 6
rect:313 13 298 103 100
rect:177 65 75 248 41
YogyakartaInd2006_01.jpg 0x0
rect:235 -23 360 580 29
rect:339 144 255 83 49
rect:309 33 417 316 32
YogyakartaInd2006_02.jpg 0x0
rect:257 110 71 244 70
rect:284 155 42 278 69
rect:242 73 147 349 98
