Anchorage1964_01.jpg 0x0
rect:106 321 219 249 1
rect:110 7 168 157 1
Anchorage1964_02.jpg 0x0
rect:412 264 15 40 3
rect:111 266 40 13 6
rect:495 332 18 43 3
rect:543 233 113 55 4
rect:107 116 75 41 7
rect:340 185 34 46 3
rect:204 96 75 69 4
rect:414 210 18 44 3
rect:383 209 22 59 3
rect:398 76 102 103 8
rect:332 25 241 109 4
rect:24 236 100 50 5
rect:36 22 132 37 5
rect:110 152 31 16 6
rect:184 359 27 74 3
rect:286 346 29 87 3
rect:170 313 424 96 2
rect:92 26 67 17 6
rect:302 317 23 48 3
Anchorage1964_03.jpg 0x0
rect:2 223 245 103 9
rect:251 86 411 225 9
rect:0 309 828 62 10
Anchorage1964_04.jpg 0x0
rect:354 337 33 14 5
rect:192 472 21 23 1
rect:434 276 21 20 5
rect:188 89 23 15 5
rect:235 380 6 1 1
rect:226 285 13 33 1
rect:261 128 23 15 5
rect:326 267 38 16 5
rect:265 350 66 14 2
rect:209 22 30 17 5
rect:213 533 26 16 5
rect:407 220 19 20 5
rect:251 119 14 24 1
rect:361 213 24 19 5
rect:231 420 11 26 1
rect:149 184 29 19 5
rect:117 79 32 16 5
rect:345 38 39 14 5
rect:138 472 31 16 5
rect:117 224 27 16 5
rect:255 334 14 29 1
rect:347 286 33 19 5
rect:166 215 39 18 5
rect:233 146 26 19 5
rect:311 505 32 17 5
rect:173 353 26 24 1
rect:116 209 25 18 5
rect:172 319 33 25 5
rect:209 237 18 25 1
rect:231 404 21 31 1
rect:269 194 16 24 1
rect:292 78 34 15 5
rect:375 230 30 13 5
rect:216 152 36 21 5
rect:321 242 25 22 8
rect:330 242 19 31 1
rect:278 121 25 23 1
rect:145 76 42 15 5
rect:251 244 28 19 5
Anchorage1964_05.jpg 0x0
rect:628 260 58 61 1
rect:326 216 48 74 8
rect:428 1 38 71 1
rect:204 170 144 24 5
rect:445 259 52 66 1
rect:691 222 74 39 5
rect:403 29 25 62 1
rect:816 349 49 18 6
rect:114 200 30 54 1
rect:370 174 23 18 11
rect:221 161 149 30 6
rect:845 247 57 27 6
rect:75 122 20 45 1
rect:538 211 34 69 1
rect:528 83 41 62 1
rect:122 101 22 58 1
rect:217 47 67 32 5
rect:452 93 52 44 1
rect:80 397 19 57 1
rect:83 59 25 44 1
rect:30 345 30 43 1
rect:354 167 50 18 11
rect:373 171 163 82 2
rect:71 18 22 52 1
rect:452 361 44 81 8
rect:501 278 71 27 5
rect:42 227 20 44 1
rect:165 51 105 62 6
rect:53 263 24 28 1
Anchorage1964_06.jpg 0x0
rect:130 219 74 75 11
rect:134 171 114 244 3
rect:149 61 220 380 12
Anchorage1964_07.jpg 0x0
rect:470 164 76 95 11
rect:8 56 602 313 2
rect:6 285 332 29 14
rect:244 298 358 171 2
rect:294 122 155 153 11
rect:16 169 358 33 11
rect:250 111 34 157 3
rect:265 2 122 83 2
rect:274 114 56 127 13
Anchorage1964_08.jpg 0x0
rect:41 333 119 103 1
rect:42 543 138 163 1
rect:424 43 108 101 1
rect:425 206 81 142 1
rect:36 83 162 138 1
rect:372 598 160 88 1
Anchorage1964_09.jpg 0x0
rect:350 10 328 12 15
rect:13 18 63 14 16
rect:84 145 53 82 1
rect:307 114 49 53 1
rect:365 130 90 22 15
rect:635 10 75 8 16
rect:529 181 1 1 16
rect:188 145 263 14 15
rect:582 92 116 16 15
rect:93 41 75 73 8
rect:13 145 91 20 15
rect:195 207 66 63 1
rect:68 119 66 10 16
rect:563 117 56 86 1
rect:12 16 523 12 15
rect:110 255 87 45 8
rect:507 261 72 94 8
rect:447 27 57 77 8
rect:16 169 23 10 16
Anchorage1964_10.jpg 0x0
rect:134 249 162 70 18
rect:48 146 235 366 1
rect:92 362 265 157 18
rect:162 378 78 99 17
Anchorage1964_11.jpg 0x0
rect:353 185 220 31 11
rect:122 49 117 108 4
rect:88 539 639 10 14
rect:505 6 77 39 1
rect:222 184 416 16 15
rect:76 163 673 94 2
rect:67 367 560 16 14
rect:703 120 188 111 1
Anchorage1964_12.jpg 0x0
rect:12 61 698 286 2
rect:205 167 29 71 3
rect:446 61 36 245 3
rect:256 60 57 274 3
rect:411 86 138 165 11
Anchorage1964_13.jpg 0x0
rect:397 660 116 13 19
rect:334 516 23 165 20
rect:216 463 148 21 2
Anchorage1964_14.jpg 0x0
rect:7 545 195 98 11
rect:79 471 41 71 22
rect:221 12 129 649 20
rect:152 209 58 84 21
rect:282 7 71 118 11
rect:360 778 141 86 23
rect:168 583 46 67 22
rect:35 767 60 92 22
rect:21 580 30 66 22
rect:400 283 117 69 15
rect:323 10 50 290 11
rect:92 280 166 27 15
Anchorage1964_15.jpg 0x0
rect:265 9 60 83 4
rect:354 300 74 34 24
rect:341 142 64 109 25
rect:401 220 158 51 11
rect:172 140 36 79 11
rect:280 570 267 46 2
rect:192 80 87 505 20
rect:492 9 86 75 4
rect:222 202 134 42 15
Anchorage1964_16.jpg 0x0
rect:259 234 241 144 11
rect:14 143 249 251 2
rect:16 306 89 83 2
rect:471 248 168 255 2
rect:260 86 219 121 2
rect:87 403 98 85 11
Anchorage1964_17.jpg 0x0
rect:8 143 515 241 10
rect:15 108 312 100 9
rect:345 59 255 177 9
Anchorage1964_18.jpg 0x0
rect:472 197 74 90 4
rect:147 324 14 40 11
rect:105 239 80 38 11
rect:244 195 35 73 11
rect:692 338 75 14 2
rect:411 276 89 16 2
rect:408 383 224 34 15
rect:449 184 97 83 4
rect:195 195 61 128 4
rect:516 385 33 26 2
Anchorage1964_19.jpg 0x0
rect:309 163 8 18 26
rect:573 205 12 31 26
rect:496 126 52 79 29
rect:387 85 40 24 26
rect:7 250 75 145 26
rect:508 92 25 68 29
rect:603 168 8 15 26
rect:462 205 19 34 26
rect:210 65 88 92 29
rect:257 75 65 61 26
rect:510 307 42 46 28
rect:309 281 49 76 26
rect:580 144 41 42 28
rect:35 201 33 128 27
rect:373 132 33 31 27
rect:916 185 7 8 26
rect:416 166 20 26 26
rect:507 175 8 16 26
Anchorage1964_20.jpg 0x0
rect:244 566 72 114 26
rect:205 69 91 62 26
rect:238 106 99 41 27
rect:180 88 115 101 29
rect:350 462 55 102 26
Anchorage1964_21.jpg 0x0
rect:2 73 53 47 26
rect:-5 74 66 128 29
rect:39 399 40 44 26
rect:117 162 437 165 30
Bingol2003_01.jpg 0x0
rect:343 331 56 140 32
rect:376 107 169 193 31
rect:306 93 76 31 6
rect:2 339 692 208 10
rect:589 463 127 78 33
rect:235 140 64 71 33
rect:23 301 70 62 33
rect:593 370 55 48 6
rect:363 240 40 53 6
rect:831 273 128 72 33
rect:163 235 64 63 33
rect:415 389 219 221 31
rect:441 529 94 108 6
rect:423 105 69 89 6
rect:606 357 197 52 6
rect:486 57 91 82 6
rect:553 250 66 78 34
rect:397 426 40 76 34
rect:1056 399 87 32 33
Bingol2003_02.jpg 0x0
rect:89 560 130 300 32
rect:619 328 132 81 26
rect:438 362 65 99 6
rect:219 346 84 443 32
rect:256 293 951 584 31
rect:900 83 119 85 36
rect:517 168 358 166 35
rect:139 86 293 199 34
Bingol2003_03.jpg 0x0
rect:421 162 176 91 11
rect:776 567 196 309 2
rect:119 23 144 39 2
rect:665 238 317 636 4
rect:585 -6 332 182 4
rect:448 173 406 130 2
rect:126 52 130 125 33
Bingol2003_04.jpg 0x0
rect:254 572 40 158 3
rect:68 788 123 74 2
rect:199 403 22 95 3
rect:84 750 21 85 3
rect:391 625 105 94 2
rect:145 428 219 127 2
rect:306 191 143 186 4
rect:148 598 30 53 3
CanterburyNZSeries2010_01.jpg 0x0
rect:103 127 153 264 12
CanterburyNZSeries2010_02.jpg 0x0
rect:42 11 131 366 37
rect:71 46 109 187 6
CanterburyNZSeries2010_03.jpg 0x0
rect:48 76 415 97 38
CanterburyNZSeries2010_04.jpg 0x0
rect:152 572 74 323 41
rect:424 524 24 49 40
rect:197 319 24 67 40
rect:230 434 27 199 40
rect:469 272 48 151 40
rect:274 341 246 309 39
rect:181 11 115 209 42
rect:264 371 14 76 40
CanterburyNZSeries2010_05.jpg 0x0
rect:371 330 211 296 4
rect:298 269 119 140 15
CanterburyNZSeries2010_06.jpg 0x0
rect:327 302 252 78 2
rect:85 110 757 524 4
CanterburyNZSeries2010_08.jpg 0x0
rect:514 661 36 139 32
rect:991 602 44 102 44
rect:589 154 171 326 43
rect:838 341 86 165 44
CanterburyNZSeries2010_09.jpg 0x0
rect:307 96 199 220 45
rect:276 373 189 442 39
CanterburyNZSeries2010_10.jpg 0x0
rect:404 141 336 116 7
rect:213 550 308 97 6
rect:281 292 226 84 46
rect:302 318 456 290 6
CanterburyNZSeries2010_11.jpg 0x0
rect:291 240 351 171 5
rect:258 173 267 95 7
CanterburyNZSeries2010_12.jpg 0x0
rect:240 685 145 42 11
rect:496 356 195 61 11
rect:64 344 995 421 2
rect:5 305 1247 494 47
CanterburyNZSeries2010_13.jpg 0x0
rect:140 17 476 982 12
rect:521 185 86 504 11
Caracas1967_01.jpg 0x0
rect:573 73 223 210 48
rect:334 156 10 45 48
rect:363 140 40 122 48
rect:327 142 55 124 48
Caracas1967_02.jpg 0x0
rect:128 181 142 290 51
rect:159 289 41 37 50
rect:203 1 81 216 15
rect:149 513 51 45 49
Caracas1967_03.jpg 0x0
rect:208 362 136 119 34
rect:291 76 88 89 14
rect:284 345 32 135 27
rect:15 377 196 70 6
rect:320 311 48 72 26
rect:229 485 43 59 27
Caracas1967_04.jpg 0x0
rect:188 398 53 129 26
rect:113 408 25 121 27
rect:162 424 192 211 34
Caracas1967_05.jpg 0x0
rect:249 408 44 180 40
rect:468 192 53 298 40
rect:41 98 483 484 48
rect:49 100 269 497 41
rect:224 289 50 295 40
rect:61 348 216 234 52
rect:252 209 126 187 52
rect:265 268 33 219 40
rect:44 302 89 291 40
rect:178 395 59 304 40
Caracas1967_06.jpg 0x0
rect:410 239 80 59 6
rect:334 96 312 232 7
Caracas1967_07.jpg 0x0
rect:548 299 70 140 53
rect:243 151 43 146 27
rect:180 143 145 254 34
rect:542 415 117 90 53
rect:338 43 32 191 27
rect:571 185 96 289 34
rect:290 7 66 384 34
Caracas1967_08.jpg 0x0
rect:188 373 87 69 55
rect:452 157 72 130 54
rect:290 222 51 73 54
Caracas1967_09.jpg 0x0
rect:308 11 260 143 48
rect:94 199 66 62 48
rect:222 115 91 99 48
rect:28 243 55 55 48
Caracas1967_10.jpg 0x0
rect:41 160 284 272 41
rect:17 162 316 517 48
rect:522 401 78 189 40
rect:324 290 77 199 40
Caracas1967_11.jpg 0x0
rect:209 14 124 198 41
rect:35 12 336 873 48
rect:76 305 172 347 41
Caracas1967_12.jpg 0x0
rect:715 365 18 48 32
rect:556 188 34 35 34
rect:192 365 28 58 56
rect:804 210 20 58 32
Caracas1967_13.jpg 0x0
rect:112 451 127 196 55
Caracas1967_14.jpg 0x0
rect:128 116 660 184 57
rect:98 360 233 30 6
Chichi1999_01.jpg 0x0
rect:272 145 47 261 42
rect:4 8 678 145 58
Chichi1999_02.jpg 0x0
rect:6 78 494 135 58
rect:417 86 140 284 59
Chichi1999_03.jpg 0x0
rect:0 162 991 231 58
rect:98 214 51 111 60
Chichi1999_04.jpg 0x0
rect:178 -12 63 95 48
rect:140 180 83 253 48
rect:261 215 24 67 52
Chichi1999_05.jpg 0x0
rect:444 232 38 67 52
rect:334 235 31 43 41
rect:395 121 114 271 48
rect:313 113 61 40 41
Chichi1999_06.jpg 0x0
rect:704 -9 107 90 61
rect:114 13 424 193 10
rect:407 282 18 28 52
rect:338 180 55 79 48
rect:230 112 53 68 62
rect:588 134 46 43 41
Chichi1999_07.jpg 0x0
rect:41 216 592 187 63
rect:431 248 16 25 64
rect:309 159 25 25 64
rect:340 243 53 96 48
rect:717 303 43 128 48
rect:221 207 19 47 64
rect:177 123 41 205 48
Chichi1999_08.jpg 0x0
rect:95 12 447 384 10
Chichi1999_09.jpg 0x0
rect:302 129 150 97 41
rect:304 93 36 104 40
rect:281 101 70 98 40
rect:233 72 228 142 48
Chichi1999_10.jpg 0x0
rect:197 22 642 419 10
Chichi1999_11.jpg 0x0
rect:2 113 175 367 10
rect:149 239 78 83 65
Chichi1999_12.jpg 0x0
rect:11 25 471 578 66
Chichi1999_13.jpg 0x0
rect:24 45 933 364 10
Chichi1999_14.jpg 0x0
rect:345 369 28 24 39
rect:308 368 31 50 39
rect:96 344 70 66 67
rect:97 512 45 43 67
rect:93 497 46 37 67
rect:154 260 48 47 67
rect:128 468 34 36 67
rect:217 356 22 67 67
rect:152 351 21 41 67
rect:196 166 104 52 67
rect:105 304 27 57 67
rect:238 455 33 45 39
rect:149 373 26 43 67
rect:210 594 31 27 39
rect:267 560 46 61 67
rect:209 276 17 39 67
rect:342 587 51 66 67
Chichi1999_15.jpg 0x0
rect:189 32 242 490 41
Chichi1999_16.jpg 0x0
rect:174 133 71 141 32
Chichi1999_17.jpg 0x0
rect:125 415 24 39 32
Chichi1999_18.jpg 0x0
rect:179 265 33 106 69
rect:199 158 148 361 68
rect:249 382 42 107 70
rect:325 307 30 137 69
rect:373 218 35 174 69
rect:239 301 27 71 69
Chichi1999_19.jpg 0x0
rect:247 24 192 522 2
rect:297 127 209 367 3
YogyakartaInd2006_03.jpg 0x0
rect:226 359 332 137 71
rect:375 501 49 29 16
rect:220 33 68 2 15
rect:271 75 105 70 15
rect:488 81 67 47 16
rect:178 134 89 25 15
rect:206 164 18 8 16
rect:289 377 239 31 15
Chichi1999_20.jpg 0x0
rect:253 320 56 143 41
rect:209 235 110 258 42
Chichi1999_21.jpg 0x0
rect:55 388 169 127 5
rect:399 30 170 251 37
rect:243 246 120 95 6
rect:269 111 203 151 6
rect:533 8 163 87 57
rect:144 364 228 182 37
rect:19 4 230 127 30
rect:163 146 217 233 72
Chichi1999_22.jpg 0x0
rect:255 181 10 26 73
rect:265 136 231 199 10
rect:317 304 23 26 73
rect:532 201 21 25 73
Chichi1999_23.jpg 0x0
rect:333 375 90 127 73
rect:126 402 37 73 34
rect:372 384 40 78 34
rect:84 302 59 87 73
rect:3 65 634 201 74
rect:153 146 20 31 34
rect:312 141 23 33 26
rect:260 220 45 78 73
rect:134 152 75 52 73
rect:314 155 34 26 27
Chichi1999_24.jpg 0x0
rect:3 405 361 212 74
rect:252 331 88 69 34
rect:217 139 49 59 46
rect:148 170 95 95 75
rect:389 454 1 2 46
Chichi1999_25.jpg 0x0
rect:255 349 51 81 26
rect:110 252 213 279 73
rect:229 213 104 265 34
Chichi1999_26.jpg 0x0
rect:238 192 122 510 76
rect:127 670 122 150 73
rect:186 630 102 62 26
rect:172 673 85 138 27
rect:214 145 64 129 73
rect:283 15 36 27 73
Chichi1999_27.jpg 0x0
rect:202 272 111 245 32
Chichi1999_28.jpg 0x0
rect:15 60 258 168 6
rect:339 271 182 87 77
rect:125 135 174 174 5
rect:393 135 123 281 75
Chichi1999_29.jpg 0x0
rect:213 258 135 206 40
rect:168 220 236 342 48
rect:182 211 93 149 52
Chichi1999_30.jpg 0x0
rect:234 154 221 42 78
rect:238 115 206 59 52
rect:33 353 82 161 73
rect:217 125 327 265 40
Chichi1999_31.jpg 0x0
rect:115 69 103 323 79
rect:462 113 37 167 48
Chichi1999_32.jpg 0x0
rect:148 158 39 126 81
rect:158 9 94 428 80
rect:246 62 43 125 81
rect:450 121 44 258 39
Chichi1999_33.jpg 0x0
rect:387 183 43 100 49
rect:221 86 128 270 32
rect:295 89 133 273 56
rect:54 82 101 565 33
rect:165 186 60 124 49
rect:171 141 104 263 32
Chichi1999_34.jpg 0x0
rect:159 119 392 502 10
Duzce1999_01.jpg 0x0
rect:157 60 135 341 39
rect:87 192 75 91 41
Duzce1999_02.jpg 0x0
rect:68 53 186 375 41
Duzce1999_03.jpg 0x0
rect:0 183 72 298 31
rect:273 147 124 337 31
rect:118 67 125 237 42
Gediz1970_01.jpg 0x0
rect:147 96 306 477 68
rect:258 409 83 154 69
rect:175 415 87 359 69
Guatemala1976_01.jpg 0x0
rect:56 136 97 118 48
rect:510 173 143 146 48
rect:539 152 43 92 41
rect:73 123 39 54 41
rect:24 115 645 138 82
rect:46 210 46 48 52
Guatemala1976_02.jpg 0x0
rect:262 76 89 111 40
rect:225 70 294 269 48
Guatemala1976_03.jpg 0x0
rect:15 67 732 418 75
Guatemala1976_04.jpg 0x0
rect:587 199 119 254 4
rect:106 28 386 72 30
rect:38 51 349 199 30
rect:389 199 107 210 4
Guatemala1976_05.jpg 0x0
rect:130 70 505 351 48
rect:145 161 270 98 41
rect:119 177 390 217 40
Guatemala1976_06.jpg 0x0
rect:110 78 241 434 39
Guatemala1976_07.jpg 0x0
rect:31 277 545 321 10
rect:18 214 58 66 6
rect:187 734 164 71 83
Guatemala1976_08.jpg 0x0
rect:161 40 327 342 48
rect:355 73 237 297 40
rect:144 59 442 407 41
Guatemala1976_09.jpg 0x0
rect:391 350 72 25 85
rect:522 279 69 70 84
rect:730 236 44 62 85
rect:76 271 37 26 85
rect:183 289 39 22 84
rect:168 226 54 67 85
rect:291 301 40 50 84
rect:112 203 23 18 84
Guatemala1976_10.jpg 0x0
rect:219 148 171 192 86
rect:222 172 155 161 87
rect:243 270 35 137 87
Guatemala1976_11.jpg 0x0
rect:232 210 126 295 34
GujaratIndia2001_01.jpg 0x0
rect:204 347 168 108 2
rect:296 309 59 59 11
rect:31 433 173 129 4
rect:62 489 63 35 2
Haiti2010_01.jpg 0x0
rect:252 354 30 100 40
rect:476 244 99 152 4
rect:158 48 91 87 7
rect:510 608 154 215 4
rect:243 119 233 242 41
Haiti2010_02.jpg 0x0
rect:39 65 453 250 88
rect:339 41 181 65 14
Haiti2010_03.jpg 0x0
rect:157 436 220 150 32
rect:446 1 78 515 32
rect:207 576 48 50 49
rect:266 473 265 155 89
Haiti2010_04.jpg 0x0
rect:2 172 319 133 6
rect:179 52 241 265 34
rect:186 216 360 398 41
Haiti2010_05.jpg 0x0
rect:311 224 37 65 40
rect:203 203 297 581 90
rect:269 301 27 76 40
rect:257 195 228 120 52
Haiti2010_06.jpg 0x0
rect:591 209 585 552 91
rect:446 154 83 49 6
rect:469 119 198 408 33
rect:241 349 314 316 91
rect:495 276 81 247 32
rect:534 190 86 101 34
rect:236 376 29 52 34
ImperialValley1979_01.jpg 0x0
rect:42 336 106 90 50
rect:356 393 20 25 49
rect:260 397 47 41 32
rect:9 405 179 92 32
rect:317 401 54 23 49
rect:575 308 40 29 32
rect:536 382 18 22 49
rect:322 360 57 44 50
rect:13 335 94 90 49
rect:394 283 31 30 32
rect:313 378 36 38 50
ImperialValley1979_02.jpg 0x0
rect:190 66 244 187 32
rect:128 247 268 75 92
rect:434 136 102 168 50
rect:288 280 124 49 49
rect:359 209 37 188 50
rect:219 111 60 151 50
ImperialValley1979_03.jpg 0x0
rect:102 235 271 156 32
rect:179 360 73 143 50
rect:180 193 182 196 32
rect:430 203 74 203 50
rect:79 385 320 40 92
rect:137 445 283 48 92
rect:80 205 94 173 50
Izmit1999_01.jpg 0x0
rect:204 204 38 80 27
rect:307 94 54 199 27
rect:236 73 464 300 34
rect:242 122 36 165 27
rect:622 260 65 51 26
Izmit1999_02.jpg 0x0
rect:27 97 535 289 10
Izmit1999_03.jpg 0x0
rect:448 71 53 253 50
rect:394 80 36 166 50
rect:195 136 53 215 50
rect:453 95 31 226 50
rect:117 206 365 35 92
rect:128 30 389 428 93
rect:201 77 200 349 32
rect:200 71 65 344 50
Izmit1999_04.jpg 0x0
rect:60 477 36 62 42
rect:127 207 122 75 88
rect:349 460 22 50 40
rect:61 306 84 65 34
rect:273 279 76 91 41
rect:322 415 23 59 40
rect:70 495 47 136 41
rect:346 79 66 90 41
rect:344 72 105 123 48
rect:106 507 179 147 88
Izmit1999_05.jpg 0x0
rect:79 23 564 458 10
Izmit1999_06.jpg 0x0
rect:339 250 56 158 50
rect:113 205 86 189 50
rect:95 171 149 581 32
rect:96 217 79 213 50
rect:169 196 53 169 50
rect:119 282 166 95 49
Izmit1999_07.jpg 0x0
rect:354 394 94 461 4
rect:167 223 51 80 3
rect:439 145 82 105 3
rect:138 313 43 169 3
rect:22 127 293 490 2
rect:312 46 105 36 6
rect:264 157 45 127 3
Izmit1999_08.jpg 0x0
rect:436 7 82 85 45
rect:165 122 80 79 41
rect:576 115 46 30 52
rect:130 488 99 94 45
rect:589 58 61 89 41
rect:194 274 189 116 88
rect:112 28 65 114 34
Izmit1999_09.jpg 0x0
rect:61 150 32 60 41
rect:682 204 70 78 94
rect:213 163 47 37 41
rect:342 210 73 118 41
rect:688 234 55 87 41
rect:306 274 76 73 94
Izmit1999_10.jpg 0x0
rect:206 323 171 30 78
rect:209 121 145 166 40
rect:299 520 58 95 40
rect:356 738 74 34 78
rect:86 267 278 53 78
rect:198 204 108 214 40
rect:159 192 57 138 40
rect:60 238 250 48 78
rect:72 145 363 608 41
rect:83 190 107 181 40
rect:254 395 103 95 40
Izmit1999_11.jpg 0x0
rect:322 342 74 143 40
rect:261 444 121 98 41
rect:199 312 59 105 40
rect:225 179 101 208 41
rect:205 187 79 185 40
Izmit1999_12.jpg 0x0
rect:80 283 22 56 40
rect:71 265 63 64 52
rect:543 179 59 55 7
rect:319 232 50 71 41
rect:462 101 52 66 41
rect:517 134 156 204 91
rect:255 196 49 104 42
rect:303 306 50 114 52
rect:314 300 69 117 94
rect:1 281 30 51 41
rect:358 139 46 55 45
rect:228 295 53 145 41
rect:172 271 84 72 88
rect:76 76 25 19 6
rect:20 52 33 19 6
rect:54 332 78 70 94
rect:490 31 75 74 34
rect:224 148 45 33 6
Izmit1999_13.jpg 0x0
rect:252 63 135 411 48
rect:386 143 118 196 41
rect:185 308 47 109 41
rect:171 221 82 47 52
rect:159 214 100 121 94
rect:150 216 25 122 41
rect:4 55 107 183 42
rect:283 99 85 125 41
rect:126 105 74 38 6
Izmit1999_14.jpg 0x0
rect:311 347 75 48 34
rect:605 73 94 53 34
rect:349 176 97 80 35
rect:64 133 96 60 34
rect:480 236 93 55 34
rect:349 364 37 28 34
rect:477 6 135 86 35
rect:396 55 50 56 95
rect:446 428 36 21 34
Izmit1999_15.jpg 0x0
rect:145 135 276 457 42
Izmit1999_16.jpg 0x0
rect:88 45 406 506 33
rect:169 105 243 139 41
rect:143 49 328 312 39
rect:185 94 35 87 40
Izmit1999_17.jpg 0x0
rect:110 96 148 302 41
Izmit1999_18.jpg 0x0
rect:249 145 143 172 41
rect:134 162 123 304 39
Izmit1999_19.jpg 0x0
rect:213 71 282 389 96
rect:180 98 286 291 32
rect:507 108 35 113 50
rect:350 201 22 81 50
Kobe1995_01.jpg 0x0
rect:25 185 1040 152 63
Kobe1995_02.jpg 0x0
rect:2 55 343 405 68
Kobe1995_03.jpg 0x0
rect:44 52 331 607 10
Kobe1995_04.jpg 0x0
rect:302 375 71 49 41
Kobe1995_05.jpg 0x0
rect:434 132 170 527 40
rect:116 571 366 166 78
rect:4 184 132 665 40
rect:173 175 212 485 52
rect:32 339 440 67 78
Kobe1995_06.jpg 0x0
rect:135 318 377 257 42
rect:69 103 421 515 41
Kobe1995_07.jpg 0x0
rect:104 423 39 38 39
rect:424 164 32 26 39
rect:193 196 52 39 39
rect:302 256 41 31 39
rect:437 106 49 39 39
rect:166 454 26 46 39
rect:324 208 49 42 39
rect:83 190 31 54 39
rect:36 196 40 45 39
rect:182 309 27 35 39
rect:334 346 40 31 39
rect:229 250 26 25 39
rect:122 283 38 43 39
rect:193 263 27 42 39
rect:35 292 53 28 39
rect:275 552 55 46 39
rect:141 239 43 37 39
rect:191 130 29 44 39
rect:302 138 32 27 39
rect:484 351 36 59 39
rect:450 578 33 39 39
rect:441 285 28 38 39
rect:363 216 48 58 39
rect:491 403 39 29 39
rect:374 246 23 53 39
rect:291 328 40 31 39
Kobe1995_08.jpg 0x0
rect:238 61 528 158 97
Kobe1995_09.jpg 0x0
rect:138 615 60 86 88
rect:110 429 94 86 88
rect:80 394 59 64 88
rect:273 732 220 55 97
SanSalvador_1986_01.jpg 0x0
rect:55 3 124 212 68
rect:186 192 141 132 41
SanSalvador_1986_02.jpg 0x0
rect:222 126 27 29 41
rect:370 107 15 34 41
rect:376 314 56 62 41
rect:171 256 41 42 41
rect:133 197 39 46 41
rect:536 146 31 36 42
rect:413 255 32 46 41
rect:270 246 60 43 41
rect:658 130 34 35 41
SikkimIndia2001_01.jpg 0x0
rect:261 127 122 102 34
SikkimIndia2001_02.jpg 0x0
rect:-17 2 291 94 33
rect:9 6 297 72 16
rect:587 86 119 177 33
rect:8 134 61 51 54
rect:333 216 85 16 16
rect:165 86 143 342 33
rect:311 269 110 42 16
rect:611 131 75 30 16
SikkimIndia2001_03.jpg 0x0
rect:175 113 53 192 69
rect:277 190 74 194 70
rect:210 13 193 594 98
SikkimIndia2001_04.jpg 0x0
rect:324 116 109 199 34
rect:468 233 271 78 99
rect:3 29 340 333 99
SumatraInd2009_01.jpg 0x0
rect:265 25 70 334 81
SumatraInd2009_02.jpg 0x0
rect:238 99 188 194 41
WhittierNarrows1987_01.jpg 0x0
rect:13 33 587 340 10
WhittierNarrows1987_02.jpg 0x0
rect:136 359 138 272 41
WhittierNarrows1987_03.jpg 0x0
rect:260 119 185 199 32
WhittierNarrows1987_04.jpg 0x0
rect:299 12 325 128 100
rect:177 7 260 87 6
rect:235 40 108 194 41
YogyakartaInd2006_01.jpg 0x0
rect:289 97 389 60 49
rect:299 30 380 267 32
rect:174 -26 524 579 29
YogyakartaInd2006_02.jpg 0x0
rect:232 88 53 146 69
rect:470 85 82 164 70
rect:449 42 123 351 98
