Anchorage1964_01.jpg 0x0
rect:110 6 230 153 1
rect:90 416 186 181 1
Anchorage1964_02.jpg 0x0
rect:444 268 17 58 3
rect:61 39 71 11 6
rect:177 71 74 62 4
rect:149 289 422 134 2
rect:31 160 187 34 5
rect:391 343 34 57 3
rect:518 69 145 140 8
rect:482 298 15 71 3
rect:359 242 27 49 3
rect:297 230 19 72 3
rect:576 153 98 65 4
rect:159 115 94 50 7
rect:95 200 44 12 6
rect:275 358 32 59 3
rect:342 211 26 40 3
rect:287 319 28 52 3
rect:85 243 31 21 6
rect:29 26 134 33 5
rect:329 28 243 91 4
Anchorage1964_03.jpg 0x0
rect:0 214 718 86 10
rect:2 274 169 65 9
rect:271 96 435 218 9
Anchorage1964_04.jpg 0x0
rect:169 293 23 19 5
rect:355 246 20 35 1
rect:118 502 26 20 5
rect:443 65 37 22 5
rect:208 110 37 12 5
rect:166 332 31 16 5
rect:419 479 37 20 5
rect:334 168 27 27 5
rect:177 65 32 11 5
rect:290 208 17 19 1
rect:265 150 13 18 1
rect:295 294 7 1 1
rect:302 368 13 17 1
rect:362 273 28 18 5
rect:207 220 24 32 8
rect:307 509 21 32 1
rect:240 188 12 22 1
rect:182 284 34 15 5
rect:138 335 34 19 5
rect:210 426 19 32 1
rect:139 440 36 21 5
rect:385 419 27 25 5
rect:254 285 21 16 5
rect:339 127 24 22 5
rect:346 146 30 16 5
rect:244 615 54 20 2
rect:317 277 34 21 5
rect:158 137 33 22 5
rect:191 435 21 23 1
rect:304 445 23 21 5
rect:362 102 15 21 1
rect:241 145 35 21 5
rect:197 437 12 20 1
rect:141 21 36 22 5
rect:400 32 37 18 5
rect:434 394 25 17 5
rect:196 119 32 16 5
rect:297 371 24 20 1
rect:191 151 22 17 5
Anchorage1964_05.jpg 0x0
rect:437 279 42 35 5
rect:43 178 20 46 1
rect:643 27 39 66 1
rect:207 175 24 22 11
rect:204 174 132 40 6
rect:498 273 58 18 6
rect:406 124 31 58 1
rect:215 35 99 28 5
rect:247 42 127 62 6
rect:75 82 17 38 1
rect:418 1 49 48 1
rect:360 86 28 62 1
rect:339 277 63 49 8
rect:548 304 48 59 1
rect:47 179 24 35 1
rect:523 285 53 18 6
rect:92 270 23 39 1
rect:40 411 19 63 1
rect:568 215 30 54 1
rect:553 416 41 35 5
rect:79 87 18 40 1
rect:299 168 101 75 2
rect:129 20 22 38 1
rect:660 421 41 57 8
rect:137 184 109 24 5
rect:68 245 18 59 1
rect:388 270 47 30 11
rect:47 285 23 66 1
rect:564 132 35 57 1
Anchorage1964_06.jpg 0x0
rect:115 147 90 330 3
rect:93 69 185 382 12
rect:135 190 59 83 11
Anchorage1964_07.jpg 0x0
rect:259 104 143 182 11
rect:6 48 880 359 2
rect:7 411 403 23 14
rect:324 230 58 88 11
rect:15 300 343 42 11
rect:325 131 59 121 3
rect:326 162 36 137 13
rect:219 2 143 59 2
rect:443 204 314 152 2
Anchorage1964_08.jpg 0x0
rect:59 503 128 155 1
rect:50 76 141 96 1
rect:406 470 137 159 1
rect:68 344 137 83 1
rect:251 315 139 118 1
rect:233 28 137 90 1
Anchorage1964_09.jpg 0x0
rect:562 177 58 76 1
rect:14 13 344 14 15
rect:658 125 150 22 15
rect:113 316 69 66 8
rect:613 355 85 63 8
rect:14 13 67 15 16
rect:75 166 94 55 1
rect:428 144 118 25 15
rect:675 10 93 11 16
rect:495 8 310 12 15
rect:301 197 89 68 1
rect:384 113 75 76 1
rect:12 173 84 23 15
rect:72 178 61 7 16
rect:422 23 61 81 8
rect:100 48 66 64 8
rect:742 225 1 1 16
rect:198 125 227 13 15
rect:20 136 26 11 16
Anchorage1964_10.jpg 0x0
rect:80 232 279 447 1
rect:89 407 276 151 18
rect:263 237 108 145 17
rect:142 210 224 74 18
Anchorage1964_11.jpg 0x0
rect:141 213 633 70 2
rect:371 153 323 40 11
rect:211 146 513 21 15
rect:162 77 215 79 4
rect:407 162 145 104 1
rect:89 487 524 12 14
rect:381 7 134 39 1
rect:60 383 559 15 14
Anchorage1964_12.jpg 0x0
rect:332 60 58 205 3
rect:484 79 63 178 3
rect:12 64 760 201 2
rect:243 183 22 109 3
rect:368 65 143 124 11
Anchorage1964_13.jpg 0x0
rect:607 458 33 174 20
rect:387 488 148 22 2
rect:401 696 85 18 19
Anchorage1964_14.jpg 0x0
rect:225 10 77 275 11
rect:16 488 33 43 22
rect:10 678 205 85 11
rect:286 5 63 181 11
rect:204 631 51 41 22
rect:195 10 120 669 20
rect:405 501 161 79 23
rect:277 293 154 44 15
rect:87 210 178 34 15
rect:131 526 28 78 22
rect:261 206 72 109 21
rect:34 554 59 70 22
Anchorage1964_15.jpg 0x0
rect:370 8 69 53 4
rect:240 89 85 462 20
rect:262 129 63 69 25
rect:448 314 145 36 11
rect:194 337 197 40 15
rect:179 119 36 65 11
rect:428 190 121 30 24
rect:328 522 157 66 2
rect:280 10 82 75 4
Anchorage1964_16.jpg 0x0
rect:449 255 144 221 2
rect:278 169 284 206 11
rect:64 290 86 102 11
rect:11 141 164 161 2
rect:247 107 294 97 2
rect:14 379 75 56 2
Anchorage1964_17.jpg 0x0
rect:7 204 685 209 10
rect:368 45 288 202 9
rect:10 134 262 162 9
Anchorage1964_18.jpg 0x0
rect:409 332 60 21 2
rect:611 212 27 21 2
rect:679 154 104 62 4
rect:547 187 100 107 4
rect:636 308 66 15 2
rect:138 203 87 36 11
rect:170 205 18 48 11
rect:436 372 390 29 15
rect:131 163 90 87 4
rect:308 262 32 54 11
Anchorage1964_19.jpg 0x0
rect:523 123 27 33 26
rect:339 114 56 48 26
rect:304 132 25 27 27
rect:388 278 35 76 26
rect:417 238 12 26 26
rect:535 99 21 45 26
rect:389 72 88 174 29
rect:409 143 53 33 28
rect:541 209 13 40 26
rect:560 175 10 8 26
rect:444 168 8 20 26
rect:429 265 19 38 26
rect:332 146 20 39 29
rect:753 175 8 12 26
rect:25 342 26 78 27
rect:301 98 51 84 29
rect:674 298 38 29 28
rect:5 243 80 122 26
Anchorage1964_20.jpg 0x0
rect:178 425 60 136 26
rect:220 78 84 51 27
rect:336 441 41 105 26
rect:248 78 112 73 26
rect:133 84 102 124 29
Anchorage1964_21.jpg 0x0
rect:2 95 36 35 26
rect:38 210 26 25 26
rect:145 135 669 127 30
rect:-7 56 88 123 29
Bingol2003_01.jpg 0x0
rect:656 256 65 67 33
rect:599 502 99 54 33
rect:493 112 108 82 6
rect:363 159 96 74 33
rect:562 158 53 143 34
rect:783 330 57 65 6
rect:537 76 184 263 31
rect:243 111 79 22 6
rect:656 225 200 204 31
rect:554 560 146 94 6
rect:560 68 80 63 6
rect:970 267 132 52 33
rect:401 402 51 63 34
rect:643 414 42 202 32
rect:2 433 777 176 10
rect:385 399 98 86 6
rect:132 246 62 65 33
rect:404 302 49 49 6
rect:24 216 52 83 33
Bingol2003_02.jpg 0x0
rect:452 304 326 144 35
rect:151 454 209 244 32
rect:306 224 899 556 31
rect:139 103 448 141 34
rect:1099 76 129 101 36
rect:218 336 98 443 32
rect:628 325 109 131 26
rect:346 362 59 75 6
Bingol2003_03.jpg 0x0
rect:863 230 315 703 4
rect:97 47 94 114 33
rect:315 141 162 60 11
rect:806 482 236 338 2
rect:287 190 295 180 2
rect:92 31 158 34 2
rect:685 -8 271 188 4
Bingol2003_04.jpg 0x0
rect:87 505 93 58 2
rect:223 424 48 91 3
rect:102 601 24 86 3
rect:82 688 23 79 3
rect:140 457 187 188 2
rect:414 715 112 90 2
rect:334 339 173 204 4
rect:201 552 24 82 3
CanterburyNZSeries2010_01.jpg 0x0
rect:107 102 137 252 12
CanterburyNZSeries2010_02.jpg 0x0
rect:37 9 216 342 37
rect:61 52 188 170 6
CanterburyNZSeries2010_03.jpg 0x0
rect:46 92 268 102 38
CanterburyNZSeries2010_04.jpg 0x0
rect:177 415 20 199 40
rect:444 321 18 72 40
rect:255 8 121 147 42
rect:246 254 204 262 39
rect:237 373 28 80 40
rect:321 449 21 48 40
rect:400 263 46 141 40
rect:259 517 121 169 41
CanterburyNZSeries2010_05.jpg 0x0
rect:399 198 184 129 15
rect:268 367 243 412 4
CanterburyNZSeries2010_06.jpg 0x0
rect:179 176 206 127 2
rect:56 121 659 577 4
CanterburyNZSeries2010_08.jpg 0x0
rect:637 109 211 296 43
rect:575 379 85 135 44
rect:901 640 34 156 32
rect:1095 443 58 159 44
CanterburyNZSeries2010_09.jpg 0x0
rect:304 255 122 349 39
rect:175 135 168 159 45
CanterburyNZSeries2010_10.jpg 0x0
rect:288 209 344 153 6
rect:216 597 243 88 6
rect:422 178 329 152 7
rect:247 295 198 99 46
CanterburyNZSeries2010_11.jpg 0x0
rect:218 289 377 147 7
rect:420 369 285 168 5
CanterburyNZSeries2010_12.jpg 0x0
rect:210 687 152 37 11
rect:4 359 777 291 47
rect:66 373 892 340 2
rect:591 374 215 60 11
CanterburyNZSeries2010_13.jpg 0x0
rect:149 14 553 972 12
rect:287 214 149 549 11
Caracas1967_01.jpg 0x0
rect:314 138 39 119 48
rect:375 126 11 58 48
rect:429 118 86 109 48
rect:449 74 189 320 48
Caracas1967_02.jpg 0x0
rect:129 244 168 321 51
rect:321 1 142 120 15
rect:133 369 33 41 50
rect:113 352 59 59 49
Caracas1967_03.jpg 0x0
rect:17 281 234 119 6
rect:309 62 61 118 14
rect:207 327 23 61 27
rect:278 421 69 95 26
rect:384 254 40 81 27
rect:226 288 96 161 34
Caracas1967_04.jpg 0x0
rect:174 305 62 118 26
rect:128 292 21 87 27
rect:175 412 196 127 34
Caracas1967_05.jpg 0x0
rect:296 187 45 317 40
rect:396 278 44 149 40
rect:28 68 388 671 48
rect:90 397 163 179 52
rect:219 356 41 153 40
rect:289 185 106 195 52
rect:149 306 44 217 40
rect:40 122 247 379 41
rect:299 241 69 190 40
rect:44 395 66 338 40
Caracas1967_06.jpg 0x0
rect:308 88 254 298 7
rect:281 300 54 52 6
Caracas1967_07.jpg 0x0
rect:272 165 54 190 27
rect:542 310 123 268 34
rect:498 7 99 306 34
rect:317 220 110 123 53
rect:410 490 81 87 53
rect:471 42 38 233 27
rect:203 104 138 150 34
Caracas1967_08.jpg 0x0
rect:254 383 80 129 55
rect:451 260 78 95 54
rect:279 375 58 128 54
Caracas1967_09.jpg 0x0
rect:78 206 54 83 48
rect:202 216 95 73 48
rect:31 193 58 67 48
rect:359 15 262 183 48
Caracas1967_10.jpg 0x0
rect:30 275 194 351 41
rect:267 286 75 177 40
rect:435 259 95 149 40
rect:20 127 442 364 48
Caracas1967_11.jpg 0x0
rect:243 11 177 324 41
rect:76 221 179 341 41
rect:58 12 540 588 48
Caracas1967_12.jpg 0x0
rect:180 298 32 48 56
rect:502 212 33 48 34
rect:473 260 20 73 32
rect:669 228 26 35 32
Caracas1967_13.jpg 0x0
rect:129 398 152 244 55
Caracas1967_14.jpg 0x0
rect:137 372 268 30 6
rect:104 126 691 193 57
Chichi1999_01.jpg 0x0
rect:278 101 65 280 42
rect:4 9 807 160 58
Chichi1999_02.jpg 0x0
rect:7 111 455 166 58
rect:248 75 170 397 59
Chichi1999_03.jpg 0x0
rect:0 194 918 192 58
rect:54 168 81 136 60
Chichi1999_04.jpg 0x0
rect:195 158 78 354 48
rect:255 -15 41 167 48
rect:299 209 22 64 52
Chichi1999_05.jpg 0x0
rect:292 200 39 72 52
rect:313 299 37 24 41
rect:335 163 75 212 48
rect:364 104 40 50 41
Chichi1999_06.jpg 0x0
rect:573 -14 82 52 61
rect:125 21 569 150 10
rect:779 153 49 73 41
rect:444 278 27 32 52
rect:373 156 58 80 62
rect:395 161 52 79 48
Chichi1999_07.jpg 0x0
rect:328 208 59 116 48
rect:172 150 23 36 64
rect:357 180 31 44 64
rect:180 198 34 190 48
rect:583 249 63 69 48
rect:450 281 19 28 64
rect:52 189 751 124 63
Chichi1999_08.jpg 0x0
rect:122 15 592 336 10
Chichi1999_09.jpg 0x0
rect:199 125 63 62 40
rect:297 120 121 121 41
rect:199 87 253 141 48
rect:205 79 37 61 40
Chichi1999_10.jpg 0x0
rect:154 18 606 341 10
Chichi1999_11.jpg 0x0
rect:101 237 88 89 65
rect:2 125 134 507 10
Chichi1999_12.jpg 0x0
rect:12 18 284 735 66
Chichi1999_13.jpg 0x0
rect:42 37 682 490 10
Chichi1999_14.jpg 0x0
rect:163 370 30 65 67
rect:274 419 28 27 39
rect:369 500 47 40 67
rect:281 364 22 38 39
rect:118 424 77 62 67
rect:143 169 37 80 67
rect:114 446 31 49 67
rect:96 415 40 79 67
rect:165 188 93 39 67
rect:429 458 57 87 67
rect:228 522 20 37 39
rect:234 249 34 62 67
rect:193 637 35 31 67
rect:289 218 32 53 39
rect:220 284 16 56 67
rect:101 428 30 41 67
rect:68 378 41 49 67
Chichi1999_15.jpg 0x0
rect:190 24 291 475 41
Chichi1999_16.jpg 0x0
rect:153 167 54 158 32
Chichi1999_17.jpg 0x0
rect:153 360 30 48 32
Chichi1999_18.jpg 0x0
rect:347 321 31 101 69
rect:191 242 33 102 69
rect:198 213 39 85 70
rect:122 216 145 330 68
rect:158 248 30 161 69
rect:332 244 32 179 69
Chichi1999_19.jpg 0x0
rect:283 104 221 338 3
rect:224 21 343 338 2
YogyakartaInd2006_03.jpg 0x0
rect:168 503 293 37 15
rect:311 26 73 2 15
rect:210 143 85 23 15
rect:287 244 398 117 71
rect:230 196 23 8 16
rect:417 80 75 29 16
rect:293 372 56 22 16
rect:300 64 169 50 15
Chichi1999_20.jpg 0x0
rect:132 268 119 402 42
rect:189 367 67 194 41
Chichi1999_21.jpg 0x0
rect:230 383 84 157 6
rect:22 3 185 116 30
rect:400 31 251 185 37
rect:161 92 288 365 72
rect:215 202 204 118 37
rect:296 115 180 111 6
rect:96 441 174 90 5
rect:507 8 164 144 57
Chichi1999_22.jpg 0x0
rect:235 295 10 16 73
rect:340 306 16 14 73
rect:289 189 348 137 10
rect:194 177 19 20 73
Chichi1999_23.jpg 0x0
rect:322 236 22 23 26
rect:124 266 37 101 34
rect:168 206 20 27 34
rect:304 204 57 72 73
rect:110 308 49 123 73
rect:282 267 77 130 73
rect:299 357 48 82 34
rect:278 161 23 27 27
rect:4 75 497 147 74
rect:130 217 74 55 73
Chichi1999_24.jpg 0x0
rect:176 124 169 93 75
rect:3 246 379 143 74
rect:278 199 40 78 46
rect:248 258 88 61 34
rect:446 269 1 2 46
Chichi1999_25.jpg 0x0
rect:269 426 58 53 26
rect:173 239 139 309 73
rect:149 187 151 283 34
Chichi1999_26.jpg 0x0
rect:233 158 42 116 73
rect:153 665 90 86 26
rect:132 718 109 141 27
rect:250 17 48 22 73
rect:187 199 131 352 76
rect:138 686 134 117 73
Chichi1999_27.jpg 0x0
rect:223 246 92 240 32
Chichi1999_28.jpg 0x0
rect:288 172 160 266 75
rect:125 76 136 230 5
rect:19 66 264 147 6
rect:201 315 256 139 77
Chichi1999_29.jpg 0x0
rect:255 193 70 127 52
rect:183 236 82 135 40
rect:127 253 263 314 48
Chichi1999_30.jpg 0x0
rect:33 339 100 168 73
rect:163 268 203 43 78
rect:236 129 193 280 40
rect:273 132 173 96 52
Chichi1999_31.jpg 0x0
rect:598 74 58 212 48
rect:182 94 143 359 79
Chichi1999_32.jpg 0x0
rect:120 10 102 269 80
rect:213 279 46 105 81
rect:234 56 41 160 81
rect:674 129 51 161 39
Chichi1999_33.jpg 0x0
rect:286 65 138 241 32
rect:368 118 31 96 49
rect:64 54 131 380 33
rect:140 170 63 99 49
rect:318 128 115 202 56
rect:144 123 116 245 32
Chichi1999_34.jpg 0x0
rect:118 73 534 256 10
Duzce1999_01.jpg 0x0
rect:180 47 133 227 39
rect:152 149 130 104 41
Duzce1999_02.jpg 0x0
rect:62 43 121 409 41
Duzce1999_03.jpg 0x0
rect:207 142 124 196 31
rect:111 67 79 197 42
rect:0 221 82 205 31
Gediz1970_01.jpg 0x0
rect:165 91 219 509 68
rect:265 393 87 141 69
rect:97 372 126 242 69
Guatemala1976_01.jpg 0x0
rect:27 89 479 143 82
rect:63 191 59 39 52
rect:559 177 82 73 41
rect:366 151 115 164 48
rect:58 206 59 36 41
rect:39 187 109 90 48
Guatemala1976_02.jpg 0x0
rect:314 68 99 113 40
rect:174 63 252 295 48
Guatemala1976_03.jpg 0x0
rect:14 96 684 358 75
Guatemala1976_04.jpg 0x0
rect:348 220 128 288 4
rect:48 69 624 204 30
rect:608 149 119 374 4
rect:107 33 461 67 30
Guatemala1976_05.jpg 0x0
rect:133 94 293 423 48
rect:175 111 387 125 41
rect:155 109 272 137 40
Guatemala1976_06.jpg 0x0
rect:114 85 177 360 39
Guatemala1976_07.jpg 0x0
rect:18 268 44 68 6
rect:29 204 502 424 10
rect:285 545 90 82 83
Guatemala1976_08.jpg 0x0
rect:149 50 379 474 41
rect:193 39 412 323 48
rect:333 67 218 306 40
Guatemala1976_09.jpg 0x0
rect:456 305 71 78 84
rect:137 192 46 67 85
rect:189 335 44 27 84
rect:116 371 32 26 84
rect:115 352 44 26 85
rect:348 280 90 27 85
rect:686 269 50 52 84
rect:775 337 66 60 85
Guatemala1976_10.jpg 0x0
rect:207 128 321 345 86
rect:223 95 164 178 87
rect:396 410 37 101 87
Guatemala1976_11.jpg 0x0
rect:254 250 96 259 34
GujaratIndia2001_01.jpg 0x0
rect:180 428 284 67 2
rect:246 490 70 58 11
rect:54 358 54 33 2
rect:36 310 207 192 4
Haiti2010_01.jpg 0x0
rect:257 140 194 254 41
rect:349 532 239 223 4
rect:468 207 137 132 4
rect:102 50 87 94 7
rect:244 358 26 179 40
Haiti2010_02.jpg 0x0
rect:62 95 334 250 88
rect:279 26 219 55 14
Haiti2010_03.jpg 0x0
rect:324 695 168 192 89
rect:314 371 84 59 49
rect:241 427 193 216 32
rect:376 1 65 475 32
Haiti2010_04.jpg 0x0
rect:185 65 193 362 34
rect:2 161 199 153 6
rect:202 344 254 642 41
Haiti2010_05.jpg 0x0
rect:424 306 27 76 40
rect:184 283 169 117 52
rect:205 208 34 90 40
rect:297 203 194 375 90
Haiti2010_06.jpg 0x0
rect:384 194 54 45 6
rect:305 157 241 474 33
rect:398 138 643 746 91
rect:215 243 379 481 91
rect:446 165 50 77 34
rect:271 254 33 53 34
rect:572 290 72 189 32
ImperialValley1979_01.jpg 0x0
rect:332 243 61 79 50
rect:453 392 17 22 49
rect:306 276 55 19 49
rect:59 312 74 138 50
rect:18 252 77 68 49
rect:474 304 43 51 32
rect:409 264 25 28 50
rect:15 412 131 138 32
rect:251 296 41 54 32
rect:617 258 20 22 49
rect:603 300 27 35 32
ImperialValley1979_02.jpg 0x0
rect:149 225 228 80 92
rect:369 166 115 224 50
rect:325 143 62 146 50
rect:189 191 129 41 49
rect:212 82 186 292 32
rect:211 120 73 218 50
ImperialValley1979_03.jpg 0x0
rect:166 267 271 208 32
rect:77 331 322 24 92
rect:210 349 90 165 50
rect:77 300 194 38 92
rect:124 145 191 105 32
rect:285 373 75 212 50
rect:73 294 60 242 50
Izmit1999_01.jpg 0x0
rect:220 82 291 351 34
rect:436 203 46 80 26
rect:192 153 45 130 27
rect:364 67 43 227 27
rect:159 277 26 141 27
Izmit1999_02.jpg 0x0
rect:24 135 612 185 10
Izmit1999_03.jpg 0x0
rect:159 40 368 390 93
rect:498 108 46 259 50
rect:298 70 43 168 50
rect:302 55 231 348 32
rect:451 94 36 166 50
rect:181 252 281 30 92
rect:217 70 50 247 50
rect:282 169 36 156 50
Izmit1999_04.jpg 0x0
rect:467 295 18 60 40
rect:275 306 17 74 40
rect:430 271 69 87 41
rect:105 247 158 79 88
rect:63 397 45 95 42
rect:78 475 261 144 88
rect:47 444 87 48 34
rect:229 83 73 80 48
rect:48 497 55 89 41
rect:329 84 86 78 41
Izmit1999_05.jpg 0x0
rect:90 34 637 487 10
Izmit1999_06.jpg 0x0
rect:113 215 120 104 49
rect:298 236 53 122 50
rect:138 254 81 233 50
rect:62 310 84 153 50
rect:158 166 188 436 32
rect:382 272 47 188 50
Izmit1999_07.jpg 0x0
rect:327 270 30 81 3
rect:188 224 46 152 3
rect:270 68 124 60 6
rect:447 401 70 263 4
rect:368 130 73 58 3
rect:23 118 321 717 2
rect:241 233 51 78 3
Izmit1999_08.jpg 0x0
rect:105 19 112 119 34
rect:471 97 67 35 52
rect:413 83 78 83 41
rect:156 176 155 87 88
rect:182 501 63 93 45
rect:150 115 60 57 41
rect:514 6 89 88 45
Izmit1999_09.jpg 0x0
rect:324 262 89 90 41
rect:255 271 140 75 94
rect:64 188 59 63 41
rect:537 273 55 89 94
rect:241 192 51 34 41
rect:604 300 66 62 41
Izmit1999_10.jpg 0x0
rect:166 411 103 37 78
rect:305 749 77 25 78
rect:64 112 91 164 40
rect:329 98 169 126 40
rect:130 170 82 241 40
rect:288 170 72 175 40
rect:357 513 70 83 40
rect:140 377 304 47 78
rect:55 207 350 31 78
rect:91 190 349 550 41
rect:371 566 107 113 40
Izmit1999_11.jpg 0x0
rect:250 205 132 154 41
rect:181 232 95 206 40
rect:346 312 63 211 40
rect:219 273 79 159 40
rect:210 510 117 98 41
Izmit1999_12.jpg 0x0
rect:237 205 42 116 42
rect:100 355 22 44 40
rect:331 214 125 110 94
rect:298 124 46 21 6
rect:288 289 73 116 41
rect:325 98 42 66 41
rect:389 407 51 97 52
rect:117 266 74 66 88
rect:49 212 54 80 52
rect:486 31 81 62 34
rect:476 131 228 230 91
rect:522 197 48 71 41
rect:53 283 75 119 94
rect:429 131 59 67 7
rect:373 124 50 60 45
rect:78 97 47 26 6
rect:1 279 24 46 41
rect:15 86 47 30 6
Izmit1999_13.jpg 0x0
rect:98 90 52 44 6
rect:221 221 34 65 41
rect:5 79 100 174 42
rect:200 75 81 134 41
rect:156 331 65 55 52
rect:479 126 88 266 41
rect:134 230 97 159 94
rect:297 62 153 298 48
rect:121 321 40 123 41
Izmit1999_14.jpg 0x0
rect:569 336 89 30 34
rect:367 146 78 100 35
rect:572 89 78 76 34
rect:63 170 108 72 34
rect:504 7 115 93 35
rect:463 60 57 55 95
rect:422 363 25 17 34
rect:548 306 72 35 34
rect:189 425 60 33 34
Izmit1999_15.jpg 0x0
rect:103 142 192 465 42
Izmit1999_16.jpg 0x0
rect:202 146 41 126 40
rect:147 134 156 151 41
rect:88 80 407 405 33
rect:156 77 312 364 39
Izmit1999_17.jpg 0x0
rect:137 122 219 227 41
Izmit1999_18.jpg 0x0
rect:224 131 150 328 39
rect:220 171 138 181 41
Izmit1999_19.jpg 0x0
rect:215 144 227 311 32
rect:270 88 227 226 96
rect:422 147 36 82 50
rect:444 145 23 93 50
Kobe1995_01.jpg 0x0
rect:24 150 618 187 63
Kobe1995_02.jpg 0x0
rect:2 78 423 667 68
Kobe1995_03.jpg 0x0
rect:30 45 370 482 10
Kobe1995_04.jpg 0x0
rect:341 271 55 63 41
Kobe1995_05.jpg 0x0
rect:346 145 215 564 40
rect:90 521 280 130 78
rect:40 351 504 92 78
rect:4 137 103 550 40
rect:115 210 223 575 52
Kobe1995_06.jpg 0x0
rect:43 164 457 346 41
rect:143 420 338 327 42
Kobe1995_07.jpg 0x0
rect:503 308 34 30 39
rect:294 237 24 40 39
rect:222 242 29 41 39
rect:142 155 34 52 39
rect:321 311 41 48 39
rect:150 292 24 49 39
rect:128 254 44 47 39
rect:55 226 30 40 39
rect:279 192 34 36 39
rect:405 173 54 45 39
rect:303 268 33 47 39
rect:259 481 56 29 39
rect:122 136 42 35 39
rect:563 370 26 24 39
rect:158 264 32 48 39
rect:247 81 26 35 39
rect:143 306 39 24 39
rect:230 587 37 32 39
rect:44 332 36 28 39
rect:344 329 30 27 39
rect:335 369 25 43 39
rect:361 183 39 53 39
rect:384 313 27 33 39
rect:555 175 34 35 39
rect:313 121 50 23 39
rect:172 285 32 36 39
Kobe1995_08.jpg 0x0
rect:343 74 325 270 97
Kobe1995_09.jpg 0x0
rect:266 559 136 65 97
rect:79 449 93 67 88
rect:139 619 68 67 88
rect:97 461 88 82 88
SanSalvador_1986_01.jpg 0x0
rect:194 152 107 155 41
rect:83 3 129 281 68
SanSalvador_1986_02.jpg 0x0
rect:421 276 29 41 41
rect:556 184 38 36 41
rect:437 178 19 35 41
rect:526 134 30 34 41
rect:361 179 44 32 42
rect:113 341 29 49 41
rect:266 226 47 34 41
rect:129 205 27 38 41
rect:135 161 39 36 41
SikkimIndia2001_01.jpg 0x0
rect:278 174 146 100 34
SikkimIndia2001_02.jpg 0x0
rect:394 87 69 48 16
rect:11 170 48 58 54
rect:310 120 106 205 33
rect:470 192 77 14 16
rect:343 317 72 37 16
rect:10 5 293 80 16
rect:154 62 219 465 33
rect:-16 2 314 75 33
SikkimIndia2001_03.jpg 0x0
rect:214 12 135 327 98
rect:241 97 76 242 69
rect:270 218 107 221 70
SikkimIndia2001_04.jpg 0x0
rect:320 203 109 175 34
rect:3 35 349 345 99
rect:309 165 312 79 99
SumatraInd2009_01.jpg 0x0
rect:332 21 85 349 81
SumatraInd2009_02.jpg 0x0
rect:158 71 152 212 41
WhittierNarrows1987_01.jpg 0x0
rect:13 24 741 441 10
WhittierNarrows1987_02.jpg 0x0
rect:164 336 138 212 41
WhittierNarrows1987_03.jpg 0x0
rect:224 120 147 192 32
WhittierNarrows1987_04.jpg 0x0
rect:207 9 219 78 6
rect:251 14 288 150 100
rect:269 46 84 151 41
YogyakartaInd2006_01.jpg 0x0
rect:136 -21 376 510 29
rect:390 98 364 73 49
rect:214 26 254 315 32
YogyakartaInd2006_02.jpg 0x0
rect:232 134 55 199 69
rect:320 69 186 303 98
rect:379 109 80 198 70
