Anchorage1964_01.jpg 0x0
rect:77 7 192 124 1
rect:68 447 252 173 1
Anchorage1964_02.jpg 0x0
rect:155 178 69 13 6
rect:328 365 25 52 3
rect:404 271 23 69 3
rect:28 162 170 32 5
rect:474 328 14 40 3
rect:343 173 75 57 4
rect:153 189 82 68 7
rect:456 226 21 42 3
rect:112 265 18 16 6
rect:29 31 157 56 5
rect:621 188 15 43 3
rect:574 68 133 149 8
rect:173 23 315 75 4
rect:300 319 26 70 3
rect:285 71 85 98 4
rect:182 305 32 75 3
rect:69 31 63 17 6
rect:258 243 24 47 3
rect:150 325 248 96 2
Anchorage1964_03.jpg 0x0
rect:0 271 729 56 10
rect:2 181 157 58 9
rect:274 79 319 167 9
Anchorage1964_04.jpg 0x0
rect:207 228 23 16 5
rect:327 73 36 22 5
rect:272 25 30 19 5
rect:186 528 56 16 2
rect:298 186 18 25 1
rect:115 378 28 11 5
rect:222 339 23 21 5
rect:182 474 37 16 5
rect:289 518 42 22 5
rect:433 212 36 22 5
rect:268 304 28 13 5
rect:434 145 38 12 5
rect:402 66 40 20 5
rect:414 400 29 22 5
rect:121 25 24 16 5
rect:375 261 26 18 5
rect:305 240 20 29 1
rect:291 495 18 21 1
rect:225 503 24 34 1
rect:174 183 21 21 5
rect:169 203 33 20 5
rect:336 408 30 22 5
rect:347 333 42 20 5
rect:139 151 35 20 5
rect:320 160 26 37 1
rect:219 444 16 19 1
rect:268 284 9 1 1
rect:122 75 30 15 5
rect:216 381 14 19 1
rect:115 105 22 27 5
rect:274 220 20 26 8
rect:373 377 10 23 1
rect:277 233 14 25 1
rect:127 280 43 15 5
rect:403 165 24 23 5
rect:315 417 18 25 1
rect:200 88 30 13 5
rect:240 113 15 32 1
rect:361 176 30 23 5
Anchorage1964_05.jpg 0x0
rect:79 113 17 30 1
rect:76 19 22 27 1
rect:394 173 19 23 11
rect:676 216 58 43 5
rect:85 103 18 60 1
rect:547 330 41 70 1
rect:181 47 119 41 5
rect:556 113 37 80 1
rect:46 273 17 65 1
rect:62 186 25 40 1
rect:415 348 54 90 8
rect:434 287 46 29 5
rect:349 1 37 50 1
rect:529 283 53 19 6
rect:61 62 21 53 1
rect:151 172 95 23 5
rect:218 192 154 56 6
rect:455 155 54 76 1
rect:314 123 31 73 1
rect:550 357 60 18 6
rect:84 254 23 46 1
rect:615 22 34 48 1
rect:445 223 39 19 11
rect:101 217 26 51 1
rect:30 492 17 42 1
rect:254 183 162 80 2
rect:388 261 57 52 8
rect:519 94 39 49 1
rect:249 45 101 51 6
Anchorage1964_06.jpg 0x0
rect:98 64 258 483 12
rect:132 150 118 249 3
rect:216 226 66 94 11
Anchorage1964_07.jpg 0x0
rect:6 393 485 36 14
rect:515 168 92 106 11
rect:8 53 839 354 2
rect:264 341 417 208 2
rect:187 2 132 47 2
rect:349 95 48 114 3
rect:323 172 44 86 13
rect:357 146 158 135 11
rect:18 229 295 32 11
Anchorage1964_08.jpg 0x0
rect:41 611 72 170 1
rect:44 64 135 114 1
rect:53 295 123 133 1
rect:227 334 128 117 1
rect:263 26 83 136 1
rect:414 483 150 136 1
Anchorage1964_09.jpg 0x0
rect:60 138 58 11 16
rect:344 163 81 64 1
rect:13 13 429 15 15
rect:105 53 74 87 8
rect:587 38 101 72 8
rect:14 139 120 22 15
rect:122 376 91 82 8
rect:109 176 209 15 15
rect:349 103 112 26 15
rect:652 163 1 1 16
rect:589 6 246 15 15
rect:548 85 166 15 15
rect:12 102 16 11 16
rect:621 360 100 50 8
rect:683 11 114 12 16
rect:12 16 77 17 16
rect:230 156 75 71 1
rect:101 226 60 91 1
rect:665 168 87 94 1
Anchorage1964_10.jpg 0x0
rect:202 291 90 101 17
rect:101 537 272 111 18
rect:80 179 310 397 1
rect:186 202 197 87 18
Anchorage1964_11.jpg 0x0
rect:466 7 98 38 1
rect:231 171 364 38 11
rect:120 181 534 97 2
rect:106 298 743 24 14
rect:405 135 166 125 1
rect:176 68 203 96 4
rect:157 185 300 25 15
rect:55 447 463 14 14
Anchorage1964_12.jpg 0x0
rect:467 71 121 140 11
rect:177 178 31 108 3
rect:9 59 452 293 2
rect:325 87 58 238 3
rect:328 106 45 159 3
Anchorage1964_13.jpg 0x0
rect:380 487 128 18 19
rect:426 353 23 177 20
rect:366 655 232 26 2
Anchorage1964_14.jpg 0x0
rect:393 521 224 78 23
rect:124 766 29 60 22
rect:103 240 132 27 15
rect:272 325 63 81 21
rect:26 792 32 47 22
rect:8 474 140 95 11
rect:427 6 71 107 11
rect:31 513 58 84 22
rect:372 225 194 68 15
rect:218 538 43 62 22
rect:142 14 75 480 20
rect:341 14 81 243 11
Anchorage1964_15.jpg 0x0
rect:181 277 201 37 15
rect:269 87 62 65 25
rect:299 281 141 39 24
rect:312 8 75 75 4
rect:133 93 87 526 20
rect:176 106 36 50 11
rect:176 359 193 46 2
rect:327 11 68 58 4
rect:444 311 99 56 11
Anchorage1964_16.jpg 0x0
rect:172 260 186 181 11
rect:454 220 102 210 2
rect:264 94 238 128 2
rect:14 363 83 57 2
rect:17 147 196 209 2
rect:67 242 109 128 11
Anchorage1964_17.jpg 0x0
rect:9 166 860 271 10
rect:280 61 184 241 9
rect:14 127 190 123 9
Anchorage1964_18.jpg 0x0
rect:439 319 44 67 11
rect:630 307 46 20 2
rect:154 147 59 137 4
rect:497 291 106 19 2
rect:628 136 119 110 4
rect:165 287 24 52 11
rect:110 324 74 41 11
rect:354 110 84 87 4
rect:611 372 44 17 2
rect:266 344 240 32 15
Anchorage1964_19.jpg 0x0
rect:354 91 71 95 29
rect:636 215 9 13 26
rect:366 105 31 25 26
rect:433 219 12 27 26
rect:254 107 26 22 27
rect:915 187 8 7 26
rect:544 190 57 45 28
rect:213 78 70 45 26
rect:486 212 44 33 28
rect:351 382 54 70 26
rect:33 336 35 88 27
rect:498 107 31 106 29
rect:335 152 21 73 29
rect:383 117 14 36 26
rect:358 170 8 15 26
rect:324 181 21 34 26
rect:6 308 93 181 26
rect:418 215 11 20 26
Anchorage1964_20.jpg 0x0
rect:434 620 33 83 26
rect:289 397 66 149 26
rect:147 107 94 68 26
rect:215 53 104 188 29
rect:190 84 51 53 27
Anchorage1964_21.jpg 0x0
rect:-7 82 76 146 29
rect:144 127 460 203 30
rect:61 337 33 42 26
rect:2 78 48 27 26
Bingol2003_01.jpg 0x0
rect:354 86 74 90 6
rect:2 388 879 241 10
rect:864 576 107 45 33
rect:252 238 99 93 33
rect:419 386 49 68 34
rect:360 389 85 95 6
rect:529 329 184 53 6
rect:534 143 77 65 6
rect:515 341 96 68 6
rect:161 256 92 70 33
rect:466 290 52 52 6
rect:718 281 85 64 33
rect:31 205 80 83 33
rect:270 78 87 21 6
rect:959 314 71 75 33
rect:372 70 134 178 31
rect:535 265 66 141 34
rect:372 357 143 115 31
rect:519 414 67 135 32
Bingol2003_02.jpg 0x0
rect:309 210 797 528 31
rect:450 410 62 101 6
rect:548 251 365 139 35
rect:835 73 100 93 36
rect:104 358 110 178 32
rect:211 129 322 198 34
rect:417 422 103 94 26
rect:215 297 67 453 32
Bingol2003_03.jpg 0x0
rect:312 136 446 162 2
rect:902 492 306 285 2
rect:662 234 245 580 4
rect:119 45 81 144 33
rect:508 -8 343 159 4
rect:113 33 186 41 2
rect:539 168 258 60 11
Bingol2003_04.jpg 0x0
rect:160 639 31 95 3
rect:278 714 88 59 2
rect:83 772 18 80 3
rect:327 483 49 122 3
rect:367 327 204 169 4
rect:52 553 70 65 2
rect:118 653 41 91 3
rect:134 424 256 184 2
CanterburyNZSeries2010_01.jpg 0x0
rect:90 93 169 262 12
CanterburyNZSeries2010_02.jpg 0x0
rect:31 9 229 329 37
rect:58 34 150 293 6
CanterburyNZSeries2010_03.jpg 0x0
rect:32 73 356 151 38
CanterburyNZSeries2010_04.jpg 0x0
rect:427 476 22 49 40
rect:323 477 22 196 40
rect:268 9 121 177 42
rect:366 419 12 67 40
rect:236 509 23 59 40
rect:358 262 62 130 40
rect:218 590 99 214 41
rect:263 230 146 259 39
CanterburyNZSeries2010_05.jpg 0x0
rect:258 165 123 108 15
rect:315 475 142 261 4
CanterburyNZSeries2010_06.jpg 0x0
rect:60 111 936 631 4
rect:301 245 241 135 2
CanterburyNZSeries2010_08.jpg 0x0
rect:661 349 28 128 32
rect:692 407 83 106 44
rect:552 457 100 109 44
rect:502 116 226 203 43
CanterburyNZSeries2010_09.jpg 0x0
rect:255 347 207 482 39
rect:315 139 132 213 45
CanterburyNZSeries2010_10.jpg 0x0
rect:433 183 314 135 7
rect:238 204 258 261 6
rect:300 302 218 69 46
rect:278 400 237 101 6
CanterburyNZSeries2010_11.jpg 0x0
rect:376 428 201 221 5
rect:432 232 336 90 7
CanterburyNZSeries2010_12.jpg 0x0
rect:450 343 142 76 11
rect:52 379 749 246 2
rect:6 284 917 316 47
rect:225 580 109 43 11
CanterburyNZSeries2010_13.jpg 0x0
rect:171 22 443 630 12
rect:337 175 89 539 11
Caracas1967_01.jpg 0x0
rect:222 148 38 93 48
rect:414 113 84 70 48
rect:487 50 123 215 48
rect:231 228 10 58 48
Caracas1967_02.jpg 0x0
rect:168 493 35 44 49
rect:207 141 158 319 51
rect:239 1 98 149 15
rect:122 392 33 31 50
Caracas1967_03.jpg 0x0
rect:230 443 98 200 34
rect:247 72 98 84 14
rect:11 428 221 115 6
rect:269 437 36 89 27
rect:363 309 66 56 26
rect:201 324 23 52 27
Caracas1967_04.jpg 0x0
rect:180 385 22 66 27
rect:141 273 134 128 34
rect:106 448 36 92 26
Caracas1967_05.jpg 0x0
rect:153 336 65 289 40
rect:406 308 36 129 40
rect:281 142 47 321 40
rect:205 276 116 198 52
rect:66 369 67 247 40
rect:44 149 403 326 41
rect:242 242 68 205 40
rect:39 102 289 640 48
rect:191 450 36 268 40
rect:71 355 229 153 52
Caracas1967_06.jpg 0x0
rect:254 116 369 225 7
rect:389 237 80 38 6
Caracas1967_07.jpg 0x0
rect:162 152 223 244 34
rect:354 46 30 248 27
rect:309 514 93 90 53
rect:526 296 96 73 53
rect:552 216 188 222 34
rect:354 10 118 344 34
rect:282 187 58 211 27
Caracas1967_08.jpg 0x0
rect:167 259 54 85 55
rect:200 365 75 87 54
rect:267 246 80 97 54
Caracas1967_09.jpg 0x0
rect:217 138 69 110 48
rect:81 248 48 89 48
rect:506 14 308 144 48
rect:28 287 61 54 48
Caracas1967_10.jpg 0x0
rect:13 181 331 540 48
rect:34 240 243 429 41
rect:404 353 81 243 40
rect:391 282 109 221 40
Caracas1967_11.jpg 0x0
rect:44 214 332 532 41
rect:66 15 433 756 48
rect:279 11 120 312 41
Caracas1967_12.jpg 0x0
rect:267 304 19 51 56
rect:566 328 32 36 34
rect:713 294 22 36 32
rect:852 383 21 73 32
Caracas1967_13.jpg 0x0
rect:174 371 101 325 55
Caracas1967_14.jpg 0x0
rect:113 112 657 194 57
rect:96 315 343 35 6
Chichi1999_01.jpg 0x0
rect:358 103 54 250 42
rect:5 9 868 167 58
Chichi1999_02.jpg 0x0
rect:5 97 450 114 58
rect:265 142 164 481 59
Chichi1999_03.jpg 0x0
rect:98 204 47 82 60
rect:0 147 512 142 58
Chichi1999_04.jpg 0x0
rect:275 -16 61 108 48
rect:153 277 70 372 48
rect:212 216 26 48 52
Chichi1999_05.jpg 0x0
rect:289 91 43 57 41
rect:488 308 22 33 41
rect:393 102 111 148 48
rect:418 192 43 79 52
Chichi1999_06.jpg 0x0
rect:565 182 52 71 41
rect:451 150 37 100 48
rect:241 126 71 76 62
rect:125 18 541 219 10
rect:322 265 25 27 52
rect:689 -9 95 56 61
Chichi1999_07.jpg 0x0
rect:56 191 596 113 63
rect:505 206 17 18 64
rect:185 214 55 205 48
rect:202 158 20 31 64
rect:523 250 33 47 64
rect:598 262 62 121 48
rect:393 197 51 90 48
Chichi1999_08.jpg 0x0
rect:69 16 373 386 10
Chichi1999_09.jpg 0x0
rect:294 85 148 112 41
rect:179 74 36 80 40
rect:204 91 258 201 48
rect:199 128 46 59 40
Chichi1999_10.jpg 0x0
rect:130 16 544 593 10
Chichi1999_11.jpg 0x0
rect:2 131 205 542 10
rect:176 242 131 131 65
Chichi1999_12.jpg 0x0
rect:10 24 444 569 66
Chichi1999_13.jpg 0x0
rect:39 52 740 384 10
Chichi1999_14.jpg 0x0
rect:273 594 39 47 67
rect:179 322 34 50 67
rect:167 314 32 58 67
rect:180 649 37 55 67
rect:271 188 25 44 67
rect:204 634 31 30 39
rect:316 333 32 40 39
rect:94 555 26 39 67
rect:87 351 64 42 67
rect:108 312 44 60 67
rect:364 618 68 83 67
rect:186 136 112 60 67
rect:144 383 34 29 67
rect:146 372 35 70 67
rect:330 376 39 48 39
rect:86 418 32 45 67
rect:228 302 25 24 39
Chichi1999_15.jpg 0x0
rect:287 34 200 415 41
Chichi1999_16.jpg 0x0
rect:180 98 66 170 32
Chichi1999_17.jpg 0x0
rect:144 441 18 42 32
Chichi1999_18.jpg 0x0
rect:238 284 31 127 69
rect:180 177 50 113 69
rect:355 371 36 137 70
rect:176 253 164 396 68
rect:283 232 33 105 69
rect:187 315 29 144 69
Chichi1999_19.jpg 0x0
rect:248 18 357 499 2
rect:234 122 225 299 3
YogyakartaInd2006_03.jpg 0x0
rect:275 142 68 23 15
rect:285 18 116 2 15
rect:261 165 18 9 16
rect:374 293 39 36 16
rect:234 439 160 28 15
rect:241 82 162 50 15
rect:203 308 372 149 71
rect:313 98 116 38 16
Chichi1999_20.jpg 0x0
rect:206 176 73 427 42
rect:210 372 53 225 41
Chichi1999_21.jpg 0x0
rect:162 116 248 272 72
rect:370 36 229 246 37
rect:238 251 122 132 6
rect:234 231 121 148 37
rect:76 356 144 129 5
rect:23 4 170 138 30
rect:442 121 177 103 6
rect:406 6 142 87 57
Chichi1999_22.jpg 0x0
rect:296 202 293 135 10
rect:296 289 14 21 73
rect:256 302 17 20 73
rect:365 255 13 18 73
Chichi1999_23.jpg 0x0
rect:100 152 55 44 73
rect:153 232 31 31 34
rect:228 217 35 29 26
rect:235 212 76 117 73
rect:192 205 44 49 73
rect:317 343 43 88 34
rect:4 60 416 139 74
rect:118 361 38 124 73
rect:250 176 29 33 27
rect:102 416 47 104 34
Chichi1999_24.jpg 0x0
rect:3 261 250 255 74
rect:208 212 127 117 75
rect:208 313 77 60 34
rect:252 436 1 2 46
rect:282 218 54 75 46
Chichi1999_25.jpg 0x0
rect:182 263 58 52 26
rect:174 266 148 389 73
rect:124 214 106 206 34
Chichi1999_26.jpg 0x0
rect:202 18 48 25 73
rect:164 611 83 131 27
rect:152 433 128 146 73
rect:219 137 61 83 73
rect:178 198 140 426 76
rect:133 471 65 58 26
Chichi1999_27.jpg 0x0
rect:182 291 76 460 32
Chichi1999_28.jpg 0x0
rect:17 87 266 140 6
rect:116 121 151 217 5
rect:255 170 149 174 75
rect:268 242 271 123 77
Chichi1999_29.jpg 0x0
rect:170 174 76 164 40
rect:256 216 63 141 52
rect:187 253 246 200 48
Chichi1999_30.jpg 0x0
rect:31 273 121 149 73
rect:269 168 184 79 52
rect:217 116 341 334 40
rect:233 211 190 61 78
Chichi1999_31.jpg 0x0
rect:151 105 128 345 79
rect:466 93 45 210 48
Chichi1999_32.jpg 0x0
rect:139 8 70 479 80
rect:422 181 60 147 39
rect:159 72 40 174 81
rect:224 239 42 103 81
Chichi1999_33.jpg 0x0
rect:344 150 29 131 49
rect:78 61 161 476 33
rect:178 108 61 123 49
rect:269 125 129 230 56
rect:186 66 152 253 32
rect:95 155 85 280 32
Chichi1999_34.jpg 0x0
rect:95 96 304 409 10
Duzce1999_01.jpg 0x0
rect:180 48 102 249 39
rect:103 182 123 100 41
Duzce1999_02.jpg 0x0
rect:61 62 175 355 41
Duzce1999_03.jpg 0x0
rect:0 209 79 275 31
rect:83 87 108 300 42
rect:203 158 74 302 31
Gediz1970_01.jpg 0x0
rect:264 556 86 199 69
rect:110 142 333 450 68
rect:121 220 131 346 69
Guatemala1976_01.jpg 0x0
rect:44 152 39 41 41
rect:437 115 151 156 48
rect:583 122 50 97 41
rect:46 218 44 58 52
rect:28 148 784 120 82
rect:48 209 107 134 48
Guatemala1976_02.jpg 0x0
rect:162 89 276 207 48
rect:305 61 88 106 40
Guatemala1976_03.jpg 0x0
rect:22 98 853 280 75
Guatemala1976_04.jpg 0x0
rect:136 22 440 53 30
rect:49 87 334 304 30
rect:609 158 92 398 4
rect:558 231 114 193 4
Guatemala1976_05.jpg 0x0
rect:192 140 298 188 40
rect:200 145 216 157 41
rect:128 77 461 443 48
Guatemala1976_06.jpg 0x0
rect:141 89 232 422 39
Guatemala1976_07.jpg 0x0
rect:24 301 430 343 10
rect:19 292 66 71 6
rect:286 613 107 70 83
Guatemala1976_08.jpg 0x0
rect:331 81 132 394 40
rect:123 43 280 355 41
rect:124 29 380 347 48
Guatemala1976_09.jpg 0x0
rect:582 362 74 91 84
rect:78 250 31 25 84
rect:120 246 65 61 85
rect:288 250 64 31 85
rect:77 280 36 34 85
rect:810 333 59 43 85
rect:365 249 62 60 84
rect:156 204 40 30 84
Guatemala1976_10.jpg 0x0
rect:367 250 34 110 87
rect:219 247 258 346 86
rect:168 101 207 127 87
Guatemala1976_11.jpg 0x0
rect:136 177 154 299 34
GujaratIndia2001_01.jpg 0x0
rect:161 386 246 97 2
rect:366 399 71 50 11
rect:42 402 169 123 4
rect:70 491 55 29 2
Haiti2010_01.jpg 0x0
rect:103 60 153 87 7
rect:190 114 153 309 41
rect:211 270 29 145 40
rect:405 185 88 89 4
rect:411 393 219 225 4
Haiti2010_02.jpg 0x0
rect:42 75 418 156 88
rect:296 37 143 39 14
Haiti2010_03.jpg 0x0
rect:306 652 83 80 49
rect:315 663 166 147 89
rect:350 1 70 591 32
rect:184 277 195 202 32
Haiti2010_04.jpg 0x0
rect:181 58 210 227 34
rect:124 406 393 698 41
rect:2 131 250 139 6
Haiti2010_05.jpg 0x0
rect:196 184 166 93 52
rect:280 258 27 82 40
rect:331 147 213 593 90
rect:296 191 46 91 40
Haiti2010_06.jpg 0x0
rect:163 326 42 49 34
rect:688 147 507 601 91
rect:180 320 334 454 91
rect:346 144 55 45 6
rect:301 117 156 437 33
rect:449 219 76 109 34
rect:413 212 65 277 32
ImperialValley1979_01.jpg 0x0
rect:415 310 40 52 50
rect:314 252 31 24 49
rect:14 322 82 55 49
rect:553 384 25 44 50
rect:73 269 110 119 50
rect:9 281 184 148 32
rect:506 329 49 39 32
rect:620 276 41 28 32
rect:548 326 23 17 49
rect:324 260 24 25 49
rect:361 356 67 45 32
ImperialValley1979_02.jpg 0x0
rect:309 183 66 141 50
rect:249 234 134 48 49
rect:327 109 67 145 50
rect:264 85 175 176 32
rect:199 232 266 47 92
rect:212 123 85 251 50
ImperialValley1979_03.jpg 0x0
rect:100 386 284 30 92
rect:125 289 116 262 50
rect:208 355 78 126 50
rect:335 336 64 239 50
rect:143 373 243 35 92
rect:101 199 183 159 32
rect:157 159 225 179 32
Izmit1999_01.jpg 0x0
rect:174 89 35 132 27
rect:215 65 41 194 27
rect:232 87 253 292 34
rect:499 280 64 61 26
rect:217 215 50 108 27
Izmit1999_02.jpg 0x0
rect:27 152 811 281 10
Izmit1999_03.jpg 0x0
rect:157 190 430 31 92
rect:226 107 71 215 50
rect:294 110 42 286 50
rect:601 75 67 293 50
rect:252 138 48 243 50
rect:274 56 217 373 32
rect:565 78 54 277 50
rect:177 41 473 410 93
Izmit1999_04.jpg 0x0
rect:316 320 20 68 40
rect:400 425 64 69 41
rect:404 69 86 79 41
rect:158 295 123 76 88
rect:140 406 258 104 88
rect:322 55 65 116 48
rect:48 431 38 96 41
rect:65 277 52 44 34
rect:44 608 33 78 42
rect:474 452 18 79 40
Izmit1999_05.jpg 0x0
rect:103 28 746 477 10
Izmit1999_06.jpg 0x0
rect:105 222 84 167 50
rect:305 203 48 184 50
rect:107 190 194 371 32
rect:129 327 162 100 49
rect:126 275 99 273 50
rect:314 294 46 180 50
Izmit1999_07.jpg 0x0
rect:149 407 52 164 3
rect:22 119 513 758 2
rect:237 148 51 91 3
rect:250 63 161 56 6
rect:403 114 65 94 3
rect:235 358 122 342 4
rect:309 213 38 109 3
Izmit1999_08.jpg 0x0
rect:407 6 99 78 45
rect:133 490 94 114 45
rect:152 27 115 89 34
rect:149 173 143 136 88
rect:699 61 47 26 52
rect:184 121 106 75 41
rect:420 82 57 101 41
Izmit1999_09.jpg 0x0
rect:681 241 54 95 94
rect:620 174 53 74 41
rect:278 250 75 104 94
rect:47 246 54 41 41
rect:326 180 117 107 41
rect:339 172 43 40 41
Izmit1999_10.jpg 0x0
rect:46 218 348 50 78
rect:226 433 157 36 78
rect:314 688 108 81 40
rect:145 381 197 56 78
rect:204 453 43 77 40
rect:171 277 95 313 40
rect:270 733 55 22 78
rect:47 117 64 229 40
rect:76 186 319 670 41
rect:279 108 146 153 40
rect:170 178 61 164 40
Izmit1999_11.jpg 0x0
rect:375 332 56 185 40
rect:193 264 139 149 41
rect:215 386 83 191 40
rect:242 360 150 150 41
rect:202 288 54 194 40
Izmit1999_12.jpg 0x0
rect:72 89 47 18 6
rect:363 140 54 21 6
rect:62 215 52 62 52
rect:17 56 51 31 6
rect:497 69 41 65 41
rect:53 331 69 103 94
rect:239 133 56 103 45
rect:336 254 91 131 94
rect:363 155 165 174 91
rect:444 184 55 122 42
rect:386 342 99 106 41
rect:1 280 26 40 41
rect:413 20 89 44 34
rect:143 163 58 85 88
rect:97 309 26 55 40
rect:393 112 80 41 7
rect:274 232 70 141 52
rect:315 266 63 80 41
Izmit1999_13.jpg 0x0
rect:303 83 142 274 48
rect:147 236 72 51 52
rect:99 102 71 41 6
rect:294 197 111 280 41
rect:4 65 108 196 42
rect:262 119 66 113 41
rect:127 227 28 72 41
rect:98 197 130 147 94
rect:141 289 42 81 41
Izmit1999_14.jpg 0x0
rect:389 62 92 66 34
rect:219 276 44 37 34
rect:297 141 112 71 35
rect:379 297 74 46 34
rect:299 7 199 61 35
rect:70 115 110 75 34
rect:426 253 58 47 34
rect:340 52 70 61 95
rect:318 420 45 26 34
Izmit1999_15.jpg 0x0
rect:117 246 303 452 42
Izmit1999_16.jpg 0x0
rect:185 108 41 118 40
rect:105 87 305 317 39
rect:127 106 188 127 41
rect:95 87 494 519 33
Izmit1999_17.jpg 0x0
rect:119 159 193 216 41
Izmit1999_18.jpg 0x0
rect:189 139 155 264 39
rect:245 199 128 116 41
Izmit1999_19.jpg 0x0
rect:269 89 195 423 96
rect:296 97 262 214 32
rect:416 148 25 79 50
rect:570 188 30 69 50
Kobe1995_01.jpg 0x0
rect:28 178 710 174 63
Kobe1995_02.jpg 0x0
rect:2 64 627 724 68
Kobe1995_03.jpg 0x0
rect:45 67 428 806 10
Kobe1995_04.jpg 0x0
rect:273 257 74 47 41
Kobe1995_05.jpg 0x0
rect:5 116 97 667 40
rect:48 330 365 66 78
rect:128 153 231 588 52
rect:383 177 207 404 40
rect:87 382 416 165 78
Kobe1995_06.jpg 0x0
rect:62 115 315 495 41
rect:236 340 330 424 42
Kobe1995_07.jpg 0x0
rect:31 366 49 31 39
rect:194 427 32 45 39
rect:323 137 26 28 39
rect:248 408 29 60 39
rect:182 572 36 38 39
rect:198 155 50 47 39
rect:186 333 35 26 39
rect:387 227 37 34 39
rect:283 146 48 43 39
rect:307 171 44 45 39
rect:302 205 43 42 39
rect:147 225 27 26 39
rect:263 216 38 33 39
rect:195 216 37 35 39
rect:61 189 51 40 39
rect:298 243 45 54 39
rect:263 382 38 35 39
rect:130 97 35 33 39
rect:517 431 41 31 39
rect:218 181 30 51 39
rect:475 343 33 44 39
rect:120 280 40 34 39
rect:97 249 43 32 39
rect:229 277 33 36 39
rect:291 360 30 46 39
rect:449 552 33 35 39
Kobe1995_08.jpg 0x0
rect:241 40 504 197 97
Kobe1995_09.jpg 0x0
rect:233 673 250 68 97
rect:126 571 86 74 88
rect:66 748 89 100 88
rect:97 704 73 57 88
SanSalvador_1986_01.jpg 0x0
rect:71 3 121 193 68
rect:240 161 148 241 41
SanSalvador_1986_02.jpg 0x0
rect:233 181 26 21 41
rect:296 116 14 21 41
rect:466 173 29 48 41
rect:261 261 56 43 41
rect:167 246 22 34 41
rect:382 223 49 40 42
rect:195 200 27 23 41
rect:471 307 31 65 41
rect:357 184 25 47 41
SikkimIndia2001_01.jpg 0x0
rect:206 113 135 157 34
SikkimIndia2001_02.jpg 0x0
rect:10 7 361 76 16
rect:9 204 44 45 54
rect:305 237 60 56 16
rect:458 251 109 23 16
rect:478 83 118 26 16
rect:136 63 248 309 33
rect:433 101 141 201 33
rect:-17 2 495 112 33
SikkimIndia2001_03.jpg 0x0
rect:180 63 57 271 69
rect:236 241 81 185 70
rect:228 12 164 349 98
SikkimIndia2001_04.jpg 0x0
rect:247 176 106 180 34
rect:3 30 235 233 99
rect:399 178 309 81 99
SumatraInd2009_01.jpg 0x0
rect:239 31 44 243 81
SumatraInd2009_02.jpg 0x0
rect:183 94 227 194 41
WhittierNarrows1987_01.jpg 0x0
rect:11 39 929 486 10
WhittierNarrows1987_02.jpg 0x0
rect:158 264 106 317 41
WhittierNarrows1987_03.jpg 0x0
rect:319 161 187 268 32
WhittierNarrows1987_04.jpg 0x0
rect:199 8 264 101 6
rect:290 70 90 252 41
rect:237 15 315 175 100
YogyakartaInd2006_01.jpg 0x0
rect:170 47 245 273 32
rect:172 -28 424 626 29
rect:233 126 374 98 49
YogyakartaInd2006_02.jpg 0x0
rect:276 125 64 211 70
rect:273 114 43 144 69
rect:246 58 133 368 98
