Anchorage1964_01.jpg 0x0
rect:126 7 168 186 1
rect:85 356 170 275 1
Anchorage1964_02.jpg 0x0
rect:375 186 12 68 3
rect:419 332 33 73 3
rect:352 330 25 75 3
rect:422 325 21 54 3
rect:269 346 21 48 3
rect:50 23 169 30 5
rect:87 148 27 21 6
rect:260 219 19 66 3
rect:237 266 358 115 2
rect:672 285 19 41 3
rect:199 41 179 68 4
rect:26 260 167 36 5
rect:53 44 98 13 6
rect:106 194 64 11 6
rect:376 150 101 40 4
rect:269 298 22 81 3
rect:223 75 83 84 4
rect:116 121 97 71 7
rect:624 68 152 107 8
Anchorage1964_03.jpg 0x0
rect:0 254 705 48 10
rect:2 183 221 69 9
rect:193 110 468 256 9
Anchorage1964_04.jpg 0x0
rect:251 508 26 16 5
rect:234 174 25 16 5
rect:255 209 28 16 5
rect:285 107 29 16 5
rect:111 447 46 16 5
rect:226 215 20 26 1
rect:167 235 33 16 5
rect:185 218 16 24 8
rect:159 458 40 13 5
rect:113 85 35 18 5
rect:205 517 56 22 2
rect:251 145 15 24 1
rect:279 253 15 23 1
rect:251 259 16 20 1
rect:363 236 21 22 1
rect:118 389 34 24 5
rect:335 325 32 17 5
rect:204 370 28 24 1
rect:330 223 34 18 5
rect:134 182 32 23 5
rect:389 125 33 21 5
rect:239 324 18 32 1
rect:140 68 25 16 5
rect:295 31 25 17 5
rect:350 364 6 1 1
rect:302 242 33 21 5
rect:201 166 30 17 5
rect:119 170 36 19 5
rect:197 132 24 17 5
rect:354 176 14 33 1
rect:302 49 43 12 5
rect:455 389 31 23 5
rect:189 93 32 13 5
rect:196 26 30 16 5
rect:225 154 16 26 1
rect:229 306 10 21 1
rect:294 327 38 16 5
rect:257 200 25 27 5
rect:280 346 26 27 1
Anchorage1964_05.jpg 0x0
rect:497 282 34 69 8
rect:81 22 27 48 1
rect:725 269 57 23 6
rect:180 41 118 58 6
rect:492 242 44 29 11
rect:75 167 15 50 1
rect:206 147 152 29 5
rect:40 464 20 69 1
rect:628 410 37 19 6
rect:70 210 21 42 1
rect:391 70 45 73 1
rect:607 166 43 58 1
rect:461 208 36 84 8
rect:234 61 123 39 5
rect:118 121 136 45 6
rect:68 87 25 44 1
rect:545 367 63 30 5
rect:359 201 31 74 1
rect:326 24 42 62 1
rect:370 170 176 91 2
rect:205 257 19 21 11
rect:63 226 21 60 1
rect:583 99 46 54 1
rect:50 377 17 39 1
rect:118 97 17 53 1
rect:440 169 61 45 5
rect:357 1 35 44 1
rect:338 228 42 45 1
rect:68 397 17 65 1
Anchorage1964_06.jpg 0x0
rect:173 299 71 113 11
rect:99 64 183 318 12
rect:128 133 88 341 3
Anchorage1964_07.jpg 0x0
rect:16 197 227 42 11
rect:274 220 373 220 2
rect:6 425 287 27 14
rect:392 97 56 159 3
rect:10 66 582 316 2
rect:319 219 81 82 11
rect:322 160 41 79 13
rect:276 2 86 84 2
rect:262 135 201 114 11
Anchorage1964_08.jpg 0x0
rect:62 101 134 149 1
rect:64 288 96 102 1
rect:236 25 135 106 1
rect:453 422 92 162 1
rect:302 239 140 138 1
rect:31 447 121 88 1
Anchorage1964_09.jpg 0x0
rect:637 209 60 73 8
rect:14 15 73 11 16
rect:190 149 70 76 1
rect:520 94 122 19 15
rect:488 103 97 77 1
rect:79 388 75 63 8
rect:93 55 71 63 8
rect:100 157 92 71 1
rect:688 223 1 1 16
rect:59 172 57 10 16
rect:434 6 233 16 15
rect:402 179 50 82 1
rect:628 40 71 67 8
rect:12 136 78 20 15
rect:10 18 376 18 15
rect:132 133 211 11 15
rect:768 121 143 23 15
rect:823 11 131 10 16
rect:20 166 19 12 16
Anchorage1964_10.jpg 0x0
rect:184 380 74 137 17
rect:61 196 391 365 1
rect:62 465 303 106 18
rect:207 220 147 98 18
Anchorage1964_11.jpg 0x0
rect:152 55 202 126 4
rect:542 162 172 86 1
rect:62 524 650 13 14
rect:208 249 222 24 11
rect:192 139 301 17 15
rect:91 150 541 100 2
rect:462 7 146 32 1
rect:112 469 502 22 14
Anchorage1964_12.jpg 0x0
rect:292 97 234 220 11
rect:232 138 21 114 3
rect:467 87 51 152 3
rect:11 80 623 225 2
rect:353 74 40 215 3
Anchorage1964_13.jpg 0x0
rect:441 388 29 138 20
rect:314 488 110 13 19
rect:336 670 219 26 2
Anchorage1964_14.jpg 0x0
rect:85 565 40 76 22
rect:446 6 83 171 11
rect:154 339 85 64 21
rect:93 348 162 40 15
rect:288 292 198 56 15
rect:36 526 50 57 22
rect:10 769 183 60 11
rect:308 540 219 83 23
rect:21 611 29 77 22
rect:151 531 43 69 22
rect:363 12 73 270 11
rect:200 10 96 564 20
Anchorage1964_15.jpg 0x0
rect:365 128 47 114 25
rect:188 493 205 52 2
rect:193 236 185 41 15
rect:136 85 84 336 20
rect:347 9 60 45 4
rect:183 122 47 51 11
rect:372 235 115 45 24
rect:329 246 161 46 11
rect:527 10 86 79 4
Anchorage1964_16.jpg 0x0
rect:179 62 292 99 2
rect:13 130 202 134 2
rect:143 204 193 161 11
rect:10 257 54 73 2
rect:73 261 111 79 11
rect:470 257 163 215 2
Anchorage1964_17.jpg 0x0
rect:228 67 191 170 9
rect:10 122 185 131 9
rect:9 177 878 199 10
Anchorage1964_18.jpg 0x0
rect:179 198 21 47 11
rect:442 362 261 36 15
rect:137 245 57 83 4
rect:706 136 75 82 4
rect:566 148 71 82 4
rect:464 288 48 21 2
rect:119 281 93 60 11
rect:373 224 78 19 2
rect:516 279 75 22 2
rect:408 289 35 78 11
Anchorage1964_19.jpg 0x0
rect:647 154 51 24 28
rect:382 141 7 15 26
rect:222 119 71 43 26
rect:906 141 9 8 26
rect:265 106 36 24 26
rect:368 241 23 34 26
rect:30 258 28 78 27
rect:279 200 44 64 26
rect:6 174 56 104 26
rect:501 265 29 40 28
rect:365 227 18 37 26
rect:412 135 22 42 27
rect:313 181 13 24 26
rect:536 147 26 50 29
rect:418 113 21 47 26
rect:568 150 6 14 26
rect:435 89 48 107 29
rect:311 86 87 105 29
Anchorage1964_20.jpg 0x0
rect:626 536 46 95 26
rect:252 509 59 112 26
rect:253 111 128 76 26
rect:146 131 66 51 27
rect:222 92 105 192 29
Anchorage1964_21.jpg 0x0
rect:2 112 59 31 26
rect:-6 79 112 127 29
rect:58 232 26 40 26
rect:142 170 541 132 30
Bingol2003_01.jpg 0x0
rect:2 263 828 324 10
rect:999 164 124 83 33
rect:592 305 188 224 31
rect:626 54 90 80 6
rect:300 211 71 60 33
rect:322 79 72 20 6
rect:125 190 65 56 33
rect:606 305 54 68 34
rect:37 170 91 74 33
rect:488 211 65 133 34
rect:375 427 214 88 6
rect:474 244 38 57 6
rect:569 98 114 94 6
rect:453 108 184 193 31
rect:637 421 68 43 33
rect:301 487 89 74 6
rect:645 254 57 54 6
rect:511 274 59 177 32
rect:621 307 107 66 33
Bingol2003_02.jpg 0x0
rect:160 283 105 351 32
rect:195 256 492 480 31
rect:450 353 70 78 6
rect:355 169 472 141 35
rect:122 76 537 203 34
rect:103 624 172 246 32
rect:556 249 95 94 26
rect:856 70 115 81 36
Bingol2003_03.jpg 0x0
rect:293 228 328 144 2
rect:659 275 294 515 4
rect:857 538 296 430 2
rect:346 166 193 74 11
rect:114 29 132 42 2
rect:639 -8 201 219 4
rect:124 37 126 151 33
Bingol2003_04.jpg 0x0
rect:245 499 24 70 3
rect:61 630 32 64 3
rect:370 241 183 196 4
rect:158 432 171 233 2
rect:77 535 100 83 2
rect:229 341 44 148 3
rect:113 467 29 62 3
rect:318 440 127 73 2
CanterburyNZSeries2010_01.jpg 0x0
rect:86 106 150 354 12
CanterburyNZSeries2010_02.jpg 0x0
rect:46 8 138 243 37
rect:46 51 195 245 6
CanterburyNZSeries2010_03.jpg 0x0
rect:59 61 314 120 38
CanterburyNZSeries2010_04.jpg 0x0
rect:237 498 120 255 41
rect:205 298 245 445 39
rect:388 455 25 54 40
rect:176 9 107 164 42
rect:205 353 23 188 40
rect:429 435 51 156 40
rect:243 542 39 94 40
rect:350 352 16 51 40
CanterburyNZSeries2010_05.jpg 0x0
rect:390 157 152 143 15
rect:372 333 199 339 4
CanterburyNZSeries2010_06.jpg 0x0
rect:172 237 222 82 2
rect:57 124 598 473 4
CanterburyNZSeries2010_08.jpg 0x0
rect:984 665 37 149 32
rect:676 390 127 126 44
rect:634 175 187 308 43
rect:873 572 46 169 44
CanterburyNZSeries2010_09.jpg 0x0
rect:298 111 237 253 45
rect:211 268 131 313 39
CanterburyNZSeries2010_10.jpg 0x0
rect:230 320 282 150 6
rect:372 361 161 58 46
rect:159 259 377 178 6
rect:332 227 332 139 7
CanterburyNZSeries2010_11.jpg 0x0
rect:323 420 207 185 5
rect:324 185 395 150 7
CanterburyNZSeries2010_12.jpg 0x0
rect:4 277 740 320 47
rect:59 289 583 245 2
rect:215 451 165 46 11
rect:661 540 221 71 11
CanterburyNZSeries2010_13.jpg 0x0
rect:411 157 138 458 11
rect:179 17 394 962 12
Caracas1967_01.jpg 0x0
rect:528 57 201 274 48
rect:244 148 96 77 48
rect:383 174 9 68 48
rect:304 216 47 122 48
Caracas1967_02.jpg 0x0
rect:301 1 154 150 15
rect:123 439 48 32 50
rect:133 474 40 72 49
rect:218 248 156 238 51
Caracas1967_03.jpg 0x0
rect:319 268 35 104 27
rect:11 313 231 73 6
rect:369 467 37 80 27
rect:264 296 116 170 34
rect:217 436 62 80 26
rect:284 57 66 81 14
Caracas1967_04.jpg 0x0
rect:156 404 23 102 27
rect:154 291 226 190 34
rect:119 360 40 137 26
Caracas1967_05.jpg 0x0
rect:245 279 177 186 52
rect:241 232 48 173 40
rect:83 279 219 217 52
rect:42 119 503 725 48
rect:326 268 54 246 40
rect:47 394 70 329 40
rect:191 329 32 279 40
rect:367 187 45 112 40
rect:189 328 67 157 40
rect:54 132 352 579 41
Caracas1967_06.jpg 0x0
rect:305 86 273 305 7
rect:323 359 76 45 6
Caracas1967_07.jpg 0x0
rect:479 8 68 205 34
rect:469 39 37 172 27
rect:520 238 119 195 34
rect:562 282 72 83 53
rect:364 374 115 53 53
rect:249 151 46 167 27
rect:218 138 220 200 34
Caracas1967_08.jpg 0x0
rect:205 378 68 132 55
rect:219 367 51 95 54
rect:375 195 74 89 54
Caracas1967_09.jpg 0x0
rect:180 174 92 98 48
rect:312 10 241 175 48
rect:19 179 37 39 48
rect:64 196 60 73 48
Caracas1967_10.jpg 0x0
rect:336 185 64 233 40
rect:49 152 189 269 41
rect:484 287 89 129 40
rect:23 223 579 373 48
Caracas1967_11.jpg 0x0
rect:217 17 154 207 41
rect:48 247 251 588 41
rect:38 17 393 729 48
Caracas1967_12.jpg 0x0
rect:191 236 27 48 56
rect:568 227 29 51 34
rect:587 339 25 60 32
rect:738 340 29 57 32
Caracas1967_13.jpg 0x0
rect:188 338 173 174 55
Caracas1967_14.jpg 0x0
rect:176 367 347 46 6
rect:159 126 579 205 57
Chichi1999_01.jpg 0x0
rect:258 114 36 278 42
rect:3 10 609 134 58
Chichi1999_02.jpg 0x0
rect:350 77 211 298 59
rect:7 102 331 118 58
Chichi1999_03.jpg 0x0
rect:0 184 908 218 58
rect:97 145 65 89 60
Chichi1999_04.jpg 0x0
rect:207 226 31 73 52
rect:162 221 67 284 48
rect:234 -14 37 97 48
Chichi1999_05.jpg 0x0
rect:290 167 31 83 52
rect:352 248 22 44 41
rect:401 98 65 38 41
rect:442 158 117 258 48
Chichi1999_06.jpg 0x0
rect:473 -14 56 50 61
rect:395 172 40 87 48
rect:232 85 65 66 62
rect:174 19 377 185 10
rect:476 220 15 36 52
rect:487 201 37 44 41
Chichi1999_07.jpg 0x0
rect:429 183 30 40 64
rect:794 178 15 16 64
rect:678 169 51 75 48
rect:366 222 53 124 48
rect:44 144 434 151 63
rect:124 179 39 164 48
rect:214 166 19 38 64
Chichi1999_08.jpg 0x0
rect:83 13 634 504 10
Chichi1999_09.jpg 0x0
rect:232 95 118 83 41
rect:242 123 48 98 40
rect:224 75 56 100 40
rect:191 85 195 178 48
Chichi1999_10.jpg 0x0
rect:124 14 440 514 10
Chichi1999_11.jpg 0x0
rect:2 126 232 506 10
rect:163 261 87 101 65
Chichi1999_12.jpg 0x0
rect:10 27 351 808 66
Chichi1999_13.jpg 0x0
rect:28 38 480 401 10
Chichi1999_14.jpg 0x0
rect:272 527 22 30 39
rect:122 221 72 34 67
rect:213 302 31 55 39
rect:98 267 50 47 67
rect:140 241 38 51 67
rect:224 426 29 24 39
rect:196 294 28 72 67
rect:208 479 39 30 39
rect:266 249 20 32 67
rect:377 392 33 43 67
rect:140 585 30 43 67
rect:116 342 32 38 67
rect:96 283 60 47 67
rect:230 290 35 54 67
rect:58 488 46 65 67
rect:329 369 83 72 67
rect:175 583 19 45 67
Chichi1999_15.jpg 0x0
rect:332 39 306 501 41
Chichi1999_16.jpg 0x0
rect:148 155 71 127 32
Chichi1999_17.jpg 0x0
rect:177 453 25 36 32
Chichi1999_18.jpg 0x0
rect:156 137 195 393 68
rect:152 289 28 156 69
rect:200 293 36 178 69
rect:299 407 59 162 70
rect:294 266 36 113 69
rect:190 270 36 135 69
Chichi1999_19.jpg 0x0
rect:190 120 155 188 3
rect:256 27 252 515 2
YogyakartaInd2006_03.jpg 0x0
rect:503 77 104 29 16
rect:363 289 61 38 16
rect:383 85 124 51 15
rect:222 111 69 34 15
rect:224 133 24 7 16
rect:220 328 224 124 71
rect:290 31 100 2 15
rect:264 362 230 25 15
Chichi1999_20.jpg 0x0
rect:198 170 89 396 42
rect:316 442 44 196 41
Chichi1999_21.jpg 0x0
rect:197 265 84 161 6
rect:399 120 195 90 6
rect:411 32 295 151 37
rect:247 385 142 172 37
rect:392 6 156 124 57
rect:163 84 169 356 72
rect:20 4 289 195 30
rect:92 378 131 123 5
Chichi1999_22.jpg 0x0
rect:175 157 231 185 10
rect:342 198 18 15 73
rect:536 275 12 16 73
rect:327 316 11 24 73
Chichi1999_23.jpg 0x0
rect:4 69 371 155 74
rect:357 350 29 55 34
rect:247 261 80 130 73
rect:89 336 63 125 73
rect:115 116 58 40 73
rect:276 128 24 19 27
rect:207 179 39 56 73
rect:123 297 28 61 34
rect:221 159 21 22 26
rect:112 170 29 19 34
Chichi1999_24.jpg 0x0
rect:248 212 66 63 34
rect:409 415 1 2 46
rect:237 151 35 76 46
rect:141 155 137 77 75
rect:3 410 201 142 74
Chichi1999_25.jpg 0x0
rect:195 276 175 337 73
rect:247 351 47 72 26
rect:154 165 130 200 34
Chichi1999_26.jpg 0x0
rect:222 208 102 284 76
rect:98 711 87 86 27
rect:133 503 150 124 73
rect:183 458 83 91 26
rect:180 206 63 90 73
rect:309 17 62 22 73
Chichi1999_27.jpg 0x0
rect:203 260 118 414 32
Chichi1999_28.jpg 0x0
rect:118 124 184 258 5
rect:25 65 246 139 6
rect:267 168 130 174 75
rect:285 228 241 119 77
Chichi1999_29.jpg 0x0
rect:212 300 98 162 52
rect:164 228 127 160 40
rect:148 232 257 294 48
Chichi1999_30.jpg 0x0
rect:175 209 146 59 78
rect:149 152 226 69 52
rect:212 100 262 270 40
rect:23 298 99 149 73
Chichi1999_31.jpg 0x0
rect:115 101 106 322 79
rect:497 133 43 222 48
Chichi1999_32.jpg 0x0
rect:208 8 79 263 80
rect:153 162 46 116 81
rect:236 67 33 168 81
rect:596 136 49 212 39
Chichi1999_33.jpg 0x0
rect:227 64 104 235 32
rect:154 126 78 179 32
rect:235 86 99 276 56
rect:245 158 44 134 49
rect:177 146 49 114 49
rect:74 53 171 330 33
Chichi1999_34.jpg 0x0
rect:162 122 399 370 10
Duzce1999_01.jpg 0x0
rect:117 78 86 278 39
rect:96 149 88 110 41
Duzce1999_02.jpg 0x0
rect:73 68 179 287 41
Duzce1999_03.jpg 0x0
rect:156 117 112 288 31
rect:88 111 148 258 42
rect:0 194 88 243 31
Gediz1970_01.jpg 0x0
rect:157 88 170 617 68
rect:94 396 109 240 69
rect:221 296 95 136 69
Guatemala1976_01.jpg 0x0
rect:552 138 146 123 48
rect:39 128 130 144 48
rect:64 249 51 36 52
rect:523 217 66 68 41
rect:56 220 53 54 41
rect:22 158 489 139 82
Guatemala1976_02.jpg 0x0
rect:187 96 376 305 48
rect:309 84 104 135 40
Guatemala1976_03.jpg 0x0
rect:20 76 935 323 75
Guatemala1976_04.jpg 0x0
rect:136 31 485 61 30
rect:557 251 69 250 4
rect:51 94 387 212 30
rect:801 204 172 263 4
Guatemala1976_05.jpg 0x0
rect:181 110 281 170 41
rect:118 76 364 301 48
rect:200 151 390 220 40
Guatemala1976_06.jpg 0x0
rect:129 100 181 556 39
Guatemala1976_07.jpg 0x0
rect:25 260 347 451 10
rect:208 548 97 97 83
rect:25 325 48 74 6
Guatemala1976_08.jpg 0x0
rect:400 93 231 248 40
rect:183 42 331 457 41
rect:162 32 479 533 48
Guatemala1976_09.jpg 0x0
rect:95 194 34 20 85
rect:348 272 55 55 84
rect:146 290 39 22 84
rect:112 320 39 19 84
rect:450 329 88 36 85
rect:160 174 47 69 85
rect:523 354 41 67 84
rect:460 326 47 55 85
Guatemala1976_10.jpg 0x0
rect:239 405 34 140 87
rect:162 94 259 163 87
rect:246 240 252 210 86
Guatemala1976_11.jpg 0x0
rect:253 171 104 272 34
GujaratIndia2001_01.jpg 0x0
rect:42 311 232 155 4
rect:52 370 81 27 2
rect:309 387 65 53 11
rect:138 480 203 114 2
Haiti2010_01.jpg 0x0
rect:456 280 83 143 4
rect:330 521 219 284 4
rect:379 289 29 143 40
rect:217 153 217 454 41
rect:133 54 95 77 7
Haiti2010_02.jpg 0x0
rect:306 30 173 40 14
rect:54 80 442 190 88
Haiti2010_03.jpg 0x0
rect:197 557 58 74 49
rect:255 262 244 242 32
rect:372 1 61 413 32
rect:256 518 283 205 89
Haiti2010_04.jpg 0x0
rect:181 62 195 370 34
rect:178 395 352 636 41
rect:2 198 226 163 6
Haiti2010_05.jpg 0x0
rect:284 240 31 67 40
rect:341 282 25 66 40
rect:302 229 160 130 52
rect:198 165 223 469 90
Haiti2010_06.jpg 0x0
rect:176 252 31 33 34
rect:274 237 377 465 91
rect:340 193 84 48 6
rect:673 196 47 86 34
rect:425 165 68 236 32
rect:594 183 643 696 91
rect:427 135 215 390 33
ImperialValley1979_01.jpg 0x0
rect:464 237 30 50 50
rect:17 386 79 85 49
rect:429 248 41 52 32
rect:11 254 171 125 32
rect:693 263 29 26 32
rect:50 405 71 138 50
rect:429 231 59 65 50
rect:674 360 20 14 49
rect:392 221 39 34 32
rect:328 300 35 21 49
rect:541 288 22 17 49
ImperialValley1979_02.jpg 0x0
rect:286 113 111 158 50
rect:353 192 43 140 50
rect:195 94 54 154 50
rect:219 170 285 65 92
rect:265 145 117 55 49
rect:226 92 190 253 32
ImperialValley1979_03.jpg 0x0
rect:196 221 242 140 32
rect:117 182 69 179 50
rect:243 250 74 148 50
rect:85 301 341 30 92
rect:327 221 54 155 50
rect:88 558 268 35 92
rect:108 316 169 139 32
Izmit1999_01.jpg 0x0
rect:227 152 30 138 27
rect:194 214 49 138 27
rect:207 68 362 394 34
rect:196 74 48 137 27
rect:414 276 60 55 26
Izmit1999_02.jpg 0x0
rect:22 109 704 240 10
Izmit1999_03.jpg 0x0
rect:152 67 79 294 50
rect:210 205 365 32 92
rect:250 147 46 170 50
rect:307 108 29 305 50
rect:135 38 395 265 93
rect:173 58 262 353 32
rect:346 106 43 291 50
rect:628 96 61 217 50
Izmit1999_04.jpg 0x0
rect:368 453 24 74 40
rect:441 481 26 68 40
rect:408 76 59 92 41
rect:51 456 78 49 34
rect:225 451 107 88 41
rect:94 514 265 126 88
rect:54 528 34 92 42
rect:159 339 142 60 88
rect:68 466 38 131 41
rect:385 72 63 130 48
Izmit1999_05.jpg 0x0
rect:93 25 687 426 10
Izmit1999_06.jpg 0x0
rect:66 272 77 166 50
rect:106 257 61 237 50
rect:189 184 190 81 49
rect:218 256 47 111 50
rect:97 188 157 356 32
rect:157 311 53 158 50
Izmit1999_07.jpg 0x0
rect:316 114 70 78 3
rect:237 192 42 94 3
rect:444 79 98 33 6
rect:27 114 395 434 2
rect:238 400 118 439 4
rect:150 412 43 129 3
rect:200 208 35 76 3
Izmit1999_08.jpg 0x0
rect:177 469 108 100 45
rect:408 74 73 37 52
rect:505 62 95 87 41
rect:150 31 105 102 34
rect:156 152 96 69 41
rect:288 286 191 122 88
rect:397 7 109 66 45
Izmit1999_09.jpg 0x0
rect:33 181 41 57 41
rect:220 142 51 24 41
rect:443 225 60 56 94
rect:607 227 52 54 41
rect:453 208 138 81 94
rect:406 266 72 107 41
Izmit1999_10.jpg 0x0
rect:263 146 70 127 40
rect:194 393 54 68 40
rect:75 170 59 190 40
rect:230 462 159 43 78
rect:96 100 361 503 41
rect:278 584 78 28 78
rect:49 219 391 51 78
rect:112 411 337 82 78
rect:208 674 92 148 40
rect:145 261 98 215 40
rect:356 130 116 187 40
Izmit1999_11.jpg 0x0
rect:375 316 59 188 40
rect:182 189 134 121 41
rect:182 423 92 168 41
rect:145 355 65 178 40
rect:267 202 95 205 40
Izmit1999_12.jpg 0x0
rect:323 286 117 151 94
rect:20 52 38 18 6
rect:81 79 43 24 6
rect:455 137 43 126 42
rect:348 402 47 80 52
rect:572 94 49 90 41
rect:533 208 249 256 91
rect:407 23 103 55 34
rect:93 365 29 51 40
rect:380 143 39 23 6
rect:49 271 51 44 52
rect:45 230 73 84 94
rect:540 162 46 53 41
rect:315 159 86 45 7
rect:1 190 24 36 41
rect:435 232 66 146 41
rect:328 92 57 77 45
rect:131 214 91 74 88
Izmit1999_13.jpg 0x0
rect:107 239 34 108 41
rect:274 175 88 192 41
rect:76 118 56 44 6
rect:137 245 89 166 94
rect:267 73 148 435 48
rect:288 104 59 132 41
rect:5 62 108 193 42
rect:227 263 54 107 41
rect:120 344 90 52 52
Izmit1999_14.jpg 0x0
rect:250 498 26 19 34
rect:379 110 64 55 35
rect:376 48 66 61 95
rect:374 7 115 66 35
rect:467 53 102 95 34
rect:70 140 76 61 34
rect:461 231 97 36 34
rect:595 321 72 30 34
rect:181 366 60 33 34
Izmit1999_15.jpg 0x0
rect:174 147 187 400 42
Izmit1999_16.jpg 0x0
rect:105 60 276 290 39
rect:152 137 158 146 41
rect:199 76 48 104 40
rect:101 54 407 641 33
Izmit1999_17.jpg 0x0
rect:132 127 146 236 41
Izmit1999_18.jpg 0x0
rect:182 146 168 112 41
rect:234 146 99 219 39
Izmit1999_19.jpg 0x0
rect:352 116 23 61 50
rect:178 76 307 248 96
rect:440 111 33 114 50
rect:293 112 221 207 32
Kobe1995_01.jpg 0x0
rect:18 129 894 164 63
Kobe1995_02.jpg 0x0
rect:2 47 577 664 68
Kobe1995_03.jpg 0x0
rect:31 40 498 803 10
Kobe1995_04.jpg 0x0
rect:312 215 68 38 41
Kobe1995_05.jpg 0x0
rect:120 744 246 94 78
rect:50 182 319 93 78
rect:348 188 187 298 40
rect:153 186 185 401 52
rect:4 113 104 679 40
Kobe1995_06.jpg 0x0
rect:37 154 413 477 41
rect:169 259 391 485 42
Kobe1995_07.jpg 0x0
rect:202 226 43 50 39
rect:139 332 23 30 39
rect:257 79 26 37 39
rect:251 343 34 37 39
rect:191 293 36 36 39
rect:55 232 42 33 39
rect:440 399 29 36 39
rect:217 232 48 32 39
rect:345 213 33 53 39
rect:454 148 30 36 39
rect:208 271 49 26 39
rect:402 144 50 28 39
rect:174 180 38 39 39
rect:208 446 51 32 39
rect:463 356 30 26 39
rect:456 178 47 53 39
rect:137 290 31 40 39
rect:298 209 50 50 39
rect:209 145 40 30 39
rect:93 356 44 30 39
rect:302 586 44 35 39
rect:48 213 36 36 39
rect:394 342 48 39 39
rect:100 205 32 36 39
rect:373 292 37 37 39
rect:377 453 27 35 39
Kobe1995_08.jpg 0x0
rect:379 41 432 205 97
Kobe1995_09.jpg 0x0
rect:132 566 52 62 88
rect:123 385 83 83 88
rect:162 440 224 87 97
rect:93 479 66 79 88
SanSalvador_1986_01.jpg 0x0
rect:336 112 143 143 41
rect:49 3 110 206 68
SanSalvador_1986_02.jpg 0x0
rect:220 282 39 42 41
rect:610 300 40 35 41
rect:225 154 44 33 41
rect:516 134 45 51 42
rect:163 211 36 51 41
rect:233 231 33 28 41
rect:418 138 20 22 41
rect:325 251 26 30 41
rect:584 222 43 46 41
SikkimIndia2001_01.jpg 0x0
rect:279 171 161 163 34
SikkimIndia2001_02.jpg 0x0
rect:590 121 96 160 33
rect:10 199 57 47 54
rect:-18 2 306 85 33
rect:363 274 104 23 16
rect:351 246 91 48 16
rect:439 104 93 48 16
rect:11 7 273 66 16
rect:201 80 132 452 33
SikkimIndia2001_03.jpg 0x0
rect:259 211 70 155 70
rect:232 93 72 175 69
rect:264 8 163 462 98
SikkimIndia2001_04.jpg 0x0
rect:3 27 240 224 99
rect:319 225 351 110 99
rect:306 126 118 211 34
SumatraInd2009_01.jpg 0x0
rect:276 24 82 343 81
SumatraInd2009_02.jpg 0x0
rect:168 99 172 148 41
WhittierNarrows1987_01.jpg 0x0
rect:19 35 1034 276 10
WhittierNarrows1987_02.jpg 0x0
rect:206 300 146 359 41
WhittierNarrows1987_03.jpg 0x0
rect:243 136 199 272 32
WhittierNarrows1987_04.jpg 0x0
rect:184 50 92 158 41
rect:323 17 244 195 100
rect:185 10 311 70 6
YogyakartaInd2006_01.jpg 0x0
rect:353 115 208 84 49
rect:123 -22 368 601 29
rect:309 31 335 344 32
YogyakartaInd2006_02.jpg 0x0
rect:407 59 143 426 98
rect:311 98 71 250 69
rect:455 86 90 127 70
