Anchorage1964_01.jpg 0x0
rect:70 7 264 171 1
rect:62 376 163 242 1
Anchorage1964_02.jpg 0x0
rect:79 28 102 17 6
rect:207 336 246 95 2
rect:237 244 32 72 3
rect:392 266 61 51 4
rect:245 349 28 51 3
rect:32 205 148 34 5
rect:188 34 300 81 4
rect:642 287 14 71 3
rect:653 67 129 139 8
rect:327 254 35 57 3
rect:161 236 70 19 6
rect:37 27 159 42 5
rect:469 196 20 60 3
rect:444 221 20 46 3
rect:270 90 108 60 4
rect:113 163 20 25 6
rect:449 219 27 39 3
rect:105 165 91 68 7
rect:223 217 24 59 3
Anchorage1964_03.jpg 0x0
rect:0 326 614 76 10
rect:2 213 250 102 9
rect:300 97 346 255 9
Anchorage1964_04.jpg 0x0
rect:269 297 26 15 5
rect:202 560 21 33 1
rect:240 112 28 19 5
rect:320 192 17 27 1
rect:240 186 26 15 5
rect:232 137 18 18 1
rect:171 187 21 26 5
rect:277 64 33 13 5
rect:153 19 21 12 5
rect:317 275 15 29 1
rect:268 384 24 25 5
rect:290 84 19 32 1
rect:185 121 25 14 5
rect:368 365 38 19 5
rect:145 594 75 17 2
rect:140 208 39 13 5
rect:453 568 38 18 5
rect:135 169 27 16 5
rect:305 290 14 26 1
rect:370 407 14 21 1
rect:263 162 14 22 1
rect:261 173 27 18 5
rect:270 281 18 33 1
rect:320 216 17 22 1
rect:250 263 15 25 1
rect:156 345 32 23 5
rect:322 252 27 17 5
rect:190 325 45 20 5
rect:120 402 23 15 5
rect:337 335 28 14 5
rect:193 129 27 15 5
rect:452 214 37 16 5
rect:256 320 8 1 1
rect:175 435 45 18 5
rect:336 260 34 20 5
rect:122 150 27 19 5
rect:235 26 25 24 5
rect:162 75 27 10 5
rect:276 238 29 31 8
Anchorage1964_05.jpg 0x0
rect:588 186 49 29 6
rect:54 59 25 48 1
rect:574 299 35 57 8
rect:325 23 25 63 1
rect:369 231 163 70 2
rect:225 210 103 17 5
rect:198 149 137 34 6
rect:62 161 12 55 1
rect:612 316 55 43 5
rect:393 227 57 70 8
rect:248 53 86 32 5
rect:91 151 23 56 1
rect:573 165 51 53 1
rect:72 229 21 46 1
rect:414 377 67 65 1
rect:82 21 28 30 1
rect:776 313 70 41 5
rect:497 63 33 72 1
rect:331 80 28 65 1
rect:119 102 17 64 1
rect:665 249 37 67 1
rect:709 330 46 17 6
rect:30 325 27 44 1
rect:307 180 19 24 11
rect:246 28 75 35 6
rect:372 254 50 19 11
rect:62 268 24 32 1
rect:289 1 34 64 1
rect:46 228 17 54 1
Anchorage1964_06.jpg 0x0
rect:142 54 275 423 12
rect:172 172 93 77 11
rect:176 125 92 253 3
Anchorage1964_07.jpg 0x0
rect:275 284 297 268 2
rect:359 182 76 59 11
rect:10 72 784 450 2
rect:401 124 45 79 13
rect:20 182 329 41 11
rect:235 138 63 87 3
rect:250 2 121 51 2
rect:339 104 132 123 11
rect:6 377 360 33 14
Anchorage1964_08.jpg 0x0
rect:55 541 127 162 1
rect:58 397 94 94 1
rect:434 470 139 154 1
rect:377 328 99 130 1
rect:43 59 94 130 1
rect:299 30 104 110 1
Anchorage1964_09.jpg 0x0
rect:79 42 53 98 8
rect:707 98 94 15 15
rect:102 254 81 71 8
rect:455 150 94 90 1
rect:15 138 129 14 15
rect:821 129 1 1 16
rect:61 182 39 10 16
rect:119 150 350 9 15
rect:617 266 86 68 8
rect:16 16 301 12 15
rect:424 93 122 25 15
rect:681 10 129 11 16
rect:17 17 68 11 16
rect:398 27 102 55 8
rect:109 155 53 85 1
rect:306 142 72 67 1
rect:447 175 80 60 1
rect:14 102 20 8 16
rect:328 6 317 14 15
Anchorage1964_10.jpg 0x0
rect:81 186 344 455 1
rect:216 233 186 74 18
rect:80 398 368 106 18
rect:177 246 120 139 17
Anchorage1964_11.jpg 0x0
rect:102 450 640 24 14
rect:332 258 267 34 11
rect:285 121 263 24 15
rect:105 72 167 94 4
rect:407 7 116 43 1
rect:61 606 640 14 14
rect:93 230 655 79 2
rect:774 113 148 68 1
Anchorage1964_12.jpg 0x0
rect:403 92 64 191 3
rect:244 197 30 72 3
rect:380 85 62 173 3
rect:485 99 213 189 11
rect:9 92 618 352 2
Anchorage1964_13.jpg 0x0
rect:499 495 130 14 19
rect:443 517 31 121 20
rect:363 428 166 32 2
Anchorage1964_14.jpg 0x0
rect:283 9 61 178 11
rect:264 13 118 667 20
rect:16 680 24 52 22
rect:205 231 64 96 21
rect:130 455 39 63 22
rect:89 267 119 43 15
rect:345 640 156 97 23
rect:56 448 48 57 22
rect:541 7 107 174 11
rect:162 459 42 49 22
rect:288 195 110 55 15
rect:10 476 200 63 11
Anchorage1964_15.jpg 0x0
rect:284 165 48 63 25
rect:138 74 86 519 20
rect:277 379 265 69 2
rect:267 7 55 59 4
rect:476 8 94 56 4
rect:170 285 217 29 15
rect:298 236 101 38 11
rect:442 322 104 27 24
rect:203 164 46 88 11
Anchorage1964_16.jpg 0x0
rect:72 388 105 117 11
rect:204 202 353 185 11
rect:17 130 148 230 2
rect:16 300 63 80 2
rect:392 208 173 159 2
rect:240 92 198 170 2
Anchorage1964_17.jpg 0x0
rect:13 107 187 133 9
rect:266 49 224 261 9
rect:7 208 779 145 10
Anchorage1964_18.jpg 0x0
rect:650 247 35 16 2
rect:114 240 89 51 11
rect:281 262 25 46 11
rect:155 202 89 77 4
rect:467 179 82 76 4
rect:345 167 120 77 4
rect:329 296 341 31 15
rect:437 382 75 21 2
rect:123 270 15 36 11
rect:340 382 59 16 2
Anchorage1964_19.jpg 0x0
rect:36 222 36 110 27
rect:446 126 8 15 26
rect:335 94 23 21 26
rect:405 133 33 33 27
rect:392 82 80 126 29
rect:6 277 85 130 26
rect:905 124 8 5 26
rect:308 230 11 31 26
rect:493 80 38 91 29
rect:504 167 14 49 26
rect:655 225 6 10 26
rect:612 147 39 44 28
rect:581 247 8 21 26
rect:290 307 59 96 26
rect:490 121 19 42 29
rect:206 127 72 50 26
rect:415 203 15 49 26
rect:634 168 41 41 28
Anchorage1964_20.jpg 0x0
rect:232 86 183 169 29
rect:212 87 100 83 26
rect:183 119 84 48 27
rect:331 620 53 62 26
rect:246 416 73 96 26
Anchorage1964_21.jpg 0x0
rect:45 275 29 24 26
rect:-7 58 115 196 29
rect:147 181 564 160 30
rect:2 81 36 36 26
Bingol2003_01.jpg 0x0
rect:1011 354 85 60 33
rect:566 351 182 210 31
rect:22 237 69 46 33
rect:712 119 84 103 6
rect:274 186 100 59 33
rect:600 369 104 50 33
rect:479 267 38 65 34
rect:402 90 111 269 31
rect:2 346 899 324 10
rect:899 166 104 79 33
rect:527 168 52 121 34
rect:673 280 51 48 6
rect:196 288 60 73 33
rect:671 68 101 49 6
rect:231 92 87 21 6
rect:613 438 170 79 6
rect:351 476 124 123 6
rect:748 326 95 73 6
rect:394 333 46 226 32
Bingol2003_02.jpg 0x0
rect:202 285 889 459 31
rect:339 255 74 129 26
rect:468 330 99 102 6
rect:126 560 118 170 32
rect:147 78 546 207 34
rect:208 296 100 294 32
rect:1014 65 155 101 36
rect:558 176 365 102 35
Bingol2003_03.jpg 0x0
rect:108 25 110 35 2
rect:514 218 275 742 4
rect:480 186 232 52 11
rect:598 -7 342 189 4
rect:154 36 136 96 33
rect:853 460 185 499 2
rect:311 157 506 147 2
Bingol2003_04.jpg 0x0
rect:252 342 127 129 4
rect:351 537 102 83 2
rect:104 632 23 66 3
rect:245 401 42 151 3
rect:252 603 39 97 3
rect:54 535 108 63 2
rect:109 439 307 176 2
rect:98 526 37 69 3
CanterburyNZSeries2010_01.jpg 0x0
rect:92 83 117 280 12
CanterburyNZSeries2010_02.jpg 0x0
rect:53 9 232 192 37
rect:60 58 209 273 6
CanterburyNZSeries2010_03.jpg 0x0
rect:46 50 368 162 38
CanterburyNZSeries2010_04.jpg 0x0
rect:186 478 30 80 40
rect:140 321 67 213 41
rect:265 273 22 125 40
rect:424 515 15 55 40
rect:272 358 35 167 40
rect:248 303 24 59 40
rect:210 10 108 150 42
rect:148 199 212 254 39
CanterburyNZSeries2010_05.jpg 0x0
rect:348 300 151 269 4
rect:286 200 158 141 15
CanterburyNZSeries2010_06.jpg 0x0
rect:87 113 752 509 4
rect:225 255 283 126 2
CanterburyNZSeries2010_08.jpg 0x0
rect:572 471 42 181 32
rect:632 158 163 310 43
rect:943 642 54 135 44
rect:781 304 97 146 44
CanterburyNZSeries2010_09.jpg 0x0
rect:286 102 176 235 45
rect:229 284 139 273 39
CanterburyNZSeries2010_10.jpg 0x0
rect:370 250 211 74 46
rect:213 607 327 140 6
rect:180 181 420 186 6
rect:234 123 289 155 7
CanterburyNZSeries2010_11.jpg 0x0
rect:408 328 395 258 5
rect:312 226 317 162 7
CanterburyNZSeries2010_12.jpg 0x0
rect:549 326 191 58 11
rect:4 217 763 459 47
rect:52 369 1022 378 2
rect:219 356 169 47 11
CanterburyNZSeries2010_13.jpg 0x0
rect:391 156 105 529 11
rect:113 15 298 939 12
Caracas1967_01.jpg 0x0
rect:277 156 36 97 48
rect:386 141 54 71 48
rect:584 88 177 294 48
rect:310 124 9 47 48
Caracas1967_02.jpg 0x0
rect:159 350 37 41 50
rect:126 454 52 58 49
rect:313 1 135 150 15
rect:124 206 148 248 51
Caracas1967_03.jpg 0x0
rect:299 69 59 89 14
rect:271 470 76 93 26
rect:343 441 42 138 27
rect:217 481 24 74 27
rect:283 322 144 210 34
rect:12 456 204 99 6
Caracas1967_04.jpg 0x0
rect:152 416 18 113 27
rect:110 375 53 103 26
rect:161 400 168 112 34
Caracas1967_05.jpg 0x0
rect:92 291 285 199 52
rect:286 207 48 202 40
rect:146 240 53 256 40
rect:54 132 448 552 41
rect:25 107 457 638 48
rect:343 292 57 281 40
rect:142 456 56 241 40
rect:53 245 58 307 40
rect:324 227 37 204 40
rect:174 202 122 175 52
Caracas1967_06.jpg 0x0
rect:317 128 323 167 7
rect:442 227 76 49 6
Caracas1967_07.jpg 0x0
rect:541 275 113 108 53
rect:411 263 121 196 34
rect:527 343 71 80 53
rect:182 119 40 188 27
rect:412 6 75 296 34
rect:245 157 211 243 34
rect:504 62 36 252 27
Caracas1967_08.jpg 0x0
rect:192 284 84 106 55
rect:488 149 94 113 54
rect:266 334 46 94 54
Caracas1967_09.jpg 0x0
rect:504 11 188 135 48
rect:67 233 72 81 48
rect:146 170 119 63 48
rect:26 240 40 54 48
Caracas1967_10.jpg 0x0
rect:23 144 373 514 48
rect:431 381 66 225 40
rect:54 175 222 265 41
rect:348 157 113 136 40
Caracas1967_11.jpg 0x0
rect:54 219 202 600 41
rect:37 11 369 944 48
rect:308 11 171 288 41
Caracas1967_12.jpg 0x0
rect:372 260 42 53 34
rect:846 374 28 48 32
rect:223 209 23 43 56
rect:740 382 17 63 32
Caracas1967_13.jpg 0x0
rect:177 509 131 258 55
Caracas1967_14.jpg 0x0
rect:162 208 258 47 6
rect:87 104 560 186 57
Chichi1999_01.jpg 0x0
rect:266 115 48 266 42
rect:4 6 873 123 58
Chichi1999_02.jpg 0x0
rect:7 115 328 120 58
rect:347 114 147 311 59
Chichi1999_03.jpg 0x0
rect:101 203 67 90 60
rect:0 193 745 131 58
Chichi1999_04.jpg 0x0
rect:262 -14 56 154 48
rect:175 157 90 447 48
rect:170 232 37 52 52
Chichi1999_05.jpg 0x0
rect:477 110 54 64 41
rect:369 164 71 221 48
rect:460 296 21 42 41
rect:423 259 30 73 52
Chichi1999_06.jpg 0x0
rect:448 -10 70 81 61
rect:145 16 587 225 10
rect:317 101 53 56 62
rect:367 161 55 89 48
rect:250 162 15 34 52
rect:762 181 46 73 41
Chichi1999_07.jpg 0x0
rect:483 245 60 151 48
rect:133 170 29 43 64
rect:54 147 737 180 63
rect:128 224 42 116 48
rect:715 249 52 114 48
rect:371 197 38 28 64
rect:472 238 15 27 64
Chichi1999_08.jpg 0x0
rect:114 15 408 567 10
Chichi1999_09.jpg 0x0
rect:218 127 67 73 40
rect:180 109 91 117 41
rect:274 91 227 122 48
rect:178 131 41 59 40
Chichi1999_10.jpg 0x0
rect:199 18 562 353 10
Chichi1999_11.jpg 0x0
rect:177 211 99 130 65
rect:2 126 156 471 10
Chichi1999_12.jpg 0x0
rect:12 20 553 831 66
Chichi1999_13.jpg 0x0
rect:40 54 841 307 10
Chichi1999_14.jpg 0x0
rect:88 230 40 50 67
rect:250 443 23 29 39
rect:232 193 21 32 67
rect:297 556 18 38 39
rect:441 524 97 87 67
rect:67 352 50 64 67
rect:151 394 27 46 67
rect:109 566 42 46 67
rect:239 400 21 54 67
rect:112 185 71 49 67
rect:82 286 75 53 67
rect:290 302 32 37 39
rect:164 232 41 65 67
rect:194 498 31 39 67
rect:378 559 39 47 67
rect:210 393 28 47 39
rect:180 649 29 37 67
Chichi1999_15.jpg 0x0
rect:336 30 233 579 41
Chichi1999_16.jpg 0x0
rect:151 153 50 183 32
Chichi1999_17.jpg 0x0
rect:175 296 27 41 32
Chichi1999_18.jpg 0x0
rect:197 200 105 445 68
rect:227 205 44 71 69
rect:260 363 33 146 69
rect:260 346 40 98 70
rect:271 330 41 174 69
rect:186 233 26 116 69
Chichi1999_19.jpg 0x0
rect:200 126 191 261 3
rect:204 23 265 378 2
YogyakartaInd2006_03.jpg 0x0
rect:172 23 92 2 15
rect:266 65 66 47 16
rect:175 184 77 34 15
rect:301 205 25 8 16
rect:422 66 166 43 15
rect:285 261 355 154 71
rect:214 445 161 32 15
rect:235 312 52 37 16
Chichi1999_20.jpg 0x0
rect:200 213 86 435 42
rect:190 357 39 251 41
Chichi1999_21.jpg 0x0
rect:222 259 209 153 37
rect:19 4 257 191 30
rect:245 138 168 254 72
rect:398 115 189 127 6
rect:397 7 158 116 57
rect:95 292 162 138 5
rect:345 36 289 178 37
rect:215 227 68 142 6
Chichi1999_22.jpg 0x0
rect:206 164 22 19 73
rect:273 167 14 22 73
rect:364 213 17 24 73
rect:253 155 366 157 10
Chichi1999_23.jpg 0x0
rect:335 182 32 32 26
rect:238 268 55 109 73
rect:264 238 33 30 27
rect:99 381 47 75 34
rect:128 314 39 104 73
rect:251 407 47 89 34
rect:355 166 49 65 73
rect:160 210 67 53 73
rect:108 156 17 26 34
rect:5 89 624 242 74
Chichi1999_24.jpg 0x0
rect:173 196 147 101 75
rect:3 321 399 140 74
rect:264 435 1 2 46
rect:295 231 36 63 46
rect:227 301 74 52 34
Chichi1999_25.jpg 0x0
rect:141 414 38 83 26
rect:192 277 81 251 34
rect:140 172 161 330 73
Chichi1999_26.jpg 0x0
rect:102 456 107 134 27
rect:219 15 53 31 73
rect:301 222 130 451 76
rect:172 181 45 97 73
rect:144 607 105 112 73
rect:123 657 64 68 26
Chichi1999_27.jpg 0x0
rect:172 219 91 458 32
Chichi1999_28.jpg 0x0
rect:196 107 159 235 5
rect:207 228 223 89 77
rect:316 103 117 250 75
rect:16 50 295 143 6
Chichi1999_29.jpg 0x0
rect:158 157 249 384 48
rect:171 270 123 153 40
rect:175 275 87 188 52
Chichi1999_30.jpg 0x0
rect:200 112 190 76 52
rect:191 125 251 237 40
rect:253 265 233 50 78
rect:23 241 93 162 73
Chichi1999_31.jpg 0x0
rect:139 79 102 233 79
rect:669 130 39 225 48
Chichi1999_32.jpg 0x0
rect:201 51 45 206 81
rect:463 147 35 144 39
rect:202 10 95 441 80
rect:163 278 28 133 81
Chichi1999_33.jpg 0x0
rect:95 54 95 539 33
rect:307 85 103 391 32
rect:231 145 51 142 49
rect:155 136 47 87 49
rect:351 109 129 213 56
rect:161 142 91 206 32
Chichi1999_34.jpg 0x0
rect:130 76 295 267 10
Duzce1999_01.jpg 0x0
rect:158 131 91 102 41
rect:103 79 98 244 39
Duzce1999_02.jpg 0x0
rect:108 45 193 425 41
Duzce1999_03.jpg 0x0
rect:132 119 110 340 42
rect:0 121 119 256 31
rect:211 148 113 207 31
Gediz1970_01.jpg 0x0
rect:86 77 192 673 68
rect:145 374 105 326 69
rect:279 352 83 153 69
Guatemala1976_01.jpg 0x0
rect:21 157 633 134 82
rect:72 188 59 43 52
rect:503 139 72 86 41
rect:378 104 128 121 48
rect:59 160 33 57 41
rect:33 113 93 113 48
Guatemala1976_02.jpg 0x0
rect:189 59 253 333 48
rect:229 82 82 88 40
Guatemala1976_03.jpg 0x0
rect:20 86 711 253 75
Guatemala1976_04.jpg 0x0
rect:47 70 586 182 30
rect:139 34 455 54 30
rect:640 216 158 236 4
rect:580 264 119 179 4
Guatemala1976_05.jpg 0x0
rect:197 159 385 169 41
rect:154 79 504 256 48
rect:175 108 420 147 40
Guatemala1976_06.jpg 0x0
rect:119 119 268 361 39
Guatemala1976_07.jpg 0x0
rect:196 628 97 88 83
rect:23 365 80 66 6
rect:19 322 384 314 10
Guatemala1976_08.jpg 0x0
rect:449 65 209 264 40
rect:142 76 384 417 41
rect:151 42 313 422 48
Guatemala1976_09.jpg 0x0
rect:91 346 42 19 84
rect:393 213 52 43 84
rect:306 263 83 40 85
rect:505 265 80 60 85
rect:587 327 48 91 84
rect:63 348 40 34 85
rect:141 259 49 73 85
rect:193 258 49 22 84
Guatemala1976_10.jpg 0x0
rect:198 216 242 265 86
rect:162 139 270 123 87
rect:281 325 36 131 87
Guatemala1976_11.jpg 0x0
rect:150 236 97 243 34
GujaratIndia2001_01.jpg 0x0
rect:65 395 49 28 2
rect:176 398 215 104 2
rect:34 382 143 147 4
rect:362 304 45 63 11
Haiti2010_01.jpg 0x0
rect:300 150 181 329 41
rect:267 335 29 150 40
rect:541 588 216 171 4
rect:562 276 78 136 4
rect:106 40 137 129 7
Haiti2010_02.jpg 0x0
rect:256 25 133 53 14
rect:35 102 365 196 88
Haiti2010_03.jpg 0x0
rect:350 1 55 740 32
rect:243 484 165 149 32
rect:208 668 314 157 89
rect:310 714 71 58 49
Haiti2010_04.jpg 0x0
rect:2 187 255 129 6
rect:295 59 275 354 34
rect:170 374 346 378 41
Haiti2010_05.jpg 0x0
rect:388 291 34 84 40
rect:271 207 225 114 52
rect:306 177 308 583 90
rect:356 333 24 109 40
Haiti2010_06.jpg 0x0
rect:220 310 38 44 34
rect:605 304 62 256 32
rect:366 191 64 75 34
rect:442 136 136 316 33
rect:519 210 766 785 91
rect:188 200 378 378 91
rect:506 147 99 31 6
ImperialValley1979_01.jpg 0x0
rect:12 257 113 140 32
rect:426 295 44 37 32
rect:17 246 77 68 49
rect:247 339 30 22 49
rect:501 230 40 29 32
rect:477 238 21 30 50
rect:258 382 57 67 50
rect:348 302 74 69 32
rect:451 329 19 23 49
rect:69 296 72 134 50
rect:699 253 14 22 49
ImperialValley1979_02.jpg 0x0
rect:359 159 65 189 50
rect:226 135 402 48 92
rect:388 128 99 210 50
rect:129 91 78 157 50
rect:276 263 157 46 49
rect:273 95 218 311 32
ImperialValley1979_03.jpg 0x0
rect:282 339 76 249 50
rect:184 202 156 152 32
rect:93 445 273 26 92
rect:138 285 194 163 32
rect:221 278 105 165 50
rect:147 348 191 28 92
rect:101 281 112 239 50
Izmit1999_01.jpg 0x0
rect:273 89 55 123 27
rect:455 197 60 53 26
rect:271 177 43 113 27
rect:146 84 424 312 34
rect:302 135 44 135 27
Izmit1999_02.jpg 0x0
rect:31 95 535 249 10
Izmit1999_03.jpg 0x0
rect:165 79 347 261 32
rect:154 42 406 367 93
rect:135 258 353 37 92
rect:488 62 43 374 50
rect:466 100 42 303 50
rect:140 78 71 340 50
rect:256 189 52 211 50
rect:398 70 29 200 50
Izmit1999_04.jpg 0x0
rect:318 276 27 65 40
rect:61 541 37 115 42
rect:236 83 89 67 48
rect:398 104 61 95 41
rect:78 461 47 82 41
rect:461 290 20 52 40
rect:117 337 155 92 88
rect:114 735 229 90 88
rect:61 511 61 55 34
rect:331 268 82 96 41
Izmit1999_05.jpg 0x0
rect:94 27 755 430 10
Izmit1999_06.jpg 0x0
rect:253 261 44 184 50
rect:345 245 43 124 50
rect:163 182 181 91 49
rect:110 281 104 290 50
rect:179 172 209 356 32
rect:64 272 55 131 50
Izmit1999_07.jpg 0x0
rect:340 216 104 345 4
rect:275 126 81 91 3
rect:353 67 117 41 6
rect:17 91 289 540 2
rect:344 207 28 85 3
rect:195 280 29 158 3
rect:178 167 36 77 3
Izmit1999_08.jpg 0x0
rect:459 113 65 88 41
rect:418 7 125 74 45
rect:125 27 67 99 34
rect:500 89 69 29 52
rect:170 99 77 105 41
rect:144 453 66 64 45
rect:253 211 157 149 88
Izmit1999_09.jpg 0x0
rect:608 211 73 75 94
rect:439 235 69 87 41
rect:440 292 89 130 94
rect:454 296 77 105 41
rect:52 215 39 58 41
rect:343 146 42 36 41
Izmit1999_10.jpg 0x0
rect:202 530 45 59 40
rect:100 399 277 54 78
rect:282 201 51 203 40
rect:283 164 99 117 40
rect:384 492 57 31 78
rect:178 499 138 36 78
rect:99 166 272 645 41
rect:349 593 119 106 40
rect:45 122 84 193 40
rect:53 189 379 49 78
rect:190 167 84 259 40
Izmit1999_11.jpg 0x0
rect:201 271 91 177 40
rect:172 562 147 144 41
rect:180 265 103 143 41
rect:133 214 56 121 40
rect:404 319 83 216 40
Izmit1999_12.jpg 0x0
rect:102 260 26 34 40
rect:18 90 46 25 6
rect:192 196 58 63 88
rect:392 153 46 43 41
rect:596 188 214 150 91
rect:376 68 50 93 41
rect:1 294 35 36 41
rect:201 169 36 32 6
rect:592 22 67 63 34
rect:330 196 58 115 42
rect:382 128 64 76 45
rect:271 346 64 147 52
rect:74 100 40 26 6
rect:322 213 101 186 94
rect:36 295 68 95 94
rect:59 215 69 59 52
rect:354 155 68 43 7
rect:261 370 93 138 41
Izmit1999_13.jpg 0x0
rect:288 73 90 96 41
rect:293 192 66 267 41
rect:130 233 69 76 52
rect:108 110 71 56 6
rect:220 256 35 61 41
rect:367 57 141 440 48
rect:5 65 94 179 42
rect:124 264 130 133 94
rect:131 232 24 84 41
Izmit1999_14.jpg 0x0
rect:317 59 40 55 95
rect:405 448 36 19 34
rect:579 397 70 30 34
rect:337 118 78 85 35
rect:58 176 113 66 34
rect:280 408 47 25 34
rect:520 264 76 58 34
rect:294 7 154 57 35
rect:409 54 61 73 34
Izmit1999_15.jpg 0x0
rect:117 192 235 375 42
Izmit1999_16.jpg 0x0
rect:109 79 285 252 39
rect:188 125 153 190 41
rect:104 70 334 368 33
rect:140 126 41 104 40
Izmit1999_17.jpg 0x0
rect:79 159 164 282 41
Izmit1999_18.jpg 0x0
rect:128 185 89 143 41
rect:184 129 118 312 39
Izmit1999_19.jpg 0x0
rect:526 103 33 97 50
rect:261 157 171 214 32
rect:167 111 224 427 96
rect:508 154 19 73 50
Kobe1995_01.jpg 0x0
rect:25 108 1018 154 63
Kobe1995_02.jpg 0x0
rect:2 43 392 695 68
Kobe1995_03.jpg 0x0
rect:34 46 345 590 10
Kobe1995_04.jpg 0x0
rect:297 320 55 60 41
Kobe1995_05.jpg 0x0
rect:114 120 197 381 52
rect:4 177 104 598 40
rect:44 360 346 77 78
rect:302 202 134 509 40
rect:81 553 293 154 78
Kobe1995_06.jpg 0x0
rect:49 146 518 536 41
rect:140 317 314 363 42
Kobe1995_07.jpg 0x0
rect:350 230 35 41 39
rect:450 104 44 31 39
rect:279 222 32 61 39
rect:477 243 42 42 39
rect:39 360 29 49 39
rect:122 84 39 43 39
rect:201 479 34 34 39
rect:445 122 36 32 39
rect:136 278 38 36 39
rect:392 153 44 34 39
rect:462 264 39 48 39
rect:281 227 44 35 39
rect:170 138 50 53 39
rect:553 192 51 31 39
rect:163 173 29 47 39
rect:206 306 30 51 39
rect:283 90 22 34 39
rect:324 406 27 27 39
rect:181 308 39 41 39
rect:44 384 53 27 39
rect:151 377 29 33 39
rect:325 453 46 51 39
rect:134 180 35 39 39
rect:178 353 44 28 39
rect:340 392 28 31 39
rect:462 549 34 34 39
Kobe1995_08.jpg 0x0
rect:232 60 517 233 97
Kobe1995_09.jpg 0x0
rect:90 463 87 82 88
rect:173 606 240 83 97
rect:113 574 55 52 88
rect:74 835 98 98 88
SanSalvador_1986_01.jpg 0x0
rect:74 3 110 164 68
rect:248 153 140 243 41
SanSalvador_1986_02.jpg 0x0
rect:422 319 28 52 41
rect:184 197 31 28 41
rect:153 245 26 49 41
rect:320 164 20 37 41
rect:349 215 48 44 41
rect:496 152 46 50 42
rect:372 239 29 28 41
rect:503 198 33 54 41
rect:172 238 26 35 41
SikkimIndia2001_01.jpg 0x0
rect:181 203 114 149 34
SikkimIndia2001_02.jpg 0x0
rect:443 132 105 187 33
rect:-13 2 480 131 33
rect:149 80 219 280 33
rect:353 174 92 39 16
rect:9 144 46 49 54
rect:9 7 414 89 16
rect:477 229 89 14 16
rect:390 129 80 36 16
SikkimIndia2001_03.jpg 0x0
rect:253 12 241 632 98
rect:208 89 87 261 69
rect:267 154 71 127 70
SikkimIndia2001_04.jpg 0x0
rect:3 36 291 266 99
rect:299 206 152 158 34
rect:336 154 257 81 99
SumatraInd2009_01.jpg 0x0
rect:253 19 66 367 81
SumatraInd2009_02.jpg 0x0
rect:155 81 159 221 41
WhittierNarrows1987_01.jpg 0x0
rect:11 30 685 339 10
WhittierNarrows1987_02.jpg 0x0
rect:171 256 130 355 41
WhittierNarrows1987_03.jpg 0x0
rect:202 174 209 265 32
WhittierNarrows1987_04.jpg 0x0
rect:198 8 373 89 6
rect:208 39 103 276 41
rect:339 15 201 149 100
YogyakartaInd2006_01.jpg 0x0
rect:262 96 358 65 49
rect:182 30 256 362 32
rect:199 -29 475 395 29
YogyakartaInd2006_02.jpg 0x0
rect:259 117 71 201 69
rect:339 95 99 144 70
rect:241 45 141 436 98
