Anchorage1964_01.jpg 0x0
rect:92 434 201 268 1
rect:97 7 233 229 1
Anchorage1964_02.jpg 0x0
rect:464 68 101 113 8
rect:200 368 32 62 3
rect:329 284 30 45 3
rect:120 181 23 15 6
rect:426 203 18 53 3
rect:171 162 54 59 7
rect:338 306 21 75 3
rect:169 57 118 83 4
rect:540 322 15 48 3
rect:100 44 114 11 6
rect:317 189 27 59 3
rect:30 28 149 37 5
rect:128 264 466 112 2
rect:127 232 40 18 6
rect:540 191 12 54 3
rect:253 31 282 89 4
rect:33 247 144 45 5
rect:537 237 97 47 4
rect:402 232 30 62 3
Anchorage1964_03.jpg 0x0
rect:2 258 196 97 9
rect:0 277 789 82 10
rect:246 68 429 266 9
Anchorage1964_04.jpg 0x0
rect:143 70 36 14 5
rect:145 350 29 12 5
rect:293 145 32 22 5
rect:162 304 39 15 5
rect:266 90 30 23 5
rect:320 333 15 26 1
rect:358 392 14 25 1
rect:282 123 31 26 5
rect:279 216 13 31 1
rect:359 66 28 19 5
rect:429 437 31 18 5
rect:260 278 20 27 1
rect:368 25 33 14 5
rect:335 294 22 22 1
rect:163 440 40 13 5
rect:244 148 17 25 1
rect:126 589 23 25 5
rect:338 376 37 18 5
rect:240 177 28 23 5
rect:152 105 32 23 5
rect:363 431 12 26 1
rect:113 20 23 19 5
rect:389 112 22 13 5
rect:294 328 36 19 5
rect:346 274 15 27 1
rect:256 366 70 22 2
rect:268 251 9 1 1
rect:184 208 28 18 5
rect:446 187 30 18 5
rect:180 208 19 18 5
rect:183 193 27 16 5
rect:173 155 23 22 5
rect:200 168 16 23 1
rect:162 97 23 20 5
rect:202 353 26 22 1
rect:403 385 18 17 5
rect:333 140 17 26 1
rect:312 331 27 26 8
rect:248 334 35 13 5
Anchorage1964_05.jpg 0x0
rect:41 413 27 44 1
rect:215 242 165 54 2
rect:316 177 23 26 11
rect:88 207 29 35 1
rect:480 371 61 64 1
rect:760 323 54 36 5
rect:67 312 24 38 1
rect:329 1 35 66 1
rect:369 310 36 79 8
rect:584 193 54 19 6
rect:443 112 49 45 1
rect:627 20 36 51 1
rect:78 53 20 37 1
rect:431 240 53 35 5
rect:70 79 20 52 1
rect:785 369 54 18 6
rect:46 145 22 30 1
rect:359 159 50 56 1
rect:594 437 57 71 8
rect:43 204 16 49 1
rect:28 337 31 41 1
rect:227 185 88 20 5
rect:348 129 40 64 1
rect:137 49 126 40 6
rect:110 34 22 41 1
rect:330 212 42 19 11
rect:213 44 108 21 5
rect:203 142 121 34 6
rect:368 63 41 44 1
Anchorage1964_06.jpg 0x0
rect:132 233 76 66 11
rect:147 87 198 358 12
rect:164 158 110 357 3
Anchorage1964_07.jpg 0x0
rect:7 349 504 26 14
rect:372 169 42 109 13
rect:465 240 102 78 11
rect:10 71 821 355 2
rect:309 200 355 272 2
rect:12 222 334 43 11
rect:171 2 104 60 2
rect:308 153 45 134 3
rect:248 146 175 155 11
Anchorage1964_08.jpg 0x0
rect:34 500 96 165 1
rect:56 250 118 74 1
rect:289 587 83 103 1
rect:337 35 138 130 1
rect:51 91 137 115 1
rect:365 198 132 107 1
Anchorage1964_09.jpg 0x0
rect:17 183 17 10 16
rect:11 15 293 15 15
rect:681 8 119 11 16
rect:275 147 44 77 1
rect:12 155 87 23 15
rect:596 10 286 12 15
rect:416 39 75 68 8
rect:54 107 39 9 16
rect:103 196 93 64 1
rect:119 253 78 77 8
rect:307 118 138 31 15
rect:334 167 77 78 1
rect:578 187 98 58 8
rect:727 136 1 1 16
rect:16 21 68 13 16
rect:699 91 105 14 15
rect:645 152 101 65 1
rect:176 129 248 15 15
rect:102 34 81 91 8
Anchorage1964_10.jpg 0x0
rect:56 277 255 105 18
rect:186 255 262 64 18
rect:248 246 96 157 17
rect:74 230 257 339 1
Anchorage1964_11.jpg 0x0
rect:107 185 466 69 2
rect:61 523 487 16 14
rect:773 144 129 72 1
rect:296 173 279 25 11
rect:704 6 120 46 1
rect:69 544 492 25 14
rect:251 204 372 21 15
rect:179 66 167 97 4
Anchorage1964_12.jpg 0x0
rect:286 68 64 175 3
rect:479 108 179 205 11
rect:13 103 633 332 2
rect:518 67 47 205 3
rect:182 199 21 99 3
Anchorage1964_13.jpg 0x0
rect:287 703 106 11 19
rect:221 469 197 19 2
rect:631 439 23 151 20
Anchorage1964_14.jpg 0x0
rect:259 212 77 87 21
rect:267 515 127 63 23
rect:294 7 70 169 11
rect:121 478 28 53 22
rect:414 269 207 66 15
rect:40 774 62 48 22
rect:89 348 165 38 15
rect:305 12 78 294 11
rect:151 11 72 624 20
rect:173 697 42 44 22
rect:24 536 26 56 22
rect:10 458 137 79 11
Anchorage1964_15.jpg 0x0
rect:507 234 142 43 24
rect:222 57 88 462 20
rect:199 282 185 32 15
rect:308 321 296 51 2
rect:207 105 40 73 25
rect:327 276 140 55 11
rect:215 8 55 49 4
rect:217 169 25 76 11
rect:342 9 68 58 4
Anchorage1964_16.jpg 0x0
rect:247 81 298 129 2
rect:408 162 136 151 2
rect:157 271 240 172 11
rect:103 308 62 103 11
rect:13 406 46 98 2
rect:16 150 153 225 2
Anchorage1964_17.jpg 0x0
rect:10 268 532 196 10
rect:14 93 194 93 9
rect:291 57 235 263 9
Anchorage1964_18.jpg 0x0
rect:147 210 84 102 4
rect:379 348 314 22 15
rect:536 399 52 18 2
rect:335 355 30 77 11
rect:359 161 118 67 4
rect:155 181 23 58 11
rect:150 252 97 61 11
rect:310 327 98 18 2
rect:453 196 121 73 4
rect:340 303 39 22 2
Anchorage1964_19.jpg 0x0
rect:250 318 63 86 26
rect:519 213 6 14 26
rect:296 121 66 34 26
rect:401 234 10 19 26
rect:361 115 28 19 26
rect:551 177 22 39 29
rect:454 72 42 74 29
rect:387 230 13 25 26
rect:790 190 10 8 26
rect:5 327 61 162 26
rect:399 133 32 34 27
rect:570 177 14 40 26
rect:581 298 32 27 28
rect:22 292 30 69 27
rect:217 87 70 153 29
rect:507 208 26 35 26
rect:329 109 9 20 26
rect:633 154 33 39 28
Anchorage1964_20.jpg 0x0
rect:398 532 34 102 26
rect:247 121 120 59 26
rect:224 526 93 151 26
rect:183 74 182 160 29
rect:179 123 60 33 27
Anchorage1964_21.jpg 0x0
rect:193 144 774 115 30
rect:-6 76 70 138 29
rect:2 100 45 36 26
rect:57 264 34 39 26
Bingol2003_01.jpg 0x0
rect:382 185 39 64 6
rect:192 70 83 26 6
rect:571 60 93 83 6
rect:664 204 74 53 6
rect:481 318 111 112 6
rect:368 344 174 60 6
rect:568 108 80 102 6
rect:674 307 201 220 31
rect:299 167 63 56 33
rect:637 330 106 54 33
rect:621 106 183 159 31
rect:872 283 86 69 33
rect:346 419 62 47 34
rect:568 442 86 47 33
rect:22 311 58 83 33
rect:483 215 63 140 34
rect:2 274 708 336 10
rect:180 281 54 72 33
rect:371 376 55 207 32
Bingol2003_02.jpg 0x0
rect:296 286 949 622 31
rect:369 385 71 118 26
rect:357 250 114 100 6
rect:413 277 321 131 35
rect:836 56 146 75 36
rect:162 309 77 412 32
rect:145 495 196 263 32
rect:133 71 445 169 34
Bingol2003_03.jpg 0x0
rect:496 -7 368 211 4
rect:85 28 184 34 2
rect:739 607 192 374 2
rect:617 271 231 87 11
rect:780 273 346 774 4
rect:109 53 120 121 33
rect:402 132 505 126 2
Bingol2003_04.jpg 0x0
rect:243 438 85 71 2
rect:94 439 26 70 3
rect:298 458 50 84 3
rect:131 498 175 215 2
rect:129 605 30 95 3
rect:319 269 108 223 4
rect:249 377 31 87 3
rect:93 502 99 74 2
CanterburyNZSeries2010_01.jpg 0x0
rect:126 114 166 213 12
CanterburyNZSeries2010_02.jpg 0x0
rect:32 9 215 247 37
rect:54 51 116 261 6
CanterburyNZSeries2010_03.jpg 0x0
rect:36 91 370 179 38
CanterburyNZSeries2010_04.jpg 0x0
rect:164 344 155 287 39
rect:182 277 36 166 40
rect:183 11 79 198 42
rect:284 261 40 102 40
rect:224 511 96 220 41
rect:195 304 29 90 40
rect:270 306 23 44 40
rect:296 393 17 72 40
CanterburyNZSeries2010_05.jpg 0x0
rect:396 183 153 117 15
rect:296 316 140 457 4
CanterburyNZSeries2010_06.jpg 0x0
rect:89 80 882 507 4
rect:174 233 256 152 2
CanterburyNZSeries2010_08.jpg 0x0
rect:647 166 199 215 43
rect:981 362 97 130 44
rect:555 611 24 180 32
rect:992 497 53 172 44
CanterburyNZSeries2010_09.jpg 0x0
rect:349 399 149 407 39
rect:322 120 239 254 45
CanterburyNZSeries2010_10.jpg 0x0
rect:220 358 262 137 6
rect:422 198 282 129 7
rect:213 183 246 235 6
rect:275 251 161 79 46
CanterburyNZSeries2010_11.jpg 0x0
rect:295 227 256 261 5
rect:353 161 383 110 7
CanterburyNZSeries2010_12.jpg 0x0
rect:44 265 920 261 2
rect:228 623 127 38 11
rect:414 544 216 66 11
rect:5 267 928 385 47
CanterburyNZSeries2010_13.jpg 0x0
rect:459 205 139 327 11
rect:112 21 501 545 12
Caracas1967_01.jpg 0x0
rect:242 135 71 112 48
rect:553 91 155 294 48
rect:340 187 41 119 48
rect:336 171 9 75 48
Caracas1967_02.jpg 0x0
rect:125 319 45 41 50
rect:222 1 150 114 15
rect:148 271 235 199 51
rect:122 404 33 64 49
Caracas1967_03.jpg 0x0
rect:242 420 64 59 26
rect:373 294 25 122 27
rect:17 275 267 107 6
rect:324 331 39 54 27
rect:300 61 69 92 14
rect:224 407 135 217 34
Caracas1967_04.jpg 0x0
rect:153 302 62 101 26
rect:172 413 195 122 34
rect:163 365 24 116 27
Caracas1967_05.jpg 0x0
rect:151 249 55 248 40
rect:314 182 153 140 52
rect:163 407 61 226 40
rect:298 266 60 270 40
rect:53 339 217 232 52
rect:214 294 59 142 40
rect:30 121 374 567 41
rect:49 434 53 194 40
rect:34 118 430 550 48
rect:375 217 33 274 40
Caracas1967_06.jpg 0x0
rect:332 107 343 308 7
rect:369 342 95 61 6
Caracas1967_07.jpg 0x0
rect:245 119 57 230 27
rect:326 331 125 59 53
rect:180 106 168 236 34
rect:267 7 105 318 34
rect:387 175 121 330 34
rect:479 220 103 88 53
rect:282 54 35 280 27
Caracas1967_08.jpg 0x0
rect:353 187 62 93 54
rect:159 340 82 83 55
rect:294 220 59 114 54
Caracas1967_09.jpg 0x0
rect:99 203 64 78 48
rect:150 130 94 102 48
rect:538 13 247 140 48
rect:21 314 67 65 48
Caracas1967_10.jpg 0x0
rect:346 274 65 165 40
rect:16 211 534 333 48
rect:344 212 97 233 40
rect:51 196 320 443 41
Caracas1967_11.jpg 0x0
rect:277 16 161 201 41
rect:77 267 229 530 41
rect:57 11 453 920 48
Caracas1967_12.jpg 0x0
rect:906 319 18 56 32
rect:358 181 30 42 34
rect:735 314 27 56 32
rect:284 243 21 50 56
Caracas1967_13.jpg 0x0
rect:126 446 98 272 55
Caracas1967_14.jpg 0x0
rect:159 251 294 36 6
rect:152 107 716 258 57
Chichi1999_01.jpg 0x0
rect:3 8 798 140 58
rect:303 114 66 169 42
Chichi1999_02.jpg 0x0
rect:6 89 381 186 58
rect:297 138 254 273 59
Chichi1999_03.jpg 0x0
rect:90 195 75 126 60
rect:0 113 638 172 58
Chichi1999_04.jpg 0x0
rect:188 245 77 460 48
rect:226 -16 41 143 48
rect:250 234 38 73 52
Chichi1999_05.jpg 0x0
rect:434 237 44 93 52
rect:482 300 30 36 41
rect:273 179 59 71 41
rect:478 154 119 225 48
Chichi1999_06.jpg 0x0
rect:168 17 490 204 10
rect:367 127 60 62 62
rect:745 230 37 55 41
rect:232 149 48 121 48
rect:390 158 24 37 52
rect:733 -12 59 89 61
Chichi1999_07.jpg 0x0
rect:66 229 487 133 63
rect:506 210 18 18 64
rect:358 293 35 45 64
rect:134 191 54 178 48
rect:176 216 27 57 64
rect:355 188 61 102 48
rect:452 303 49 118 48
Chichi1999_08.jpg 0x0
rect:121 17 537 445 10
Chichi1999_09.jpg 0x0
rect:251 81 70 59 40
rect:277 58 176 199 48
rect:155 103 42 101 40
rect:170 94 92 85 41
Chichi1999_10.jpg 0x0
rect:226 14 602 505 10
Chichi1999_11.jpg 0x0
rect:2 137 203 679 10
rect:183 274 133 91 65
Chichi1999_12.jpg 0x0
rect:10 19 306 572 66
Chichi1999_13.jpg 0x0
rect:42 59 498 436 10
Chichi1999_14.jpg 0x0
rect:92 260 45 50 67
rect:221 299 29 55 67
rect:362 569 29 38 67
rect:236 358 45 53 39
rect:84 397 45 47 67
rect:243 392 32 35 39
rect:98 409 59 70 67
rect:154 280 15 52 67
rect:343 590 77 92 67
rect:242 277 28 39 67
rect:265 496 34 45 39
rect:164 347 30 33 67
rect:148 356 19 44 67
rect:318 365 29 17 39
rect:199 136 83 41 67
rect:106 248 31 79 67
rect:87 582 35 49 67
Chichi1999_15.jpg 0x0
rect:260 23 243 579 41
Chichi1999_16.jpg 0x0
rect:195 114 64 125 32
Chichi1999_17.jpg 0x0
rect:174 289 22 39 32
Chichi1999_18.jpg 0x0
rect:289 311 30 99 69
rect:236 208 37 98 69
rect:114 179 31 153 69
rect:285 240 29 102 69
rect:191 383 45 151 70
rect:144 204 120 360 68
Chichi1999_19.jpg 0x0
rect:259 145 162 306 3
rect:204 25 326 518 2
YogyakartaInd2006_03.jpg 0x0
rect:262 137 87 24 15
rect:180 157 23 7 16
rect:217 265 270 128 71
rect:213 322 155 39 15
rect:223 21 118 2 15
rect:257 403 74 36 16
rect:434 65 121 77 15
rect:316 92 98 40 16
Chichi1999_20.jpg 0x0
rect:137 225 77 256 42
rect:194 461 65 225 41
Chichi1999_21.jpg 0x0
rect:85 407 194 78 5
rect:141 81 233 235 72
rect:20 4 297 114 30
rect:198 206 226 179 37
rect:365 129 123 106 6
rect:414 29 309 260 37
rect:366 7 118 142 57
rect:300 272 100 155 6
Chichi1999_22.jpg 0x0
rect:215 304 23 24 73
rect:303 131 398 153 10
rect:420 238 13 18 73
rect:178 289 10 22 73
Chichi1999_23.jpg 0x0
rect:387 170 24 19 27
rect:332 140 27 24 26
rect:4 69 629 161 74
rect:83 381 46 75 34
rect:287 140 36 51 73
rect:99 232 35 85 73
rect:173 146 28 20 34
rect:141 158 42 46 73
rect:276 379 29 73 34
rect:328 295 65 109 73
Chichi1999_24.jpg 0x0
rect:219 135 159 117 75
rect:206 230 91 66 34
rect:285 329 1 2 46
rect:226 224 47 58 46
rect:3 398 377 254 74
Chichi1999_25.jpg 0x0
rect:135 171 215 215 73
rect:202 262 103 157 34
rect:177 393 50 69 26
Chichi1999_26.jpg 0x0
rect:126 496 107 132 27
rect:265 224 53 78 73
rect:135 706 133 169 73
rect:176 228 102 351 76
rect:336 22 35 31 73
rect:181 450 60 91 26
Chichi1999_27.jpg 0x0
rect:143 236 94 321 32
Chichi1999_28.jpg 0x0
rect:285 318 303 122 77
rect:26 62 259 142 6
rect:195 93 178 252 5
rect:347 95 210 275 75
Chichi1999_29.jpg 0x0
rect:176 249 230 338 48
rect:223 253 95 186 52
rect:289 254 127 172 40
Chichi1999_30.jpg 0x0
rect:166 132 206 331 40
rect:197 214 197 44 78
rect:146 112 226 77 52
rect:36 207 114 175 73
Chichi1999_31.jpg 0x0
rect:180 78 131 314 79
rect:438 143 43 248 48
Chichi1999_32.jpg 0x0
rect:182 73 35 134 81
rect:574 106 41 195 39
rect:206 10 71 360 80
rect:191 228 38 125 81
Chichi1999_33.jpg 0x0
rect:261 65 129 397 32
rect:327 141 41 155 49
rect:269 87 129 233 56
rect:147 117 69 223 32
rect:63 53 173 378 33
rect:176 122 39 86 49
Chichi1999_34.jpg 0x0
rect:126 75 293 477 10
Duzce1999_01.jpg 0x0
rect:109 111 91 174 41
rect:97 65 73 323 39
Duzce1999_02.jpg 0x0
rect:78 54 104 297 41
Duzce1999_03.jpg 0x0
rect:0 194 77 169 31
rect:139 76 80 293 42
rect:294 109 69 308 31
Gediz1970_01.jpg 0x0
rect:161 485 99 270 69
rect:111 131 294 682 68
rect:133 255 94 256 69
Guatemala1976_01.jpg 0x0
rect:73 177 40 57 41
rect:624 194 55 76 41
rect:531 122 157 142 48
rect:78 213 69 62 52
rect:37 184 106 133 48
rect:20 155 788 195 82
Guatemala1976_02.jpg 0x0
rect:218 65 81 115 40
rect:239 72 271 235 48
Guatemala1976_03.jpg 0x0
rect:14 71 673 385 75
Guatemala1976_04.jpg 0x0
rect:176 33 442 97 30
rect:548 229 98 172 4
rect:793 230 133 415 4
rect:45 66 631 237 30
Guatemala1976_05.jpg 0x0
rect:163 100 422 255 48
rect:113 178 439 205 40
rect:269 204 235 126 41
Guatemala1976_06.jpg 0x0
rect:142 115 282 380 39
Guatemala1976_07.jpg 0x0
rect:250 554 141 93 83
rect:19 324 48 44 6
rect:22 272 320 503 10
Guatemala1976_08.jpg 0x0
rect:153 63 387 388 41
rect:355 86 155 388 40
rect:211 36 502 536 48
Guatemala1976_09.jpg 0x0
rect:92 327 44 22 85
rect:203 221 66 58 85
rect:347 218 73 74 84
rect:327 206 72 24 85
rect:217 242 39 32 84
rect:824 426 68 86 84
rect:94 325 43 21 84
rect:657 339 42 51 85
Guatemala1976_10.jpg 0x0
rect:263 184 173 213 86
rect:249 476 44 120 87
rect:176 117 181 152 87
Guatemala1976_11.jpg 0x0
rect:181 242 128 165 34
GujaratIndia2001_01.jpg 0x0
rect:191 467 269 103 2
rect:37 475 172 180 4
rect:308 389 45 59 11
rect:66 572 63 30 2
Haiti2010_01.jpg 0x0
rect:149 45 161 134 7
rect:572 590 234 180 4
rect:200 335 33 156 40
rect:454 248 111 113 4
rect:246 138 178 322 41
Haiti2010_02.jpg 0x0
rect:50 98 474 193 88
rect:271 33 121 52 14
Haiti2010_03.jpg 0x0
rect:244 1 87 568 32
rect:163 442 151 188 32
rect:227 448 215 227 89
rect:312 570 61 65 49
Haiti2010_04.jpg 0x0
rect:130 361 241 378 41
rect:175 64 273 365 34
rect:2 158 198 163 6
Haiti2010_05.jpg 0x0
rect:211 169 27 119 40
rect:230 194 364 527 90
rect:183 175 157 84 52
rect:290 286 39 81 40
Haiti2010_06.jpg 0x0
rect:467 161 476 878 91
rect:176 298 49 53 34
rect:386 204 49 72 34
rect:186 195 215 411 91
rect:308 252 58 56 6
rect:422 220 155 349 33
rect:350 294 81 252 32
ImperialValley1979_01.jpg 0x0
rect:577 216 38 39 50
rect:12 271 177 160 32
rect:396 370 63 59 32
rect:11 332 79 69 49
rect:498 371 19 16 49
rect:497 289 42 41 32
rect:363 395 56 49 50
rect:688 397 39 32 32
rect:41 375 99 77 50
rect:435 362 32 20 49
rect:337 377 50 32 49
ImperialValley1979_02.jpg 0x0
rect:240 115 166 276 32
rect:226 142 48 148 50
rect:180 167 92 235 50
rect:203 192 101 40 49
rect:287 87 96 200 50
rect:201 237 325 54 92
ImperialValley1979_03.jpg 0x0
rect:150 148 160 179 32
rect:97 294 346 38 92
rect:151 281 78 144 50
rect:371 360 83 156 50
rect:73 352 345 46 92
rect:95 327 117 225 50
rect:146 290 174 223 32
Izmit1999_01.jpg 0x0
rect:180 285 49 126 27
rect:589 305 51 67 26
rect:221 71 73 152 27
rect:167 92 39 173 27
rect:164 79 387 255 34
Izmit1999_02.jpg 0x0
rect:34 91 804 350 10
Izmit1999_03.jpg 0x0
rect:423 104 46 258 50
rect:236 47 297 473 32
rect:127 51 269 348 93
rect:536 103 39 176 50
rect:208 244 417 36 92
rect:601 99 57 254 50
rect:209 109 45 142 50
rect:118 99 58 289 50
Izmit1999_04.jpg 0x0
rect:427 243 101 59 41
rect:47 613 25 116 42
rect:69 380 59 74 41
rect:282 58 108 100 48
rect:78 701 289 128 88
rect:281 59 95 61 41
rect:121 200 109 71 88
rect:491 356 17 86 40
rect:56 361 87 66 34
rect:437 410 22 59 40
Izmit1999_05.jpg 0x0
rect:100 29 530 443 10
Izmit1999_06.jpg 0x0
rect:127 199 250 434 32
rect:103 192 61 174 50
rect:181 334 145 57 49
rect:129 209 63 168 50
rect:216 253 49 187 50
rect:280 243 59 198 50
Izmit1999_07.jpg 0x0
rect:251 359 77 428 4
rect:134 336 30 95 3
rect:298 99 77 91 3
rect:228 162 52 113 3
rect:263 169 38 104 3
rect:21 155 295 764 2
rect:358 85 146 44 6
Izmit1999_08.jpg 0x0
rect:158 147 97 99 41
rect:194 306 234 110 88
rect:142 21 82 110 34
rect:703 6 104 95 45
rect:615 94 74 26 52
rect:419 79 95 54 41
rect:163 402 65 74 45
Izmit1999_09.jpg 0x0
rect:368 279 94 67 41
rect:216 197 49 40 41
rect:609 317 57 68 41
rect:41 148 55 69 41
rect:425 247 141 72 94
rect:769 192 45 85 94
Izmit1999_10.jpg 0x0
rect:233 468 57 62 40
rect:62 98 346 594 41
rect:50 238 346 39 78
rect:93 318 250 49 78
rect:307 92 101 167 40
rect:293 212 58 140 40
rect:163 247 93 178 40
rect:171 281 110 33 78
rect:67 165 72 221 40
rect:250 513 115 108 40
rect:363 459 55 28 78
Izmit1999_11.jpg 0x0
rect:242 541 147 172 41
rect:353 336 68 166 40
rect:233 197 104 220 41
rect:187 212 63 148 40
rect:199 291 84 141 40
Izmit1999_12.jpg 0x0
rect:279 372 113 111 94
rect:350 263 80 83 52
rect:353 79 38 105 41
rect:432 194 72 45 7
rect:114 276 58 84 88
rect:615 142 58 44 41
rect:569 162 240 262 91
rect:1 245 33 46 41
rect:56 234 57 84 52
rect:402 221 44 98 42
rect:62 220 56 76 94
rect:384 88 54 78 45
rect:332 157 40 39 6
rect:395 29 65 70 34
rect:16 54 43 20 6
rect:68 209 30 40 40
rect:361 232 69 101 41
rect:82 67 43 18 6
Izmit1999_13.jpg 0x0
rect:183 184 54 98 41
rect:159 286 66 65 52
rect:322 79 254 438 48
rect:119 303 29 106 41
rect:132 266 132 101 94
rect:362 155 104 197 41
rect:4 61 85 204 42
rect:119 103 43 57 6
rect:370 106 65 137 41
Izmit1999_14.jpg 0x0
rect:491 60 47 59 95
rect:336 292 69 46 34
rect:275 420 57 24 34
rect:257 346 47 28 34
rect:448 73 76 87 34
rect:553 342 67 34 34
rect:433 6 166 71 35
rect:45 174 141 74 34
rect:465 166 83 84 35
Izmit1999_15.jpg 0x0
rect:195 233 177 503 42
Izmit1999_16.jpg 0x0
rect:91 65 464 402 33
rect:115 75 156 188 41
rect:234 143 38 77 40
rect:148 69 286 336 39
Izmit1999_17.jpg 0x0
rect:112 113 236 291 41
Izmit1999_18.jpg 0x0
rect:164 179 177 300 39
rect:185 152 135 142 41
Izmit1999_19.jpg 0x0
rect:274 59 198 385 96
rect:388 179 31 69 50
rect:205 106 267 248 32
rect:540 194 17 55 50
Kobe1995_01.jpg 0x0
rect:26 156 889 176 63
Kobe1995_02.jpg 0x0
rect:2 75 341 402 68
Kobe1995_03.jpg 0x0
rect:27 62 324 423 10
Kobe1995_04.jpg 0x0
rect:313 216 67 42 41
Kobe1995_05.jpg 0x0
rect:92 750 237 135 78
rect:4 129 137 541 40
rect:159 184 180 567 52
rect:41 294 493 58 78
rect:403 105 197 515 40
Kobe1995_06.jpg 0x0
rect:159 357 335 376 42
rect:59 180 557 611 41
Kobe1995_07.jpg 0x0
rect:225 367 37 33 39
rect:447 145 47 32 39
rect:259 295 44 56 39
rect:359 134 46 42 39
rect:308 105 22 25 39
rect:34 374 47 37 39
rect:45 251 32 42 39
rect:268 399 40 26 39
rect:288 299 39 35 39
rect:85 214 30 39 39
rect:290 340 27 28 39
rect:407 250 40 23 39
rect:296 375 33 28 39
rect:161 430 35 35 39
rect:111 497 23 37 39
rect:128 374 34 35 39
rect:364 149 30 44 39
rect:264 170 39 57 39
rect:379 493 26 47 39
rect:364 331 27 27 39
rect:505 216 47 38 39
rect:333 423 31 50 39
rect:226 125 39 30 39
rect:169 133 45 52 39
rect:341 348 33 52 39
rect:210 279 46 50 39
Kobe1995_08.jpg 0x0
rect:380 67 394 210 97
Kobe1995_09.jpg 0x0
rect:86 552 66 115 88
rect:79 406 50 85 88
rect:110 573 80 69 88
rect:245 653 161 77 97
SanSalvador_1986_01.jpg 0x0
rect:68 3 78 271 68
rect:318 165 119 219 41
SanSalvador_1986_02.jpg 0x0
rect:525 133 51 51 42
rect:170 372 24 28 41
rect:636 175 54 61 41
rect:191 271 26 35 41
rect:387 177 15 27 41
rect:226 210 19 22 41
rect:354 210 49 47 41
rect:299 273 26 55 41
rect:525 201 31 42 41
SikkimIndia2001_01.jpg 0x0
rect:290 215 128 102 34
SikkimIndia2001_02.jpg 0x0
rect:568 75 104 143 33
rect:8 206 65 36 54
rect:334 245 97 47 16
rect:214 92 214 340 33
rect:-15 2 319 102 33
rect:10 6 240 62 16
rect:388 255 106 15 16
rect:403 113 65 32 16
SikkimIndia2001_03.jpg 0x0
rect:230 90 65 164 69
rect:184 266 72 177 70
rect:221 13 125 479 98
SikkimIndia2001_04.jpg 0x0
rect:380 243 278 107 99
rect:312 133 107 187 34
rect:3 22 260 321 99
SumatraInd2009_01.jpg 0x0
rect:339 19 77 228 81
SumatraInd2009_02.jpg 0x0
rect:208 96 162 133 41
WhittierNarrows1987_01.jpg 0x0
rect:13 31 928 325 10
WhittierNarrows1987_02.jpg 0x0
rect:149 301 136 197 41
WhittierNarrows1987_03.jpg 0x0
rect:214 109 180 196 32
WhittierNarrows1987_04.jpg 0x0
rect:204 7 207 83 6
rect:208 57 123 187 41
rect:291 11 247 124 100
YogyakartaInd2006_01.jpg 0x0
rect:229 45 253 267 32
rect:164 -19 334 650 29
rect:294 147 314 53 49
YogyakartaInd2006_02.jpg 0x0
rect:492 72 71 232 70
rect:266 43 154 506 98
rect:420 152 62 191 69
