Anchorage1964_01.jpg 0x0
rect:77 259 192 198 1
rect:125 9 223 203 1
Anchorage1964_02.jpg 0x0
rect:248 76 91 98 4
rect:250 359 29 88 3
rect:294 210 64 59 4
rect:402 301 13 74 3
rect:289 246 30 76 3
rect:470 294 20 50 3
rect:179 40 268 76 4
rect:152 208 67 16 6
rect:52 49 62 17 6
rect:26 176 190 39 5
rect:159 334 459 91 2
rect:281 369 30 71 3
rect:48 27 165 58 5
rect:78 206 30 23 6
rect:428 293 29 44 3
rect:174 189 67 46 7
rect:552 46 109 130 8
rect:512 348 16 65 3
rect:642 239 11 65 3
Anchorage1964_03.jpg 0x0
rect:251 75 287 216 9
rect:2 218 301 102 9
rect:0 245 629 91 10
Anchorage1964_04.jpg 0x0
rect:164 175 29 24 5
rect:175 96 32 20 5
rect:199 25 34 17 5
rect:209 376 34 15 5
rect:299 82 33 19 5
rect:403 104 30 13 5
rect:279 228 37 12 5
rect:278 149 21 31 1
rect:319 424 20 34 1
rect:212 284 14 22 1
rect:213 400 27 15 5
rect:175 81 24 12 5
rect:202 487 38 21 5
rect:252 174 15 22 1
rect:235 186 19 31 1
rect:467 545 41 19 5
rect:414 115 36 17 5
rect:422 469 37 23 5
rect:315 24 29 16 5
rect:274 377 32 17 5
rect:274 278 16 27 8
rect:260 191 41 27 5
rect:292 348 34 23 5
rect:296 204 23 25 1
rect:224 527 27 38 1
rect:381 165 23 21 5
rect:194 194 29 22 5
rect:153 233 31 17 5
rect:203 327 8 1 1
rect:181 246 20 24 1
rect:360 248 25 24 1
rect:174 95 29 15 5
rect:323 297 28 18 5
rect:141 598 53 16 2
rect:351 438 23 21 1
rect:218 192 28 13 5
rect:304 303 23 19 5
rect:315 199 12 17 1
rect:119 416 25 18 5
Anchorage1964_05.jpg 0x0
rect:50 342 17 52 1
rect:80 268 26 53 1
rect:512 317 35 71 8
rect:241 196 84 20 5
rect:658 338 48 73 1
rect:68 133 19 59 1
rect:341 131 34 47 1
rect:318 183 122 88 2
rect:322 216 33 54 8
rect:646 344 53 18 6
rect:547 68 29 56 1
rect:580 293 62 37 5
rect:44 99 19 37 1
rect:230 116 103 34 6
rect:105 28 16 28 1
rect:545 285 42 20 6
rect:46 230 17 42 1
rect:559 165 33 70 1
rect:221 266 19 23 11
rect:480 1 49 56 1
rect:549 28 44 39 1
rect:35 514 27 61 1
rect:326 230 30 24 11
rect:498 167 71 41 5
rect:67 203 16 43 1
rect:74 59 21 33 1
rect:232 34 136 40 6
rect:449 182 46 48 1
rect:149 58 113 25 5
Anchorage1964_06.jpg 0x0
rect:126 249 60 87 11
rect:174 107 97 323 3
rect:114 81 194 285 12
Anchorage1964_07.jpg 0x0
rect:305 344 438 271 2
rect:247 109 163 154 11
rect:18 245 332 26 11
rect:219 2 130 57 2
rect:349 145 50 157 3
rect:7 413 380 32 14
rect:501 255 74 84 11
rect:380 111 48 134 13
rect:7 79 498 528 2
Anchorage1964_08.jpg 0x0
rect:62 297 123 136 1
rect:387 226 107 81 1
rect:409 26 113 103 1
rect:41 89 160 118 1
rect:51 559 137 112 1
rect:273 619 137 140 1
Anchorage1964_09.jpg 0x0
rect:583 133 59 68 1
rect:500 159 73 23 15
rect:333 165 89 78 1
rect:513 10 113 9 16
rect:176 95 204 13 15
rect:674 193 91 62 8
rect:82 327 92 81 8
rect:16 115 18 10 16
rect:76 47 64 86 8
rect:116 147 55 77 1
rect:769 177 1 1 16
rect:14 14 492 15 15
rect:578 9 197 14 15
rect:12 116 95 18 15
rect:15 14 69 15 16
rect:416 136 153 23 15
rect:316 166 62 53 1
rect:71 136 52 12 16
rect:643 33 75 53 8
Anchorage1964_10.jpg 0x0
rect:209 165 175 106 18
rect:266 338 113 105 17
rect:100 320 291 128 18
rect:52 149 395 237 1
Anchorage1964_11.jpg 0x0
rect:119 211 578 102 2
rect:651 7 100 31 1
rect:110 424 703 16 14
rect:138 72 165 132 4
rect:92 567 688 17 14
rect:239 218 302 34 11
rect:168 150 278 19 15
rect:643 116 123 67 1
Anchorage1964_12.jpg 0x0
rect:380 94 36 254 3
rect:412 99 50 184 3
rect:194 131 29 85 3
rect:9 76 740 228 2
rect:420 98 195 174 11
Anchorage1964_13.jpg 0x0
rect:633 351 30 210 20
rect:457 357 131 13 19
rect:219 466 154 21 2
Anchorage1964_14.jpg 0x0
rect:291 554 216 63 23
rect:375 9 60 259 11
rect:51 515 48 77 22
rect:134 579 37 41 22
rect:27 470 30 46 22
rect:385 213 190 49 15
rect:76 337 130 29 15
rect:339 5 72 169 11
rect:170 11 130 679 20
rect:133 643 38 60 22
rect:185 387 76 84 21
rect:8 692 176 106 11
Anchorage1964_15.jpg 0x0
rect:249 139 30 75 11
rect:293 161 49 104 25
rect:387 8 104 55 4
rect:189 248 121 39 15
rect:294 427 210 65 2
rect:248 56 77 435 20
rect:388 329 86 37 24
rect:499 217 112 51 11
rect:187 7 98 81 4
Anchorage1964_16.jpg 0x0
rect:150 239 295 199 11
rect:16 422 87 66 2
rect:342 191 118 137 2
rect:84 228 77 103 11
rect:251 101 202 124 2
rect:14 103 201 163 2
Anchorage1964_17.jpg 0x0
rect:193 53 187 170 9
rect:11 154 645 256 10
rect:15 113 268 91 9
Anchorage1964_18.jpg 0x0
rect:737 225 69 14 2
rect:464 211 426 21 15
rect:119 136 52 81 4
rect:339 217 46 48 11
rect:313 264 82 26 2
rect:470 132 109 83 4
rect:441 313 36 22 2
rect:135 298 19 39 11
rect:106 247 60 40 11
rect:592 143 116 91 4
Anchorage1964_19.jpg 0x0
rect:709 224 7 16 26
rect:238 101 21 30 27
rect:601 296 43 30 28
rect:416 248 20 39 26
rect:332 59 82 94 29
rect:35 291 33 117 27
rect:375 118 22 30 26
rect:513 267 16 31 26
rect:593 187 8 7 26
rect:202 106 38 61 26
rect:557 244 11 28 26
rect:6 273 60 155 26
rect:354 121 27 61 29
rect:402 117 47 25 28
rect:345 133 8 15 26
rect:425 128 39 29 26
rect:381 72 38 60 29
rect:305 342 44 64 26
Anchorage1964_20.jpg 0x0
rect:251 517 91 184 26
rect:444 417 30 75 26
rect:171 59 117 168 29
rect:254 85 118 66 26
rect:230 109 66 61 27
Anchorage1964_21.jpg 0x0
rect:-5 91 92 211 29
rect:41 407 39 42 26
rect:2 102 42 39 26
rect:174 214 512 143 30
Bingol2003_01.jpg 0x0
rect:411 404 47 194 32
rect:682 65 156 165 31
rect:201 234 59 67 33
rect:1038 341 70 39 33
rect:266 232 71 60 33
rect:221 118 54 19 6
rect:358 192 47 40 6
rect:924 271 69 53 33
rect:418 357 47 66 34
rect:750 323 80 43 6
rect:27 258 79 74 33
rect:527 265 40 91 34
rect:371 586 194 57 6
rect:2 245 655 229 10
rect:537 76 100 53 6
rect:802 136 96 91 6
rect:257 337 126 84 6
rect:698 286 160 180 31
rect:764 223 127 56 33
Bingol2003_02.jpg 0x0
rect:419 401 60 104 6
rect:276 301 816 536 31
rect:1124 65 173 85 36
rect:192 120 501 148 34
rect:346 196 317 163 35
rect:225 341 89 464 32
rect:109 543 192 259 32
rect:410 335 118 82 26
Bingol2003_03.jpg 0x0
rect:148 58 85 130 33
rect:593 313 334 481 4
rect:90 21 202 35 2
rect:499 -8 365 250 4
rect:344 158 260 141 2
rect:577 165 205 77 11
rect:735 315 209 338 2
Bingol2003_04.jpg 0x0
rect:156 428 27 85 3
rect:62 606 31 73 3
rect:282 315 203 189 4
rect:195 449 33 74 3
rect:106 289 230 129 2
rect:326 533 132 107 2
rect:200 508 50 139 3
rect:76 702 91 83 2
CanterburyNZSeries2010_01.jpg 0x0
rect:75 142 108 206 12
CanterburyNZSeries2010_02.jpg 0x0
rect:62 58 110 266 6
rect:56 7 189 360 37
CanterburyNZSeries2010_03.jpg 0x0
rect:39 53 299 165 38
CanterburyNZSeries2010_04.jpg 0x0
rect:274 299 44 118 40
rect:257 9 127 210 42
rect:215 186 236 355 39
rect:268 285 32 111 40
rect:368 318 33 85 40
rect:311 350 11 64 40
rect:297 402 29 49 40
rect:184 441 116 205 41
CanterburyNZSeries2010_05.jpg 0x0
rect:318 252 188 473 4
rect:214 166 154 94 15
CanterburyNZSeries2010_06.jpg 0x0
rect:82 91 956 545 4
rect:213 238 206 94 2
CanterburyNZSeries2010_08.jpg 0x0
rect:752 573 36 182 32
rect:688 504 72 161 44
rect:547 500 82 163 44
rect:517 166 152 193 43
CanterburyNZSeries2010_09.jpg 0x0
rect:198 264 215 498 39
rect:211 116 198 241 45
CanterburyNZSeries2010_10.jpg 0x0
rect:251 321 391 153 6
rect:265 397 256 150 6
rect:447 137 349 99 7
rect:281 222 234 84 46
CanterburyNZSeries2010_11.jpg 0x0
rect:252 215 209 158 7
rect:384 354 230 263 5
CanterburyNZSeries2010_12.jpg 0x0
rect:207 498 176 56 11
rect:39 444 739 317 2
rect:569 475 172 73 11
rect:5 335 915 493 47
CanterburyNZSeries2010_13.jpg 0x0
rect:147 15 456 623 12
rect:440 177 80 438 11
Caracas1967_01.jpg 0x0
rect:415 187 74 119 48
rect:238 210 8 76 48
rect:444 58 175 343 48
rect:249 222 29 95 48
Caracas1967_02.jpg 0x0
rect:231 155 162 191 51
rect:135 310 52 78 49
rect:275 1 123 192 15
rect:173 372 39 34 50
Caracas1967_03.jpg 0x0
rect:192 252 89 190 34
rect:322 50 76 106 14
rect:447 436 36 89 27
rect:256 376 39 63 27
rect:11 253 274 103 6
rect:273 461 85 93 26
Caracas1967_04.jpg 0x0
rect:141 292 132 128 34
rect:143 444 60 140 26
rect:108 423 16 91 27
Caracas1967_05.jpg 0x0
rect:374 149 46 271 40
rect:33 89 268 442 48
rect:145 444 47 209 40
rect:49 321 212 140 52
rect:249 166 63 202 40
rect:254 309 71 188 40
rect:53 181 252 382 41
rect:323 346 69 301 40
rect:180 174 188 192 52
rect:73 333 65 233 40
Caracas1967_06.jpg 0x0
rect:371 68 308 198 7
rect:327 338 98 60 6
Caracas1967_07.jpg 0x0
rect:586 472 125 77 53
rect:559 245 125 90 53
rect:175 122 51 238 27
rect:306 50 37 189 27
rect:182 147 118 243 34
rect:322 7 124 230 34
rect:360 277 178 349 34
Caracas1967_08.jpg 0x0
rect:263 244 57 98 54
rect:261 209 87 102 54
rect:197 366 90 95 55
Caracas1967_09.jpg 0x0
rect:189 209 124 79 48
rect:544 15 220 109 48
rect:71 190 78 54 48
rect:32 246 45 38 48
Caracas1967_10.jpg 0x0
rect:233 217 79 242 40
rect:21 116 478 529 48
rect:375 265 73 180 40
rect:46 236 256 229 41
Caracas1967_11.jpg 0x0
rect:77 293 187 446 41
rect:58 14 434 522 48
rect:362 14 215 271 41
Caracas1967_12.jpg 0x0
rect:567 253 19 62 32
rect:184 342 27 57 56
rect:468 230 32 43 34
rect:613 430 29 68 32
Caracas1967_13.jpg 0x0
rect:210 312 109 285 55
Caracas1967_14.jpg 0x0
rect:110 302 241 39 6
rect:115 110 456 268 57
Chichi1999_01.jpg 0x0
rect:348 190 36 242 42
rect:5 8 589 151 58
Chichi1999_02.jpg 0x0
rect:5 110 417 212 58
rect:441 107 188 309 59
Chichi1999_03.jpg 0x0
rect:96 189 51 77 60
rect:0 143 773 165 58
Chichi1999_04.jpg 0x0
rect:145 211 101 295 48
rect:267 252 27 43 52
rect:178 -13 62 133 48
Chichi1999_05.jpg 0x0
rect:428 164 37 57 41
rect:315 214 28 30 41
rect:306 152 115 166 48
rect:359 248 36 54 52
Chichi1999_06.jpg 0x0
rect:801 238 45 62 41
rect:480 178 22 38 52
rect:304 147 45 115 48
rect:733 -11 91 63 61
rect:181 14 503 211 10
rect:347 125 57 64 62
Chichi1999_07.jpg 0x0
rect:186 168 30 46 64
rect:478 197 22 36 64
rect:455 288 46 155 48
rect:43 266 465 146 63
rect:501 178 21 15 64
rect:176 235 53 112 48
rect:682 257 51 125 48
Chichi1999_08.jpg 0x0
rect:73 18 585 433 10
Chichi1999_09.jpg 0x0
rect:155 71 178 131 48
rect:277 123 28 60 40
rect:201 93 45 68 40
rect:179 105 168 114 41
Chichi1999_10.jpg 0x0
rect:220 22 445 318 10
Chichi1999_11.jpg 0x0
rect:2 172 177 477 10
rect:194 258 132 71 65
Chichi1999_12.jpg 0x0
rect:10 32 541 625 66
Chichi1999_13.jpg 0x0
rect:43 56 933 439 10
Chichi1999_14.jpg 0x0
rect:125 353 64 50 67
rect:101 194 37 60 67
rect:458 484 28 44 67
rect:157 231 19 49 67
rect:283 292 37 50 39
rect:148 437 34 67 67
rect:157 210 111 39 67
rect:223 552 32 27 39
rect:197 625 29 52 67
rect:117 435 45 30 67
rect:286 366 61 50 67
rect:234 407 35 49 39
rect:204 475 27 24 39
rect:77 460 32 43 67
rect:139 301 33 45 67
rect:166 457 26 49 67
rect:126 253 56 60 67
Chichi1999_15.jpg 0x0
rect:286 22 306 503 41
Chichi1999_16.jpg 0x0
rect:139 155 53 177 32
Chichi1999_17.jpg 0x0
rect:164 259 29 47 32
Chichi1999_18.jpg 0x0
rect:192 263 25 159 69
rect:280 241 39 120 70
rect:249 171 30 180 69
rect:234 272 24 122 69
rect:211 298 32 74 69
rect:214 161 176 502 68
Chichi1999_19.jpg 0x0
rect:165 23 353 285 2
rect:236 95 123 287 3
YogyakartaInd2006_03.jpg 0x0
rect:168 122 69 38 15
rect:233 311 248 30 15
rect:212 30 73 2 15
rect:396 69 99 30 16
rect:327 71 143 77 15
rect:274 150 25 6 16
rect:287 306 358 148 71
rect:229 553 74 23 16
Chichi1999_20.jpg 0x0
rect:224 188 118 438 42
rect:182 280 56 184 41
Chichi1999_21.jpg 0x0
rect:17 4 284 115 30
rect:242 203 224 126 37
rect:246 210 99 130 6
rect:92 498 193 122 5
rect:413 7 99 116 57
rect:192 93 240 275 72
rect:289 147 200 92 6
rect:314 37 204 181 37
Chichi1999_22.jpg 0x0
rect:343 201 14 16 73
rect:255 225 18 25 73
rect:248 156 294 134 10
rect:350 198 15 19 73
Chichi1999_23.jpg 0x0
rect:251 214 66 91 73
rect:161 168 17 26 34
rect:142 331 40 69 34
rect:333 235 28 32 26
rect:382 409 36 84 34
rect:220 127 41 29 27
rect:312 177 39 43 73
rect:108 441 67 73 73
rect:4 88 635 214 74
rect:130 119 54 61 73
Chichi1999_24.jpg 0x0
rect:217 174 100 105 75
rect:319 254 1 2 46
rect:3 360 367 263 74
rect:157 214 76 65 34
rect:205 180 54 42 46
Chichi1999_25.jpg 0x0
rect:230 185 100 186 34
rect:197 287 55 67 26
rect:109 254 150 386 73
Chichi1999_26.jpg 0x0
rect:298 17 44 36 73
rect:149 580 103 151 27
rect:255 183 46 124 73
rect:274 327 130 303 76
rect:180 537 63 85 26
rect:146 719 124 126 73
Chichi1999_27.jpg 0x0
rect:192 207 113 309 32
Chichi1999_28.jpg 0x0
rect:133 116 114 207 5
rect:23 77 334 173 6
rect:329 138 201 217 75
rect:186 345 183 108 77
Chichi1999_29.jpg 0x0
rect:249 294 94 171 52
rect:152 276 113 182 40
rect:175 267 176 219 48
Chichi1999_30.jpg 0x0
rect:28 184 110 197 73
rect:243 142 186 97 52
rect:192 102 304 274 40
rect:191 196 226 61 78
Chichi1999_31.jpg 0x0
rect:413 86 41 200 48
rect:202 97 89 222 79
Chichi1999_32.jpg 0x0
rect:201 55 35 196 81
rect:629 103 45 253 39
rect:174 9 102 415 80
rect:135 246 32 190 81
Chichi1999_33.jpg 0x0
rect:180 110 105 265 56
rect:211 88 143 303 32
rect:382 120 39 81 49
rect:109 153 48 139 49
rect:52 76 169 345 33
rect:130 115 76 237 32
Chichi1999_34.jpg 0x0
rect:117 83 468 278 10
Duzce1999_01.jpg 0x0
rect:128 186 125 120 41
rect:95 52 122 332 39
Duzce1999_02.jpg 0x0
rect:107 71 187 533 41
Duzce1999_03.jpg 0x0
rect:286 128 112 307 31
rect:96 116 94 348 42
rect:0 156 137 284 31
Gediz1970_01.jpg 0x0
rect:133 140 188 532 68
rect:286 510 106 153 69
rect:143 249 123 247 69
Guatemala1976_01.jpg 0x0
rect:27 111 451 139 82
rect:75 177 47 61 52
rect:538 217 55 81 41
rect:41 190 121 131 48
rect:49 150 46 47 41
rect:566 147 165 157 48
Guatemala1976_02.jpg 0x0
rect:191 70 104 70 40
rect:224 92 271 199 48
Guatemala1976_03.jpg 0x0
rect:22 81 633 407 75
Guatemala1976_04.jpg 0x0
rect:552 214 88 328 4
rect:120 24 332 95 30
rect:32 51 600 217 30
rect:445 154 105 359 4
Guatemala1976_05.jpg 0x0
rect:193 81 375 446 48
rect:139 114 354 214 40
rect:155 175 269 169 41
Guatemala1976_06.jpg 0x0
rect:159 134 235 506 39
Guatemala1976_07.jpg 0x0
rect:21 170 339 529 10
rect:24 366 63 40 6
rect:288 699 164 94 83
Guatemala1976_08.jpg 0x0
rect:254 83 131 303 40
rect:109 37 314 335 48
rect:125 50 283 339 41
Guatemala1976_09.jpg 0x0
rect:339 338 94 32 85
rect:285 372 44 73 84
rect:564 271 73 86 84
rect:96 232 33 33 84
rect:168 366 30 29 84
rect:838 224 73 40 85
rect:73 338 28 37 85
rect:144 295 39 54 85
Guatemala1976_10.jpg 0x0
rect:213 110 209 142 87
rect:427 446 29 138 87
rect:245 183 189 191 86
Guatemala1976_11.jpg 0x0
rect:228 270 149 199 34
GujaratIndia2001_01.jpg 0x0
rect:391 558 54 47 11
rect:57 338 68 37 2
rect:42 347 145 169 4
rect:230 538 264 69 2
Haiti2010_01.jpg 0x0
rect:209 128 145 324 41
rect:124 59 97 120 7
rect:328 332 191 154 4
rect:611 269 84 100 4
rect:307 360 23 157 40
Haiti2010_02.jpg 0x0
rect:51 128 523 216 88
rect:302 37 133 52 14
Haiti2010_03.jpg 0x0
rect:229 771 225 198 89
rect:180 516 223 244 32
rect:219 457 53 72 49
rect:436 1 71 647 32
Haiti2010_04.jpg 0x0
rect:2 144 336 164 6
rect:233 49 229 312 34
rect:154 409 282 687 41
Haiti2010_05.jpg 0x0
rect:368 319 27 91 40
rect:350 292 30 127 40
rect:304 185 353 562 90
rect:267 261 194 114 52
Haiti2010_06.jpg 0x0
rect:227 328 47 48 34
rect:206 327 334 381 91
rect:467 174 67 44 6
rect:523 153 164 380 33
rect:552 180 50 174 32
rect:586 115 539 540 91
rect:672 157 48 88 34
ImperialValley1979_01.jpg 0x0
rect:667 229 22 15 49
rect:273 301 45 27 49
rect:346 274 42 61 50
rect:18 375 97 78 49
rect:539 308 39 39 50
rect:363 319 43 41 32
rect:378 258 44 39 32
rect:12 408 115 152 32
rect:517 242 29 21 49
rect:75 291 85 108 50
rect:324 292 67 60 32
ImperialValley1979_02.jpg 0x0
rect:350 189 46 123 50
rect:210 159 268 79 92
rect:283 113 229 192 32
rect:370 89 84 179 50
rect:186 141 84 224 50
rect:248 146 130 35 49
ImperialValley1979_03.jpg 0x0
rect:121 362 353 27 92
rect:202 245 86 113 50
rect:82 408 296 50 92
rect:197 200 200 197 32
rect:123 274 282 176 32
rect:305 330 50 148 50
rect:72 256 107 237 50
Izmit1999_01.jpg 0x0
rect:249 98 436 255 34
rect:358 299 66 78 26
rect:224 113 54 193 27
rect:170 105 31 163 27
rect:287 169 42 123 27
Izmit1999_02.jpg 0x0
rect:21 96 574 256 10
Izmit1999_03.jpg 0x0
rect:524 111 55 308 50
rect:304 55 266 317 32
rect:434 85 34 221 50
rect:208 34 466 333 93
rect:429 118 51 187 50
rect:221 206 244 41 92
rect:188 149 43 149 50
rect:122 120 78 348 50
Izmit1999_04.jpg 0x0
rect:127 696 249 109 88
rect:248 75 84 96 48
rect:350 240 111 79 41
rect:340 268 16 41 40
rect:280 79 102 58 41
rect:122 328 111 70 88
rect:69 328 46 110 42
rect:39 372 57 76 34
rect:269 437 24 63 40
rect:53 426 66 77 41
Izmit1999_05.jpg 0x0
rect:117 19 421 374 10
Izmit1999_06.jpg 0x0
rect:111 149 222 518 32
rect:179 153 96 285 50
rect:184 287 131 104 49
rect:337 252 59 155 50
rect:101 311 69 137 50
rect:172 307 43 132 50
Izmit1999_07.jpg 0x0
rect:133 271 50 111 3
rect:23 107 435 670 2
rect:239 331 70 392 4
rect:350 175 36 90 3
rect:176 148 43 71 3
rect:470 53 115 62 6
rect:269 143 92 97 3
Izmit1999_08.jpg 0x0
rect:470 90 72 33 52
rect:101 366 69 110 45
rect:131 22 75 130 34
rect:575 84 79 93 41
rect:144 133 94 98 41
rect:701 6 111 77 45
rect:237 230 275 113 88
Izmit1999_09.jpg 0x0
rect:605 275 41 74 94
rect:296 195 126 67 41
rect:470 318 44 78 41
rect:61 155 58 50 41
rect:267 277 51 37 41
rect:279 193 91 90 94
Izmit1999_10.jpg 0x0
rect:108 202 68 175 40
rect:210 470 67 99 40
rect:76 107 312 504 41
rect:229 93 165 162 40
rect:282 194 60 130 40
rect:260 487 52 75 40
rect:58 157 279 41 78
rect:71 193 102 232 40
rect:122 257 339 52 78
rect:188 469 146 37 78
rect:295 469 81 23 78
Izmit1999_11.jpg 0x0
rect:178 277 161 147 41
rect:278 322 141 148 41
rect:127 396 56 146 40
rect:394 350 70 237 40
rect:274 265 71 213 40
Izmit1999_12.jpg 0x0
rect:401 361 71 115 41
rect:146 197 62 74 88
rect:422 378 47 134 52
rect:535 24 59 71 34
rect:19 70 49 25 6
rect:454 122 65 61 45
rect:1 298 28 31 41
rect:74 366 31 46 40
rect:44 196 59 124 94
rect:601 162 56 63 41
rect:497 184 65 41 7
rect:58 202 57 63 52
rect:329 182 55 25 6
rect:541 72 50 71 41
rect:367 330 86 186 94
rect:96 92 37 31 6
rect:376 135 34 131 42
rect:649 213 153 144 91
Izmit1999_13.jpg 0x0
rect:144 229 37 126 41
rect:113 232 51 81 52
rect:342 74 237 446 48
rect:412 171 88 237 41
rect:99 163 40 50 6
rect:6 71 117 148 42
rect:140 236 114 177 94
rect:292 107 83 94 41
rect:220 184 46 73 41
Izmit1999_14.jpg 0x0
rect:508 61 94 68 34
rect:410 144 85 80 35
rect:297 376 43 32 34
rect:335 8 154 72 35
rect:334 367 29 23 34
rect:390 54 73 53 95
rect:555 277 52 41 34
rect:40 188 126 74 34
rect:607 253 58 39 34
Izmit1999_15.jpg 0x0
rect:171 161 324 307 42
Izmit1999_16.jpg 0x0
rect:163 88 147 173 41
rect:158 71 301 235 39
rect:123 81 487 608 33
rect:163 140 37 78 40
Izmit1999_17.jpg 0x0
rect:88 160 176 268 41
Izmit1999_18.jpg 0x0
rect:137 172 165 169 41
rect:128 122 172 257 39
Izmit1999_19.jpg 0x0
rect:210 116 311 302 32
rect:169 92 217 292 96
rect:506 185 38 82 50
rect:479 143 26 84 50
Kobe1995_01.jpg 0x0
rect:31 192 873 153 63
Kobe1995_02.jpg 0x0
rect:2 56 539 737 68
Kobe1995_03.jpg 0x0
rect:37 57 502 656 10
Kobe1995_04.jpg 0x0
rect:320 288 57 43 41
Kobe1995_05.jpg 0x0
rect:266 178 161 287 40
rect:167 193 165 649 52
rect:69 571 290 167 78
rect:47 329 307 60 78
rect:4 190 150 578 40
Kobe1995_06.jpg 0x0
rect:45 184 523 369 41
rect:228 438 297 396 42
Kobe1995_07.jpg 0x0
rect:48 405 43 31 39
rect:159 477 32 26 39
rect:352 114 49 33 39
rect:217 140 21 42 39
rect:430 556 41 39 39
rect:328 293 49 34 39
rect:215 456 42 46 39
rect:443 248 30 38 39
rect:529 212 47 41 39
rect:466 149 34 33 39
rect:139 373 41 39 39
rect:150 132 38 36 39
rect:226 296 40 26 39
rect:285 210 39 45 39
rect:189 99 34 40 39
rect:569 423 28 31 39
rect:117 264 34 30 39
rect:559 306 55 47 39
rect:57 345 48 39 39
rect:381 269 28 37 39
rect:347 420 37 32 39
rect:343 496 45 47 39
rect:187 177 33 35 39
rect:217 185 28 50 39
rect:258 439 24 32 39
rect:81 266 29 55 39
Kobe1995_08.jpg 0x0
rect:219 57 555 223 97
Kobe1995_09.jpg 0x0
rect:91 721 108 78 88
rect:116 471 55 58 88
rect:93 500 83 82 88
rect:270 489 153 101 97
SanSalvador_1986_01.jpg 0x0
rect:80 3 75 219 68
rect:294 160 137 178 41
SanSalvador_1986_02.jpg 0x0
rect:150 196 25 40 41
rect:355 106 16 21 41
rect:180 303 35 41 41
rect:269 218 41 50 41
rect:350 186 35 55 42
rect:191 188 23 35 41
rect:467 204 32 59 41
rect:469 213 26 34 41
rect:220 223 33 36 41
SikkimIndia2001_01.jpg 0x0
rect:176 199 106 103 34
SikkimIndia2001_02.jpg 0x0
rect:563 136 93 208 33
rect:339 294 75 14 16
rect:10 7 258 77 16
rect:9 125 48 39 54
rect:406 80 68 38 16
rect:264 210 69 48 16
rect:131 67 209 324 33
rect:-18 2 376 79 33
SikkimIndia2001_03.jpg 0x0
rect:203 10 200 436 98
rect:266 91 56 219 69
rect:195 178 92 150 70
SikkimIndia2001_04.jpg 0x0
rect:301 226 351 114 99
rect:185 159 140 199 34
rect:3 23 265 307 99
SumatraInd2009_01.jpg 0x0
rect:318 30 64 274 81
SumatraInd2009_02.jpg 0x0
rect:222 71 246 170 41
WhittierNarrows1987_01.jpg 0x0
rect:17 34 670 270 10
WhittierNarrows1987_02.jpg 0x0
rect:157 285 88 281 41
WhittierNarrows1987_03.jpg 0x0
rect:326 142 111 283 32
WhittierNarrows1987_04.jpg 0x0
rect:188 6 310 53 6
rect:325 11 178 106 100
rect:154 64 129 181 41
YogyakartaInd2006_01.jpg 0x0
rect:180 -25 515 456 29
rect:334 131 197 64 49
rect:177 35 306 269 32
YogyakartaInd2006_02.jpg 0x0
rect:347 72 158 462 98
rect:408 133 69 251 69
rect:471 126 52 139 70
