Anchorage1964_01.jpg 0x0
rect:120 9 191 210 1
rect:92 416 248 242 1
Anchorage1964_02.jpg 0x0
rect:245 31 238 81 4
rect:320 181 27 69 3
rect:244 348 25 78 3
rect:611 275 19 43 3
rect:38 204 122 39 5
rect:577 283 14 65 3
rect:374 266 81 59 4
rect:162 200 66 19 6
rect:100 36 62 17 6
rect:278 54 113 96 4
rect:175 193 78 39 7
rect:446 253 20 77 3
rect:50 31 111 40 5
rect:229 347 20 90 3
rect:490 325 26 63 3
rect:260 256 26 68 3
rect:566 64 122 145 8
rect:88 172 23 17 6
rect:204 202 352 97 2
Anchorage1964_03.jpg 0x0
rect:0 349 855 83 10
rect:212 90 414 145 9
rect:2 174 270 76 9
Anchorage1964_04.jpg 0x0
rect:328 313 30 17 5
rect:355 192 16 30 1
rect:197 362 12 23 1
rect:187 120 30 16 5
rect:156 402 38 26 5
rect:329 170 35 18 5
rect:308 468 22 27 1
rect:299 321 27 15 5
rect:219 526 39 12 2
rect:346 109 37 12 5
rect:179 341 30 18 5
rect:121 182 25 21 5
rect:300 318 13 28 1
rect:305 459 27 31 1
rect:204 509 31 20 5
rect:282 293 25 24 1
rect:136 63 39 13 5
rect:190 343 25 22 1
rect:353 210 17 21 1
rect:139 207 34 15 5
rect:264 338 19 33 8
rect:319 240 13 28 1
rect:119 200 30 14 5
rect:328 352 23 16 5
rect:212 150 20 35 1
rect:297 305 27 20 5
rect:203 296 30 18 5
rect:458 520 39 21 5
rect:386 85 22 21 5
rect:360 270 36 20 5
rect:385 51 43 18 5
rect:443 470 36 25 5
rect:229 339 10 1 1
rect:185 195 25 28 5
rect:180 20 25 17 5
rect:333 206 14 27 1
rect:365 203 26 26 5
rect:182 154 23 13 5
rect:251 26 33 22 5
Anchorage1964_05.jpg 0x0
rect:74 18 21 51 1
rect:40 262 18 60 1
rect:479 337 60 29 5
rect:58 231 23 38 1
rect:161 48 86 28 5
rect:68 118 13 53 1
rect:843 324 38 17 6
rect:130 165 117 17 5
rect:61 70 29 56 1
rect:701 260 65 41 5
rect:300 264 52 85 8
rect:483 80 43 48 1
rect:450 20 35 38 1
rect:304 1 40 51 1
rect:328 231 116 84 2
rect:362 365 51 51 8
rect:243 29 136 56 6
rect:346 63 30 70 1
rect:766 358 46 15 6
rect:442 232 45 76 1
rect:401 217 48 19 11
rect:118 109 108 35 6
rect:112 175 28 55 1
rect:309 255 16 21 11
rect:96 387 23 37 1
rect:44 562 30 44 1
rect:581 139 43 76 1
rect:615 308 63 73 1
rect:69 73 20 55 1
Anchorage1964_06.jpg 0x0
rect:128 102 121 256 3
rect:185 248 65 95 11
rect:149 96 257 442 12
Anchorage1964_07.jpg 0x0
rect:203 115 132 115 11
rect:326 250 264 244 2
rect:330 115 49 110 3
rect:343 158 39 98 13
rect:5 336 472 42 14
rect:11 249 356 37 11
rect:509 138 83 102 11
rect:7 84 625 316 2
rect:241 2 97 58 2
Anchorage1964_08.jpg 0x0
rect:41 58 123 86 1
rect:397 42 109 95 1
rect:55 260 94 93 1
rect:50 476 118 144 1
rect:410 235 109 101 1
rect:260 409 87 126 1
Anchorage1964_09.jpg 0x0
rect:529 294 92 65 8
rect:101 217 85 46 8
rect:15 15 58 11 16
rect:57 182 49 13 16
rect:416 10 298 16 15
rect:399 22 64 45 8
rect:653 169 81 67 1
rect:135 121 275 14 15
rect:86 127 64 86 1
rect:17 167 22 11 16
rect:112 30 96 99 8
rect:330 119 68 71 1
rect:463 152 58 53 1
rect:16 11 539 15 15
rect:687 10 90 11 16
rect:914 237 1 1 16
rect:9 114 71 26 15
rect:459 94 77 24 15
rect:682 151 97 20 15
Anchorage1964_10.jpg 0x0
rect:243 220 80 85 17
rect:77 164 233 371 1
rect:55 458 228 149 18
rect:214 181 270 96 18
Anchorage1964_11.jpg 0x0
rect:244 154 410 17 15
rect:60 539 699 12 14
rect:588 87 144 124 1
rect:113 540 521 15 14
rect:136 215 617 67 2
rect:94 61 216 83 4
rect:387 198 283 30 11
rect:652 5 113 37 1
Anchorage1964_12.jpg 0x0
rect:306 84 61 197 3
rect:223 199 27 72 3
rect:433 70 222 166 11
rect:415 60 50 154 3
rect:14 63 532 306 2
Anchorage1964_13.jpg 0x0
rect:532 266 22 125 20
rect:465 597 86 14 19
rect:222 395 218 24 2
Anchorage1964_14.jpg 0x0
rect:10 424 135 88 11
rect:251 306 63 91 21
rect:74 254 99 25 15
rect:360 489 131 74 23
rect:274 10 52 245 11
rect:23 416 35 48 22
rect:220 13 111 471 20
rect:106 790 40 85 22
rect:302 7 103 152 11
rect:33 673 58 59 22
rect:293 283 178 53 15
rect:142 663 54 76 22
Anchorage1964_15.jpg 0x0
rect:213 95 42 55 11
rect:217 526 155 52 2
rect:473 271 98 37 24
rect:234 329 218 41 15
rect:244 11 60 47 4
rect:493 270 134 61 11
rect:435 7 121 85 4
rect:223 63 68 353 20
rect:333 116 49 96 25
Anchorage1964_16.jpg 0x0
rect:15 97 150 139 2
rect:348 151 176 199 2
rect:145 165 272 248 11
rect:224 91 244 160 2
rect:14 309 89 98 2
rect:69 338 74 107 11
Anchorage1964_17.jpg 0x0
rect:8 260 561 214 10
rect:280 44 201 232 9
rect:11 146 266 108 9
Anchorage1964_18.jpg 0x0
rect:576 248 60 13 2
rect:302 204 231 30 15
rect:371 310 27 20 2
rect:657 155 79 88 4
rect:123 181 87 145 4
rect:154 384 99 43 11
rect:92 175 21 43 11
rect:300 344 99 17 2
rect:324 234 38 51 11
rect:440 144 110 82 4
Anchorage1964_19.jpg 0x0
rect:623 252 9 10 26
rect:293 80 34 32 27
rect:7 202 71 122 26
rect:483 278 24 43 26
rect:471 162 16 32 26
rect:345 180 6 21 26
rect:447 160 44 45 28
rect:555 161 16 40 29
rect:270 92 46 89 29
rect:29 246 25 71 27
rect:571 241 13 28 26
rect:908 132 9 6 26
rect:527 161 16 39 26
rect:340 77 42 53 26
rect:386 73 84 135 29
rect:607 168 44 25 28
rect:379 117 26 37 26
rect:294 377 55 86 26
Anchorage1964_20.jpg 0x0
rect:161 324 65 166 26
rect:267 138 58 38 27
rect:171 66 168 166 29
rect:229 65 126 67 26
rect:514 682 51 91 26
Anchorage1964_21.jpg 0x0
rect:2 103 48 30 26
rect:-6 94 102 179 29
rect:59 272 25 34 26
rect:174 209 776 193 30
Bingol2003_01.jpg 0x0
rect:549 302 75 78 33
rect:529 246 217 132 31
rect:483 96 83 57 6
rect:354 491 42 45 34
rect:191 169 67 84 33
rect:581 357 83 53 6
rect:251 160 68 74 33
rect:550 274 68 71 33
rect:510 394 62 228 32
rect:366 307 157 56 6
rect:406 309 33 67 6
rect:351 392 132 106 6
rect:646 145 61 104 34
rect:596 127 68 58 6
rect:653 426 70 41 33
rect:2 295 973 314 10
rect:37 288 53 49 33
rect:696 76 195 242 31
rect:178 86 84 22 6
Bingol2003_02.jpg 0x0
rect:628 51 146 89 36
rect:115 99 319 122 34
rect:341 308 519 106 35
rect:582 370 124 138 26
rect:166 674 204 166 32
rect:364 436 64 110 6
rect:239 262 100 359 32
rect:324 225 561 593 31
Bingol2003_03.jpg 0x0
rect:293 227 346 187 2
rect:144 47 149 121 33
rect:958 462 317 416 2
rect:116 24 115 40 2
rect:742 -10 230 286 4
rect:476 286 313 760 4
rect:587 268 223 70 11
Bingol2003_04.jpg 0x0
rect:350 339 125 182 4
rect:338 481 124 104 2
rect:70 526 104 69 2
rect:170 558 206 156 2
rect:86 405 30 77 3
rect:160 392 38 60 3
rect:248 532 33 105 3
rect:91 445 23 93 3
CanterburyNZSeries2010_01.jpg 0x0
rect:118 141 127 296 12
CanterburyNZSeries2010_02.jpg 0x0
rect:62 54 198 256 6
rect:43 9 206 199 37
CanterburyNZSeries2010_03.jpg 0x0
rect:61 77 299 178 38
CanterburyNZSeries2010_04.jpg 0x0
rect:276 514 16 75 40
rect:221 531 65 213 41
rect:263 7 129 231 42
rect:367 540 27 54 40
rect:239 268 169 361 39
rect:344 466 42 161 40
rect:261 367 36 75 40
rect:245 402 36 181 40
CanterburyNZSeries2010_05.jpg 0x0
rect:382 369 248 423 4
rect:312 240 97 83 15
CanterburyNZSeries2010_06.jpg 0x0
rect:74 102 767 541 4
rect:205 289 323 113 2
CanterburyNZSeries2010_08.jpg 0x0
rect:820 497 102 168 44
rect:1042 603 54 127 44
rect:962 590 43 220 32
rect:638 123 202 231 43
CanterburyNZSeries2010_09.jpg 0x0
rect:217 243 117 339 39
rect:249 141 165 154 45
CanterburyNZSeries2010_10.jpg 0x0
rect:319 412 229 99 46
rect:217 573 192 94 6
rect:263 215 230 102 7
rect:303 202 464 233 6
CanterburyNZSeries2010_11.jpg 0x0
rect:328 208 208 149 7
rect:344 404 242 202 5
CanterburyNZSeries2010_12.jpg 0x0
rect:604 459 140 51 11
rect:160 528 165 32 11
rect:4 236 1154 432 47
rect:51 243 978 362 2
CanterburyNZSeries2010_13.jpg 0x0
rect:315 218 95 497 11
rect:165 21 311 804 12
Caracas1967_01.jpg 0x0
rect:215 209 34 109 48
rect:294 157 12 54 48
rect:392 91 192 196 48
rect:240 153 85 100 48
Caracas1967_02.jpg 0x0
rect:102 511 53 71 49
rect:133 216 252 350 51
rect:205 1 101 196 15
rect:94 321 43 45 50
Caracas1967_03.jpg 0x0
rect:292 84 53 126 14
rect:323 480 42 64 27
rect:19 312 322 66 6
rect:280 406 51 81 26
rect:249 355 33 100 27
rect:228 382 91 126 34
Caracas1967_04.jpg 0x0
rect:151 368 55 124 26
rect:135 327 134 153 34
rect:166 353 20 96 27
Caracas1967_05.jpg 0x0
rect:220 357 60 277 40
rect:251 206 99 124 52
rect:315 301 53 132 40
rect:169 458 58 302 40
rect:406 165 50 234 40
rect:36 74 518 436 48
rect:53 407 292 210 52
rect:316 321 44 287 40
rect:43 123 296 374 41
rect:67 350 74 203 40
Caracas1967_06.jpg 0x0
rect:377 78 384 198 7
rect:285 315 69 35 6
Caracas1967_07.jpg 0x0
rect:481 330 100 92 53
rect:394 303 174 183 34
rect:263 143 40 182 27
rect:514 56 22 251 27
rect:309 226 135 83 53
rect:407 9 70 356 34
rect:157 116 148 188 34
Caracas1967_08.jpg 0x0
rect:181 256 78 125 55
rect:180 286 83 114 54
rect:480 152 57 94 54
Caracas1967_09.jpg 0x0
rect:128 122 81 79 48
rect:346 12 232 176 48
rect:31 215 55 56 48
rect:61 235 46 74 48
Caracas1967_10.jpg 0x0
rect:431 407 55 139 40
rect:375 157 82 157 40
rect:52 238 317 276 41
rect:22 140 616 439 48
Caracas1967_11.jpg 0x0
rect:38 11 443 874 48
rect:56 232 250 427 41
rect:343 12 120 346 41
Caracas1967_12.jpg 0x0
rect:881 324 27 58 32
rect:294 363 34 45 56
rect:668 367 23 57 32
rect:349 203 38 42 34
Caracas1967_13.jpg 0x0
rect:174 367 176 324 55
Caracas1967_14.jpg 0x0
rect:147 151 767 206 57
rect:158 289 298 47 6
Chichi1999_01.jpg 0x0
rect:455 103 52 241 42
rect:4 9 502 200 58
Chichi1999_02.jpg 0x0
rect:7 121 361 149 58
rect:251 75 229 460 59
Chichi1999_03.jpg 0x0
rect:71 163 70 82 60
rect:0 132 733 148 58
Chichi1999_04.jpg 0x0
rect:204 311 22 65 52
rect:228 -19 52 105 48
rect:264 220 73 242 48
Chichi1999_05.jpg 0x0
rect:340 291 36 44 41
rect:288 150 43 55 41
rect:323 128 74 213 48
rect:438 138 37 65 52
Chichi1999_06.jpg 0x0
rect:467 303 19 23 52
rect:186 16 558 145 10
rect:372 124 76 48 62
rect:309 171 38 72 48
rect:680 -12 74 81 61
rect:443 188 33 41 41
Chichi1999_07.jpg 0x0
rect:718 260 12 17 64
rect:479 179 60 119 48
rect:159 205 25 46 64
rect:200 130 54 108 48
rect:473 213 38 46 64
rect:61 240 393 172 63
rect:654 191 48 112 48
Chichi1999_08.jpg 0x0
rect:114 14 370 603 10
Chichi1999_09.jpg 0x0
rect:310 95 57 80 40
rect:202 69 109 126 41
rect:169 122 27 67 40
rect:177 83 155 160 48
Chichi1999_10.jpg 0x0
rect:156 19 450 404 10
Chichi1999_11.jpg 0x0
rect:104 219 73 108 65
rect:2 96 178 647 10
Chichi1999_12.jpg 0x0
rect:11 32 544 509 66
Chichi1999_13.jpg 0x0
rect:32 58 701 291 10
Chichi1999_14.jpg 0x0
rect:237 560 37 38 39
rect:221 409 25 54 67
rect:345 447 72 65 67
rect:186 549 26 35 67
rect:85 162 44 67 67
rect:204 419 21 44 67
rect:124 533 29 49 67
rect:221 197 15 48 67
rect:280 440 29 29 39
rect:223 404 30 23 39
rect:95 353 56 70 67
rect:353 235 30 34 39
rect:168 431 21 30 67
rect:286 372 36 43 67
rect:130 334 76 35 67
rect:185 182 87 34 67
rect:84 383 46 38 67
Chichi1999_15.jpg 0x0
rect:284 37 211 323 41
Chichi1999_16.jpg 0x0
rect:132 117 50 97 32
Chichi1999_17.jpg 0x0
rect:136 336 19 49 32
Chichi1999_18.jpg 0x0
rect:199 304 30 92 69
rect:208 244 50 117 69
rect:300 298 35 174 69
rect:149 147 136 547 68
rect:288 309 26 134 69
rect:260 418 47 123 70
Chichi1999_19.jpg 0x0
rect:300 123 187 343 3
rect:146 20 325 291 2
YogyakartaInd2006_03.jpg 0x0
rect:241 194 17 6 16
rect:305 98 93 36 16
rect:224 308 363 124 71
rect:179 405 222 39 15
rect:241 51 94 42 15
rect:318 21 84 2 15
rect:270 499 64 27 16
rect:181 149 64 31 15
Chichi1999_20.jpg 0x0
rect:127 170 95 420 42
rect:226 348 66 157 41
Chichi1999_21.jpg 0x0
rect:150 328 137 172 37
rect:243 106 221 224 72
rect:179 328 89 132 6
rect:20 4 192 125 30
rect:555 6 100 138 57
rect:422 110 173 80 6
rect:259 41 261 258 37
rect:52 447 168 145 5
Chichi1999_22.jpg 0x0
rect:345 216 14 16 73
rect:259 138 339 138 10
rect:298 299 17 20 73
rect:167 189 11 27 73
Chichi1999_23.jpg 0x0
rect:366 213 36 19 26
rect:167 214 40 62 73
rect:107 292 40 101 34
rect:94 255 40 93 73
rect:179 168 17 26 34
rect:5 55 417 142 74
rect:213 205 48 59 73
rect:366 257 75 110 73
rect:344 370 37 78 34
rect:392 244 34 26 27
Chichi1999_24.jpg 0x0
rect:157 240 34 41 46
rect:246 412 1 2 46
rect:209 202 84 39 34
rect:3 382 227 179 74
rect:123 176 109 122 75
Chichi1999_25.jpg 0x0
rect:204 176 143 242 34
rect:108 264 134 355 73
rect:177 255 46 61 26
Chichi1999_26.jpg 0x0
rect:157 308 138 345 76
rect:144 689 161 133 73
rect:165 446 65 55 26
rect:277 12 48 29 73
rect:124 581 150 123 27
rect:207 141 54 126 73
Chichi1999_27.jpg 0x0
rect:151 228 113 274 32
Chichi1999_28.jpg 0x0
rect:26 47 365 159 6
rect:368 153 160 253 75
rect:192 126 170 195 5
rect:231 187 164 121 77
Chichi1999_29.jpg 0x0
rect:143 175 63 190 52
rect:167 249 168 289 48
rect:286 203 142 119 40
Chichi1999_30.jpg 0x0
rect:218 97 215 77 52
rect:188 143 357 291 40
rect:251 258 228 69 78
rect:35 273 75 165 73
Chichi1999_31.jpg 0x0
rect:136 82 105 209 79
rect:373 114 36 130 48
Chichi1999_32.jpg 0x0
rect:141 64 33 177 81
rect:144 229 33 167 81
rect:412 191 51 138 39
rect:119 10 98 268 80
Chichi1999_33.jpg 0x0
rect:220 108 94 394 32
rect:156 204 58 92 49
rect:235 109 90 189 56
rect:114 153 83 222 32
rect:61 79 150 475 33
rect:311 111 41 116 49
Chichi1999_34.jpg 0x0
rect:138 100 505 481 10
Duzce1999_01.jpg 0x0
rect:110 192 117 152 41
rect:137 61 109 382 39
Duzce1999_02.jpg 0x0
rect:80 45 113 515 41
Duzce1999_03.jpg 0x0
rect:141 83 83 309 42
rect:0 200 82 295 31
rect:226 90 101 290 31
Gediz1970_01.jpg 0x0
rect:155 369 88 269 69
rect:166 103 194 442 68
rect:277 529 97 182 69
Guatemala1976_01.jpg 0x0
rect:73 276 76 37 52
rect:48 118 92 131 48
rect:637 110 181 122 48
rect:26 126 629 188 82
rect:49 139 58 52 41
rect:424 117 73 100 41
Guatemala1976_02.jpg 0x0
rect:126 67 242 233 48
rect:188 47 88 119 40
Guatemala1976_03.jpg 0x0
rect:20 67 577 417 75
Guatemala1976_04.jpg 0x0
rect:174 28 410 89 30
rect:434 161 127 288 4
rect:583 242 78 257 4
rect:32 51 636 235 30
Guatemala1976_05.jpg 0x0
rect:140 145 433 233 40
rect:179 193 329 136 41
rect:169 92 379 291 48
Guatemala1976_06.jpg 0x0
rect:83 100 174 335 39
Guatemala1976_07.jpg 0x0
rect:25 293 65 74 6
rect:17 293 515 353 10
rect:273 568 90 55 83
Guatemala1976_08.jpg 0x0
rect:203 41 300 402 48
rect:143 65 330 419 41
rect:229 94 164 366 40
Guatemala1976_09.jpg 0x0
rect:108 330 27 24 85
rect:224 281 73 50 85
rect:235 354 51 36 84
rect:670 382 71 77 84
rect:390 359 59 59 84
rect:461 272 48 55 85
rect:334 306 69 37 85
rect:67 226 42 26 84
Guatemala1976_10.jpg 0x0
rect:229 432 41 93 87
rect:240 134 284 276 86
rect:258 134 215 160 87
Guatemala1976_11.jpg 0x0
rect:212 207 164 279 34
GujaratIndia2001_01.jpg 0x0
rect:89 536 89 29 2
rect:37 312 198 195 4
rect:233 583 268 91 2
rect:331 551 71 56 11
Haiti2010_01.jpg 0x0
rect:344 164 156 335 41
rect:339 497 261 223 4
rect:250 246 28 135 40
rect:167 52 132 100 7
rect:719 248 107 83 4
Haiti2010_02.jpg 0x0
rect:320 21 194 47 14
rect:47 117 559 176 88
Haiti2010_03.jpg 0x0
rect:251 284 166 259 32
rect:313 378 62 66 49
rect:292 1 59 533 32
rect:253 417 162 238 89
Haiti2010_04.jpg 0x0
rect:244 56 224 345 34
rect:170 225 283 606 41
rect:2 167 220 183 6
Haiti2010_05.jpg 0x0
rect:179 134 334 409 90
rect:345 311 122 115 52
rect:217 242 30 112 40
rect:426 260 28 68 40
Haiti2010_06.jpg 0x0
rect:556 123 76 94 34
rect:677 120 443 811 91
rect:433 214 75 48 6
rect:325 139 155 367 33
rect:271 262 268 310 91
rect:225 342 35 52 34
rect:343 241 92 289 32
ImperialValley1979_01.jpg 0x0
rect:460 309 25 39 50
rect:611 238 56 39 32
rect:12 261 58 64 49
rect:572 259 21 19 49
rect:379 341 42 20 49
rect:64 308 90 105 50
rect:535 306 20 21 49
rect:672 257 44 35 32
rect:12 330 117 96 32
rect:324 374 63 59 32
rect:275 332 50 68 50
ImperialValley1979_02.jpg 0x0
rect:247 207 39 175 50
rect:168 132 331 59 92
rect:288 186 142 39 49
rect:206 94 98 166 50
rect:268 95 212 310 32
rect:382 91 78 140 50
ImperialValley1979_03.jpg 0x0
rect:121 257 241 242 32
rect:191 209 215 187 32
rect:128 298 265 37 92
rect:73 184 111 185 50
rect:224 251 78 100 50
rect:117 307 283 24 92
rect:335 354 64 220 50
Izmit1999_01.jpg 0x0
rect:268 109 46 212 27
rect:254 171 46 86 27
rect:263 157 49 123 27
rect:392 208 62 65 26
rect:159 93 309 305 34
Izmit1999_02.jpg 0x0
rect:28 136 487 181 10
Izmit1999_03.jpg 0x0
rect:483 110 55 353 50
rect:407 115 41 278 50
rect:275 158 31 176 50
rect:522 101 29 258 50
rect:196 219 429 27 92
rect:145 111 54 198 50
rect:175 57 314 373 32
rect:200 44 491 368 93
Izmit1999_04.jpg 0x0
rect:397 416 29 69 40
rect:360 106 79 82 41
rect:146 310 177 86 88
rect:259 254 65 67 41
rect:102 603 172 137 88
rect:72 478 37 88 42
rect:293 51 92 92 48
rect:51 394 39 114 41
rect:47 453 60 76 34
rect:299 439 20 54 40
Izmit1999_05.jpg 0x0
rect:99 30 811 363 10
Izmit1999_06.jpg 0x0
rect:249 279 47 130 50
rect:107 265 130 55 49
rect:129 152 97 288 50
rect:293 168 46 104 50
rect:119 214 273 357 32
rect:93 262 82 196 50
Izmit1999_07.jpg 0x0
rect:404 379 123 435 4
rect:408 119 65 60 3
rect:22 116 327 570 2
rect:224 356 43 107 3
rect:174 204 66 74 3
rect:188 137 45 123 3
rect:321 62 114 44 6
Izmit1999_08.jpg 0x0
rect:514 95 75 73 41
rect:108 146 80 64 41
rect:205 197 254 123 88
rect:177 415 85 69 45
rect:369 6 101 76 45
rect:566 68 58 31 52
rect:178 34 62 114 34
Izmit1999_09.jpg 0x0
rect:489 192 74 53 41
rect:314 327 76 100 41
rect:448 316 126 89 94
rect:248 171 38 33 41
rect:625 201 69 103 94
rect:52 250 44 47 41
Izmit1999_10.jpg 0x0
rect:209 373 43 97 40
rect:354 641 57 33 78
rect:50 261 272 54 78
rect:336 103 128 176 40
rect:262 208 39 157 40
rect:174 288 167 39 78
rect:68 177 250 619 41
rect:50 135 110 243 40
rect:156 271 109 184 40
rect:320 382 111 146 40
rect:131 359 199 82 78
Izmit1999_11.jpg 0x0
rect:138 390 67 160 40
rect:233 257 81 206 40
rect:198 527 145 134 41
rect:292 203 67 144 40
rect:173 193 132 148 41
Izmit1999_12.jpg 0x0
rect:341 225 45 31 6
rect:1 205 28 34 41
rect:64 248 39 43 40
rect:65 342 46 50 52
rect:289 354 78 115 41
rect:16 74 54 18 6
rect:425 108 90 53 7
rect:375 97 64 92 45
rect:195 220 55 46 88
rect:308 321 98 100 94
rect:281 231 57 125 52
rect:66 225 83 101 94
rect:552 30 85 73 34
rect:395 203 135 194 91
rect:107 76 47 17 6
rect:353 157 49 131 42
rect:579 166 53 60 41
rect:532 84 38 64 41
Izmit1999_13.jpg 0x0
rect:186 271 76 72 52
rect:236 336 36 93 41
rect:122 327 29 84 41
rect:306 99 136 305 48
rect:120 297 109 113 94
rect:260 124 86 125 41
rect:4 92 66 225 42
rect:395 206 110 211 41
rect:142 136 47 55 6
Izmit1999_14.jpg 0x0
rect:344 49 75 66 95
rect:523 8 156 70 35
rect:55 157 94 68 34
rect:427 115 115 70 35
rect:577 86 93 90 34
rect:441 442 36 24 34
rect:585 355 57 38 34
rect:322 393 61 33 34
rect:432 211 52 49 34
Izmit1999_15.jpg 0x0
rect:148 222 199 487 42
Izmit1999_16.jpg 0x0
rect:130 111 251 157 41
rect:158 79 54 108 40
rect:119 78 480 475 33
rect:110 49 267 218 39
Izmit1999_17.jpg 0x0
rect:83 119 228 270 41
Izmit1999_18.jpg 0x0
rect:251 187 126 144 41
rect:123 125 186 226 39
Izmit1999_19.jpg 0x0
rect:202 106 223 209 32
rect:231 65 202 341 96
rect:505 140 28 67 50
rect:548 131 24 84 50
Kobe1995_01.jpg 0x0
rect:25 199 705 122 63
Kobe1995_02.jpg 0x0
rect:2 55 394 676 68
Kobe1995_03.jpg 0x0
rect:39 48 346 494 10
Kobe1995_04.jpg 0x0
rect:434 272 53 38 41
Kobe1995_05.jpg 0x0
rect:40 203 379 57 78
rect:98 582 362 114 78
rect:263 107 220 370 40
rect:170 149 269 590 52
rect:4 158 172 518 40
Kobe1995_06.jpg 0x0
rect:146 413 322 451 42
rect:57 156 456 332 41
Kobe1995_07.jpg 0x0
rect:228 290 34 34 39
rect:49 425 43 32 39
rect:251 334 35 38 39
rect:431 354 28 37 39
rect:567 476 40 34 39
rect:296 275 31 47 39
rect:180 237 39 31 39
rect:42 274 32 36 39
rect:452 218 33 42 39
rect:236 410 40 34 39
rect:308 177 34 45 39
rect:167 215 37 44 39
rect:127 325 25 36 39
rect:182 311 31 34 39
rect:147 246 32 35 39
rect:112 324 32 29 39
rect:263 147 22 41 39
rect:458 453 39 40 39
rect:273 312 45 24 39
rect:266 222 27 49 39
rect:163 105 32 34 39
rect:522 142 52 25 39
rect:488 360 42 37 39
rect:433 429 48 43 39
rect:459 224 52 52 39
rect:151 246 45 45 39
Kobe1995_08.jpg 0x0
rect:320 53 372 177 97
Kobe1995_09.jpg 0x0
rect:221 442 256 57 97
rect:121 646 81 79 88
rect:93 821 89 68 88
rect:86 515 68 70 88
SanSalvador_1986_01.jpg 0x0
rect:188 119 114 140 41
rect:70 3 79 187 68
SanSalvador_1986_02.jpg 0x0
rect:341 148 19 26 41
rect:130 174 35 33 41
rect:165 242 39 52 41
rect:443 228 26 30 41
rect:560 275 31 43 41
rect:279 233 35 41 41
rect:314 237 61 39 41
rect:554 214 52 36 42
rect:227 172 19 21 41
SikkimIndia2001_01.jpg 0x0
rect:170 159 108 116 34
SikkimIndia2001_02.jpg 0x0
rect:398 226 65 58 16
rect:8 7 227 72 16
rect:122 95 195 256 33
rect:-17 2 411 99 33
rect:323 109 109 49 16
rect:452 99 101 212 33
rect:349 197 112 15 16
rect:9 122 67 53 54
SikkimIndia2001_03.jpg 0x0
rect:156 88 67 242 69
rect:193 207 115 138 70
rect:269 9 156 508 98
SikkimIndia2001_04.jpg 0x0
rect:293 142 144 142 34
rect:333 205 283 120 99
rect:3 26 236 196 99
SumatraInd2009_01.jpg 0x0
rect:226 30 82 378 81
SumatraInd2009_02.jpg 0x0
rect:194 62 130 155 41
WhittierNarrows1987_01.jpg 0x0
rect:13 36 1015 254 10
WhittierNarrows1987_02.jpg 0x0
rect:132 202 82 240 41
WhittierNarrows1987_03.jpg 0x0
rect:222 117 206 300 32
WhittierNarrows1987_04.jpg 0x0
rect:214 12 180 152 100
rect:175 56 120 174 41
rect:170 8 378 100 6
YogyakartaInd2006_01.jpg 0x0
rect:163 -30 479 365 29
rect:284 35 235 231 32
rect:229 106 270 71 49
YogyakartaInd2006_02.jpg 0x0
rect:341 82 87 132 70
rect:365 85 54 251 69
rect:266 61 151 318 98
