Anchorage1964_01.jpg 0x0
rect:70 383 244 199 1
rect:73 6 222 204 1
Anchorage1964_02.jpg 0x0
rect:505 221 14 70 3
rect:448 344 33 52 3
rect:39 30 127 44 5
rect:38 260 178 33 5
rect:130 195 58 38 7
rect:311 335 20 65 3
rect:446 328 14 42 3
rect:125 158 18 23 6
rect:600 67 144 129 8
rect:66 47 91 16 6
rect:305 258 21 40 3
rect:304 357 26 88 3
rect:182 24 277 69 4
rect:117 204 43 20 6
rect:244 357 25 82 3
rect:133 319 267 88 2
rect:504 215 117 59 4
rect:147 76 111 96 4
rect:472 327 27 71 3
Anchorage1964_03.jpg 0x0
rect:0 329 541 68 10
rect:258 110 473 204 9
rect:2 206 187 92 9
Anchorage1964_04.jpg 0x0
rect:196 298 14 19 1
rect:373 462 10 1 1
rect:164 94 35 18 5
rect:190 67 38 13 5
rect:251 268 15 19 1
rect:420 107 26 13 5
rect:339 231 13 23 1
rect:376 27 32 20 5
rect:199 218 34 14 5
rect:276 400 17 19 1
rect:336 210 24 21 5
rect:402 284 28 20 5
rect:138 182 22 19 5
rect:218 24 33 20 5
rect:410 287 30 24 5
rect:181 314 42 14 5
rect:235 156 20 38 1
rect:206 214 24 18 5
rect:436 266 26 20 5
rect:119 68 35 17 5
rect:142 302 35 20 5
rect:294 142 16 28 1
rect:169 329 30 14 5
rect:262 289 19 34 1
rect:159 587 41 21 5
rect:406 571 25 18 5
rect:174 464 56 14 2
rect:206 372 27 22 1
rect:263 254 18 39 1
rect:436 458 34 27 5
rect:193 227 21 26 8
rect:252 380 15 31 1
rect:399 241 31 21 5
rect:451 207 39 19 5
rect:199 219 28 13 5
rect:429 70 33 15 5
rect:274 423 19 32 1
rect:311 221 26 20 5
rect:453 103 31 17 5
Anchorage1964_05.jpg 0x0
rect:38 291 23 56 1
rect:36 356 18 37 1
rect:61 392 21 59 1
rect:367 244 48 19 11
rect:58 142 17 46 1
rect:72 82 14 44 1
rect:437 270 45 20 6
rect:429 223 42 31 5
rect:648 413 42 39 5
rect:144 32 122 34 6
rect:131 130 119 55 6
rect:653 243 56 67 1
rect:188 62 63 37 5
rect:417 356 56 80 8
rect:229 180 21 16 11
rect:78 80 28 46 1
rect:397 1 55 68 1
rect:389 22 35 73 1
rect:349 133 28 71 1
rect:323 99 47 62 1
rect:177 170 139 18 5
rect:457 74 39 72 1
rect:54 214 22 50 1
rect:363 207 139 58 2
rect:471 239 64 66 1
rect:100 161 23 38 1
rect:81 33 18 30 1
rect:557 266 44 81 8
rect:444 457 51 12 6
Anchorage1964_06.jpg 0x0
rect:167 169 71 74 11
rect:120 166 105 305 3
rect:85 100 259 388 12
Anchorage1964_07.jpg 0x0
rect:229 2 94 80 2
rect:19 296 347 41 11
rect:208 132 63 100 3
rect:282 160 60 77 13
rect:8 57 806 528 2
rect:271 159 183 187 11
rect:241 297 318 181 2
rect:540 214 65 112 11
rect:6 428 282 35 14
Anchorage1964_08.jpg 0x0
rect:41 330 131 97 1
rect:39 484 106 162 1
rect:312 273 153 84 1
rect:456 655 155 127 1
rect:325 40 104 76 1
rect:53 86 116 107 1
Anchorage1964_09.jpg 0x0
rect:433 8 229 16 15
rect:497 8 133 9 16
rect:416 217 82 59 8
rect:355 142 58 74 1
rect:17 114 19 12 16
rect:106 57 63 53 8
rect:64 137 39 10 16
rect:823 122 112 23 15
rect:90 301 53 72 8
rect:696 35 61 48 8
rect:622 166 1 1 16
rect:513 178 77 72 1
rect:71 122 63 58 1
rect:12 18 532 17 15
rect:505 158 47 73 1
rect:192 165 210 13 15
rect:384 161 84 25 15
rect:13 159 94 16 15
rect:16 14 63 11 16
Anchorage1964_10.jpg 0x0
rect:117 162 175 94 18
rect:230 301 100 126 17
rect:85 304 375 105 18
rect:75 231 280 252 1
Anchorage1964_11.jpg 0x0
rect:66 517 659 19 14
rect:67 590 648 11 14
rect:307 292 339 43 11
rect:698 126 202 114 1
rect:148 216 455 19 15
rect:713 7 103 40 1
rect:148 70 219 77 4
rect:77 247 378 54 2
Anchorage1964_12.jpg 0x0
rect:371 89 63 186 3
rect:341 68 67 189 3
rect:481 75 155 180 11
rect:126 137 21 93 3
rect:15 76 696 215 2
Anchorage1964_13.jpg 0x0
rect:375 695 230 30 2
rect:373 562 89 17 19
rect:371 461 27 112 20
Anchorage1964_14.jpg 0x0
rect:131 718 33 70 22
rect:247 13 101 642 20
rect:363 272 194 55 15
rect:11 542 196 109 11
rect:290 610 225 78 23
rect:173 657 31 58 22
rect:233 207 76 102 21
rect:295 7 82 135 11
rect:250 13 46 196 11
rect:25 564 32 48 22
rect:56 550 63 88 22
rect:97 351 187 35 15
Anchorage1964_15.jpg 0x0
rect:316 9 85 63 4
rect:173 141 40 50 11
rect:255 187 202 29 15
rect:247 321 208 48 2
rect:324 283 127 48 11
rect:233 62 57 356 20
rect:245 96 64 63 25
rect:409 331 84 34 24
rect:529 8 100 47 4
Anchorage1964_16.jpg 0x0
rect:14 94 140 132 2
rect:228 292 206 263 11
rect:16 257 61 87 2
rect:80 239 72 118 11
rect:649 217 97 248 2
rect:273 74 199 110 2
Anchorage1964_17.jpg 0x0
rect:14 130 329 146 9
rect:11 231 765 154 10
rect:296 57 223 222 9
Anchorage1964_18.jpg 0x0
rect:393 216 29 24 2
rect:674 284 70 13 2
rect:570 202 137 104 4
rect:651 141 129 100 4
rect:411 375 57 22 2
rect:105 234 91 142 4
rect:344 235 298 31 15
rect:176 198 16 41 11
rect:275 357 27 76 11
rect:94 205 101 60 11
Anchorage1964_19.jpg 0x0
rect:391 210 21 37 26
rect:296 182 13 22 26
rect:508 216 13 18 26
rect:6 205 75 179 26
rect:301 127 29 100 29
rect:34 197 32 101 27
rect:237 73 50 104 29
rect:463 83 37 27 26
rect:616 171 6 20 26
rect:372 159 48 28 28
rect:671 134 9 7 26
rect:376 135 35 32 27
rect:503 201 44 36 28
rect:279 110 49 59 26
rect:342 121 15 50 29
rect:424 146 12 43 26
rect:328 234 49 76 26
rect:892 152 8 12 26
Anchorage1964_20.jpg 0x0
rect:221 73 92 51 27
rect:241 62 159 115 29
rect:158 343 51 166 26
rect:508 585 45 93 26
rect:175 72 102 58 26
Anchorage1964_21.jpg 0x0
rect:2 65 41 44 26
rect:66 268 32 44 26
rect:189 154 596 118 30
rect:-6 82 108 127 29
Bingol2003_01.jpg 0x0
rect:26 202 82 62 33
rect:568 326 125 73 33
rect:554 384 210 128 31
rect:182 166 82 52 33
rect:203 128 56 86 33
rect:386 389 56 178 32
rect:648 286 45 77 34
rect:685 75 88 87 6
rect:448 133 66 87 6
rect:598 423 227 73 6
rect:668 208 48 66 6
rect:2 271 750 230 10
rect:529 65 195 171 31
rect:428 487 72 79 6
rect:676 341 91 43 33
rect:605 258 46 151 34
rect:263 80 62 30 6
rect:601 221 75 73 33
rect:461 280 84 81 6
Bingol2003_02.jpg 0x0
rect:1028 68 124 105 36
rect:134 507 147 318 32
rect:595 317 126 78 26
rect:616 278 380 128 35
rect:108 102 500 169 34
rect:324 240 658 339 31
rect:237 341 85 344 32
rect:319 413 81 81 6
Bingol2003_03.jpg 0x0
rect:348 170 298 132 2
rect:515 -6 367 166 4
rect:770 507 235 361 2
rect:108 29 130 34 2
rect:709 281 258 571 4
rect:366 176 276 50 11
rect:141 40 84 128 33
Bingol2003_04.jpg 0x0
rect:183 498 35 98 3
rect:122 375 299 202 2
rect:306 203 184 147 4
rect:109 790 24 67 3
rect:90 460 124 68 2
rect:210 453 40 86 3
rect:323 535 117 81 2
rect:105 515 36 74 3
CanterburyNZSeries2010_01.jpg 0x0
rect:68 115 110 276 12
CanterburyNZSeries2010_02.jpg 0x0
rect:40 54 133 237 6
rect:44 7 236 299 37
CanterburyNZSeries2010_03.jpg 0x0
rect:52 92 323 152 38
CanterburyNZSeries2010_04.jpg 0x0
rect:381 388 21 78 40
rect:362 455 26 60 40
rect:257 412 28 193 40
rect:403 428 46 106 40
rect:358 341 30 71 40
rect:199 8 105 124 42
rect:178 198 174 263 39
rect:241 350 86 242 41
CanterburyNZSeries2010_05.jpg 0x0
rect:256 396 244 258 4
rect:398 229 101 96 15
CanterburyNZSeries2010_06.jpg 0x0
rect:68 110 821 444 4
rect:268 173 283 87 2
CanterburyNZSeries2010_08.jpg 0x0
rect:345 134 207 248 43
rect:559 390 122 137 44
rect:986 527 41 131 32
rect:726 521 52 171 44
CanterburyNZSeries2010_09.jpg 0x0
rect:246 99 211 177 45
rect:304 411 120 380 39
CanterburyNZSeries2010_10.jpg 0x0
rect:298 136 296 129 7
rect:244 595 318 134 6
rect:298 198 346 291 6
rect:318 360 170 92 46
CanterburyNZSeries2010_11.jpg 0x0
rect:372 245 245 157 5
rect:420 230 283 85 7
CanterburyNZSeries2010_12.jpg 0x0
rect:635 550 136 50 11
rect:64 243 691 322 2
rect:5 194 947 458 47
rect:198 405 109 38 11
CanterburyNZSeries2010_13.jpg 0x0
rect:303 218 112 542 11
rect:118 17 566 805 12
Caracas1967_01.jpg 0x0
rect:346 185 74 124 48
rect:584 68 189 330 48
rect:342 157 8 73 48
rect:328 221 42 87 48
Caracas1967_02.jpg 0x0
rect:134 510 33 63 49
rect:138 538 41 33 50
rect:210 1 136 154 15
rect:167 161 182 328 51
Caracas1967_03.jpg 0x0
rect:281 457 36 158 27
rect:283 313 34 48 27
rect:12 482 251 86 6
rect:276 238 130 129 34
rect:290 91 90 133 14
rect:276 374 74 62 26
Caracas1967_04.jpg 0x0
rect:127 218 142 108 34
rect:124 265 18 80 27
rect:170 433 58 88 26
Caracas1967_05.jpg 0x0
rect:258 338 45 235 40
rect:139 367 57 215 40
rect:219 228 49 206 40
rect:34 107 467 661 48
rect:248 234 68 167 40
rect:49 348 235 236 52
rect:347 230 41 279 40
rect:238 258 100 143 52
rect:50 155 245 525 41
rect:72 251 67 343 40
Caracas1967_06.jpg 0x0
rect:358 126 360 205 7
rect:398 239 61 40 6
Caracas1967_07.jpg 0x0
rect:532 378 120 68 53
rect:393 41 37 155 27
rect:181 158 46 249 27
rect:280 8 69 380 34
rect:434 338 119 78 53
rect:503 223 114 212 34
rect:177 122 123 241 34
Caracas1967_08.jpg 0x0
rect:298 361 87 90 54
rect:232 216 57 70 55
rect:403 260 75 167 54
Caracas1967_09.jpg 0x0
rect:22 282 47 54 48
rect:487 15 175 176 48
rect:151 213 124 57 48
rect:61 252 76 86 48
Caracas1967_10.jpg 0x0
rect:379 285 100 212 40
rect:18 197 582 499 48
rect:42 257 289 443 41
rect:435 314 76 161 40
Caracas1967_11.jpg 0x0
rect:56 305 169 541 41
rect:211 14 137 367 41
rect:58 17 425 533 48
Caracas1967_12.jpg 0x0
rect:504 322 36 43 34
rect:732 379 27 51 32
rect:306 309 35 48 56
rect:782 373 25 61 32
Caracas1967_13.jpg 0x0
rect:192 386 97 194 55
Caracas1967_14.jpg 0x0
rect:136 378 253 30 6
rect:152 147 566 207 57
Chichi1999_01.jpg 0x0
rect:5 6 609 221 58
rect:390 113 36 193 42
Chichi1999_02.jpg 0x0
rect:294 84 187 405 59
rect:6 83 361 156 58
Chichi1999_03.jpg 0x0
rect:0 182 910 197 58
rect:82 179 54 131 60
Chichi1999_04.jpg 0x0
rect:186 -19 56 93 48
rect:153 221 100 458 48
rect:225 293 32 70 52
Chichi1999_05.jpg 0x0
rect:393 139 51 42 41
rect:312 197 42 96 52
rect:278 159 85 209 48
rect:410 318 21 30 41
Chichi1999_06.jpg 0x0
rect:349 194 49 105 48
rect:409 246 17 27 52
rect:443 -15 77 86 61
rect:388 120 42 80 62
rect:136 15 386 218 10
rect:677 142 37 50 41
Chichi1999_07.jpg 0x0
rect:39 239 592 183 63
rect:490 238 34 106 48
rect:402 248 42 157 48
rect:482 267 38 29 64
rect:460 236 13 23 64
rect:131 212 33 209 48
rect:190 201 23 55 64
Chichi1999_08.jpg 0x0
rect:71 18 526 559 10
Chichi1999_09.jpg 0x0
rect:185 95 35 77 40
rect:148 60 220 148 48
rect:175 76 148 116 41
rect:296 113 63 93 40
Chichi1999_10.jpg 0x0
rect:191 19 534 462 10
Chichi1999_11.jpg 0x0
rect:2 155 149 586 10
rect:119 281 109 70 65
Chichi1999_12.jpg 0x0
rect:12 23 557 657 66
Chichi1999_13.jpg 0x0
rect:37 38 888 452 10
Chichi1999_14.jpg 0x0
rect:120 328 31 47 67
rect:118 222 56 74 67
rect:67 422 35 56 67
rect:117 661 29 52 67
rect:161 523 31 39 67
rect:118 407 60 34 67
rect:281 593 31 48 67
rect:225 382 25 39 67
rect:455 645 92 60 67
rect:185 142 67 41 67
rect:367 520 40 41 39
rect:156 165 21 43 67
rect:203 635 28 33 39
rect:156 211 31 45 67
rect:256 323 25 43 67
rect:295 324 32 52 39
rect:349 417 24 25 39
Chichi1999_15.jpg 0x0
rect:309 36 260 480 41
Chichi1999_16.jpg 0x0
rect:205 94 78 139 32
Chichi1999_17.jpg 0x0
rect:165 255 27 56 32
Chichi1999_18.jpg 0x0
rect:207 246 25 159 69
rect:156 214 110 355 68
rect:260 276 52 129 70
rect:183 270 30 121 69
rect:168 219 41 127 69
rect:240 242 37 109 69
Chichi1999_19.jpg 0x0
rect:277 145 117 216 3
rect:163 23 222 498 2
YogyakartaInd2006_03.jpg 0x0
rect:440 71 87 49 16
rect:214 20 90 2 15
rect:210 382 182 38 15
rect:412 63 103 67 15
rect:256 111 26 6 16
rect:330 364 43 35 16
rect:159 303 357 164 71
rect:263 103 84 35 15
Chichi1999_20.jpg 0x0
rect:186 426 43 213 41
rect:147 146 123 238 42
Chichi1999_21.jpg 0x0
rect:72 403 133 88 5
rect:184 314 95 123 6
rect:482 83 141 124 6
rect:559 7 119 120 57
rect:18 4 242 116 30
rect:179 224 165 191 37
rect:206 104 229 247 72
rect:396 46 199 248 37
Chichi1999_22.jpg 0x0
rect:234 187 253 184 10
rect:173 171 13 23 73
rect:185 301 13 26 73
rect:545 207 20 21 73
Chichi1999_23.jpg 0x0
rect:132 331 49 128 73
rect:303 133 40 53 73
rect:4 56 492 159 74
rect:354 179 28 30 26
rect:100 140 68 62 73
rect:321 188 33 21 27
rect:146 185 26 24 34
rect:287 218 88 102 73
rect:89 422 34 73 34
rect:400 407 39 63 34
Chichi1999_24.jpg 0x0
rect:257 284 1 2 46
rect:189 210 114 77 75
rect:225 297 74 63 34
rect:238 224 38 56 46
rect:3 237 271 195 74
Chichi1999_25.jpg 0x0
rect:131 304 106 163 34
rect:170 409 46 79 26
rect:157 222 146 353 73
Chichi1999_26.jpg 0x0
rect:131 416 72 73 26
rect:218 196 61 119 73
rect:96 497 118 116 73
rect:186 20 37 22 73
rect:146 596 145 106 27
rect:276 359 95 403 76
Chichi1999_27.jpg 0x0
rect:129 243 120 381 32
Chichi1999_28.jpg 0x0
rect:154 127 175 272 5
rect:392 145 161 152 75
rect:290 224 203 103 77
rect:20 49 305 89 6
Chichi1999_29.jpg 0x0
rect:257 301 90 217 52
rect:185 243 140 171 40
rect:113 271 188 213 48
Chichi1999_30.jpg 0x0
rect:214 137 158 50 52
rect:33 260 110 199 73
rect:207 144 236 282 40
rect:212 145 149 60 78
Chichi1999_31.jpg 0x0
rect:112 107 108 338 79
rect:626 114 61 213 48
Chichi1999_32.jpg 0x0
rect:177 8 106 292 80
rect:543 112 60 247 39
rect:181 80 38 119 81
rect:202 222 36 120 81
Chichi1999_33.jpg 0x0
rect:97 78 168 511 33
rect:180 207 39 148 49
rect:238 62 141 283 32
rect:184 89 86 186 56
rect:376 145 49 113 49
rect:140 95 92 172 32
Chichi1999_34.jpg 0x0
rect:93 101 397 428 10
Duzce1999_01.jpg 0x0
rect:125 57 80 387 39
rect:164 190 88 102 41
Duzce1999_02.jpg 0x0
rect:106 56 108 354 41
Duzce1999_03.jpg 0x0
rect:243 154 83 279 31
rect:0 138 128 228 31
rect:128 98 147 182 42
Gediz1970_01.jpg 0x0
rect:130 282 104 336 69
rect:152 77 302 411 68
rect:238 561 102 222 69
Guatemala1976_01.jpg 0x0
rect:495 172 170 166 48
rect:72 185 47 48 41
rect:49 195 109 96 48
rect:364 129 73 78 41
rect:59 192 45 54 52
rect:19 143 426 221 82
Guatemala1976_02.jpg 0x0
rect:336 72 98 132 40
rect:227 77 306 279 48
Guatemala1976_03.jpg 0x0
rect:21 104 519 423 75
Guatemala1976_04.jpg 0x0
rect:572 240 127 287 4
rect:179 29 261 99 30
rect:352 281 75 309 4
rect:39 85 560 308 30
Guatemala1976_05.jpg 0x0
rect:171 57 273 329 48
rect:189 152 244 161 40
rect:174 126 216 106 41
Guatemala1976_06.jpg 0x0
rect:116 75 260 555 39
Guatemala1976_07.jpg 0x0
rect:219 409 121 90 83
rect:19 191 336 388 10
rect:32 257 54 66 6
Guatemala1976_08.jpg 0x0
rect:143 42 259 374 41
rect:191 34 364 489 48
rect:292 68 208 301 40
Guatemala1976_09.jpg 0x0
rect:148 357 35 32 84
rect:325 293 75 39 85
rect:105 235 29 20 85
rect:660 264 66 60 85
rect:99 215 38 30 84
rect:134 260 44 47 85
rect:264 330 72 72 84
rect:660 405 68 83 84
Guatemala1976_10.jpg 0x0
rect:201 156 296 199 87
rect:164 247 306 341 86
rect:252 265 49 110 87
Guatemala1976_11.jpg 0x0
rect:135 305 105 272 34
GujaratIndia2001_01.jpg 0x0
rect:267 571 41 70 11
rect:34 338 167 175 4
rect:56 484 51 29 2
rect:121 451 171 87 2
Haiti2010_01.jpg 0x0
rect:202 123 200 465 41
rect:326 505 193 200 4
rect:158 42 130 90 7
rect:627 205 81 110 4
rect:331 363 35 110 40
Haiti2010_02.jpg 0x0
rect:356 27 133 54 14
rect:50 110 624 212 88
Haiti2010_03.jpg 0x0
rect:241 1 63 425 32
rect:199 505 227 187 89
rect:187 371 162 142 32
rect:170 471 82 57 49
Haiti2010_04.jpg 0x0
rect:2 117 255 114 6
rect:209 215 376 669 41
rect:211 41 214 291 34
Haiti2010_05.jpg 0x0
rect:341 281 29 111 40
rect:191 277 214 104 52
rect:453 187 32 123 40
rect:206 120 351 551 90
Haiti2010_06.jpg 0x0
rect:584 163 570 818 91
rect:330 136 260 375 33
rect:246 375 42 57 34
rect:497 295 85 230 32
rect:239 206 235 413 91
rect:464 156 59 47 6
rect:440 127 48 82 34
ImperialValley1979_01.jpg 0x0
rect:533 245 29 40 32
rect:357 233 28 21 49
rect:304 266 37 42 50
rect:379 340 23 20 49
rect:564 209 42 31 32
rect:43 386 119 116 50
rect:383 235 34 25 49
rect:15 330 56 53 49
rect:355 335 65 57 32
rect:13 318 112 147 32
rect:314 349 45 79 50
ImperialValley1979_02.jpg 0x0
rect:189 212 267 60 92
rect:249 87 165 167 32
rect:319 187 64 142 50
rect:311 167 156 41 49
rect:223 138 100 139 50
rect:259 127 84 163 50
ImperialValley1979_03.jpg 0x0
rect:99 286 71 213 50
rect:125 478 197 44 92
rect:89 467 186 29 92
rect:154 209 234 166 32
rect:162 164 188 120 32
rect:179 266 72 161 50
rect:333 278 58 160 50
Izmit1999_01.jpg 0x0
rect:210 148 39 154 27
rect:189 53 303 382 34
rect:444 214 59 76 26
rect:166 200 27 100 27
rect:195 98 45 135 27
Izmit1999_02.jpg 0x0
rect:24 114 856 294 10
Izmit1999_03.jpg 0x0
rect:500 72 55 218 50
rect:274 70 337 310 32
rect:322 106 28 234 50
rect:172 196 431 33 92
rect:194 109 53 235 50
rect:144 73 86 207 50
rect:194 39 470 271 93
rect:514 124 51 256 50
Izmit1999_04.jpg 0x0
rect:293 264 25 67 40
rect:52 360 50 83 41
rect:405 87 71 75 41
rect:319 321 14 62 40
rect:78 685 221 115 88
rect:81 594 37 85 42
rect:39 291 77 60 34
rect:277 78 93 120 48
rect:264 344 89 58 41
rect:98 347 122 55 88
Izmit1999_05.jpg 0x0
rect:119 35 540 488 10
Izmit1999_06.jpg 0x0
rect:165 165 91 185 50
rect:208 201 57 118 50
rect:192 334 178 67 49
rect:76 329 64 167 50
rect:151 145 160 458 32
rect:283 284 64 106 50
Izmit1999_07.jpg 0x0
rect:139 379 51 109 3
rect:377 310 85 460 4
rect:282 256 38 88 3
rect:300 144 72 99 3
rect:360 53 104 33 6
rect:29 111 492 667 2
rect:209 165 44 123 3
Izmit1999_08.jpg 0x0
rect:426 6 92 63 45
rect:481 107 80 53 41
rect:116 123 80 71 41
rect:639 64 74 39 52
rect:172 24 73 132 34
rect:180 479 114 107 45
rect:192 275 269 89 88
Izmit1999_09.jpg 0x0
rect:390 183 86 90 94
rect:525 197 64 91 94
rect:311 193 50 24 41
rect:45 158 40 57 41
rect:580 256 53 46 41
rect:427 201 67 80 41
Izmit1999_10.jpg 0x0
rect:287 480 77 123 40
rect:125 364 375 56 78
rect:219 499 124 40 78
rect:75 105 114 137 40
rect:160 240 78 228 40
rect:41 281 331 51 78
rect:240 112 49 215 40
rect:193 147 90 164 40
rect:61 160 283 521 41
rect:184 315 46 84 40
rect:200 724 76 33 78
Izmit1999_11.jpg 0x0
rect:407 301 73 199 40
rect:242 430 129 89 41
rect:221 162 78 191 40
rect:141 192 178 123 41
rect:158 279 63 154 40
Izmit1999_12.jpg 0x0
rect:366 189 56 44 41
rect:455 198 87 66 7
rect:82 91 36 23 6
rect:367 123 65 64 45
rect:55 330 81 76 94
rect:393 274 52 123 52
rect:376 243 41 130 42
rect:512 131 175 150 91
rect:20 52 56 20 6
rect:64 351 75 50 52
rect:76 389 39 37 40
rect:265 219 105 152 94
rect:1 294 31 38 41
rect:364 252 86 135 41
rect:613 117 56 72 41
rect:233 209 55 31 6
rect:132 159 58 77 88
rect:503 26 105 70 34
Izmit1999_13.jpg 0x0
rect:167 218 137 103 94
rect:118 282 86 58 52
rect:79 169 74 37 6
rect:277 107 83 137 41
rect:429 153 94 298 41
rect:4 79 86 151 42
rect:128 180 32 84 41
rect:229 210 41 69 41
rect:230 94 221 270 48
Izmit1999_14.jpg 0x0
rect:72 187 97 78 34
rect:470 61 62 72 95
rect:478 260 60 38 34
rect:428 342 46 17 34
rect:361 119 90 60 35
rect:600 95 104 76 34
rect:314 259 35 35 34
rect:356 374 67 51 34
rect:443 8 158 52 35
Izmit1999_15.jpg 0x0
rect:178 133 198 446 42
Izmit1999_16.jpg 0x0
rect:120 60 305 279 39
rect:123 46 288 483 33
rect:137 133 192 116 41
rect:175 91 42 107 40
Izmit1999_17.jpg 0x0
rect:98 129 166 212 41
Izmit1999_18.jpg 0x0
rect:174 106 101 336 39
rect:247 177 119 188 41
Izmit1999_19.jpg 0x0
rect:424 205 31 72 50
rect:316 103 283 368 96
rect:444 141 29 111 50
rect:264 112 201 284 32
Kobe1995_01.jpg 0x0
rect:18 106 592 140 63
Kobe1995_02.jpg 0x0
rect:2 51 674 452 68
Kobe1995_03.jpg 0x0
rect:37 62 444 476 10
Kobe1995_04.jpg 0x0
rect:341 339 43 61 41
Kobe1995_05.jpg 0x0
rect:434 202 129 421 40
rect:56 347 572 59 78
rect:99 664 369 165 78
rect:4 136 123 496 40
rect:100 148 166 394 52
Kobe1995_06.jpg 0x0
rect:244 447 378 290 42
rect:45 107 414 353 41
Kobe1995_07.jpg 0x0
rect:222 414 36 41 39
rect:143 301 27 43 39
rect:79 243 29 43 39
rect:333 286 38 32 39
rect:188 90 24 32 39
rect:205 291 35 45 39
rect:186 229 43 41 39
rect:47 361 34 28 39
rect:299 142 31 39 39
rect:271 270 33 36 39
rect:288 375 36 28 39
rect:490 339 37 40 39
rect:454 192 42 25 39
rect:326 150 50 48 39
rect:455 381 43 38 39
rect:253 398 54 43 39
rect:446 290 25 32 39
rect:374 183 50 44 39
rect:63 349 35 52 39
rect:329 273 36 51 39
rect:290 158 31 40 39
rect:546 438 25 42 39
rect:121 401 36 29 39
rect:298 129 40 29 39
rect:463 119 56 28 39
rect:116 221 36 41 39
Kobe1995_08.jpg 0x0
rect:327 43 524 244 97
Kobe1995_09.jpg 0x0
rect:77 498 55 85 88
rect:88 613 74 55 88
rect:100 462 58 72 88
rect:241 401 211 64 97
SanSalvador_1986_01.jpg 0x0
rect:239 120 129 216 41
rect:54 3 87 286 68
SanSalvador_1986_02.jpg 0x0
rect:141 249 32 32 41
rect:393 155 17 35 41
rect:327 195 53 39 41
rect:517 165 44 39 41
rect:199 199 32 31 41
rect:341 331 52 52 41
rect:635 153 45 32 42
rect:276 268 21 30 41
rect:148 137 33 40 41
SikkimIndia2001_01.jpg 0x0
rect:233 115 148 100 34
SikkimIndia2001_02.jpg 0x0
rect:159 68 227 383 33
rect:10 7 248 65 16
rect:7 165 74 56 54
rect:416 109 80 202 33
rect:341 288 90 55 16
rect:490 123 104 38 16
rect:-18 2 300 108 33
rect:366 187 109 23 16
SikkimIndia2001_03.jpg 0x0
rect:274 271 90 216 70
rect:168 117 65 234 69
rect:210 9 212 414 98
SikkimIndia2001_04.jpg 0x0
rect:279 146 279 91 99
rect:207 188 78 201 34
rect:3 35 331 229 99
SumatraInd2009_01.jpg 0x0
rect:271 20 45 404 81
SumatraInd2009_02.jpg 0x0
rect:210 104 175 205 41
WhittierNarrows1987_01.jpg 0x0
rect:11 31 900 330 10
WhittierNarrows1987_02.jpg 0x0
rect:214 332 110 244 41
WhittierNarrows1987_03.jpg 0x0
rect:225 154 201 184 32
WhittierNarrows1987_04.jpg 0x0
rect:271 8 353 80 6
rect:269 17 336 171 100
rect:190 53 119 195 41
YogyakartaInd2006_01.jpg 0x0
rect:183 -24 281 590 29
rect:319 47 420 341 32
rect:225 144 243 73 49
YogyakartaInd2006_02.jpg 0x0
rect:460 138 77 201 70
rect:261 121 43 185 69
rect:421 73 139 533 98
