Anchorage1964_01.jpg 0x0
rect:74 8 225 182 1
rect:76 497 243 181 1
Anchorage1964_02.jpg 0x0
rect:373 299 34 43 3
rect:317 327 30 58 3
rect:37 30 195 32 5
rect:425 138 69 71 4
rect:164 350 18 64 3
rect:172 183 83 60 7
rect:280 252 28 72 3
rect:473 296 15 73 3
rect:35 212 190 58 5
rect:86 26 88 14 6
rect:179 45 320 78 4
rect:329 305 18 69 3
rect:338 239 18 55 3
rect:590 62 101 85 8
rect:209 304 289 90 2
rect:100 225 31 22 6
rect:272 85 72 75 4
rect:253 303 26 57 3
rect:107 259 53 20 6
Anchorage1964_03.jpg 0x0
rect:2 215 262 93 9
rect:0 233 732 90 10
rect:329 86 316 210 9
Anchorage1964_04.jpg 0x0
rect:211 311 15 27 1
rect:251 543 75 22 2
rect:146 215 28 19 5
rect:344 134 22 19 5
rect:171 83 34 22 5
rect:236 394 26 26 1
rect:148 362 35 26 5
rect:406 187 23 19 5
rect:212 299 11 17 1
rect:344 107 20 37 1
rect:254 296 27 26 8
rect:139 393 37 16 5
rect:363 143 13 27 1
rect:463 287 41 16 5
rect:184 241 30 19 5
rect:205 175 11 30 1
rect:209 73 26 15 5
rect:138 358 31 22 5
rect:430 26 40 16 5
rect:428 370 21 21 5
rect:352 336 18 33 1
rect:424 321 23 16 5
rect:214 165 34 14 5
rect:338 116 36 16 5
rect:448 289 28 18 5
rect:205 105 29 13 5
rect:343 80 41 18 5
rect:243 162 30 20 5
rect:222 31 28 22 5
rect:252 174 25 22 5
rect:250 69 44 17 5
rect:146 114 38 21 5
rect:344 339 31 15 5
rect:193 439 20 31 1
rect:307 199 20 23 1
rect:337 395 23 35 1
rect:254 360 8 1 1
rect:174 238 31 18 5
rect:328 300 15 32 1
Anchorage1964_05.jpg 0x0
rect:74 131 16 38 1
rect:567 274 44 14 6
rect:50 389 27 39 1
rect:94 285 24 67 1
rect:368 209 40 23 11
rect:496 234 74 35 5
rect:627 71 51 64 1
rect:255 195 20 21 11
rect:92 253 30 49 1
rect:303 180 42 56 1
rect:52 86 27 55 1
rect:811 231 47 41 5
rect:175 59 105 37 5
rect:454 309 57 68 1
rect:161 47 79 44 6
rect:320 211 45 77 8
rect:492 142 47 58 1
rect:83 26 27 42 1
rect:299 1 38 39 1
rect:39 287 26 72 1
rect:450 105 38 72 1
rect:720 195 41 29 6
rect:134 184 139 46 6
rect:489 31 46 61 1
rect:134 114 151 27 5
rect:75 163 25 47 1
rect:373 336 36 82 8
rect:294 213 117 73 2
rect:78 92 17 39 1
Anchorage1964_06.jpg 0x0
rect:204 97 64 219 3
rect:153 239 92 104 11
rect:148 94 206 526 12
Anchorage1964_07.jpg 0x0
rect:352 149 60 120 13
rect:236 2 138 69 2
rect:8 48 848 495 2
rect:7 391 365 40 14
rect:16 185 201 32 11
rect:377 97 47 167 3
rect:441 216 87 84 11
rect:415 343 297 162 2
rect:327 101 163 125 11
Anchorage1964_08.jpg 0x0
rect:47 660 73 110 1
rect:218 26 77 117 1
rect:62 208 100 94 1
rect:380 644 156 158 1
rect:49 55 122 132 1
rect:239 188 145 133 1
Anchorage1964_09.jpg 0x0
rect:642 34 86 51 8
rect:582 10 80 11 16
rect:9 124 71 20 15
rect:12 15 79 13 16
rect:571 9 207 15 15
rect:665 305 61 91 8
rect:47 145 63 10 16
rect:904 155 1 1 16
rect:16 184 24 8 16
rect:85 147 86 79 1
rect:434 183 48 53 1
rect:411 201 102 54 1
rect:480 90 87 19 15
rect:15 13 518 17 15
rect:123 140 385 11 15
rect:107 36 88 85 8
rect:208 128 69 81 1
rect:84 299 85 64 8
rect:827 84 138 13 15
Anchorage1964_10.jpg 0x0
rect:150 238 193 83 18
rect:54 432 405 130 18
rect:212 272 108 133 17
rect:59 194 283 280 1
Anchorage1964_11.jpg 0x0
rect:662 153 135 117 1
rect:72 224 659 58 2
rect:159 69 190 142 4
rect:370 291 232 33 11
rect:188 116 430 16 15
rect:89 386 800 19 14
rect:75 619 659 12 14
rect:689 7 93 50 1
Anchorage1964_12.jpg 0x0
rect:135 224 27 73 3
rect:360 71 215 178 11
rect:15 84 546 337 2
rect:237 88 45 167 3
rect:455 99 50 238 3
Anchorage1964_13.jpg 0x0
rect:354 461 117 14 19
rect:466 433 22 160 20
rect:305 488 224 34 2
Anchorage1964_14.jpg 0x0
rect:52 628 43 93 22
rect:185 208 58 111 21
rect:11 597 155 63 11
rect:88 226 117 43 15
rect:144 770 39 75 22
rect:143 15 126 749 20
rect:131 689 45 53 22
rect:285 568 217 68 23
rect:345 194 175 65 15
rect:406 6 76 128 11
rect:19 520 23 65 22
rect:357 12 47 200 11
Anchorage1964_15.jpg 0x0
rect:181 8 76 43 4
rect:199 165 42 93 25
rect:313 316 145 57 11
rect:375 11 109 74 4
rect:177 443 278 59 2
rect:209 282 124 35 15
rect:338 363 130 45 24
rect:146 66 68 387 20
rect:154 102 40 79 11
Anchorage1964_16.jpg 0x0
rect:11 346 80 60 2
rect:342 256 111 220 2
rect:202 155 358 215 11
rect:157 91 286 134 2
rect:11 149 247 160 2
rect:61 317 73 80 11
Anchorage1964_17.jpg 0x0
rect:12 126 210 98 9
rect:10 243 706 196 10
rect:272 64 282 268 9
Anchorage1964_18.jpg 0x0
rect:402 105 123 104 4
rect:139 313 23 36 11
rect:149 342 87 39 11
rect:824 257 49 19 2
rect:362 251 350 26 15
rect:374 341 45 60 11
rect:188 230 62 110 4
rect:382 200 94 101 4
rect:338 328 70 21 2
rect:564 307 31 16 2
Anchorage1964_19.jpg 0x0
rect:281 110 33 88 29
rect:536 217 12 28 26
rect:593 204 9 16 26
rect:235 123 32 33 27
rect:333 99 90 146 29
rect:318 119 33 25 26
rect:5 258 62 194 26
rect:573 159 35 39 28
rect:354 187 25 40 26
rect:602 143 7 11 26
rect:417 108 16 44 26
rect:33 291 27 114 27
rect:283 220 62 89 26
rect:223 77 44 40 26
rect:357 120 35 35 28
rect:759 114 6 5 26
rect:502 173 29 53 29
rect:508 301 13 32 26
Anchorage1964_20.jpg 0x0
rect:207 82 156 178 29
rect:241 116 96 41 27
rect:171 124 74 55 26
rect:477 348 41 68 26
rect:190 372 49 177 26
Anchorage1964_21.jpg 0x0
rect:198 156 497 217 30
rect:43 376 24 27 26
rect:-6 56 74 142 29
rect:2 63 42 46 26
Bingol2003_01.jpg 0x0
rect:987 415 106 60 33
rect:278 167 96 89 33
rect:296 115 83 30 6
rect:374 212 56 66 6
rect:888 204 113 54 33
rect:626 90 84 55 6
rect:483 218 60 114 34
rect:630 361 61 163 32
rect:173 208 60 71 33
rect:581 96 211 247 31
rect:451 463 116 89 6
rect:660 429 89 44 33
rect:381 371 52 64 34
rect:514 54 61 59 6
rect:458 386 131 78 6
rect:467 279 194 216 31
rect:24 313 59 86 33
rect:2 307 825 244 10
rect:805 278 77 77 6
Bingol2003_02.jpg 0x0
rect:623 346 75 111 26
rect:140 639 204 265 32
rect:521 249 387 94 35
rect:203 293 78 354 32
rect:826 68 177 82 36
rect:186 213 887 475 31
rect:185 88 437 175 34
rect:347 272 93 61 6
Bingol2003_03.jpg 0x0
rect:609 151 160 70 11
rect:372 231 342 150 2
rect:71 26 216 26 2
rect:999 410 200 327 2
rect:524 270 269 440 4
rect:624 -8 320 150 4
rect:127 58 103 91 33
Bingol2003_04.jpg 0x0
rect:261 488 52 109 3
rect:438 477 116 85 2
rect:99 618 17 73 3
rect:68 450 91 86 2
rect:202 304 209 168 4
rect:218 669 30 70 3
rect:127 473 201 215 2
rect:97 528 28 56 3
CanterburyNZSeries2010_01.jpg 0x0
rect:70 149 165 375 12
CanterburyNZSeries2010_02.jpg 0x0
rect:33 8 188 204 37
rect:62 64 133 157 6
CanterburyNZSeries2010_03.jpg 0x0
rect:48 50 406 120 38
CanterburyNZSeries2010_04.jpg 0x0
rect:401 453 17 50 40
rect:173 443 124 256 41
rect:409 256 58 115 40
rect:314 440 34 82 40
rect:281 355 270 430 39
rect:320 388 15 57 40
rect:244 468 28 164 40
rect:184 7 79 128 42
CanterburyNZSeries2010_05.jpg 0x0
rect:392 265 109 89 15
rect:299 279 177 357 4
CanterburyNZSeries2010_06.jpg 0x0
rect:182 196 268 122 2
rect:66 81 795 643 4
CanterburyNZSeries2010_08.jpg 0x0
rect:655 267 84 122 44
rect:698 642 57 103 44
rect:575 394 33 161 32
rect:413 98 201 209 43
CanterburyNZSeries2010_09.jpg 0x0
rect:342 397 144 472 39
rect:205 158 141 165 45
CanterburyNZSeries2010_10.jpg 0x0
rect:228 257 258 92 46
rect:174 250 367 210 6
rect:241 544 295 146 6
rect:327 160 201 82 7
CanterburyNZSeries2010_11.jpg 0x0
rect:403 278 312 144 7
rect:329 301 308 171 5
CanterburyNZSeries2010_12.jpg 0x0
rect:195 614 167 49 11
rect:481 602 164 76 11
rect:39 240 787 273 2
rect:6 206 638 332 47
CanterburyNZSeries2010_13.jpg 0x0
rect:132 22 482 948 12
rect:385 142 94 545 11
Caracas1967_01.jpg 0x0
rect:384 71 161 307 48
rect:333 198 9 78 48
rect:457 195 68 110 48
rect:328 235 46 120 48
Caracas1967_02.jpg 0x0
rect:299 1 118 218 15
rect:141 320 37 70 49
rect:145 530 28 43 50
rect:229 173 198 331 51
Caracas1967_03.jpg 0x0
rect:307 314 103 200 34
rect:11 298 322 79 6
rect:193 364 43 64 27
rect:211 463 69 89 26
rect:382 421 25 141 27
rect:225 56 74 78 14
Caracas1967_04.jpg 0x0
rect:173 301 61 83 26
rect:170 371 14 78 27
rect:135 373 178 136 34
Caracas1967_05.jpg 0x0
rect:183 208 61 204 40
rect:182 196 109 139 52
rect:130 285 43 227 40
rect:329 294 48 135 40
rect:36 70 513 466 48
rect:175 292 43 236 40
rect:38 127 362 627 41
rect:240 249 55 271 40
rect:70 281 57 303 40
rect:93 376 277 212 52
Caracas1967_06.jpg 0x0
rect:401 69 393 316 7
rect:459 325 75 38 6
Caracas1967_07.jpg 0x0
rect:154 108 51 265 27
rect:367 264 165 212 34
rect:236 169 217 270 34
rect:518 290 135 117 53
rect:377 50 21 306 27
rect:494 6 73 240 34
rect:397 390 132 93 53
Caracas1967_08.jpg 0x0
rect:226 216 51 139 54
rect:347 265 66 131 54
rect:148 356 78 117 55
Caracas1967_09.jpg 0x0
rect:580 10 179 179 48
rect:119 201 116 96 48
rect:81 260 42 64 48
rect:33 168 45 42 48
Caracas1967_10.jpg 0x0
rect:300 194 95 163 40
rect:499 242 60 164 40
rect:23 202 574 436 48
rect:49 168 221 406 41
Caracas1967_11.jpg 0x0
rect:64 13 515 641 48
rect:311 14 123 335 41
rect:45 317 331 597 41
Caracas1967_12.jpg 0x0
rect:492 252 38 42 34
rect:581 236 21 61 32
rect:751 419 20 41 32
rect:307 318 28 48 56
Caracas1967_13.jpg 0x0
rect:124 471 169 198 55
Caracas1967_14.jpg 0x0
rect:133 236 189 43 6
rect:97 95 472 196 57
Chichi1999_01.jpg 0x0
rect:280 164 44 154 42
rect:4 8 663 180 58
Chichi1999_02.jpg 0x0
rect:6 69 351 168 58
rect:416 78 197 329 59
Chichi1999_03.jpg 0x0
rect:0 158 648 228 58
rect:78 133 64 110 60
Chichi1999_04.jpg 0x0
rect:190 163 93 400 48
rect:188 297 24 64 52
rect:213 -16 43 140 48
Chichi1999_05.jpg 0x0
rect:484 131 67 53 41
rect:380 117 95 245 48
rect:484 181 29 57 52
rect:403 239 25 25 41
Chichi1999_06.jpg 0x0
rect:660 225 42 44 41
rect:348 171 52 118 48
rect:245 88 70 87 62
rect:655 -13 109 69 61
rect:129 14 522 242 10
rect:322 244 22 29 52
Chichi1999_07.jpg 0x0
rect:44 220 695 113 63
rect:108 188 53 176 48
rect:425 181 17 22 64
rect:389 242 55 164 48
rect:744 307 45 88 48
rect:174 144 22 60 64
rect:448 162 28 31 64
Chichi1999_08.jpg 0x0
rect:91 14 473 429 10
Chichi1999_09.jpg 0x0
rect:249 85 31 78 40
rect:164 90 121 99 41
rect:293 71 50 96 40
rect:275 59 253 130 48
Chichi1999_10.jpg 0x0
rect:177 24 394 464 10
Chichi1999_11.jpg 0x0
rect:194 279 85 122 65
rect:2 159 132 446 10
Chichi1999_12.jpg 0x0
rect:11 27 437 716 66
Chichi1999_13.jpg 0x0
rect:29 43 724 320 10
Chichi1999_14.jpg 0x0
rect:155 357 48 73 67
rect:296 272 25 43 67
rect:71 292 42 43 67
rect:262 432 72 61 67
rect:112 495 32 50 67
rect:70 453 48 43 67
rect:103 544 26 46 67
rect:278 467 24 20 39
rect:213 237 41 48 67
rect:373 337 30 45 39
rect:180 389 24 55 67
rect:344 315 28 33 39
rect:127 269 46 73 67
rect:170 224 96 48 67
rect:295 418 45 61 67
rect:203 482 18 39 39
rect:123 570 21 34 67
Chichi1999_15.jpg 0x0
rect:259 34 240 391 41
Chichi1999_16.jpg 0x0
rect:187 156 88 181 32
Chichi1999_17.jpg 0x0
rect:104 359 32 46 32
Chichi1999_18.jpg 0x0
rect:210 230 26 158 69
rect:239 222 27 156 69
rect:330 318 59 141 70
rect:373 330 32 101 69
rect:215 307 47 88 69
rect:216 180 116 598 68
Chichi1999_19.jpg 0x0
rect:235 119 140 205 3
rect:205 25 314 303 2
YogyakartaInd2006_03.jpg 0x0
rect:431 88 109 59 15
rect:200 307 346 146 71
rect:295 540 194 27 15
rect:317 79 95 35 16
rect:311 446 67 22 16
rect:293 203 25 7 16
rect:203 148 85 33 15
rect:268 23 126 2 15
Chichi1999_20.jpg 0x0
rect:122 210 127 275 42
rect:270 280 39 196 41
Chichi1999_21.jpg 0x0
rect:23 4 175 183 30
rect:143 311 210 126 37
rect:204 88 189 239 72
rect:273 42 245 174 37
rect:86 324 125 108 5
rect:518 109 150 110 6
rect:424 7 113 133 57
rect:273 399 66 92 6
Chichi1999_22.jpg 0x0
rect:234 207 323 200 10
rect:298 243 12 25 73
rect:460 297 14 17 73
rect:186 165 17 16 73
Chichi1999_23.jpg 0x0
rect:138 125 48 39 73
rect:200 330 77 93 73
rect:340 257 46 75 34
rect:347 169 34 28 26
rect:128 121 21 34 34
rect:228 233 31 59 73
rect:101 302 37 64 34
rect:110 321 59 126 73
rect:325 137 26 30 27
rect:4 69 493 216 74
Chichi1999_24.jpg 0x0
rect:441 262 1 2 46
rect:159 148 44 62 46
rect:134 285 67 66 34
rect:171 205 161 76 75
rect:3 344 231 251 74
Chichi1999_25.jpg 0x0
rect:178 213 153 372 73
rect:196 305 50 79 26
rect:185 231 128 278 34
Chichi1999_26.jpg 0x0
rect:151 459 144 129 27
rect:100 381 134 175 73
rect:202 18 40 28 73
rect:163 493 82 93 26
rect:148 172 53 117 73
rect:176 273 132 422 76
Chichi1999_27.jpg 0x0
rect:216 297 105 396 32
Chichi1999_28.jpg 0x0
rect:358 181 268 87 77
rect:184 135 158 258 5
rect:331 93 164 189 75
rect:15 49 379 121 6
Chichi1999_29.jpg 0x0
rect:241 284 77 144 52
rect:237 255 135 120 40
rect:156 261 136 239 48
Chichi1999_30.jpg 0x0
rect:192 81 281 299 40
rect:274 99 184 81 52
rect:35 275 87 214 73
rect:215 203 205 49 78
Chichi1999_31.jpg 0x0
rect:189 70 128 253 79
rect:704 119 60 242 48
Chichi1999_32.jpg 0x0
rect:179 8 95 323 80
rect:447 99 42 152 39
rect:249 57 57 120 81
rect:140 267 36 167 81
Chichi1999_33.jpg 0x0
rect:132 87 106 305 32
rect:176 131 54 88 49
rect:75 48 155 447 33
rect:265 125 44 101 49
rect:209 132 78 187 56
rect:286 77 123 304 32
Chichi1999_34.jpg 0x0
rect:125 90 401 507 10
Duzce1999_01.jpg 0x0
rect:138 142 139 129 41
rect:171 69 138 367 39
Duzce1999_02.jpg 0x0
rect:107 58 105 445 41
Duzce1999_03.jpg 0x0
rect:86 115 123 217 42
rect:255 153 102 212 31
rect:0 176 95 260 31
Gediz1970_01.jpg 0x0
rect:313 331 94 200 69
rect:93 347 112 241 69
rect:92 116 305 427 68
Guatemala1976_01.jpg 0x0
rect:54 246 59 59 52
rect:24 162 600 177 82
rect:431 202 46 86 41
rect:39 207 84 126 48
rect:374 106 135 167 48
rect:74 223 61 55 41
Guatemala1976_02.jpg 0x0
rect:194 95 224 201 48
rect:199 86 110 76 40
Guatemala1976_03.jpg 0x0
rect:20 101 586 234 75
Guatemala1976_04.jpg 0x0
rect:443 308 92 284 4
rect:137 23 287 79 30
rect:32 97 603 277 30
rect:419 186 151 385 4
Guatemala1976_05.jpg 0x0
rect:139 64 327 396 48
rect:205 175 367 133 41
rect:125 148 304 218 40
Guatemala1976_06.jpg 0x0
rect:122 92 198 319 39
Guatemala1976_07.jpg 0x0
rect:243 457 167 97 83
rect:25 332 72 71 6
rect:26 171 322 281 10
Guatemala1976_08.jpg 0x0
rect:379 55 130 237 40
rect:134 33 484 316 48
rect:223 52 336 403 41
Guatemala1976_09.jpg 0x0
rect:362 361 78 34 85
rect:241 364 41 34 84
rect:834 307 45 63 84
rect:260 297 64 72 84
rect:120 323 46 25 85
rect:532 361 74 50 85
rect:198 262 70 42 85
rect:68 210 38 28 84
Guatemala1976_10.jpg 0x0
rect:229 130 254 155 87
rect:248 164 276 190 86
rect:232 462 27 154 87
Guatemala1976_11.jpg 0x0
rect:192 202 110 293 34
GujaratIndia2001_01.jpg 0x0
rect:231 451 55 43 11
rect:181 518 161 98 2
rect:27 430 145 142 4
rect:59 494 56 35 2
Haiti2010_01.jpg 0x0
rect:99 53 90 92 7
rect:341 278 20 170 40
rect:442 411 181 178 4
rect:264 154 120 373 41
rect:463 268 120 124 4
Haiti2010_02.jpg 0x0
rect:55 93 408 205 88
rect:295 34 216 36 14
Haiti2010_03.jpg 0x0
rect:231 656 71 62 49
rect:320 612 250 198 89
rect:293 405 251 169 32
rect:266 1 80 653 32
Haiti2010_04.jpg 0x0
rect:2 119 316 107 6
rect:162 35 159 293 34
rect:185 378 398 480 41
Haiti2010_05.jpg 0x0
rect:413 237 31 71 40
rect:294 206 141 99 52
rect:328 154 229 451 90
rect:218 305 34 108 40
Haiti2010_06.jpg 0x0
rect:401 138 252 377 33
rect:524 253 94 40 6
rect:167 203 234 370 91
rect:478 238 91 194 32
rect:176 339 50 63 34
rect:563 118 441 893 91
rect:622 218 83 64 34
ImperialValley1979_01.jpg 0x0
rect:605 228 21 19 49
rect:509 262 21 29 50
rect:370 216 45 72 50
rect:59 233 104 107 50
rect:11 227 115 163 32
rect:568 377 41 26 32
rect:13 281 80 72 49
rect:503 302 45 27 32
rect:412 305 38 18 49
rect:455 335 22 15 49
rect:318 273 46 51 32
ImperialValley1979_02.jpg 0x0
rect:178 118 238 321 32
rect:254 225 43 119 50
rect:176 156 100 62 49
rect:192 107 99 162 50
rect:259 128 92 175 50
rect:228 226 378 58 92
ImperialValley1979_03.jpg 0x0
rect:266 337 103 147 50
rect:80 474 334 45 92
rect:202 206 255 143 32
rect:121 205 89 206 50
rect:148 301 266 187 32
rect:331 310 64 217 50
rect:92 454 289 43 92
Izmit1999_01.jpg 0x0
rect:144 58 280 322 34
rect:317 142 42 105 27
rect:202 117 62 163 27
rect:443 313 64 88 26
rect:186 218 44 102 27
Izmit1999_02.jpg 0x0
rect:24 154 489 191 10
Izmit1999_03.jpg 0x0
rect:149 30 291 258 93
rect:518 61 63 354 50
rect:207 113 39 151 50
rect:118 222 330 29 92
rect:183 65 69 227 50
rect:469 114 40 200 50
rect:458 115 55 292 50
rect:304 81 269 353 32
Izmit1999_04.jpg 0x0
rect:299 460 19 53 40
rect:249 306 110 82 41
rect:420 50 77 98 48
rect:253 316 14 45 40
rect:67 400 28 71 42
rect:62 535 53 76 41
rect:331 110 108 80 41
rect:175 333 105 77 88
rect:44 406 77 64 34
rect:101 567 282 120 88
Izmit1999_05.jpg 0x0
rect:111 21 456 328 10
Izmit1999_06.jpg 0x0
rect:120 191 153 302 32
rect:117 231 79 248 50
rect:290 173 51 183 50
rect:220 313 44 198 50
rect:194 291 121 80 49
rect:140 247 102 221 50
Izmit1999_07.jpg 0x0
rect:258 183 29 78 3
rect:269 146 79 93 3
rect:195 171 54 114 3
rect:413 401 101 475 4
rect:418 54 104 49 6
rect:17 147 509 659 2
rect:186 352 48 146 3
Izmit1999_08.jpg 0x0
rect:187 33 108 109 34
rect:444 6 70 92 45
rect:142 156 107 80 41
rect:148 285 101 83 45
rect:677 100 51 53 41
rect:377 90 69 38 52
rect:267 230 190 133 88
Izmit1999_09.jpg 0x0
rect:449 298 69 82 41
rect:361 192 56 27 41
rect:58 175 41 45 41
rect:382 261 113 103 41
rect:280 266 92 128 94
rect:654 177 74 78 94
Izmit1999_10.jpg 0x0
rect:273 107 88 142 40
rect:94 103 241 527 41
rect:285 354 51 62 40
rect:238 396 53 38 78
rect:44 211 437 48 78
rect:58 159 75 152 40
rect:115 252 265 69 78
rect:168 224 92 326 40
rect:179 119 70 115 40
rect:274 528 95 112 40
rect:230 418 155 38 78
Izmit1999_11.jpg 0x0
rect:148 211 106 146 41
rect:328 255 57 174 40
rect:126 377 73 162 40
rect:286 181 90 125 40
rect:257 589 93 163 41
Izmit1999_12.jpg 0x0
rect:82 329 21 56 40
rect:385 152 57 70 7
rect:257 148 46 62 45
rect:154 296 76 61 88
rect:37 282 52 69 94
rect:346 359 81 116 94
rect:252 166 35 37 6
rect:343 184 42 115 42
rect:396 73 46 69 41
rect:379 379 72 104 41
rect:526 162 159 203 91
rect:16 87 56 24 6
rect:1 244 37 39 41
rect:241 405 54 142 52
rect:95 86 36 27 6
rect:337 23 60 62 34
rect:431 188 66 79 41
rect:46 268 54 45 52
Izmit1999_13.jpg 0x0
rect:302 89 61 132 41
rect:220 76 177 255 48
rect:79 153 57 46 6
rect:145 298 54 92 41
rect:155 209 79 145 94
rect:156 222 82 77 52
rect:488 130 108 172 41
rect:155 323 40 124 41
rect:6 101 123 127 42
Izmit1999_14.jpg 0x0
rect:308 176 98 102 35
rect:422 223 52 40 34
rect:333 7 136 66 35
rect:263 343 45 30 34
rect:476 42 69 44 95
rect:408 276 35 21 34
rect:68 181 92 64 34
rect:503 393 62 45 34
rect:379 73 105 67 34
Izmit1999_15.jpg 0x0
rect:119 172 204 312 42
Izmit1999_16.jpg 0x0
rect:160 86 54 96 40
rect:102 56 498 446 33
rect:166 70 278 329 39
rect:174 140 172 156 41
Izmit1999_17.jpg 0x0
rect:137 114 193 340 41
Izmit1999_18.jpg 0x0
rect:171 212 89 152 41
rect:149 152 126 339 39
Izmit1999_19.jpg 0x0
rect:288 106 242 313 32
rect:493 150 28 66 50
rect:331 191 23 98 50
rect:213 97 240 244 96
Kobe1995_01.jpg 0x0
rect:31 142 1035 152 63
Kobe1995_02.jpg 0x0
rect:2 50 606 608 68
Kobe1995_03.jpg 0x0
rect:47 68 422 674 10
Kobe1995_04.jpg 0x0
rect:251 305 55 43 41
Kobe1995_05.jpg 0x0
rect:98 153 268 704 52
rect:368 168 157 524 40
rect:4 188 127 451 40
rect:32 319 518 76 78
rect:110 727 346 121 78
Kobe1995_06.jpg 0x0
rect:165 417 322 291 42
rect:37 162 446 479 41
Kobe1995_07.jpg 0x0
rect:266 187 23 57 39
rect:157 93 34 32 39
rect:103 243 34 36 39
rect:299 204 43 31 39
rect:245 260 38 20 39
rect:228 196 41 49 39
rect:223 81 21 28 39
rect:153 126 39 52 39
rect:282 423 33 42 39
rect:241 209 34 31 39
rect:365 291 29 29 39
rect:416 108 43 54 39
rect:462 462 37 40 39
rect:402 239 46 52 39
rect:136 252 43 38 39
rect:138 301 29 29 39
rect:384 386 31 60 39
rect:405 307 38 48 39
rect:397 396 34 39 39
rect:65 293 45 38 39
rect:198 176 46 47 39
rect:268 384 49 36 39
rect:286 165 30 40 39
rect:532 102 50 24 39
rect:36 297 37 29 39
rect:220 221 32 29 39
Kobe1995_08.jpg 0x0
rect:204 76 368 154 97
Kobe1995_09.jpg 0x0
rect:155 568 186 81 97
rect:68 455 71 48 88
rect:90 528 86 61 88
rect:93 512 72 70 88
SanSalvador_1986_01.jpg 0x0
rect:65 3 102 262 68
rect:287 154 84 179 41
SanSalvador_1986_02.jpg 0x0
rect:384 232 28 47 41
rect:492 327 54 50 41
rect:215 181 25 23 41
rect:216 377 37 39 41
rect:329 96 17 25 41
rect:361 193 26 28 41
rect:189 180 29 31 41
rect:672 131 30 50 42
rect:393 147 42 52 41
SikkimIndia2001_01.jpg 0x0
rect:219 184 89 168 34
SikkimIndia2001_02.jpg 0x0
rect:230 64 137 306 33
rect:338 242 88 44 16
rect:462 84 116 40 16
rect:8 7 417 56 16
rect:11 178 53 53 54
rect:329 117 120 160 33
rect:-16 2 327 97 33
rect:480 227 103 17 16
SikkimIndia2001_03.jpg 0x0
rect:223 111 85 175 69
rect:240 180 74 160 70
rect:202 11 181 344 98
SikkimIndia2001_04.jpg 0x0
rect:433 194 254 109 99
rect:3 33 203 226 99
rect:212 175 81 160 34
SumatraInd2009_01.jpg 0x0
rect:239 22 73 297 81
SumatraInd2009_02.jpg 0x0
rect:158 63 150 206 41
WhittierNarrows1987_01.jpg 0x0
rect:13 39 926 398 10
WhittierNarrows1987_02.jpg 0x0
rect:156 237 101 203 41
WhittierNarrows1987_03.jpg 0x0
rect:290 89 114 197 32
WhittierNarrows1987_04.jpg 0x0
rect:299 52 130 193 41
rect:343 12 244 162 100
rect:196 8 228 82 6
YogyakartaInd2006_01.jpg 0x0
rect:311 28 265 284 32
rect:141 -23 336 523 29
rect:230 184 387 70 49
YogyakartaInd2006_02.jpg 0x0
rect:386 98 69 154 69
rect:396 49 145 503 98
rect:477 99 94 153 70
