Anchorage1964_01.jpg 0x0
rect:58 409 256 290 1
rect:123 6 264 198 1
Anchorage1964_02.jpg 0x0
rect:147 184 68 20 6
rect:566 198 19 37 3
rect:75 32 112 16 6
rect:508 262 27 42 3
rect:334 34 326 65 4
rect:251 189 25 47 3
rect:272 74 96 68 4
rect:364 327 19 77 3
rect:178 237 355 83 2
rect:367 249 19 69 3
rect:392 258 117 56 4
rect:118 200 17 16 6
rect:357 330 19 39 3
rect:135 113 58 65 7
rect:37 23 202 55 5
rect:23 264 184 32 5
rect:520 63 147 114 8
rect:284 365 32 67 3
rect:244 344 27 89 3
Anchorage1964_03.jpg 0x0
rect:2 156 261 70 9
rect:293 86 329 232 9
rect:0 220 534 65 10
Anchorage1964_04.jpg 0x0
rect:231 275 26 34 1
rect:332 187 32 18 5
rect:113 23 29 21 5
rect:256 92 16 26 1
rect:284 163 33 21 5
rect:278 399 18 21 5
rect:328 243 17 33 1
rect:352 278 23 33 1
rect:250 259 16 24 1
rect:229 148 10 32 1
rect:359 305 38 20 5
rect:357 59 39 21 5
rect:250 417 13 18 1
rect:176 345 47 14 2
rect:211 468 26 15 5
rect:191 144 14 22 1
rect:230 553 17 34 1
rect:135 413 32 24 5
rect:179 337 32 12 5
rect:244 126 24 14 5
rect:253 479 26 21 5
rect:284 270 32 21 5
rect:205 338 23 25 1
rect:208 230 35 22 5
rect:350 29 33 20 5
rect:204 375 8 1 1
rect:320 342 16 21 1
rect:140 65 41 14 5
rect:297 248 19 21 8
rect:392 420 39 18 5
rect:363 84 36 13 5
rect:211 115 28 19 5
rect:200 211 30 13 5
rect:148 328 32 15 5
rect:211 121 36 22 5
rect:347 250 19 21 5
rect:356 350 42 20 5
rect:196 337 40 23 5
rect:136 62 27 17 5
Anchorage1964_05.jpg 0x0
rect:494 108 31 57 1
rect:549 276 47 66 1
rect:76 294 15 56 1
rect:505 211 49 29 5
rect:610 217 53 74 1
rect:385 497 54 66 8
rect:201 126 139 20 5
rect:35 308 28 53 1
rect:807 323 48 26 6
rect:66 139 14 33 1
rect:54 65 26 54 1
rect:118 21 27 49 1
rect:225 44 99 57 6
rect:367 1 36 39 1
rect:308 300 53 71 8
rect:147 61 98 35 5
rect:346 173 43 25 11
rect:124 107 161 34 6
rect:57 300 16 32 1
rect:60 396 27 63 1
rect:228 178 29 21 11
rect:517 23 40 56 1
rect:591 441 61 25 5
rect:781 317 54 13 6
rect:126 124 18 53 1
rect:368 99 40 56 1
rect:528 187 29 49 1
rect:112 171 17 62 1
rect:218 196 116 72 2
Anchorage1964_06.jpg 0x0
rect:222 317 52 104 11
rect:119 100 288 435 12
rect:181 116 109 367 3
Anchorage1964_07.jpg 0x0
rect:256 149 142 100 11
rect:233 2 102 53 2
rect:20 163 305 42 11
rect:309 169 61 90 3
rect:413 168 38 136 13
rect:8 84 852 445 2
rect:6 251 409 33 14
rect:385 162 97 63 11
rect:250 335 459 180 2
Anchorage1964_08.jpg 0x0
rect:323 28 135 139 1
rect:224 302 137 143 1
rect:258 636 120 107 1
rect:34 696 99 163 1
rect:56 388 104 109 1
rect:59 63 123 125 1
Anchorage1964_09.jpg 0x0
rect:522 86 118 30 15
rect:17 13 64 12 16
rect:98 291 83 69 8
rect:535 35 91 61 8
rect:521 6 370 11 15
rect:17 168 21 7 16
rect:800 10 103 13 16
rect:10 132 108 24 15
rect:550 97 170 19 15
rect:125 218 54 72 1
rect:326 179 79 90 1
rect:183 157 377 10 15
rect:671 188 95 61 1
rect:722 307 76 85 8
rect:95 42 83 62 8
rect:746 160 1 1 16
rect:11 15 477 17 15
rect:62 137 64 10 16
rect:315 141 67 74 1
Anchorage1964_10.jpg 0x0
rect:265 340 95 155 17
rect:53 323 351 160 18
rect:206 175 203 75 18
rect:81 199 310 258 1
Anchorage1964_11.jpg 0x0
rect:602 110 171 79 1
rect:110 449 558 18 14
rect:385 7 133 33 1
rect:139 139 572 81 2
rect:253 235 257 29 11
rect:93 70 168 144 4
rect:182 207 307 26 15
rect:77 440 500 12 14
Anchorage1964_12.jpg 0x0
rect:404 64 56 191 3
rect:551 88 49 196 3
rect:15 57 692 221 2
rect:172 138 29 91 3
rect:383 66 197 145 11
Anchorage1964_13.jpg 0x0
rect:265 643 180 22 2
rect:408 444 28 169 20
rect:407 531 156 10 19
Anchorage1964_14.jpg 0x0
rect:8 467 153 84 11
rect:192 252 83 65 21
rect:397 6 91 150 11
rect:182 11 97 510 20
rect:77 234 152 43 15
rect:22 546 22 63 22
rect:111 418 31 55 22
rect:52 509 38 90 22
rect:373 181 139 71 15
rect:330 488 179 76 23
rect:201 10 69 278 11
rect:95 530 49 66 22
Anchorage1964_15.jpg 0x0
rect:191 173 125 44 15
rect:302 325 85 31 24
rect:399 191 111 47 11
rect:248 91 77 452 20
rect:161 135 36 67 11
rect:275 496 241 55 2
rect:433 7 101 81 4
rect:315 8 59 64 4
rect:300 119 49 63 25
Anchorage1964_16.jpg 0x0
rect:18 128 148 245 2
rect:63 365 60 100 11
rect:13 432 82 87 2
rect:427 227 164 145 2
rect:217 71 326 118 2
rect:268 243 352 144 11
Anchorage1964_17.jpg 0x0
rect:15 145 275 142 9
rect:193 47 161 233 9
rect:11 262 726 270 10
Anchorage1964_18.jpg 0x0
rect:845 387 57 18 2
rect:294 122 82 79 4
rect:351 301 27 20 2
rect:149 146 63 79 4
rect:364 227 331 34 15
rect:183 244 95 47 11
rect:378 310 46 60 11
rect:462 177 139 121 4
rect:269 242 95 20 2
rect:120 220 18 52 11
Anchorage1964_19.jpg 0x0
rect:321 321 18 44 26
rect:811 210 8 15 26
rect:251 62 76 112 29
rect:445 170 17 46 26
rect:322 299 39 98 26
rect:367 147 37 35 26
rect:27 223 33 124 27
rect:722 154 8 7 26
rect:557 156 58 35 28
rect:268 73 38 51 26
rect:324 121 46 75 29
rect:431 160 16 36 26
rect:500 183 6 12 26
rect:500 209 8 31 26
rect:6 303 53 175 26
rect:391 80 31 33 27
rect:632 299 25 46 28
rect:421 103 25 45 29
Anchorage1964_20.jpg 0x0
rect:206 65 76 53 26
rect:522 500 48 78 26
rect:192 70 150 112 29
rect:157 371 80 116 26
rect:215 135 65 48 27
Anchorage1964_21.jpg 0x0
rect:180 177 654 208 30
rect:2 96 40 33 26
rect:-6 50 85 190 29
rect:60 344 35 35 26
Bingol2003_01.jpg 0x0
rect:258 300 98 123 6
rect:934 574 95 37 33
rect:522 342 218 119 31
rect:484 160 36 95 34
rect:692 194 74 62 33
rect:367 215 34 48 6
rect:204 119 89 20 6
rect:206 239 70 82 33
rect:380 311 54 152 32
rect:525 448 53 62 34
rect:216 210 77 71 33
rect:692 111 194 190 31
rect:450 91 119 72 6
rect:400 89 67 54 6
rect:34 233 71 83 33
rect:594 318 82 66 6
rect:2 348 732 242 10
rect:630 364 67 60 33
rect:418 546 153 61 6
Bingol2003_02.jpg 0x0
rect:174 99 351 196 34
rect:271 232 539 642 31
rect:317 356 94 86 6
rect:410 343 104 120 26
rect:390 230 545 140 35
rect:857 79 139 97 36
rect:131 336 86 325 32
rect:94 631 207 201 32
Bingol2003_03.jpg 0x0
rect:426 144 301 219 2
rect:98 23 149 31 2
rect:744 220 338 592 4
rect:853 -6 238 253 4
rect:87 34 153 155 33
rect:576 153 286 90 11
rect:774 479 238 308 2
Bingol2003_04.jpg 0x0
rect:134 571 41 88 3
rect:54 653 104 104 2
rect:241 442 33 125 3
rect:302 302 189 237 4
rect:107 696 27 54 3
rect:114 376 295 187 2
rect:400 625 80 105 2
rect:235 590 32 69 3
CanterburyNZSeries2010_01.jpg 0x0
rect:122 130 160 271 12
CanterburyNZSeries2010_02.jpg 0x0
rect:37 34 134 168 6
rect:52 7 240 311 37
CanterburyNZSeries2010_03.jpg 0x0
rect:48 96 282 176 38
CanterburyNZSeries2010_04.jpg 0x0
rect:199 234 241 307 39
rect:222 285 21 88 40
rect:208 524 74 270 41
rect:248 430 34 120 40
rect:271 441 42 163 40
rect:429 423 24 64 40
rect:430 391 19 56 40
rect:265 11 96 218 42
CanterburyNZSeries2010_05.jpg 0x0
rect:308 265 158 102 15
rect:313 380 159 312 4
CanterburyNZSeries2010_06.jpg 0x0
rect:176 224 211 82 2
rect:70 153 935 781 4
CanterburyNZSeries2010_08.jpg 0x0
rect:437 156 147 337 43
rect:936 689 82 178 44
rect:885 323 120 166 44
rect:668 639 33 123 32
CanterburyNZSeries2010_09.jpg 0x0
rect:230 154 214 189 45
rect:301 414 209 478 39
CanterburyNZSeries2010_10.jpg 0x0
rect:344 338 185 92 46
rect:168 214 432 231 6
rect:212 414 212 94 6
rect:230 172 315 81 7
CanterburyNZSeries2010_11.jpg 0x0
rect:341 206 332 133 7
rect:224 274 231 226 5
CanterburyNZSeries2010_12.jpg 0x0
rect:60 261 935 281 2
rect:5 249 648 405 47
rect:607 521 129 76 11
rect:204 431 166 53 11
CanterburyNZSeries2010_13.jpg 0x0
rect:122 19 321 967 12
rect:365 146 106 558 11
Caracas1967_01.jpg 0x0
rect:415 143 48 122 48
rect:374 181 9 65 48
rect:400 152 85 128 48
rect:539 81 178 248 48
Caracas1967_02.jpg 0x0
rect:168 165 171 328 51
rect:167 314 42 54 49
rect:138 303 49 27 50
rect:192 1 94 120 15
Caracas1967_03.jpg 0x0
rect:252 339 24 144 27
rect:277 412 102 115 34
rect:257 328 35 75 27
rect:233 65 90 70 14
rect:204 485 70 59 26
rect:15 428 206 85 6
Caracas1967_04.jpg 0x0
rect:133 266 139 129 34
rect:107 359 46 135 26
rect:130 423 24 124 27
Caracas1967_05.jpg 0x0
rect:207 398 44 187 40
rect:35 95 441 629 41
rect:50 288 171 136 52
rect:332 151 45 289 40
rect:36 109 277 462 48
rect:244 354 47 163 40
rect:292 267 39 192 40
rect:210 183 106 199 52
rect:139 422 50 230 40
rect:65 394 88 216 40
Caracas1967_06.jpg 0x0
rect:264 113 385 188 7
rect:438 253 82 62 6
Caracas1967_07.jpg 0x0
rect:283 46 36 253 27
rect:213 122 117 161 34
rect:299 217 151 196 34
rect:527 474 83 79 53
rect:353 215 76 100 53
rect:325 8 68 204 34
rect:249 117 33 245 27
Caracas1967_08.jpg 0x0
rect:327 207 62 131 54
rect:161 227 52 87 55
rect:255 212 61 114 54
Caracas1967_09.jpg 0x0
rect:321 12 182 175 48
rect:25 189 67 45 48
rect:136 175 92 82 48
rect:84 254 58 75 48
Caracas1967_10.jpg 0x0
rect:20 173 520 298 48
rect:472 370 93 192 40
rect:40 176 311 306 41
rect:385 222 90 148 40
Caracas1967_11.jpg 0x0
rect:311 15 205 220 41
rect:61 14 292 642 48
rect:59 177 315 576 41
Caracas1967_12.jpg 0x0
rect:472 177 38 56 34
rect:828 347 30 65 32
rect:849 260 30 54 32
rect:284 258 29 56 56
Caracas1967_13.jpg 0x0
rect:128 510 157 313 55
Caracas1967_14.jpg 0x0
rect:185 304 363 31 6
rect:123 142 781 241 57
Chichi1999_01.jpg 0x0
rect:4 8 763 133 58
rect:470 184 59 215 42
Chichi1999_02.jpg 0x0
rect:6 122 348 145 58
rect:399 132 137 432 59
Chichi1999_03.jpg 0x0
rect:75 147 68 89 60
rect:0 158 924 229 58
Chichi1999_04.jpg 0x0
rect:232 266 99 368 48
rect:189 283 27 58 52
rect:169 -15 60 110 48
Chichi1999_05.jpg 0x0
rect:474 141 85 263 48
rect:273 203 42 72 52
rect:494 357 37 35 41
rect:362 135 39 39 41
Chichi1999_06.jpg 0x0
rect:134 13 412 132 10
rect:341 268 19 22 52
rect:403 146 40 86 62
rect:358 189 50 93 48
rect:470 152 39 74 41
rect:464 -12 60 51 61
Chichi1999_07.jpg 0x0
rect:366 218 43 159 48
rect:743 292 21 24 64
rect:418 284 39 43 64
rect:180 175 62 201 48
rect:153 191 31 48 64
rect:641 258 33 124 48
rect:74 257 540 135 63
Chichi1999_08.jpg 0x0
rect:74 13 458 500 10
Chichi1999_09.jpg 0x0
rect:230 99 36 67 40
rect:187 74 231 221 48
rect:302 107 30 72 40
rect:304 70 122 111 41
Chichi1999_10.jpg 0x0
rect:138 21 545 452 10
Chichi1999_11.jpg 0x0
rect:173 207 129 116 65
rect:2 178 203 543 10
Chichi1999_12.jpg 0x0
rect:11 24 433 710 66
Chichi1999_13.jpg 0x0
rect:44 41 811 423 10
Chichi1999_14.jpg 0x0
rect:73 419 54 63 67
rect:83 424 81 62 67
rect:309 546 31 35 39
rect:395 313 48 49 67
rect:109 155 107 65 67
rect:228 407 24 44 67
rect:154 406 20 36 67
rect:169 552 33 37 67
rect:375 491 26 23 39
rect:83 482 43 42 67
rect:319 582 39 42 39
rect:117 358 47 73 67
rect:118 215 38 47 67
rect:231 362 31 56 67
rect:199 219 20 39 67
rect:387 203 30 50 39
rect:333 598 98 75 67
Chichi1999_15.jpg 0x0
rect:320 23 308 314 41
Chichi1999_16.jpg 0x0
rect:216 163 88 166 32
Chichi1999_17.jpg 0x0
rect:139 256 25 54 32
Chichi1999_18.jpg 0x0
rect:219 239 38 106 69
rect:199 204 153 354 68
rect:178 192 37 121 69
rect:295 401 53 121 70
rect:172 249 33 121 69
rect:269 413 33 109 69
Chichi1999_19.jpg 0x0
rect:179 81 187 337 3
rect:266 23 207 382 2
YogyakartaInd2006_03.jpg 0x0
rect:309 195 64 33 15
rect:301 380 57 26 16
rect:248 319 301 189 71
rect:271 181 22 5 16
rect:438 104 60 48 16
rect:249 22 80 2 15
rect:336 61 172 48 15
rect:179 529 251 23 15
Chichi1999_20.jpg 0x0
rect:179 234 84 437 42
rect:337 450 45 189 41
Chichi1999_21.jpg 0x0
rect:252 269 140 184 37
rect:455 7 96 125 57
rect:64 287 130 137 5
rect:214 112 288 340 72
rect:301 239 95 130 6
rect:517 147 145 107 6
rect:307 44 231 203 37
rect:14 4 209 104 30
Chichi1999_22.jpg 0x0
rect:170 252 15 18 73
rect:282 290 19 25 73
rect:209 194 208 193 10
rect:338 259 16 20 73
Chichi1999_23.jpg 0x0
rect:188 156 31 35 34
rect:371 185 24 24 27
rect:110 248 36 103 34
rect:4 69 358 179 74
rect:216 202 56 70 73
rect:313 223 26 21 26
rect:89 423 40 123 73
rect:209 250 64 71 73
rect:360 282 30 55 34
rect:128 113 76 57 73
Chichi1999_24.jpg 0x0
rect:439 385 1 2 46
rect:180 356 78 37 34
rect:195 183 147 84 75
rect:245 149 40 59 46
rect:3 359 368 222 74
Chichi1999_25.jpg 0x0
rect:144 237 32 50 26
rect:171 301 118 229 34
rect:129 153 134 218 73
Chichi1999_26.jpg 0x0
rect:179 261 124 347 76
rect:125 613 125 130 73
rect:269 19 47 34 73
rect:135 507 94 91 26
rect:222 199 70 112 73
rect:108 712 125 124 27
Chichi1999_27.jpg 0x0
rect:212 224 94 263 32
Chichi1999_28.jpg 0x0
rect:294 215 194 152 77
rect:118 101 167 207 5
rect:22 82 289 114 6
rect:335 173 147 293 75
Chichi1999_29.jpg 0x0
rect:244 227 56 214 52
rect:230 240 112 221 40
rect:145 254 137 351 48
Chichi1999_30.jpg 0x0
rect:150 264 160 74 78
rect:155 131 250 225 40
rect:34 315 89 167 73
rect:269 156 245 91 52
Chichi1999_31.jpg 0x0
rect:136 112 94 224 79
rect:513 136 51 177 48
Chichi1999_32.jpg 0x0
rect:201 7 86 309 80
rect:226 150 30 114 81
rect:232 74 37 156 81
rect:515 145 57 134 39
Chichi1999_33.jpg 0x0
rect:123 148 63 241 32
rect:125 184 43 137 49
rect:266 80 129 255 32
rect:71 66 111 397 33
rect:314 92 133 176 56
rect:309 110 49 109 49
Chichi1999_34.jpg 0x0
rect:119 112 404 495 10
Duzce1999_01.jpg 0x0
rect:112 48 126 323 39
rect:117 142 87 104 41
Duzce1999_02.jpg 0x0
rect:110 68 156 352 41
Duzce1999_03.jpg 0x0
rect:176 100 127 267 31
rect:96 107 86 304 42
rect:0 148 131 285 31
Gediz1970_01.jpg 0x0
rect:209 535 99 190 69
rect:110 80 317 399 68
rect:91 282 86 239 69
Guatemala1976_01.jpg 0x0
rect:668 204 70 59 41
rect:33 141 96 126 48
rect:60 144 64 55 52
rect:70 163 62 47 41
rect:22 142 747 170 82
rect:324 111 102 89 48
Guatemala1976_02.jpg 0x0
rect:172 84 215 222 48
rect:205 58 130 100 40
Guatemala1976_03.jpg 0x0
rect:22 86 588 327 75
Guatemala1976_04.jpg 0x0
rect:45 58 583 161 30
rect:535 332 126 264 4
rect:149 19 475 92 30
rect:566 197 153 374 4
Guatemala1976_05.jpg 0x0
rect:113 145 441 234 40
rect:174 129 313 148 41
rect:116 57 355 300 48
Guatemala1976_06.jpg 0x0
rect:155 130 191 566 39
Guatemala1976_07.jpg 0x0
rect:26 181 460 371 10
rect:185 410 152 64 83
rect:31 289 51 76 6
Guatemala1976_08.jpg 0x0
rect:214 51 458 341 41
rect:112 30 371 405 48
rect:384 56 221 275 40
Guatemala1976_09.jpg 0x0
rect:481 416 72 85 84
rect:171 320 30 31 84
rect:501 196 67 65 85
rect:398 265 74 75 84
rect:110 210 23 23 84
rect:71 283 25 24 85
rect:213 258 40 47 85
rect:392 214 51 33 85
Guatemala1976_10.jpg 0x0
rect:252 161 199 243 86
rect:414 307 39 116 87
rect:167 148 280 146 87
Guatemala1976_11.jpg 0x0
rect:227 167 130 153 34
GujaratIndia2001_01.jpg 0x0
rect:83 471 71 26 2
rect:352 478 72 60 11
rect:186 370 239 101 2
rect:22 346 232 185 4
Haiti2010_01.jpg 0x0
rect:224 164 125 382 41
rect:555 424 206 263 4
rect:328 198 21 109 40
rect:97 41 112 121 7
rect:495 212 135 81 4
Haiti2010_02.jpg 0x0
rect:65 78 538 178 88
rect:219 34 178 53 14
Haiti2010_03.jpg 0x0
rect:314 522 315 219 89
rect:258 373 72 85 49
rect:260 404 149 177 32
rect:388 1 77 468 32
Haiti2010_04.jpg 0x0
rect:2 168 193 191 6
rect:216 62 234 225 34
rect:162 310 385 680 41
Haiti2010_05.jpg 0x0
rect:302 226 187 87 52
rect:468 285 42 100 40
rect:245 200 35 95 40
rect:261 170 237 491 90
Haiti2010_06.jpg 0x0
rect:584 265 88 254 32
rect:231 248 51 56 34
rect:579 183 80 56 6
rect:570 214 82 120 34
rect:472 133 676 603 91
rect:419 153 186 287 33
rect:221 194 343 269 91
ImperialValley1979_01.jpg 0x0
rect:356 336 33 80 50
rect:350 335 29 42 32
rect:14 365 74 89 49
rect:405 264 34 36 32
rect:468 357 18 17 49
rect:302 283 56 46 32
rect:272 256 36 19 49
rect:388 358 29 45 50
rect:501 254 24 16 49
rect:57 255 78 142 50
rect:10 265 142 118 32
ImperialValley1979_02.jpg 0x0
rect:464 138 86 205 50
rect:205 79 187 241 32
rect:228 100 100 229 50
rect:151 143 310 64 92
rect:230 219 41 134 50
rect:307 164 92 42 49
ImperialValley1979_03.jpg 0x0
rect:191 252 217 141 32
rect:127 328 220 41 92
rect:80 345 101 174 50
rect:244 431 70 102 50
rect:114 312 227 244 32
rect:403 289 87 162 50
rect:113 419 282 40 92
Izmit1999_01.jpg 0x0
rect:284 102 60 179 27
rect:176 99 46 159 27
rect:175 75 268 408 34
rect:613 304 46 84 26
rect:230 268 33 118 27
Izmit1999_02.jpg 0x0
rect:25 124 936 279 10
Izmit1999_03.jpg 0x0
rect:418 100 39 262 50
rect:219 202 389 31 92
rect:157 109 56 265 50
rect:501 120 52 270 50
rect:182 168 37 165 50
rect:355 108 49 399 50
rect:188 53 334 282 93
rect:295 51 196 446 32
Izmit1999_04.jpg 0x0
rect:148 354 169 82 88
rect:57 500 28 94 42
rect:431 264 24 67 40
rect:375 70 64 72 41
rect:455 398 25 74 40
rect:61 491 71 60 34
rect:413 81 61 93 48
rect:76 567 260 94 88
rect:401 251 68 67 41
rect:67 341 51 80 41
Izmit1999_05.jpg 0x0
rect:112 33 515 520 10
Izmit1999_06.jpg 0x0
rect:148 187 254 522 32
rect:147 333 111 87 49
rect:157 276 51 196 50
rect:218 176 55 180 50
rect:114 317 68 199 50
rect:180 210 82 215 50
Izmit1999_07.jpg 0x0
rect:175 241 37 96 3
rect:424 233 81 371 4
rect:29 150 463 495 2
rect:283 248 39 128 3
rect:324 118 88 100 3
rect:297 48 107 61 6
rect:206 248 50 170 3
Izmit1999_08.jpg 0x0
rect:131 33 88 71 34
rect:108 92 58 57 41
rect:440 105 82 60 41
rect:520 114 57 31 52
rect:481 6 127 74 45
rect:219 254 205 79 88
rect:189 421 66 120 45
Izmit1999_09.jpg 0x0
rect:247 224 41 23 41
rect:36 269 48 70 41
rect:629 191 44 87 94
rect:426 267 82 92 94
rect:367 299 94 71 41
rect:548 230 44 86 41
Izmit1999_10.jpg 0x0
rect:356 480 71 26 78
rect:93 280 344 66 78
rect:265 619 70 100 40
rect:46 100 67 244 40
rect:101 160 76 294 40
rect:166 197 40 193 40
rect:298 130 129 110 40
rect:93 115 331 390 41
rect:226 279 122 34 78
rect:44 182 391 32 78
rect:248 402 58 111 40
Izmit1999_11.jpg 0x0
rect:162 266 78 161 40
rect:301 351 90 190 40
rect:212 171 97 209 40
rect:254 284 127 234 41
rect:260 356 155 124 41
Izmit1999_12.jpg 0x0
rect:98 334 23 39 40
rect:361 311 66 136 41
rect:402 95 50 64 41
rect:63 341 60 65 52
rect:348 191 54 131 42
rect:255 82 53 69 45
rect:378 226 42 60 41
rect:21 52 54 31 6
rect:384 190 52 38 7
rect:392 330 72 132 52
rect:492 182 185 150 91
rect:329 315 118 162 94
rect:303 26 110 74 34
rect:57 289 74 88 94
rect:186 254 95 65 88
rect:304 176 31 33 6
rect:107 93 29 27 6
rect:1 238 25 34 41
Izmit1999_13.jpg 0x0
rect:164 258 94 83 52
rect:5 66 101 213 42
rect:247 294 38 116 41
rect:184 299 22 73 41
rect:104 242 97 104 94
rect:451 119 111 294 41
rect:242 92 82 116 41
rect:230 61 215 445 48
rect:143 103 59 40 6
Izmit1999_14.jpg 0x0
rect:326 203 105 62 35
rect:277 9 143 54 35
rect:325 479 29 30 34
rect:573 320 73 45 34
rect:49 205 108 67 34
rect:275 324 58 26 34
rect:365 250 82 30 34
rect:325 48 52 77 95
rect:505 55 69 55 34
Izmit1999_15.jpg 0x0
rect:142 237 288 368 42
Izmit1999_16.jpg 0x0
rect:264 106 34 132 40
rect:105 53 515 404 33
rect:149 72 262 390 39
rect:158 91 193 151 41
Izmit1999_17.jpg 0x0
rect:109 154 227 271 41
Izmit1999_18.jpg 0x0
rect:150 186 104 117 41
rect:139 165 101 259 39
Izmit1999_19.jpg 0x0
rect:459 107 27 95 50
rect:309 100 214 306 96
rect:193 122 253 286 32
rect:386 121 20 52 50
Kobe1995_01.jpg 0x0
rect:24 117 1030 169 63
Kobe1995_02.jpg 0x0
rect:2 71 390 578 68
Kobe1995_03.jpg 0x0
rect:40 69 534 772 10
Kobe1995_04.jpg 0x0
rect:289 298 50 36 41
Kobe1995_05.jpg 0x0
rect:81 653 279 97 78
rect:135 116 242 706 52
rect:41 198 355 73 78
rect:425 171 192 504 40
rect:4 193 154 391 40
Kobe1995_06.jpg 0x0
rect:151 383 336 434 42
rect:47 178 292 444 41
Kobe1995_07.jpg 0x0
rect:259 352 36 48 39
rect:403 331 24 33 39
rect:107 319 31 34 39
rect:114 341 27 41 39
rect:168 313 43 36 39
rect:450 180 53 54 39
rect:398 467 32 29 39
rect:354 256 35 40 39
rect:444 140 44 49 39
rect:164 133 45 50 39
rect:240 359 32 34 39
rect:531 247 42 39 39
rect:410 527 34 44 39
rect:84 252 27 35 39
rect:41 275 45 57 39
rect:155 544 43 44 39
rect:144 152 34 38 39
rect:280 115 43 28 39
rect:156 243 49 53 39
rect:310 144 29 44 39
rect:282 183 45 35 39
rect:41 269 50 30 39
rect:389 195 21 50 39
rect:286 295 28 33 39
rect:455 247 41 43 39
rect:452 217 34 36 39
Kobe1995_08.jpg 0x0
rect:297 56 530 254 97
Kobe1995_09.jpg 0x0
rect:133 547 52 84 88
rect:241 611 221 62 97
rect:65 530 68 70 88
rect:81 664 81 48 88
SanSalvador_1986_01.jpg 0x0
rect:196 157 143 238 41
rect:74 3 133 294 68
SanSalvador_1986_02.jpg 0x0
rect:561 215 52 51 42
rect:194 282 39 33 41
rect:650 216 44 55 41
rect:288 305 25 32 41
rect:188 139 19 31 41
rect:512 222 27 37 41
rect:305 194 52 44 41
rect:125 318 38 30 41
rect:313 123 12 30 41
SikkimIndia2001_01.jpg 0x0
rect:177 147 156 108 34
SikkimIndia2001_02.jpg 0x0
rect:314 307 63 32 16
rect:12 7 435 85 16
rect:375 114 148 124 33
rect:327 108 114 28 16
rect:9 174 61 54 54
rect:172 64 247 446 33
rect:512 168 126 13 16
rect:-12 2 448 121 33
SikkimIndia2001_03.jpg 0x0
rect:291 225 114 184 70
rect:172 108 91 194 69
rect:209 12 202 375 98
SikkimIndia2001_04.jpg 0x0
rect:244 141 91 154 34
rect:3 30 341 192 99
rect:313 138 259 129 99
SumatraInd2009_01.jpg 0x0
rect:201 32 53 227 81
SumatraInd2009_02.jpg 0x0
rect:243 106 171 205 41
WhittierNarrows1987_01.jpg 0x0
rect:12 31 571 467 10
WhittierNarrows1987_02.jpg 0x0
rect:126 268 91 276 41
WhittierNarrows1987_03.jpg 0x0
rect:184 126 181 215 32
WhittierNarrows1987_04.jpg 0x0
rect:216 7 348 79 6
rect:195 17 237 180 100
rect:199 75 77 159 41
YogyakartaInd2006_01.jpg 0x0
rect:155 -28 282 522 29
rect:210 27 405 236 32
rect:334 148 356 96 49
YogyakartaInd2006_02.jpg 0x0
rect:426 62 138 468 98
rect:341 92 54 187 69
rect:452 103 100 182 70
