Anchorage1964_01.jpg 0x0
rect:69 339 256 265 1
rect:122 6 247 168 1
Anchorage1964_02.jpg 0x0
rect:429 258 26 65 3
rect:243 62 94 63 4
rect:100 47 66 19 6
rect:224 259 473 70 2
rect:331 331 33 52 3
rect:223 40 217 84 4
rect:132 254 38 17 6
rect:408 325 21 37 3
rect:640 210 19 63 3
rect:196 313 29 75 3
rect:391 279 18 64 3
rect:605 87 125 146 8
rect:374 208 18 62 3
rect:121 279 30 18 6
rect:277 333 21 56 3
rect:518 216 74 67 4
rect:42 18 121 56 5
rect:150 185 72 51 7
rect:27 211 160 49 5
Anchorage1964_03.jpg 0x0
rect:0 351 689 90 10
rect:341 84 466 248 9
rect:2 173 231 88 9
Anchorage1964_04.jpg 0x0
rect:212 412 22 29 1
rect:360 357 17 24 1
rect:404 32 23 18 5
rect:345 297 13 16 1
rect:321 505 22 19 1
rect:153 117 28 22 5
rect:392 480 35 15 5
rect:188 244 33 16 5
rect:239 267 35 20 5
rect:157 368 30 12 5
rect:295 328 27 17 5
rect:195 24 31 20 5
rect:169 170 25 16 5
rect:162 350 35 13 5
rect:269 486 16 34 1
rect:308 169 24 20 5
rect:294 198 26 21 5
rect:201 255 14 17 1
rect:317 257 15 31 1
rect:406 164 25 21 5
rect:236 226 18 17 5
rect:251 204 14 28 1
rect:156 59 38 14 5
rect:142 203 32 24 5
rect:294 298 7 1 1
rect:408 54 41 22 5
rect:393 428 34 17 5
rect:225 530 52 19 2
rect:437 490 25 21 5
rect:353 226 26 23 1
rect:184 161 34 19 5
rect:182 298 36 21 5
rect:196 409 39 25 5
rect:346 181 11 21 1
rect:221 163 14 23 1
rect:164 265 33 14 5
rect:406 289 21 19 5
rect:277 106 31 18 5
rect:168 243 19 28 8
Anchorage1964_05.jpg 0x0
rect:70 90 17 68 1
rect:143 197 150 43 6
rect:398 232 57 81 8
rect:120 27 27 45 1
rect:388 197 48 70 1
rect:54 415 18 57 1
rect:626 250 40 45 1
rect:78 178 18 44 1
rect:55 77 30 36 1
rect:401 75 48 65 1
rect:497 314 35 74 8
rect:38 416 17 69 1
rect:61 201 27 58 1
rect:308 1 42 69 1
rect:634 30 38 39 1
rect:777 251 33 29 6
rect:181 44 115 30 5
rect:421 261 56 20 11
rect:600 224 35 80 1
rect:343 156 25 21 11
rect:231 238 116 77 2
rect:600 78 51 72 1
rect:161 179 143 16 5
rect:450 176 49 46 5
rect:689 225 53 45 5
rect:51 271 21 48 1
rect:80 303 21 37 1
rect:693 383 42 15 6
rect:232 37 124 53 6
Anchorage1964_06.jpg 0x0
rect:86 63 164 526 12
rect:192 188 90 113 11
rect:208 170 89 351 3
Anchorage1964_07.jpg 0x0
rect:413 165 42 87 13
rect:8 48 769 417 2
rect:15 296 218 29 11
rect:492 170 94 91 11
rect:280 193 304 171 2
rect:226 114 59 89 3
rect:231 2 137 60 2
rect:286 126 175 110 11
rect:8 238 317 36 14
Anchorage1964_08.jpg 0x0
rect:344 33 112 93 1
rect:49 76 178 138 1
rect:243 214 152 148 1
rect:37 687 93 127 1
rect:414 538 149 107 1
rect:59 386 79 132 1
Anchorage1964_09.jpg 0x0
rect:329 213 82 79 1
rect:78 43 94 69 8
rect:12 176 16 12 16
rect:371 8 234 16 15
rect:716 140 81 79 1
rect:763 201 1 1 16
rect:114 220 51 84 1
rect:17 21 53 10 16
rect:511 102 120 23 15
rect:693 235 56 52 8
rect:528 40 62 79 8
rect:13 160 108 24 15
rect:513 9 77 11 16
rect:15 17 302 12 15
rect:113 220 59 50 8
rect:67 187 51 12 16
rect:734 143 109 15 15
rect:174 150 360 12 15
rect:445 156 67 53 1
Anchorage1964_10.jpg 0x0
rect:73 549 289 144 18
rect:55 137 282 363 1
rect:119 187 175 102 18
rect:162 226 74 122 17
Anchorage1964_11.jpg 0x0
rect:133 135 610 100 2
rect:185 219 363 18 15
rect:71 448 402 20 14
rect:587 6 126 45 1
rect:313 228 227 33 11
rect:52 439 782 13 14
rect:707 98 172 68 1
rect:98 52 193 141 4
Anchorage1964_12.jpg 0x0
rect:421 63 229 155 11
rect:160 243 37 79 3
rect:12 95 545 242 2
rect:451 90 54 241 3
rect:384 65 67 193 3
Anchorage1964_13.jpg 0x0
rect:497 469 98 11 19
rect:363 670 228 31 2
rect:393 439 29 214 20
Anchorage1964_14.jpg 0x0
rect:198 683 34 53 22
rect:441 6 82 182 11
rect:359 404 139 66 23
rect:8 438 154 64 11
rect:269 12 85 268 11
rect:187 328 60 77 21
rect:71 284 114 45 15
rect:19 656 31 53 22
rect:96 669 31 64 22
rect:53 658 42 58 22
rect:264 15 99 765 20
rect:445 158 110 43 15
Anchorage1964_15.jpg 0x0
rect:483 259 110 37 24
rect:355 166 63 86 25
rect:280 213 138 51 11
rect:339 325 187 68 2
rect:375 9 66 79 4
rect:206 9 54 81 4
rect:243 77 69 613 20
rect:148 145 29 54 11
rect:273 327 175 30 15
Anchorage1964_16.jpg 0x0
rect:152 158 187 206 11
rect:15 127 210 197 2
rect:12 234 85 91 2
rect:655 255 105 183 2
rect:275 102 206 93 2
rect:68 363 108 77 11
Anchorage1964_17.jpg 0x0
rect:286 48 294 242 9
rect:14 109 265 142 9
rect:11 247 916 230 10
Anchorage1964_18.jpg 0x0
rect:319 183 101 107 4
rect:184 254 84 39 11
rect:720 213 78 16 2
rect:460 395 246 29 15
rect:496 327 35 20 2
rect:443 269 37 51 11
rect:114 179 16 46 11
rect:298 207 92 19 2
rect:108 149 62 129 4
rect:499 154 141 91 4
Anchorage1964_19.jpg 0x0
rect:468 246 28 33 28
rect:564 283 11 27 26
rect:510 108 38 26 26
rect:875 129 7 7 26
rect:821 132 6 14 26
rect:297 121 49 89 29
rect:520 163 23 63 29
rect:336 368 40 65 26
rect:30 250 26 96 27
rect:5 244 95 105 26
rect:393 93 49 122 29
rect:487 113 9 19 26
rect:317 78 54 37 26
rect:291 126 13 33 26
rect:331 77 29 26 27
rect:497 320 17 30 26
rect:539 252 11 18 26
rect:408 193 54 35 28
Anchorage1964_20.jpg 0x0
rect:187 90 110 144 29
rect:276 129 77 36 27
rect:273 300 85 160 26
rect:457 505 38 78 26
rect:222 70 120 89 26
Anchorage1964_21.jpg 0x0
rect:-6 76 73 137 29
rect:2 79 32 35 26
rect:151 145 408 116 30
rect:49 302 41 26 26
Bingol2003_01.jpg 0x0
rect:647 75 89 89 6
rect:653 227 156 191 31
rect:348 453 47 71 34
rect:182 196 65 67 33
rect:315 336 103 105 6
rect:483 81 148 217 31
rect:710 195 46 53 6
rect:559 210 86 88 33
rect:2 277 718 276 10
rect:309 174 88 74 33
rect:811 259 87 50 6
rect:263 106 79 22 6
rect:564 366 41 184 32
rect:533 574 129 74 6
rect:25 264 79 56 33
rect:346 162 48 138 34
rect:635 323 119 59 33
rect:619 510 95 54 33
rect:748 137 113 104 6
Bingol2003_02.jpg 0x0
rect:449 278 373 125 35
rect:164 573 182 208 32
rect:197 225 812 374 31
rect:593 424 91 76 26
rect:202 68 457 164 34
rect:391 459 112 82 6
rect:162 265 98 444 32
rect:781 74 140 73 36
Bingol2003_03.jpg 0x0
rect:565 -8 344 238 4
rect:520 242 251 88 11
rect:72 32 158 28 2
rect:378 189 378 119 2
rect:692 419 259 516 2
rect:682 202 329 699 4
rect:125 47 145 144 33
Bingol2003_04.jpg 0x0
rect:213 456 45 116 3
rect:68 588 68 108 2
rect:90 687 26 68 3
rect:69 720 20 72 3
rect:262 208 143 226 4
rect:199 422 192 148 2
rect:250 363 36 74 3
rect:419 599 117 81 2
CanterburyNZSeries2010_01.jpg 0x0
rect:119 133 93 387 12
CanterburyNZSeries2010_02.jpg 0x0
rect:46 10 133 326 37
rect:69 38 169 268 6
CanterburyNZSeries2010_03.jpg 0x0
rect:58 50 296 101 38
CanterburyNZSeries2010_04.jpg 0x0
rect:225 353 27 36 40
rect:259 303 30 113 40
rect:240 335 72 275 41
rect:366 539 22 66 40
rect:231 311 202 372 39
rect:417 264 50 145 40
rect:256 11 68 186 42
rect:312 302 16 75 40
CanterburyNZSeries2010_05.jpg 0x0
rect:363 339 158 413 4
rect:246 243 134 135 15
CanterburyNZSeries2010_06.jpg 0x0
rect:257 216 189 113 2
rect:64 123 617 547 4
CanterburyNZSeries2010_08.jpg 0x0
rect:507 180 147 233 43
rect:876 415 69 132 44
rect:1027 417 46 166 44
rect:820 470 38 207 32
CanterburyNZSeries2010_09.jpg 0x0
rect:317 358 200 281 39
rect:251 106 237 262 45
CanterburyNZSeries2010_10.jpg 0x0
rect:230 171 262 132 7
rect:224 212 334 245 6
rect:196 347 256 92 6
rect:211 293 243 53 46
CanterburyNZSeries2010_11.jpg 0x0
rect:390 436 300 247 5
rect:384 217 393 146 7
CanterburyNZSeries2010_12.jpg 0x0
rect:694 561 123 47 11
rect:35 435 691 345 2
rect:209 654 111 39 11
rect:5 307 1051 454 47
CanterburyNZSeries2010_13.jpg 0x0
rect:112 21 369 943 12
rect:420 191 114 323 11
Caracas1967_01.jpg 0x0
rect:434 93 226 308 48
rect:283 192 11 59 48
rect:344 201 94 90 48
rect:380 157 41 92 48
Caracas1967_02.jpg 0x0
rect:134 220 209 231 51
rect:168 424 49 66 49
rect:190 1 137 139 15
rect:118 541 30 27 50
Caracas1967_03.jpg 0x0
rect:13 456 209 87 6
rect:208 283 66 92 26
rect:394 352 37 95 27
rect:314 339 122 195 34
rect:234 475 33 44 27
rect:248 73 95 69 14
Caracas1967_04.jpg 0x0
rect:126 318 44 76 26
rect:162 283 16 71 27
rect:154 252 172 168 34
Caracas1967_05.jpg 0x0
rect:248 277 41 155 40
rect:208 273 108 155 52
rect:72 456 240 246 52
rect:124 255 32 188 40
rect:48 163 267 495 41
rect:46 274 64 295 40
rect:269 261 64 255 40
rect:239 341 69 161 40
rect:404 146 40 306 40
rect:35 70 381 570 48
Caracas1967_06.jpg 0x0
rect:445 273 91 50 6
rect:273 100 335 295 7
Caracas1967_07.jpg 0x0
rect:171 96 208 208 34
rect:524 392 69 119 53
rect:323 8 125 380 34
rect:389 47 27 307 27
rect:337 467 112 76 53
rect:211 181 34 145 27
rect:451 322 150 298 34
Caracas1967_08.jpg 0x0
rect:359 269 64 104 54
rect:210 355 66 77 55
rect:239 237 85 140 54
Caracas1967_09.jpg 0x0
rect:409 12 244 169 48
rect:26 281 47 55 48
rect:114 121 91 83 48
rect:62 221 68 84 48
Caracas1967_10.jpg 0x0
rect:298 423 51 186 40
rect:409 178 89 198 40
rect:22 215 466 315 48
rect:38 243 300 333 41
Caracas1967_11.jpg 0x0
rect:45 306 221 599 41
rect:35 14 356 849 48
rect:219 12 219 219 41
Caracas1967_12.jpg 0x0
rect:307 225 19 58 56
rect:866 284 23 50 32
rect:578 245 38 42 34
rect:892 274 24 43 32
Caracas1967_13.jpg 0x0
rect:120 397 144 237 55
Caracas1967_14.jpg 0x0
rect:150 152 424 164 57
rect:147 236 363 39 6
Chichi1999_01.jpg 0x0
rect:4 10 857 134 58
rect:288 122 65 246 42
Chichi1999_02.jpg 0x0
rect:471 110 145 326 59
rect:7 85 273 120 58
Chichi1999_03.jpg 0x0
rect:0 153 897 141 58
rect:102 146 82 114 60
Chichi1999_04.jpg 0x0
rect:203 252 78 298 48
rect:194 186 34 71 52
rect:184 -16 51 146 48
Chichi1999_05.jpg 0x0
rect:281 246 28 71 52
rect:516 122 42 46 41
rect:345 299 21 34 41
rect:254 153 99 236 48
Chichi1999_06.jpg 0x0
rect:236 214 41 117 48
rect:717 166 49 75 41
rect:210 20 586 239 10
rect:262 230 25 28 52
rect:267 106 65 82 62
rect:666 -14 63 73 61
Chichi1999_07.jpg 0x0
rect:492 268 56 91 48
rect:186 172 40 143 48
rect:486 244 48 159 48
rect:59 181 708 97 63
rect:166 130 19 39 64
rect:398 180 23 35 64
rect:455 215 15 19 64
Chichi1999_08.jpg 0x0
rect:90 17 583 520 10
Chichi1999_09.jpg 0x0
rect:182 77 26 81 40
rect:203 119 97 110 41
rect:191 125 53 74 40
rect:235 93 207 222 48
Chichi1999_10.jpg 0x0
rect:138 18 614 344 10
Chichi1999_11.jpg 0x0
rect:2 122 136 634 10
rect:117 201 131 91 65
Chichi1999_12.jpg 0x0
rect:9 27 411 712 66
Chichi1999_13.jpg 0x0
rect:27 36 787 469 10
Chichi1999_14.jpg 0x0
rect:150 391 41 73 67
rect:422 429 40 63 67
rect:342 672 26 36 39
rect:183 506 39 49 67
rect:287 306 18 37 67
rect:376 507 19 23 39
rect:67 489 46 45 67
rect:189 184 110 45 67
rect:409 652 67 57 67
rect:233 372 23 61 67
rect:73 271 42 42 67
rect:106 230 37 79 67
rect:313 329 30 57 39
rect:125 431 38 51 67
rect:78 513 27 41 67
rect:172 570 34 55 67
rect:324 427 22 47 39
Chichi1999_15.jpg 0x0
rect:297 39 289 332 41
Chichi1999_16.jpg 0x0
rect:208 92 74 127 32
Chichi1999_17.jpg 0x0
rect:121 324 31 45 32
Chichi1999_18.jpg 0x0
rect:183 257 29 151 69
rect:208 191 40 121 69
rect:277 261 51 153 70
rect:189 184 180 481 68
rect:294 281 29 152 69
rect:281 269 34 152 69
Chichi1999_19.jpg 0x0
rect:304 112 122 283 3
rect:244 23 241 348 2
YogyakartaInd2006_03.jpg 0x0
rect:234 31 121 2 15
rect:393 75 104 32 16
rect:372 59 181 47 15
rect:272 369 245 28 15
rect:191 313 396 128 71
rect:298 110 82 30 15
rect:186 150 23 7 16
rect:328 551 61 25 16
Chichi1999_20.jpg 0x0
rect:148 219 131 456 42
rect:210 390 39 181 41
Chichi1999_21.jpg 0x0
rect:85 354 175 128 5
rect:361 6 108 91 57
rect:381 29 305 154 37
rect:295 124 172 133 6
rect:23 4 273 174 30
rect:225 81 239 286 72
rect:206 225 229 180 37
rect:190 362 85 120 6
Chichi1999_22.jpg 0x0
rect:553 311 14 22 73
rect:299 206 14 24 73
rect:244 187 18 23 73
rect:267 133 406 164 10
Chichi1999_23.jpg 0x0
rect:4 52 660 155 74
rect:400 323 51 72 34
rect:130 291 54 99 73
rect:333 153 40 29 27
rect:311 181 45 70 73
rect:381 127 32 24 26
rect:242 247 76 83 73
rect:113 420 36 67 34
rect:135 120 18 33 34
rect:120 116 65 60 73
Chichi1999_24.jpg 0x0
rect:177 216 135 68 75
rect:278 167 31 73 46
rect:255 353 65 39 34
rect:3 456 324 152 74
rect:354 435 1 2 46
Chichi1999_25.jpg 0x0
rect:200 245 52 87 26
rect:143 179 218 302 73
rect:171 278 122 256 34
Chichi1999_26.jpg 0x0
rect:122 674 152 84 27
rect:109 625 79 57 26
rect:144 645 97 133 73
rect:219 122 66 89 73
rect:264 249 110 313 76
rect:236 18 34 30 73
Chichi1999_27.jpg 0x0
rect:205 163 100 332 32
Chichi1999_28.jpg 0x0
rect:387 171 142 228 75
rect:18 84 254 134 6
rect:154 114 176 198 5
rect:199 265 247 105 77
Chichi1999_29.jpg 0x0
rect:165 254 193 384 48
rect:238 213 110 215 40
rect:244 227 67 120 52
Chichi1999_30.jpg 0x0
rect:33 336 116 127 73
rect:148 197 168 40 78
rect:166 125 149 96 52
rect:215 86 360 256 40
Chichi1999_31.jpg 0x0
rect:132 118 158 296 79
rect:428 121 46 217 48
Chichi1999_32.jpg 0x0
rect:554 163 51 164 39
rect:173 52 38 201 81
rect:115 9 72 458 80
rect:234 168 42 150 81
Chichi1999_33.jpg 0x0
rect:175 186 47 143 49
rect:371 160 28 92 49
rect:271 87 85 235 56
rect:335 73 130 236 32
rect:97 56 111 497 33
rect:93 106 106 173 32
Chichi1999_34.jpg 0x0
rect:114 103 369 270 10
Duzce1999_01.jpg 0x0
rect:147 63 134 261 39
rect:133 107 82 103 41
Duzce1999_02.jpg 0x0
rect:109 42 192 428 41
Duzce1999_03.jpg 0x0
rect:0 170 109 259 31
rect:110 93 127 224 42
rect:219 100 120 346 31
Gediz1970_01.jpg 0x0
rect:250 364 69 251 69
rect:138 104 267 502 68
rect:131 226 72 274 69
Guatemala1976_01.jpg 0x0
rect:472 137 123 97 48
rect:45 203 120 143 48
rect:450 143 66 88 41
rect:45 230 75 56 52
rect:67 218 47 39 41
rect:28 158 802 153 82
Guatemala1976_02.jpg 0x0
rect:289 47 131 89 40
rect:183 67 386 324 48
Guatemala1976_03.jpg 0x0
rect:14 67 890 410 75
Guatemala1976_04.jpg 0x0
rect:351 292 116 292 4
rect:103 27 274 85 30
rect:44 80 535 257 30
rect:611 220 124 435 4
Guatemala1976_05.jpg 0x0
rect:119 66 271 425 48
rect:155 172 386 144 40
rect:198 157 206 140 41
Guatemala1976_06.jpg 0x0
rect:113 82 219 500 39
Guatemala1976_07.jpg 0x0
rect:182 709 140 67 83
rect:19 255 63 48 6
rect:31 231 600 338 10
Guatemala1976_08.jpg 0x0
rect:249 68 181 207 40
rect:169 34 424 566 48
rect:122 73 278 503 41
Guatemala1976_09.jpg 0x0
rect:657 316 63 60 85
rect:386 343 90 35 85
rect:790 305 43 73 84
rect:106 259 33 31 85
rect:381 374 54 41 84
rect:97 205 36 26 84
rect:146 220 70 80 85
rect:162 273 44 26 84
Guatemala1976_10.jpg 0x0
rect:213 145 220 260 86
rect:331 315 43 110 87
rect:147 104 183 180 87
Guatemala1976_11.jpg 0x0
rect:198 188 121 176 34
GujaratIndia2001_01.jpg 0x0
rect:243 550 48 38 11
rect:37 499 129 196 4
rect:174 298 202 70 2
rect:59 550 87 44 2
Haiti2010_01.jpg 0x0
rect:169 55 107 120 7
rect:315 110 176 395 41
rect:691 254 115 87 4
rect:209 301 31 165 40
rect:339 436 221 222 4
Haiti2010_02.jpg 0x0
rect:66 80 380 191 88
rect:273 27 163 50 14
Haiti2010_03.jpg 0x0
rect:248 328 233 191 32
rect:290 697 86 56 49
rect:478 1 72 733 32
rect:182 564 283 270 89
Haiti2010_04.jpg 0x0
rect:207 402 274 712 41
rect:2 132 298 154 6
rect:278 58 174 317 34
Haiti2010_05.jpg 0x0
rect:345 178 142 129 52
rect:324 153 239 398 90
rect:325 250 23 89 40
rect:436 186 32 103 40
Haiti2010_06.jpg 0x0
rect:451 177 461 867 91
rect:175 273 321 274 91
rect:543 193 49 183 32
rect:316 160 78 36 6
rect:391 119 82 112 34
rect:144 253 50 40 34
rect:493 114 200 341 33
ImperialValley1979_01.jpg 0x0
rect:519 367 36 47 32
rect:519 329 38 23 32
rect:14 333 73 91 49
rect:9 346 157 93 32
rect:376 249 22 23 49
rect:58 225 81 103 50
rect:510 222 25 44 50
rect:404 310 43 29 49
rect:640 236 23 17 49
rect:380 372 71 61 32
rect:393 223 47 65 50
ImperialValley1979_02.jpg 0x0
rect:212 90 179 300 32
rect:195 160 265 65 92
rect:323 119 67 182 50
rect:314 191 106 40 49
rect:491 127 111 208 50
rect:172 92 68 228 50
ImperialValley1979_03.jpg 0x0
rect:115 429 217 35 92
rect:130 282 69 269 50
rect:265 414 84 95 50
rect:130 502 236 35 92
rect:200 229 230 190 32
rect:267 372 66 140 50
rect:113 238 283 237 32
Izmit1999_01.jpg 0x0
rect:210 66 451 216 34
rect:519 339 52 63 26
rect:173 125 31 122 27
rect:229 91 66 177 27
rect:282 315 38 124 27
Izmit1999_02.jpg 0x0
rect:27 123 824 182 10
Izmit1999_03.jpg 0x0
rect:548 121 34 243 50
rect:255 70 313 322 32
rect:180 74 54 251 50
rect:526 77 45 269 50
rect:135 250 298 30 92
rect:479 95 53 329 50
rect:184 174 34 182 50
rect:133 33 297 387 93
Izmit1999_04.jpg 0x0
rect:284 77 90 115 48
rect:52 282 81 51 34
rect:303 410 20 72 40
rect:48 345 67 108 41
rect:314 371 26 85 40
rect:406 447 103 66 41
rect:94 600 172 141 88
rect:305 90 61 99 41
rect:179 311 149 56 88
rect:71 414 36 73 42
Izmit1999_05.jpg 0x0
rect:90 27 814 486 10
Izmit1999_06.jpg 0x0
rect:73 298 83 229 50
rect:276 177 39 182 50
rect:240 245 42 127 50
rect:124 149 57 177 50
rect:188 208 197 97 49
rect:118 176 244 529 32
Izmit1999_07.jpg 0x0
rect:279 287 61 102 3
rect:256 263 26 135 3
rect:29 86 518 596 2
rect:370 327 97 409 4
rect:389 144 51 97 3
rect:153 272 32 175 3
rect:348 78 123 50 6
Izmit1999_08.jpg 0x0
rect:133 101 93 80 41
rect:151 487 73 65 45
rect:199 192 252 130 88
rect:486 102 58 27 52
rect:552 58 67 75 41
rect:682 7 69 80 45
rect:149 25 105 117 34
Izmit1999_09.jpg 0x0
rect:620 257 61 64 94
rect:704 187 46 69 41
rect:44 163 48 58 41
rect:239 263 41 34 41
rect:335 311 88 63 41
rect:277 200 96 125 94
Izmit1999_10.jpg 0x0
rect:347 397 61 87 40
rect:217 158 138 106 40
rect:362 442 103 118 40
rect:41 194 311 51 78
rect:83 104 59 223 40
rect:110 274 263 75 78
rect:101 174 79 182 40
rect:303 439 102 30 78
rect:103 191 417 478 41
rect:162 133 64 142 40
rect:171 364 178 38 78
Izmit1999_11.jpg 0x0
rect:154 311 57 184 40
rect:393 259 81 179 40
rect:263 222 82 205 40
rect:183 324 81 148 41
rect:138 274 142 227 41
Izmit1999_12.jpg 0x0
rect:339 377 81 83 41
rect:101 199 34 46 40
rect:461 174 57 65 7
rect:448 78 38 74 41
rect:230 351 53 128 52
rect:477 208 249 221 91
rect:435 159 50 146 42
rect:240 289 92 187 94
rect:239 116 37 76 45
rect:75 261 79 64 52
rect:199 147 50 36 6
rect:40 260 47 94 94
rect:16 51 53 17 6
rect:1 219 39 30 41
rect:340 205 40 78 41
rect:138 205 82 82 88
rect:117 89 32 24 6
rect:524 28 89 51 34
Izmit1999_13.jpg 0x0
rect:210 280 30 100 41
rect:465 149 118 204 41
rect:178 286 73 66 52
rect:360 72 179 449 48
rect:111 282 42 77 41
rect:136 300 110 180 94
rect:77 145 50 51 6
rect:381 99 93 78 41
rect:5 81 116 155 42
Izmit1999_14.jpg 0x0
rect:563 252 50 36 34
rect:408 290 46 24 34
rect:255 329 38 38 34
rect:582 325 65 42 34
rect:337 199 88 59 35
rect:530 42 55 62 95
rect:372 7 150 79 35
rect:530 83 92 59 34
rect:49 152 91 56 34
Izmit1999_15.jpg 0x0
rect:166 161 264 451 42
Izmit1999_16.jpg 0x0
rect:243 98 45 82 40
rect:104 83 379 480 33
rect:103 81 268 347 39
rect:108 81 236 107 41
Izmit1999_17.jpg 0x0
rect:111 95 157 293 41
Izmit1999_18.jpg 0x0
rect:251 174 105 187 41
rect:199 103 184 223 39
Izmit1999_19.jpg 0x0
rect:260 97 217 275 96
rect:239 129 282 166 32
rect:371 165 25 107 50
rect:294 157 23 60 50
Kobe1995_01.jpg 0x0
rect:18 186 931 111 63
Kobe1995_02.jpg 0x0
rect:2 72 445 452 68
Kobe1995_03.jpg 0x0
rect:41 57 378 478 10
Kobe1995_04.jpg 0x0
rect:328 295 46 62 41
Kobe1995_05.jpg 0x0
rect:4 155 146 432 40
rect:426 110 122 351 40
rect:113 449 408 148 78
rect:96 193 156 635 52
rect:30 272 345 99 78
Kobe1995_06.jpg 0x0
rect:42 162 547 462 41
rect:175 460 317 273 42
Kobe1995_07.jpg 0x0
rect:33 331 51 59 39
rect:94 212 43 54 39
rect:474 409 36 46 39
rect:244 474 27 48 39
rect:217 344 45 29 39
rect:219 135 39 44 39
rect:355 305 44 36 39
rect:172 240 30 56 39
rect:167 429 28 31 39
rect:540 231 38 51 39
rect:198 357 26 21 39
rect:336 114 45 36 39
rect:206 246 21 37 39
rect:241 263 38 34 39
rect:187 560 30 43 39
rect:135 95 33 33 39
rect:46 436 29 30 39
rect:98 288 31 29 39
rect:438 433 48 35 39
rect:473 335 41 26 39
rect:384 158 45 37 39
rect:436 283 41 53 39
rect:472 443 38 43 39
rect:188 199 40 58 39
rect:209 237 28 19 39
rect:291 143 28 39 39
Kobe1995_08.jpg 0x0
rect:291 51 456 228 97
Kobe1995_09.jpg 0x0
rect:86 520 50 52 88
rect:74 687 58 77 88
rect:148 652 237 69 97
rect:118 492 70 82 88
SanSalvador_1986_01.jpg 0x0
rect:63 3 93 299 68
rect:324 118 86 142 41
SanSalvador_1986_02.jpg 0x0
rect:535 191 50 37 42
rect:221 150 33 35 41
rect:396 256 39 55 41
rect:370 188 29 47 41
rect:262 146 12 27 41
rect:651 286 48 33 41
rect:576 136 44 31 41
rect:181 194 23 40 41
rect:128 344 39 30 41
SikkimIndia2001_01.jpg 0x0
rect:253 147 171 169 34
SikkimIndia2001_02.jpg 0x0
rect:602 234 120 14 16
rect:10 6 303 61 16
rect:-15 2 438 103 33
rect:10 147 58 41 54
rect:201 71 218 483 33
rect:367 97 83 28 16
rect:346 290 100 51 16
rect:461 123 104 139 33
SikkimIndia2001_03.jpg 0x0
rect:181 10 136 344 98
rect:297 181 75 133 70
rect:228 69 58 228 69
SikkimIndia2001_04.jpg 0x0
rect:3 27 335 200 99
rect:199 185 147 170 34
rect:282 169 198 93 99
SumatraInd2009_01.jpg 0x0
rect:332 18 72 304 81
SumatraInd2009_02.jpg 0x0
rect:229 90 136 218 41
WhittierNarrows1987_01.jpg 0x0
rect:11 27 924 299 10
WhittierNarrows1987_02.jpg 0x0
rect:135 249 134 326 41
WhittierNarrows1987_03.jpg 0x0
rect:356 111 181 332 32
WhittierNarrows1987_04.jpg 0x0
rect:155 57 97 188 41
rect:215 12 259 171 100
rect:270 7 366 62 6
YogyakartaInd2006_01.jpg 0x0
rect:130 -17 514 390 29
rect:238 143 286 82 49
rect:263 41 372 237 32
YogyakartaInd2006_02.jpg 0x0
rect:373 50 95 429 98
rect:414 143 41 198 69
rect:337 74 56 200 70
