Anchorage1964_01.jpg 0x0
rect:81 424 179 297 1
rect:76 6 176 121 1
Anchorage1964_02.jpg 0x0
rect:253 243 34 65 3
rect:365 194 14 63 3
rect:359 252 23 55 3
rect:109 167 43 13 6
rect:353 271 22 45 3
rect:435 169 80 47 4
rect:344 255 21 46 3
rect:199 178 309 110 2
rect:215 66 80 76 4
rect:385 231 18 46 3
rect:81 249 24 19 6
rect:33 17 117 53 5
rect:119 119 64 57 7
rect:215 39 224 86 4
rect:427 317 19 37 3
rect:31 271 194 35 5
rect:556 47 117 128 8
rect:234 250 25 75 3
rect:93 41 65 17 6
Anchorage1964_03.jpg 0x0
rect:182 68 460 150 9
rect:0 222 529 80 10
rect:2 281 157 59 9
Anchorage1964_04.jpg 0x0
rect:294 137 43 25 5
rect:431 263 24 14 5
rect:419 400 36 17 5
rect:144 333 39 18 5
rect:269 265 17 26 1
rect:180 345 42 18 5
rect:270 290 16 19 1
rect:407 124 26 14 5
rect:228 542 63 17 2
rect:198 304 7 1 1
rect:300 490 42 25 5
rect:359 178 18 31 1
rect:315 150 23 16 5
rect:413 440 28 22 5
rect:232 405 11 15 1
rect:201 436 29 15 5
rect:269 74 25 12 5
rect:297 154 17 21 1
rect:236 275 16 28 1
rect:353 277 22 23 1
rect:329 194 30 14 5
rect:139 343 25 18 5
rect:289 40 24 16 5
rect:165 42 33 18 5
rect:136 100 38 17 5
rect:151 239 32 13 5
rect:336 419 25 21 1
rect:326 148 14 34 1
rect:339 108 10 28 1
rect:158 72 23 14 5
rect:288 328 32 15 5
rect:291 263 28 14 5
rect:219 23 36 20 5
rect:160 134 19 20 5
rect:269 174 17 27 8
rect:368 189 14 21 1
rect:151 114 26 16 5
rect:266 255 27 19 5
rect:204 174 26 18 5
Anchorage1964_05.jpg 0x0
rect:315 182 28 24 11
rect:450 439 37 56 8
rect:449 225 54 47 1
rect:644 21 41 54 1
rect:571 287 34 18 6
rect:81 101 19 43 1
rect:329 141 124 87 2
rect:396 129 39 73 1
rect:40 360 29 62 1
rect:500 385 40 16 6
rect:477 365 61 74 1
rect:74 100 19 53 1
rect:360 1 35 50 1
rect:243 40 105 25 5
rect:69 256 21 48 1
rect:516 356 56 50 8
rect:227 135 112 45 6
rect:91 26 15 27 1
rect:241 147 136 24 5
rect:56 264 27 44 1
rect:82 77 23 51 1
rect:36 356 23 44 1
rect:331 237 43 26 11
rect:427 82 50 66 1
rect:489 330 70 26 5
rect:207 49 94 54 6
rect:421 222 49 26 5
rect:72 239 23 47 1
rect:551 161 35 77 1
Anchorage1964_06.jpg 0x0
rect:104 59 153 445 12
rect:190 131 114 311 3
rect:223 273 78 110 11
Anchorage1964_07.jpg 0x0
rect:527 164 68 72 11
rect:376 87 33 106 3
rect:13 183 190 27 11
rect:6 70 914 341 2
rect:190 151 156 165 11
rect:365 128 49 74 13
rect:156 2 98 76 2
rect:7 418 376 23 14
rect:379 277 397 249 2
Anchorage1964_08.jpg 0x0
rect:39 59 96 133 1
rect:40 346 134 88 1
rect:45 483 121 156 1
rect:263 216 114 125 1
rect:345 544 104 162 1
rect:334 40 111 121 1
Anchorage1964_09.jpg 0x0
rect:765 168 1 1 16
rect:392 6 386 16 15
rect:12 12 51 15 16
rect:49 194 42 12 16
rect:686 92 91 14 15
rect:386 134 45 51 1
rect:297 108 65 48 1
rect:120 176 64 59 1
rect:124 107 367 13 15
rect:521 191 90 79 1
rect:489 242 83 61 8
rect:18 163 15 12 16
rect:88 51 85 74 8
rect:132 288 68 56 8
rect:827 9 73 10 16
rect:457 36 95 69 8
rect:529 102 121 27 15
rect:14 161 86 18 15
rect:14 16 441 11 15
Anchorage1964_10.jpg 0x0
rect:60 187 366 252 1
rect:264 289 89 115 17
rect:144 249 175 108 18
rect:95 347 382 128 18
Anchorage1964_11.jpg 0x0
rect:718 7 138 45 1
rect:175 189 460 16 15
rect:66 463 456 12 14
rect:149 50 145 84 4
rect:228 180 305 32 11
rect:692 153 141 91 1
rect:107 136 368 66 2
rect:64 514 533 16 14
Anchorage1964_12.jpg 0x0
rect:323 68 47 150 3
rect:297 70 229 171 11
rect:12 92 393 311 2
rect:291 101 65 216 3
rect:197 232 30 134 3
Anchorage1964_13.jpg 0x0
rect:275 433 88 14 19
rect:383 498 200 21 2
rect:395 374 33 200 20
Anchorage1964_14.jpg 0x0
rect:249 13 89 662 20
rect:479 7 68 142 11
rect:250 14 57 286 11
rect:126 548 33 62 22
rect:262 282 128 46 15
rect:18 605 34 67 22
rect:250 596 129 86 23
rect:46 550 46 60 22
rect:129 744 42 68 22
rect:86 243 148 33 15
rect:169 263 87 72 21
rect:9 424 150 59 11
Anchorage1964_15.jpg 0x0
rect:277 106 62 121 25
rect:502 369 93 45 24
rect:272 538 228 65 2
rect:190 63 46 562 20
rect:209 332 186 38 15
rect:463 317 124 59 11
rect:173 116 31 83 11
rect:228 10 55 76 4
rect:430 9 77 69 4
Anchorage1964_16.jpg 0x0
rect:258 67 181 146 2
rect:432 175 131 230 2
rect:91 386 65 113 11
rect:12 126 180 156 2
rect:275 294 243 255 11
rect:15 353 60 102 2
Anchorage1964_17.jpg 0x0
rect:296 60 270 250 9
rect:12 136 333 148 9
rect:11 170 476 170 10
Anchorage1964_18.jpg 0x0
rect:551 119 102 92 4
rect:552 318 27 19 2
rect:171 342 17 54 11
rect:415 222 100 22 2
rect:401 235 368 33 15
rect:103 221 81 46 11
rect:562 174 87 110 4
rect:162 191 75 77 4
rect:729 388 74 18 2
rect:384 265 36 78 11
Anchorage1964_19.jpg 0x0
rect:373 92 22 34 26
rect:393 164 22 37 29
rect:233 241 40 89 26
rect:368 209 19 35 26
rect:266 81 75 122 29
rect:604 158 7 15 26
rect:273 106 39 96 29
rect:844 196 7 15 26
rect:395 111 17 27 26
rect:202 113 66 58 26
rect:7 210 89 130 26
rect:631 102 44 35 28
rect:365 136 38 36 27
rect:38 332 29 96 27
rect:451 220 8 19 26
rect:411 320 19 28 26
rect:519 174 36 28 28
rect:795 114 10 7 26
Anchorage1964_20.jpg 0x0
rect:148 94 103 75 26
rect:164 138 71 47 27
rect:587 454 53 90 26
rect:263 582 56 98 26
rect:226 54 136 145 29
Anchorage1964_21.jpg 0x0
rect:218 170 428 151 30
rect:37 225 26 30 26
rect:2 123 33 40 26
rect:-7 80 83 177 29
Bingol2003_01.jpg 0x0
rect:753 279 88 93 33
rect:495 96 86 87 6
rect:540 257 211 211 31
rect:529 167 40 144 34
rect:262 391 121 121 6
rect:2 343 672 214 10
rect:375 174 34 67 6
rect:815 324 96 50 33
rect:276 100 57 21 6
rect:232 157 77 91 33
rect:548 338 123 67 6
rect:616 116 178 182 31
rect:453 384 51 48 34
rect:38 175 79 67 33
rect:613 292 100 46 33
rect:596 325 103 66 6
rect:407 66 76 59 6
rect:327 363 55 239 32
rect:121 278 91 70 33
Bingol2003_02.jpg 0x0
rect:107 494 132 271 32
rect:263 379 89 56 6
rect:132 88 469 161 34
rect:214 201 747 633 31
rect:241 194 90 270 32
rect:534 327 129 111 26
rect:835 57 156 97 36
rect:541 176 557 95 35
Bingol2003_03.jpg 0x0
rect:977 450 179 393 2
rect:146 61 132 115 33
rect:648 -9 208 273 4
rect:577 257 167 88 11
rect:98 21 183 24 2
rect:912 256 190 595 4
rect:261 194 394 212 2
Bingol2003_04.jpg 0x0
rect:142 581 30 59 3
rect:79 724 25 59 3
rect:83 502 94 77 2
rect:320 347 35 122 3
rect:324 299 187 186 4
rect:152 439 31 85 3
rect:360 505 106 101 2
rect:180 316 225 131 2
CanterburyNZSeries2010_01.jpg 0x0
rect:99 141 170 375 12
CanterburyNZSeries2010_02.jpg 0x0
rect:43 9 155 190 37
rect:72 64 175 169 6
CanterburyNZSeries2010_03.jpg 0x0
rect:37 70 365 142 38
CanterburyNZSeries2010_04.jpg 0x0
rect:283 281 44 132 40
rect:319 521 20 63 40
rect:234 385 23 149 40
rect:322 11 109 232 42
rect:341 358 33 90 40
rect:231 538 70 283 41
rect:390 528 16 55 40
rect:221 322 265 354 39
CanterburyNZSeries2010_05.jpg 0x0
rect:260 308 191 404 4
rect:227 206 130 93 15
CanterburyNZSeries2010_06.jpg 0x0
rect:69 132 551 481 4
rect:321 181 278 115 2
CanterburyNZSeries2010_08.jpg 0x0
rect:556 183 117 338 43
rect:1118 667 57 106 44
rect:871 367 35 154 32
rect:781 404 120 97 44
CanterburyNZSeries2010_09.jpg 0x0
rect:321 402 207 445 39
rect:227 95 161 199 45
CanterburyNZSeries2010_10.jpg 0x0
rect:320 148 353 92 7
rect:254 386 179 80 46
rect:303 537 306 107 6
rect:190 188 372 252 6
CanterburyNZSeries2010_11.jpg 0x0
rect:327 290 395 211 5
rect:356 233 308 134 7
CanterburyNZSeries2010_12.jpg 0x0
rect:45 272 1016 219 2
rect:197 646 143 60 11
rect:376 575 209 48 11
rect:5 338 976 270 47
CanterburyNZSeries2010_13.jpg 0x0
rect:417 152 84 396 11
rect:204 14 470 614 12
Caracas1967_01.jpg 0x0
rect:474 56 202 227 48
rect:311 136 9 83 48
rect:233 196 43 112 48
rect:318 140 102 127 48
Caracas1967_02.jpg 0x0
rect:129 228 157 203 51
rect:266 1 81 215 15
rect:140 540 53 46 50
rect:92 339 33 50 49
Caracas1967_03.jpg 0x0
rect:333 449 38 82 27
rect:222 236 157 194 34
rect:19 365 167 64 6
rect:285 274 65 66 26
rect:239 81 56 115 14
rect:422 350 23 100 27
Caracas1967_04.jpg 0x0
rect:139 336 62 132 26
rect:145 335 148 120 34
rect:161 354 17 88 27
Caracas1967_05.jpg 0x0
rect:28 64 429 653 48
rect:195 205 65 158 40
rect:268 306 59 156 40
rect:252 444 69 277 40
rect:87 319 284 199 52
rect:186 413 45 291 40
rect:30 146 337 380 41
rect:249 259 44 326 40
rect:74 343 67 251 40
rect:224 192 102 170 52
Caracas1967_06.jpg 0x0
rect:411 360 79 43 6
rect:383 124 319 293 7
Caracas1967_07.jpg 0x0
rect:276 8 93 266 34
rect:194 106 50 207 27
rect:132 115 191 273 34
rect:408 188 120 271 34
rect:410 62 28 194 27
rect:351 351 97 78 53
rect:310 390 125 59 53
Caracas1967_08.jpg 0x0
rect:306 328 85 75 54
rect:358 141 88 122 54
rect:258 287 70 101 55
Caracas1967_09.jpg 0x0
rect:64 167 44 58 48
rect:534 13 257 207 48
rect:203 208 95 85 48
rect:26 262 43 53 48
Caracas1967_10.jpg 0x0
rect:18 126 462 557 48
rect:428 318 61 231 40
rect:45 240 307 297 41
rect:371 240 88 237 40
Caracas1967_11.jpg 0x0
rect:61 14 364 812 48
rect:244 15 142 287 41
rect:47 233 196 525 41
Caracas1967_12.jpg 0x0
rect:909 288 17 51 32
rect:528 221 33 36 34
rect:312 312 29 46 56
rect:691 337 27 73 32
Caracas1967_13.jpg 0x0
rect:126 508 112 287 55
Caracas1967_14.jpg 0x0
rect:108 208 342 37 6
rect:133 151 794 235 57
Chichi1999_01.jpg 0x0
rect:289 142 56 200 42
rect:4 8 836 170 58
Chichi1999_02.jpg 0x0
rect:473 141 197 400 59
rect:6 68 329 124 58
Chichi1999_03.jpg 0x0
rect:0 152 610 234 58
rect:77 167 80 91 60
Chichi1999_04.jpg 0x0
rect:167 -13 45 102 48
rect:200 176 94 337 48
rect:248 210 31 41 52
Chichi1999_05.jpg 0x0
rect:329 240 29 26 41
rect:366 100 96 226 48
rect:488 156 47 45 41
rect:503 236 26 72 52
Chichi1999_06.jpg 0x0
rect:369 230 21 39 52
rect:767 212 51 72 41
rect:186 21 441 137 10
rect:393 131 64 73 62
rect:413 185 41 83 48
rect:454 -10 72 96 61
Chichi1999_07.jpg 0x0
rect:164 155 28 33 64
rect:327 209 51 103 48
rect:424 263 23 33 64
rect:591 192 12 27 64
rect:574 317 58 81 48
rect:193 203 53 119 48
rect:60 241 497 176 63
Chichi1999_08.jpg 0x0
rect:135 19 478 387 10
Chichi1999_09.jpg 0x0
rect:302 103 45 90 40
rect:208 124 156 103 41
rect:261 84 144 201 48
rect:288 118 55 67 40
Chichi1999_10.jpg 0x0
rect:222 20 505 473 10
Chichi1999_11.jpg 0x0
rect:118 157 109 99 65
rect:2 100 171 352 10
Chichi1999_12.jpg 0x0
rect:12 33 352 667 66
Chichi1999_13.jpg 0x0
rect:24 48 646 500 10
Chichi1999_14.jpg 0x0
rect:216 311 19 40 67
rect:152 241 39 45 67
rect:132 484 21 43 67
rect:168 194 61 49 67
rect:326 404 22 44 39
rect:262 414 34 36 39
rect:206 439 37 58 67
rect:77 431 73 52 67
rect:342 314 33 34 39
rect:310 266 23 30 39
rect:199 231 38 46 67
rect:349 315 32 53 67
rect:65 600 37 37 67
rect:378 459 81 78 67
rect:117 373 36 50 67
rect:133 376 55 79 67
rect:64 317 40 28 67
Chichi1999_15.jpg 0x0
rect:260 37 333 587 41
Chichi1999_16.jpg 0x0
rect:135 168 74 168 32
Chichi1999_17.jpg 0x0
rect:143 266 33 56 32
Chichi1999_18.jpg 0x0
rect:303 349 46 94 70
rect:178 310 49 87 69
rect:114 157 108 335 68
rect:337 358 28 119 69
rect:262 286 26 160 69
rect:130 168 20 111 69
Chichi1999_19.jpg 0x0
rect:143 20 219 377 2
rect:296 92 195 274 3
YogyakartaInd2006_03.jpg 0x0
rect:260 268 322 147 71
rect:196 118 25 5 16
rect:362 94 105 49 16
rect:194 559 205 25 15
rect:351 78 96 80 15
rect:268 26 122 2 15
rect:201 115 51 32 15
rect:359 407 56 37 16
Chichi1999_20.jpg 0x0
rect:289 272 67 245 41
rect:188 267 130 296 42
Chichi1999_21.jpg 0x0
rect:174 201 222 179 37
rect:435 30 265 244 37
rect:431 146 130 147 6
rect:252 359 90 95 6
rect:20 4 157 109 30
rect:82 470 184 127 5
rect:238 76 172 237 72
rect:367 6 109 149 57
Chichi1999_22.jpg 0x0
rect:283 235 14 28 73
rect:263 202 265 142 10
rect:378 226 18 15 73
rect:296 301 15 17 73
Chichi1999_23.jpg 0x0
rect:103 339 53 90 73
rect:388 215 41 30 27
rect:127 126 49 57 73
rect:235 344 36 84 34
rect:203 225 65 128 73
rect:117 328 38 61 34
rect:4 61 490 231 74
rect:151 184 24 26 34
rect:204 177 39 59 73
rect:264 193 32 32 26
Chichi1999_24.jpg 0x0
rect:174 148 170 76 75
rect:385 346 1 2 46
rect:202 278 61 66 34
rect:3 245 352 205 74
rect:225 138 50 65 46
Chichi1999_25.jpg 0x0
rect:137 419 35 55 26
rect:187 216 93 161 34
rect:180 227 199 315 73
Chichi1999_26.jpg 0x0
rect:172 550 128 127 27
rect:121 500 99 50 26
rect:334 20 49 27 73
rect:292 325 151 300 76
rect:105 428 145 133 73
rect:151 135 70 100 73
Chichi1999_27.jpg 0x0
rect:142 207 119 341 32
Chichi1999_28.jpg 0x0
rect:176 91 179 219 5
rect:243 102 204 153 75
rect:194 309 276 138 77
rect:25 54 363 145 6
Chichi1999_29.jpg 0x0
rect:151 271 160 330 48
rect:212 276 138 124 40
rect:254 240 90 214 52
Chichi1999_30.jpg 0x0
rect:221 98 363 326 40
rect:195 209 141 52 78
rect:37 221 95 148 73
rect:253 117 182 52 52
Chichi1999_31.jpg 0x0
rect:198 108 91 199 79
rect:507 104 35 161 48
Chichi1999_32.jpg 0x0
rect:540 162 53 137 39
rect:159 8 103 334 80
rect:168 66 35 186 81
rect:199 239 41 127 81
Chichi1999_33.jpg 0x0
rect:101 162 57 145 49
rect:383 143 40 117 49
rect:267 84 132 237 56
rect:63 66 117 340 33
rect:224 72 107 312 32
rect:125 79 63 215 32
Chichi1999_34.jpg 0x0
rect:108 75 403 275 10
Duzce1999_01.jpg 0x0
rect:178 61 132 257 39
rect:133 179 123 154 41
Duzce1999_02.jpg 0x0
rect:104 69 134 408 41
Duzce1999_03.jpg 0x0
rect:0 154 89 295 31
rect:276 139 122 286 31
rect:117 88 115 318 42
Gediz1970_01.jpg 0x0
rect:181 323 97 258 69
rect:126 427 75 232 69
rect:135 141 195 564 68
Guatemala1976_01.jpg 0x0
rect:45 187 36 56 41
rect:627 158 47 92 41
rect:67 256 55 52 52
rect:514 152 139 147 48
rect:23 140 447 124 82
rect:51 118 106 155 48
Guatemala1976_02.jpg 0x0
rect:206 79 71 112 40
rect:194 69 267 297 48
Guatemala1976_03.jpg 0x0
rect:17 75 636 234 75
Guatemala1976_04.jpg 0x0
rect:377 301 121 297 4
rect:435 212 145 335 4
rect:138 22 334 53 30
rect:38 72 629 208 30
Guatemala1976_05.jpg 0x0
rect:178 170 385 186 40
rect:170 81 469 244 48
rect:177 177 403 93 41
Guatemala1976_06.jpg 0x0
rect:159 126 241 385 39
Guatemala1976_07.jpg 0x0
rect:19 264 483 286 10
rect:25 289 51 51 6
rect:248 521 168 55 83
Guatemala1976_08.jpg 0x0
rect:336 53 151 373 40
rect:189 34 482 425 48
rect:195 44 408 445 41
Guatemala1976_09.jpg 0x0
rect:156 341 28 31 84
rect:151 285 61 57 85
rect:266 279 47 71 84
rect:636 380 57 70 84
rect:102 321 27 29 85
rect:383 249 54 34 85
rect:113 262 38 20 84
rect:458 314 72 54 85
Guatemala1976_10.jpg 0x0
rect:188 204 248 365 86
rect:354 291 38 131 87
rect:183 167 280 129 87
Guatemala1976_11.jpg 0x0
rect:170 187 109 267 34
GujaratIndia2001_01.jpg 0x0
rect:229 578 185 64 2
rect:40 368 208 150 4
rect:360 444 39 66 11
rect:71 579 51 31 2
Haiti2010_01.jpg 0x0
rect:395 294 93 149 4
rect:343 520 219 192 4
rect:210 234 33 179 40
rect:104 50 141 88 7
rect:223 146 205 417 41
Haiti2010_02.jpg 0x0
rect:374 28 158 57 14
rect:40 116 371 145 88
Haiti2010_03.jpg 0x0
rect:230 454 257 202 32
rect:367 1 66 736 32
rect:184 755 280 159 89
rect:290 475 58 54 49
Haiti2010_04.jpg 0x0
rect:205 34 156 325 34
rect:2 131 325 138 6
rect:140 259 232 537 41
Haiti2010_05.jpg 0x0
rect:219 222 31 107 40
rect:454 331 35 90 40
rect:293 313 211 123 52
rect:247 154 362 576 90
Haiti2010_06.jpg 0x0
rect:268 327 27 60 34
rect:500 171 643 821 91
rect:512 139 228 483 33
rect:368 141 85 42 6
rect:510 236 90 193 32
rect:156 183 324 435 91
rect:587 122 69 103 34
ImperialValley1979_01.jpg 0x0
rect:612 381 40 33 32
rect:9 323 152 97 32
rect:317 431 48 46 32
rect:398 292 54 23 49
rect:471 270 32 26 49
rect:74 248 80 140 50
rect:391 334 60 52 50
rect:448 210 29 51 50
rect:14 350 69 82 49
rect:604 372 13 12 49
rect:527 246 38 37 32
ImperialValley1979_02.jpg 0x0
rect:281 154 90 202 50
rect:209 168 61 217 50
rect:138 222 343 83 92
rect:317 166 111 44 49
rect:340 125 67 146 50
rect:247 67 235 315 32
ImperialValley1979_03.jpg 0x0
rect:92 231 200 169 32
rect:147 342 322 48 92
rect:361 244 88 155 50
rect:75 427 352 25 92
rect:170 358 111 130 50
rect:194 246 167 191 32
rect:88 273 70 202 50
Izmit1999_01.jpg 0x0
rect:194 58 421 253 34
rect:192 90 44 105 27
rect:291 220 41 140 27
rect:234 108 59 174 27
rect:393 354 61 71 26
Izmit1999_02.jpg 0x0
rect:33 149 807 291 10
Izmit1999_03.jpg 0x0
rect:182 120 53 171 50
rect:171 196 432 31 92
rect:187 122 60 240 50
rect:449 68 46 291 50
rect:252 77 313 466 32
rect:450 79 37 256 50
rect:501 121 43 298 50
rect:152 30 392 342 93
Izmit1999_04.jpg 0x0
rect:178 256 131 83 88
rect:243 88 83 83 41
rect:57 470 36 74 42
rect:285 74 89 80 48
rect:424 477 18 68 40
rect:283 454 62 99 41
rect:42 301 86 78 34
rect:479 466 26 68 40
rect:105 369 228 108 88
rect:51 560 60 107 41
Izmit1999_05.jpg 0x0
rect:120 30 446 540 10
Izmit1999_06.jpg 0x0
rect:232 246 52 188 50
rect:128 200 163 516 32
rect:121 206 153 87 49
rect:373 219 38 110 50
rect:100 199 74 217 50
rect:118 191 57 221 50
Izmit1999_07.jpg 0x0
rect:371 135 99 105 3
rect:161 220 43 155 3
rect:232 255 47 86 3
rect:317 255 100 457 4
rect:20 84 406 670 2
rect:293 47 114 40 6
rect:347 212 28 148 3
Izmit1999_08.jpg 0x0
rect:119 329 67 78 45
rect:574 71 57 23 52
rect:415 75 79 85 41
rect:186 31 72 114 34
rect:220 285 243 128 88
rect:643 5 73 55 45
rect:117 123 107 98 41
Izmit1999_09.jpg 0x0
rect:62 175 46 37 41
rect:207 247 36 31 41
rect:338 280 107 106 94
rect:364 319 100 78 41
rect:774 177 77 87 94
rect:660 195 68 62 41
Izmit1999_10.jpg 0x0
rect:53 122 93 183 40
rect:315 157 109 160 40
rect:317 461 85 38 78
rect:275 207 65 129 40
rect:54 268 274 43 78
rect:310 359 74 146 40
rect:118 371 245 87 78
rect:217 376 176 26 78
rect:60 120 271 434 41
rect:184 217 77 195 40
rect:319 389 38 62 40
Izmit1999_11.jpg 0x0
rect:326 335 79 161 40
rect:257 375 121 112 41
rect:222 295 81 178 40
rect:176 383 85 182 40
rect:236 269 152 157 41
Izmit1999_12.jpg 0x0
rect:344 177 64 55 7
rect:65 274 80 126 94
rect:312 242 38 135 42
rect:1 155 32 31 41
rect:605 141 251 258 91
rect:102 71 36 25 6
rect:96 357 29 36 40
rect:240 119 61 67 45
rect:271 281 80 140 52
rect:17 70 36 26 6
rect:230 223 59 104 41
rect:591 20 94 60 34
rect:142 231 58 56 88
rect:609 68 56 73 41
rect:382 275 120 161 94
rect:434 279 51 45 41
rect:222 197 44 37 6
rect:58 222 51 83 52
Izmit1999_13.jpg 0x0
rect:266 196 92 278 41
rect:159 158 89 176 94
rect:100 209 32 132 41
rect:129 191 87 81 52
rect:106 153 48 36 6
rect:5 92 100 118 42
rect:231 299 33 109 41
rect:351 92 72 134 41
rect:250 79 145 242 48
Izmit1999_14.jpg 0x0
rect:465 195 103 87 35
rect:480 46 58 58 95
rect:388 74 83 58 34
rect:594 203 87 51 34
rect:288 262 58 24 34
rect:375 9 118 54 35
rect:594 377 77 34 34
rect:55 167 82 72 34
rect:304 363 36 29 34
Izmit1999_15.jpg 0x0
rect:187 189 310 496 42
Izmit1999_16.jpg 0x0
rect:251 86 50 142 40
rect:122 56 304 258 39
rect:111 48 393 546 33
rect:110 81 135 100 41
Izmit1999_17.jpg 0x0
rect:91 97 165 246 41
Izmit1999_18.jpg 0x0
rect:185 168 174 194 39
rect:229 205 137 176 41
Izmit1999_19.jpg 0x0
rect:257 96 216 164 32
rect:455 186 22 119 50
rect:191 114 309 386 96
rect:515 214 24 92 50
Kobe1995_01.jpg 0x0
rect:34 146 669 158 63
Kobe1995_02.jpg 0x0
rect:2 53 358 460 68
Kobe1995_03.jpg 0x0
rect:44 53 394 451 10
Kobe1995_04.jpg 0x0
rect:356 316 40 57 41
Kobe1995_05.jpg 0x0
rect:41 228 457 63 78
rect:4 158 157 428 40
rect:105 472 333 105 78
rect:119 112 220 386 52
rect:321 162 198 332 40
Kobe1995_06.jpg 0x0
rect:48 168 456 384 41
rect:184 348 327 420 42
Kobe1995_07.jpg 0x0
rect:162 188 52 60 39
rect:252 570 62 46 39
rect:357 201 27 25 39
rect:443 428 22 36 39
rect:334 165 41 44 39
rect:328 116 29 39 39
rect:241 356 39 29 39
rect:312 136 42 45 39
rect:223 313 42 40 39
rect:383 280 29 22 39
rect:278 213 29 35 39
rect:444 191 41 34 39
rect:384 232 44 38 39
rect:136 371 32 42 39
rect:38 324 39 31 39
rect:315 220 31 31 39
rect:128 224 26 24 39
rect:194 414 37 32 39
rect:483 566 40 45 39
rect:83 175 42 54 39
rect:116 130 39 36 39
rect:52 305 49 43 39
rect:194 297 28 36 39
rect:330 220 39 35 39
rect:427 453 48 36 39
rect:217 86 25 41 39
Kobe1995_08.jpg 0x0
rect:209 71 484 264 97
Kobe1995_09.jpg 0x0
rect:77 648 96 74 88
rect:204 615 163 59 97
rect:108 359 64 64 88
rect:87 637 101 107 88
SanSalvador_1986_01.jpg 0x0
rect:69 3 103 239 68
rect:230 165 91 166 41
SanSalvador_1986_02.jpg 0x0
rect:346 174 43 31 42
rect:326 141 21 34 41
rect:170 312 36 31 41
rect:572 173 39 51 41
rect:366 133 33 39 41
rect:245 298 31 53 41
rect:187 286 29 34 41
rect:231 235 34 27 41
rect:524 316 44 48 41
SikkimIndia2001_01.jpg 0x0
rect:270 122 103 150 34
SikkimIndia2001_02.jpg 0x0
rect:404 262 108 16 16
rect:586 136 94 182 33
rect:-11 2 378 115 33
rect:602 120 99 38 16
rect:10 7 223 87 16
rect:9 180 66 41 54
rect:159 86 244 292 33
rect:260 213 83 57 16
SikkimIndia2001_03.jpg 0x0
rect:231 70 75 201 69
rect:225 208 88 137 70
rect:209 8 142 388 98
SikkimIndia2001_04.jpg 0x0
rect:496 255 243 126 99
rect:3 40 226 283 99
rect:293 130 89 180 34
SumatraInd2009_01.jpg 0x0
rect:357 33 56 393 81
SumatraInd2009_02.jpg 0x0
rect:187 83 160 154 41
WhittierNarrows1987_01.jpg 0x0
rect:15 22 658 297 10
WhittierNarrows1987_02.jpg 0x0
rect:143 259 94 186 41
WhittierNarrows1987_03.jpg 0x0
rect:336 167 145 317 32
WhittierNarrows1987_04.jpg 0x0
rect:241 66 77 189 41
rect:251 6 398 61 6
rect:176 10 173 100 100
YogyakartaInd2006_01.jpg 0x0
rect:222 -24 519 643 29
rect:335 123 309 58 49
rect:272 49 353 186 32
YogyakartaInd2006_02.jpg 0x0
rect:391 53 148 545 98
rect:292 104 97 188 70
rect:418 127 49 255 69
