Anchorage1964_01.jpg 0x0
rect:97 468 195 164 1
rect:115 7 231 165 1
Anchorage1964_02.jpg 0x0
rect:279 232 27 68 3
rect:258 297 32 67 3
rect:103 150 43 15 6
rect:636 261 17 73 3
rect:260 42 292 80 4
rect:467 146 98 62 4
rect:544 86 161 89 8
rect:461 334 16 50 3
rect:285 363 18 84 3
rect:258 54 81 68 4
rect:160 307 386 104 2
rect:305 340 25 77 3
rect:23 176 145 58 5
rect:53 35 68 18 6
rect:382 202 26 69 3
rect:402 325 24 78 3
rect:153 105 62 63 7
rect:49 24 188 54 5
rect:95 228 24 23 6
Anchorage1964_03.jpg 0x0
rect:276 105 368 189 9
rect:0 254 512 60 10
rect:2 189 246 85 9
Anchorage1964_04.jpg 0x0
rect:179 157 28 14 5
rect:289 229 25 15 5
rect:321 336 24 17 5
rect:255 298 33 21 5
rect:159 102 27 21 5
rect:337 156 23 15 5
rect:271 457 19 21 1
rect:368 449 24 23 5
rect:146 447 43 16 5
rect:341 447 17 21 1
rect:333 179 22 28 1
rect:204 288 16 17 1
rect:199 292 37 12 5
rect:244 427 6 1 1
rect:292 198 18 28 1
rect:206 414 44 15 5
rect:313 155 25 30 1
rect:215 402 57 15 2
rect:406 82 40 18 5
rect:120 192 41 17 5
rect:150 24 33 17 5
rect:302 470 18 19 1
rect:169 317 17 22 8
rect:308 111 40 19 5
rect:366 115 36 22 5
rect:118 154 33 22 5
rect:150 212 34 23 5
rect:150 477 39 20 5
rect:176 140 21 26 5
rect:314 266 23 24 1
rect:272 365 30 22 5
rect:311 326 17 28 1
rect:446 256 26 24 5
rect:136 59 32 14 5
rect:242 133 41 19 5
rect:198 385 12 21 1
rect:235 34 31 18 5
rect:240 292 17 24 1
rect:363 342 25 19 5
Anchorage1964_05.jpg 0x0
rect:348 205 42 67 1
rect:216 52 77 53 6
rect:559 85 50 77 1
rect:274 175 18 15 11
rect:635 279 65 28 5
rect:211 140 166 73 2
rect:122 193 97 35 6
rect:395 257 57 30 11
rect:133 213 116 22 5
rect:556 220 29 61 1
rect:58 165 22 52 1
rect:521 1 42 40 1
rect:507 169 66 34 5
rect:576 338 36 84 8
rect:415 445 54 68 8
rect:84 85 26 58 1
rect:48 313 20 40 1
rect:227 49 105 26 5
rect:55 180 12 38 1
rect:98 347 21 56 1
rect:108 182 29 54 1
rect:591 329 45 16 6
rect:111 94 15 66 1
rect:585 257 33 59 1
rect:796 288 37 19 6
rect:340 24 26 42 1
rect:120 27 22 33 1
rect:470 93 46 79 1
rect:28 549 29 62 1
Anchorage1964_06.jpg 0x0
rect:161 114 89 282 3
rect:106 60 271 532 12
rect:196 278 89 95 11
Anchorage1964_07.jpg 0x0
rect:286 2 141 55 2
rect:6 433 509 26 14
rect:340 101 180 136 11
rect:316 143 106 66 11
rect:336 164 61 161 3
rect:17 214 254 42 11
rect:8 70 652 312 2
rect:364 149 61 74 13
rect:258 188 379 263 2
Anchorage1964_08.jpg 0x0
rect:55 89 161 155 1
rect:279 232 99 100 1
rect:49 229 84 131 1
rect:430 437 135 130 1
rect:407 23 109 103 1
rect:40 413 122 137 1
Anchorage1964_09.jpg 0x0
rect:570 176 79 91 1
rect:170 119 232 10 15
rect:331 136 129 29 15
rect:778 8 79 10 16
rect:354 176 57 82 1
rect:533 305 65 62 8
rect:70 119 43 12 16
rect:94 49 82 85 8
rect:16 14 74 11 16
rect:13 11 408 12 15
rect:500 29 106 71 8
rect:658 182 1 1 16
rect:10 107 78 25 15
rect:592 140 95 19 15
rect:133 200 93 87 8
rect:13 146 23 9 16
rect:71 163 52 59 1
rect:383 7 227 14 15
rect:205 161 72 54 1
Anchorage1964_10.jpg 0x0
rect:241 368 68 111 17
rect:82 254 345 382 1
rect:122 223 203 102 18
rect:89 391 284 120 18
Anchorage1964_11.jpg 0x0
rect:262 284 368 36 11
rect:481 7 84 51 1
rect:107 442 433 24 14
rect:82 490 428 15 14
rect:283 164 475 17 15
rect:597 107 168 87 1
rect:103 70 170 116 4
rect:113 255 635 53 2
Anchorage1964_12.jpg 0x0
rect:401 62 166 166 11
rect:272 115 63 289 3
rect:431 87 60 191 3
rect:238 247 29 110 3
rect:11 88 660 322 2
Anchorage1964_13.jpg 0x0
rect:324 390 22 127 20
rect:362 597 146 21 2
rect:328 423 84 12 19
Anchorage1964_14.jpg 0x0
rect:305 6 73 126 11
rect:178 754 38 66 22
rect:12 546 237 87 11
rect:27 522 32 50 22
rect:136 13 74 679 20
rect:141 750 43 45 22
rect:254 481 117 82 23
rect:31 777 49 60 22
rect:349 13 79 267 11
rect:70 244 116 38 15
rect:357 166 149 67 15
rect:247 242 80 85 21
Anchorage1964_15.jpg 0x0
rect:201 62 85 448 20
rect:348 7 58 59 4
rect:184 183 25 67 11
rect:194 524 172 56 2
rect:417 209 114 60 11
rect:348 95 54 118 25
rect:459 212 88 30 24
rect:185 182 158 42 15
rect:478 8 112 77 4
Anchorage1964_16.jpg 0x0
rect:237 111 296 126 2
rect:267 217 184 160 11
rect:11 346 82 98 2
rect:11 139 234 230 2
rect:99 267 71 128 11
rect:557 257 152 246 2
Anchorage1964_17.jpg 0x0
rect:352 61 234 190 9
rect:8 207 866 273 10
rect:14 161 289 120 9
Anchorage1964_18.jpg 0x0
rect:289 349 106 21 2
rect:754 283 53 22 2
rect:189 153 92 97 4
rect:652 264 36 23 2
rect:168 391 64 62 11
rect:95 268 14 37 11
rect:359 300 31 45 11
rect:490 246 241 28 15
rect:365 168 78 67 4
rect:460 163 119 89 4
Anchorage1964_19.jpg 0x0
rect:410 223 38 36 28
rect:764 212 8 12 26
rect:454 141 8 14 26
rect:522 111 17 27 26
rect:339 89 32 32 27
rect:677 139 38 32 28
rect:6 218 93 172 26
rect:260 77 49 61 26
rect:308 89 50 94 29
rect:343 136 40 20 26
rect:391 67 53 96 29
rect:723 131 8 7 26
rect:607 129 21 51 29
rect:498 264 19 37 26
rect:21 340 30 86 27
rect:338 317 19 51 26
rect:332 247 9 31 26
rect:365 361 35 77 26
Anchorage1964_20.jpg 0x0
rect:282 71 91 58 27
rect:237 78 93 130 29
rect:159 307 93 139 26
rect:590 648 37 76 26
rect:235 74 84 70 26
Anchorage1964_21.jpg 0x0
rect:2 95 48 30 26
rect:41 366 35 43 26
rect:-6 55 65 149 29
rect:147 164 528 154 30
Bingol2003_01.jpg 0x0
rect:684 233 81 50 6
rect:431 433 189 75 6
rect:109 195 65 51 33
rect:32 222 84 47 33
rect:867 176 89 72 33
rect:554 59 105 74 6
rect:324 251 53 238 32
rect:652 66 169 190 31
rect:238 66 92 21 6
rect:2 288 1089 285 10
rect:978 311 80 48 33
rect:611 419 47 74 34
rect:421 241 46 42 6
rect:591 291 130 209 31
rect:569 130 118 84 6
rect:334 135 80 65 33
rect:972 278 88 68 33
rect:591 255 54 138 34
rect:282 523 106 119 6
Bingol2003_02.jpg 0x0
rect:336 205 368 164 35
rect:580 65 97 87 36
rect:136 385 118 261 32
rect:311 302 525 377 31
rect:212 247 74 298 32
rect:333 398 67 69 6
rect:385 413 111 126 26
rect:164 107 294 200 34
Bingol2003_03.jpg 0x0
rect:1017 538 282 373 2
rect:96 43 91 81 33
rect:497 -10 362 248 4
rect:357 146 159 57 11
rect:617 252 284 422 4
rect:66 21 163 25 2
rect:401 129 449 170 2
Bingol2003_04.jpg 0x0
rect:134 516 22 85 3
rect:182 669 38 60 3
rect:95 749 25 92 3
rect:80 585 95 104 2
rect:204 425 234 166 2
rect:316 573 30 110 3
rect:344 305 198 166 4
rect:357 559 112 82 2
CanterburyNZSeries2010_01.jpg 0x0
rect:90 98 130 211 12
CanterburyNZSeries2010_02.jpg 0x0
rect:66 43 151 246 6
rect:53 8 235 364 37
CanterburyNZSeries2010_03.jpg 0x0
rect:47 84 409 165 38
CanterburyNZSeries2010_04.jpg 0x0
rect:338 417 36 74 40
rect:242 477 14 62 40
rect:259 533 79 217 41
rect:167 460 34 211 40
rect:251 247 227 452 39
rect:279 457 39 140 40
rect:271 11 72 153 42
rect:349 360 31 52 40
CanterburyNZSeries2010_05.jpg 0x0
rect:328 194 144 96 15
rect:239 414 235 291 4
CanterburyNZSeries2010_06.jpg 0x0
rect:65 149 763 588 4
rect:182 251 171 104 2
CanterburyNZSeries2010_08.jpg 0x0
rect:506 122 222 324 43
rect:641 490 71 137 44
rect:565 351 79 138 44
rect:508 483 31 134 32
CanterburyNZSeries2010_09.jpg 0x0
rect:183 279 159 306 39
rect:295 104 189 260 45
CanterburyNZSeries2010_10.jpg 0x0
rect:293 184 225 101 7
rect:234 274 250 68 46
rect:269 586 200 88 6
rect:283 215 253 282 6
CanterburyNZSeries2010_11.jpg 0x0
rect:287 373 250 165 5
rect:220 218 219 100 7
CanterburyNZSeries2010_12.jpg 0x0
rect:705 465 144 45 11
rect:35 406 921 255 2
rect:5 210 827 499 47
rect:228 604 162 44 11
CanterburyNZSeries2010_13.jpg 0x0
rect:199 18 449 774 12
rect:557 185 106 417 11
Caracas1967_01.jpg 0x0
rect:547 85 205 259 48
rect:326 167 37 84 48
rect:411 145 95 96 48
rect:394 131 12 63 48
Caracas1967_02.jpg 0x0
rect:260 1 121 185 15
rect:122 442 35 31 50
rect:230 172 187 261 51
rect:119 487 39 62 49
Caracas1967_03.jpg 0x0
rect:369 422 29 83 27
rect:18 276 259 86 6
rect:324 286 110 206 34
rect:203 80 101 100 14
rect:324 273 48 89 26
rect:195 259 27 67 27
Caracas1967_04.jpg 0x0
rect:175 382 56 118 26
rect:130 243 185 211 34
rect:184 367 20 87 27
Caracas1967_05.jpg 0x0
rect:330 238 144 190 52
rect:230 346 61 216 40
rect:116 393 45 279 40
rect:389 277 35 212 40
rect:52 448 172 209 52
rect:222 219 43 170 40
rect:31 75 286 785 48
rect:409 202 40 187 40
rect:50 277 88 205 40
rect:33 183 262 555 41
Caracas1967_06.jpg 0x0
rect:345 93 328 245 7
rect:435 317 103 46 6
Caracas1967_07.jpg 0x0
rect:380 49 36 201 27
rect:354 7 100 295 34
rect:267 122 37 211 27
rect:582 346 121 125 53
rect:403 333 108 72 53
rect:428 237 151 244 34
rect:146 118 136 166 34
Caracas1967_08.jpg 0x0
rect:474 147 67 171 54
rect:243 379 66 128 55
rect:219 359 45 127 54
Caracas1967_09.jpg 0x0
rect:136 178 72 87 48
rect:19 170 44 52 48
rect:87 237 64 71 48
rect:412 14 237 124 48
Caracas1967_10.jpg 0x0
rect:479 421 56 161 40
rect:326 229 78 163 40
rect:22 146 393 369 48
rect:34 246 193 406 41
Caracas1967_11.jpg 0x0
rect:40 14 545 895 48
rect:239 15 205 292 41
rect:48 211 231 412 41
Caracas1967_12.jpg 0x0
rect:577 277 18 53 32
rect:196 316 19 36 56
rect:467 221 19 54 32
rect:416 256 40 45 34
Caracas1967_13.jpg 0x0
rect:172 265 128 285 55
Caracas1967_14.jpg 0x0
rect:107 134 782 198 57
rect:160 350 318 48 6
Chichi1999_01.jpg 0x0
rect:296 116 54 152 42
rect:4 8 554 149 58
Chichi1999_02.jpg 0x0
rect:393 140 176 366 59
rect:6 71 301 147 58
Chichi1999_03.jpg 0x0
rect:91 196 43 87 60
rect:0 165 700 174 58
Chichi1999_04.jpg 0x0
rect:229 -20 42 120 48
rect:264 220 22 65 52
rect:154 221 82 438 48
Chichi1999_05.jpg 0x0
rect:506 157 40 98 52
rect:392 138 94 273 48
rect:344 146 51 39 41
rect:364 200 38 23 41
Chichi1999_06.jpg 0x0
rect:374 222 27 40 52
rect:648 179 28 65 41
rect:228 153 72 83 62
rect:147 15 391 166 10
rect:693 -14 99 54 61
rect:375 272 52 106 48
Chichi1999_07.jpg 0x0
rect:574 318 18 22 64
rect:68 266 578 165 63
rect:289 170 30 30 64
rect:138 198 19 55 64
rect:376 259 48 110 48
rect:766 232 48 118 48
rect:137 224 46 149 48
Chichi1999_08.jpg 0x0
rect:80 15 508 415 10
Chichi1999_09.jpg 0x0
rect:283 118 27 67 40
rect:240 115 97 67 41
rect:182 52 227 145 48
rect:208 83 62 87 40
Chichi1999_10.jpg 0x0
rect:189 20 628 494 10
Chichi1999_11.jpg 0x0
rect:2 132 141 592 10
rect:138 222 79 116 65
Chichi1999_12.jpg 0x0
rect:9 19 469 836 66
Chichi1999_13.jpg 0x0
rect:34 54 591 455 10
Chichi1999_14.jpg 0x0
rect:239 240 29 74 67
rect:92 487 33 37 67
rect:148 512 28 55 67
rect:194 347 32 35 39
rect:207 406 36 40 67
rect:126 242 73 43 67
rect:149 422 26 49 67
rect:133 307 35 53 67
rect:432 453 88 59 67
rect:382 261 38 53 39
rect:95 385 49 34 67
rect:158 205 15 54 67
rect:224 444 25 23 39
rect:286 638 32 44 39
rect:129 473 71 60 67
rect:116 406 57 47 67
rect:359 331 45 41 67
Chichi1999_15.jpg 0x0
rect:273 37 248 465 41
Chichi1999_16.jpg 0x0
rect:123 105 85 133 32
Chichi1999_17.jpg 0x0
rect:95 255 25 47 32
Chichi1999_18.jpg 0x0
rect:273 186 28 109 69
rect:141 167 29 75 69
rect:364 222 27 158 69
rect:288 413 52 86 70
rect:166 137 157 378 68
rect:206 203 23 126 69
Chichi1999_19.jpg 0x0
rect:289 96 177 281 3
rect:177 20 286 480 2
YogyakartaInd2006_03.jpg 0x0
rect:157 314 284 27 15
rect:417 55 122 44 15
rect:198 111 82 25 15
rect:395 97 74 52 16
rect:304 155 28 9 16
rect:314 471 48 34 16
rect:290 276 317 128 71
rect:292 29 115 2 15
Chichi1999_20.jpg 0x0
rect:230 153 103 400 42
rect:194 305 46 244 41
Chichi1999_21.jpg 0x0
rect:21 4 259 121 30
rect:555 7 91 101 57
rect:98 386 200 105 5
rect:298 328 91 90 6
rect:131 349 223 137 37
rect:285 132 199 94 6
rect:348 44 283 175 37
rect:204 83 194 302 72
Chichi1999_22.jpg 0x0
rect:337 290 21 20 73
rect:265 193 12 27 73
rect:395 236 19 18 73
rect:180 115 233 188 10
Chichi1999_23.jpg 0x0
rect:139 122 31 34 34
rect:303 198 37 23 27
rect:144 394 48 101 34
rect:4 87 410 206 74
rect:369 235 45 42 73
rect:306 223 43 94 34
rect:126 139 71 40 73
rect:335 194 27 32 26
rect:144 416 46 102 73
rect:351 379 98 102 73
Chichi1999_24.jpg 0x0
rect:364 314 1 2 46
rect:3 287 352 246 74
rect:288 210 32 61 46
rect:215 130 105 83 75
rect:178 238 49 38 34
Chichi1999_25.jpg 0x0
rect:182 311 55 85 26
rect:163 164 207 413 73
rect:168 196 131 170 34
Chichi1999_26.jpg 0x0
rect:88 448 158 165 73
rect:103 641 97 120 27
rect:213 21 63 24 73
rect:186 189 67 137 73
rect:173 589 81 85 26
rect:187 310 139 471 76
Chichi1999_27.jpg 0x0
rect:128 266 105 259 32
Chichi1999_28.jpg 0x0
rect:173 98 157 231 5
rect:370 160 121 167 75
rect:23 89 348 95 6
rect:189 250 218 133 77
Chichi1999_29.jpg 0x0
rect:141 301 86 159 52
rect:213 149 143 144 40
rect:99 267 137 338 48
Chichi1999_30.jpg 0x0
rect:171 125 148 72 52
rect:237 167 203 56 78
rect:31 263 132 203 73
rect:210 88 246 240 40
Chichi1999_31.jpg 0x0
rect:487 123 46 235 48
rect:151 101 98 270 79
Chichi1999_32.jpg 0x0
rect:112 7 131 476 80
rect:201 158 26 181 81
rect:137 62 42 115 81
rect:450 125 45 176 39
Chichi1999_33.jpg 0x0
rect:101 80 98 311 32
rect:54 53 110 594 33
rect:193 127 98 173 56
rect:226 80 123 369 32
rect:286 180 47 155 49
rect:172 113 47 124 49
Chichi1999_34.jpg 0x0
rect:166 114 453 320 10
Duzce1999_01.jpg 0x0
rect:134 190 132 116 41
rect:106 58 110 409 39
Duzce1999_02.jpg 0x0
rect:105 43 104 480 41
Duzce1999_03.jpg 0x0
rect:286 142 106 321 31
rect:90 93 106 246 42
rect:0 222 110 316 31
Gediz1970_01.jpg 0x0
rect:128 143 298 405 68
rect:242 437 89 243 69
rect:149 289 98 370 69
Guatemala1976_01.jpg 0x0
rect:56 139 34 62 41
rect:53 252 53 63 52
rect:55 197 82 115 48
rect:573 191 165 118 48
rect:558 212 63 96 41
rect:17 125 627 161 82
Guatemala1976_02.jpg 0x0
rect:305 61 88 89 40
rect:198 72 364 328 48
Guatemala1976_03.jpg 0x0
rect:20 99 771 304 75
Guatemala1976_04.jpg 0x0
rect:514 318 80 281 4
rect:124 23 250 83 30
rect:48 56 566 301 30
rect:454 145 125 299 4
Guatemala1976_05.jpg 0x0
rect:252 171 269 157 41
rect:163 97 513 463 48
rect:201 157 301 207 40
Guatemala1976_06.jpg 0x0
rect:157 96 176 512 39
Guatemala1976_07.jpg 0x0
rect:18 240 52 60 6
rect:19 198 602 399 10
rect:265 595 108 105 83
Guatemala1976_08.jpg 0x0
rect:131 33 348 519 48
rect:228 64 381 465 41
rect:340 78 180 347 40
Guatemala1976_09.jpg 0x0
rect:356 260 90 30 85
rect:80 379 28 28 84
rect:145 309 36 23 84
rect:174 172 57 53 85
rect:563 411 73 79 84
rect:751 310 45 45 85
rect:91 335 42 29 85
rect:263 239 47 51 84
Guatemala1976_10.jpg 0x0
rect:235 136 202 214 87
rect:265 435 35 154 87
rect:201 175 317 217 86
Guatemala1976_11.jpg 0x0
rect:209 314 165 267 34
GujaratIndia2001_01.jpg 0x0
rect:74 379 73 34 2
rect:37 417 233 153 4
rect:197 364 225 84 2
rect:331 443 44 67 11
Haiti2010_01.jpg 0x0
rect:97 33 115 106 7
rect:370 198 94 86 4
rect:542 503 175 283 4
rect:202 202 28 164 40
rect:264 147 142 461 41
Haiti2010_02.jpg 0x0
rect:37 105 507 263 88
rect:297 29 216 49 14
Haiti2010_03.jpg 0x0
rect:195 587 82 68 49
rect:243 370 254 239 32
rect:281 426 197 171 89
rect:261 1 51 422 32
Haiti2010_04.jpg 0x0
rect:2 179 293 195 6
rect:150 402 302 546 41
rect:204 50 252 313 34
Haiti2010_05.jpg 0x0
rect:182 304 33 101 40
rect:290 153 362 645 90
rect:440 293 36 93 40
rect:305 259 160 104 52
Haiti2010_06.jpg 0x0
rect:478 221 420 612 91
rect:174 321 380 401 91
rect:221 201 46 48 34
rect:308 172 154 309 33
rect:335 233 74 42 6
rect:464 177 69 99 34
rect:586 272 82 300 32
ImperialValley1979_01.jpg 0x0
rect:528 363 35 27 50
rect:75 236 100 102 50
rect:12 329 84 63 49
rect:13 310 165 143 32
rect:407 402 20 19 49
rect:415 268 41 35 32
rect:494 304 25 27 49
rect:251 223 46 57 50
rect:460 242 56 54 32
rect:467 420 50 25 49
rect:628 410 40 37 32
ImperialValley1979_02.jpg 0x0
rect:141 129 357 84 92
rect:150 77 155 276 32
rect:416 138 76 223 50
rect:242 216 160 61 49
rect:192 143 52 197 50
rect:394 166 36 146 50
ImperialValley1979_03.jpg 0x0
rect:358 240 77 236 50
rect:133 290 236 227 32
rect:158 214 175 141 32
rect:92 209 95 180 50
rect:160 282 81 183 50
rect:130 437 335 32 92
rect:140 315 288 29 92
Izmit1999_01.jpg 0x0
rect:213 168 34 110 27
rect:480 260 71 89 26
rect:281 212 31 116 27
rect:180 71 256 422 34
rect:231 66 55 131 27
Izmit1999_02.jpg 0x0
rect:23 123 881 305 10
Izmit1999_03.jpg 0x0
rect:355 113 37 275 50
rect:156 156 417 40 92
rect:480 106 48 313 50
rect:200 92 47 202 50
rect:264 180 32 228 50
rect:188 48 412 287 93
rect:542 81 42 247 50
rect:172 75 348 402 32
Izmit1999_04.jpg 0x0
rect:150 333 182 59 88
rect:391 78 84 107 48
rect:89 505 201 170 88
rect:324 264 25 80 40
rect:71 382 36 79 42
rect:283 434 16 66 40
rect:69 554 63 136 41
rect:59 369 73 50 34
rect:244 350 105 95 41
rect:232 89 79 67 41
Izmit1999_05.jpg 0x0
rect:118 27 613 437 10
Izmit1999_06.jpg 0x0
rect:263 293 41 170 50
rect:112 216 53 230 50
rect:126 144 163 380 32
rect:113 265 74 298 50
rect:247 197 37 191 50
rect:206 307 134 68 49
Izmit1999_07.jpg 0x0
rect:323 143 39 95 3
rect:188 299 36 119 3
rect:249 68 180 33 6
rect:295 271 107 276 4
rect:267 176 57 122 3
rect:296 111 83 76 3
rect:17 95 473 522 2
Izmit1999_08.jpg 0x0
rect:186 299 117 90 45
rect:608 76 63 25 52
rect:179 149 81 89 41
rect:483 105 53 87 41
rect:223 248 145 107 88
rect:183 27 64 128 34
rect:546 6 88 94 45
Izmit1999_09.jpg 0x0
rect:39 145 32 42 41
rect:539 177 56 66 41
rect:549 267 78 77 94
rect:445 280 141 87 94
rect:441 274 97 80 41
rect:333 166 43 24 41
Izmit1999_10.jpg 0x0
rect:80 106 100 134 40
rect:127 283 144 35 78
rect:391 447 99 102 40
rect:32 222 435 33 78
rect:128 238 220 63 78
rect:279 212 64 166 40
rect:97 108 358 554 41
rect:217 578 53 83 40
rect:333 408 59 34 78
rect:210 86 100 192 40
rect:111 203 65 261 40
Izmit1999_11.jpg 0x0
rect:276 445 128 89 41
rect:259 204 58 115 40
rect:258 320 58 140 40
rect:182 385 67 204 40
rect:260 199 175 225 41
Izmit1999_12.jpg 0x0
rect:15 88 43 22 6
rect:239 248 91 118 94
rect:41 301 56 65 52
rect:394 118 57 24 6
rect:420 238 45 87 42
rect:381 156 230 243 91
rect:342 116 42 96 41
rect:99 326 35 36 40
rect:442 24 70 54 34
rect:548 204 71 38 7
rect:222 333 93 160 41
rect:371 408 50 86 52
rect:124 198 99 85 88
rect:325 150 42 73 45
rect:52 243 44 76 94
rect:68 78 36 23 6
rect:1 285 41 43 41
rect:399 254 59 65 41
Izmit1999_13.jpg 0x0
rect:223 103 84 108 41
rect:462 156 88 220 41
rect:352 94 231 458 48
rect:94 89 43 52 6
rect:184 331 37 89 41
rect:138 201 126 131 94
rect:265 220 40 101 41
rect:110 340 79 74 52
rect:5 77 89 201 42
Izmit1999_14.jpg 0x0
rect:286 36 54 63 95
rect:504 204 67 34 34
rect:590 290 57 37 34
rect:68 142 78 73 34
rect:237 431 49 42 34
rect:372 373 45 20 34
rect:307 63 85 53 34
rect:288 6 144 97 35
rect:354 131 83 80 35
Izmit1999_15.jpg 0x0
rect:132 218 220 336 42
Izmit1999_16.jpg 0x0
rect:264 128 53 91 40
rect:138 85 185 143 41
rect:102 87 218 237 39
rect:67 48 480 510 33
Izmit1999_17.jpg 0x0
rect:133 98 250 296 41
Izmit1999_18.jpg 0x0
rect:212 163 125 156 41
rect:219 156 139 210 39
Izmit1999_19.jpg 0x0
rect:307 144 268 226 32
rect:613 126 29 108 50
rect:306 91 196 438 96
rect:501 207 24 73 50
Kobe1995_01.jpg 0x0
rect:25 129 886 108 63
Kobe1995_02.jpg 0x0
rect:2 63 653 458 68
Kobe1995_03.jpg 0x0
rect:41 57 468 516 10
Kobe1995_04.jpg 0x0
rect:405 404 57 41 41
Kobe1995_05.jpg 0x0
rect:229 191 185 380 40
rect:158 217 171 504 52
rect:4 129 115 701 40
rect:53 221 312 59 78
rect:89 736 348 137 78
Kobe1995_06.jpg 0x0
rect:239 449 345 338 42
rect:59 178 352 453 41
Kobe1995_07.jpg 0x0
rect:510 329 35 29 39
rect:31 436 31 25 39
rect:317 82 21 29 39
rect:387 120 52 47 39
rect:364 220 35 34 39
rect:151 246 42 52 39
rect:413 334 22 46 39
rect:109 298 31 25 39
rect:85 273 26 50 39
rect:439 282 39 58 39
rect:177 96 29 29 39
rect:128 378 38 38 39
rect:267 499 53 32 39
rect:231 251 31 23 39
rect:48 242 47 59 39
rect:265 373 31 40 39
rect:148 350 45 27 39
rect:194 267 30 42 39
rect:481 150 40 47 39
rect:472 152 38 44 39
rect:534 425 36 41 39
rect:133 242 37 51 39
rect:250 269 29 54 39
rect:555 360 26 51 39
rect:155 357 35 41 39
rect:240 217 26 38 39
Kobe1995_08.jpg 0x0
rect:280 46 573 155 97
Kobe1995_09.jpg 0x0
rect:76 391 66 62 88
rect:120 688 96 67 88
rect:96 687 91 95 88
rect:145 494 183 78 97
SanSalvador_1986_01.jpg 0x0
rect:229 136 148 212 41
rect:57 3 128 290 68
SanSalvador_1986_02.jpg 0x0
rect:420 354 22 30 41
rect:431 146 21 19 41
rect:209 278 36 35 41
rect:357 161 56 31 41
rect:354 166 27 28 41
rect:617 263 33 57 41
rect:152 256 36 51 41
rect:125 168 24 33 41
rect:565 177 44 47 42
SikkimIndia2001_01.jpg 0x0
rect:236 159 109 91 34
SikkimIndia2001_02.jpg 0x0
rect:10 6 328 86 16
rect:349 190 72 51 16
rect:424 87 110 197 33
rect:7 124 82 40 54
rect:316 145 97 42 16
rect:535 199 106 22 16
rect:-16 2 486 79 33
rect:231 71 193 470 33
SikkimIndia2001_03.jpg 0x0
rect:288 170 119 212 70
rect:149 67 62 157 69
rect:196 9 160 433 98
SikkimIndia2001_04.jpg 0x0
rect:359 216 115 120 34
rect:3 22 183 347 99
rect:303 149 251 87 99
SumatraInd2009_01.jpg 0x0
rect:287 19 46 266 81
SumatraInd2009_02.jpg 0x0
rect:214 92 223 147 41
WhittierNarrows1987_01.jpg 0x0
rect:17 27 815 477 10
WhittierNarrows1987_02.jpg 0x0
rect:158 235 119 186 41
WhittierNarrows1987_03.jpg 0x0
rect:335 163 111 182 32
WhittierNarrows1987_04.jpg 0x0
rect:298 13 334 104 100
rect:278 75 108 182 41
rect:236 6 310 66 6
YogyakartaInd2006_01.jpg 0x0
rect:253 48 380 316 32
rect:142 -21 407 338 29
rect:267 183 335 74 49
YogyakartaInd2006_02.jpg 0x0
rect:265 59 97 306 98
rect:250 97 55 227 69
rect:462 96 89 234 70
