Anchorage1964_01.jpg 0x0
rect:86 5 212 202 1
rect:101 428 274 177 1
Anchorage1964_02.jpg 0x0
rect:114 181 25 21 6
rect:220 200 31 64 3
rect:160 216 58 18 6
rect:287 34 285 102 4
rect:29 20 129 57 5
rect:243 291 329 106 2
rect:221 330 33 72 3
rect:353 354 21 65 3
rect:355 333 22 66 3
rect:698 215 17 45 3
rect:152 161 86 62 7
rect:405 226 25 79 3
rect:203 303 33 69 3
rect:51 27 99 14 6
rect:158 64 113 91 4
rect:24 144 109 43 5
rect:376 77 122 114 8
rect:316 210 24 64 3
rect:531 242 80 66 4
Anchorage1964_03.jpg 0x0
rect:331 78 441 174 9
rect:2 272 197 84 9
rect:0 307 757 49 10
Anchorage1964_04.jpg 0x0
rect:400 294 35 19 5
rect:337 130 35 18 5
rect:307 377 33 14 5
rect:402 305 28 22 5
rect:171 381 26 19 5
rect:132 44 28 12 5
rect:150 125 24 16 5
rect:178 408 15 25 1
rect:163 462 36 19 5
rect:292 127 11 25 1
rect:321 474 25 23 1
rect:407 59 32 14 5
rect:457 183 31 21 5
rect:374 352 10 23 1
rect:356 522 29 20 5
rect:268 395 14 19 1
rect:197 138 23 24 5
rect:239 190 25 17 5
rect:305 300 18 37 1
rect:247 231 29 15 5
rect:368 266 24 23 1
rect:171 426 54 14 2
rect:163 413 28 16 5
rect:449 134 26 22 5
rect:270 132 31 17 5
rect:113 76 32 17 5
rect:345 239 17 25 1
rect:202 152 35 19 5
rect:202 188 33 23 5
rect:291 24 37 20 5
rect:238 175 28 15 5
rect:193 272 18 26 8
rect:256 373 8 1 1
rect:233 155 26 37 1
rect:211 420 29 16 5
rect:361 148 21 24 1
rect:196 18 20 14 5
rect:174 290 34 13 5
rect:274 278 22 24 1
Anchorage1964_05.jpg 0x0
rect:182 36 99 55 6
rect:374 199 31 20 11
rect:421 520 38 84 8
rect:614 209 43 29 6
rect:538 375 67 25 5
rect:491 28 39 70 1
rect:60 296 21 41 1
rect:88 24 24 31 1
rect:576 252 31 63 1
rect:46 289 18 55 1
rect:85 196 23 55 1
rect:420 59 53 66 1
rect:596 313 76 42 5
rect:546 396 55 14 6
rect:76 70 25 34 1
rect:180 57 64 33 5
rect:106 116 12 56 1
rect:30 323 24 60 1
rect:490 232 38 49 8
rect:350 169 19 26 11
rect:335 104 29 56 1
rect:355 210 96 74 2
rect:386 1 49 63 1
rect:73 138 20 49 1
rect:549 327 68 76 1
rect:191 169 118 27 5
rect:196 121 148 36 6
rect:356 175 28 52 1
rect:41 217 26 52 1
Anchorage1964_06.jpg 0x0
rect:91 65 190 359 12
rect:148 170 105 389 3
rect:203 245 85 67 11
Anchorage1964_07.jpg 0x0
rect:193 2 127 55 2
rect:269 164 63 108 3
rect:450 150 102 116 11
rect:389 224 354 158 2
rect:258 107 174 143 11
rect:6 55 527 478 2
rect:426 146 54 138 13
rect:8 370 458 39 14
rect:17 280 320 29 11
Anchorage1964_08.jpg 0x0
rect:442 219 100 103 1
rect:240 42 83 75 1
rect:62 55 129 121 1
rect:412 562 140 102 1
rect:58 205 83 89 1
rect:43 388 116 142 1
Anchorage1964_09.jpg 0x0
rect:667 94 106 19 15
rect:16 118 20 10 16
rect:648 168 78 90 1
rect:366 143 69 72 1
rect:365 121 71 30 15
rect:111 41 98 81 8
rect:556 10 128 11 16
rect:135 231 95 79 8
rect:13 151 125 23 15
rect:698 340 90 87 8
rect:449 36 75 59 8
rect:415 7 388 9 15
rect:50 123 43 10 16
rect:640 218 1 1 16
rect:13 15 400 16 15
rect:121 206 85 83 1
rect:108 105 378 11 15
rect:310 178 81 85 1
rect:13 18 43 12 16
Anchorage1964_10.jpg 0x0
rect:191 213 275 73 18
rect:60 543 355 119 18
rect:210 362 76 111 17
rect:87 183 417 268 1
Anchorage1964_11.jpg 0x0
rect:346 292 204 26 11
rect:68 302 442 26 14
rect:560 6 140 35 1
rect:487 108 170 107 1
rect:94 530 482 16 14
rect:154 64 131 90 4
rect:91 201 509 83 2
rect:276 160 447 26 15
Anchorage1964_12.jpg 0x0
rect:12 100 664 316 2
rect:297 111 39 181 3
rect:440 107 233 123 11
rect:368 78 45 267 3
rect:243 202 32 115 3
Anchorage1964_13.jpg 0x0
rect:555 348 37 122 20
rect:331 681 157 31 2
rect:489 558 108 12 19
Anchorage1964_14.jpg 0x0
rect:86 328 155 28 15
rect:289 273 212 44 15
rect:158 695 52 63 22
rect:362 9 84 250 11
rect:314 651 146 105 23
rect:25 472 35 74 22
rect:385 5 64 161 11
rect:13 672 161 67 11
rect:53 540 61 82 22
rect:172 317 67 113 21
rect:141 635 41 76 22
rect:145 12 85 567 20
Anchorage1964_15.jpg 0x0
rect:298 7 55 53 4
rect:166 162 41 59 11
rect:156 280 204 38 15
rect:357 7 99 76 4
rect:295 160 102 35 11
rect:214 70 78 374 20
rect:293 448 245 54 2
rect:213 145 62 65 25
rect:329 202 87 25 24
Anchorage1964_16.jpg 0x0
rect:10 90 256 191 2
rect:18 406 83 86 2
rect:401 193 106 192 2
rect:169 79 204 115 2
rect:60 370 100 81 11
rect:275 255 237 253 11
Anchorage1964_17.jpg 0x0
rect:254 62 172 171 9
rect:8 188 790 195 10
rect:12 154 238 107 9
Anchorage1964_18.jpg 0x0
rect:334 210 130 100 4
rect:440 222 95 17 2
rect:609 155 131 75 4
rect:489 228 84 18 2
rect:169 228 24 63 11
rect:448 223 41 53 11
rect:371 392 43 20 2
rect:123 231 62 54 11
rect:168 241 85 86 4
rect:445 350 267 26 15
Anchorage1964_19.jpg 0x0
rect:242 349 62 93 26
rect:391 113 28 35 27
rect:599 165 8 15 26
rect:347 168 38 35 28
rect:276 310 25 44 26
rect:778 148 8 7 26
rect:567 140 7 12 26
rect:5 305 97 180 26
rect:459 248 10 20 26
rect:338 94 75 139 29
rect:594 191 42 44 28
rect:440 107 19 46 26
rect:277 107 52 55 26
rect:322 109 31 35 26
rect:514 195 14 22 26
rect:34 197 27 88 27
rect:439 170 22 68 29
rect:369 110 40 93 29
Anchorage1964_20.jpg 0x0
rect:395 425 30 94 26
rect:144 88 86 59 26
rect:195 427 94 105 26
rect:210 105 64 49 27
rect:231 50 170 161 29
Anchorage1964_21.jpg 0x0
rect:201 147 455 164 30
rect:2 71 37 48 26
rect:-7 70 112 140 29
rect:56 355 23 36 26
Bingol2003_01.jpg 0x0
rect:527 201 61 56 6
rect:471 175 42 84 34
rect:753 273 75 77 33
rect:305 154 80 48 33
rect:232 101 86 23 6
rect:583 151 111 71 33
rect:332 227 39 261 32
rect:342 319 39 49 34
rect:2 404 881 266 10
rect:355 330 124 202 31
rect:28 198 71 86 33
rect:438 245 65 74 6
rect:108 179 53 91 33
rect:562 79 61 72 6
rect:712 364 128 75 6
rect:642 110 141 211 31
rect:347 431 108 74 6
rect:766 393 107 31 33
rect:709 106 81 79 6
Bingol2003_02.jpg 0x0
rect:463 377 60 89 6
rect:229 232 819 475 31
rect:657 414 93 97 26
rect:147 593 186 219 32
rect:926 64 140 73 36
rect:228 226 91 350 32
rect:357 180 550 121 35
rect:136 124 336 150 34
Bingol2003_03.jpg 0x0
rect:436 129 285 230 2
rect:827 429 243 449 2
rect:92 28 114 35 2
rect:459 175 217 60 11
rect:516 259 277 703 4
rect:792 -8 310 158 4
rect:105 52 112 94 33
Bingol2003_04.jpg 0x0
rect:97 725 31 82 3
rect:335 739 84 68 2
rect:237 431 41 136 3
rect:95 492 33 53 3
rect:205 306 237 169 2
rect:52 623 69 63 2
rect:150 639 37 80 3
rect:313 265 182 128 4
CanterburyNZSeries2010_01.jpg 0x0
rect:74 131 171 261 12
CanterburyNZSeries2010_02.jpg 0x0
rect:62 54 118 210 6
rect:41 10 226 217 37
CanterburyNZSeries2010_03.jpg 0x0
rect:57 53 250 176 38
CanterburyNZSeries2010_04.jpg 0x0
rect:335 9 99 150 42
rect:421 525 23 45 40
rect:259 332 264 336 39
rect:360 307 63 164 40
rect:295 541 29 91 40
rect:288 305 35 138 40
rect:385 388 14 81 40
rect:142 514 102 243 41
CanterburyNZSeries2010_05.jpg 0x0
rect:236 480 212 340 4
rect:305 227 171 74 15
CanterburyNZSeries2010_06.jpg 0x0
rect:48 125 843 589 4
rect:260 250 183 122 2
CanterburyNZSeries2010_08.jpg 0x0
rect:659 481 41 226 32
rect:611 178 218 294 43
rect:1116 690 56 127 44
rect:620 289 91 123 44
CanterburyNZSeries2010_09.jpg 0x0
rect:325 311 180 271 39
rect:178 135 215 238 45
CanterburyNZSeries2010_10.jpg 0x0
rect:320 313 234 97 46
rect:339 125 289 135 7
rect:277 312 220 122 6
rect:254 182 302 270 6
CanterburyNZSeries2010_11.jpg 0x0
rect:287 247 319 135 7
rect:379 359 362 213 5
CanterburyNZSeries2010_12.jpg 0x0
rect:53 441 648 251 2
rect:231 449 107 35 11
rect:5 224 1032 400 47
rect:633 430 150 48 11
CanterburyNZSeries2010_13.jpg 0x0
rect:160 13 439 654 12
rect:393 221 85 553 11
Caracas1967_01.jpg 0x0
rect:318 70 162 309 48
rect:232 211 8 74 48
rect:349 192 62 119 48
rect:288 179 49 79 48
Caracas1967_02.jpg 0x0
rect:158 519 43 75 49
rect:209 224 235 314 51
rect:232 1 85 165 15
rect:113 521 40 47 50
Caracas1967_03.jpg 0x0
rect:207 256 143 148 34
rect:277 56 97 110 14
rect:19 481 230 121 6
rect:237 318 33 44 27
rect:246 262 35 87 27
rect:384 479 73 58 26
Caracas1967_04.jpg 0x0
rect:179 441 20 119 27
rect:94 289 166 152 34
rect:184 369 48 139 26
Caracas1967_05.jpg 0x0
rect:403 282 33 154 40
rect:186 286 56 164 40
rect:262 349 65 209 40
rect:222 205 180 152 52
rect:31 84 294 483 48
rect:107 424 47 297 40
rect:57 316 196 176 52
rect:76 406 58 194 40
rect:37 162 456 492 41
rect:344 205 50 331 40
Caracas1967_06.jpg 0x0
rect:407 106 269 193 7
rect:259 310 87 44 6
Caracas1967_07.jpg 0x0
rect:132 161 178 207 34
rect:412 299 114 247 34
rect:493 301 115 125 53
rect:167 100 47 245 27
rect:478 55 29 191 27
rect:507 332 75 62 53
rect:461 10 114 244 34
Caracas1967_08.jpg 0x0
rect:285 219 81 102 54
rect:306 322 72 136 54
rect:190 287 69 71 55
Caracas1967_09.jpg 0x0
rect:32 235 42 70 48
rect:391 15 257 205 48
rect:80 186 54 78 48
rect:189 192 73 85 48
Caracas1967_10.jpg 0x0
rect:347 235 56 148 40
rect:354 234 82 181 40
rect:18 143 447 366 48
rect:43 228 228 381 41
Caracas1967_11.jpg 0x0
rect:42 15 402 865 48
rect:254 13 179 348 41
rect:70 310 275 517 41
Caracas1967_12.jpg 0x0
rect:730 436 26 49 32
rect:583 214 16 44 32
rect:675 295 36 45 34
rect:286 361 29 54 56
Caracas1967_13.jpg 0x0
rect:127 384 104 218 55
Caracas1967_14.jpg 0x0
rect:92 140 722 186 57
rect:171 331 307 46 6
Chichi1999_01.jpg 0x0
rect:361 168 40 186 42
rect:4 7 816 176 58
Chichi1999_02.jpg 0x0
rect:5 82 296 125 58
rect:373 82 247 310 59
Chichi1999_03.jpg 0x0
rect:0 163 646 233 58
rect:68 177 79 128 60
Chichi1999_04.jpg 0x0
rect:288 170 25 49 52
rect:217 -18 45 93 48
rect:261 250 65 331 48
Chichi1999_05.jpg 0x0
rect:372 196 44 82 52
rect:378 148 63 37 41
rect:339 164 83 238 48
rect:406 237 33 40 41
Chichi1999_06.jpg 0x0
rect:623 226 52 73 41
rect:370 150 36 120 48
rect:334 181 19 35 52
rect:495 -13 69 53 61
rect:172 12 635 177 10
rect:376 130 41 48 62
Chichi1999_07.jpg 0x0
rect:355 204 39 151 48
rect:613 293 50 80 48
rect:541 204 14 16 64
rect:178 218 62 148 48
rect:56 184 737 177 63
rect:174 212 18 47 64
rect:418 296 36 37 64
Chichi1999_08.jpg 0x0
rect:98 15 683 582 10
Chichi1999_09.jpg 0x0
rect:197 72 188 232 48
rect:218 109 45 84 40
rect:325 110 42 83 40
rect:228 113 123 86 41
Chichi1999_10.jpg 0x0
rect:115 19 422 485 10
Chichi1999_11.jpg 0x0
rect:134 252 109 90 65
rect:2 123 169 630 10
Chichi1999_12.jpg 0x0
rect:8 22 385 765 66
Chichi1999_13.jpg 0x0
rect:34 61 580 293 10
Chichi1999_14.jpg 0x0
rect:233 373 40 53 39
rect:87 661 34 57 67
rect:432 537 72 51 67
rect:174 358 31 51 67
rect:197 242 90 64 67
rect:133 389 23 44 67
rect:328 576 44 69 67
rect:327 523 34 47 39
rect:222 243 42 56 67
rect:142 271 30 59 67
rect:192 384 27 27 67
rect:214 382 26 22 39
rect:203 312 16 45 67
rect:84 370 53 55 67
rect:74 317 35 34 67
rect:101 275 80 55 67
rect:270 425 17 38 39
Chichi1999_15.jpg 0x0
rect:231 21 289 546 41
Chichi1999_16.jpg 0x0
rect:199 101 70 127 32
Chichi1999_17.jpg 0x0
rect:136 375 32 45 32
Chichi1999_18.jpg 0x0
rect:183 156 170 446 68
rect:358 285 22 179 69
rect:240 175 49 131 69
rect:120 195 24 105 69
rect:246 393 51 137 70
rect:264 178 28 169 69
Chichi1999_19.jpg 0x0
rect:261 115 224 337 3
rect:268 24 350 286 2
YogyakartaInd2006_03.jpg 0x0
rect:209 21 97 2 15
rect:437 71 152 60 15
rect:274 132 65 24 15
rect:194 214 321 107 71
rect:280 92 78 52 16
rect:277 358 276 39 15
rect:254 381 47 35 16
rect:300 114 15 7 16
Chichi1999_20.jpg 0x0
rect:186 401 74 209 41
rect:227 173 143 328 42
Chichi1999_21.jpg 0x0
rect:92 383 201 143 5
rect:208 146 202 322 72
rect:451 27 182 152 37
rect:131 268 190 156 37
rect:16 4 209 181 30
rect:373 7 169 103 57
rect:253 294 116 119 6
rect:392 125 129 116 6
Chichi1999_22.jpg 0x0
rect:251 193 16 29 73
rect:211 145 247 123 10
rect:301 263 17 26 73
rect:384 276 12 25 73
Chichi1999_23.jpg 0x0
rect:138 301 46 94 34
rect:4 80 429 145 74
rect:267 299 96 99 73
rect:99 235 28 35 34
rect:268 159 34 35 26
rect:162 169 59 63 73
rect:237 192 36 49 73
rect:99 371 36 100 73
rect:326 184 33 26 27
rect:349 268 29 69 34
Chichi1999_24.jpg 0x0
rect:272 169 55 57 46
rect:150 145 114 122 75
rect:307 245 1 2 46
rect:3 255 256 181 74
rect:190 216 74 44 34
Chichi1999_25.jpg 0x0
rect:169 282 180 370 73
rect:158 269 103 192 34
rect:265 234 40 93 26
Chichi1999_26.jpg 0x0
rect:171 12 34 31 73
rect:118 470 126 147 27
rect:287 248 114 409 76
rect:121 669 93 48 26
rect:96 717 136 103 73
rect:259 182 45 132 73
Chichi1999_27.jpg 0x0
rect:233 155 64 355 32
Chichi1999_28.jpg 0x0
rect:17 60 215 159 6
rect:251 112 175 269 75
rect:184 83 128 206 5
rect:226 265 184 132 77
Chichi1999_29.jpg 0x0
rect:142 218 99 204 52
rect:230 160 105 156 40
rect:118 264 186 304 48
Chichi1999_30.jpg 0x0
rect:24 228 127 174 73
rect:231 125 262 290 40
rect:201 178 131 43 78
rect:268 108 220 94 52
Chichi1999_31.jpg 0x0
rect:680 108 57 135 48
rect:174 118 102 329 79
Chichi1999_32.jpg 0x0
rect:213 8 106 322 80
rect:166 68 36 179 81
rect:437 145 53 245 39
rect:139 195 45 188 81
Chichi1999_33.jpg 0x0
rect:248 107 108 363 32
rect:238 113 82 200 56
rect:226 131 40 101 49
rect:99 54 95 354 33
rect:112 151 84 244 32
rect:119 156 38 148 49
Chichi1999_34.jpg 0x0
rect:100 93 420 273 10
Duzce1999_01.jpg 0x0
rect:160 117 102 110 41
rect:133 53 101 255 39
Duzce1999_02.jpg 0x0
rect:87 37 189 474 41
Duzce1999_03.jpg 0x0
rect:0 167 77 310 31
rect:220 148 122 235 31
rect:129 125 86 268 42
Gediz1970_01.jpg 0x0
rect:161 436 59 172 69
rect:172 320 132 332 69
rect:112 102 240 700 68
Guatemala1976_01.jpg 0x0
rect:31 107 597 224 82
rect:44 196 109 134 48
rect:543 124 125 149 48
rect:71 179 61 40 41
rect:78 192 70 55 52
rect:492 121 84 79 41
Guatemala1976_02.jpg 0x0
rect:315 57 70 112 40
rect:229 94 360 183 48
Guatemala1976_03.jpg 0x0
rect:20 98 667 280 75
Guatemala1976_04.jpg 0x0
rect:643 291 100 194 4
rect:51 51 448 309 30
rect:446 165 147 334 4
rect:129 30 291 102 30
Guatemala1976_05.jpg 0x0
rect:150 59 518 366 48
rect:248 141 297 103 41
rect:171 166 256 219 40
Guatemala1976_06.jpg 0x0
rect:116 72 212 450 39
Guatemala1976_07.jpg 0x0
rect:266 441 117 58 83
rect:27 165 446 502 10
rect:30 237 46 59 6
Guatemala1976_08.jpg 0x0
rect:220 72 262 384 41
rect:176 27 307 548 48
rect:411 93 185 320 40
Guatemala1976_09.jpg 0x0
rect:878 304 56 70 84
rect:101 292 36 27 84
rect:87 254 41 28 85
rect:528 362 76 65 85
rect:345 329 91 40 85
rect:122 274 58 56 85
rect:204 203 37 24 84
rect:415 221 63 42 84
Guatemala1976_10.jpg 0x0
rect:214 188 268 364 86
rect:226 116 158 194 87
rect:268 449 50 149 87
Guatemala1976_11.jpg 0x0
rect:177 293 109 236 34
GujaratIndia2001_01.jpg 0x0
rect:211 454 219 104 2
rect:42 322 219 176 4
rect:232 476 71 65 11
rect:95 539 83 30 2
Haiti2010_01.jpg 0x0
rect:495 335 134 90 4
rect:214 125 162 361 41
rect:550 573 164 197 4
rect:182 45 89 143 7
rect:294 325 19 151 40
Haiti2010_02.jpg 0x0
rect:55 90 496 171 88
rect:312 30 181 53 14
Haiti2010_03.jpg 0x0
rect:219 419 238 164 32
rect:281 653 269 219 89
rect:187 450 60 85 49
rect:330 1 66 572 32
Haiti2010_04.jpg 0x0
rect:131 320 284 410 41
rect:2 161 333 130 6
rect:212 59 169 372 34
Haiti2010_05.jpg 0x0
rect:225 272 171 104 52
rect:327 164 301 393 90
rect:293 286 30 128 40
rect:371 218 26 77 40
Haiti2010_06.jpg 0x0
rect:269 233 286 431 91
rect:532 168 69 284 32
rect:445 170 78 33 6
rect:509 208 72 98 34
rect:231 352 35 62 34
rect:388 157 250 439 33
rect:589 181 802 737 91
ImperialValley1979_01.jpg 0x0
rect:57 334 123 120 50
rect:242 304 45 53 50
rect:14 286 97 78 49
rect:438 411 23 23 49
rect:388 299 65 51 32
rect:585 232 34 41 50
rect:14 242 149 93 32
rect:575 414 53 29 32
rect:669 402 16 14 49
rect:260 270 47 26 49
rect:584 337 44 43 32
ImperialValley1979_02.jpg 0x0
rect:362 225 61 139 50
rect:319 279 154 40 49
rect:264 84 219 232 32
rect:170 151 369 50 92
rect:148 156 57 227 50
rect:292 165 116 177 50
ImperialValley1979_03.jpg 0x0
rect:103 430 299 54 92
rect:214 422 67 111 50
rect:408 299 55 242 50
rect:131 322 222 32 92
rect:180 193 145 129 32
rect:150 321 162 216 32
rect:106 276 109 152 50
Izmit1999_01.jpg 0x0
rect:310 257 31 144 27
rect:247 68 285 279 34
rect:309 87 73 239 27
rect:466 284 47 61 26
rect:197 153 33 168 27
Izmit1999_02.jpg 0x0
rect:25 145 739 300 10
Izmit1999_03.jpg 0x0
rect:218 226 273 32 92
rect:421 101 69 348 50
rect:262 143 43 254 50
rect:382 106 42 266 50
rect:450 93 35 224 50
rect:161 88 78 207 50
rect:185 67 333 475 32
rect:147 36 328 476 93
Izmit1999_04.jpg 0x0
rect:277 427 26 81 40
rect:123 696 169 116 88
rect:360 365 107 91 41
rect:76 542 63 86 41
rect:291 330 20 44 40
rect:68 461 84 42 34
rect:403 85 78 72 41
rect:59 473 28 82 42
rect:407 74 64 97 48
rect:135 181 148 79 88
Izmit1999_05.jpg 0x0
rect:72 28 693 468 10
Izmit1999_06.jpg 0x0
rect:160 225 153 473 32
rect:349 168 56 159 50
rect:107 194 78 149 50
rect:135 151 101 210 50
rect:261 319 31 133 50
rect:130 332 191 94 49
Izmit1999_07.jpg 0x0
rect:242 363 109 275 4
rect:189 155 32 142 3
rect:275 107 80 75 3
rect:22 113 464 489 2
rect:335 75 103 39 6
rect:278 220 65 116 3
rect:152 327 34 91 3
Izmit1999_08.jpg 0x0
rect:166 26 92 126 34
rect:378 76 71 88 41
rect:114 333 100 123 45
rect:243 281 176 88 88
rect:652 7 117 92 45
rect:486 89 53 21 52
rect:192 84 92 108 41
Izmit1999_09.jpg 0x0
rect:393 289 75 96 94
rect:429 306 52 99 94
rect:218 195 45 44 41
rect:41 162 48 54 41
rect:561 276 43 72 41
rect:389 306 117 69 41
Izmit1999_10.jpg 0x0
rect:71 188 95 156 40
rect:239 167 40 198 40
rect:104 109 373 659 41
rect:167 470 128 29 78
rect:318 498 88 26 78
rect:190 475 53 110 40
rect:81 291 338 51 78
rect:287 130 89 155 40
rect:49 232 369 55 78
rect:377 633 88 110 40
rect:144 162 86 263 40
Izmit1999_11.jpg 0x0
rect:159 180 81 136 40
rect:164 295 89 111 40
rect:328 222 74 137 40
rect:215 177 156 234 41
rect:267 523 86 127 41
Izmit1999_12.jpg 0x0
rect:1 266 25 45 41
rect:51 190 73 64 52
rect:570 201 134 198 91
rect:361 143 54 116 42
rect:404 29 84 52 34
rect:554 195 89 62 7
rect:294 376 60 110 41
rect:598 101 43 67 41
rect:73 79 28 24 6
rect:54 229 82 68 94
rect:345 255 127 99 94
rect:400 117 44 68 45
rect:282 177 46 31 6
rect:116 263 29 48 40
rect:293 375 53 86 52
rect:13 94 53 19 6
rect:559 177 62 55 41
rect:208 221 63 56 88
Izmit1999_13.jpg 0x0
rect:207 211 95 59 52
rect:235 95 138 301 48
rect:150 307 39 82 41
rect:235 196 53 115 41
rect:5 62 84 161 42
rect:109 118 52 34 6
rect:159 220 140 102 94
rect:382 194 71 311 41
rect:270 68 66 127 41
Izmit1999_14.jpg 0x0
rect:317 416 47 23 34
rect:312 274 45 29 34
rect:408 51 55 62 95
rect:458 278 76 52 34
rect:387 8 202 61 35
rect:456 100 85 73 34
rect:291 401 36 31 34
rect:286 126 92 95 35
rect:61 202 91 73 34
Izmit1999_15.jpg 0x0
rect:163 210 299 317 42
Izmit1999_16.jpg 0x0
rect:135 114 242 111 41
rect:88 73 402 371 33
rect:147 62 260 209 39
rect:243 93 44 133 40
Izmit1999_17.jpg 0x0
rect:134 142 161 242 41
Izmit1999_18.jpg 0x0
rect:190 141 150 315 39
rect:215 162 126 155 41
Izmit1999_19.jpg 0x0
rect:382 170 35 86 50
rect:221 139 316 299 32
rect:231 93 267 410 96
rect:467 123 21 81 50
Kobe1995_01.jpg 0x0
rect:27 191 615 188 63
Kobe1995_02.jpg 0x0
rect:2 67 379 554 68
Kobe1995_03.jpg 0x0
rect:40 46 619 718 10
Kobe1995_04.jpg 0x0
rect:346 271 54 49 41
Kobe1995_05.jpg 0x0
rect:4 204 154 471 40
rect:41 235 339 76 78
rect:112 167 221 463 52
rect:220 107 151 310 40
rect:103 391 314 120 78
Kobe1995_06.jpg 0x0
rect:155 426 218 428 42
rect:55 102 402 499 41
Kobe1995_07.jpg 0x0
rect:428 209 24 25 39
rect:302 141 50 43 39
rect:187 204 41 62 39
rect:228 155 46 36 39
rect:310 282 53 48 39
rect:275 295 39 47 39
rect:266 397 43 27 39
rect:87 332 30 37 39
rect:373 355 39 39 39
rect:396 172 38 39 39
rect:230 199 40 46 39
rect:274 102 29 37 39
rect:52 360 52 33 39
rect:76 330 30 57 39
rect:297 431 40 35 39
rect:186 138 39 31 39
rect:452 392 28 29 39
rect:550 303 56 27 39
rect:220 336 42 40 39
rect:397 136 28 30 39
rect:64 354 39 34 39
rect:155 411 45 44 39
rect:251 401 22 48 39
rect:226 380 46 25 39
rect:194 515 32 30 39
rect:325 550 51 53 39
Kobe1995_08.jpg 0x0
rect:267 44 513 235 97
Kobe1995_09.jpg 0x0
rect:205 746 264 55 97
rect:76 590 64 101 88
rect:106 416 50 54 88
rect:85 542 76 47 88
SanSalvador_1986_01.jpg 0x0
rect:71 3 81 186 68
rect:247 214 124 126 41
SanSalvador_1986_02.jpg 0x0
rect:647 163 39 53 42
rect:328 160 43 41 41
rect:190 236 28 29 41
rect:429 140 17 19 41
rect:526 159 33 52 41
rect:232 259 23 44 41
rect:203 157 19 35 41
rect:476 241 43 48 41
rect:162 298 27 29 41
SikkimIndia2001_01.jpg 0x0
rect:231 187 114 107 34
SikkimIndia2001_02.jpg 0x0
rect:-13 2 364 78 33
rect:11 5 349 89 16
rect:9 121 53 51 54
rect:469 307 112 19 16
rect:158 99 217 463 33
rect:504 81 145 169 33
rect:591 77 88 48 16
rect:241 184 73 49 16
SikkimIndia2001_03.jpg 0x0
rect:254 67 50 200 69
rect:222 198 120 167 70
rect:196 8 230 543 98
SikkimIndia2001_04.jpg 0x0
rect:232 138 133 130 34
rect:430 140 336 77 99
rect:3 38 300 354 99
SumatraInd2009_01.jpg 0x0
rect:308 22 57 418 81
SumatraInd2009_02.jpg 0x0
rect:202 95 153 207 41
WhittierNarrows1987_01.jpg 0x0
rect:17 31 885 368 10
WhittierNarrows1987_02.jpg 0x0
rect:202 190 145 323 41
WhittierNarrows1987_03.jpg 0x0
rect:235 107 179 282 32
WhittierNarrows1987_04.jpg 0x0
rect:182 11 287 108 100
rect:303 42 77 262 41
rect:186 7 302 77 6
YogyakartaInd2006_01.jpg 0x0
rect:191 41 283 356 32
rect:372 126 365 79 49
rect:185 -19 481 516 29
YogyakartaInd2006_02.jpg 0x0
rect:402 127 55 211 69
rect:335 52 141 419 98
rect:407 134 83 176 70
