Anchorage1964_01.jpg 0x0
rect:80 7 184 177 1
rect:56 464 293 202 1
Anchorage1964_02.jpg 0x0
rect:466 341 23 52 3
rect:349 313 30 59 3
rect:118 275 46 12 6
rect:200 192 20 49 3
rect:83 36 116 19 6
rect:214 238 22 71 3
rect:270 286 27 57 3
rect:491 254 15 62 3
rect:100 284 19 21 6
rect:37 170 174 36 5
rect:612 179 17 55 3
rect:324 197 63 54 4
rect:573 243 20 62 3
rect:102 121 71 72 7
rect:33 25 124 53 5
rect:173 78 84 55 4
rect:188 232 467 94 2
rect:451 53 147 88 8
rect:294 41 318 73 4
Anchorage1964_03.jpg 0x0
rect:218 68 277 199 9
rect:2 258 169 81 9
rect:0 371 568 55 10
Anchorage1964_04.jpg 0x0
rect:219 283 26 22 8
rect:378 275 21 21 5
rect:266 116 19 21 1
rect:377 24 32 19 5
rect:350 199 15 31 1
rect:432 291 20 13 5
rect:167 24 28 13 5
rect:156 336 45 22 5
rect:199 209 25 22 5
rect:338 406 41 16 5
rect:294 282 15 26 1
rect:366 236 20 21 1
rect:329 46 45 17 5
rect:391 184 22 20 5
rect:114 388 40 18 5
rect:284 291 12 17 1
rect:338 374 27 32 1
rect:143 231 39 15 5
rect:202 330 18 25 1
rect:188 312 48 12 2
rect:117 112 24 17 5
rect:246 120 29 15 5
rect:319 353 8 1 1
rect:418 447 38 15 5
rect:184 450 25 14 5
rect:425 245 24 16 5
rect:313 483 15 27 1
rect:269 202 14 18 1
rect:367 90 22 21 5
rect:198 521 15 36 1
rect:161 48 32 15 5
rect:146 139 31 15 5
rect:353 380 26 18 5
rect:148 280 32 22 5
rect:246 232 21 17 5
rect:117 118 32 18 5
rect:362 170 31 19 5
rect:198 149 35 27 5
rect:205 369 19 29 1
Anchorage1964_05.jpg 0x0
rect:64 366 26 52 1
rect:47 267 25 52 1
rect:687 379 51 48 8
rect:315 307 52 73 8
rect:413 131 38 57 1
rect:333 254 30 26 11
rect:61 287 21 28 1
rect:349 1 55 72 1
rect:97 219 28 41 1
rect:298 262 55 23 11
rect:230 172 105 19 5
rect:289 99 50 82 1
rect:31 392 23 43 1
rect:586 175 63 29 5
rect:633 380 54 19 6
rect:468 344 60 43 5
rect:99 129 20 52 1
rect:556 237 28 57 1
rect:226 173 111 54 2
rect:42 147 17 46 1
rect:186 34 96 45 6
rect:373 179 42 64 1
rect:150 63 117 40 5
rect:630 17 31 48 1
rect:76 47 28 36 1
rect:120 29 22 39 1
rect:541 273 66 51 1
rect:770 298 40 17 6
rect:165 118 134 54 6
Anchorage1964_06.jpg 0x0
rect:198 173 82 108 11
rect:153 171 98 299 3
rect:139 60 175 366 12
Anchorage1964_07.jpg 0x0
rect:19 276 300 39 11
rect:248 162 60 97 3
rect:7 270 371 33 14
rect:308 162 39 95 13
rect:222 2 123 59 2
rect:314 90 184 130 11
rect:472 335 332 248 2
rect:8 80 510 368 2
rect:404 220 60 82 11
Anchorage1964_08.jpg 0x0
rect:383 400 106 162 1
rect:359 38 135 113 1
rect:46 327 74 132 1
rect:53 76 159 130 1
rect:421 176 148 77 1
rect:31 422 129 154 1
Anchorage1964_09.jpg 0x0
rect:16 16 57 13 16
rect:482 36 83 74 8
rect:18 181 26 12 16
rect:333 178 90 48 1
rect:63 100 65 10 16
rect:461 192 60 89 8
rect:96 326 64 55 8
rect:12 11 410 16 15
rect:746 239 1 1 16
rect:591 92 99 20 15
rect:69 134 61 48 1
rect:198 176 370 15 15
rect:67 45 91 73 8
rect:417 7 77 11 16
rect:310 139 80 73 1
rect:511 9 231 13 15
rect:15 126 128 16 15
rect:544 159 108 26 15
rect:432 137 82 78 1
Anchorage1964_10.jpg 0x0
rect:54 259 247 286 1
rect:83 316 406 121 18
rect:144 254 95 93 17
rect:222 184 229 71 18
Anchorage1964_11.jpg 0x0
rect:59 449 647 9 14
rect:673 166 178 93 1
rect:228 293 322 43 11
rect:122 77 225 134 4
rect:187 155 406 16 15
rect:83 132 621 58 2
rect:100 510 592 25 14
rect:464 8 120 50 1
Anchorage1964_12.jpg 0x0
rect:486 97 190 150 11
rect:12 96 540 319 2
rect:217 225 37 101 3
rect:542 93 49 161 3
rect:403 115 62 207 3
Anchorage1964_13.jpg 0x0
rect:426 283 31 133 20
rect:313 419 130 17 19
rect:255 505 157 24 2
Anchorage1964_14.jpg 0x0
rect:100 658 34 45 22
rect:367 473 134 82 23
rect:308 180 171 67 15
rect:157 480 50 46 22
rect:224 367 72 87 21
rect:49 510 57 69 22
rect:253 10 100 753 20
rect:7 741 257 94 11
rect:59 277 149 36 15
rect:16 751 24 55 22
rect:192 11 52 256 11
rect:407 5 78 124 11
Anchorage1964_15.jpg 0x0
rect:306 9 84 49 4
rect:265 226 113 46 11
rect:360 155 48 91 25
rect:162 106 38 87 11
rect:157 299 199 43 15
rect:325 190 123 29 24
rect:245 60 76 616 20
rect:545 11 89 45 4
rect:188 463 215 67 2
Anchorage1964_16.jpg 0x0
rect:629 173 168 198 2
rect:179 208 330 246 11
rect:10 167 212 171 2
rect:248 70 260 171 2
rect:102 227 78 123 11
rect:13 357 63 82 2
Anchorage1964_17.jpg 0x0
rect:304 58 270 241 9
rect:10 176 749 161 10
rect:11 99 283 136 9
Anchorage1964_18.jpg 0x0
rect:526 208 114 107 4
rect:275 391 263 21 15
rect:138 241 22 53 11
rect:135 231 53 146 4
rect:597 404 37 23 2
rect:533 208 57 18 2
rect:174 382 77 53 11
rect:239 225 46 64 11
rect:370 354 60 19 2
rect:677 171 84 87 4
Anchorage1964_19.jpg 0x0
rect:692 136 10 16 26
rect:434 73 48 61 29
rect:281 344 58 89 26
rect:551 104 16 34 26
rect:556 165 13 29 26
rect:548 168 43 40 28
rect:386 143 26 46 29
rect:7 320 97 138 26
rect:321 86 76 175 29
rect:413 224 19 47 26
rect:934 191 9 7 26
rect:25 230 43 85 27
rect:276 113 34 30 27
rect:403 114 9 16 26
rect:517 107 47 40 28
rect:251 100 50 36 26
rect:354 118 29 21 26
rect:590 223 8 31 26
Anchorage1964_20.jpg 0x0
rect:217 67 108 115 29
rect:218 78 114 63 26
rect:346 630 47 80 26
rect:166 341 76 180 26
rect:167 124 74 43 27
Anchorage1964_21.jpg 0x0
rect:-6 71 101 200 29
rect:217 205 674 138 30
rect:56 265 28 28 26
rect:2 121 32 49 26
Bingol2003_01.jpg 0x0
rect:245 114 101 27 6
rect:23 262 79 60 33
rect:847 246 98 58 33
rect:467 243 84 62 6
rect:446 373 163 78 6
rect:670 56 84 57 6
rect:472 264 59 246 32
rect:2 439 1061 316 10
rect:925 424 92 39 33
rect:457 100 212 267 31
rect:399 298 117 211 31
rect:557 224 67 133 34
rect:431 116 99 97 6
rect:513 467 51 78 34
rect:327 398 70 115 6
rect:935 285 92 74 33
rect:159 213 67 65 33
rect:252 179 55 69 33
rect:669 279 40 57 6
Bingol2003_02.jpg 0x0
rect:756 48 123 74 36
rect:545 284 422 158 35
rect:86 599 126 249 32
rect:212 201 91 331 32
rect:240 298 739 365 31
rect:634 251 75 97 26
rect:115 88 541 221 34
rect:471 294 103 87 6
Bingol2003_03.jpg 0x0
rect:420 189 419 160 2
rect:380 195 277 82 11
rect:119 21 149 25 2
rect:462 -6 207 180 4
rect:795 172 279 516 4
rect:810 554 241 395 2
rect:98 44 147 86 33
Bingol2003_04.jpg 0x0
rect:111 720 31 90 3
rect:432 435 119 64 2
rect:303 552 44 139 3
rect:246 492 26 98 3
rect:276 270 119 227 4
rect:65 604 20 49 3
rect:81 772 112 68 2
rect:162 482 316 161 2
CanterburyNZSeries2010_01.jpg 0x0
rect:108 125 127 385 12
CanterburyNZSeries2010_02.jpg 0x0
rect:42 40 115 187 6
rect:41 9 211 231 37
CanterburyNZSeries2010_03.jpg 0x0
rect:54 73 453 133 38
CanterburyNZSeries2010_04.jpg 0x0
rect:407 341 16 44 40
rect:328 483 46 134 40
rect:138 574 82 172 41
rect:217 278 32 187 40
rect:236 9 99 125 42
rect:232 279 30 51 40
rect:197 363 30 70 40
rect:253 298 211 360 39
CanterburyNZSeries2010_05.jpg 0x0
rect:402 268 126 142 15
rect:403 376 275 314 4
CanterburyNZSeries2010_06.jpg 0x0
rect:236 197 230 150 2
rect:74 152 820 475 4
CanterburyNZSeries2010_08.jpg 0x0
rect:551 428 39 154 32
rect:701 441 84 129 44
rect:744 507 48 178 44
rect:404 185 117 343 43
CanterburyNZSeries2010_09.jpg 0x0
rect:193 423 148 477 39
rect:234 142 206 153 45
CanterburyNZSeries2010_10.jpg 0x0
rect:358 345 206 72 46
rect:269 309 206 82 6
rect:245 232 384 290 6
rect:277 136 222 86 7
CanterburyNZSeries2010_11.jpg 0x0
rect:407 323 332 162 5
rect:382 300 246 113 7
CanterburyNZSeries2010_12.jpg 0x0
rect:652 511 120 79 11
rect:201 454 155 54 11
rect:48 402 648 404 2
rect:4 221 880 395 47
CanterburyNZSeries2010_13.jpg 0x0
rect:431 138 116 383 11
rect:155 15 568 928 12
Caracas1967_01.jpg 0x0
rect:349 169 13 79 48
rect:265 146 32 65 48
rect:342 186 74 111 48
rect:433 58 128 235 48
Caracas1967_02.jpg 0x0
rect:143 314 57 63 49
rect:191 1 135 130 15
rect:126 204 176 268 51
rect:157 458 43 42 50
Caracas1967_03.jpg 0x0
rect:192 74 76 103 14
rect:356 321 66 72 26
rect:15 454 289 89 6
rect:272 272 119 156 34
rect:406 241 23 142 27
rect:193 384 26 47 27
Caracas1967_04.jpg 0x0
rect:146 382 196 115 34
rect:167 261 25 99 27
rect:153 308 37 77 26
Caracas1967_05.jpg 0x0
rect:170 327 44 267 40
rect:369 202 61 247 40
rect:329 299 48 120 40
rect:198 267 39 308 40
rect:197 252 58 190 40
rect:68 368 286 208 52
rect:26 110 359 485 48
rect:65 324 53 192 40
rect:48 125 356 412 41
rect:219 243 155 130 52
Caracas1967_06.jpg 0x0
rect:264 339 87 52 6
rect:252 120 336 291 7
Caracas1967_07.jpg 0x0
rect:419 406 105 68 53
rect:279 42 24 243 27
rect:583 285 84 126 53
rect:138 168 141 270 34
rect:361 10 105 243 34
rect:178 163 46 253 27
rect:496 222 162 208 34
Caracas1967_08.jpg 0x0
rect:212 228 73 112 55
rect:317 260 95 142 54
rect:234 344 64 117 54
Caracas1967_09.jpg 0x0
rect:422 10 207 149 48
rect:83 194 52 45 48
rect:20 166 39 71 48
rect:192 125 79 105 48
Caracas1967_10.jpg 0x0
rect:514 360 95 135 40
rect:321 184 92 166 40
rect:44 175 246 439 41
rect:18 144 383 358 48
Caracas1967_11.jpg 0x0
rect:65 256 176 416 41
rect:55 13 291 532 48
rect:203 12 129 212 41
Caracas1967_12.jpg 0x0
rect:235 367 27 54 56
rect:628 279 17 57 32
rect:404 182 39 57 34
rect:519 405 19 58 32
Caracas1967_13.jpg 0x0
rect:115 366 137 232 55
Caracas1967_14.jpg 0x0
rect:155 347 353 54 6
rect:162 111 692 264 57
Chichi1999_01.jpg 0x0
rect:413 180 37 168 42
rect:4 7 863 128 58
Chichi1999_02.jpg 0x0
rect:292 90 182 505 59
rect:6 72 461 125 58
Chichi1999_03.jpg 0x0
rect:60 126 79 102 60
rect:0 186 553 131 58
Chichi1999_04.jpg 0x0
rect:226 -16 70 127 48
rect:266 208 30 77 52
rect:234 275 96 414 48
Chichi1999_05.jpg 0x0
rect:400 151 27 69 52
rect:410 134 48 70 41
rect:452 95 117 169 48
rect:493 345 31 34 41
Chichi1999_06.jpg 0x0
rect:307 215 19 26 52
rect:618 148 42 68 41
rect:359 160 48 64 62
rect:203 19 504 163 10
rect:525 -14 73 75 61
rect:271 169 59 90 48
Chichi1999_07.jpg 0x0
rect:165 142 43 112 48
rect:49 203 400 176 63
rect:490 217 44 88 48
rect:164 209 28 40 64
rect:561 211 53 100 48
rect:648 245 22 28 64
rect:508 173 30 36 64
Chichi1999_08.jpg 0x0
rect:88 19 435 455 10
Chichi1999_09.jpg 0x0
rect:265 78 157 89 41
rect:222 60 215 228 48
rect:230 102 32 73 40
rect:316 115 43 86 40
Chichi1999_10.jpg 0x0
rect:134 19 570 508 10
Chichi1999_11.jpg 0x0
rect:149 186 104 112 65
rect:2 173 164 671 10
Chichi1999_12.jpg 0x0
rect:10 18 406 695 66
Chichi1999_13.jpg 0x0
rect:28 58 758 514 10
Chichi1999_14.jpg 0x0
rect:324 586 27 34 39
rect:109 434 77 58 67
rect:205 151 111 63 67
rect:202 383 31 43 39
rect:154 530 37 48 67
rect:126 244 50 65 67
rect:195 326 35 61 67
rect:135 453 28 47 67
rect:419 609 38 68 67
rect:172 240 22 34 67
rect:218 250 37 34 39
rect:376 578 83 82 67
rect:80 601 37 56 67
rect:83 312 37 45 67
rect:91 160 38 69 67
rect:326 371 20 22 39
rect:205 581 29 44 67
Chichi1999_15.jpg 0x0
rect:315 31 241 315 41
Chichi1999_16.jpg 0x0
rect:224 161 93 129 32
Chichi1999_17.jpg 0x0
rect:174 361 26 58 32
Chichi1999_18.jpg 0x0
rect:115 173 136 462 68
rect:215 195 39 120 69
rect:383 300 28 155 69
rect:196 182 27 101 69
rect:221 303 38 97 69
rect:304 367 36 106 70
Chichi1999_19.jpg 0x0
rect:191 94 221 267 3
rect:192 25 268 491 2
YogyakartaInd2006_03.jpg 0x0
rect:242 87 175 45 15
rect:294 19 91 2 15
rect:274 105 79 34 15
rect:172 358 204 27 15
rect:457 57 67 32 16
rect:213 253 230 137 71
rect:264 539 68 35 16
rect:180 137 24 7 16
Chichi1999_20.jpg 0x0
rect:142 278 126 317 42
rect:251 391 49 208 41
Chichi1999_21.jpg 0x0
rect:208 117 223 352 72
rect:268 119 180 109 6
rect:258 365 102 117 6
rect:442 9 159 133 57
rect:59 282 149 120 5
rect:23 4 238 157 30
rect:164 378 131 181 37
rect:360 35 274 239 37
Chichi1999_22.jpg 0x0
rect:315 205 18 19 73
rect:327 194 21 20 73
rect:265 111 338 132 10
rect:497 211 13 26 73
Chichi1999_23.jpg 0x0
rect:220 195 45 72 73
rect:377 286 93 115 73
rect:232 234 29 25 26
rect:137 249 44 65 34
rect:103 211 66 56 73
rect:126 164 18 32 34
rect:349 239 35 26 27
rect:252 334 50 69 34
rect:137 394 43 131 73
rect:4 74 392 160 74
Chichi1999_24.jpg 0x0
rect:241 284 53 59 34
rect:293 396 1 2 46
rect:223 190 145 125 75
rect:3 251 365 246 74
rect:243 196 32 74 46
Chichi1999_25.jpg 0x0
rect:150 192 89 184 34
rect:216 371 52 64 26
rect:137 200 177 241 73
Chichi1999_26.jpg 0x0
rect:101 584 117 149 27
rect:109 610 58 80 26
rect:285 16 55 32 73
rect:171 177 54 141 73
rect:129 572 124 155 73
rect:178 205 128 431 76
Chichi1999_27.jpg 0x0
rect:141 205 69 278 32
Chichi1999_28.jpg 0x0
rect:352 173 163 172 75
rect:104 105 162 271 5
rect:281 320 269 104 77
rect:23 78 225 169 6
Chichi1999_29.jpg 0x0
rect:235 197 92 169 52
rect:125 275 204 338 48
rect:251 153 125 139 40
Chichi1999_30.jpg 0x0
rect:180 247 226 76 78
rect:138 122 353 399 40
rect:36 253 84 203 73
rect:211 162 181 81 52
Chichi1999_31.jpg 0x0
rect:118 74 116 346 79
rect:628 107 43 213 48
Chichi1999_32.jpg 0x0
rect:210 6 131 443 80
rect:524 120 55 138 39
rect:187 188 36 103 81
rect:231 55 58 153 81
Chichi1999_33.jpg 0x0
rect:333 84 101 188 56
rect:141 153 88 270 32
rect:257 107 87 311 32
rect:85 59 114 506 33
rect:98 157 40 93 49
rect:372 180 31 113 49
Chichi1999_34.jpg 0x0
rect:150 117 453 470 10
Duzce1999_01.jpg 0x0
rect:160 46 110 227 39
rect:121 167 113 161 41
Duzce1999_02.jpg 0x0
rect:95 61 171 353 41
Duzce1999_03.jpg 0x0
rect:157 147 83 241 31
rect:0 220 123 263 31
rect:80 113 103 221 42
Gediz1970_01.jpg 0x0
rect:113 371 108 285 69
rect:202 482 63 156 69
rect:134 143 317 538 68
Guatemala1976_01.jpg 0x0
rect:375 161 128 143 48
rect:45 188 133 99 48
rect:71 169 40 52 41
rect:58 217 63 61 52
rect:677 153 58 58 41
rect:20 164 557 118 82
Guatemala1976_02.jpg 0x0
rect:295 76 130 126 40
rect:167 79 215 335 48
Guatemala1976_03.jpg 0x0
rect:15 94 569 283 75
Guatemala1976_04.jpg 0x0
rect:32 75 356 202 30
rect:133 30 407 81 30
rect:454 168 122 391 4
rect:439 212 88 175 4
Guatemala1976_05.jpg 0x0
rect:210 141 343 92 41
rect:121 56 406 326 48
rect:177 102 425 128 40
Guatemala1976_06.jpg 0x0
rect:90 99 168 397 39
Guatemala1976_07.jpg 0x0
rect:24 201 594 474 10
rect:26 239 75 50 6
rect:165 466 123 105 83
Guatemala1976_08.jpg 0x0
rect:112 32 375 325 48
rect:267 56 158 310 40
rect:154 70 384 338 41
Guatemala1976_09.jpg 0x0
rect:246 337 86 24 85
rect:848 360 59 87 84
rect:102 360 36 20 84
rect:88 325 45 32 85
rect:563 311 55 70 85
rect:282 201 52 54 84
rect:158 252 42 63 85
rect:180 294 28 21 84
Guatemala1976_10.jpg 0x0
rect:224 328 41 137 87
rect:198 116 273 149 87
rect:199 163 270 233 86
Guatemala1976_11.jpg 0x0
rect:129 198 163 225 34
GujaratIndia2001_01.jpg 0x0
rect:227 473 189 87 2
rect:34 372 191 132 4
rect:263 500 44 53 11
rect:82 614 56 36 2
Haiti2010_01.jpg 0x0
rect:359 175 137 260 41
rect:285 290 21 153 40
rect:658 215 109 134 4
rect:532 514 153 279 4
rect:159 37 98 115 7
Haiti2010_02.jpg 0x0
rect:208 25 137 40 14
rect:38 121 420 228 88
Haiti2010_03.jpg 0x0
rect:193 497 69 57 49
rect:307 625 226 278 89
rect:365 1 59 451 32
rect:155 311 275 275 32
Haiti2010_04.jpg 0x0
rect:180 307 252 560 41
rect:171 36 209 198 34
rect:2 182 297 189 6
Haiti2010_05.jpg 0x0
rect:284 226 45 108 40
rect:228 185 233 626 90
rect:288 186 26 93 40
rect:222 220 194 84 52
Haiti2010_06.jpg 0x0
rect:180 375 32 36 34
rect:614 213 705 705 91
rect:374 190 75 50 6
rect:513 217 67 72 34
rect:321 142 178 420 33
rect:195 250 263 284 91
rect:527 186 72 214 32
ImperialValley1979_01.jpg 0x0
rect:401 380 41 38 32
rect:585 284 53 30 32
rect:329 399 45 29 49
rect:17 472 97 54 49
rect:318 393 22 45 50
rect:352 288 20 27 49
rect:394 334 40 24 32
rect:365 357 45 84 50
rect:75 325 105 98 50
rect:12 403 140 99 32
rect:628 313 15 15 49
ImperialValley1979_02.jpg 0x0
rect:182 188 382 59 92
rect:223 80 242 195 32
rect:258 175 44 124 50
rect:206 280 134 37 49
rect:408 145 102 155 50
rect:147 97 68 162 50
ImperialValley1979_03.jpg 0x0
rect:139 134 168 133 32
rect:145 288 231 204 32
rect:112 368 255 49 92
rect:291 366 68 176 50
rect:122 270 82 283 50
rect:231 342 63 152 50
rect:107 324 291 32 92
Izmit1999_01.jpg 0x0
rect:412 289 56 78 26
rect:193 300 46 109 27
rect:221 95 332 251 34
rect:246 73 49 130 27
rect:320 137 48 128 27
Izmit1999_02.jpg 0x0
rect:26 134 938 206 10
Izmit1999_03.jpg 0x0
rect:169 61 304 311 32
rect:407 82 36 247 50
rect:276 111 34 169 50
rect:581 61 56 380 50
rect:164 65 73 362 50
rect:217 248 261 30 92
rect:524 88 34 180 50
rect:119 39 362 411 93
Izmit1999_04.jpg 0x0
rect:94 436 184 104 88
rect:43 288 63 43 34
rect:243 351 101 57 41
rect:71 498 25 110 42
rect:70 401 71 107 41
rect:312 285 23 58 40
rect:497 285 25 71 40
rect:365 70 70 80 41
rect:107 180 121 75 88
rect:316 69 71 67 48
Izmit1999_05.jpg 0x0
rect:107 23 587 309 10
Izmit1999_06.jpg 0x0
rect:173 192 252 528 32
rect:201 246 85 155 50
rect:382 212 45 108 50
rect:189 257 58 134 50
rect:88 231 77 160 50
rect:204 328 112 76 49
Izmit1999_07.jpg 0x0
rect:323 151 32 126 3
rect:195 419 35 167 3
rect:396 391 101 370 4
rect:28 97 477 531 2
rect:326 54 109 47 6
rect:286 128 96 74 3
rect:163 216 57 72 3
Izmit1999_08.jpg 0x0
rect:151 228 239 136 88
rect:179 411 73 114 45
rect:514 83 72 102 41
rect:101 31 82 115 34
rect:149 163 73 63 41
rect:505 62 63 28 52
rect:685 6 70 81 45
Izmit1999_09.jpg 0x0
rect:376 299 128 105 94
rect:421 173 64 69 41
rect:306 177 98 112 41
rect:38 263 40 59 41
rect:201 230 37 28 41
rect:737 277 77 62 94
Izmit1999_10.jpg 0x0
rect:56 193 90 162 40
rect:244 176 70 156 40
rect:302 465 51 98 40
rect:272 126 132 103 40
rect:164 252 96 271 40
rect:326 638 125 90 40
rect:120 327 210 81 78
rect:207 486 151 41 78
rect:41 249 422 47 78
rect:109 143 359 662 41
rect:232 397 55 35 78
Izmit1999_11.jpg 0x0
rect:147 244 122 142 41
rect:163 261 94 162 40
rect:132 226 49 121 40
rect:265 562 82 98 41
rect:220 244 75 198 40
Izmit1999_12.jpg 0x0
rect:1 158 34 44 41
rect:428 132 57 128 42
rect:391 122 51 91 41
rect:298 375 54 103 52
rect:639 150 197 152 91
rect:464 278 49 75 41
rect:183 167 57 58 88
rect:510 141 71 41 7
rect:293 362 91 91 41
rect:92 98 40 28 6
rect:447 140 55 55 45
rect:279 240 110 196 94
rect:51 208 79 85 94
rect:20 73 40 22 6
rect:319 28 110 73 34
rect:272 217 41 34 6
rect:92 386 34 40 40
rect:50 251 42 60 52
Izmit1999_13.jpg 0x0
rect:4 62 84 120 42
rect:118 331 25 71 41
rect:258 338 29 82 41
rect:147 248 111 154 94
rect:460 129 105 164 41
rect:308 72 253 319 48
rect:110 254 96 80 52
rect:140 171 41 53 6
rect:350 116 67 130 41
Izmit1999_14.jpg 0x0
rect:569 214 93 34 34
rect:411 168 67 64 35
rect:578 404 73 41 34
rect:321 33 44 78 95
rect:54 128 136 51 34
rect:596 59 71 67 34
rect:352 7 201 60 35
rect:384 496 29 18 34
rect:332 450 37 31 34
Izmit1999_15.jpg 0x0
rect:163 147 282 493 42
Izmit1999_16.jpg 0x0
rect:268 89 53 137 40
rect:88 68 329 629 33
rect:134 67 296 239 39
rect:121 140 141 163 41
Izmit1999_17.jpg 0x0
rect:97 125 214 270 41
Izmit1999_18.jpg 0x0
rect:154 208 152 187 41
rect:207 161 139 280 39
Izmit1999_19.jpg 0x0
rect:444 155 34 119 50
rect:187 98 237 330 96
rect:301 114 198 264 32
rect:455 206 18 75 50
Kobe1995_01.jpg 0x0
rect:25 150 932 143 63
Kobe1995_02.jpg 0x0
rect:2 59 417 490 68
Kobe1995_03.jpg 0x0
rect:44 62 574 702 10
Kobe1995_04.jpg 0x0
rect:306 238 41 56 41
Kobe1995_05.jpg 0x0
rect:65 614 371 146 78
rect:5 198 108 472 40
rect:147 179 227 640 52
rect:32 273 382 82 78
rect:399 182 128 316 40
Kobe1995_06.jpg 0x0
rect:195 294 217 325 42
rect:65 102 464 538 41
Kobe1995_07.jpg 0x0
rect:559 295 38 37 39
rect:258 164 44 51 39
rect:562 244 48 28 39
rect:354 369 59 46 39
rect:516 130 29 38 39
rect:120 271 25 46 39
rect:166 320 21 43 39
rect:183 106 44 41 39
rect:419 281 40 28 39
rect:319 160 30 41 39
rect:118 206 38 44 39
rect:175 301 44 58 39
rect:282 121 41 50 39
rect:580 322 27 51 39
rect:127 437 33 36 39
rect:160 223 35 40 39
rect:53 419 33 28 39
rect:135 489 31 34 39
rect:446 191 33 36 39
rect:324 381 47 19 39
rect:417 233 36 40 39
rect:233 421 33 39 39
rect:41 192 30 43 39
rect:244 274 33 48 39
rect:327 121 20 35 39
rect:275 406 44 48 39
Kobe1995_08.jpg 0x0
rect:232 48 552 167 97
Kobe1995_09.jpg 0x0
rect:148 603 241 68 97
rect:108 561 103 80 88
rect:72 588 85 86 88
rect:95 401 83 69 88
SanSalvador_1986_01.jpg 0x0
rect:261 132 112 133 41
rect:86 3 128 228 68
SanSalvador_1986_02.jpg 0x0
rect:206 355 31 40 41
rect:523 168 38 30 41
rect:379 183 28 52 41
rect:438 173 22 35 41
rect:212 207 22 28 41
rect:373 148 47 46 41
rect:510 328 54 51 41
rect:167 182 27 32 41
rect:479 235 52 57 42
SikkimIndia2001_01.jpg 0x0
rect:182 115 122 133 34
SikkimIndia2001_02.jpg 0x0
rect:8 131 81 42 54
rect:221 225 104 42 16
rect:594 110 120 163 33
rect:-19 2 470 130 33
rect:204 70 220 276 33
rect:429 76 119 39 16
rect:10 6 393 93 16
rect:483 197 78 14 16
SikkimIndia2001_03.jpg 0x0
rect:177 104 98 177 69
rect:178 157 117 211 70
rect:205 12 138 328 98
SikkimIndia2001_04.jpg 0x0
rect:208 122 148 158 34
rect:3 40 251 248 99
rect:450 155 275 126 99
SumatraInd2009_01.jpg 0x0
rect:251 28 60 329 81
SumatraInd2009_02.jpg 0x0
rect:135 90 183 224 41
WhittierNarrows1987_01.jpg 0x0
rect:11 31 781 257 10
WhittierNarrows1987_02.jpg 0x0
rect:122 216 146 215 41
WhittierNarrows1987_03.jpg 0x0
rect:357 158 158 186 32
WhittierNarrows1987_04.jpg 0x0
rect:176 6 242 83 6
rect:198 47 79 144 41
rect:312 11 257 105 100
YogyakartaInd2006_01.jpg 0x0
rect:376 164 329 83 49
rect:133 -21 513 604 29
rect:176 39 344 211 32
YogyakartaInd2006_02.jpg 0x0
rect:374 55 185 480 98
rect:417 122 94 194 70
rect:369 117 64 279 69
