Anchorage1964_01.jpg 0x0
rect:88 8 209 203 1
rect:83 344 267 272 1
Anchorage1964_02.jpg 0x0
rect:31 25 152 54 5
rect:174 37 205 72 4
rect:431 337 31 67 3
rect:40 233 182 52 5
rect:400 194 30 63 3
rect:545 66 142 139 8
rect:214 193 257 108 2
rect:458 202 30 72 3
rect:398 228 99 59 4
rect:167 117 55 53 7
rect:63 34 80 15 6
rect:286 210 33 74 3
rect:631 328 19 56 3
rect:371 279 19 50 3
rect:77 168 30 17 6
rect:255 65 112 94 4
rect:211 315 20 57 3
rect:98 160 64 13 6
rect:404 215 25 65 3
Anchorage1964_03.jpg 0x0
rect:328 115 363 146 9
rect:0 313 618 85 10
rect:2 163 170 66 9
Anchorage1964_04.jpg 0x0
rect:225 437 8 1 1
rect:261 401 68 21 2
rect:174 366 32 15 5
rect:199 31 28 14 5
rect:193 361 44 23 5
rect:170 214 34 18 5
rect:315 203 34 17 5
rect:267 65 36 22 5
rect:162 129 25 16 5
rect:389 106 27 18 5
rect:366 247 32 19 5
rect:191 233 19 39 1
rect:184 110 30 17 5
rect:222 388 19 18 1
rect:360 210 17 19 1
rect:137 485 34 18 5
rect:170 214 33 13 5
rect:410 330 32 24 5
rect:315 502 22 30 1
rect:409 500 33 22 5
rect:165 215 41 18 5
rect:345 119 14 24 1
rect:334 161 29 25 5
rect:299 259 13 17 1
rect:253 40 31 18 5
rect:132 64 43 12 5
rect:257 160 18 21 1
rect:303 181 29 22 5
rect:272 158 19 29 1
rect:352 339 19 16 5
rect:301 207 27 22 8
rect:307 86 36 16 5
rect:218 457 12 31 1
rect:153 118 41 23 5
rect:376 256 27 14 5
rect:256 256 12 22 1
rect:393 392 34 13 5
rect:367 377 27 23 1
rect:166 344 32 19 5
Anchorage1964_05.jpg 0x0
rect:574 273 34 30 6
rect:450 303 68 25 5
rect:144 135 138 34 6
rect:500 86 44 62 1
rect:438 1 39 60 1
rect:567 281 43 51 8
rect:217 185 82 23 5
rect:113 33 16 47 1
rect:352 216 176 88 2
rect:381 157 42 18 11
rect:80 109 14 57 1
rect:546 164 54 84 1
rect:544 292 63 61 8
rect:471 233 45 11 6
rect:804 421 52 44 5
rect:319 153 50 40 1
rect:25 333 27 67 1
rect:577 26 35 40 1
rect:651 296 37 45 1
rect:104 266 25 53 1
rect:317 208 25 24 11
rect:187 40 121 24 5
rect:111 254 19 52 1
rect:428 136 38 79 1
rect:51 65 32 32 1
rect:73 225 16 37 1
rect:57 136 18 48 1
rect:160 29 116 54 6
rect:57 354 23 36 1
Anchorage1964_06.jpg 0x0
rect:151 130 99 389 3
rect:78 79 152 548 12
rect:193 206 70 59 11
Anchorage1964_07.jpg 0x0
rect:6 85 648 556 2
rect:12 265 219 30 11
rect:353 126 42 168 3
rect:5 294 319 37 14
rect:307 317 373 144 2
rect:245 122 60 80 13
rect:205 94 135 184 11
rect:298 161 87 93 11
rect:283 2 93 55 2
Anchorage1964_08.jpg 0x0
rect:58 73 146 133 1
rect:377 443 120 107 1
rect:304 216 137 136 1
rect:237 27 120 137 1
rect:50 673 90 167 1
rect:67 286 106 74 1
Anchorage1964_09.jpg 0x0
rect:178 180 371 11 15
rect:575 10 121 12 16
rect:828 152 1 1 16
rect:125 36 53 67 8
rect:391 144 96 31 15
rect:134 125 81 52 1
rect:707 41 63 58 8
rect:13 161 24 8 16
rect:10 125 128 20 15
rect:13 11 370 16 15
rect:473 151 140 22 15
rect:262 114 55 69 1
rect:128 382 54 87 8
rect:567 6 274 10 15
rect:303 205 53 70 1
rect:14 17 50 14 16
rect:695 271 98 74 8
rect:550 121 66 86 1
rect:45 161 42 10 16
Anchorage1964_10.jpg 0x0
rect:156 135 233 67 18
rect:266 206 116 112 17
rect:73 504 228 90 18
rect:72 195 326 427 1
Anchorage1964_11.jpg 0x0
rect:164 161 411 27 15
rect:408 129 203 84 1
rect:62 398 705 9 14
rect:513 7 111 35 1
rect:78 416 660 16 14
rect:213 202 367 36 11
rect:94 183 587 96 2
rect:166 45 129 144 4
Anchorage1964_12.jpg 0x0
rect:12 101 563 193 2
rect:466 95 175 150 11
rect:180 200 23 112 3
rect:281 87 52 241 3
rect:318 98 49 239 3
Anchorage1964_13.jpg 0x0
rect:331 536 136 29 2
rect:373 542 133 15 19
rect:447 288 31 217 20
Anchorage1964_14.jpg 0x0
rect:141 17 95 864 20
rect:79 354 186 34 15
rect:337 182 203 47 15
rect:132 662 30 62 22
rect:130 472 47 74 22
rect:385 709 195 76 23
rect:301 13 72 159 11
rect:41 650 61 51 22
rect:22 440 28 77 22
rect:153 297 52 98 21
rect:526 6 90 159 11
rect:11 759 261 98 11
Anchorage1964_15.jpg 0x0
rect:352 7 123 82 4
rect:141 95 81 418 20
rect:322 207 108 30 24
rect:371 244 136 40 11
rect:224 128 54 105 25
rect:174 268 158 31 15
rect:180 181 31 62 11
rect:336 7 68 43 4
rect:290 613 153 71 2
Anchorage1964_16.jpg 0x0
rect:11 141 242 221 2
rect:14 351 52 82 2
rect:275 230 218 234 11
rect:174 95 323 129 2
rect:93 231 94 109 11
rect:488 154 165 201 2
Anchorage1964_17.jpg 0x0
rect:234 35 275 156 9
rect:10 255 546 216 10
rect:14 141 320 101 9
Anchorage1964_18.jpg 0x0
rect:310 304 44 46 11
rect:531 251 64 17 2
rect:384 213 37 19 2
rect:144 375 95 39 11
rect:178 241 91 141 4
rect:258 305 226 23 15
rect:303 249 104 17 2
rect:515 184 109 99 4
rect:657 107 108 84 4
rect:159 202 20 53 11
Anchorage1964_19.jpg 0x0
rect:930 109 10 7 26
rect:409 101 33 33 27
rect:364 157 46 41 28
rect:441 161 17 34 26
rect:375 243 61 93 26
rect:465 93 17 71 29
rect:467 162 44 34 28
rect:255 59 66 101 29
rect:356 77 68 47 26
rect:493 136 20 39 26
rect:301 284 16 49 26
rect:32 278 25 128 27
rect:447 164 8 14 26
rect:644 187 8 10 26
rect:488 142 10 22 26
rect:469 124 45 86 29
rect:5 213 65 189 26
rect:472 92 26 29 26
Anchorage1964_20.jpg 0x0
rect:262 90 123 57 26
rect:224 80 133 167 29
rect:272 494 65 163 26
rect:519 415 39 79 26
rect:280 76 86 55 27
Anchorage1964_21.jpg 0x0
rect:134 182 410 113 30
rect:60 219 26 34 26
rect:2 120 38 31 26
rect:-5 68 93 139 29
Bingol2003_01.jpg 0x0
rect:414 207 39 64 6
rect:319 210 84 74 33
rect:555 335 64 41 33
rect:565 162 52 150 34
rect:113 194 81 88 33
rect:447 72 180 170 31
rect:35 274 79 51 33
rect:444 361 100 72 6
rect:681 536 211 56 6
rect:521 96 66 55 6
rect:604 296 48 61 34
rect:253 77 62 29 6
rect:889 455 111 67 33
rect:2 333 1008 304 10
rect:634 212 152 127 31
rect:716 290 92 67 6
rect:996 283 94 68 33
rect:557 326 39 142 32
rect:483 114 74 81 6
Bingol2003_02.jpg 0x0
rect:121 623 184 180 32
rect:330 207 972 416 31
rect:149 335 60 437 32
rect:500 298 487 92 35
rect:115 71 497 151 34
rect:701 70 107 80 36
rect:598 365 123 86 26
rect:362 244 94 83 6
Bingol2003_03.jpg 0x0
rect:127 39 103 128 33
rect:812 527 303 503 2
rect:434 213 255 89 11
rect:82 18 214 37 2
rect:901 224 233 646 4
rect:796 -8 206 168 4
rect:461 170 275 178 2
Bingol2003_04.jpg 0x0
rect:347 227 146 155 4
rect:69 593 23 96 3
rect:98 596 31 75 3
rect:217 511 40 150 3
rect:194 336 174 201 2
rect:283 458 147 64 2
rect:239 479 26 83 3
rect:70 615 83 58 2
CanterburyNZSeries2010_01.jpg 0x0
rect:87 124 132 305 12
CanterburyNZSeries2010_02.jpg 0x0
rect:50 10 217 194 37
rect:69 60 176 185 6
CanterburyNZSeries2010_03.jpg 0x0
rect:43 55 345 154 38
CanterburyNZSeries2010_04.jpg 0x0
rect:352 497 18 70 40
rect:254 321 36 215 40
rect:292 208 244 315 39
rect:275 9 82 144 42
rect:178 325 114 308 41
rect:469 290 36 110 40
rect:223 486 31 59 40
rect:347 280 35 75 40
CanterburyNZSeries2010_05.jpg 0x0
rect:332 294 243 408 4
rect:329 268 109 107 15
CanterburyNZSeries2010_06.jpg 0x0
rect:237 264 218 143 2
rect:88 150 820 568 4
CanterburyNZSeries2010_08.jpg 0x0
rect:827 526 28 171 32
rect:597 118 188 320 43
rect:512 285 124 132 44
rect:762 645 77 93 44
CanterburyNZSeries2010_09.jpg 0x0
rect:211 104 161 169 45
rect:280 398 112 368 39
CanterburyNZSeries2010_10.jpg 0x0
rect:292 146 242 112 7
rect:335 346 256 78 46
rect:227 420 220 131 6
rect:214 200 409 285 6
CanterburyNZSeries2010_11.jpg 0x0
rect:311 248 310 95 7
rect:217 236 341 242 5
CanterburyNZSeries2010_12.jpg 0x0
rect:492 432 211 83 11
rect:63 438 808 253 2
rect:197 659 165 46 11
rect:4 203 768 360 47
CanterburyNZSeries2010_13.jpg 0x0
rect:408 113 126 321 11
rect:204 19 375 906 12
Caracas1967_01.jpg 0x0
rect:286 210 34 87 48
rect:370 130 83 85 48
rect:286 183 12 68 48
rect:562 75 217 327 48
Caracas1967_02.jpg 0x0
rect:137 526 40 40 50
rect:123 322 33 62 49
rect:172 1 117 194 15
rect:165 214 147 315 51
Caracas1967_03.jpg 0x0
rect:258 64 67 128 14
rect:12 486 225 91 6
rect:250 271 152 160 34
rect:387 359 82 69 26
rect:259 424 23 107 27
rect:242 270 25 72 27
Caracas1967_04.jpg 0x0
rect:110 296 48 77 26
rect:178 429 22 81 27
rect:172 399 177 173 34
Caracas1967_05.jpg 0x0
rect:57 358 207 173 52
rect:251 190 118 165 52
rect:245 333 51 183 40
rect:51 112 265 485 41
rect:31 79 460 756 48
rect:453 234 60 340 40
rect:176 259 60 305 40
rect:51 351 57 185 40
rect:354 279 49 209 40
rect:218 316 48 298 40
Caracas1967_06.jpg 0x0
rect:327 245 95 58 6
rect:245 111 352 314 7
Caracas1967_07.jpg 0x0
rect:376 44 32 206 27
rect:526 322 132 78 53
rect:570 286 100 70 53
rect:235 171 188 235 34
rect:395 165 151 331 34
rect:350 9 95 367 34
rect:151 118 49 195 27
Caracas1967_08.jpg 0x0
rect:201 371 81 76 54
rect:241 353 85 119 55
rect:475 163 79 135 54
Caracas1967_09.jpg 0x0
rect:455 11 225 125 48
rect:74 179 66 56 48
rect:195 183 91 82 48
rect:34 172 47 43 48
Caracas1967_10.jpg 0x0
rect:363 264 87 230 40
rect:362 222 84 158 40
rect:54 267 213 237 41
rect:22 211 586 300 48
Caracas1967_11.jpg 0x0
rect:384 13 148 334 41
rect:66 10 492 886 48
rect:48 185 251 589 41
Caracas1967_12.jpg 0x0
rect:685 372 20 47 32
rect:211 299 21 38 56
rect:546 333 35 47 34
rect:853 271 26 69 32
Caracas1967_13.jpg 0x0
rect:127 281 99 325 55
Caracas1967_14.jpg 0x0
rect:86 92 664 184 57
rect:159 363 281 57 6
Chichi1999_01.jpg 0x0
rect:282 175 36 144 42
rect:3 9 783 147 58
Chichi1999_02.jpg 0x0
rect:418 129 184 430 59
rect:7 113 378 151 58
Chichi1999_03.jpg 0x0
rect:73 165 80 76 60
rect:0 132 948 177 58
Chichi1999_04.jpg 0x0
rect:169 -20 51 118 48
rect:156 310 39 72 52
rect:219 258 93 342 48
Chichi1999_05.jpg 0x0
rect:498 208 29 38 41
rect:382 145 63 66 41
rect:348 253 30 85 52
rect:334 109 103 212 48
Chichi1999_06.jpg 0x0
rect:732 -12 72 70 61
rect:492 127 42 43 41
rect:310 85 47 80 62
rect:342 284 23 31 52
rect:268 191 40 63 48
rect:116 12 661 181 10
Chichi1999_07.jpg 0x0
rect:347 211 26 36 64
rect:39 169 437 166 63
rect:528 192 22 23 64
rect:136 192 21 59 64
rect:757 187 36 103 48
rect:421 260 61 126 48
rect:116 205 63 189 48
Chichi1999_08.jpg 0x0
rect:126 13 700 606 10
Chichi1999_09.jpg 0x0
rect:225 82 109 94 41
rect:252 65 217 230 48
rect:301 97 55 75 40
rect:200 115 40 91 40
Chichi1999_10.jpg 0x0
rect:181 19 523 519 10
Chichi1999_11.jpg 0x0
rect:137 260 110 127 65
rect:2 155 144 621 10
Chichi1999_12.jpg 0x0
rect:10 26 461 539 66
Chichi1999_13.jpg 0x0
rect:34 37 652 441 10
Chichi1999_14.jpg 0x0
rect:160 623 19 51 67
rect:171 222 115 49 67
rect:311 411 26 41 39
rect:96 508 32 32 67
rect:300 528 39 48 39
rect:140 384 39 46 67
rect:101 315 47 46 67
rect:103 324 48 48 67
rect:426 425 53 60 67
rect:287 476 36 53 67
rect:235 415 19 22 39
rect:169 256 29 67 67
rect:202 319 39 51 67
rect:52 427 58 49 67
rect:163 250 35 74 67
rect:189 225 22 47 67
rect:370 251 36 54 39
Chichi1999_15.jpg 0x0
rect:216 33 191 377 41
Chichi1999_16.jpg 0x0
rect:145 109 67 138 32
Chichi1999_17.jpg 0x0
rect:113 302 23 43 32
Chichi1999_18.jpg 0x0
rect:280 324 26 156 69
rect:329 242 40 145 69
rect:128 241 179 367 68
rect:179 222 32 80 69
rect:275 213 56 97 70
rect:143 225 24 135 69
Chichi1999_19.jpg 0x0
rect:280 86 175 313 3
rect:143 17 286 371 2
YogyakartaInd2006_03.jpg 0x0
rect:180 374 373 136 71
rect:245 157 82 40 15
rect:314 176 17 7 16
rect:220 419 38 32 16
rect:413 50 157 61 15
rect:367 89 112 50 16
rect:190 530 171 35 15
rect:272 28 119 2 15
Chichi1999_20.jpg 0x0
rect:142 221 137 402 42
rect:283 528 51 255 41
Chichi1999_21.jpg 0x0
rect:184 302 67 91 6
rect:257 252 175 132 37
rect:463 43 198 246 37
rect:395 151 172 86 6
rect:20 4 177 190 30
rect:135 96 188 323 72
rect:95 485 133 109 5
rect:468 8 159 94 57
Chichi1999_22.jpg 0x0
rect:522 203 19 18 73
rect:218 153 240 117 10
rect:307 288 17 26 73
rect:185 321 19 20 73
Chichi1999_23.jpg 0x0
rect:120 439 42 85 34
rect:104 404 52 131 73
rect:141 123 17 35 34
rect:283 184 33 26 27
rect:214 376 35 60 34
rect:211 225 48 54 73
rect:3 79 499 138 74
rect:155 190 75 36 73
rect:362 209 35 32 26
rect:253 339 99 105 73
Chichi1999_24.jpg 0x0
rect:224 197 74 36 34
rect:416 349 1 2 46
rect:237 238 54 45 46
rect:3 273 399 247 74
rect:156 123 151 95 75
Chichi1999_25.jpg 0x0
rect:227 318 122 279 34
rect:198 260 41 86 26
rect:183 261 169 378 73
Chichi1999_26.jpg 0x0
rect:164 117 62 98 73
rect:210 18 51 36 73
rect:158 225 162 376 76
rect:95 494 139 79 27
rect:154 415 92 127 73
rect:161 571 94 62 26
Chichi1999_27.jpg 0x0
rect:152 254 77 329 32
Chichi1999_28.jpg 0x0
rect:283 258 293 98 77
rect:165 71 187 241 5
rect:21 54 335 123 6
rect:381 172 149 280 75
Chichi1999_29.jpg 0x0
rect:283 225 125 154 40
rect:148 246 85 116 52
rect:151 215 256 193 48
Chichi1999_30.jpg 0x0
rect:253 198 244 68 78
rect:213 92 256 277 40
rect:32 243 93 128 73
rect:243 153 248 97 52
Chichi1999_31.jpg 0x0
rect:115 84 127 372 79
rect:466 83 38 225 48
Chichi1999_32.jpg 0x0
rect:177 8 81 327 80
rect:217 51 44 141 81
rect:549 118 60 176 39
rect:122 257 46 126 81
Chichi1999_33.jpg 0x0
rect:105 152 84 293 32
rect:62 63 98 422 33
rect:118 126 58 93 49
rect:247 129 122 193 56
rect:292 109 88 236 32
rect:286 102 40 89 49
Chichi1999_34.jpg 0x0
rect:100 109 535 417 10
Duzce1999_01.jpg 0x0
rect:124 118 135 114 41
rect:178 48 107 397 39
Duzce1999_02.jpg 0x0
rect:86 49 166 526 41
Duzce1999_03.jpg 0x0
rect:133 102 91 184 42
rect:0 161 109 283 31
rect:189 112 118 263 31
Gediz1970_01.jpg 0x0
rect:169 143 287 424 68
rect:161 253 103 291 69
rect:287 355 100 248 69
Guatemala1976_01.jpg 0x0
rect:33 197 96 103 48
rect:70 171 45 46 41
rect:53 150 71 57 52
rect:638 134 70 64 41
rect:490 173 112 137 48
rect:19 161 549 126 82
Guatemala1976_02.jpg 0x0
rect:325 67 89 70 40
rect:194 91 384 266 48
Guatemala1976_03.jpg 0x0
rect:18 105 668 277 75
Guatemala1976_04.jpg 0x0
rect:742 137 113 301 4
rect:43 86 327 171 30
rect:640 290 101 237 4
rect:119 27 443 62 30
Guatemala1976_05.jpg 0x0
rect:198 154 356 176 41
rect:150 177 350 167 40
rect:195 92 439 429 48
Guatemala1976_06.jpg 0x0
rect:110 102 160 444 39
Guatemala1976_07.jpg 0x0
rect:32 352 55 44 6
rect:186 603 135 75 83
rect:21 278 446 476 10
Guatemala1976_08.jpg 0x0
rect:156 72 261 359 41
rect:355 98 173 253 40
rect:157 30 363 306 48
Guatemala1976_09.jpg 0x0
rect:223 181 52 76 85
rect:72 234 43 32 84
rect:621 402 64 65 84
rect:235 363 46 23 84
rect:485 255 82 51 85
rect:258 335 39 75 84
rect:90 345 43 32 85
rect:407 353 71 28 85
Guatemala1976_10.jpg 0x0
rect:236 258 47 131 87
rect:172 153 199 183 87
rect:272 237 288 307 86
Guatemala1976_11.jpg 0x0
rect:249 181 137 200 34
GujaratIndia2001_01.jpg 0x0
rect:321 377 47 64 11
rect:39 494 148 149 4
rect:192 380 226 110 2
rect:73 447 67 39 2
Haiti2010_01.jpg 0x0
rect:691 303 125 152 4
rect:570 523 222 163 4
rect:392 250 23 94 40
rect:322 118 139 359 41
rect:118 54 129 100 7
Haiti2010_02.jpg 0x0
rect:65 103 350 186 88
rect:341 29 129 46 14
Haiti2010_03.jpg 0x0
rect:192 682 170 158 89
rect:475 1 48 786 32
rect:152 418 184 151 32
rect:184 473 57 87 49
Haiti2010_04.jpg 0x0
rect:177 389 261 446 41
rect:2 165 265 128 6
rect:266 54 298 254 34
Haiti2010_05.jpg 0x0
rect:322 308 40 70 40
rect:351 251 21 86 40
rect:198 114 299 425 90
rect:199 161 136 143 52
Haiti2010_06.jpg 0x0
rect:250 204 227 265 91
rect:585 283 80 262 32
rect:577 136 529 556 91
rect:671 172 78 98 34
rect:459 197 165 336 33
rect:434 154 69 38 6
rect:186 285 47 57 34
ImperialValley1979_01.jpg 0x0
rect:601 233 21 18 49
rect:546 291 45 27 32
rect:16 318 61 92 49
rect:333 325 35 17 49
rect:386 415 19 25 49
rect:592 230 40 36 32
rect:369 333 40 66 50
rect:14 257 159 111 32
rect:51 353 95 77 50
rect:600 242 22 34 50
rect:310 264 71 62 32
ImperialValley1979_02.jpg 0x0
rect:177 190 149 53 49
rect:144 145 55 145 50
rect:395 163 36 130 50
rect:158 236 252 48 92
rect:203 110 190 310 32
rect:462 130 89 131 50
ImperialValley1979_03.jpg 0x0
rect:221 254 102 152 50
rect:92 475 356 53 92
rect:66 339 79 149 50
rect:156 317 183 215 32
rect:315 225 79 174 50
rect:104 415 285 35 92
rect:203 229 264 167 32
Izmit1999_01.jpg 0x0
rect:240 117 42 164 27
rect:223 238 36 128 27
rect:185 69 357 231 34
rect:331 189 75 57 26
rect:232 99 52 111 27
Izmit1999_02.jpg 0x0
rect:32 125 693 281 10
Izmit1999_03.jpg 0x0
rect:171 207 313 47 92
rect:165 78 248 464 32
rect:203 35 417 382 93
rect:332 112 45 236 50
rect:457 76 32 202 50
rect:176 151 31 219 50
rect:223 114 75 346 50
rect:479 58 57 389 50
Izmit1999_04.jpg 0x0
rect:49 278 82 56 34
rect:418 60 79 89 41
rect:459 424 17 61 40
rect:219 319 111 105 41
rect:165 205 170 81 88
rect:395 74 106 81 48
rect:470 460 26 58 40
rect:68 366 59 92 41
rect:126 416 257 109 88
rect:75 561 37 84 42
Izmit1999_05.jpg 0x0
rect:95 30 762 532 10
Izmit1999_06.jpg 0x0
rect:149 222 277 469 32
rect:133 238 69 259 50
rect:210 176 44 149 50
rect:117 264 160 79 49
rect:178 309 33 179 50
rect:72 225 92 235 50
Izmit1999_07.jpg 0x0
rect:431 79 130 59 6
rect:262 122 60 82 3
rect:117 277 32 97 3
rect:203 283 59 106 3
rect:447 370 91 374 4
rect:27 152 435 758 2
rect:348 215 33 105 3
Izmit1999_08.jpg 0x0
rect:165 528 109 93 45
rect:526 106 69 21 52
rect:135 127 60 81 41
rect:167 27 71 95 34
rect:471 6 133 53 45
rect:531 107 52 76 41
rect:249 173 155 113 88
Izmit1999_09.jpg 0x0
rect:582 242 77 54 94
rect:782 269 69 45 41
rect:191 245 49 25 41
rect:64 237 35 37 41
rect:395 306 121 75 41
rect:446 314 88 97 94
Izmit1999_10.jpg 0x0
rect:87 106 289 611 41
rect:375 430 92 136 40
rect:172 213 66 294 40
rect:137 520 98 31 78
rect:380 641 72 28 78
rect:52 195 90 153 40
rect:285 447 37 84 40
rect:186 127 119 109 40
rect:54 254 391 53 78
rect:116 373 249 76 78
rect:281 183 64 169 40
Izmit1999_11.jpg 0x0
rect:160 268 55 105 40
rect:206 564 94 169 41
rect:241 282 73 181 40
rect:190 286 155 161 41
rect:254 265 53 192 40
Izmit1999_12.jpg 0x0
rect:345 203 129 185 94
rect:98 95 40 23 6
rect:1 191 33 41 41
rect:57 308 80 76 52
rect:304 96 43 72 45
rect:386 387 77 112 52
rect:190 188 66 48 88
rect:105 215 28 60 40
rect:340 169 209 186 91
rect:331 80 38 106 41
rect:52 244 62 81 94
rect:17 85 33 23 6
rect:390 153 47 56 7
rect:252 212 44 26 6
rect:290 245 57 122 42
rect:481 277 42 44 41
rect:347 301 76 83 41
rect:592 33 98 45 34
Izmit1999_13.jpg 0x0
rect:5 69 63 182 42
rect:165 278 23 95 41
rect:262 104 86 132 41
rect:138 296 103 138 94
rect:316 209 73 303 41
rect:108 150 42 33 6
rect:365 98 153 414 48
rect:118 216 85 50 52
rect:240 288 41 117 41
Izmit1999_14.jpg 0x0
rect:504 8 106 90 35
rect:515 269 58 50 34
rect:561 83 60 66 34
rect:235 404 40 26 34
rect:42 113 103 62 34
rect:254 445 40 26 34
rect:346 349 57 53 34
rect:354 35 66 68 95
rect:333 163 64 100 35
Izmit1999_15.jpg 0x0
rect:131 136 303 453 42
Izmit1999_16.jpg 0x0
rect:121 86 448 632 33
rect:145 117 235 184 41
rect:128 68 221 260 39
rect:252 128 44 72 40
Izmit1999_17.jpg 0x0
rect:120 124 194 190 41
Izmit1999_18.jpg 0x0
rect:215 144 108 110 41
rect:191 188 119 220 39
Izmit1999_19.jpg 0x0
rect:220 119 188 162 32
rect:457 150 21 113 50
rect:283 104 195 223 96
rect:434 156 25 89 50
Kobe1995_01.jpg 0x0
rect:24 125 617 110 63
Kobe1995_02.jpg 0x0
rect:2 48 507 705 68
Kobe1995_03.jpg 0x0
rect:33 63 626 813 10
Kobe1995_04.jpg 0x0
rect:258 314 43 52 41
Kobe1995_05.jpg 0x0
rect:81 410 365 171 78
rect:142 137 284 617 52
rect:233 182 128 432 40
rect:5 114 122 630 40
rect:50 332 507 95 78
Kobe1995_06.jpg 0x0
rect:231 472 246 252 42
rect:45 106 540 344 41
Kobe1995_07.jpg 0x0
rect:380 515 42 42 39
rect:139 214 29 38 39
rect:376 245 30 32 39
rect:290 305 36 52 39
rect:40 255 48 32 39
rect:286 266 42 46 39
rect:462 370 48 34 39
rect:190 158 41 32 39
rect:56 289 39 37 39
rect:425 272 37 39 39
rect:178 98 26 32 39
rect:379 209 32 58 39
rect:158 331 30 35 39
rect:102 286 43 30 39
rect:459 93 37 34 39
rect:164 467 20 45 39
rect:464 146 35 46 39
rect:171 244 37 55 39
rect:430 351 29 51 39
rect:458 141 39 48 39
rect:147 369 31 32 39
rect:304 572 40 52 39
rect:282 276 38 40 39
rect:241 458 42 36 39
rect:191 106 35 50 39
rect:257 387 35 40 39
Kobe1995_08.jpg 0x0
rect:280 46 553 253 97
Kobe1995_09.jpg 0x0
rect:73 719 99 93 88
rect:230 518 139 77 97
rect:111 422 74 84 88
rect:79 589 83 61 88
SanSalvador_1986_01.jpg 0x0
rect:87 3 80 211 68
rect:243 167 96 189 41
SanSalvador_1986_02.jpg 0x0
rect:441 201 31 58 42
rect:199 275 28 32 41
rect:294 258 40 43 41
rect:613 182 43 36 41
rect:203 211 34 38 41
rect:338 319 42 44 41
rect:153 214 27 34 41
rect:359 166 15 20 41
rect:390 315 27 38 41
SikkimIndia2001_01.jpg 0x0
rect:226 154 124 146 34
SikkimIndia2001_02.jpg 0x0
rect:9 156 74 45 54
rect:-11 2 332 72 33
rect:229 295 91 42 16
rect:561 128 134 219 33
rect:234 100 174 444 33
rect:10 6 255 81 16
rect:352 312 106 15 16
rect:447 77 85 40 16
SikkimIndia2001_03.jpg 0x0
rect:215 105 88 190 69
rect:198 13 168 462 98
rect:199 215 120 181 70
SikkimIndia2001_04.jpg 0x0
rect:359 236 238 108 99
rect:3 24 334 208 99
rect:335 186 145 171 34
SumatraInd2009_01.jpg 0x0
rect:270 33 49 221 81
SumatraInd2009_02.jpg 0x0
rect:199 61 140 165 41
WhittierNarrows1987_01.jpg 0x0
rect:13 24 1058 440 10
WhittierNarrows1987_02.jpg 0x0
rect:168 351 78 261 41
WhittierNarrows1987_03.jpg 0x0
rect:320 90 190 237 32
WhittierNarrows1987_04.jpg 0x0
rect:225 8 211 59 6
rect:174 60 83 191 41
rect:256 10 226 180 100
YogyakartaInd2006_01.jpg 0x0
rect:209 -23 497 350 29
rect:248 124 317 57 49
rect:291 42 433 245 32
YogyakartaInd2006_02.jpg 0x0
rect:380 41 106 435 98
rect:276 71 68 195 70
rect:429 147 56 210 69
