Anchorage1964_01.jpg 0x0
rect:94 478 221 242 1
rect:76 7 232 219 1
Anchorage1964_02.jpg 0x0
rect:50 29 193 48 5
rect:306 361 25 47 3
rect:362 355 32 77 3
rect:314 359 25 54 3
rect:444 181 17 55 3
rect:345 268 27 62 3
rect:67 44 106 16 6
rect:330 37 266 101 4
rect:161 205 52 16 6
rect:35 172 121 33 5
rect:234 85 77 53 4
rect:168 191 81 39 7
rect:504 159 69 58 4
rect:183 246 19 88 3
rect:437 196 20 41 3
rect:205 210 415 96 2
rect:695 243 16 59 3
rect:648 63 86 114 8
rect:79 206 30 25 6
Anchorage1964_03.jpg 0x0
rect:203 61 408 203 9
rect:0 271 469 54 10
rect:2 200 236 97 9
Anchorage1964_04.jpg 0x0
rect:422 142 24 14 5
rect:349 514 22 30 1
rect:333 339 9 26 1
rect:281 420 33 21 5
rect:190 319 23 24 8
rect:180 179 24 14 5
rect:394 137 24 15 5
rect:233 194 25 16 5
rect:128 99 33 20 5
rect:316 103 21 39 1
rect:219 143 15 24 1
rect:285 98 25 22 5
rect:443 253 26 23 5
rect:284 450 24 13 5
rect:331 84 46 18 5
rect:206 487 73 14 2
rect:211 422 30 16 5
rect:287 380 20 17 5
rect:279 426 40 17 5
rect:150 481 31 22 5
rect:248 167 40 14 5
rect:314 31 36 23 5
rect:203 103 33 12 5
rect:168 428 35 21 5
rect:235 281 33 16 5
rect:122 206 35 17 5
rect:325 384 27 20 1
rect:348 174 17 27 1
rect:199 30 33 16 5
rect:146 154 30 14 5
rect:349 457 9 1 1
rect:288 293 17 24 1
rect:243 384 16 25 1
rect:256 259 21 36 1
rect:374 403 22 25 1
rect:136 303 22 15 5
rect:145 136 35 22 5
rect:292 237 25 21 1
rect:146 65 26 18 5
Anchorage1964_05.jpg 0x0
rect:85 205 23 35 1
rect:325 127 113 69 2
rect:103 118 17 65 1
rect:435 134 41 73 1
rect:514 332 53 87 8
rect:59 175 18 35 1
rect:469 31 46 49 1
rect:79 157 13 37 1
rect:86 50 31 58 1
rect:575 262 58 81 1
rect:433 1 53 51 1
rect:338 211 38 41 1
rect:485 441 59 12 6
rect:45 415 28 43 1
rect:542 71 48 63 1
rect:154 202 108 54 6
rect:310 178 19 23 11
rect:806 241 63 38 5
rect:542 176 39 19 6
rect:78 26 19 33 1
rect:257 46 106 29 5
rect:785 333 48 37 5
rect:100 215 19 47 1
rect:417 181 35 19 11
rect:44 359 18 72 1
rect:414 256 43 57 1
rect:352 333 45 47 8
rect:238 140 95 28 5
rect:152 47 76 49 6
Anchorage1964_06.jpg 0x0
rect:211 131 69 292 3
rect:118 70 162 366 12
rect:203 267 66 95 11
Anchorage1964_07.jpg 0x0
rect:363 161 36 151 3
rect:376 182 73 70 11
rect:324 129 120 139 11
rect:8 82 810 550 2
rect:8 377 482 41 14
rect:165 2 79 82 2
rect:17 264 289 31 11
rect:426 174 41 108 13
rect:240 329 456 238 2
Anchorage1964_08.jpg 0x0
rect:252 579 162 106 1
rect:52 648 134 104 1
rect:56 283 111 71 1
rect:290 182 134 146 1
rect:307 24 138 115 1
rect:45 66 176 125 1
Anchorage1964_09.jpg 0x0
rect:20 100 21 11 16
rect:765 9 108 9 16
rect:72 113 52 12 16
rect:13 100 83 17 15
rect:90 146 58 72 1
rect:11 16 54 11 16
rect:427 111 97 77 1
rect:624 115 105 19 15
rect:200 162 210 15 15
rect:584 233 60 62 8
rect:95 282 62 70 8
rect:85 49 56 59 8
rect:13 19 274 13 15
rect:311 116 49 72 1
rect:334 10 329 16 15
rect:715 183 1 1 16
rect:602 28 86 47 8
rect:224 195 60 63 1
rect:405 120 124 30 15
Anchorage1964_10.jpg 0x0
rect:48 150 321 344 1
rect:186 230 96 98 17
rect:150 232 216 83 18
rect:74 315 227 153 18
Anchorage1964_11.jpg 0x0
rect:107 239 493 54 2
rect:103 72 189 129 4
rect:156 221 485 18 15
rect:61 344 504 11 14
rect:506 8 85 27 1
rect:671 151 164 88 1
rect:290 161 238 33 11
rect:68 561 684 20 14
Anchorage1964_12.jpg 0x0
rect:14 68 634 365 2
rect:175 249 33 98 3
rect:393 81 193 114 11
rect:297 108 50 222 3
rect:271 66 46 241 3
Anchorage1964_13.jpg 0x0
rect:382 590 154 12 19
rect:361 282 33 184 20
rect:306 497 231 25 2
Anchorage1964_14.jpg 0x0
rect:406 585 150 74 23
rect:249 316 83 90 21
rect:300 267 165 71 15
rect:10 640 259 76 11
rect:47 642 45 69 22
rect:15 546 24 41 22
rect:425 5 74 163 11
rect:171 598 39 57 22
rect:63 291 166 44 15
rect:226 11 103 579 20
rect:132 483 37 75 22
rect:276 9 72 159 11
Anchorage1964_15.jpg 0x0
rect:242 159 39 46 11
rect:320 107 46 67 25
rect:362 204 135 58 11
rect:237 77 89 345 20
rect:331 11 115 77 4
rect:236 9 83 45 4
rect:482 241 118 46 24
rect:183 178 141 37 15
rect:237 493 284 43 2
Anchorage1964_16.jpg 0x0
rect:10 282 64 102 2
rect:17 125 215 212 2
rect:392 193 137 247 2
rect:164 256 222 272 11
rect:89 275 108 108 11
rect:147 89 221 118 2
Anchorage1964_17.jpg 0x0
rect:8 183 824 175 10
rect:13 97 307 156 9
rect:336 51 300 256 9
Anchorage1964_18.jpg 0x0
rect:369 179 124 98 4
rect:279 243 74 25 2
rect:150 210 86 56 11
rect:141 151 82 90 4
rect:343 336 407 25 15
rect:441 193 40 45 11
rect:117 318 15 48 11
rect:410 325 38 25 2
rect:692 332 69 16 2
rect:645 129 125 64 4
Anchorage1964_19.jpg 0x0
rect:5 201 85 154 26
rect:296 135 18 36 26
rect:292 132 35 34 27
rect:423 114 46 40 28
rect:359 155 35 31 26
rect:465 168 7 20 26
rect:366 71 58 46 26
rect:438 189 15 28 26
rect:306 237 48 95 26
rect:572 185 7 7 26
rect:460 128 27 79 29
rect:586 185 30 37 28
rect:817 178 9 13 26
rect:328 100 48 158 29
rect:38 283 36 73 27
rect:405 167 23 45 29
rect:515 233 8 27 26
rect:330 175 25 48 26
Anchorage1964_20.jpg 0x0
rect:175 406 64 112 26
rect:179 90 99 49 26
rect:210 99 80 55 27
rect:195 88 143 184 29
rect:557 617 30 96 26
Anchorage1964_21.jpg 0x0
rect:2 66 54 38 26
rect:191 129 748 145 30
rect:-5 92 101 121 29
rect:35 264 27 44 26
Bingol2003_01.jpg 0x0
rect:551 366 77 30 33
rect:2 304 687 274 10
rect:680 542 219 65 6
rect:488 293 59 50 6
rect:381 359 47 53 34
rect:563 318 55 152 32
rect:472 100 69 69 6
rect:891 204 104 74 33
rect:262 428 74 66 6
rect:396 244 100 86 33
rect:762 166 78 54 6
rect:656 84 170 160 31
rect:731 400 113 69 33
rect:27 232 64 79 33
rect:474 245 84 80 6
rect:396 231 221 221 31
rect:201 210 88 77 33
rect:460 207 36 149 34
rect:319 102 77 28 6
Bingol2003_02.jpg 0x0
rect:476 335 108 106 6
rect:175 305 61 296 32
rect:451 371 101 91 26
rect:166 366 159 179 32
rect:225 273 590 552 31
rect:406 173 356 113 35
rect:958 86 137 75 36
rect:151 117 397 182 34
Bingol2003_03.jpg 0x0
rect:519 266 186 57 11
rect:131 54 83 102 33
rect:116 24 210 27 2
rect:835 243 301 546 4
rect:254 201 323 186 2
rect:1012 463 332 303 2
rect:475 -10 332 208 4
Bingol2003_04.jpg 0x0
rect:265 472 40 155 3
rect:284 585 130 83 2
rect:86 703 28 73 3
rect:301 309 129 142 4
rect:184 522 239 153 2
rect:60 600 95 63 2
rect:126 699 35 64 3
rect:149 385 34 67 3
CanterburyNZSeries2010_01.jpg 0x0
rect:96 139 92 355 12
CanterburyNZSeries2010_02.jpg 0x0
rect:56 7 228 251 37
rect:56 61 173 188 6
CanterburyNZSeries2010_03.jpg 0x0
rect:37 75 379 105 38
CanterburyNZSeries2010_04.jpg 0x0
rect:217 219 228 355 39
rect:253 11 131 123 42
rect:248 527 73 188 41
rect:265 539 31 86 40
rect:275 431 12 46 40
rect:220 443 28 140 40
rect:246 420 22 43 40
rect:398 334 63 150 40
CanterburyNZSeries2010_05.jpg 0x0
rect:347 261 154 106 15
rect:352 450 232 462 4
CanterburyNZSeries2010_06.jpg 0x0
rect:262 230 281 93 2
rect:79 96 950 720 4
CanterburyNZSeries2010_08.jpg 0x0
rect:752 442 23 156 32
rect:656 346 72 113 44
rect:794 693 56 109 44
rect:492 132 214 201 43
CanterburyNZSeries2010_09.jpg 0x0
rect:256 407 190 370 39
rect:248 155 232 256 45
CanterburyNZSeries2010_10.jpg 0x0
rect:409 164 328 142 7
rect:272 494 308 132 6
rect:378 217 230 101 46
rect:156 214 250 253 6
CanterburyNZSeries2010_11.jpg 0x0
rect:372 412 390 183 5
rect:338 285 384 94 7
CanterburyNZSeries2010_12.jpg 0x0
rect:135 518 189 52 11
rect:545 520 125 45 11
rect:50 405 863 313 2
rect:5 215 916 528 47
CanterburyNZSeries2010_13.jpg 0x0
rect:214 13 490 895 12
rect:326 126 95 492 11
Caracas1967_01.jpg 0x0
rect:330 197 39 118 48
rect:224 134 12 74 48
rect:252 166 64 120 48
rect:502 75 203 261 48
Caracas1967_02.jpg 0x0
rect:149 264 54 80 49
rect:145 476 37 42 50
rect:238 1 144 216 15
rect:186 248 166 239 51
Caracas1967_03.jpg 0x0
rect:13 267 273 65 6
rect:224 53 102 79 14
rect:269 320 35 101 27
rect:322 460 66 80 26
rect:197 422 105 155 34
rect:235 339 38 66 27
Caracas1967_04.jpg 0x0
rect:143 259 15 85 27
rect:169 246 36 136 26
rect:141 341 179 131 34
Caracas1967_05.jpg 0x0
rect:248 311 71 215 40
rect:240 198 65 223 40
rect:471 269 55 260 40
rect:383 239 51 193 40
rect:36 110 290 618 48
rect:156 440 42 193 40
rect:56 177 455 420 41
rect:73 322 302 256 52
rect:274 198 99 103 52
rect:76 403 75 290 40
Caracas1967_06.jpg 0x0
rect:457 96 284 174 7
rect:301 273 78 40 6
Caracas1967_07.jpg 0x0
rect:270 115 45 157 27
rect:365 177 143 185 34
rect:134 107 164 195 34
rect:367 291 76 83 53
rect:530 62 23 230 27
rect:551 217 131 102 53
rect:386 7 113 336 34
Caracas1967_08.jpg 0x0
rect:264 178 60 133 54
rect:167 369 49 69 55
rect:305 336 81 86 54
Caracas1967_09.jpg 0x0
rect:23 274 71 61 48
rect:219 181 122 104 48
rect:90 264 73 67 48
rect:336 12 303 200 48
Caracas1967_10.jpg 0x0
rect:30 204 217 424 41
rect:266 165 94 192 40
rect:521 313 75 204 40
rect:23 190 587 292 48
Caracas1967_11.jpg 0x0
rect:63 14 487 916 48
rect:47 187 206 449 41
rect:343 17 138 269 41
Caracas1967_12.jpg 0x0
rect:522 198 41 43 34
rect:737 284 22 41 32
rect:621 465 25 69 32
rect:245 232 30 33 56
Caracas1967_13.jpg 0x0
rect:181 331 100 281 55
Caracas1967_14.jpg 0x0
rect:98 151 808 145 57
rect:155 227 351 52 6
Chichi1999_01.jpg 0x0
rect:3 8 871 148 58
rect:337 121 35 279 42
Chichi1999_02.jpg 0x0
rect:5 120 419 174 58
rect:298 135 149 360 59
Chichi1999_03.jpg 0x0
rect:79 214 62 91 60
rect:0 138 970 220 58
Chichi1999_04.jpg 0x0
rect:238 165 81 308 48
rect:165 -12 60 142 48
rect:269 213 31 56 52
Chichi1999_05.jpg 0x0
rect:400 109 104 195 48
rect:501 257 31 68 52
rect:349 306 33 33 41
rect:398 118 66 39 41
Chichi1999_06.jpg 0x0
rect:313 132 52 72 62
rect:674 -10 78 78 61
rect:851 129 38 41 41
rect:208 13 552 208 10
rect:364 300 25 29 52
rect:399 196 63 112 48
Chichi1999_07.jpg 0x0
rect:188 132 25 59 64
rect:642 278 20 25 64
rect:134 212 59 117 48
rect:293 178 61 101 48
rect:54 159 745 179 63
rect:487 293 26 26 64
rect:632 201 37 88 48
Chichi1999_08.jpg 0x0
rect:121 16 641 461 10
Chichi1999_09.jpg 0x0
rect:253 126 66 88 40
rect:200 73 209 199 48
rect:166 86 42 79 40
rect:266 105 147 87 41
Chichi1999_10.jpg 0x0
rect:192 15 557 570 10
Chichi1999_11.jpg 0x0
rect:2 158 238 640 10
rect:194 191 104 71 65
Chichi1999_12.jpg 0x0
rect:12 24 525 624 66
Chichi1999_13.jpg 0x0
rect:34 55 497 486 10
Chichi1999_14.jpg 0x0
rect:190 313 28 47 67
rect:108 212 115 63 67
rect:224 353 41 27 39
rect:88 277 69 65 67
rect:273 530 33 39 67
rect:83 568 40 46 67
rect:105 442 27 41 67
rect:435 418 78 70 67
rect:114 534 32 30 67
rect:126 368 56 70 67
rect:245 202 39 60 39
rect:134 356 24 51 67
rect:159 185 36 45 67
rect:215 410 32 55 67
rect:311 446 19 31 39
rect:335 471 18 21 39
rect:274 174 14 29 67
Chichi1999_15.jpg 0x0
rect:210 31 296 494 41
Chichi1999_16.jpg 0x0
rect:133 102 65 157 32
Chichi1999_17.jpg 0x0
rect:155 352 24 54 32
Chichi1999_18.jpg 0x0
rect:265 411 26 100 69
rect:127 267 163 357 68
rect:137 239 31 103 69
rect:198 293 49 146 70
rect:170 190 30 165 69
rect:286 255 29 164 69
Chichi1999_19.jpg 0x0
rect:140 19 223 412 2
rect:297 113 144 262 3
YogyakartaInd2006_03.jpg 0x0
rect:405 67 63 47 16
rect:299 31 116 2 15
rect:263 195 61 33 15
rect:243 277 229 187 71
rect:207 427 182 38 15
rect:318 167 23 7 16
rect:393 426 71 37 16
rect:392 50 132 49 15
Chichi1999_20.jpg 0x0
rect:135 165 75 454 42
rect:345 423 51 153 41
Chichi1999_21.jpg 0x0
rect:307 34 207 142 37
rect:401 101 195 84 6
rect:148 378 211 106 37
rect:57 311 167 87 5
rect:206 385 114 119 6
rect:201 126 211 357 72
rect:13 4 256 184 30
rect:351 7 138 107 57
Chichi1999_22.jpg 0x0
rect:282 172 213 173 10
rect:347 188 16 22 73
rect:327 266 15 25 73
rect:471 297 12 19 73
Chichi1999_23.jpg 0x0
rect:136 179 17 26 34
rect:138 174 41 45 73
rect:365 309 34 96 34
rect:325 322 75 80 73
rect:145 240 46 78 73
rect:109 403 42 68 34
rect:4 49 621 177 74
rect:235 171 36 32 26
rect:272 162 38 63 73
rect:265 127 34 26 27
Chichi1999_24.jpg 0x0
rect:391 337 1 2 46
rect:159 245 75 43 34
rect:3 389 349 165 74
rect:246 192 40 77 46
rect:162 195 156 73 75
Chichi1999_25.jpg 0x0
rect:207 184 149 399 73
rect:165 350 45 59 26
rect:151 233 155 274 34
Chichi1999_26.jpg 0x0
rect:138 385 100 133 27
rect:170 536 84 58 26
rect:175 18 62 25 73
rect:202 194 127 515 76
rect:272 149 67 83 73
rect:102 592 146 182 73
Chichi1999_27.jpg 0x0
rect:232 189 81 423 32
Chichi1999_28.jpg 0x0
rect:221 167 217 163 75
rect:191 122 137 275 5
rect:15 56 363 172 6
rect:250 203 166 89 77
Chichi1999_29.jpg 0x0
rect:161 257 218 367 48
rect:170 207 138 129 40
rect:257 241 66 179 52
Chichi1999_30.jpg 0x0
rect:187 143 171 58 52
rect:166 87 256 382 40
rect:35 239 82 169 73
rect:147 253 223 75 78
Chichi1999_31.jpg 0x0
rect:172 109 124 341 79
rect:450 122 49 174 48
Chichi1999_32.jpg 0x0
rect:221 57 43 150 81
rect:160 221 35 172 81
rect:587 188 54 221 39
rect:154 8 77 431 80
Chichi1999_33.jpg 0x0
rect:314 133 27 92 49
rect:170 130 88 209 32
rect:68 46 157 347 33
rect:336 86 100 268 32
rect:322 97 88 313 56
rect:148 144 50 107 49
Chichi1999_34.jpg 0x0
rect:98 134 402 327 10
Duzce1999_01.jpg 0x0
rect:140 142 123 136 41
rect:138 75 95 246 39
Duzce1999_02.jpg 0x0
rect:83 71 136 466 41
Duzce1999_03.jpg 0x0
rect:0 160 127 192 31
rect:131 89 118 268 42
rect:296 94 80 274 31
Gediz1970_01.jpg 0x0
rect:101 99 319 395 68
rect:99 220 82 199 69
rect:314 416 57 257 69
Guatemala1976_01.jpg 0x0
rect:47 196 50 61 52
rect:54 161 91 87 48
rect:23 116 557 211 82
rect:39 236 41 58 41
rect:621 159 164 147 48
rect:481 115 78 89 41
Guatemala1976_02.jpg 0x0
rect:199 80 120 114 40
rect:239 88 251 319 48
Guatemala1976_03.jpg 0x0
rect:14 113 947 345 75
Guatemala1976_04.jpg 0x0
rect:796 240 165 395 4
rect:43 68 506 256 30
rect:135 20 264 101 30
rect:619 285 92 257 4
Guatemala1976_05.jpg 0x0
rect:146 102 505 407 48
rect:165 145 275 153 41
rect:156 114 361 209 40
Guatemala1976_06.jpg 0x0
rect:96 84 260 365 39
Guatemala1976_07.jpg 0x0
rect:30 240 587 456 10
rect:24 253 77 55 6
rect:308 603 140 69 83
Guatemala1976_08.jpg 0x0
rect:116 23 441 501 48
rect:319 67 143 401 40
rect:178 43 407 326 41
Guatemala1976_09.jpg 0x0
rect:220 268 39 51 85
rect:556 218 82 49 85
rect:385 243 93 35 85
rect:240 367 36 35 84
rect:68 342 36 29 84
rect:85 196 24 30 85
rect:304 244 64 48 84
rect:776 334 61 63 84
Guatemala1976_10.jpg 0x0
rect:236 100 286 123 87
rect:309 380 48 94 87
rect:263 197 290 358 86
Guatemala1976_11.jpg 0x0
rect:188 299 117 178 34
GujaratIndia2001_01.jpg 0x0
rect:171 303 276 108 2
rect:62 490 55 32 2
rect:269 345 72 64 11
rect:32 362 143 189 4
Haiti2010_01.jpg 0x0
rect:161 46 121 88 7
rect:421 295 133 105 4
rect:271 163 229 256 41
rect:467 468 234 271 4
rect:233 340 21 160 40
Haiti2010_02.jpg 0x0
rect:54 90 414 235 88
rect:342 23 126 40 14
Haiti2010_03.jpg 0x0
rect:262 666 227 153 89
rect:201 502 75 87 49
rect:273 1 54 743 32
rect:226 278 169 263 32
Haiti2010_04.jpg 0x0
rect:188 303 216 405 41
rect:2 196 243 177 6
rect:204 49 275 254 34
Haiti2010_05.jpg 0x0
rect:267 293 30 91 40
rect:284 198 213 143 52
rect:313 185 264 618 90
rect:194 250 24 68 40
Haiti2010_06.jpg 0x0
rect:173 206 45 57 34
rect:352 155 49 79 34
rect:633 136 652 556 91
rect:165 214 339 345 91
rect:354 135 207 509 33
rect:301 257 66 43 6
rect:581 239 70 173 32
ImperialValley1979_01.jpg 0x0
rect:17 279 86 95 49
rect:375 286 43 80 50
rect:364 250 58 53 32
rect:357 280 18 27 49
rect:379 305 37 31 50
rect:10 411 128 169 32
rect:456 278 37 26 49
rect:606 274 30 38 32
rect:57 255 72 114 50
rect:463 255 23 21 49
rect:511 399 36 33 32
ImperialValley1979_02.jpg 0x0
rect:228 175 211 50 92
rect:185 147 62 176 50
rect:433 99 72 195 50
rect:244 219 118 49 49
rect:164 74 226 178 32
rect:374 197 41 189 50
ImperialValley1979_03.jpg 0x0
rect:106 228 70 275 50
rect:355 321 62 136 50
rect:272 297 117 111 50
rect:155 236 143 179 32
rect:104 376 173 234 32
rect:122 344 340 31 92
rect:112 360 306 51 92
Izmit1999_01.jpg 0x0
rect:207 146 48 159 27
rect:167 55 342 320 34
rect:157 241 37 136 27
rect:344 311 55 55 26
rect:253 64 56 142 27
Izmit1999_02.jpg 0x0
rect:29 127 851 283 10
Izmit1999_03.jpg 0x0
rect:557 123 30 257 50
rect:590 111 40 356 50
rect:313 81 32 299 50
rect:196 238 337 35 92
rect:190 123 32 262 50
rect:172 37 519 391 93
rect:190 75 79 300 50
rect:294 42 312 353 32
Izmit1999_04.jpg 0x0
rect:49 571 33 95 42
rect:247 106 98 94 41
rect:483 436 24 43 40
rect:294 255 24 54 40
rect:186 196 110 66 88
rect:359 73 104 113 48
rect:42 411 58 59 34
rect:232 450 94 61 41
rect:45 440 64 135 41
rect:122 486 199 87 88
Izmit1999_05.jpg 0x0
rect:98 32 747 417 10
Izmit1999_06.jpg 0x0
rect:208 221 52 177 50
rect:143 132 228 385 32
rect:176 213 81 236 50
rect:70 230 53 250 50
rect:113 221 185 75 49
rect:311 195 65 173 50
Izmit1999_07.jpg 0x0
rect:150 251 45 84 3
rect:362 176 47 115 3
rect:22 93 273 735 2
rect:141 406 53 104 3
rect:232 248 71 240 4
rect:407 96 93 68 3
rect:301 66 131 57 6
Izmit1999_08.jpg 0x0
rect:530 73 77 85 41
rect:590 104 67 35 52
rect:109 396 75 113 45
rect:581 6 68 88 45
rect:179 117 81 90 41
rect:289 289 163 124 88
rect:132 35 88 102 34
Izmit1999_09.jpg 0x0
rect:347 280 38 37 41
rect:327 201 91 82 94
rect:62 268 48 51 41
rect:573 226 44 73 41
rect:377 300 82 82 41
rect:599 301 79 64 94
Izmit1999_10.jpg 0x0
rect:125 312 172 38 78
rect:162 265 78 333 40
rect:77 182 380 526 41
rect:46 215 328 38 78
rect:77 113 64 240 40
rect:119 324 313 76 78
rect:278 130 166 113 40
rect:214 489 52 82 40
rect:223 405 95 29 78
rect:347 394 125 79 40
rect:210 138 39 112 40
Izmit1999_11.jpg 0x0
rect:221 594 82 148 41
rect:132 167 103 218 41
rect:294 203 85 179 40
rect:287 263 86 137 40
rect:135 290 62 202 40
Izmit1999_12.jpg 0x0
rect:71 313 61 54 52
rect:38 249 84 97 94
rect:581 217 72 50 41
rect:374 144 38 72 45
rect:251 206 56 29 6
rect:89 229 32 63 40
rect:225 253 92 134 41
rect:290 247 45 94 42
rect:359 338 127 111 94
rect:457 183 198 232 91
rect:518 162 86 61 7
rect:329 25 96 59 34
rect:267 237 79 83 52
rect:163 163 95 81 88
rect:1 214 30 39 41
rect:14 70 58 27 6
rect:80 64 42 22 6
rect:368 73 35 71 41
Izmit1999_13.jpg 0x0
rect:142 252 37 104 41
rect:333 115 72 99 41
rect:4 57 103 150 42
rect:146 307 144 94 94
rect:455 155 95 161 41
rect:220 187 29 71 41
rect:139 97 49 53 6
rect:132 334 64 82 52
rect:361 82 213 367 48
Izmit1999_14.jpg 0x0
rect:334 53 60 76 34
rect:494 37 69 60 95
rect:432 193 64 40 34
rect:434 7 145 88 35
rect:355 277 50 28 34
rect:252 423 36 27 34
rect:39 194 91 47 34
rect:358 249 64 31 34
rect:403 197 72 87 35
Izmit1999_15.jpg 0x0
rect:142 156 184 384 42
Izmit1999_16.jpg 0x0
rect:194 100 54 107 40
rect:136 109 161 147 41
rect:128 73 237 267 39
rect:65 66 424 538 33
Izmit1999_17.jpg 0x0
rect:108 98 245 280 41
Izmit1999_18.jpg 0x0
rect:205 161 177 302 39
rect:181 124 130 162 41
Izmit1999_19.jpg 0x0
rect:411 208 25 91 50
rect:256 62 286 269 96
rect:324 109 330 304 32
rect:461 160 32 66 50
Kobe1995_01.jpg 0x0
rect:28 184 855 199 63
Kobe1995_02.jpg 0x0
rect:2 52 614 674 68
Kobe1995_03.jpg 0x0
rect:41 59 596 449 10
Kobe1995_04.jpg 0x0
rect:384 307 46 57 41
Kobe1995_05.jpg 0x0
rect:4 193 130 553 40
rect:46 334 464 69 78
rect:100 210 204 610 52
rect:91 616 262 94 78
rect:334 201 114 490 40
Kobe1995_06.jpg 0x0
rect:189 346 209 428 42
rect:51 151 417 365 41
Kobe1995_07.jpg 0x0
rect:315 94 20 35 39
rect:360 396 28 41 39
rect:368 169 37 41 39
rect:207 299 40 36 39
rect:212 194 49 53 39
rect:191 96 31 28 39
rect:99 371 37 36 39
rect:355 103 41 49 39
rect:238 502 41 49 39
rect:398 289 46 24 39
rect:364 227 34 43 39
rect:124 222 28 41 39
rect:163 384 40 35 39
rect:139 376 36 45 39
rect:354 171 35 52 39
rect:221 372 26 41 39
rect:320 334 26 60 39
rect:487 217 32 36 39
rect:224 351 39 21 39
rect:47 328 34 58 39
rect:171 518 30 33 39
rect:206 175 28 45 39
rect:204 190 33 44 39
rect:352 474 33 49 39
rect:549 146 34 34 39
rect:31 294 44 28 39
Kobe1995_08.jpg 0x0
rect:214 49 370 253 97
Kobe1995_09.jpg 0x0
rect:274 659 214 68 97
rect:110 361 57 72 88
rect:100 483 83 46 88
rect:102 499 85 112 88
SanSalvador_1986_01.jpg 0x0
rect:283 185 106 179 41
rect:82 3 115 307 68
SanSalvador_1986_02.jpg 0x0
rect:387 164 39 44 41
rect:262 292 38 52 41
rect:289 190 37 47 41
rect:176 199 40 27 41
rect:586 295 41 63 41
rect:200 142 32 31 41
rect:645 217 52 53 42
rect:130 374 38 32 41
rect:252 145 15 25 41
SikkimIndia2001_01.jpg 0x0
rect:169 183 131 131 34
SikkimIndia2001_02.jpg 0x0
rect:10 206 67 35 54
rect:171 76 255 264 33
rect:336 227 81 30 16
rect:411 175 107 16 16
rect:388 106 92 162 33
rect:10 6 377 72 16
rect:311 103 63 47 16
rect:-15 2 260 115 33
SikkimIndia2001_03.jpg 0x0
rect:245 108 74 231 69
rect:198 219 109 201 70
rect:268 10 144 404 98
SikkimIndia2001_04.jpg 0x0
rect:3 37 226 221 99
rect:296 185 90 158 34
rect:487 211 208 76 99
SumatraInd2009_01.jpg 0x0
rect:248 28 54 215 81
SumatraInd2009_02.jpg 0x0
rect:149 79 176 142 41
WhittierNarrows1987_01.jpg 0x0
rect:19 22 745 440 10
WhittierNarrows1987_02.jpg 0x0
rect:210 297 94 263 41
WhittierNarrows1987_03.jpg 0x0
rect:277 105 196 227 32
WhittierNarrows1987_04.jpg 0x0
rect:206 10 224 96 6
rect:178 14 261 188 100
rect:276 68 82 172 41
YogyakartaInd2006_01.jpg 0x0
rect:162 -22 489 352 29
rect:198 32 362 194 32
rect:373 145 201 56 49
YogyakartaInd2006_02.jpg 0x0
rect:341 71 111 534 98
rect:346 124 38 272 69
rect:345 135 99 230 70
