Anchorage1964_01.jpg 0x0
rect:76 6 186 141 1
rect:76 439 159 206 1
Anchorage1964_02.jpg 0x0
rect:287 314 25 74 3
rect:596 317 16 51 3
rect:32 17 157 35 5
rect:124 224 66 19 6
rect:142 127 52 45 7
rect:132 282 22 24 6
rect:247 32 235 92 4
rect:295 348 26 54 3
rect:341 292 21 37 3
rect:513 196 12 51 3
rect:374 260 35 53 3
rect:567 55 153 119 8
rect:395 209 22 72 3
rect:38 203 103 47 5
rect:152 222 460 91 2
rect:347 255 25 73 3
rect:91 48 93 18 6
rect:207 79 95 74 4
rect:356 197 95 54 4
Anchorage1964_03.jpg 0x0
rect:0 215 739 76 10
rect:2 281 249 101 9
rect:176 84 502 192 9
Anchorage1964_04.jpg 0x0
rect:208 356 26 11 5
rect:336 398 22 20 5
rect:218 309 32 18 5
rect:240 329 35 17 5
rect:284 223 21 23 1
rect:201 315 20 23 1
rect:314 294 14 18 1
rect:362 265 39 17 5
rect:241 488 52 13 2
rect:116 228 24 21 5
rect:345 152 15 26 1
rect:444 440 20 21 5
rect:169 19 24 22 5
rect:206 208 22 22 5
rect:292 401 21 25 1
rect:141 113 31 14 5
rect:308 283 20 22 8
rect:361 253 18 27 1
rect:368 337 42 15 5
rect:338 31 30 14 5
rect:199 404 25 16 5
rect:321 341 21 22 1
rect:188 311 15 23 1
rect:307 442 17 23 1
rect:374 153 16 22 1
rect:313 441 7 1 1
rect:182 249 37 17 5
rect:180 83 33 15 5
rect:361 106 39 21 5
rect:322 52 31 17 5
rect:237 151 23 17 5
rect:443 246 27 24 5
rect:112 78 42 10 5
rect:461 483 37 14 5
rect:303 156 23 12 5
rect:136 236 29 23 5
rect:420 135 33 24 5
rect:217 169 31 29 5
rect:298 129 14 25 1
Anchorage1964_05.jpg 0x0
rect:58 117 21 37 1
rect:204 111 152 55 6
rect:74 201 28 47 1
rect:81 305 17 49 1
rect:453 256 59 40 5
rect:60 288 25 43 1
rect:543 351 36 89 8
rect:316 242 25 20 11
rect:526 19 34 45 1
rect:162 33 120 51 6
rect:800 196 52 19 6
rect:709 241 60 17 6
rect:414 177 53 22 11
rect:95 110 17 68 1
rect:110 29 26 32 1
rect:355 132 27 76 1
rect:518 1 55 43 1
rect:173 153 151 17 5
rect:570 271 42 59 1
rect:491 200 38 76 1
rect:86 83 25 32 1
rect:575 351 74 45 5
rect:537 107 45 78 1
rect:40 304 23 37 1
rect:40 486 22 60 1
rect:340 185 99 88 2
rect:661 312 35 86 8
rect:246 62 116 25 5
rect:404 94 50 54 1
Anchorage1964_06.jpg 0x0
rect:144 221 65 82 11
rect:151 176 72 346 3
rect:101 65 190 515 12
Anchorage1964_07.jpg 0x0
rect:350 149 108 158 11
rect:9 82 770 353 2
rect:8 337 311 31 14
rect:240 182 300 160 2
rect:240 115 54 150 3
rect:16 178 301 26 11
rect:391 152 69 92 11
rect:361 182 49 104 13
rect:228 2 110 67 2
Anchorage1964_08.jpg 0x0
rect:61 285 129 132 1
rect:45 693 93 133 1
rect:261 38 138 136 1
rect:231 244 125 113 1
rect:52 76 143 105 1
rect:254 408 90 110 1
Anchorage1964_09.jpg 0x0
rect:85 47 74 69 8
rect:12 121 21 9 16
rect:149 112 321 12 15
rect:882 164 1 1 16
rect:594 7 338 14 15
rect:423 126 124 24 15
rect:702 25 62 83 8
rect:455 125 134 31 15
rect:313 129 52 62 1
rect:537 154 58 62 1
rect:14 170 74 20 15
rect:94 144 52 83 1
rect:573 9 92 12 16
rect:65 187 72 9 16
rect:652 227 72 65 8
rect:404 146 74 69 1
rect:10 11 330 14 15
rect:14 15 56 16 16
rect:119 312 56 75 8
Anchorage1964_10.jpg 0x0
rect:215 175 239 89 18
rect:269 232 117 112 17
rect:52 227 328 328 1
rect:78 531 280 141 18
Anchorage1964_11.jpg 0x0
rect:94 52 193 132 4
rect:558 117 189 110 1
rect:285 215 284 23 15
rect:380 155 204 41 11
rect:51 621 817 16 14
rect:125 228 554 96 2
rect:92 345 553 16 14
rect:422 5 134 47 1
Anchorage1964_12.jpg 0x0
rect:197 197 29 95 3
rect:446 57 221 165 11
rect:12 65 602 275 2
rect:394 107 35 201 3
rect:416 85 52 260 3
Anchorage1964_13.jpg 0x0
rect:279 535 150 16 19
rect:328 534 143 21 2
rect:518 469 39 151 20
Anchorage1964_14.jpg 0x0
rect:214 12 84 279 11
rect:127 714 44 73 22
rect:52 441 64 62 22
rect:89 225 175 27 15
rect:426 276 182 64 15
rect:231 419 165 56 23
rect:19 500 23 69 22
rect:86 604 28 63 22
rect:172 11 128 832 20
rect:7 408 251 109 11
rect:217 218 70 101 21
rect:442 6 92 124 11
Anchorage1964_15.jpg 0x0
rect:272 154 28 75 11
rect:200 55 63 612 20
rect:208 254 133 30 15
rect:265 9 53 61 4
rect:363 9 66 63 4
rect:324 461 161 71 2
rect:304 279 122 48 24
rect:264 267 118 45 11
rect:193 98 57 110 25
Anchorage1964_16.jpg 0x0
rect:11 134 227 132 2
rect:79 278 81 88 11
rect:219 88 251 173 2
rect:382 275 107 250 2
rect:12 283 65 92 2
rect:273 229 208 149 11
Anchorage1964_17.jpg 0x0
rect:9 261 773 247 10
rect:213 36 266 203 9
rect:14 108 292 101 9
Anchorage1964_18.jpg 0x0
rect:417 209 370 21 15
rect:229 252 33 58 11
rect:97 307 16 57 11
rect:455 384 27 20 2
rect:385 133 112 108 4
rect:513 335 64 18 2
rect:423 310 96 21 2
rect:424 122 113 85 4
rect:115 346 80 38 11
rect:155 215 67 86 4
Anchorage1964_19.jpg 0x0
rect:521 185 54 35 28
rect:358 152 7 11 26
rect:521 107 15 35 26
rect:203 98 72 159 29
rect:621 155 6 15 26
rect:552 176 12 30 26
rect:271 107 29 33 27
rect:361 83 29 24 26
rect:209 84 48 56 26
rect:686 282 32 28 28
rect:344 390 51 91 26
rect:30 295 34 74 27
rect:270 215 24 35 26
rect:7 330 67 102 26
rect:386 179 17 30 26
rect:527 146 6 6 26
rect:344 128 19 53 29
rect:434 132 39 90 29
Anchorage1964_20.jpg 0x0
rect:163 75 180 148 29
rect:283 498 75 155 26
rect:170 67 106 69 26
rect:243 112 76 50 27
rect:600 466 38 65 26
Anchorage1964_21.jpg 0x0
rect:2 78 53 48 26
rect:-7 83 87 173 29
rect:59 265 27 44 26
rect:165 156 502 141 30
Bingol2003_01.jpg 0x0
rect:541 459 227 84 6
rect:299 238 79 60 33
rect:31 305 57 58 33
rect:758 102 106 66 6
rect:427 337 62 61 34
rect:457 269 170 221 31
rect:425 247 44 54 6
rect:484 162 59 125 34
rect:349 377 107 83 6
rect:2 383 1022 197 10
rect:1041 246 118 67 33
rect:620 397 39 155 32
rect:864 301 96 42 33
rect:127 183 87 68 33
rect:503 214 95 69 6
rect:739 197 97 86 33
rect:406 97 65 65 6
rect:211 66 79 34 6
rect:584 108 145 163 31
Bingol2003_02.jpg 0x0
rect:152 540 117 298 32
rect:598 244 389 168 35
rect:181 115 384 156 34
rect:314 267 791 580 31
rect:223 305 74 443 32
rect:298 308 60 66 6
rect:1115 64 149 57 36
rect:610 289 114 125 26
Bingol2003_03.jpg 0x0
rect:576 197 280 551 4
rect:140 49 115 125 33
rect:807 567 236 356 2
rect:108 25 115 29 2
rect:555 -7 282 235 4
rect:385 206 322 122 2
rect:615 155 211 80 11
Bingol2003_04.jpg 0x0
rect:165 562 239 134 2
rect:195 518 31 113 3
rect:244 742 108 90 2
rect:209 303 207 159 4
rect:85 587 28 81 3
rect:79 620 77 89 2
rect:63 560 25 52 3
rect:238 569 36 61 3
CanterburyNZSeries2010_01.jpg 0x0
rect:71 138 150 292 12
CanterburyNZSeries2010_02.jpg 0x0
rect:42 9 212 264 37
rect:40 46 156 224 6
CanterburyNZSeries2010_03.jpg 0x0
rect:49 86 408 136 38
CanterburyNZSeries2010_04.jpg 0x0
rect:386 452 48 106 40
rect:211 10 92 154 42
rect:220 404 104 177 41
rect:165 275 249 335 39
rect:284 362 27 50 40
rect:278 424 21 150 40
rect:262 329 22 61 40
rect:300 480 18 43 40
CanterburyNZSeries2010_05.jpg 0x0
rect:325 231 96 125 15
rect:387 283 271 484 4
CanterburyNZSeries2010_06.jpg 0x0
rect:50 141 711 527 4
rect:230 222 228 140 2
CanterburyNZSeries2010_08.jpg 0x0
rect:600 166 138 177 43
rect:717 535 66 170 44
rect:971 498 80 115 44
rect:804 647 33 179 32
CanterburyNZSeries2010_09.jpg 0x0
rect:191 103 132 233 45
rect:206 370 215 493 39
CanterburyNZSeries2010_10.jpg 0x0
rect:235 514 250 112 6
rect:339 243 209 81 46
rect:260 190 307 141 7
rect:170 276 334 211 6
CanterburyNZSeries2010_11.jpg 0x0
rect:399 206 360 132 7
rect:216 243 229 180 5
CanterburyNZSeries2010_12.jpg 0x0
rect:616 472 130 47 11
rect:236 479 194 53 11
rect:42 237 595 252 2
rect:5 270 798 477 47
CanterburyNZSeries2010_13.jpg 0x0
rect:533 198 126 460 11
rect:136 18 435 637 12
Caracas1967_01.jpg 0x0
rect:380 205 35 93 48
rect:444 80 198 343 48
rect:290 170 65 103 48
rect:272 207 9 63 48
Caracas1967_02.jpg 0x0
rect:225 266 149 371 51
rect:279 1 146 152 15
rect:103 414 42 78 49
rect:122 405 33 31 50
Caracas1967_03.jpg 0x0
rect:349 68 79 79 14
rect:188 395 33 68 27
rect:281 483 44 75 26
rect:281 440 29 111 27
rect:327 373 148 123 34
rect:11 310 181 113 6
Caracas1967_04.jpg 0x0
rect:122 370 165 153 34
rect:149 391 42 127 26
rect:175 426 17 110 27
Caracas1967_05.jpg 0x0
rect:41 171 427 369 41
rect:179 237 39 174 40
rect:304 206 56 204 40
rect:290 307 136 139 52
rect:31 117 267 577 48
rect:222 191 51 281 40
rect:375 181 60 230 40
rect:213 357 48 286 40
rect:71 388 221 156 52
rect:53 263 52 289 40
Caracas1967_06.jpg 0x0
rect:326 207 53 47 6
rect:369 88 245 230 7
Caracas1967_07.jpg 0x0
rect:485 328 106 99 53
rect:525 59 36 168 27
rect:239 99 53 193 27
rect:286 8 114 292 34
rect:563 335 110 63 53
rect:230 90 122 261 34
rect:307 249 146 182 34
Caracas1967_08.jpg 0x0
rect:270 287 58 75 54
rect:277 289 52 74 55
rect:269 171 74 119 54
Caracas1967_09.jpg 0x0
rect:131 158 109 72 48
rect:65 173 57 60 48
rect:410 14 218 164 48
rect:20 306 56 59 48
Caracas1967_10.jpg 0x0
rect:335 302 89 192 40
rect:22 172 490 498 48
rect:40 171 277 322 41
rect:241 154 66 126 40
Caracas1967_11.jpg 0x0
rect:57 214 312 350 41
rect:231 13 182 257 41
rect:52 14 383 922 48
Caracas1967_12.jpg 0x0
rect:497 296 38 32 34
rect:221 351 27 33 56
rect:654 473 31 57 32
rect:575 279 22 36 32
Caracas1967_13.jpg 0x0
rect:190 320 109 184 55
Caracas1967_14.jpg 0x0
rect:135 93 623 141 57
rect:138 318 367 39 6
Chichi1999_01.jpg 0x0
rect:272 119 62 237 42
rect:5 9 564 213 58
Chichi1999_02.jpg 0x0
rect:467 84 243 410 59
rect:7 68 332 122 58
Chichi1999_03.jpg 0x0
rect:67 126 58 107 60
rect:0 183 635 161 58
Chichi1999_04.jpg 0x0
rect:174 -20 48 125 48
rect:162 227 38 73 52
rect:240 146 83 375 48
Chichi1999_05.jpg 0x0
rect:416 167 43 39 41
rect:305 342 34 24 41
rect:477 131 76 242 48
rect:415 258 28 65 52
Chichi1999_06.jpg 0x0
rect:213 14 513 169 10
rect:371 285 24 38 52
rect:551 201 46 40 41
rect:721 -9 100 52 61
rect:342 121 59 87 62
rect:285 146 46 67 48
Chichi1999_07.jpg 0x0
rect:648 271 48 104 48
rect:195 136 32 55 64
rect:57 191 683 144 63
rect:429 288 32 46 64
rect:161 238 40 178 48
rect:367 231 38 107 48
rect:815 283 12 22 64
Chichi1999_08.jpg 0x0
rect:129 19 645 483 10
Chichi1999_09.jpg 0x0
rect:216 101 42 62 40
rect:206 75 90 103 41
rect:224 106 47 83 40
rect:222 85 215 180 48
Chichi1999_10.jpg 0x0
rect:134 25 697 375 10
Chichi1999_11.jpg 0x0
rect:140 254 113 78 65
rect:2 153 137 495 10
Chichi1999_12.jpg 0x0
rect:9 31 425 745 66
Chichi1999_13.jpg 0x0
rect:40 65 913 325 10
Chichi1999_14.jpg 0x0
rect:249 192 22 40 67
rect:352 346 28 30 39
rect:370 233 30 41 39
rect:85 322 40 63 67
rect:394 519 33 59 67
rect:325 504 29 38 39
rect:121 284 36 46 67
rect:202 491 24 45 67
rect:113 544 34 50 67
rect:288 595 91 86 67
rect:151 445 26 47 67
rect:122 364 28 33 67
rect:280 295 28 43 39
rect:129 137 110 37 67
rect:248 388 29 56 67
rect:74 352 40 54 67
rect:73 371 68 66 67
Chichi1999_15.jpg 0x0
rect:209 34 326 350 41
Chichi1999_16.jpg 0x0
rect:213 111 49 139 32
Chichi1999_17.jpg 0x0
rect:113 388 28 34 32
Chichi1999_18.jpg 0x0
rect:357 218 50 162 70
rect:111 239 18 85 69
rect:134 222 48 131 69
rect:121 248 177 554 68
rect:258 220 33 142 69
rect:243 264 28 105 69
Chichi1999_19.jpg 0x0
rect:265 24 336 423 2
rect:156 156 231 234 3
YogyakartaInd2006_03.jpg 0x0
rect:495 91 72 31 16
rect:290 114 57 32 15
rect:209 203 23 6 16
rect:280 25 74 2 15
rect:205 481 204 22 15
rect:285 87 118 45 15
rect:274 554 38 23 16
rect:272 194 401 171 71
Chichi1999_20.jpg 0x0
rect:181 467 44 152 41
rect:177 268 118 309 42
Chichi1999_21.jpg 0x0
rect:88 514 157 96 5
rect:200 307 202 194 37
rect:22 3 298 106 30
rect:292 38 181 213 37
rect:344 7 98 91 57
rect:399 151 201 146 6
rect:209 88 266 350 72
rect:267 321 84 156 6
Chichi1999_22.jpg 0x0
rect:186 185 208 183 10
rect:261 206 14 22 73
rect:366 293 20 19 73
rect:225 204 11 20 73
Chichi1999_23.jpg 0x0
rect:149 304 28 69 34
rect:92 170 71 47 73
rect:264 240 34 28 26
rect:224 288 62 103 73
rect:136 120 23 31 34
rect:400 296 44 74 34
rect:350 217 53 41 73
rect:105 386 54 121 73
rect:325 128 34 32 27
rect:5 89 632 171 74
Chichi1999_24.jpg 0x0
rect:232 179 107 122 75
rect:271 216 47 44 46
rect:3 397 314 228 74
rect:238 230 64 64 34
rect:321 265 1 2 46
Chichi1999_25.jpg 0x0
rect:165 247 171 215 73
rect:227 288 80 155 34
rect:208 412 48 50 26
Chichi1999_26.jpg 0x0
rect:140 602 160 83 27
rect:259 14 54 39 73
rect:105 399 70 86 26
rect:230 136 62 96 73
rect:162 624 117 112 73
rect:234 245 111 317 76
Chichi1999_27.jpg 0x0
rect:133 199 115 274 32
Chichi1999_28.jpg 0x0
rect:287 197 186 81 77
rect:355 125 178 268 75
rect:131 78 185 180 5
rect:16 70 216 146 6
Chichi1999_29.jpg 0x0
rect:146 158 260 249 48
rect:147 269 91 147 52
rect:271 236 102 180 40
Chichi1999_30.jpg 0x0
rect:184 105 244 399 40
rect:274 145 159 90 52
rect:31 212 89 149 73
rect:170 137 183 64 78
Chichi1999_31.jpg 0x0
rect:110 78 133 330 79
rect:536 110 43 148 48
Chichi1999_32.jpg 0x0
rect:179 9 73 392 80
rect:397 156 38 153 39
rect:169 165 40 164 81
rect:170 69 47 153 81
Chichi1999_33.jpg 0x0
rect:97 45 164 343 33
rect:244 146 42 153 49
rect:178 89 107 365 32
rect:140 139 108 316 32
rect:130 116 46 110 49
rect:313 135 110 282 56
Chichi1999_34.jpg 0x0
rect:100 118 515 389 10
Duzce1999_01.jpg 0x0
rect:129 98 72 141 41
rect:123 67 99 242 39
Duzce1999_02.jpg 0x0
rect:66 68 131 393 41
Duzce1999_03.jpg 0x0
rect:77 96 116 269 42
rect:277 90 104 339 31
rect:0 198 97 267 31
Gediz1970_01.jpg 0x0
rect:91 78 326 392 68
rect:161 351 122 302 69
rect:248 314 100 223 69
Guatemala1976_01.jpg 0x0
rect:70 189 58 33 52
rect:54 160 59 39 41
rect:54 157 88 101 48
rect:618 129 67 56 41
rect:507 124 143 102 48
rect:18 122 734 210 82
Guatemala1976_02.jpg 0x0
rect:219 76 131 72 40
rect:237 63 226 240 48
Guatemala1976_03.jpg 0x0
rect:16 70 948 259 75
Guatemala1976_04.jpg 0x0
rect:42 78 643 214 30
rect:769 145 164 446 4
rect:122 22 457 66 30
rect:551 345 133 238 4
Guatemala1976_05.jpg 0x0
rect:121 97 422 147 40
rect:196 163 369 107 41
rect:126 103 398 259 48
Guatemala1976_06.jpg 0x0
rect:97 75 195 493 39
Guatemala1976_07.jpg 0x0
rect:27 245 65 65 6
rect:232 491 164 66 83
rect:23 187 353 528 10
Guatemala1976_08.jpg 0x0
rect:147 41 373 564 48
rect:316 69 236 341 40
rect:221 63 435 487 41
Guatemala1976_09.jpg 0x0
rect:118 297 32 19 84
rect:75 207 29 22 85
rect:129 347 45 20 84
rect:247 283 85 33 85
rect:352 209 73 61 84
rect:522 398 73 91 84
rect:530 329 72 57 85
rect:134 269 72 65 85
Guatemala1976_10.jpg 0x0
rect:248 218 216 211 86
rect:434 344 33 114 87
rect:167 107 265 183 87
Guatemala1976_11.jpg 0x0
rect:228 273 146 193 34
GujaratIndia2001_01.jpg 0x0
rect:185 314 285 97 2
rect:35 428 152 154 4
rect:70 590 57 46 2
rect:309 476 50 57 11
Haiti2010_01.jpg 0x0
rect:679 275 92 125 4
rect:291 159 147 275 41
rect:96 59 137 148 7
rect:313 253 19 174 40
rect:502 550 187 161 4
Haiti2010_02.jpg 0x0
rect:54 80 606 193 88
rect:386 26 138 54 14
Haiti2010_03.jpg 0x0
rect:300 1 58 568 32
rect:254 688 275 241 89
rect:245 355 143 254 32
rect:226 423 70 61 49
Haiti2010_04.jpg 0x0
rect:2 194 291 200 6
rect:165 254 243 523 41
rect:234 57 170 222 34
Haiti2010_05.jpg 0x0
rect:252 150 349 572 90
rect:299 273 132 131 52
rect:426 293 32 118 40
rect:270 287 23 105 40
Haiti2010_06.jpg 0x0
rect:476 165 47 72 34
rect:413 206 78 34 6
rect:400 202 559 807 91
rect:399 230 48 220 32
rect:189 370 35 36 34
rect:213 206 257 441 91
rect:535 192 164 490 33
ImperialValley1979_01.jpg 0x0
rect:14 302 88 73 49
rect:9 233 168 147 32
rect:43 343 65 78 50
rect:398 223 46 64 32
rect:482 358 23 19 49
rect:406 357 43 40 32
rect:601 221 30 29 50
rect:436 394 38 44 50
rect:311 399 44 22 49
rect:532 377 24 19 49
rect:526 244 41 33 32
ImperialValley1979_02.jpg 0x0
rect:152 70 192 277 32
rect:254 219 40 155 50
rect:190 271 160 55 49
rect:204 144 271 67 92
rect:307 163 72 252 50
rect:213 162 63 147 50
ImperialValley1979_03.jpg 0x0
rect:124 385 273 35 92
rect:424 356 57 209 50
rect:116 258 153 107 32
rect:189 279 95 126 50
rect:149 306 235 200 32
rect:123 371 249 32 92
rect:67 269 83 226 50
Izmit1999_01.jpg 0x0
rect:157 63 379 292 34
rect:413 297 67 56 26
rect:195 108 66 125 27
rect:196 184 42 117 27
rect:261 109 32 187 27
Izmit1999_02.jpg 0x0
rect:26 101 760 234 10
Izmit1999_03.jpg 0x0
rect:165 275 436 43 92
rect:166 45 215 245 32
rect:168 40 302 261 93
rect:385 82 40 177 50
rect:129 93 77 330 50
rect:437 82 29 242 50
rect:174 165 37 228 50
rect:468 78 38 213 50
Izmit1999_04.jpg 0x0
rect:264 445 77 78 41
rect:341 105 77 54 41
rect:298 286 17 82 40
rect:75 586 174 147 88
rect:49 525 66 44 34
rect:66 326 50 90 41
rect:371 71 65 113 48
rect:371 480 24 41 40
rect:79 344 35 90 42
rect:104 191 132 82 88
Izmit1999_05.jpg 0x0
rect:75 30 799 333 10
Izmit1999_06.jpg 0x0
rect:151 158 82 171 50
rect:224 174 34 120 50
rect:92 153 174 438 32
rect:111 242 111 86 49
rect:165 261 57 169 50
rect:74 228 47 224 50
Izmit1999_07.jpg 0x0
rect:154 218 31 122 3
rect:367 284 80 286 4
rect:256 286 66 88 3
rect:30 86 384 732 2
rect:350 67 173 50 6
rect:439 143 78 76 3
rect:343 224 42 112 3
Izmit1999_08.jpg 0x0
rect:521 71 95 86 41
rect:441 6 79 63 45
rect:102 25 83 127 34
rect:471 77 73 22 52
rect:234 212 239 105 88
rect:175 151 61 64 41
rect:127 460 83 124 45
Izmit1999_09.jpg 0x0
rect:428 280 126 82 41
rect:297 275 95 128 94
rect:699 297 48 80 41
rect:49 156 36 47 41
rect:188 239 49 41 41
rect:793 186 57 82 94
Izmit1999_10.jpg 0x0
rect:239 312 172 28 78
rect:43 255 399 45 78
rect:294 695 82 117 40
rect:74 150 333 543 41
rect:186 254 80 321 40
rect:325 86 129 165 40
rect:84 134 86 168 40
rect:196 430 39 86 40
rect:189 171 62 121 40
rect:333 683 71 20 78
rect:117 392 271 48 78
Izmit1999_11.jpg 0x0
rect:165 281 54 115 40
rect:139 239 115 182 41
rect:208 519 91 101 41
rect:258 241 63 164 40
rect:384 246 95 208 40
Izmit1999_12.jpg 0x0
rect:64 339 70 102 94
rect:446 228 142 168 91
rect:111 218 30 37 40
rect:350 166 51 33 6
rect:12 75 41 30 6
rect:1 253 33 41 41
rect:482 214 60 44 41
rect:453 235 47 96 52
rect:357 124 76 71 7
rect:115 169 104 75 88
rect:442 105 35 86 41
rect:293 205 95 132 94
rect:369 232 86 123 41
rect:275 146 66 99 45
rect:112 66 28 31 6
rect:495 20 73 47 34
rect:48 290 43 47 52
rect:402 194 41 151 42
Izmit1999_13.jpg 0x0
rect:4 72 105 221 42
rect:201 70 240 240 48
rect:305 153 89 273 41
rect:141 141 65 42 6
rect:111 181 30 99 41
rect:214 287 37 82 41
rect:143 334 77 65 52
rect:258 107 53 85 41
rect:179 179 86 171 94
Izmit1999_14.jpg 0x0
rect:397 212 92 96 35
rect:451 57 94 71 34
rect:61 125 137 73 34
rect:264 356 57 23 34
rect:314 462 45 23 34
rect:520 7 166 85 35
rect:578 398 54 34 34
rect:345 215 72 31 34
rect:374 50 45 45 95
Izmit1999_15.jpg 0x0
rect:177 184 315 427 42
Izmit1999_16.jpg 0x0
rect:165 105 53 85 40
rect:114 130 129 152 41
rect:109 68 333 282 39
rect:122 45 323 633 33
Izmit1999_17.jpg 0x0
rect:125 120 189 194 41
Izmit1999_18.jpg 0x0
rect:172 149 187 217 39
rect:147 185 129 109 41
Izmit1999_19.jpg 0x0
rect:298 136 230 187 32
rect:544 146 23 110 50
rect:367 154 28 89 50
rect:285 66 257 355 96
Kobe1995_01.jpg 0x0
rect:28 136 892 167 63
Kobe1995_02.jpg 0x0
rect:2 60 573 771 68
Kobe1995_03.jpg 0x0
rect:26 62 504 593 10
Kobe1995_04.jpg 0x0
rect:399 403 72 59 41
Kobe1995_05.jpg 0x0
rect:98 166 241 520 52
rect:96 435 281 123 78
rect:4 130 151 587 40
rect:50 232 425 102 78
rect:225 104 179 522 40
Kobe1995_06.jpg 0x0
rect:61 137 470 499 41
rect:237 294 376 381 42
Kobe1995_07.jpg 0x0
rect:40 197 49 39 39
rect:41 435 55 34 39
rect:429 503 34 34 39
rect:298 262 44 56 39
rect:316 232 37 57 39
rect:361 432 46 33 39
rect:309 425 32 46 39
rect:165 454 23 47 39
rect:334 158 40 59 39
rect:440 504 36 42 39
rect:170 131 20 30 39
rect:98 284 26 34 39
rect:255 345 28 28 39
rect:459 180 43 34 39
rect:303 390 22 47 39
rect:336 120 47 34 39
rect:206 149 41 32 39
rect:189 230 39 31 39
rect:267 338 34 36 39
rect:143 124 50 34 39
rect:225 255 50 39 39
rect:286 366 54 30 39
rect:197 372 43 48 39
rect:240 209 28 40 39
rect:92 369 39 33 39
rect:226 373 44 26 39
Kobe1995_08.jpg 0x0
rect:360 69 301 149 97
Kobe1995_09.jpg 0x0
rect:75 684 80 71 88
rect:86 614 63 70 88
rect:130 542 68 62 88
rect:196 734 229 60 97
SanSalvador_1986_01.jpg 0x0
rect:63 3 117 195 68
rect:282 186 105 135 41
SanSalvador_1986_02.jpg 0x0
rect:287 149 21 24 41
rect:119 204 24 53 41
rect:260 204 33 46 41
rect:405 188 24 35 41
rect:129 228 20 32 41
rect:287 256 27 33 41
rect:128 253 40 34 41
rect:540 176 49 58 42
rect:536 240 50 39 41
SikkimIndia2001_01.jpg 0x0
rect:257 205 102 116 34
SikkimIndia2001_02.jpg 0x0
rect:9 132 62 33 54
rect:-15 2 402 127 33
rect:438 87 127 154 33
rect:9 6 309 63 16
rect:467 113 84 41 16
rect:276 289 78 42 16
rect:150 84 138 469 33
rect:322 204 115 19 16
SikkimIndia2001_03.jpg 0x0
rect:296 223 105 142 70
rect:194 13 172 449 98
rect:227 79 61 141 69
SikkimIndia2001_04.jpg 0x0
rect:255 130 129 115 34
rect:3 34 351 321 99
rect:460 242 358 125 99
SumatraInd2009_01.jpg 0x0
rect:233 21 70 219 81
SumatraInd2009_02.jpg 0x0
rect:196 68 192 198 41
WhittierNarrows1987_01.jpg 0x0
rect:18 35 716 310 10
WhittierNarrows1987_02.jpg 0x0
rect:124 250 78 355 41
WhittierNarrows1987_03.jpg 0x0
rect:359 124 117 251 32
WhittierNarrows1987_04.jpg 0x0
rect:274 10 285 60 6
rect:158 42 85 193 41
rect:271 11 306 184 100
YogyakartaInd2006_01.jpg 0x0
rect:230 131 300 70 49
rect:314 28 429 242 32
rect:222 -23 334 596 29
YogyakartaInd2006_02.jpg 0x0
rect:371 56 176 341 98
rect:417 89 41 282 69
rect:279 88 76 165 70
