Anchorage1964_01.jpg 0x0
rect:85 275 218 228 1
rect:95 7 171 176 1
Anchorage1964_02.jpg 0x0
rect:348 281 19 57 3
rect:45 23 191 41 5
rect:506 47 149 113 8
rect:428 329 22 62 3
rect:128 170 57 18 6
rect:274 263 25 69 3
rect:336 322 27 68 3
rect:25 181 187 36 5
rect:150 161 96 47 7
rect:398 266 80 60 4
rect:191 243 27 67 3
rect:98 39 115 15 6
rect:298 308 24 69 3
rect:216 329 283 117 2
rect:288 255 29 46 3
rect:106 254 30 25 6
rect:544 191 17 47 3
rect:254 40 323 108 4
rect:172 50 64 55 4
Anchorage1964_03.jpg 0x0
rect:2 294 268 94 9
rect:196 113 483 138 9
rect:0 314 847 90 10
Anchorage1964_04.jpg 0x0
rect:365 395 19 20 1
rect:419 59 43 16 5
rect:378 287 9 1 1
rect:287 156 12 30 1
rect:240 90 31 22 5
rect:188 220 32 16 5
rect:247 158 25 25 5
rect:198 216 23 25 1
rect:235 100 36 17 5
rect:345 330 18 22 1
rect:227 437 12 27 1
rect:178 253 37 22 5
rect:203 156 16 30 1
rect:235 493 49 21 2
rect:345 423 28 20 5
rect:304 558 26 19 5
rect:430 242 34 18 5
rect:188 542 34 11 5
rect:211 98 32 15 5
rect:219 173 30 29 5
rect:432 225 27 20 5
rect:209 30 26 20 5
rect:188 57 35 12 5
rect:415 38 38 17 5
rect:219 421 30 15 5
rect:313 387 30 20 5
rect:224 367 37 20 5
rect:261 174 34 21 5
rect:407 322 24 12 5
rect:303 246 21 22 1
rect:267 260 17 25 8
rect:300 320 14 21 1
rect:199 182 24 22 5
rect:243 413 15 35 1
rect:175 268 19 20 5
rect:215 314 14 23 1
rect:116 165 39 20 5
rect:285 448 38 20 5
rect:353 211 25 32 1
Anchorage1964_05.jpg 0x0
rect:62 228 19 44 1
rect:230 152 98 24 5
rect:563 203 42 52 8
rect:567 272 45 74 8
rect:84 77 17 53 1
rect:79 165 17 54 1
rect:64 304 22 54 1
rect:112 29 25 40 1
rect:762 322 50 17 6
rect:213 159 144 85 2
rect:819 279 60 46 5
rect:40 412 22 63 1
rect:477 98 44 50 1
rect:597 293 67 24 5
rect:546 203 57 69 1
rect:39 362 26 44 1
rect:398 184 25 26 11
rect:543 367 39 19 6
rect:68 96 14 38 1
rect:64 167 21 58 1
rect:385 259 54 85 1
rect:499 1 54 40 1
rect:647 18 47 57 1
rect:207 50 111 45 6
rect:180 46 88 39 5
rect:438 110 49 44 1
rect:323 157 39 17 11
rect:495 180 48 65 1
rect:136 182 151 38 6
Anchorage1964_06.jpg 0x0
rect:136 79 166 450 12
rect:178 284 56 114 11
rect:128 151 78 343 3
Anchorage1964_07.jpg 0x0
rect:272 2 119 57 2
rect:446 142 43 124 13
rect:304 245 421 193 2
rect:17 174 256 40 11
rect:355 123 46 133 3
rect:368 252 63 60 11
rect:9 68 735 287 2
rect:7 266 403 38 14
rect:259 159 109 164 11
Anchorage1964_08.jpg 0x0
rect:54 80 140 154 1
rect:44 623 134 146 1
rect:48 357 115 76 1
rect:430 339 123 88 1
rect:424 457 124 91 1
rect:370 35 78 87 1
Anchorage1964_09.jpg 0x0
rect:669 123 96 19 15
rect:715 164 1 1 16
rect:464 215 80 54 8
rect:85 52 76 89 8
rect:659 113 65 94 1
rect:516 9 350 13 15
rect:13 96 92 18 15
rect:131 282 63 73 8
rect:122 131 343 9 15
rect:73 144 66 8 16
rect:11 17 63 14 16
rect:573 11 107 12 16
rect:16 16 302 15 15
rect:637 35 91 57 8
rect:202 140 81 56 1
rect:74 201 95 68 1
rect:586 106 112 33 15
rect:16 133 27 7 16
rect:466 160 66 54 1
Anchorage1964_10.jpg 0x0
rect:186 376 88 141 17
rect:71 331 231 146 18
rect:58 257 283 335 1
rect:138 144 260 58 18
Anchorage1964_11.jpg 0x0
rect:160 50 199 89 4
rect:128 193 549 95 2
rect:273 222 258 34 11
rect:503 7 126 41 1
rect:84 611 636 16 14
rect:58 426 728 20 14
rect:226 146 408 27 15
rect:479 162 149 95 1
Anchorage1964_12.jpg 0x0
rect:474 92 159 187 11
rect:367 91 45 255 3
rect:12 91 734 256 2
rect:223 244 36 86 3
rect:339 99 58 271 3
Anchorage1964_13.jpg 0x0
rect:414 390 31 218 20
rect:343 369 91 18 19
rect:302 455 139 22 2
Anchorage1964_14.jpg 0x0
rect:106 624 46 45 22
rect:77 315 158 41 15
rect:365 6 68 103 11
rect:178 355 95 116 21
rect:271 250 111 42 15
rect:35 623 46 87 22
rect:145 760 34 43 22
rect:312 538 174 82 23
rect:173 13 98 868 20
rect:204 11 53 287 11
rect:8 693 161 73 11
rect:18 785 26 59 22
Anchorage1964_15.jpg 0x0
rect:453 267 107 27 24
rect:428 9 112 81 4
rect:244 616 259 61 2
rect:324 208 154 34 11
rect:232 73 79 446 20
rect:243 208 192 44 15
rect:310 94 42 65 25
rect:225 113 42 80 11
rect:220 8 54 47 4
Anchorage1964_16.jpg 0x0
rect:95 329 68 131 11
rect:205 106 330 162 2
rect:14 259 56 67 2
rect:349 197 122 191 2
rect:11 90 150 198 2
rect:272 202 214 249 11
Anchorage1964_17.jpg 0x0
rect:379 66 232 264 9
rect:9 168 869 249 10
rect:10 107 213 97 9
Anchorage1964_18.jpg 0x0
rect:127 254 69 131 4
rect:492 345 34 17 2
rect:407 198 82 118 4
rect:406 203 38 41 11
rect:163 216 59 35 11
rect:141 202 19 62 11
rect:594 306 58 19 2
rect:389 394 269 38 15
rect:442 120 140 80 4
rect:297 242 61 21 2
Anchorage1964_19.jpg 0x0
rect:388 194 36 35 28
rect:5 314 78 154 26
rect:387 272 61 70 26
rect:555 215 9 16 26
rect:298 267 17 27 26
rect:37 361 25 106 27
rect:312 54 61 178 29
rect:434 100 34 28 28
rect:460 97 22 45 26
rect:385 273 16 33 26
rect:469 72 43 66 29
rect:280 139 36 33 27
rect:513 181 7 12 26
rect:466 129 26 70 29
rect:866 193 7 8 26
rect:284 151 37 36 26
rect:273 99 54 33 26
rect:390 168 10 19 26
Anchorage1964_20.jpg 0x0
rect:265 346 53 145 26
rect:252 118 114 61 26
rect:153 50 153 160 29
rect:499 464 48 76 26
rect:210 132 72 49 27
Anchorage1964_21.jpg 0x0
rect:59 231 29 45 26
rect:2 83 39 35 26
rect:-6 86 76 173 29
rect:175 233 664 172 30
Bingol2003_01.jpg 0x0
rect:393 268 169 201 31
rect:572 362 53 59 34
rect:586 250 44 233 32
rect:466 285 54 58 6
rect:438 348 93 109 6
rect:716 523 102 55 33
rect:178 97 68 27 6
rect:580 53 98 65 6
rect:514 231 91 66 6
rect:644 473 138 56 6
rect:2 283 601 290 10
rect:23 258 49 71 33
rect:544 203 35 118 34
rect:402 137 102 53 33
rect:730 258 85 63 33
rect:137 280 69 57 33
rect:588 66 139 140 31
rect:420 114 106 60 6
rect:938 234 133 83 33
Bingol2003_02.jpg 0x0
rect:204 70 517 143 34
rect:180 336 103 377 32
rect:104 398 195 242 32
rect:648 322 138 82 26
rect:601 59 135 56 36
rect:371 303 487 145 35
rect:279 167 902 601 31
rect:324 456 78 62 6
Bingol2003_03.jpg 0x0
rect:123 41 87 119 33
rect:453 185 319 122 2
rect:753 -8 195 211 4
rect:448 204 186 67 11
rect:98 23 119 37 2
rect:763 261 256 709 4
rect:914 338 204 368 2
Bingol2003_04.jpg 0x0
rect:158 471 41 83 3
rect:81 431 22 55 3
rect:193 527 52 137 3
rect:294 260 183 159 4
rect:232 357 28 86 3
rect:107 569 229 235 2
rect:255 484 154 106 2
rect:79 728 84 83 2
CanterburyNZSeries2010_01.jpg 0x0
rect:118 141 152 259 12
CanterburyNZSeries2010_02.jpg 0x0
rect:49 47 146 230 6
rect:41 11 219 309 37
CanterburyNZSeries2010_03.jpg 0x0
rect:39 63 449 173 38
CanterburyNZSeries2010_04.jpg 0x0
rect:467 365 55 167 40
rect:262 241 178 378 39
rect:273 246 29 204 40
rect:220 11 99 224 42
rect:349 280 37 71 40
rect:355 289 20 49 40
rect:171 348 112 227 41
rect:257 294 12 42 40
CanterburyNZSeries2010_05.jpg 0x0
rect:373 268 115 141 15
rect:263 407 167 368 4
CanterburyNZSeries2010_06.jpg 0x0
rect:57 154 643 559 4
rect:213 302 205 150 2
CanterburyNZSeries2010_08.jpg 0x0
rect:896 429 128 142 44
rect:928 555 26 188 32
rect:790 635 57 152 44
rect:590 161 177 228 43
CanterburyNZSeries2010_09.jpg 0x0
rect:318 130 131 183 45
rect:322 398 163 474 39
CanterburyNZSeries2010_10.jpg 0x0
rect:234 132 241 123 7
rect:271 228 409 275 6
rect:305 492 273 113 6
rect:378 405 176 83 46
CanterburyNZSeries2010_11.jpg 0x0
rect:278 280 286 92 7
rect:309 428 296 197 5
CanterburyNZSeries2010_12.jpg 0x0
rect:55 320 636 362 2
rect:4 359 672 452 47
rect:661 511 164 56 11
rect:141 379 158 46 11
CanterburyNZSeries2010_13.jpg 0x0
rect:457 198 138 447 11
rect:129 14 389 809 12
Caracas1967_01.jpg 0x0
rect:399 143 57 86 48
rect:341 194 11 71 48
rect:570 65 181 239 48
rect:312 222 53 112 48
Caracas1967_02.jpg 0x0
rect:112 331 53 47 50
rect:157 325 55 47 49
rect:278 1 109 195 15
rect:183 262 172 357 51
Caracas1967_03.jpg 0x0
rect:253 50 85 132 14
rect:14 415 245 117 6
rect:182 228 134 164 34
rect:282 485 27 55 27
rect:232 404 41 155 27
rect:289 391 76 89 26
Caracas1967_04.jpg 0x0
rect:175 465 54 150 26
rect:126 408 22 71 27
rect:95 356 193 175 34
Caracas1967_05.jpg 0x0
rect:30 80 315 722 48
rect:54 134 412 375 41
rect:280 152 60 250 40
rect:72 378 70 318 40
rect:134 369 46 307 40
rect:231 221 46 159 40
rect:313 171 113 156 52
rect:226 303 61 139 40
rect:90 442 241 180 52
rect:190 268 41 258 40
Caracas1967_06.jpg 0x0
rect:383 234 98 42 6
rect:456 124 198 192 7
Caracas1967_07.jpg 0x0
rect:540 50 30 231 27
rect:279 8 87 304 34
rect:185 171 170 179 34
rect:558 272 159 350 34
rect:553 372 86 117 53
rect:385 305 79 87 53
rect:278 153 54 221 27
Caracas1967_08.jpg 0x0
rect:208 299 72 92 54
rect:321 220 101 111 54
rect:211 220 91 101 55
Caracas1967_09.jpg 0x0
rect:334 11 166 137 48
rect:33 314 45 59 48
rect:176 147 102 95 48
rect:106 148 43 80 48
Caracas1967_10.jpg 0x0
rect:501 425 59 181 40
rect:21 224 511 550 48
rect:223 157 116 216 40
rect:42 236 289 427 41
Caracas1967_11.jpg 0x0
rect:46 171 273 354 41
rect:207 11 208 308 41
rect:67 14 538 962 48
Caracas1967_12.jpg 0x0
rect:313 249 21 60 56
rect:711 251 30 48 32
rect:741 247 26 37 32
rect:379 332 29 43 34
Caracas1967_13.jpg 0x0
rect:174 322 152 299 55
Caracas1967_14.jpg 0x0
rect:187 243 303 41 6
rect:86 144 535 248 57
Chichi1999_01.jpg 0x0
rect:375 192 35 191 42
rect:4 8 678 201 58
Chichi1999_02.jpg 0x0
rect:251 106 136 392 59
rect:7 116 314 119 58
Chichi1999_03.jpg 0x0
rect:101 208 64 103 60
rect:0 155 505 187 58
Chichi1999_04.jpg 0x0
rect:227 -16 49 88 48
rect:286 210 24 49 52
rect:229 247 83 370 48
Chichi1999_05.jpg 0x0
rect:309 295 29 31 41
rect:356 222 30 59 52
rect:350 133 67 67 41
rect:452 106 70 156 48
Chichi1999_06.jpg 0x0
rect:149 18 624 245 10
rect:372 226 15 32 52
rect:425 248 63 111 48
rect:482 -13 82 51 61
rect:673 207 41 46 41
rect:277 100 55 75 62
Chichi1999_07.jpg 0x0
rect:377 156 30 40 64
rect:157 146 18 53 64
rect:42 148 743 180 63
rect:645 308 15 25 64
rect:393 202 45 108 48
rect:442 301 38 91 48
rect:151 145 55 125 48
Chichi1999_08.jpg 0x0
rect:111 14 436 496 10
Chichi1999_09.jpg 0x0
rect:274 123 158 83 41
rect:211 101 29 91 40
rect:179 88 50 68 40
rect:215 85 204 232 48
Chichi1999_10.jpg 0x0
rect:211 21 439 575 10
Chichi1999_11.jpg 0x0
rect:108 237 129 99 65
rect:2 140 229 409 10
Chichi1999_12.jpg 0x0
rect:8 34 305 506 66
Chichi1999_13.jpg 0x0
rect:29 59 750 304 10
Chichi1999_14.jpg 0x0
rect:386 394 41 47 39
rect:325 480 30 38 39
rect:238 444 22 39 67
rect:323 344 26 42 39
rect:92 279 45 72 67
rect:365 470 93 62 67
rect:82 394 51 50 67
rect:113 401 34 41 67
rect:226 429 17 28 39
rect:163 231 42 68 67
rect:88 449 29 53 67
rect:164 227 19 35 67
rect:150 511 33 48 67
rect:191 193 82 34 67
rect:147 411 48 77 67
rect:119 423 53 59 67
rect:403 480 38 38 67
Chichi1999_15.jpg 0x0
rect:289 30 289 381 41
Chichi1999_16.jpg 0x0
rect:147 124 90 103 32
Chichi1999_17.jpg 0x0
rect:126 390 25 44 32
Chichi1999_18.jpg 0x0
rect:244 341 32 155 69
rect:186 313 47 94 69
rect:159 258 105 324 68
rect:317 289 25 164 69
rect:270 396 40 122 70
rect:193 286 21 148 69
Chichi1999_19.jpg 0x0
rect:235 19 334 492 2
rect:232 109 214 307 3
YogyakartaInd2006_03.jpg 0x0
rect:244 223 288 150 71
rect:238 125 23 7 16
rect:341 94 95 59 15
rect:174 493 194 27 15
rect:321 102 66 49 16
rect:217 26 81 2 15
rect:226 307 73 37 16
rect:310 132 73 25 15
Chichi1999_20.jpg 0x0
rect:195 325 52 162 41
rect:197 142 143 378 42
Chichi1999_21.jpg 0x0
rect:260 240 71 164 6
rect:197 309 231 202 37
rect:481 8 128 81 57
rect:419 118 201 122 6
rect:84 497 121 101 5
rect:169 145 264 218 72
rect:14 3 285 136 30
rect:473 30 260 219 37
Chichi1999_22.jpg 0x0
rect:205 264 13 26 73
rect:224 226 17 16 73
rect:190 118 310 160 10
rect:505 227 16 15 73
Chichi1999_23.jpg 0x0
rect:112 252 59 79 73
rect:222 142 28 30 27
rect:295 152 42 43 73
rect:121 128 20 29 34
rect:263 291 42 66 34
rect:242 342 63 122 73
rect:4 87 479 160 74
rect:342 140 31 27 26
rect:116 398 28 104 34
rect:135 139 51 62 73
Chichi1999_24.jpg 0x0
rect:3 343 292 249 74
rect:192 240 56 53 46
rect:125 168 127 115 75
rect:198 286 87 63 34
rect:317 294 1 2 46
Chichi1999_25.jpg 0x0
rect:125 251 157 286 73
rect:199 317 104 186 34
rect:264 233 57 77 26
Chichi1999_26.jpg 0x0
rect:98 440 104 84 27
rect:216 18 55 31 73
rect:161 133 53 138 73
rect:113 526 60 86 26
rect:276 338 130 289 76
rect:99 705 155 154 73
Chichi1999_27.jpg 0x0
rect:205 242 77 320 32
Chichi1999_28.jpg 0x0
rect:166 73 108 262 5
rect:229 266 284 153 77
rect:21 71 331 119 6
rect:214 108 159 187 75
Chichi1999_29.jpg 0x0
rect:160 197 72 140 52
rect:190 178 256 368 48
rect:181 254 114 148 40
Chichi1999_30.jpg 0x0
rect:189 217 165 72 78
rect:28 254 133 184 73
rect:249 147 157 89 52
rect:208 84 295 208 40
Chichi1999_31.jpg 0x0
rect:142 114 124 268 79
rect:654 123 37 132 48
Chichi1999_32.jpg 0x0
rect:541 146 54 200 39
rect:128 7 69 378 80
rect:138 245 31 104 81
rect:138 63 45 202 81
Chichi1999_33.jpg 0x0
rect:107 104 70 212 32
rect:317 112 79 184 56
rect:178 202 48 110 49
rect:245 64 116 269 32
rect:279 184 44 101 49
rect:63 73 91 490 33
Chichi1999_34.jpg 0x0
rect:103 116 343 467 10
Duzce1999_01.jpg 0x0
rect:122 168 120 99 41
rect:108 57 101 338 39
Duzce1999_02.jpg 0x0
rect:87 66 104 358 41
Duzce1999_03.jpg 0x0
rect:0 190 130 281 31
rect:120 79 147 347 42
rect:221 107 101 315 31
Gediz1970_01.jpg 0x0
rect:165 373 71 314 69
rect:215 376 73 200 69
rect:109 141 233 429 68
Guatemala1976_01.jpg 0x0
rect:389 140 77 97 41
rect:48 192 103 139 48
rect:42 181 37 52 41
rect:19 140 682 226 82
rect:56 270 57 52 52
rect:353 104 102 135 48
Guatemala1976_02.jpg 0x0
rect:212 56 313 311 48
rect:325 86 93 105 40
Guatemala1976_03.jpg 0x0
rect:16 106 637 418 75
Guatemala1976_04.jpg 0x0
rect:93 22 313 94 30
rect:521 186 103 197 4
rect:35 70 541 299 30
rect:758 233 139 377 4
Guatemala1976_05.jpg 0x0
rect:115 74 433 458 48
rect:162 116 325 181 40
rect:255 135 303 146 41
Guatemala1976_06.jpg 0x0
rect:124 134 167 508 39
Guatemala1976_07.jpg 0x0
rect:23 256 75 67 6
rect:232 674 149 81 83
rect:18 269 469 492 10
Guatemala1976_08.jpg 0x0
rect:372 76 175 291 40
rect:227 65 436 362 41
rect:210 37 291 434 48
Guatemala1976_09.jpg 0x0
rect:112 231 31 29 85
rect:197 321 52 57 85
rect:549 342 71 77 84
rect:785 198 64 68 85
rect:357 300 69 56 84
rect:211 222 44 24 84
rect:361 264 62 41 85
rect:111 275 37 28 84
Guatemala1976_10.jpg 0x0
rect:325 362 32 150 87
rect:174 165 165 159 87
rect:220 185 292 324 86
Guatemala1976_11.jpg 0x0
rect:193 241 157 159 34
GujaratIndia2001_01.jpg 0x0
rect:175 429 164 92 2
rect:24 361 142 143 4
rect:88 390 48 26 2
rect:290 355 53 48 11
Haiti2010_01.jpg 0x0
rect:219 281 28 116 40
rect:406 236 110 139 4
rect:522 530 146 196 4
rect:124 44 112 109 7
rect:233 177 169 448 41
Haiti2010_02.jpg 0x0
rect:365 31 137 61 14
rect:35 78 506 164 88
Haiti2010_03.jpg 0x0
rect:343 1 85 592 32
rect:253 545 78 64 49
rect:306 559 315 281 89
rect:168 337 275 151 32
Haiti2010_04.jpg 0x0
rect:2 153 203 139 6
rect:168 56 217 281 34
rect:189 272 294 541 41
Haiti2010_05.jpg 0x0
rect:374 297 25 100 40
rect:198 212 269 449 90
rect:197 322 30 96 40
rect:204 205 213 139 52
Haiti2010_06.jpg 0x0
rect:159 382 45 55 34
rect:416 128 160 320 33
rect:403 207 62 74 34
rect:399 187 53 45 6
rect:424 317 50 187 32
rect:217 260 364 270 91
rect:439 127 702 646 91
ImperialValley1979_01.jpg 0x0
rect:231 220 35 54 50
rect:459 414 44 22 49
rect:12 361 147 137 32
rect:533 358 53 29 32
rect:60 338 128 122 50
rect:386 411 29 28 50
rect:531 361 34 35 32
rect:14 431 92 53 49
rect:627 392 16 20 49
rect:350 306 49 55 32
rect:425 239 30 25 49
ImperialValley1979_02.jpg 0x0
rect:279 207 44 158 50
rect:173 222 133 42 49
rect:155 160 79 139 50
rect:188 141 342 69 92
rect:447 111 87 153 50
rect:284 114 249 290 32
ImperialValley1979_03.jpg 0x0
rect:125 224 149 165 32
rect:97 513 218 46 92
rect:314 262 65 189 50
rect:120 303 229 35 92
rect:196 338 91 116 50
rect:92 351 292 166 32
rect:84 283 87 163 50
Izmit1999_01.jpg 0x0
rect:272 317 35 127 27
rect:180 169 57 139 27
rect:429 212 70 68 26
rect:139 87 287 365 34
rect:281 119 70 228 27
Izmit1999_02.jpg 0x0
rect:32 156 744 273 10
Izmit1999_03.jpg 0x0
rect:604 94 55 374 50
rect:133 40 480 444 93
rect:157 106 81 373 50
rect:310 110 27 286 50
rect:287 185 44 254 50
rect:318 120 46 263 50
rect:269 49 221 254 32
rect:160 249 467 28 92
Izmit1999_04.jpg 0x0
rect:310 450 27 44 40
rect:148 242 144 68 88
rect:83 474 32 97 42
rect:292 91 70 96 41
rect:492 271 24 61 40
rect:238 300 69 87 41
rect:90 657 209 161 88
rect:66 466 50 79 41
rect:69 494 50 69 34
rect:326 76 76 99 48
Izmit1999_05.jpg 0x0
rect:103 27 493 487 10
Izmit1999_06.jpg 0x0
rect:241 166 54 184 50
rect:144 170 158 298 32
rect:296 271 45 147 50
rect:108 159 95 232 50
rect:134 310 122 103 49
rect:73 254 88 135 50
Izmit1999_07.jpg 0x0
rect:251 184 44 129 3
rect:366 86 147 39 6
rect:147 283 45 115 3
rect:275 313 72 320 4
rect:28 141 441 480 2
rect:260 134 97 97 3
rect:244 140 41 82 3
Izmit1999_08.jpg 0x0
rect:109 22 105 126 34
rect:169 446 67 103 45
rect:392 7 111 55 45
rect:128 118 57 95 41
rect:178 282 219 139 88
rect:407 113 97 85 41
rect:569 66 53 34 52
Izmit1999_09.jpg 0x0
rect:49 196 54 38 41
rect:290 343 117 104 41
rect:789 166 48 65 94
rect:589 266 56 84 41
rect:435 252 83 112 94
rect:211 246 33 29 41
Izmit1999_10.jpg 0x0
rect:81 426 266 84 78
rect:188 203 48 213 40
rect:217 442 89 37 78
rect:157 294 132 39 78
rect:110 197 70 206 40
rect:257 584 61 70 40
rect:387 413 131 106 40
rect:58 174 295 620 41
rect:82 142 71 156 40
rect:359 153 140 123 40
rect:36 284 254 34 78
Izmit1999_11.jpg 0x0
rect:196 346 69 135 40
rect:279 549 140 145 41
rect:204 154 119 141 41
rect:395 205 83 130 40
rect:277 178 76 138 40
Izmit1999_12.jpg 0x0
rect:392 134 57 34 6
rect:16 74 40 30 6
rect:390 81 36 102 45
rect:382 377 45 92 52
rect:196 273 95 66 88
rect:52 175 61 83 94
rect:112 64 25 28 6
rect:413 238 60 79 41
rect:416 334 94 172 94
rect:292 151 32 80 42
rect:458 35 92 75 34
rect:68 241 42 62 52
rect:104 204 29 49 40
rect:396 90 41 78 41
rect:224 271 68 112 41
rect:493 219 174 269 91
rect:1 267 27 48 41
rect:357 152 79 55 7
Izmit1999_13.jpg 0x0
rect:146 351 74 45 52
rect:104 93 65 54 6
rect:5 86 100 181 42
rect:126 217 98 157 94
rect:181 294 41 95 41
rect:369 66 77 92 41
rect:137 273 45 73 41
rect:298 84 172 281 48
rect:441 186 115 179 41
Izmit1999_14.jpg 0x0
rect:594 248 58 46 34
rect:343 268 30 27 34
rect:427 67 93 53 34
rect:390 38 51 56 95
rect:444 8 159 70 35
rect:297 416 34 43 34
rect:454 178 82 59 35
rect:473 313 65 41 34
rect:43 178 142 63 34
Izmit1999_15.jpg 0x0
rect:115 204 188 358 42
Izmit1999_16.jpg 0x0
rect:110 106 220 194 41
rect:63 55 491 596 33
rect:131 67 297 374 39
rect:160 91 34 110 40
Izmit1999_17.jpg 0x0
rect:138 95 250 262 41
Izmit1999_18.jpg 0x0
rect:212 166 132 345 39
rect:171 148 166 195 41
Izmit1999_19.jpg 0x0
rect:382 184 35 117 50
rect:393 147 20 80 50
rect:268 116 236 181 32
rect:254 112 288 357 96
Kobe1995_01.jpg 0x0
rect:32 122 568 106 63
Kobe1995_02.jpg 0x0
rect:2 45 396 742 68
Kobe1995_03.jpg 0x0
rect:44 66 491 554 10
Kobe1995_04.jpg 0x0
rect:348 330 42 67 41
Kobe1995_05.jpg 0x0
rect:333 155 185 392 40
rect:4 173 106 611 40
rect:96 207 213 539 52
rect:46 183 294 72 78
rect:81 567 405 92 78
Kobe1995_06.jpg 0x0
rect:129 350 255 290 42
rect:37 149 297 317 41
Kobe1995_07.jpg 0x0
rect:199 348 47 26 39
rect:155 261 36 34 39
rect:425 361 31 45 39
rect:267 256 45 42 39
rect:348 491 26 41 39
rect:50 340 42 28 39
rect:82 228 33 30 39
rect:209 495 27 42 39
rect:272 391 39 42 39
rect:104 194 40 45 39
rect:37 231 28 58 39
rect:201 238 36 26 39
rect:288 127 47 39 39
rect:230 83 34 38 39
rect:349 118 46 30 39
rect:267 117 32 41 39
rect:147 216 40 32 39
rect:255 323 34 44 39
rect:289 419 37 49 39
rect:200 212 47 49 39
rect:534 296 26 24 39
rect:282 249 29 56 39
rect:402 163 29 48 39
rect:432 187 42 59 39
rect:208 426 39 52 39
rect:425 289 39 41 39
Kobe1995_08.jpg 0x0
rect:331 68 331 269 97
Kobe1995_09.jpg 0x0
rect:111 403 63 67 88
rect:96 709 76 106 88
rect:136 604 66 47 88
rect:148 483 218 80 97
SanSalvador_1986_01.jpg 0x0
rect:178 162 108 228 41
rect:53 3 112 242 68
SanSalvador_1986_02.jpg 0x0
rect:143 229 28 25 41
rect:158 269 25 32 41
rect:525 230 35 29 41
rect:539 161 37 45 42
rect:445 181 22 21 41
rect:216 171 50 33 41
rect:152 301 33 38 41
rect:392 320 53 46 41
rect:433 186 30 50 41
SikkimIndia2001_01.jpg 0x0
rect:161 177 120 157 34
SikkimIndia2001_02.jpg 0x0
rect:351 223 110 21 16
rect:339 100 110 29 16
rect:279 174 102 46 16
rect:219 57 145 493 33
rect:-11 2 277 126 33
rect:10 6 319 72 16
rect:9 139 48 33 54
rect:458 107 123 218 33
SikkimIndia2001_03.jpg 0x0
rect:262 274 99 202 70
rect:193 73 54 151 69
rect:241 8 240 521 98
SikkimIndia2001_04.jpg 0x0
rect:332 190 296 76 99
rect:3 21 238 294 99
rect:269 170 129 143 34
SumatraInd2009_01.jpg 0x0
rect:317 30 54 378 81
SumatraInd2009_02.jpg 0x0
rect:143 80 137 209 41
WhittierNarrows1987_01.jpg 0x0
rect:15 37 1042 482 10
WhittierNarrows1987_02.jpg 0x0
rect:144 339 97 290 41
WhittierNarrows1987_03.jpg 0x0
rect:285 140 144 209 32
WhittierNarrows1987_04.jpg 0x0
rect:200 15 282 172 100
rect:302 43 71 266 41
rect:218 9 285 91 6
YogyakartaInd2006_01.jpg 0x0
rect:195 39 297 362 32
rect:275 167 381 87 49
rect:133 -19 442 374 29
YogyakartaInd2006_02.jpg 0x0
rect:448 81 54 249 69
rect:286 86 84 214 70
rect:375 72 143 556 98
