Anchorage1964_01.jpg 0x0
rect:101 392 297 180 1
rect:67 8 183 146 1
Anchorage1964_02.jpg 0x0
rect:361 309 14 60 3
rect:73 28 77 18 6
rect:141 193 66 19 6
rect:494 204 16 47 3
rect:406 162 105 73 4
rect:192 248 20 72 3
rect:174 64 79 94 4
rect:140 179 469 73 2
rect:392 346 28 77 3
rect:246 234 20 75 3
rect:108 218 24 19 6
rect:39 181 186 33 5
rect:476 331 27 64 3
rect:219 35 292 64 4
rect:221 207 21 77 3
rect:42 21 142 53 5
rect:389 67 111 104 8
rect:120 135 90 53 7
rect:343 229 25 62 3
Anchorage1964_03.jpg 0x0
rect:0 293 539 53 10
rect:217 104 368 166 9
rect:2 279 231 96 9
Anchorage1964_04.jpg 0x0
rect:225 575 18 22 1
rect:151 154 39 12 5
rect:319 148 28 20 5
rect:273 309 10 1 1
rect:414 40 30 18 5
rect:280 175 13 22 1
rect:298 312 32 18 5
rect:327 341 23 13 5
rect:268 393 19 30 1
rect:166 371 21 29 1
rect:210 321 24 18 5
rect:363 195 17 34 1
rect:360 231 33 17 5
rect:352 247 10 15 1
rect:330 300 19 21 5
rect:249 420 25 20 5
rect:338 123 24 33 1
rect:221 422 46 14 5
rect:141 179 20 22 5
rect:292 217 18 20 8
rect:243 136 32 20 5
rect:221 399 57 21 2
rect:182 537 37 12 5
rect:156 374 33 15 5
rect:131 52 39 12 5
rect:177 89 28 19 5
rect:148 230 22 16 5
rect:196 422 13 23 1
rect:131 251 21 20 5
rect:329 58 33 17 5
rect:366 123 29 21 5
rect:313 201 21 21 1
rect:205 21 26 20 5
rect:297 257 20 17 5
rect:219 303 25 24 1
rect:203 259 24 19 5
rect:303 152 21 20 1
rect:280 283 33 17 5
rect:316 310 24 19 5
Anchorage1964_05.jpg 0x0
rect:312 234 42 54 1
rect:98 23 27 42 1
rect:633 328 60 48 1
rect:720 239 53 26 6
rect:208 33 107 22 5
rect:668 212 46 73 1
rect:615 346 60 45 5
rect:356 223 60 75 8
rect:32 489 31 64 1
rect:489 93 41 63 1
rect:60 143 18 30 1
rect:513 301 46 31 5
rect:57 221 18 48 1
rect:278 165 57 30 11
rect:545 106 47 59 1
rect:260 209 18 20 11
rect:114 128 15 35 1
rect:842 304 58 16 6
rect:626 20 33 71 1
rect:167 43 105 42 6
rect:123 111 162 52 6
rect:55 227 28 64 1
rect:183 133 103 29 5
rect:347 202 93 64 2
rect:64 162 24 37 1
rect:65 50 22 57 1
rect:81 391 22 37 1
rect:660 352 50 72 8
rect:474 1 29 70 1
Anchorage1964_06.jpg 0x0
rect:164 94 74 253 3
rect:163 194 70 64 11
rect:127 86 234 428 12
Anchorage1964_07.jpg 0x0
rect:7 398 367 43 14
rect:253 110 69 86 13
rect:462 350 456 239 2
rect:274 2 108 69 2
rect:285 91 109 110 11
rect:8 64 758 508 2
rect:290 154 62 154 3
rect:512 140 84 71 11
rect:18 182 191 44 11
Anchorage1964_08.jpg 0x0
rect:348 40 136 132 1
rect:291 646 145 85 1
rect:45 356 135 132 1
rect:46 393 101 153 1
rect:411 231 96 96 1
rect:38 77 149 156 1
Anchorage1964_09.jpg 0x0
rect:96 241 49 78 8
rect:411 308 91 86 8
rect:16 174 20 8 16
rect:159 117 362 12 15
rect:325 203 76 82 1
rect:558 34 86 63 8
rect:75 170 91 66 1
rect:347 127 123 25 15
rect:74 43 77 99 8
rect:350 154 72 48 1
rect:55 110 53 9 16
rect:514 8 347 9 15
rect:13 17 319 14 15
rect:12 14 65 10 16
rect:577 10 85 9 16
rect:624 163 91 75 1
rect:565 210 1 1 16
rect:430 117 141 19 15
rect:9 148 69 15 15
Anchorage1964_10.jpg 0x0
rect:96 310 327 99 18
rect:155 294 82 119 17
rect:82 257 363 384 1
rect:173 241 144 93 18
Anchorage1964_11.jpg 0x0
rect:374 5 118 47 1
rect:416 137 114 125 1
rect:86 632 502 14 14
rect:322 152 285 37 11
rect:122 253 352 57 2
rect:159 135 379 24 15
rect:173 61 182 122 4
rect:58 322 501 18 14
Anchorage1964_12.jpg 0x0
rect:540 75 37 211 3
rect:304 65 125 204 11
rect:190 248 32 128 3
rect:424 61 59 286 3
rect:12 102 585 362 2
Anchorage1964_13.jpg 0x0
rect:463 563 114 13 19
rect:431 343 39 125 20
rect:288 446 230 31 2
Anchorage1964_14.jpg 0x0
rect:319 164 142 65 15
rect:193 376 62 78 21
rect:27 412 20 66 22
rect:346 11 48 238 11
rect:125 626 44 59 22
rect:370 5 108 143 11
rect:71 228 107 27 15
rect:8 624 213 72 11
rect:49 704 42 53 22
rect:439 547 169 74 23
rect:154 10 119 478 20
rect:91 793 49 46 22
Anchorage1964_15.jpg 0x0
rect:333 146 41 122 25
rect:325 10 98 62 4
rect:197 535 295 55 2
rect:497 226 86 36 24
rect:362 195 131 36 11
rect:228 209 118 42 15
rect:357 9 64 63 4
rect:205 95 41 81 11
rect:193 75 83 311 20
Anchorage1964_16.jpg 0x0
rect:193 292 349 244 11
rect:550 284 166 211 2
rect:104 264 72 102 11
rect:12 158 140 142 2
rect:16 422 64 64 2
rect:285 119 179 90 2
Anchorage1964_17.jpg 0x0
rect:12 126 279 105 9
rect:9 262 865 272 10
rect:197 66 170 194 9
Anchorage1964_18.jpg 0x0
rect:154 205 19 52 11
rect:125 352 77 35 11
rect:383 250 37 44 11
rect:623 207 29 14 2
rect:729 235 69 17 2
rect:322 264 311 25 15
rect:418 211 125 98 4
rect:431 195 72 100 4
rect:426 382 105 27 2
rect:141 232 65 100 4
Anchorage1964_19.jpg 0x0
rect:544 136 8 8 26
rect:348 127 38 54 26
rect:7 173 52 144 26
rect:840 203 9 13 26
rect:297 81 44 75 29
rect:344 113 26 53 29
rect:556 193 8 18 26
rect:450 104 5 11 26
rect:336 263 17 39 26
rect:210 53 83 127 29
rect:262 120 27 22 27
rect:350 119 35 21 26
rect:23 334 27 78 27
rect:666 218 46 34 28
rect:455 195 57 35 28
rect:221 330 33 76 26
rect:351 296 15 24 26
rect:553 94 17 42 26
Anchorage1964_20.jpg 0x0
rect:162 594 55 174 26
rect:138 102 74 60 26
rect:276 138 58 44 27
rect:215 58 173 182 29
rect:565 408 39 55 26
Anchorage1964_21.jpg 0x0
rect:67 292 40 28 26
rect:2 103 55 30 26
rect:-5 80 95 168 29
rect:128 228 454 135 30
Bingol2003_01.jpg 0x0
rect:510 69 74 82 6
rect:327 176 100 52 33
rect:450 457 123 81 6
rect:593 265 58 116 34
rect:692 398 223 95 6
rect:955 250 73 69 33
rect:368 199 39 50 6
rect:578 286 49 198 32
rect:483 206 133 173 31
rect:669 118 208 185 31
rect:824 276 53 74 6
rect:525 180 123 83 33
rect:30 304 51 86 33
rect:931 314 67 34 33
rect:313 79 72 20 6
rect:158 289 83 50 33
rect:443 143 86 61 6
rect:2 264 634 310 10
rect:352 248 40 77 34
Bingol2003_02.jpg 0x0
rect:335 447 107 91 6
rect:585 169 503 166 35
rect:120 486 192 247 32
rect:450 370 119 113 26
rect:163 239 88 340 32
rect:310 320 566 589 31
rect:160 95 477 195 34
rect:640 48 140 92 36
Bingol2003_03.jpg 0x0
rect:68 20 121 35 2
rect:805 -9 281 256 4
rect:820 404 303 368 2
rect:461 158 245 83 11
rect:111 51 147 134 33
rect:750 165 203 631 4
rect:414 119 299 172 2
Bingol2003_04.jpg 0x0
rect:71 739 23 96 3
rect:280 256 192 185 4
rect:116 311 189 234 2
rect:74 534 71 65 2
rect:172 539 51 128 3
rect:224 467 40 89 3
rect:297 596 118 64 2
rect:121 503 33 55 3
CanterburyNZSeries2010_01.jpg 0x0
rect:88 126 161 265 12
CanterburyNZSeries2010_02.jpg 0x0
rect:44 41 137 199 6
rect:30 8 214 258 37
CanterburyNZSeries2010_03.jpg 0x0
rect:59 59 474 144 38
CanterburyNZSeries2010_04.jpg 0x0
rect:155 493 108 192 41
rect:323 540 22 40 40
rect:284 11 83 174 42
rect:202 316 33 66 40
rect:268 334 34 211 40
rect:369 306 37 119 40
rect:162 272 266 232 39
rect:352 485 15 74 40
CanterburyNZSeries2010_05.jpg 0x0
rect:276 154 164 100 15
rect:322 481 181 381 4
CanterburyNZSeries2010_06.jpg 0x0
rect:47 143 539 474 4
rect:169 201 170 91 2
CanterburyNZSeries2010_08.jpg 0x0
rect:817 391 86 134 44
rect:876 489 32 166 32
rect:995 625 78 105 44
rect:341 185 116 327 43
CanterburyNZSeries2010_09.jpg 0x0
rect:285 121 141 156 45
rect:218 295 198 489 39
CanterburyNZSeries2010_10.jpg 0x0
rect:429 127 321 124 7
rect:227 206 328 194 6
rect:239 343 178 94 46
rect:267 457 279 105 6
CanterburyNZSeries2010_11.jpg 0x0
rect:295 224 302 148 7
rect:289 322 375 221 5
CanterburyNZSeries2010_12.jpg 0x0
rect:378 626 208 66 11
rect:6 260 780 479 47
rect:62 253 543 381 2
rect:181 518 201 55 11
CanterburyNZSeries2010_13.jpg 0x0
rect:146 22 437 931 12
rect:543 122 145 538 11
Caracas1967_01.jpg 0x0
rect:405 119 63 124 48
rect:584 74 227 316 48
rect:212 134 9 57 48
rect:272 197 38 85 48
Caracas1967_02.jpg 0x0
rect:298 1 101 210 15
rect:237 193 149 210 51
rect:138 338 33 51 49
rect:116 416 35 42 50
Caracas1967_03.jpg 0x0
rect:299 66 91 86 14
rect:369 476 30 47 27
rect:339 408 31 149 27
rect:344 378 45 82 26
rect:306 444 145 177 34
rect:17 268 245 122 6
Caracas1967_04.jpg 0x0
rect:167 278 170 115 34
rect:189 452 19 120 27
rect:160 415 38 103 26
Caracas1967_05.jpg 0x0
rect:113 394 58 165 40
rect:282 223 44 267 40
rect:76 324 73 260 40
rect:263 263 100 201 52
rect:94 376 199 145 52
rect:147 230 69 285 40
rect:372 205 44 217 40
rect:47 136 258 434 41
rect:255 175 54 188 40
rect:25 123 286 501 48
Caracas1967_06.jpg 0x0
rect:352 97 260 250 7
rect:337 294 58 61 6
Caracas1967_07.jpg 0x0
rect:385 229 131 350 34
rect:603 312 79 79 53
rect:524 65 23 199 27
rect:413 246 77 133 53
rect:210 106 40 237 27
rect:168 150 129 167 34
rect:334 7 75 292 34
Caracas1967_08.jpg 0x0
rect:405 207 91 118 54
rect:165 290 58 117 55
rect:199 299 46 99 54
Caracas1967_09.jpg 0x0
rect:104 189 46 63 48
rect:145 198 122 89 48
rect:327 12 244 122 48
rect:30 180 57 60 48
Caracas1967_10.jpg 0x0
rect:23 204 326 549 48
rect:402 293 108 223 40
rect:284 365 66 142 40
rect:54 282 289 235 41
Caracas1967_11.jpg 0x0
rect:350 13 123 202 41
rect:55 278 212 606 41
rect:46 18 464 928 48
Caracas1967_12.jpg 0x0
rect:245 197 26 56 56
rect:748 354 27 49 32
rect:496 419 17 44 32
rect:448 273 30 41 34
Caracas1967_13.jpg 0x0
rect:173 414 94 327 55
Caracas1967_14.jpg 0x0
rect:133 292 220 46 6
rect:150 103 440 267 57
Chichi1999_01.jpg 0x0
rect:4 8 839 168 58
rect:292 139 42 262 42
Chichi1999_02.jpg 0x0
rect:6 111 340 158 58
rect:311 106 203 514 59
Chichi1999_03.jpg 0x0
rect:0 190 740 225 58
rect:56 126 50 119 60
Chichi1999_04.jpg 0x0
rect:158 173 67 350 48
rect:162 208 34 71 52
rect:184 -15 49 130 48
Chichi1999_05.jpg 0x0
rect:415 100 58 39 41
rect:358 93 86 196 48
rect:448 190 46 72 52
rect:462 317 30 27 41
Chichi1999_06.jpg 0x0
rect:746 -14 89 71 61
rect:818 129 49 49 41
rect:266 204 33 115 48
rect:316 228 23 41 52
rect:141 21 561 201 10
rect:419 90 49 48 62
Chichi1999_07.jpg 0x0
rect:269 282 62 118 48
rect:164 188 49 153 48
rect:69 182 543 126 63
rect:289 213 30 27 64
rect:198 118 27 36 64
rect:590 260 16 21 64
rect:656 237 55 119 48
Chichi1999_08.jpg 0x0
rect:136 18 460 372 10
Chichi1999_09.jpg 0x0
rect:250 93 38 85 40
rect:214 97 69 70 40
rect:185 129 112 114 41
rect:262 77 203 123 48
Chichi1999_10.jpg 0x0
rect:219 24 719 410 10
Chichi1999_11.jpg 0x0
rect:2 152 128 582 10
rect:105 248 71 84 65
Chichi1999_12.jpg 0x0
rect:9 23 548 831 66
Chichi1999_13.jpg 0x0
rect:28 65 640 329 10
Chichi1999_14.jpg 0x0
rect:77 391 45 48 67
rect:114 344 38 48 67
rect:251 612 30 43 39
rect:356 533 27 68 67
rect:133 340 24 35 67
rect:211 367 31 65 67
rect:363 524 38 49 39
rect:154 254 59 66 67
rect:163 162 93 41 67
rect:328 341 28 19 39
rect:94 461 33 34 67
rect:98 469 35 29 67
rect:204 246 19 51 67
rect:123 256 41 68 67
rect:211 294 47 44 39
rect:245 684 79 55 67
rect:190 534 36 44 67
Chichi1999_15.jpg 0x0
rect:318 27 190 488 41
Chichi1999_16.jpg 0x0
rect:200 164 85 146 32
Chichi1999_17.jpg 0x0
rect:136 318 28 52 32
Chichi1999_18.jpg 0x0
rect:187 242 29 133 69
rect:370 342 29 170 69
rect:251 339 31 138 69
rect:149 288 48 115 69
rect:136 254 172 357 68
rect:350 344 55 109 70
Chichi1999_19.jpg 0x0
rect:253 17 337 379 2
rect:280 92 208 272 3
YogyakartaInd2006_03.jpg 0x0
rect:314 90 90 43 16
rect:170 182 67 33 15
rect:286 449 224 29 15
rect:368 69 162 48 15
rect:293 318 237 156 71
rect:238 150 18 9 16
rect:308 21 95 2 15
rect:288 283 57 29 16
Chichi1999_20.jpg 0x0
rect:123 257 112 329 42
rect:257 464 54 209 41
Chichi1999_21.jpg 0x0
rect:429 33 218 199 37
rect:341 7 169 92 57
rect:252 281 102 123 6
rect:95 488 189 81 5
rect:193 312 179 183 37
rect:343 82 168 150 6
rect:13 4 190 172 30
rect:248 116 275 188 72
Chichi1999_22.jpg 0x0
rect:276 220 18 15 73
rect:283 238 15 20 73
rect:489 168 16 16 73
rect:215 123 212 135 10
Chichi1999_23.jpg 0x0
rect:226 182 31 24 27
rect:114 329 55 77 73
rect:92 309 32 98 34
rect:249 384 38 90 34
rect:140 142 21 34 34
rect:236 167 33 26 26
rect:360 255 72 114 73
rect:284 141 37 66 73
rect:3 55 588 188 74
rect:168 210 40 54 73
Chichi1999_24.jpg 0x0
rect:3 446 378 180 74
rect:152 157 117 93 75
rect:304 201 41 47 46
rect:158 304 84 69 34
rect:430 369 1 2 46
Chichi1999_25.jpg 0x0
rect:220 421 58 89 26
rect:208 205 158 411 73
rect:180 284 132 186 34
Chichi1999_26.jpg 0x0
rect:191 317 112 327 76
rect:201 184 61 104 73
rect:123 366 95 134 27
rect:122 393 134 172 73
rect:301 17 33 26 73
rect:133 624 85 80 26
Chichi1999_27.jpg 0x0
rect:149 274 91 274 32
Chichi1999_28.jpg 0x0
rect:19 68 309 95 6
rect:161 133 104 266 5
rect:340 149 113 296 75
rect:305 311 303 106 77
Chichi1999_29.jpg 0x0
rect:178 212 98 138 40
rect:141 168 245 372 48
rect:241 233 96 134 52
Chichi1999_30.jpg 0x0
rect:233 187 146 62 52
rect:145 263 163 55 78
rect:24 324 71 122 73
rect:187 76 270 235 40
Chichi1999_31.jpg 0x0
rect:204 79 85 217 79
rect:364 120 55 149 48
Chichi1999_32.jpg 0x0
rect:191 7 122 311 80
rect:178 251 45 174 81
rect:210 51 42 157 81
rect:416 148 37 168 39
Chichi1999_33.jpg 0x0
rect:124 150 37 88 49
rect:258 125 125 241 56
rect:115 142 115 242 32
rect:285 106 106 389 32
rect:361 146 36 118 49
rect:75 68 174 606 33
Chichi1999_34.jpg 0x0
rect:88 99 326 322 10
Duzce1999_01.jpg 0x0
rect:164 61 109 335 39
rect:118 166 98 160 41
Duzce1999_02.jpg 0x0
rect:72 37 159 391 41
Duzce1999_03.jpg 0x0
rect:0 166 123 221 31
rect:80 115 81 345 42
rect:195 98 108 194 31
Gediz1970_01.jpg 0x0
rect:185 473 63 238 69
rect:151 282 108 375 69
rect:113 80 271 532 68
Guatemala1976_01.jpg 0x0
rect:44 251 76 56 52
rect:527 117 57 95 41
rect:47 125 52 36 41
rect:20 159 737 174 82
rect:54 150 106 94 48
rect:508 183 185 163 48
Guatemala1976_02.jpg 0x0
rect:198 64 292 299 48
rect:284 45 96 85 40
Guatemala1976_03.jpg 0x0
rect:20 58 631 398 75
Guatemala1976_04.jpg 0x0
rect:545 184 89 235 4
rect:52 98 620 305 30
rect:97 28 403 88 30
rect:437 350 69 179 4
Guatemala1976_05.jpg 0x0
rect:244 132 264 127 41
rect:149 101 419 184 40
rect:142 80 334 423 48
Guatemala1976_06.jpg 0x0
rect:93 99 268 321 39
Guatemala1976_07.jpg 0x0
rect:229 729 165 76 83
rect:24 250 350 304 10
rect:32 296 46 59 6
Guatemala1976_08.jpg 0x0
rect:213 30 472 537 48
rect:193 78 318 307 41
rect:325 86 238 400 40
Guatemala1976_09.jpg 0x0
rect:175 322 56 78 85
rect:561 270 52 37 85
rect:95 230 45 31 85
rect:340 213 74 53 84
rect:173 244 39 23 84
rect:293 228 62 36 85
rect:596 254 67 81 84
rect:96 369 32 23 84
Guatemala1976_10.jpg 0x0
rect:212 192 317 191 86
rect:275 440 47 128 87
rect:220 120 203 163 87
Guatemala1976_11.jpg 0x0
rect:229 160 163 205 34
GujaratIndia2001_01.jpg 0x0
rect:345 512 40 52 11
rect:77 549 85 25 2
rect:172 487 162 73 2
rect:41 410 215 134 4
Haiti2010_01.jpg 0x0
rect:97 38 142 94 7
rect:202 157 187 376 41
rect:575 607 194 270 4
rect:525 289 133 98 4
rect:332 350 20 161 40
Haiti2010_02.jpg 0x0
rect:59 113 382 266 88
rect:206 37 163 63 14
Haiti2010_03.jpg 0x0
rect:185 502 267 147 89
rect:302 535 63 85 49
rect:196 477 176 245 32
rect:329 1 73 498 32
Haiti2010_04.jpg 0x0
rect:2 109 310 189 6
rect:203 339 320 682 41
rect:215 55 184 281 34
Haiti2010_05.jpg 0x0
rect:318 208 36 92 40
rect:189 189 25 87 40
rect:245 153 301 626 90
rect:238 235 162 85 52
Haiti2010_06.jpg 0x0
rect:441 206 158 505 33
rect:462 220 66 208 32
rect:458 206 65 31 6
rect:475 185 491 749 91
rect:383 202 59 82 34
rect:167 264 328 299 91
rect:232 361 39 55 34
ImperialValley1979_01.jpg 0x0
rect:373 371 37 24 49
rect:456 386 55 55 32
rect:314 211 58 44 32
rect:387 345 19 21 49
rect:15 306 71 49 49
rect:12 356 142 147 32
rect:545 298 29 49 50
rect:336 229 56 56 50
rect:530 240 14 21 49
rect:57 428 115 122 50
rect:527 287 34 26 32
ImperialValley1979_02.jpg 0x0
rect:165 97 78 255 50
rect:122 211 357 79 92
rect:247 112 131 281 32
rect:257 139 48 161 50
rect:234 226 111 41 49
rect:353 164 65 178 50
ImperialValley1979_03.jpg 0x0
rect:172 235 231 161 32
rect:121 556 214 48 92
rect:121 352 88 209 50
rect:120 368 346 42 92
rect:178 254 288 221 32
rect:289 308 95 145 50
rect:309 297 65 143 50
Izmit1999_01.jpg 0x0
rect:241 54 301 376 34
rect:218 267 26 84 27
rect:232 110 56 191 27
rect:281 89 36 147 27
rect:432 343 49 65 26
Izmit1999_02.jpg 0x0
rect:20 99 724 216 10
Izmit1999_03.jpg 0x0
rect:479 100 46 177 50
rect:165 54 314 323 32
rect:360 78 67 252 50
rect:186 34 472 428 93
rect:481 74 45 216 50
rect:175 116 65 255 50
rect:149 175 258 25 92
rect:174 162 55 224 50
Izmit1999_04.jpg 0x0
rect:80 355 42 97 42
rect:369 78 88 104 41
rect:336 283 27 65 40
rect:268 253 76 106 41
rect:390 61 65 95 48
rect:129 332 109 56 88
rect:281 316 20 60 40
rect:56 399 67 138 41
rect:117 688 249 151 88
rect:49 306 60 78 34
Izmit1999_05.jpg 0x0
rect:82 30 757 318 10
Izmit1999_06.jpg 0x0
rect:102 157 246 554 32
rect:232 323 45 140 50
rect:183 166 103 194 50
rect:246 305 37 185 50
rect:106 324 163 67 49
rect:100 280 79 239 50
Izmit1999_07.jpg 0x0
rect:353 325 82 433 4
rect:271 279 44 77 3
rect:27 103 423 453 2
rect:129 289 49 117 3
rect:255 78 165 50 6
rect:420 154 52 67 3
rect:289 233 40 121 3
Izmit1999_08.jpg 0x0
rect:576 6 94 78 45
rect:651 98 74 67 41
rect:158 286 276 146 88
rect:143 25 114 86 34
rect:144 106 83 82 41
rect:165 512 67 94 45
rect:476 95 57 25 52
Izmit1999_09.jpg 0x0
rect:372 309 76 92 94
rect:524 169 79 63 94
rect:249 275 52 24 41
rect:400 289 80 85 41
rect:60 194 57 40 41
rect:663 241 47 64 41
Izmit1999_10.jpg 0x0
rect:82 343 326 71 78
rect:112 122 260 481 41
rect:61 132 77 168 40
rect:52 170 431 49 78
rect:184 169 65 150 40
rect:156 280 172 38 78
rect:352 519 99 134 40
rect:279 533 53 64 40
rect:110 267 98 270 40
rect:261 652 98 22 78
rect:247 168 91 160 40
Izmit1999_11.jpg 0x0
rect:114 236 55 137 40
rect:152 453 139 113 41
rect:163 150 63 164 40
rect:389 264 96 208 40
rect:176 224 139 188 41
Izmit1999_12.jpg 0x0
rect:559 236 68 75 41
rect:21 52 41 31 6
rect:113 202 38 54 40
rect:423 99 56 61 41
rect:43 287 66 50 52
rect:410 190 81 61 7
rect:238 232 67 133 52
rect:246 144 51 75 45
rect:496 28 74 52 34
rect:41 280 46 74 94
rect:216 161 57 26 6
rect:310 250 53 86 42
rect:253 300 91 159 41
rect:88 74 32 20 6
rect:530 140 259 185 91
rect:295 296 129 194 94
rect:1 223 33 32 41
rect:143 287 90 82 88
Izmit1999_13.jpg 0x0
rect:110 235 64 82 52
rect:149 235 145 92 94
rect:292 99 192 363 48
rect:174 198 44 93 41
rect:393 114 82 207 41
rect:105 163 51 52 6
rect:250 69 83 110 41
rect:101 196 29 71 41
rect:5 65 103 202 42
Izmit1999_14.jpg 0x0
rect:414 238 63 43 34
rect:366 436 36 16 34
rect:333 194 108 73 35
rect:321 280 45 25 34
rect:64 187 107 47 34
rect:273 8 201 54 35
rect:532 185 75 38 34
rect:560 55 86 69 34
rect:362 58 39 42 95
Izmit1999_15.jpg 0x0
rect:183 210 239 487 42
Izmit1999_16.jpg 0x0
rect:104 133 165 164 41
rect:93 53 188 226 39
rect:145 98 53 101 40
rect:111 51 446 328 33
Izmit1999_17.jpg 0x0
rect:74 88 235 258 41
Izmit1999_18.jpg 0x0
rect:165 131 110 141 41
rect:150 128 146 338 39
Izmit1999_19.jpg 0x0
rect:387 135 24 91 50
rect:540 163 34 97 50
rect:165 142 285 279 32
rect:207 66 272 376 96
Kobe1995_01.jpg 0x0
rect:21 130 643 153 63
Kobe1995_02.jpg 0x0
rect:2 69 604 585 68
Kobe1995_03.jpg 0x0
rect:44 43 456 432 10
Kobe1995_04.jpg 0x0
rect:322 302 65 57 41
Kobe1995_05.jpg 0x0
rect:45 291 472 67 78
rect:73 406 250 99 78
rect:229 179 204 511 40
rect:4 116 176 548 40
rect:156 130 285 569 52
Kobe1995_06.jpg 0x0
rect:235 276 251 361 42
rect:36 161 551 573 41
Kobe1995_07.jpg 0x0
rect:124 139 39 38 39
rect:379 506 35 30 39
rect:172 433 35 46 39
rect:214 332 36 38 39
rect:150 220 32 47 39
rect:336 171 31 57 39
rect:300 115 19 42 39
rect:450 246 33 23 39
rect:315 193 55 32 39
rect:118 121 41 38 39
rect:157 288 41 24 39
rect:363 225 25 26 39
rect:309 281 29 44 39
rect:419 178 37 26 39
rect:505 144 38 35 39
rect:100 286 49 37 39
rect:46 385 48 20 39
rect:172 430 27 42 39
rect:373 250 34 43 39
rect:374 318 38 30 39
rect:264 182 38 56 39
rect:195 340 48 44 39
rect:578 524 34 43 39
rect:249 105 33 43 39
rect:37 192 33 59 39
rect:106 239 42 36 39
Kobe1995_08.jpg 0x0
rect:215 66 477 200 97
Kobe1995_09.jpg 0x0
rect:110 719 77 59 88
rect:78 576 83 61 88
rect:253 589 215 87 97
rect:105 609 69 72 88
SanSalvador_1986_01.jpg 0x0
rect:197 142 110 149 41
rect:66 3 125 290 68
SanSalvador_1986_02.jpg 0x0
rect:182 375 38 31 41
rect:197 125 34 21 41
rect:157 172 36 30 41
rect:390 254 36 50 41
rect:461 240 29 49 41
rect:228 261 46 34 41
rect:530 204 29 35 41
rect:324 113 19 24 41
rect:601 181 35 42 42
SikkimIndia2001_01.jpg 0x0
rect:280 186 126 91 34
SikkimIndia2001_02.jpg 0x0
rect:-19 2 286 88 33
rect:8 7 229 91 16
rect:308 131 148 214 33
rect:576 260 67 14 16
rect:148 75 217 473 33
rect:204 251 58 48 16
rect:537 124 113 45 16
rect:9 138 43 40 54
SikkimIndia2001_03.jpg 0x0
rect:197 121 77 165 69
rect:200 187 63 137 70
rect:188 14 230 363 98
SikkimIndia2001_04.jpg 0x0
rect:207 143 101 167 34
rect:272 253 289 93 99
rect:3 22 179 216 99
SumatraInd2009_01.jpg 0x0
rect:268 18 69 337 81
SumatraInd2009_02.jpg 0x0
rect:204 62 137 181 41
WhittierNarrows1987_01.jpg 0x0
rect:18 27 937 426 10
WhittierNarrows1987_02.jpg 0x0
rect:158 277 121 261 41
WhittierNarrows1987_03.jpg 0x0
rect:243 167 111 283 32
WhittierNarrows1987_04.jpg 0x0
rect:222 9 299 56 6
rect:155 72 93 244 41
rect:282 14 217 100 100
YogyakartaInd2006_01.jpg 0x0
rect:134 -21 332 541 29
rect:185 34 273 289 32
rect:204 178 343 77 49
YogyakartaInd2006_02.jpg 0x0
rect:407 128 64 225 69
rect:258 108 78 225 70
rect:288 48 145 414 98
