Anchorage1964_01.jpg 0x0
rect:77 280 259 301 1
rect:82 8 235 230 1
Anchorage1964_02.jpg 0x0
rect:507 323 18 75 3
rect:159 130 79 48 7
rect:67 262 26 17 6
rect:62 27 61 13 6
rect:612 309 18 50 3
rect:349 242 29 45 3
rect:41 26 188 50 5
rect:577 334 12 45 3
rect:575 302 25 65 3
rect:228 198 26 82 3
rect:283 269 20 86 3
rect:271 53 63 84 4
rect:135 155 54 16 6
rect:281 30 231 96 4
rect:225 229 406 68 2
rect:525 83 123 77 8
rect:546 260 75 76 4
rect:288 240 29 43 3
rect:31 272 168 44 5
Anchorage1964_03.jpg 0x0
rect:2 201 287 87 9
rect:0 210 739 88 10
rect:213 103 306 189 9
Anchorage1964_04.jpg 0x0
rect:377 144 41 25 5
rect:115 66 31 14 5
rect:264 248 28 20 5
rect:138 219 29 19 5
rect:116 132 21 13 5
rect:312 244 12 24 1
rect:153 190 32 20 5
rect:264 235 19 24 1
rect:329 254 20 31 1
rect:349 253 32 20 5
rect:326 333 18 20 1
rect:326 87 22 19 5
rect:219 247 13 19 1
rect:334 116 13 28 1
rect:221 264 24 31 8
rect:275 133 24 20 5
rect:313 321 27 21 5
rect:352 265 18 29 1
rect:206 61 41 10 5
rect:177 349 44 14 5
rect:249 184 39 20 5
rect:203 342 46 23 5
rect:445 320 30 20 5
rect:162 311 31 15 5
rect:395 65 30 17 5
rect:199 491 26 31 1
rect:253 181 23 23 1
rect:431 323 29 21 5
rect:113 344 34 15 5
rect:436 291 26 17 5
rect:200 317 64 15 2
rect:354 380 38 19 5
rect:190 223 25 19 5
rect:375 411 15 22 1
rect:149 21 36 13 5
rect:376 27 22 21 5
rect:197 132 33 16 5
rect:268 101 19 31 1
rect:297 343 6 1 1
Anchorage1964_05.jpg 0x0
rect:139 189 132 57 6
rect:652 157 49 50 1
rect:77 102 13 36 1
rect:441 30 31 53 1
rect:74 81 24 32 1
rect:394 334 56 49 1
rect:77 379 27 45 1
rect:54 264 20 61 1
rect:410 1 32 71 1
rect:29 357 29 61 1
rect:328 360 49 56 8
rect:717 397 73 34 5
rect:398 74 38 59 1
rect:386 246 137 90 2
rect:318 92 52 65 1
rect:257 31 101 55 6
rect:780 274 56 22 6
rect:303 155 27 26 11
rect:506 149 28 40 1
rect:293 209 56 31 11
rect:391 349 43 69 8
rect:106 219 18 54 1
rect:125 20 26 30 1
rect:164 184 104 17 5
rect:749 171 76 44 5
rect:72 103 14 47 1
rect:155 37 103 36 5
rect:743 451 58 19 6
rect:64 287 19 43 1
Anchorage1964_06.jpg 0x0
rect:126 101 281 383 12
rect:183 201 93 104 11
rect:180 137 94 270 3
Anchorage1964_07.jpg 0x0
rect:285 2 144 74 2
rect:415 351 367 280 2
rect:13 293 326 29 11
rect:7 393 500 39 14
rect:269 89 133 119 11
rect:380 207 91 80 11
rect:256 150 50 140 3
rect:331 190 55 138 13
rect:8 78 795 342 2
Anchorage1964_08.jpg 0x0
rect:317 36 96 108 1
rect:440 241 106 112 1
rect:408 659 105 132 1
rect:54 524 90 167 1
rect:47 378 76 109 1
rect:46 82 128 103 1
Anchorage1964_09.jpg 0x0
rect:474 87 100 23 15
rect:18 97 26 11 16
rect:153 181 207 14 15
rect:123 42 52 99 8
rect:766 13 82 12 16
rect:504 144 62 54 1
rect:10 15 431 13 15
rect:636 191 69 78 8
rect:110 158 75 83 1
rect:40 179 64 12 16
rect:101 300 66 81 8
rect:418 125 78 85 1
rect:527 7 345 10 15
rect:691 24 102 66 8
rect:16 21 46 16 16
rect:817 177 1 1 16
rect:448 94 98 13 15
rect:13 167 67 15 15
rect:353 163 70 48 1
Anchorage1964_10.jpg 0x0
rect:98 295 247 115 18
rect:69 164 427 342 1
rect:241 205 74 124 17
rect:189 220 157 87 18
Anchorage1964_11.jpg 0x0
rect:54 632 472 14 14
rect:135 183 468 103 2
rect:231 187 264 21 15
rect:176 78 116 89 4
rect:518 137 125 108 1
rect:552 6 92 47 1
rect:326 194 353 34 11
rect:69 527 585 20 14
Anchorage1964_12.jpg 0x0
rect:442 90 185 187 11
rect:309 85 54 152 3
rect:10 88 414 364 2
rect:280 70 51 224 3
rect:177 205 27 134 3
Anchorage1964_13.jpg 0x0
rect:286 370 132 12 19
rect:314 493 157 28 2
rect:613 498 31 135 20
Anchorage1964_14.jpg 0x0
rect:351 7 85 131 11
rect:44 483 54 50 22
rect:236 284 160 69 15
rect:91 556 52 79 22
rect:327 11 74 199 11
rect:8 613 187 59 11
rect:267 16 75 545 20
rect:142 221 49 89 21
rect:15 447 22 78 22
rect:354 633 220 100 23
rect:134 710 36 63 22
rect:88 337 157 25 15
Anchorage1964_15.jpg 0x0
rect:186 9 101 78 4
rect:188 356 225 78 2
rect:304 10 106 56 4
rect:419 234 114 53 11
rect:278 207 77 40 24
rect:170 87 50 549 20
rect:199 298 194 48 15
rect:197 100 49 105 25
rect:164 158 42 68 11
Anchorage1964_16.jpg 0x0
rect:257 75 312 172 2
rect:18 138 161 166 2
rect:67 257 72 128 11
rect:436 271 119 152 2
rect:196 154 346 172 11
rect:15 423 65 101 2
Anchorage1964_17.jpg 0x0
rect:12 133 203 124 9
rect:215 59 280 202 9
rect:7 191 605 149 10
Anchorage1964_18.jpg 0x0
rect:665 257 35 21 2
rect:177 240 69 103 4
rect:669 211 60 14 2
rect:399 267 350 30 15
rect:384 355 79 23 2
rect:158 260 19 39 11
rect:333 129 90 68 4
rect:97 246 101 52 11
rect:524 145 122 117 4
rect:290 342 35 54 11
Anchorage1964_19.jpg 0x0
rect:293 186 22 45 26
rect:911 153 8 7 26
rect:298 119 48 70 29
rect:344 88 61 177 29
rect:560 129 7 13 26
rect:540 150 44 39 28
rect:285 104 56 44 26
rect:344 286 47 70 26
rect:23 287 29 100 27
rect:538 119 16 47 29
rect:6 191 62 135 26
rect:381 260 18 26 26
rect:573 204 8 13 26
rect:348 108 14 28 26
rect:601 204 45 25 28
rect:366 246 8 22 26
rect:429 138 33 21 26
rect:387 76 29 29 27
Anchorage1964_20.jpg 0x0
rect:171 70 70 61 27
rect:512 357 42 59 26
rect:157 424 57 142 26
rect:172 58 152 147 29
rect:154 109 98 48 26
Anchorage1964_21.jpg 0x0
rect:-6 50 114 122 29
rect:2 100 46 37 26
rect:131 139 663 188 30
rect:39 208 25 24 26
Bingol2003_01.jpg 0x0
rect:29 311 82 46 33
rect:632 325 109 82 33
rect:880 182 107 63 33
rect:368 255 55 174 32
rect:194 97 66 32 6
rect:805 97 122 78 6
rect:270 436 109 74 6
rect:360 180 100 71 33
rect:2 428 1146 216 10
rect:472 88 85 83 6
rect:534 286 202 172 31
rect:445 450 227 82 6
rect:141 205 68 95 33
rect:698 254 49 64 6
rect:679 105 127 151 31
rect:337 350 44 42 34
rect:589 455 76 48 33
rect:358 180 36 120 34
rect:608 361 93 46 6
Bingol2003_02.jpg 0x0
rect:118 105 411 208 34
rect:218 309 97 282 32
rect:568 209 486 174 35
rect:991 66 130 85 36
rect:346 446 84 125 26
rect:159 647 136 182 32
rect:384 389 108 92 6
rect:204 187 520 351 31
Bingol2003_03.jpg 0x0
rect:478 283 308 603 4
rect:621 262 273 52 11
rect:641 478 262 275 2
rect:637 -9 257 278 4
rect:424 119 444 140 2
rect:110 58 114 107 33
rect:124 26 189 35 2
Bingol2003_04.jpg 0x0
rect:60 609 102 61 2
rect:287 291 38 137 3
rect:222 624 36 74 3
rect:102 621 24 94 3
rect:142 538 31 60 3
rect:114 346 196 129 2
rect:370 657 141 73 2
rect:265 288 178 174 4
CanterburyNZSeries2010_01.jpg 0x0
rect:119 145 101 209 12
CanterburyNZSeries2010_02.jpg 0x0
rect:40 53 170 259 6
rect:45 9 149 312 37
CanterburyNZSeries2010_03.jpg 0x0
rect:59 96 349 155 38
CanterburyNZSeries2010_04.jpg 0x0
rect:288 460 26 34 40
rect:233 495 70 244 41
rect:231 292 178 420 39
rect:276 324 35 61 40
rect:357 453 39 158 40
rect:224 11 94 163 42
rect:267 442 15 63 40
rect:183 414 30 148 40
CanterburyNZSeries2010_05.jpg 0x0
rect:406 402 149 437 4
rect:326 152 135 124 15
CanterburyNZSeries2010_06.jpg 0x0
rect:57 133 795 401 4
rect:181 185 278 140 2
CanterburyNZSeries2010_08.jpg 0x0
rect:653 133 184 260 43
rect:907 444 106 113 44
rect:615 702 54 166 44
rect:734 454 35 207 32
CanterburyNZSeries2010_09.jpg 0x0
rect:326 230 205 429 39
rect:242 160 188 211 45
CanterburyNZSeries2010_10.jpg 0x0
rect:252 234 192 107 7
rect:327 242 248 81 46
rect:307 564 304 88 6
rect:162 281 284 270 6
CanterburyNZSeries2010_11.jpg 0x0
rect:298 369 213 146 5
rect:361 173 392 122 7
CanterburyNZSeries2010_12.jpg 0x0
rect:144 688 146 62 11
rect:48 228 937 331 2
rect:4 341 791 303 47
rect:558 319 206 46 11
CanterburyNZSeries2010_13.jpg 0x0
rect:195 17 446 888 12
rect:321 169 123 551 11
Caracas1967_01.jpg 0x0
rect:254 137 13 50 48
rect:289 149 32 107 48
rect:253 199 87 97 48
rect:437 92 134 179 48
Caracas1967_02.jpg 0x0
rect:168 495 33 55 49
rect:213 1 105 189 15
rect:91 305 29 42 50
rect:197 193 148 307 51
Caracas1967_03.jpg 0x0
rect:361 371 58 87 26
rect:308 386 133 202 34
rect:210 285 40 81 27
rect:394 240 30 129 27
rect:214 54 78 75 14
rect:15 361 209 94 6
Caracas1967_04.jpg 0x0
rect:156 347 22 87 27
rect:140 408 61 106 26
rect:131 351 120 179 34
Caracas1967_05.jpg 0x0
rect:245 197 169 166 52
rect:380 282 33 191 40
rect:203 263 66 198 40
rect:34 111 298 746 48
rect:184 437 44 272 40
rect:49 345 266 142 52
rect:197 424 39 160 40
rect:34 134 236 353 41
rect:43 338 61 346 40
rect:283 185 53 203 40
Caracas1967_06.jpg 0x0
rect:396 372 89 52 6
rect:291 96 241 314 7
Caracas1967_07.jpg 0x0
rect:447 212 118 139 53
rect:244 154 122 275 34
rect:285 136 58 190 27
rect:478 377 115 96 53
rect:452 197 99 345 34
rect:420 52 34 209 27
rect:392 10 78 345 34
Caracas1967_08.jpg 0x0
rect:399 217 101 172 54
rect:243 231 91 119 55
rect:169 231 85 97 54
Caracas1967_09.jpg 0x0
rect:401 12 272 118 48
rect:22 285 55 70 48
rect:65 219 78 78 48
rect:167 112 97 93 48
Caracas1967_10.jpg 0x0
rect:23 151 420 485 48
rect:211 157 75 129 40
rect:53 241 301 429 41
rect:441 360 57 161 40
Caracas1967_11.jpg 0x0
rect:67 12 455 609 48
rect:383 16 218 291 41
rect:76 300 230 639 41
Caracas1967_12.jpg 0x0
rect:492 306 41 38 34
rect:306 226 30 53 56
rect:677 308 23 61 32
rect:513 301 23 49 32
Caracas1967_13.jpg 0x0
rect:157 440 173 207 55
Caracas1967_14.jpg 0x0
rect:141 326 267 31 6
rect:132 116 469 264 57
Chichi1999_01.jpg 0x0
rect:280 191 58 171 42
rect:4 8 896 218 58
Chichi1999_02.jpg 0x0
rect:7 124 395 176 58
rect:347 113 184 298 59
Chichi1999_03.jpg 0x0
rect:0 203 994 131 58
rect:98 163 77 115 60
Chichi1999_04.jpg 0x0
rect:200 243 23 44 52
rect:287 -18 53 110 48
rect:165 148 53 371 48
Chichi1999_05.jpg 0x0
rect:365 160 57 45 41
rect:312 111 98 166 48
rect:350 190 32 42 41
rect:403 242 43 71 52
Chichi1999_06.jpg 0x0
rect:601 -14 105 54 61
rect:540 153 34 58 41
rect:300 160 21 23 52
rect:273 160 42 61 62
rect:214 15 636 147 10
rect:239 265 60 78 48
Chichi1999_07.jpg 0x0
rect:614 274 52 109 48
rect:517 182 15 28 64
rect:61 281 693 114 63
rect:453 195 34 43 64
rect:301 165 53 99 48
rect:146 222 47 177 48
rect:223 156 20 34 64
Chichi1999_08.jpg 0x0
rect:82 13 532 526 10
Chichi1999_09.jpg 0x0
rect:276 110 36 77 40
rect:247 77 143 115 41
rect:239 85 146 131 48
rect:252 121 51 100 40
Chichi1999_10.jpg 0x0
rect:179 16 747 582 10
Chichi1999_11.jpg 0x0
rect:172 233 125 95 65
rect:2 121 186 447 10
Chichi1999_12.jpg 0x0
rect:9 32 508 654 66
Chichi1999_13.jpg 0x0
rect:38 44 856 374 10
Chichi1999_14.jpg 0x0
rect:194 342 39 55 67
rect:148 242 30 48 67
rect:106 152 59 40 67
rect:258 383 36 65 67
rect:299 539 28 25 39
rect:392 570 76 72 67
rect:450 565 37 67 67
rect:371 375 28 33 39
rect:91 360 63 51 67
rect:195 549 36 55 67
rect:364 254 26 54 39
rect:120 290 70 36 67
rect:287 432 28 23 39
rect:171 212 15 53 67
rect:54 493 54 35 67
rect:175 544 23 51 67
rect:120 435 40 54 67
Chichi1999_15.jpg 0x0
rect:286 27 288 352 41
Chichi1999_16.jpg 0x0
rect:181 101 83 161 32
Chichi1999_17.jpg 0x0
rect:133 415 18 39 32
Chichi1999_18.jpg 0x0
rect:116 236 190 312 68
rect:323 233 34 154 69
rect:196 244 37 113 70
rect:204 280 20 94 69
rect:172 286 34 153 69
rect:186 263 27 118 69
Chichi1999_19.jpg 0x0
rect:289 107 231 370 3
rect:271 26 354 419 2
YogyakartaInd2006_03.jpg 0x0
rect:184 186 55 26 15
rect:208 140 17 6 16
rect:233 458 42 34 16
rect:311 25 124 2 15
rect:186 336 156 37 15
rect:259 280 292 175 71
rect:375 77 153 74 15
rect:389 70 76 50 16
Chichi1999_20.jpg 0x0
rect:239 335 44 183 41
rect:186 273 142 293 42
Chichi1999_21.jpg 0x0
rect:151 380 128 120 37
rect:506 94 135 139 6
rect:347 8 97 103 57
rect:65 461 188 113 5
rect:268 275 81 144 6
rect:155 131 295 350 72
rect:299 29 210 212 37
rect:18 4 248 156 30
Chichi1999_22.jpg 0x0
rect:233 176 22 26 73
rect:461 280 16 26 73
rect:228 142 334 134 10
rect:279 299 11 24 73
Chichi1999_23.jpg 0x0
rect:167 184 76 58 73
rect:266 227 19 24 26
rect:136 370 51 76 73
rect:278 209 30 25 27
rect:4 50 481 142 74
rect:245 137 47 72 73
rect:359 389 29 95 34
rect:146 153 27 34 34
rect:116 388 31 92 34
rect:276 320 78 88 73
Chichi1999_24.jpg 0x0
rect:3 282 399 194 74
rect:257 218 32 49 46
rect:143 238 93 49 34
rect:378 451 1 2 46
rect:183 192 163 80 75
Chichi1999_25.jpg 0x0
rect:155 225 150 155 34
rect:204 404 54 66 26
rect:163 238 217 308 73
Chichi1999_26.jpg 0x0
rect:174 139 50 76 73
rect:110 571 89 73 26
rect:197 234 84 364 76
rect:104 640 141 136 27
rect:127 594 174 145 73
rect:320 17 57 39 73
Chichi1999_27.jpg 0x0
rect:185 222 75 270 32
Chichi1999_28.jpg 0x0
rect:308 160 134 153 75
rect:136 118 119 287 5
rect:23 48 369 107 6
rect:194 198 163 103 77
Chichi1999_29.jpg 0x0
rect:193 171 59 218 52
rect:268 230 78 161 40
rect:150 207 256 311 48
Chichi1999_30.jpg 0x0
rect:231 150 249 61 52
rect:177 93 277 227 40
rect:30 205 111 205 73
rect:203 154 246 74 78
Chichi1999_31.jpg 0x0
rect:400 127 56 200 48
rect:169 90 107 279 79
Chichi1999_32.jpg 0x0
rect:419 105 61 259 39
rect:158 236 42 188 81
rect:204 57 53 176 81
rect:211 8 111 299 80
Chichi1999_33.jpg 0x0
rect:171 89 120 266 32
rect:221 117 69 198 56
rect:291 146 39 85 49
rect:76 76 164 540 33
rect:118 128 56 127 49
rect:115 127 90 213 32
Chichi1999_34.jpg 0x0
rect:128 110 491 440 10
Duzce1999_01.jpg 0x0
rect:98 52 76 370 39
rect:156 122 82 159 41
Duzce1999_02.jpg 0x0
rect:105 54 169 315 41
Duzce1999_03.jpg 0x0
rect:85 116 138 321 42
rect:0 234 76 174 31
rect:243 95 66 251 31
Gediz1970_01.jpg 0x0
rect:158 97 185 665 68
rect:94 294 79 311 69
rect:229 534 84 164 69
Guatemala1976_01.jpg 0x0
rect:48 164 60 41 41
rect:35 155 73 152 48
rect:62 236 67 39 52
rect:643 121 58 83 41
rect:17 98 756 188 82
rect:334 127 191 170 48
Guatemala1976_02.jpg 0x0
rect:333 47 107 69 40
rect:181 83 325 200 48
Guatemala1976_03.jpg 0x0
rect:17 73 504 309 75
Guatemala1976_04.jpg 0x0
rect:492 217 117 307 4
rect:43 59 353 299 30
rect:132 24 330 53 30
rect:441 198 119 331 4
Guatemala1976_05.jpg 0x0
rect:177 83 471 450 48
rect:255 208 241 146 41
rect:134 150 377 150 40
Guatemala1976_06.jpg 0x0
rect:104 124 157 313 39
Guatemala1976_07.jpg 0x0
rect:23 261 75 43 6
rect:223 449 109 70 83
rect:20 312 555 320 10
Guatemala1976_08.jpg 0x0
rect:391 73 181 235 40
rect:185 36 323 492 48
rect:130 74 340 447 41
Guatemala1976_09.jpg 0x0
rect:121 354 31 24 85
rect:79 314 24 22 84
rect:823 371 74 46 85
rect:196 213 58 50 85
rect:601 422 65 80 84
rect:315 336 53 29 85
rect:144 241 49 23 84
rect:264 302 55 50 84
Guatemala1976_10.jpg 0x0
rect:191 97 289 164 87
rect:287 274 30 134 87
rect:191 188 233 264 86
Guatemala1976_11.jpg 0x0
rect:163 246 134 266 34
GujaratIndia2001_01.jpg 0x0
rect:241 422 45 50 11
rect:71 489 60 42 2
rect:30 296 154 122 4
rect:142 320 196 107 2
Haiti2010_01.jpg 0x0
rect:180 44 138 112 7
rect:229 171 236 370 41
rect:420 432 183 235 4
rect:272 293 21 136 40
rect:658 305 138 112 4
Haiti2010_02.jpg 0x0
rect:309 32 210 60 14
rect:43 123 388 227 88
Haiti2010_03.jpg 0x0
rect:248 1 82 471 32
rect:318 506 58 69 49
rect:309 630 307 247 89
rect:165 264 174 262 32
Haiti2010_04.jpg 0x0
rect:2 199 276 138 6
rect:258 36 179 214 34
rect:199 322 336 577 41
Haiti2010_05.jpg 0x0
rect:345 333 26 110 40
rect:311 188 27 67 40
rect:343 194 199 130 52
rect:214 128 198 453 90
Haiti2010_06.jpg 0x0
rect:359 133 64 90 34
rect:361 222 76 48 6
rect:163 216 40 42 34
rect:245 279 281 470 91
rect:391 214 519 870 91
rect:523 175 50 284 32
rect:498 196 193 412 33
ImperialValley1979_01.jpg 0x0
rect:360 233 35 52 50
rect:343 220 55 42 32
rect:456 416 40 21 49
rect:49 245 89 137 50
rect:455 292 31 48 50
rect:11 251 150 174 32
rect:630 285 30 42 32
rect:347 337 74 53 32
rect:16 369 71 73 49
rect:405 348 22 17 49
rect:503 336 28 19 49
ImperialValley1979_02.jpg 0x0
rect:443 117 76 166 50
rect:313 199 43 186 50
rect:226 217 152 44 49
rect:153 115 79 195 50
rect:181 138 394 72 92
rect:197 89 234 240 32
ImperialValley1979_03.jpg 0x0
rect:125 257 234 184 32
rect:182 210 204 101 32
rect:90 247 90 233 50
rect:138 524 271 43 92
rect:227 379 90 101 50
rect:330 270 64 160 50
rect:76 262 203 30 92
Izmit1999_01.jpg 0x0
rect:255 122 57 126 27
rect:214 122 54 153 27
rect:143 73 388 257 34
rect:346 243 59 85 26
rect:275 224 35 99 27
Izmit1999_02.jpg 0x0
rect:28 107 496 352 10
Izmit1999_03.jpg 0x0
rect:164 255 468 30 92
rect:164 45 239 324 32
rect:298 104 36 167 50
rect:500 111 38 217 50
rect:181 90 80 302 50
rect:367 119 43 174 50
rect:148 45 365 468 93
rect:560 73 39 217 50
Izmit1999_04.jpg 0x0
rect:268 76 60 69 48
rect:418 71 62 71 41
rect:46 394 46 118 42
rect:414 345 79 63 41
rect:96 673 208 123 88
rect:344 308 17 79 40
rect:48 419 77 54 34
rect:324 390 27 56 40
rect:109 233 138 53 88
rect:79 486 59 110 41
Izmit1999_05.jpg 0x0
rect:121 29 779 548 10
Izmit1999_06.jpg 0x0
rect:105 190 227 527 32
rect:256 299 45 207 50
rect:155 291 193 61 49
rect:90 301 62 242 50
rect:207 305 34 157 50
rect:162 213 81 239 50
Izmit1999_07.jpg 0x0
rect:384 79 99 61 6
rect:317 219 38 134 3
rect:29 119 370 807 2
rect:363 140 83 98 3
rect:172 256 34 127 3
rect:269 389 93 296 4
rect:190 217 66 100 3
Izmit1999_08.jpg 0x0
rect:696 80 85 89 41
rect:509 7 130 77 45
rect:209 211 183 131 88
rect:194 27 98 97 34
rect:188 146 77 70 41
rect:629 75 40 27 52
rect:176 441 107 71 45
Izmit1999_09.jpg 0x0
rect:39 179 45 68 41
rect:226 213 41 26 41
rect:669 319 48 82 41
rect:276 169 138 70 94
rect:340 325 90 90 41
rect:714 249 55 96 94
Izmit1999_10.jpg 0x0
rect:99 307 349 50 78
rect:142 237 113 281 40
rect:60 263 447 53 78
rect:300 377 60 100 40
rect:112 125 290 580 41
rect:230 388 69 116 40
rect:209 744 78 29 78
rect:136 371 126 44 78
rect:322 140 168 163 40
rect:240 114 74 135 40
rect:74 139 62 204 40
Izmit1999_11.jpg 0x0
rect:232 249 81 203 40
rect:374 322 55 214 40
rect:131 287 79 163 40
rect:140 193 152 168 41
rect:255 551 123 103 41
Izmit1999_12.jpg 0x0
rect:1 280 30 42 41
rect:68 296 29 50 40
rect:48 322 83 80 94
rect:422 201 140 223 91
rect:451 137 52 73 45
rect:366 27 71 75 34
rect:262 205 56 21 6
rect:554 171 55 70 41
rect:78 60 29 20 6
rect:272 188 124 111 94
rect:531 109 50 88 41
rect:298 134 68 38 7
rect:290 333 56 100 52
rect:430 147 57 141 42
rect:13 87 37 27 6
rect:72 207 42 85 52
rect:130 235 64 44 88
rect:399 348 72 95 41
Izmit1999_13.jpg 0x0
rect:135 102 50 42 6
rect:124 331 50 64 52
rect:6 85 120 146 42
rect:277 103 222 284 48
rect:145 283 29 73 41
rect:181 160 114 134 94
rect:218 95 50 124 41
rect:357 133 86 240 41
rect:96 321 33 116 41
Izmit1999_14.jpg 0x0
rect:400 452 36 17 34
rect:527 255 61 54 34
rect:476 148 64 96 35
rect:535 54 110 94 34
rect:348 451 37 41 34
rect:45 198 120 75 34
rect:338 37 60 77 95
rect:607 268 54 42 34
rect:504 6 115 86 35
Izmit1999_15.jpg 0x0
rect:115 222 227 475 42
Izmit1999_16.jpg 0x0
rect:180 77 28 87 40
rect:111 65 403 323 33
rect:157 53 178 226 39
rect:161 120 127 155 41
Izmit1999_17.jpg 0x0
rect:113 100 239 335 41
Izmit1999_18.jpg 0x0
rect:218 215 169 168 41
rect:198 104 193 255 39
Izmit1999_19.jpg 0x0
rect:465 209 19 90 50
rect:240 109 307 317 96
rect:379 196 28 116 50
rect:284 153 288 164 32
Kobe1995_01.jpg 0x0
rect:33 160 837 131 63
Kobe1995_02.jpg 0x0
rect:2 52 624 756 68
Kobe1995_03.jpg 0x0
rect:30 45 500 771 10
Kobe1995_04.jpg 0x0
rect:248 399 49 36 41
Kobe1995_05.jpg 0x0
rect:116 532 218 151 78
rect:35 263 383 84 78
rect:429 125 118 435 40
rect:97 168 259 535 52
rect:4 166 175 637 40
Kobe1995_06.jpg 0x0
rect:56 148 347 593 41
rect:150 481 338 298 42
Kobe1995_07.jpg 0x0
rect:56 325 51 36 39
rect:32 349 36 19 39
rect:488 464 42 38 39
rect:308 333 27 21 39
rect:179 313 26 33 39
rect:191 266 30 47 39
rect:292 335 33 37 39
rect:238 234 32 34 39
rect:153 249 34 47 39
rect:387 430 52 30 39
rect:160 132 36 34 39
rect:553 427 27 34 39
rect:424 149 35 33 39
rect:164 312 30 32 39
rect:102 326 25 41 39
rect:274 270 31 33 39
rect:297 258 35 37 39
rect:434 320 29 48 39
rect:131 254 35 29 39
rect:454 150 35 24 39
rect:294 208 42 54 39
rect:185 143 31 43 39
rect:189 509 46 37 39
rect:312 144 20 33 39
rect:234 236 22 45 39
rect:548 238 45 35 39
Kobe1995_08.jpg 0x0
rect:261 40 510 171 97
Kobe1995_09.jpg 0x0
rect:115 545 58 56 88
rect:184 390 219 95 97
rect:66 615 78 114 88
rect:120 519 54 73 88
SanSalvador_1986_01.jpg 0x0
rect:241 179 148 197 41
rect:67 3 131 311 68
SanSalvador_1986_02.jpg 0x0
rect:188 211 29 44 41
rect:613 150 40 44 41
rect:411 116 18 28 41
rect:545 235 41 51 42
rect:375 337 29 41 41
rect:195 185 31 28 41
rect:307 170 41 39 41
rect:625 183 41 51 41
rect:188 251 22 27 41
SikkimIndia2001_01.jpg 0x0
rect:179 198 136 100 34
SikkimIndia2001_02.jpg 0x0
rect:555 82 104 28 16
rect:10 5 405 66 16
rect:448 229 99 13 16
rect:294 284 87 57 16
rect:9 110 68 38 54
rect:316 83 127 142 33
rect:160 98 206 292 33
rect:-13 2 472 91 33
SikkimIndia2001_03.jpg 0x0
rect:206 208 93 174 70
rect:271 13 162 601 98
rect:248 101 53 190 69
SikkimIndia2001_04.jpg 0x0
rect:3 35 235 221 99
rect:338 170 150 206 34
rect:415 132 353 91 99
SumatraInd2009_01.jpg 0x0
rect:265 30 49 346 81
SumatraInd2009_02.jpg 0x0
rect:264 66 218 161 41
WhittierNarrows1987_01.jpg 0x0
rect:12 23 719 371 10
WhittierNarrows1987_02.jpg 0x0
rect:162 278 118 316 41
WhittierNarrows1987_03.jpg 0x0
rect:317 171 105 285 32
WhittierNarrows1987_04.jpg 0x0
rect:258 8 386 59 6
rect:177 44 87 221 41
rect:284 14 229 170 100
YogyakartaInd2006_01.jpg 0x0
rect:197 45 412 224 32
rect:322 153 257 76 49
rect:186 -17 523 391 29
YogyakartaInd2006_02.jpg 0x0
rect:288 137 84 171 70
rect:446 116 67 166 69
rect:455 54 141 320 98
