Anchorage1964_01.jpg 0x0
rect:93 372 171 253 1
rect:122 7 146 222 1
Anchorage1964_02.jpg 0x0
rect:634 69 88 146 8
rect:143 118 97 70 7
rect:211 212 399 129 2
rect:173 44 233 69 4
rect:180 55 65 55 4
rect:34 180 194 58 5
rect:92 256 22 19 6
rect:488 331 33 79 3
rect:303 276 32 77 3
rect:264 186 18 88 3
rect:96 38 91 19 6
rect:513 231 15 58 3
rect:395 353 24 65 3
rect:131 241 40 12 6
rect:181 306 30 70 3
rect:391 172 92 74 4
rect:627 199 19 58 3
rect:33 28 174 58 5
rect:471 352 18 74 3
Anchorage1964_03.jpg 0x0
rect:2 251 269 100 9
rect:296 110 488 176 9
rect:0 218 796 48 10
Anchorage1964_04.jpg 0x0
rect:311 278 8 1 1
rect:265 281 31 15 5
rect:320 341 12 35 1
rect:446 215 34 25 5
rect:295 83 24 30 1
rect:189 128 16 29 1
rect:298 306 17 30 8
rect:215 222 30 16 5
rect:355 133 39 12 5
rect:378 525 21 21 1
rect:422 84 33 13 5
rect:182 108 36 22 5
rect:301 389 26 25 1
rect:194 347 32 15 5
rect:437 328 35 18 5
rect:285 294 31 15 5
rect:376 148 22 14 5
rect:124 58 42 12 5
rect:413 334 25 23 5
rect:189 219 14 22 1
rect:244 408 46 17 2
rect:193 262 15 21 1
rect:221 252 35 24 5
rect:329 277 16 30 1
rect:145 154 32 19 5
rect:330 211 15 30 1
rect:360 300 29 20 5
rect:185 386 41 18 5
rect:199 113 36 12 5
rect:131 591 37 26 5
rect:249 380 36 19 5
rect:264 232 38 19 5
rect:275 286 27 32 1
rect:409 89 31 23 5
rect:321 27 41 14 5
rect:176 485 30 16 5
rect:267 222 17 33 1
rect:115 218 21 20 5
rect:142 25 22 16 5
Anchorage1964_05.jpg 0x0
rect:493 201 45 78 1
rect:306 214 44 67 1
rect:109 170 20 39 1
rect:87 261 26 58 1
rect:283 1 52 47 1
rect:447 22 28 56 1
rect:501 186 58 33 5
rect:365 189 39 87 8
rect:204 132 134 43 6
rect:211 61 70 40 5
rect:849 304 48 11 6
rect:76 76 26 58 1
rect:566 243 46 21 6
rect:80 132 12 54 1
rect:96 34 24 41 1
rect:758 347 59 42 5
rect:75 120 19 37 1
rect:577 125 39 43 1
rect:70 198 29 30 1
rect:449 79 53 67 1
rect:425 458 52 69 8
rect:24 532 23 43 1
rect:253 40 126 41 6
rect:239 168 146 71 2
rect:382 213 50 24 11
rect:177 109 133 17 5
rect:287 194 23 23 11
rect:345 249 44 72 1
rect:35 231 28 52 1
Anchorage1964_06.jpg 0x0
rect:98 59 286 392 12
rect:114 130 110 229 3
rect:157 197 78 60 11
Anchorage1964_07.jpg 0x0
rect:325 227 308 171 2
rect:175 2 111 62 2
rect:16 294 355 40 11
rect:202 122 186 146 11
rect:339 131 39 102 13
rect:6 335 368 25 14
rect:294 222 95 90 11
rect:8 67 776 472 2
rect:261 106 46 124 3
Anchorage1964_08.jpg 0x0
rect:331 221 92 137 1
rect:63 311 118 93 1
rect:415 26 79 76 1
rect:449 485 149 131 1
rect:56 97 90 81 1
rect:45 678 105 127 1
Anchorage1964_09.jpg 0x0
rect:126 136 82 71 1
rect:116 255 50 54 8
rect:632 145 162 21 15
rect:353 188 84 85 1
rect:70 100 50 10 16
rect:357 7 317 13 15
rect:10 18 312 19 15
rect:666 26 101 72 8
rect:536 86 115 25 15
rect:550 177 102 59 1
rect:787 8 94 13 16
rect:602 368 58 93 8
rect:69 36 81 62 8
rect:14 190 17 11 16
rect:12 151 105 24 15
rect:602 182 1 1 16
rect:13 21 64 10 16
rect:200 156 201 13 15
rect:273 120 73 55 1
Anchorage1964_10.jpg 0x0
rect:72 260 330 355 1
rect:170 199 69 83 17
rect:66 414 378 103 18
rect:147 179 194 100 18
Anchorage1964_11.jpg 0x0
rect:163 57 171 130 4
rect:77 226 432 54 2
rect:640 141 138 76 1
rect:412 7 119 46 1
rect:88 649 771 15 14
rect:192 139 368 26 15
rect:80 396 509 15 14
rect:300 236 231 24 11
Anchorage1964_12.jpg 0x0
rect:550 78 50 194 3
rect:354 93 63 256 3
rect:485 75 151 120 11
rect:158 216 24 131 3
rect:12 68 547 297 2
Anchorage1964_13.jpg 0x0
rect:330 479 208 26 2
rect:480 661 106 10 19
rect:442 369 38 128 20
Anchorage1964_14.jpg 0x0
rect:188 466 45 53 22
rect:44 487 53 81 22
rect:446 294 168 59 15
rect:19 436 32 68 22
rect:294 15 84 271 11
rect:89 250 177 44 15
rect:150 9 95 767 20
rect:118 529 28 77 22
rect:206 359 88 102 21
rect:250 747 137 67 23
rect:10 592 160 89 11
rect:511 6 90 171 11
Anchorage1964_15.jpg 0x0
rect:483 242 122 29 24
rect:503 10 120 49 4
rect:189 343 294 58 2
rect:173 102 40 72 11
rect:250 226 193 51 15
rect:261 140 64 70 25
rect:203 9 76 54 4
rect:425 218 134 50 11
rect:154 67 65 332 20
Anchorage1964_16.jpg 0x0
rect:15 403 85 72 2
rect:246 171 293 186 11
rect:73 254 86 109 11
rect:197 65 343 97 2
rect:610 220 111 156 2
rect:14 91 158 194 2
Anchorage1964_17.jpg 0x0
rect:7 166 525 185 10
rect:9 161 345 95 9
rect:306 40 261 228 9
Anchorage1964_18.jpg 0x0
rect:479 189 122 119 4
rect:374 208 78 76 4
rect:539 391 42 20 2
rect:162 330 21 40 11
rect:327 232 33 41 11
rect:180 219 98 43 11
rect:395 275 442 26 15
rect:306 344 60 23 2
rect:140 181 91 101 4
rect:443 243 72 18 2
Anchorage1964_19.jpg 0x0
rect:491 236 7 15 26
rect:587 237 7 18 26
rect:273 177 14 48 26
rect:29 284 32 85 27
rect:703 144 10 7 26
rect:257 88 49 36 26
rect:237 261 33 76 26
rect:543 232 29 29 28
rect:317 136 34 20 26
rect:427 144 8 18 26
rect:463 109 17 44 26
rect:384 98 20 25 27
rect:304 82 72 176 29
rect:6 227 93 192 26
rect:354 178 41 26 28
rect:458 153 26 41 29
rect:496 245 18 39 26
rect:455 131 31 107 29
Anchorage1964_20.jpg 0x0
rect:171 479 51 101 26
rect:243 91 94 192 29
rect:518 477 50 77 26
rect:222 75 112 62 26
rect:152 107 67 43 27
Anchorage1964_21.jpg 0x0
rect:-5 52 78 137 29
rect:51 263 30 37 26
rect:2 69 35 44 26
rect:207 177 429 136 30
Bingol2003_01.jpg 0x0
rect:456 280 62 70 6
rect:554 103 100 96 6
rect:547 349 102 30 33
rect:252 107 80 25 6
rect:492 471 149 88 6
rect:449 84 145 217 31
rect:695 299 194 118 31
rect:900 247 70 66 33
rect:441 308 83 70 6
rect:597 375 64 165 32
rect:29 238 50 80 33
rect:830 377 81 87 33
rect:118 195 58 89 33
rect:649 81 80 84 6
rect:222 222 102 81 33
rect:547 229 69 43 6
rect:367 300 52 67 34
rect:2 425 640 338 10
rect:555 186 37 90 34
Bingol2003_02.jpg 0x0
rect:138 262 86 491 32
rect:609 406 112 103 26
rect:234 165 654 521 31
rect:115 87 427 167 34
rect:598 69 160 84 36
rect:366 269 536 160 35
rect:139 529 157 240 32
rect:393 264 81 87 6
Bingol2003_03.jpg 0x0
rect:136 60 97 112 33
rect:340 225 413 140 2
rect:611 -8 318 172 4
rect:112 32 209 30 2
rect:816 531 309 261 2
rect:499 164 250 75 11
rect:596 224 267 752 4
Bingol2003_04.jpg 0x0
rect:222 345 113 174 4
rect:191 415 276 140 2
rect:94 724 77 60 2
rect:248 484 37 120 3
rect:87 622 25 80 3
rect:127 637 26 83 3
rect:254 557 146 57 2
rect:158 635 23 59 3
CanterburyNZSeries2010_01.jpg 0x0
rect:100 133 122 214 12
CanterburyNZSeries2010_02.jpg 0x0
rect:47 62 134 255 6
rect:30 9 213 222 37
CanterburyNZSeries2010_03.jpg 0x0
rect:50 59 452 166 38
CanterburyNZSeries2010_04.jpg 0x0
rect:472 299 45 136 40
rect:226 10 82 154 42
rect:232 252 202 456 39
rect:170 573 72 279 41
rect:237 280 29 49 40
rect:304 290 33 114 40
rect:242 478 30 60 40
rect:242 436 16 77 40
CanterburyNZSeries2010_05.jpg 0x0
rect:220 282 138 143 15
rect:299 386 199 270 4
CanterburyNZSeries2010_06.jpg 0x0
rect:263 203 256 103 2
rect:67 142 714 544 4
CanterburyNZSeries2010_08.jpg 0x0
rect:361 132 208 332 43
rect:651 351 25 168 32
rect:503 526 98 94 44
rect:1027 355 81 113 44
CanterburyNZSeries2010_09.jpg 0x0
rect:218 236 123 439 39
rect:295 109 132 175 45
CanterburyNZSeries2010_10.jpg 0x0
rect:232 298 454 219 6
rect:288 387 176 83 46
rect:200 323 287 131 6
rect:307 141 304 108 7
CanterburyNZSeries2010_11.jpg 0x0
rect:329 329 262 228 5
rect:319 186 360 129 7
CanterburyNZSeries2010_12.jpg 0x0
rect:54 412 1002 369 2
rect:6 246 652 336 47
rect:513 568 217 52 11
rect:200 583 150 37 11
CanterburyNZSeries2010_13.jpg 0x0
rect:400 163 140 599 11
rect:127 15 452 894 12
Caracas1967_01.jpg 0x0
rect:489 59 161 254 48
rect:262 232 11 71 48
rect:243 205 54 115 48
rect:413 110 80 83 48
Caracas1967_02.jpg 0x0
rect:175 1 83 211 15
rect:189 254 138 368 51
rect:130 342 34 32 50
rect:141 360 58 67 49
Caracas1967_03.jpg 0x0
rect:399 272 31 151 27
rect:290 295 99 192 34
rect:15 409 166 73 6
rect:188 480 39 43 27
rect:256 327 50 95 26
rect:266 95 79 79 14
Caracas1967_04.jpg 0x0
rect:180 374 19 109 27
rect:175 361 46 109 26
rect:107 405 233 153 34
Caracas1967_05.jpg 0x0
rect:159 251 35 273 40
rect:403 146 51 342 40
rect:302 278 108 165 52
rect:43 171 346 461 41
rect:94 398 250 152 52
rect:40 119 367 677 48
rect:285 294 56 167 40
rect:68 380 61 196 40
rect:207 306 41 185 40
rect:267 250 48 177 40
Caracas1967_06.jpg 0x0
rect:298 311 103 55 6
rect:305 79 392 179 7
Caracas1967_07.jpg 0x0
rect:494 8 95 299 34
rect:454 291 100 253 34
rect:204 138 205 288 34
rect:454 313 121 93 53
rect:286 126 32 251 27
rect:286 64 35 243 27
rect:369 315 107 80 53
Caracas1967_08.jpg 0x0
rect:241 313 71 133 54
rect:335 251 93 149 54
rect:263 352 79 123 55
Caracas1967_09.jpg 0x0
rect:32 211 65 47 48
rect:433 15 295 108 48
rect:102 167 70 79 48
rect:137 150 82 73 48
Caracas1967_10.jpg 0x0
rect:367 400 62 210 40
rect:282 259 91 209 40
rect:54 220 256 277 41
rect:14 188 450 333 48
Caracas1967_11.jpg 0x0
rect:383 14 177 307 41
rect:62 16 406 638 48
rect:65 262 316 366 41
Caracas1967_12.jpg 0x0
rect:767 458 24 74 32
rect:679 285 37 48 34
rect:171 287 34 44 56
rect:459 272 20 57 32
Caracas1967_13.jpg 0x0
rect:114 352 159 308 55
Caracas1967_14.jpg 0x0
rect:187 242 240 42 6
rect:159 88 635 139 57
Chichi1999_01.jpg 0x0
rect:420 183 40 282 42
rect:5 6 764 137 58
Chichi1999_02.jpg 0x0
rect:264 124 179 478 59
rect:7 85 303 171 58
Chichi1999_03.jpg 0x0
rect:54 163 59 137 60
rect:0 146 502 132 58
Chichi1999_04.jpg 0x0
rect:267 267 39 60 52
rect:215 191 80 342 48
rect:266 -17 47 95 48
Chichi1999_05.jpg 0x0
rect:454 226 39 79 52
rect:481 144 121 232 48
rect:361 337 25 23 41
rect:456 124 63 50 41
Chichi1999_06.jpg 0x0
rect:446 194 39 76 41
rect:388 251 34 114 48
rect:725 -12 78 57 61
rect:354 301 22 40 52
rect:309 149 52 80 62
rect:205 17 363 218 10
Chichi1999_07.jpg 0x0
rect:502 217 59 148 48
rect:622 278 49 133 48
rect:409 236 36 39 64
rect:554 251 22 18 64
rect:51 203 552 171 63
rect:154 164 62 202 48
rect:133 174 31 39 64
Chichi1999_08.jpg 0x0
rect:95 19 557 393 10
Chichi1999_09.jpg 0x0
rect:249 132 48 90 40
rect:205 134 124 75 41
rect:335 131 37 57 40
rect:161 62 160 142 48
Chichi1999_10.jpg 0x0
rect:197 13 537 541 10
Chichi1999_11.jpg 0x0
rect:2 164 153 401 10
rect:131 165 97 86 65
Chichi1999_12.jpg 0x0
rect:8 32 479 507 66
Chichi1999_13.jpg 0x0
rect:24 56 891 449 10
Chichi1999_14.jpg 0x0
rect:159 179 16 49 67
rect:326 443 25 27 39
rect:121 287 33 57 67
rect:129 445 28 37 67
rect:135 433 30 44 67
rect:427 598 50 63 67
rect:212 331 25 52 39
rect:230 319 40 54 67
rect:153 232 39 82 67
rect:257 407 19 34 39
rect:124 334 45 65 67
rect:261 624 88 48 67
rect:72 450 35 40 67
rect:108 424 25 42 67
rect:121 516 24 42 67
rect:140 177 63 36 67
rect:351 364 27 44 39
Chichi1999_15.jpg 0x0
rect:219 33 256 307 41
Chichi1999_16.jpg 0x0
rect:160 151 56 157 32
Chichi1999_17.jpg 0x0
rect:129 236 25 31 32
Chichi1999_18.jpg 0x0
rect:171 164 43 111 69
rect:360 355 50 134 70
rect:163 231 114 457 68
rect:312 333 33 107 69
rect:239 336 32 138 69
rect:169 273 22 107 69
Chichi1999_19.jpg 0x0
rect:266 18 230 476 2
rect:274 90 195 279 3
YogyakartaInd2006_03.jpg 0x0
rect:168 33 70 2 15
rect:213 118 28 7 16
rect:372 309 65 32 16
rect:327 75 104 50 15
rect:230 386 279 35 15
rect:474 72 113 42 16
rect:235 168 73 33 15
rect:161 243 305 131 71
Chichi1999_20.jpg 0x0
rect:219 149 74 241 42
rect:196 421 73 229 41
Chichi1999_21.jpg 0x0
rect:351 30 316 250 37
rect:161 138 269 190 72
rect:420 8 100 109 57
rect:14 4 212 146 30
rect:76 451 219 83 5
rect:181 345 194 121 37
rect:335 79 129 100 6
rect:294 219 89 128 6
Chichi1999_22.jpg 0x0
rect:303 285 16 19 73
rect:168 132 324 122 10
rect:310 282 13 18 73
rect:548 206 13 16 73
Chichi1999_23.jpg 0x0
rect:207 150 32 34 26
rect:177 184 25 33 34
rect:144 320 41 77 34
rect:251 208 35 54 73
rect:142 384 43 94 73
rect:4 72 589 220 74
rect:353 292 37 79 34
rect:261 242 24 18 27
rect:294 382 72 138 73
rect:168 207 73 68 73
Chichi1999_24.jpg 0x0
rect:136 148 175 106 75
rect:3 411 311 266 74
rect:165 173 45 65 46
rect:389 341 1 2 46
rect:150 288 95 53 34
Chichi1999_25.jpg 0x0
rect:187 230 152 296 34
rect:136 145 185 216 73
rect:178 224 44 52 26
Chichi1999_26.jpg 0x0
rect:209 13 46 22 73
rect:144 524 88 71 26
rect:195 205 47 114 73
rect:154 683 136 78 27
rect:106 624 159 171 73
rect:175 267 89 370 76
Chichi1999_27.jpg 0x0
rect:179 201 98 323 32
Chichi1999_28.jpg 0x0
rect:276 145 167 297 75
rect:297 347 228 98 77
rect:25 81 327 174 6
rect:111 88 115 231 5
Chichi1999_29.jpg 0x0
rect:124 144 222 283 48
rect:299 254 78 130 40
rect:199 243 102 206 52
Chichi1999_30.jpg 0x0
rect:192 181 237 58 52
rect:34 252 83 136 73
rect:197 120 236 380 40
rect:211 264 141 54 78
Chichi1999_31.jpg 0x0
rect:430 129 33 236 48
rect:120 120 112 333 79
Chichi1999_32.jpg 0x0
rect:158 74 50 138 81
rect:126 8 84 432 80
rect:444 171 40 212 39
rect:195 249 38 156 81
Chichi1999_33.jpg 0x0
rect:118 191 62 110 49
rect:292 130 87 234 56
rect:268 102 96 293 32
rect:147 120 89 251 32
rect:59 86 169 416 33
rect:221 149 45 114 49
Chichi1999_34.jpg 0x0
rect:111 101 346 264 10
Duzce1999_01.jpg 0x0
rect:119 173 105 157 41
rect:98 58 103 244 39
Duzce1999_02.jpg 0x0
rect:68 41 148 313 41
Duzce1999_03.jpg 0x0
rect:160 94 73 210 31
rect:109 106 110 256 42
rect:0 233 125 301 31
Gediz1970_01.jpg 0x0
rect:159 429 93 209 69
rect:146 279 124 201 69
rect:163 74 271 512 68
Guatemala1976_01.jpg 0x0
rect:62 244 66 37 52
rect:375 215 44 77 41
rect:497 140 103 116 48
rect:30 129 77 143 48
rect:31 115 679 158 82
rect:72 196 59 39 41
Guatemala1976_02.jpg 0x0
rect:243 59 124 84 40
rect:217 90 253 261 48
Guatemala1976_03.jpg 0x0
rect:16 61 920 355 75
Guatemala1976_04.jpg 0x0
rect:125 27 316 59 30
rect:53 83 463 202 30
rect:453 219 84 248 4
rect:500 193 149 244 4
Guatemala1976_05.jpg 0x0
rect:138 138 398 133 40
rect:246 179 372 111 41
rect:121 101 424 359 48
Guatemala1976_06.jpg 0x0
rect:114 103 234 604 39
Guatemala1976_07.jpg 0x0
rect:163 407 146 68 83
rect:20 177 437 465 10
rect:18 201 80 61 6
Guatemala1976_08.jpg 0x0
rect:112 41 509 425 48
rect:302 80 213 238 40
rect:220 59 339 309 41
Guatemala1976_09.jpg 0x0
rect:156 239 75 54 85
rect:63 196 36 36 85
rect:241 308 33 29 84
rect:475 251 51 61 84
rect:414 191 91 32 85
rect:90 311 37 33 84
rect:838 232 76 65 85
rect:447 325 60 56 84
Guatemala1976_10.jpg 0x0
rect:214 229 246 257 86
rect:217 123 210 166 87
rect:377 444 45 155 87
Guatemala1976_11.jpg 0x0
rect:237 247 107 152 34
GujaratIndia2001_01.jpg 0x0
rect:36 287 168 128 4
rect:393 590 50 65 11
rect:75 374 60 43 2
rect:206 448 167 84 2
Haiti2010_01.jpg 0x0
rect:595 295 107 135 4
rect:338 335 26 111 40
rect:485 512 145 160 4
rect:113 47 140 117 7
rect:263 99 193 382 41
Haiti2010_02.jpg 0x0
rect:376 21 132 39 14
rect:60 97 423 250 88
Haiti2010_03.jpg 0x0
rect:475 1 64 773 32
rect:213 656 214 239 89
rect:249 708 88 47 49
rect:265 441 229 164 32
Haiti2010_04.jpg 0x0
rect:276 46 283 278 34
rect:2 115 279 147 6
rect:198 284 310 660 41
Haiti2010_05.jpg 0x0
rect:312 286 21 113 40
rect:215 251 129 141 52
rect:278 127 255 639 90
rect:331 258 32 118 40
Haiti2010_06.jpg 0x0
rect:251 312 43 57 34
rect:542 203 156 459 33
rect:549 170 87 41 6
rect:232 222 248 427 91
rect:531 179 86 207 32
rect:521 220 581 804 91
rect:624 123 82 118 34
ImperialValley1979_01.jpg 0x0
rect:228 294 33 55 50
rect:261 422 40 58 32
rect:456 290 36 20 49
rect:13 245 73 75 49
rect:57 376 75 82 50
rect:429 300 22 50 50
rect:401 269 23 22 49
rect:588 276 32 30 32
rect:482 417 30 20 49
rect:518 353 36 37 32
rect:10 263 138 133 32
ImperialValley1979_02.jpg 0x0
rect:207 90 224 173 32
rect:285 218 136 52 49
rect:183 159 80 186 50
rect:142 238 333 53 92
rect:290 103 70 234 50
rect:233 188 59 158 50
ImperialValley1979_03.jpg 0x0
rect:194 248 193 131 32
rect:145 383 302 251 32
rect:114 476 286 34 92
rect:95 269 104 202 50
rect:260 258 70 228 50
rect:122 354 253 49 92
rect:274 327 90 95 50
Izmit1999_01.jpg 0x0
rect:233 118 33 183 27
rect:571 362 52 78 26
rect:156 69 357 233 34
rect:212 268 27 123 27
rect:263 68 40 223 27
Izmit1999_02.jpg 0x0
rect:27 111 833 183 10
Izmit1999_03.jpg 0x0
rect:488 100 72 297 50
rect:279 156 33 244 50
rect:178 31 521 432 93
rect:500 70 44 190 50
rect:217 66 229 267 32
rect:155 125 62 282 50
rect:353 95 31 199 50
rect:193 162 410 46 92
Izmit1999_04.jpg 0x0
rect:70 319 63 111 41
rect:357 422 24 65 40
rect:223 348 87 79 41
rect:223 48 61 66 48
rect:281 96 64 84 41
rect:367 440 23 44 40
rect:137 474 201 98 88
rect:139 343 137 92 88
rect:63 509 77 48 34
rect:65 570 31 108 42
Izmit1999_05.jpg 0x0
rect:100 22 793 399 10
Izmit1999_06.jpg 0x0
rect:111 212 90 248 50
rect:379 196 46 125 50
rect:145 124 209 322 32
rect:139 162 65 198 50
rect:214 199 44 166 50
rect:150 264 166 73 49
Izmit1999_07.jpg 0x0
rect:243 374 93 328 4
rect:293 180 36 146 3
rect:181 268 57 118 3
rect:297 63 156 61 6
rect:403 98 80 92 3
rect:21 115 467 598 2
rect:154 281 40 101 3
Izmit1999_08.jpg 0x0
rect:149 282 224 123 88
rect:199 162 87 108 41
rect:182 379 104 102 45
rect:439 7 97 70 45
rect:610 63 75 38 52
rect:156 34 76 105 34
rect:564 93 60 61 41
Izmit1999_09.jpg 0x0
rect:213 197 36 33 41
rect:313 319 131 78 94
rect:40 227 43 41 41
rect:426 192 122 108 41
rect:623 226 66 103 94
rect:413 244 45 66 41
Izmit1999_10.jpg 0x0
rect:44 193 453 34 78
rect:117 243 264 64 78
rect:194 503 104 30 78
rect:274 114 49 152 40
rect:111 252 91 291 40
rect:244 94 158 103 40
rect:249 521 61 95 40
rect:61 191 394 600 41
rect:198 375 76 96 40
rect:384 564 87 29 78
rect:60 141 89 217 40
Izmit1999_11.jpg 0x0
rect:151 456 135 125 41
rect:254 171 89 214 40
rect:203 177 113 230 41
rect:342 324 96 250 40
rect:185 391 81 130 40
Izmit1999_12.jpg 0x0
rect:246 404 56 139 52
rect:607 261 68 65 41
rect:109 78 31 17 6
rect:111 187 72 55 88
rect:329 369 57 131 41
rect:393 111 58 48 7
rect:264 215 51 96 42
rect:53 171 63 74 94
rect:1 276 22 27 41
rect:89 229 27 59 40
rect:286 243 117 133 94
rect:21 72 33 23 6
rect:508 170 143 243 91
rect:42 253 45 45 52
rect:484 87 38 108 41
rect:321 31 74 75 34
rect:256 168 59 30 6
rect:445 138 52 75 45
Izmit1999_13.jpg 0x0
rect:123 142 75 54 6
rect:132 249 116 156 94
rect:121 209 38 88 41
rect:419 206 116 180 41
rect:193 216 55 69 52
rect:247 108 59 121 41
rect:5 89 115 232 42
rect:349 91 238 351 48
rect:207 289 44 84 41
Izmit1999_14.jpg 0x0
rect:46 120 143 80 34
rect:351 57 75 63 95
rect:445 415 66 49 34
rect:516 212 98 44 34
rect:334 441 52 39 34
rect:289 6 184 90 35
rect:401 508 29 28 34
rect:327 57 111 56 34
rect:274 139 106 71 35
Izmit1999_15.jpg 0x0
rect:183 137 266 349 42
Izmit1999_16.jpg 0x0
rect:63 59 455 416 33
rect:113 52 339 278 39
rect:206 141 37 91 40
rect:134 136 165 109 41
Izmit1999_17.jpg 0x0
rect:73 135 143 337 41
Izmit1999_18.jpg 0x0
rect:224 117 131 172 41
rect:221 128 101 339 39
Izmit1999_19.jpg 0x0
rect:173 104 292 243 96
rect:592 159 31 94 50
rect:526 165 21 88 50
rect:174 118 250 166 32
Kobe1995_01.jpg 0x0
rect:22 193 721 180 63
Kobe1995_02.jpg 0x0
rect:2 44 535 572 68
Kobe1995_03.jpg 0x0
rect:48 63 353 682 10
Kobe1995_04.jpg 0x0
rect:322 317 40 66 41
Kobe1995_05.jpg 0x0
rect:4 218 113 600 40
rect:55 257 481 75 78
rect:117 728 330 150 78
rect:221 180 173 476 40
rect:115 141 217 437 52
Kobe1995_06.jpg 0x0
rect:163 403 378 352 42
rect:51 154 380 425 41
Kobe1995_07.jpg 0x0
rect:322 384 37 22 39
rect:245 150 29 57 39
rect:54 308 42 34 39
rect:266 163 43 41 39
rect:338 199 40 41 39
rect:237 313 31 39 39
rect:303 152 42 39 39
rect:166 490 35 32 39
rect:81 226 43 51 39
rect:295 344 25 36 39
rect:213 296 35 35 39
rect:148 414 27 37 39
rect:456 321 26 40 39
rect:350 452 36 46 39
rect:340 141 38 31 39
rect:216 250 38 58 39
rect:523 386 30 29 39
rect:410 270 50 33 39
rect:314 84 19 45 39
rect:247 244 27 59 39
rect:143 181 44 41 39
rect:121 348 37 47 39
rect:181 358 39 29 39
rect:203 118 26 28 39
rect:56 222 47 50 39
rect:336 337 34 32 39
Kobe1995_08.jpg 0x0
rect:335 59 401 201 97
Kobe1995_09.jpg 0x0
rect:70 493 61 50 88
rect:104 749 95 96 88
rect:217 474 254 101 97
rect:137 662 74 76 88
SanSalvador_1986_01.jpg 0x0
rect:57 3 89 223 68
rect:317 138 130 193 41
SanSalvador_1986_02.jpg 0x0
rect:186 278 41 38 41
rect:137 215 26 37 41
rect:331 260 58 37 41
rect:149 222 30 31 41
rect:388 246 37 37 41
rect:290 207 23 43 41
rect:606 194 47 53 42
rect:507 134 43 30 41
rect:372 150 13 30 41
SikkimIndia2001_01.jpg 0x0
rect:257 207 112 141 34
SikkimIndia2001_02.jpg 0x0
rect:578 190 81 21 16
rect:276 228 74 37 16
rect:11 5 332 77 16
rect:-14 2 431 73 33
rect:594 122 108 40 16
rect:407 126 148 201 33
rect:7 171 76 31 54
rect:159 54 156 486 33
SikkimIndia2001_03.jpg 0x0
rect:190 71 86 160 69
rect:196 11 135 329 98
rect:202 237 117 195 70
SikkimIndia2001_04.jpg 0x0
rect:3 28 303 251 99
rect:333 169 128 174 34
rect:447 140 248 131 99
SumatraInd2009_01.jpg 0x0
rect:303 25 48 314 81
SumatraInd2009_02.jpg 0x0
rect:241 63 228 167 41
WhittierNarrows1987_01.jpg 0x0
rect:18 39 916 429 10
WhittierNarrows1987_02.jpg 0x0
rect:208 272 140 307 41
WhittierNarrows1987_03.jpg 0x0
rect:273 125 159 287 32
WhittierNarrows1987_04.jpg 0x0
rect:163 8 266 85 6
rect:206 43 115 220 41
rect:185 17 184 193 100
YogyakartaInd2006_01.jpg 0x0
rect:350 138 203 98 49
rect:159 -27 327 565 29
rect:274 49 305 340 32
YogyakartaInd2006_02.jpg 0x0
rect:427 134 53 159 70
rect:418 131 39 233 69
rect:448 66 110 312 98
