Anchorage1964_01.jpg 0x0
rect:82 7 269 206 1
rect:68 506 251 309 1
Anchorage1964_02.jpg 0x0
rect:455 233 91 48 4
rect:175 221 29 55 3
rect:352 288 33 80 3
rect:264 27 239 82 4
rect:161 252 66 16 6
rect:214 312 334 133 2
rect:25 238 129 46 5
rect:346 290 20 67 3
rect:316 234 22 52 3
rect:145 171 65 50 7
rect:423 236 11 41 3
rect:46 29 196 31 5
rect:77 156 21 15 6
rect:418 63 129 147 8
rect:445 294 22 55 3
rect:51 40 69 19 6
rect:457 184 15 61 3
rect:249 254 27 77 3
rect:228 64 102 98 4
Anchorage1964_03.jpg 0x0
rect:272 87 293 226 9
rect:0 294 574 54 10
rect:2 220 249 68 9
Anchorage1964_04.jpg 0x0
rect:230 161 41 16 5
rect:264 28 41 23 5
rect:358 178 26 28 1
rect:132 391 33 11 5
rect:429 321 33 14 5
rect:286 293 24 25 5
rect:354 214 16 39 1
rect:339 199 37 23 5
rect:323 309 27 31 8
rect:143 493 27 18 5
rect:332 389 31 17 5
rect:158 228 25 17 5
rect:167 136 35 19 5
rect:121 432 40 22 5
rect:204 173 27 17 5
rect:236 250 15 15 1
rect:371 151 13 19 1
rect:287 100 30 17 5
rect:298 226 18 29 1
rect:369 250 17 24 1
rect:169 131 39 11 5
rect:197 54 35 14 5
rect:274 373 26 20 5
rect:403 488 26 20 5
rect:418 158 36 14 5
rect:161 30 23 19 5
rect:296 325 8 1 1
rect:270 426 26 21 1
rect:397 188 33 20 5
rect:262 381 18 33 1
rect:289 507 27 24 1
rect:118 126 32 18 5
rect:284 126 14 30 1
rect:284 405 22 14 5
rect:207 100 14 34 1
rect:400 61 47 12 5
rect:200 121 37 18 5
rect:213 245 41 17 5
rect:136 316 73 18 2
Anchorage1964_05.jpg 0x0
rect:64 264 17 58 1
rect:600 186 67 43 5
rect:446 412 57 91 8
rect:64 229 23 62 1
rect:547 86 44 70 1
rect:785 213 33 29 6
rect:317 230 161 68 2
rect:570 140 31 55 1
rect:233 229 23 27 11
rect:177 29 106 46 6
rect:72 126 15 54 1
rect:131 110 15 54 1
rect:503 163 54 17 11
rect:581 322 38 76 1
rect:301 349 48 60 8
rect:518 73 46 43 1
rect:43 163 16 32 1
rect:709 441 48 41 5
rect:210 57 75 38 5
rect:56 87 23 35 1
rect:125 32 16 49 1
rect:45 413 20 56 1
rect:37 328 22 60 1
rect:647 406 39 18 6
rect:387 1 53 73 1
rect:664 205 46 60 1
rect:218 109 114 56 6
rect:241 135 145 29 5
rect:553 28 33 68 1
Anchorage1964_06.jpg 0x0
rect:229 202 71 103 11
rect:116 102 250 306 12
rect:156 100 107 391 3
Anchorage1964_07.jpg 0x0
rect:255 117 129 181 11
rect:161 2 84 75 2
rect:376 162 57 112 13
rect:7 66 809 527 2
rect:270 124 50 121 3
rect:19 218 219 28 11
rect:7 241 350 32 14
rect:557 223 96 104 11
rect:316 260 336 237 2
Anchorage1964_08.jpg 0x0
rect:44 694 73 152 1
rect:326 26 91 89 1
rect:431 453 136 109 1
rect:47 52 92 151 1
rect:397 292 102 147 1
rect:62 328 125 86 1
Anchorage1964_09.jpg 0x0
rect:452 198 97 76 8
rect:497 10 124 10 16
rect:80 30 87 81 8
rect:340 120 77 25 15
rect:38 128 75 11 16
rect:758 199 1 1 16
rect:78 252 67 54 8
rect:14 169 86 19 15
rect:343 182 65 72 1
rect:18 14 61 12 16
rect:424 135 60 50 1
rect:385 111 81 87 1
rect:135 166 51 61 1
rect:129 158 226 9 15
rect:10 15 339 12 15
rect:635 31 63 83 8
rect:442 129 105 21 15
rect:471 9 364 17 15
rect:12 145 16 10 16
Anchorage1964_10.jpg 0x0
rect:267 331 72 124 17
rect:80 420 222 141 18
rect:92 202 378 458 1
rect:166 157 185 98 18
Anchorage1964_11.jpg 0x0
rect:68 489 783 15 14
rect:665 119 139 111 1
rect:136 80 133 137 4
rect:117 146 436 83 2
rect:378 199 374 25 11
rect:77 499 581 16 14
rect:181 155 349 17 15
rect:392 6 146 44 1
Anchorage1964_12.jpg 0x0
rect:15 110 721 300 2
rect:149 242 32 93 3
rect:469 91 55 206 3
rect:323 106 212 174 11
rect:218 88 49 225 3
Anchorage1964_13.jpg 0x0
rect:229 588 170 27 2
rect:379 575 135 18 19
rect:526 385 33 183 20
Anchorage1964_14.jpg 0x0
rect:530 7 68 174 11
rect:11 515 168 70 11
rect:446 789 126 101 23
rect:82 189 123 38 15
rect:36 679 58 48 22
rect:278 9 80 291 11
rect:141 617 35 47 22
rect:167 788 52 63 22
rect:332 254 208 54 15
rect:251 12 117 893 20
rect:263 229 70 96 21
rect:27 586 27 77 22
Anchorage1964_15.jpg 0x0
rect:433 176 123 34 11
rect:271 544 199 55 2
rect:258 321 123 44 15
rect:174 100 36 76 11
rect:503 213 79 36 24
rect:226 139 41 116 25
rect:209 8 96 63 4
rect:221 72 82 440 20
rect:433 11 94 83 4
Anchorage1964_16.jpg 0x0
rect:162 262 231 203 11
rect:85 427 95 105 11
rect:231 100 284 126 2
rect:12 126 173 206 2
rect:18 228 65 104 2
rect:365 183 130 188 2
Anchorage1964_17.jpg 0x0
rect:319 35 275 226 9
rect:9 157 770 178 10
rect:13 104 322 155 9
Anchorage1964_18.jpg 0x0
rect:337 323 322 24 15
rect:559 178 135 73 4
rect:196 190 91 110 4
rect:404 120 136 62 4
rect:409 262 43 76 11
rect:177 332 15 44 11
rect:126 263 86 50 11
rect:465 292 59 21 2
rect:395 278 79 23 2
rect:642 400 40 23 2
Anchorage1964_19.jpg 0x0
rect:269 140 39 36 26
rect:319 259 10 24 26
rect:27 210 28 67 27
rect:894 203 9 10 26
rect:516 158 17 34 26
rect:350 243 27 42 28
rect:245 74 67 174 29
rect:336 264 13 25 26
rect:324 135 32 26 27
rect:413 125 8 17 26
rect:317 122 16 55 29
rect:728 132 6 7 26
rect:288 280 20 31 26
rect:307 90 44 55 29
rect:7 184 61 178 26
rect:302 212 41 100 26
rect:433 104 46 35 28
rect:247 89 51 56 26
Anchorage1964_20.jpg 0x0
rect:159 85 131 104 29
rect:278 89 59 52 27
rect:392 489 42 101 26
rect:162 366 84 162 26
rect:145 121 82 55 26
Anchorage1964_21.jpg 0x0
rect:2 71 56 36 26
rect:-7 67 98 127 29
rect:155 122 586 124 30
rect:36 311 29 39 26
Bingol2003_01.jpg 0x0
rect:374 250 47 58 6
rect:634 491 41 49 34
rect:605 262 221 145 31
rect:252 414 98 100 6
rect:614 440 76 40 33
rect:459 312 62 76 6
rect:327 186 59 87 33
rect:2 229 633 203 10
rect:417 199 43 107 34
rect:917 323 76 59 33
rect:170 72 77 21 6
rect:362 371 65 188 32
rect:655 89 128 236 31
rect:369 314 135 61 6
rect:29 269 90 55 33
rect:575 70 97 52 6
rect:208 242 70 64 33
rect:736 214 117 60 33
rect:711 160 101 83 6
Bingol2003_02.jpg 0x0
rect:1064 75 101 77 36
rect:119 571 133 301 32
rect:554 354 87 135 26
rect:162 306 80 372 32
rect:428 309 63 110 6
rect:578 234 297 102 35
rect:220 308 542 394 31
rect:121 103 538 219 34
Bingol2003_03.jpg 0x0
rect:716 -7 380 257 4
rect:822 357 193 425 2
rect:316 169 356 155 2
rect:438 196 220 81 11
rect:98 29 163 46 2
rect:690 232 346 765 4
rect:97 50 109 101 33
Bingol2003_04.jpg 0x0
rect:130 743 26 83 3
rect:135 521 26 77 3
rect:294 186 132 207 4
rect:74 681 93 87 2
rect:132 337 225 133 2
rect:337 504 142 88 2
rect:246 384 48 92 3
rect:89 665 25 69 3
CanterburyNZSeries2010_01.jpg 0x0
rect:101 82 169 328 12
CanterburyNZSeries2010_02.jpg 0x0
rect:57 36 189 215 6
rect:50 8 225 269 37
CanterburyNZSeries2010_03.jpg 0x0
rect:48 89 299 145 38
CanterburyNZSeries2010_04.jpg 0x0
rect:257 11 71 132 42
rect:196 452 32 113 40
rect:416 291 31 60 40
rect:274 342 177 454 39
rect:324 367 30 55 40
rect:399 481 16 79 40
rect:180 423 68 288 41
rect:323 440 55 157 40
CanterburyNZSeries2010_05.jpg 0x0
rect:234 398 177 401 4
rect:324 243 172 76 15
CanterburyNZSeries2010_06.jpg 0x0
rect:58 143 760 415 4
rect:279 312 236 107 2
CanterburyNZSeries2010_08.jpg 0x0
rect:407 148 209 296 43
rect:770 273 99 93 44
rect:728 557 23 149 32
rect:1092 688 65 178 44
CanterburyNZSeries2010_09.jpg 0x0
rect:299 303 140 266 39
rect:243 132 139 253 45
CanterburyNZSeries2010_10.jpg 0x0
rect:267 294 304 150 6
rect:245 240 156 101 46
rect:249 129 311 111 7
rect:216 385 217 90 6
CanterburyNZSeries2010_11.jpg 0x0
rect:281 427 323 203 5
rect:333 236 363 135 7
CanterburyNZSeries2010_12.jpg 0x0
rect:185 576 134 40 11
rect:5 283 884 364 47
rect:35 261 756 228 2
rect:699 556 144 58 11
CanterburyNZSeries2010_13.jpg 0x0
rect:435 195 139 317 11
rect:211 12 317 795 12
Caracas1967_01.jpg 0x0
rect:398 91 200 249 48
rect:205 188 11 61 48
rect:307 162 29 98 48
rect:236 122 69 102 48
Caracas1967_02.jpg 0x0
rect:234 1 130 200 15
rect:230 187 245 358 51
rect:120 272 44 36 50
rect:168 455 48 53 49
Caracas1967_03.jpg 0x0
rect:240 450 34 129 27
rect:18 415 223 109 6
rect:308 399 105 190 34
rect:343 319 25 76 27
rect:263 442 53 82 26
rect:335 86 78 95 14
Caracas1967_04.jpg 0x0
rect:102 256 59 124 26
rect:130 383 232 153 34
rect:189 311 15 125 27
Caracas1967_05.jpg 0x0
rect:191 240 130 149 52
rect:230 239 70 169 40
rect:30 64 335 679 48
rect:36 132 248 583 41
rect:69 379 88 266 40
rect:191 305 57 166 40
rect:363 237 60 165 40
rect:89 382 162 240 52
rect:244 319 65 197 40
rect:363 271 49 227 40
Caracas1967_06.jpg 0x0
rect:350 102 333 290 7
rect:453 271 103 38 6
Caracas1967_07.jpg 0x0
rect:196 169 221 255 34
rect:248 137 32 239 27
rect:448 9 87 287 34
rect:334 38 35 205 27
rect:363 314 96 316 34
rect:426 389 129 124 53
rect:383 308 114 61 53
Caracas1967_08.jpg 0x0
rect:218 258 73 108 54
rect:151 386 48 124 55
rect:471 144 102 119 54
Caracas1967_09.jpg 0x0
rect:336 14 284 189 48
rect:140 127 118 93 48
rect:33 192 55 55 48
rect:99 261 76 82 48
Caracas1967_10.jpg 0x0
rect:526 344 62 205 40
rect:218 236 66 229 40
rect:21 116 537 548 48
rect:29 215 338 377 41
Caracas1967_11.jpg 0x0
rect:195 15 174 261 41
rect:67 202 309 406 41
rect:51 11 523 820 48
Caracas1967_12.jpg 0x0
rect:633 216 23 42 32
rect:237 336 33 60 56
rect:409 194 40 42 34
rect:894 426 27 42 32
Caracas1967_13.jpg 0x0
rect:129 491 142 255 55
Caracas1967_14.jpg 0x0
rect:128 338 338 38 6
rect:110 143 692 218 57
Chichi1999_01.jpg 0x0
rect:4 7 979 148 58
rect:332 104 51 245 42
Chichi1999_02.jpg 0x0
rect:6 84 506 200 58
rect:424 136 266 354 59
Chichi1999_03.jpg 0x0
rect:0 158 744 138 58
rect:54 145 78 92 60
Chichi1999_04.jpg 0x0
rect:246 275 36 77 52
rect:197 191 90 244 48
rect:180 -20 38 97 48
Chichi1999_05.jpg 0x0
rect:394 286 33 43 41
rect:304 102 107 282 48
rect:340 168 46 61 52
rect:376 118 65 44 41
Chichi1999_06.jpg 0x0
rect:709 198 29 40 41
rect:425 265 23 32 52
rect:410 164 40 63 48
rect:352 93 73 64 62
rect:516 -9 59 88 61
rect:137 22 350 137 10
Chichi1999_07.jpg 0x0
rect:620 206 21 23 64
rect:167 208 40 198 48
rect:68 215 406 127 63
rect:565 243 62 111 48
rect:132 151 25 45 64
rect:477 292 25 33 64
rect:384 190 44 119 48
Chichi1999_08.jpg 0x0
rect:70 17 558 521 10
Chichi1999_09.jpg 0x0
rect:209 105 110 78 41
rect:261 63 229 182 48
rect:241 71 34 65 40
rect:202 99 38 56 40
Chichi1999_10.jpg 0x0
rect:177 20 573 508 10
Chichi1999_11.jpg 0x0
rect:111 256 108 94 65
rect:2 166 189 513 10
Chichi1999_12.jpg 0x0
rect:8 31 441 672 66
Chichi1999_13.jpg 0x0
rect:24 51 823 292 10
Chichi1999_14.jpg 0x0
rect:475 311 42 60 67
rect:369 222 39 58 39
rect:184 215 69 52 67
rect:216 421 29 41 39
rect:225 409 30 27 39
rect:155 470 24 51 67
rect:327 545 23 41 39
rect:263 228 13 55 67
rect:178 491 25 43 67
rect:234 537 67 79 67
rect:132 171 36 50 67
rect:243 410 28 62 67
rect:98 425 78 63 67
rect:85 409 32 42 67
rect:86 349 45 41 67
rect:160 336 57 74 67
rect:183 514 27 43 67
Chichi1999_15.jpg 0x0
rect:203 31 225 309 41
Chichi1999_16.jpg 0x0
rect:192 162 78 107 32
Chichi1999_17.jpg 0x0
rect:118 419 19 45 32
Chichi1999_18.jpg 0x0
rect:213 308 49 97 70
rect:139 296 32 84 69
rect:219 143 155 508 68
rect:217 401 30 143 69
rect:179 176 24 173 69
rect:207 264 25 133 69
Chichi1999_19.jpg 0x0
rect:266 27 317 465 2
rect:253 136 117 226 3
YogyakartaInd2006_03.jpg 0x0
rect:307 24 76 2 15
rect:353 294 54 25 16
rect:398 75 156 49 15
rect:383 57 64 49 16
rect:238 159 16 7 16
rect:263 149 70 33 15
rect:266 561 192 33 15
rect:252 364 352 186 71
Chichi1999_20.jpg 0x0
rect:219 182 109 276 42
rect:189 508 49 169 41
Chichi1999_21.jpg 0x0
rect:19 4 207 107 30
rect:212 89 245 370 72
rect:76 330 222 84 5
rect:455 102 199 122 6
rect:344 27 188 200 37
rect:323 281 86 104 6
rect:137 302 218 153 37
rect:444 6 141 92 57
Chichi1999_22.jpg 0x0
rect:281 180 219 177 10
rect:337 271 18 16 73
rect:334 226 19 18 73
rect:216 213 14 26 73
Chichi1999_23.jpg 0x0
rect:149 204 20 32 34
rect:376 216 31 65 73
rect:338 167 43 31 27
rect:4 50 638 212 74
rect:139 315 62 112 73
rect:204 363 36 72 34
rect:137 348 28 100 34
rect:352 245 90 76 73
rect:360 153 24 25 26
rect:92 166 52 37 73
Chichi1999_24.jpg 0x0
rect:244 199 32 68 46
rect:410 344 1 2 46
rect:3 336 241 197 74
rect:229 188 159 74 75
rect:200 338 79 59 34
Chichi1999_25.jpg 0x0
rect:208 168 181 344 73
rect:205 302 131 205 34
rect:263 410 38 70 26
Chichi1999_26.jpg 0x0
rect:278 224 85 331 76
rect:205 118 62 99 73
rect:129 398 84 48 26
rect:108 733 124 101 73
rect:162 624 110 138 27
rect:328 13 59 22 73
Chichi1999_27.jpg 0x0
rect:128 253 99 361 32
Chichi1999_28.jpg 0x0
rect:150 102 111 239 5
rect:347 184 308 90 77
rect:20 75 341 167 6
rect:368 142 200 221 75
Chichi1999_29.jpg 0x0
rect:177 207 197 319 48
rect:294 171 94 147 40
rect:194 284 70 198 52
Chichi1999_30.jpg 0x0
rect:199 130 287 292 40
rect:232 109 217 93 52
rect:237 261 182 67 78
rect:27 266 87 211 73
Chichi1999_31.jpg 0x0
rect:612 132 45 190 48
rect:156 103 150 239 79
Chichi1999_32.jpg 0x0
rect:190 8 81 354 80
rect:201 216 32 99 81
rect:187 65 34 156 81
rect:452 188 39 200 39
Chichi1999_33.jpg 0x0
rect:233 126 126 324 56
rect:55 73 160 394 33
rect:201 60 162 352 32
rect:150 152 89 229 32
rect:240 100 41 123 49
rect:137 122 37 82 49
Chichi1999_34.jpg 0x0
rect:126 119 497 265 10
Duzce1999_01.jpg 0x0
rect:118 42 122 234 39
rect:122 98 107 130 41
Duzce1999_02.jpg 0x0
rect:84 61 194 469 41
Duzce1999_03.jpg 0x0
rect:0 213 103 182 31
rect:117 87 103 290 42
rect:155 123 118 231 31
Gediz1970_01.jpg 0x0
rect:112 270 108 220 69
rect:169 118 226 647 68
rect:269 412 57 174 69
Guatemala1976_01.jpg 0x0
rect:637 178 182 104 48
rect:42 206 114 87 48
rect:636 204 78 83 41
rect:31 105 565 153 82
rect:62 169 65 58 52
rect:71 210 50 51 41
Guatemala1976_02.jpg 0x0
rect:145 87 218 252 48
rect:209 71 94 86 40
Guatemala1976_03.jpg 0x0
rect:19 98 613 264 75
Guatemala1976_04.jpg 0x0
rect:701 133 126 431 4
rect:158 18 368 70 30
rect:36 76 501 294 30
rect:568 260 115 206 4
Guatemala1976_05.jpg 0x0
rect:179 104 496 235 48
rect:149 118 233 158 41
rect:173 130 389 237 40
Guatemala1976_06.jpg 0x0
rect:138 122 221 468 39
Guatemala1976_07.jpg 0x0
rect:21 248 587 389 10
rect:30 322 52 61 6
rect:165 685 170 80 83
Guatemala1976_08.jpg 0x0
rect:237 99 141 409 40
rect:196 49 417 491 41
rect:136 31 446 306 48
Guatemala1976_09.jpg 0x0
rect:130 237 54 77 85
rect:104 343 33 29 84
rect:184 332 33 21 84
rect:349 323 44 53 84
rect:282 209 91 41 85
rect:108 298 28 36 85
rect:786 298 48 68 84
rect:492 257 59 63 85
Guatemala1976_10.jpg 0x0
rect:265 291 35 137 87
rect:210 111 236 171 87
rect:226 152 280 324 86
Guatemala1976_11.jpg 0x0
rect:184 300 125 189 34
GujaratIndia2001_01.jpg 0x0
rect:55 495 63 39 2
rect:320 475 68 43 11
rect:147 369 225 74 2
rect:30 381 213 139 4
Haiti2010_01.jpg 0x0
rect:153 61 103 123 7
rect:342 269 27 91 40
rect:485 448 212 259 4
rect:365 170 232 429 41
rect:519 328 78 151 4
Haiti2010_02.jpg 0x0
rect:212 29 153 44 14
rect:55 113 569 181 88
Haiti2010_03.jpg 0x0
rect:211 504 250 166 32
rect:291 764 237 156 89
rect:470 1 64 621 32
rect:277 538 78 76 49
Haiti2010_04.jpg 0x0
rect:215 384 239 631 41
rect:257 38 225 227 34
rect:2 179 301 147 6
Haiti2010_05.jpg 0x0
rect:329 175 316 477 90
rect:289 261 207 88 52
rect:406 272 35 82 40
rect:213 224 30 110 40
Haiti2010_06.jpg 0x0
rect:141 326 306 302 91
rect:464 301 61 210 32
rect:561 165 78 117 34
rect:500 240 69 51 6
rect:228 196 49 38 34
rect:382 216 251 387 33
rect:646 129 621 621 91
ImperialValley1979_01.jpg 0x0
rect:326 303 47 80 50
rect:242 283 72 56 32
rect:428 276 32 41 50
rect:582 254 46 49 32
rect:533 259 41 37 32
rect:71 293 119 129 50
rect:15 361 138 148 32
rect:473 261 26 20 49
rect:14 358 77 71 49
rect:336 299 56 19 49
rect:589 227 18 15 49
ImperialValley1979_02.jpg 0x0
rect:297 259 140 59 49
rect:124 162 229 78 92
rect:338 147 61 102 50
rect:282 93 155 292 32
rect:296 90 64 172 50
rect:203 88 91 246 50
ImperialValley1979_03.jpg 0x0
rect:114 291 177 165 32
rect:268 426 88 161 50
rect:423 338 77 168 50
rect:130 299 92 218 50
rect:167 191 270 173 32
rect:116 390 252 38 92
rect:104 320 322 32 92
Izmit1999_01.jpg 0x0
rect:298 81 67 168 27
rect:296 263 36 83 27
rect:155 99 472 387 34
rect:312 163 40 180 27
rect:560 234 51 77 26
Izmit1999_02.jpg 0x0
rect:33 149 815 191 10
Izmit1999_03.jpg 0x0
rect:315 168 39 169 50
rect:550 85 52 307 50
rect:334 85 41 232 50
rect:169 104 58 296 50
rect:400 89 34 249 50
rect:203 52 186 377 32
rect:148 55 511 405 93
rect:196 269 262 44 92
Izmit1999_04.jpg 0x0
rect:191 307 152 71 88
rect:67 469 51 133 41
rect:284 416 21 45 40
rect:289 50 81 84 48
rect:139 567 260 164 88
rect:415 359 106 74 41
rect:66 460 69 73 34
rect:77 341 46 65 42
rect:269 479 18 76 40
rect:346 88 82 97 41
Izmit1999_05.jpg 0x0
rect:82 34 567 514 10
Izmit1999_06.jpg 0x0
rect:167 207 102 224 50
rect:197 254 38 146 50
rect:109 160 247 327 32
rect:112 263 88 228 50
rect:311 168 54 120 50
rect:152 201 154 66 49
Izmit1999_07.jpg 0x0
rect:163 246 58 110 3
rect:249 158 66 81 3
rect:335 87 103 35 6
rect:451 235 101 363 4
rect:171 325 36 118 3
rect:258 239 43 120 3
rect:25 117 309 729 2
Izmit1999_08.jpg 0x0
rect:152 25 99 115 34
rect:650 6 75 80 45
rect:651 97 43 35 52
rect:607 66 76 77 41
rect:217 307 149 117 88
rect:166 154 81 78 41
rect:123 355 101 66 45
Izmit1999_09.jpg 0x0
rect:688 220 46 74 41
rect:55 174 40 46 41
rect:791 222 77 99 94
rect:301 212 30 41 41
rect:230 304 121 87 41
rect:431 250 95 86 94
Izmit1999_10.jpg 0x0
rect:51 155 443 40 78
rect:302 161 154 180 40
rect:300 691 87 23 78
rect:108 115 252 537 41
rect:120 304 298 67 78
rect:225 696 115 79 40
rect:223 327 104 29 78
rect:221 502 50 112 40
rect:273 189 46 118 40
rect:101 258 66 192 40
rect:62 121 86 196 40
Izmit1999_11.jpg 0x0
rect:264 279 53 170 40
rect:223 184 75 200 40
rect:215 272 75 176 40
rect:210 191 176 216 41
rect:148 453 96 104 41
Izmit1999_12.jpg 0x0
rect:278 174 58 123 42
rect:95 83 34 24 6
rect:671 234 233 226 91
rect:115 215 64 60 88
rect:585 117 55 106 41
rect:593 19 78 75 34
rect:202 196 40 35 6
rect:370 198 108 192 94
rect:542 205 53 67 41
rect:295 116 57 73 45
rect:1 185 39 46 41
rect:354 342 95 84 41
rect:443 164 50 48 7
rect:57 325 56 77 52
rect:114 312 24 35 40
rect:20 84 40 19 6
rect:57 265 69 98 94
rect:341 386 77 137 52
Izmit1999_13.jpg 0x0
rect:323 101 241 425 48
rect:79 111 64 44 6
rect:5 87 107 214 42
rect:270 116 98 179 41
rect:178 331 28 125 41
rect:102 233 97 130 94
rect:342 108 85 86 41
rect:157 234 46 115 41
rect:124 283 54 78 52
Izmit1999_14.jpg 0x0
rect:57 188 83 79 34
rect:411 39 57 67 95
rect:401 204 98 84 35
rect:387 9 135 94 35
rect:362 75 65 99 34
rect:266 384 39 22 34
rect:514 248 57 41 34
rect:284 394 50 30 34
rect:363 278 67 44 34
Izmit1999_15.jpg 0x0
rect:119 243 196 379 42
Izmit1999_16.jpg 0x0
rect:65 52 282 386 33
rect:169 69 186 370 39
rect:197 96 189 185 41
rect:232 83 39 88 40
Izmit1999_17.jpg 0x0
rect:78 160 159 225 41
Izmit1999_18.jpg 0x0
rect:164 106 99 371 39
rect:234 140 87 120 41
Izmit1999_19.jpg 0x0
rect:357 191 31 52 50
rect:194 105 223 284 32
rect:272 84 213 254 96
rect:540 180 24 98 50
Kobe1995_01.jpg 0x0
rect:24 176 544 133 63
Kobe1995_02.jpg 0x0
rect:2 48 352 418 68
Kobe1995_03.jpg 0x0
rect:32 74 493 741 10
Kobe1995_04.jpg 0x0
rect:301 217 68 67 41
Kobe1995_05.jpg 0x0
rect:121 121 270 543 52
rect:114 405 257 154 78
rect:361 183 184 506 40
rect:47 189 329 72 78
rect:4 142 90 428 40
Kobe1995_06.jpg 0x0
rect:67 183 342 448 41
rect:180 365 246 288 42
Kobe1995_07.jpg 0x0
rect:305 137 33 41 39
rect:283 280 35 38 39
rect:269 140 29 49 39
rect:406 252 58 45 39
rect:174 271 37 28 39
rect:454 265 37 34 39
rect:136 224 34 47 39
rect:126 194 51 58 39
rect:526 405 31 49 39
rect:198 106 37 31 39
rect:307 229 37 46 39
rect:323 230 39 28 39
rect:42 303 47 33 39
rect:293 102 52 38 39
rect:209 292 30 53 39
rect:292 195 54 51 39
rect:235 278 28 39 39
rect:124 198 34 31 39
rect:269 509 20 47 39
rect:281 310 44 27 39
rect:56 263 35 42 39
rect:383 534 58 54 39
rect:141 224 41 28 39
rect:346 298 29 54 39
rect:254 198 36 42 39
rect:181 309 27 29 39
Kobe1995_08.jpg 0x0
rect:221 71 517 151 97
Kobe1995_09.jpg 0x0
rect:101 471 89 74 88
rect:150 668 227 73 97
rect:77 719 78 78 88
rect:102 618 63 71 88
SanSalvador_1986_01.jpg 0x0
rect:49 3 94 212 68
rect:176 115 118 154 41
SanSalvador_1986_02.jpg 0x0
rect:606 328 49 45 41
rect:499 146 25 30 41
rect:294 190 53 46 41
rect:261 115 19 27 41
rect:492 154 48 46 42
rect:272 235 32 40 41
rect:145 161 34 27 41
rect:145 226 34 31 41
rect:150 224 40 31 41
SikkimIndia2001_01.jpg 0x0
rect:198 137 152 129 34
SikkimIndia2001_02.jpg 0x0
rect:487 323 72 15 16
rect:-15 2 481 133 33
rect:315 91 136 194 33
rect:12 7 266 73 16
rect:145 84 240 437 33
rect:10 176 61 47 54
rect:574 101 122 37 16
rect:280 249 63 51 16
SikkimIndia2001_03.jpg 0x0
rect:159 98 96 210 69
rect:277 12 226 618 98
rect:234 262 77 138 70
SikkimIndia2001_04.jpg 0x0
rect:196 170 83 183 34
rect:3 31 312 277 99
rect:454 231 203 83 99
SumatraInd2009_01.jpg 0x0
rect:334 30 83 374 81
SumatraInd2009_02.jpg 0x0
rect:207 88 223 141 41
WhittierNarrows1987_01.jpg 0x0
rect:15 38 578 294 10
WhittierNarrows1987_02.jpg 0x0
rect:209 273 83 358 41
WhittierNarrows1987_03.jpg 0x0
rect:229 106 116 239 32
WhittierNarrows1987_04.jpg 0x0
rect:197 14 321 161 100
rect:260 63 79 229 41
rect:187 6 399 95 6
YogyakartaInd2006_01.jpg 0x0
rect:264 38 407 301 32
rect:248 96 226 97 49
rect:134 -28 290 590 29
YogyakartaInd2006_02.jpg 0x0
rect:454 137 76 180 70
rect:249 129 50 258 69
rect:339 68 174 373 98
