Anchorage1964_01.jpg 0x0
rect:69 416 234 188 1
rect:78 6 185 177 1
Anchorage1964_02.jpg 0x0
rect:416 309 19 52 3
rect:264 76 73 60 4
rect:36 17 143 32 5
rect:371 66 159 135 8
rect:89 279 26 16 6
rect:126 136 83 51 7
rect:26 188 181 38 5
rect:226 277 32 59 3
rect:176 201 21 89 3
rect:438 326 29 42 3
rect:199 43 274 97 4
rect:190 296 474 95 2
rect:237 198 32 58 3
rect:681 297 14 72 3
rect:600 250 13 68 3
rect:357 205 15 67 3
rect:124 213 60 17 6
rect:51 28 61 17 6
rect:306 139 79 68 4
Anchorage1964_03.jpg 0x0
rect:0 235 723 87 10
rect:237 97 282 144 9
rect:2 277 301 76 9
Anchorage1964_04.jpg 0x0
rect:262 251 28 18 5
rect:246 369 9 18 1
rect:272 140 23 29 1
rect:354 87 23 30 1
rect:376 208 26 19 5
rect:323 147 38 26 5
rect:314 342 23 23 1
rect:130 148 31 14 5
rect:430 122 34 22 5
rect:113 385 26 13 5
rect:276 372 23 15 5
rect:112 115 36 18 5
rect:168 211 21 23 5
rect:340 343 10 1 1
rect:319 396 40 22 5
rect:301 207 17 31 1
rect:304 459 18 30 1
rect:350 27 41 16 5
rect:135 340 33 18 5
rect:289 256 17 24 1
rect:140 267 22 17 5
rect:161 51 43 11 5
rect:391 51 43 17 5
rect:200 246 20 30 1
rect:266 445 21 21 5
rect:206 82 30 14 5
rect:244 371 22 20 5
rect:257 376 66 12 2
rect:347 299 24 15 5
rect:126 107 21 20 5
rect:244 223 38 23 5
rect:358 556 16 20 1
rect:193 23 25 17 5
rect:218 346 25 20 8
rect:181 514 30 26 5
rect:192 314 39 17 5
rect:228 359 29 25 1
rect:392 152 38 17 5
rect:300 167 14 24 1
Anchorage1964_05.jpg 0x0
rect:100 73 15 40 1
rect:347 191 38 60 8
rect:51 338 26 56 1
rect:87 329 23 45 1
rect:376 237 150 56 2
rect:472 18 43 39 1
rect:48 177 20 40 1
rect:622 100 36 58 1
rect:123 28 25 53 1
rect:383 227 41 31 11
rect:521 315 37 76 8
rect:227 46 110 52 6
rect:218 173 118 21 5
rect:418 70 28 76 1
rect:679 213 31 23 6
rect:567 206 31 41 1
rect:523 1 39 67 1
rect:343 238 17 22 11
rect:65 209 28 28 1
rect:367 213 44 51 1
rect:721 423 44 25 5
rect:403 219 56 55 1
rect:62 90 20 50 1
rect:178 165 127 40 6
rect:85 238 17 61 1
rect:161 38 75 35 5
rect:609 248 55 42 5
rect:669 284 39 14 6
rect:42 501 30 38 1
Anchorage1964_06.jpg 0x0
rect:102 94 256 516 12
rect:216 104 102 303 3
rect:127 217 49 101 11
Anchorage1964_07.jpg 0x0
rect:8 277 363 30 14
rect:287 132 60 112 13
rect:12 192 215 32 11
rect:259 105 135 118 11
rect:287 283 318 224 2
rect:379 131 60 118 3
rect:8 82 664 431 2
rect:211 2 129 65 2
rect:395 161 67 106 11
Anchorage1964_08.jpg 0x0
rect:63 99 112 138 1
rect:246 383 144 127 1
rect:44 276 120 83 1
rect:228 270 152 95 1
rect:310 33 139 80 1
rect:58 600 130 100 1
Anchorage1964_09.jpg 0x0
rect:578 220 1 1 16
rect:10 14 432 16 15
rect:497 10 81 12 16
rect:477 136 61 56 1
rect:15 128 21 12 16
rect:94 157 66 82 1
rect:315 8 229 14 15
rect:180 134 363 13 15
rect:102 39 86 63 8
rect:387 259 56 50 8
rect:292 138 69 62 1
rect:100 230 80 47 8
rect:40 194 58 10 16
rect:461 37 66 65 8
rect:454 107 132 24 15
rect:214 178 71 69 1
rect:469 102 120 27 15
rect:13 97 88 18 15
rect:15 12 45 13 16
Anchorage1964_10.jpg 0x0
rect:59 239 374 430 1
rect:208 183 180 87 18
rect:61 341 325 160 18
rect:216 321 90 135 17
Anchorage1964_11.jpg 0x0
rect:101 559 709 22 14
rect:571 164 165 69 1
rect:73 439 745 13 14
rect:700 7 133 49 1
rect:93 244 635 87 2
rect:245 207 190 28 11
rect:156 62 198 116 4
rect:182 125 364 19 15
Anchorage1964_12.jpg 0x0
rect:10 85 438 203 2
rect:413 63 38 185 3
rect:500 59 47 160 3
rect:195 166 28 113 3
rect:303 100 220 220 11
Anchorage1964_13.jpg 0x0
rect:498 372 37 186 20
rect:326 365 152 17 19
rect:321 428 178 22 2
Anchorage1964_14.jpg 0x0
rect:247 227 163 70 15
rect:24 442 28 73 22
rect:11 776 206 83 11
rect:261 15 82 171 11
rect:98 321 97 37 15
rect:147 13 102 811 20
rect:301 523 178 64 23
rect:513 5 82 100 11
rect:135 554 33 54 22
rect:266 307 80 96 21
rect:52 696 60 62 22
rect:111 729 44 55 22
Anchorage1964_15.jpg 0x0
rect:199 178 45 79 11
rect:435 9 73 71 4
rect:314 8 80 62 4
rect:329 254 151 41 11
rect:179 183 148 47 15
rect:160 59 81 385 20
rect:456 218 118 36 24
rect:283 111 35 67 25
rect:236 339 160 48 2
Anchorage1964_16.jpg 0x0
rect:254 106 301 111 2
rect:151 184 210 249 11
rect:17 403 50 107 2
rect:74 283 83 119 11
rect:354 266 97 236 2
rect:17 152 237 234 2
Anchorage1964_17.jpg 0x0
rect:9 175 692 276 10
rect:9 139 206 97 9
rect:193 49 176 175 9
Anchorage1964_18.jpg 0x0
rect:199 210 63 115 4
rect:683 224 76 16 2
rect:344 358 56 20 2
rect:697 173 84 85 4
rect:271 216 32 60 11
rect:324 336 382 29 15
rect:138 342 18 56 11
rect:119 392 80 56 11
rect:479 162 137 101 4
rect:417 242 34 19 2
Anchorage1964_19.jpg 0x0
rect:389 286 15 37 26
rect:550 181 10 15 26
rect:297 203 37 53 26
rect:34 321 33 81 27
rect:312 251 24 44 26
rect:275 138 37 25 27
rect:405 133 52 75 29
rect:399 133 7 20 26
rect:504 144 15 37 26
rect:229 89 89 155 29
rect:6 326 99 109 26
rect:541 248 32 37 28
rect:452 104 26 21 26
rect:325 154 21 66 29
rect:343 82 52 47 26
rect:425 190 10 25 26
rect:390 141 33 46 28
rect:655 129 7 7 26
Anchorage1964_20.jpg 0x0
rect:215 94 98 48 27
rect:295 554 54 150 26
rect:151 69 78 59 26
rect:465 465 32 101 26
rect:235 69 106 121 29
Anchorage1964_21.jpg 0x0
rect:39 207 39 35 26
rect:2 75 48 41 26
rect:180 196 530 214 30
rect:-7 73 77 111 29
Bingol2003_01.jpg 0x0
rect:453 112 110 181 31
rect:758 163 82 66 33
rect:390 232 75 78 33
rect:283 76 63 33 6
rect:23 218 64 71 33
rect:2 320 916 254 10
rect:359 341 61 176 32
rect:660 279 102 81 33
rect:498 93 61 80 6
rect:706 310 57 56 6
rect:525 285 71 71 6
rect:525 321 185 87 6
rect:178 232 58 67 33
rect:652 391 151 208 31
rect:994 565 103 52 33
rect:329 389 51 60 34
rect:563 249 44 141 34
rect:808 95 101 71 6
rect:333 446 95 115 6
Bingol2003_02.jpg 0x0
rect:86 507 205 276 32
rect:460 289 305 152 35
rect:194 99 505 217 34
rect:449 356 132 105 26
rect:244 474 80 74 6
rect:191 179 713 479 31
rect:782 48 109 83 36
rect:244 194 102 341 32
Bingol2003_03.jpg 0x0
rect:106 35 94 109 33
rect:568 -6 283 286 4
rect:402 194 177 82 11
rect:991 609 208 280 2
rect:872 182 328 691 4
rect:78 18 126 34 2
rect:355 150 452 162 2
Bingol2003_04.jpg 0x0
rect:158 506 36 74 3
rect:63 778 99 71 2
rect:165 392 222 176 2
rect:353 220 207 188 4
rect:258 545 45 94 3
rect:228 434 31 68 3
rect:90 607 24 63 3
rect:403 509 87 86 2
CanterburyNZSeries2010_01.jpg 0x0
rect:97 123 94 309 12
CanterburyNZSeries2010_02.jpg 0x0
rect:57 58 169 193 6
rect:35 11 210 253 37
CanterburyNZSeries2010_03.jpg 0x0
rect:56 90 245 160 38
CanterburyNZSeries2010_04.jpg 0x0
rect:290 11 100 150 42
rect:421 436 20 42 40
rect:344 463 19 60 40
rect:162 320 203 281 39
rect:177 397 23 134 40
rect:276 387 38 93 40
rect:312 390 28 58 40
rect:238 412 90 305 41
CanterburyNZSeries2010_05.jpg 0x0
rect:410 272 166 76 15
rect:256 317 146 313 4
CanterburyNZSeries2010_06.jpg 0x0
rect:80 83 591 598 4
rect:188 183 279 104 2
CanterburyNZSeries2010_08.jpg 0x0
rect:1028 524 65 174 44
rect:869 621 33 199 32
rect:735 377 113 121 44
rect:428 138 145 218 43
CanterburyNZSeries2010_09.jpg 0x0
rect:234 94 184 138 45
rect:248 267 168 426 39
CanterburyNZSeries2010_10.jpg 0x0
rect:287 279 466 258 6
rect:380 259 151 61 46
rect:270 123 204 125 7
rect:196 590 253 87 6
CanterburyNZSeries2010_11.jpg 0x0
rect:313 275 397 175 5
rect:292 177 296 124 7
CanterburyNZSeries2010_12.jpg 0x0
rect:56 430 806 281 2
rect:5 224 965 478 47
rect:560 358 127 77 11
rect:155 428 192 35 11
CanterburyNZSeries2010_13.jpg 0x0
rect:120 18 313 550 12
rect:355 143 121 353 11
Caracas1967_01.jpg 0x0
rect:447 71 185 237 48
rect:239 224 28 113 48
rect:447 201 72 117 48
rect:287 164 12 65 48
Caracas1967_02.jpg 0x0
rect:132 301 47 63 49
rect:138 198 257 215 51
rect:141 310 42 33 50
rect:252 1 138 217 15
Caracas1967_03.jpg 0x0
rect:11 409 292 69 6
rect:274 354 37 85 27
rect:224 57 62 112 14
rect:307 455 75 82 26
rect:186 282 87 154 34
rect:287 375 25 70 27
Caracas1967_04.jpg 0x0
rect:98 342 218 133 34
rect:182 245 22 93 27
rect:175 282 48 134 26
Caracas1967_05.jpg 0x0
rect:73 405 157 216 52
rect:32 125 501 469 48
rect:184 322 175 121 52
rect:248 437 47 177 40
rect:58 391 53 238 40
rect:198 252 32 259 40
rect:351 293 51 192 40
rect:303 333 73 233 40
rect:347 199 32 248 40
rect:32 183 369 446 41
Caracas1967_06.jpg 0x0
rect:304 81 303 214 7
rect:293 355 55 53 6
Caracas1967_07.jpg 0x0
rect:214 98 155 253 34
rect:386 355 78 108 53
rect:248 136 46 169 27
rect:402 211 169 257 34
rect:455 8 105 277 34
rect:524 60 31 300 27
rect:361 458 95 65 53
Caracas1967_08.jpg 0x0
rect:340 202 105 105 54
rect:165 244 91 110 55
rect:177 301 82 75 54
Caracas1967_09.jpg 0x0
rect:131 182 86 65 48
rect:23 194 42 71 48
rect:74 154 79 47 48
rect:314 12 213 170 48
Caracas1967_10.jpg 0x0
rect:438 263 93 137 40
rect:237 284 90 228 40
rect:23 201 410 381 48
rect:34 200 339 400 41
Caracas1967_11.jpg 0x0
rect:39 16 514 804 48
rect:231 18 122 306 41
rect:51 261 325 590 41
Caracas1967_12.jpg 0x0
rect:639 463 18 44 32
rect:585 183 44 42 34
rect:289 380 29 46 56
rect:816 240 20 48 32
Caracas1967_13.jpg 0x0
rect:166 469 171 286 55
Caracas1967_14.jpg 0x0
rect:111 145 414 204 57
rect:114 296 194 52 6
Chichi1999_01.jpg 0x0
rect:262 115 53 177 42
rect:5 7 733 127 58
Chichi1999_02.jpg 0x0
rect:275 84 185 477 59
rect:5 78 393 152 58
Chichi1999_03.jpg 0x0
rect:0 128 581 194 58
rect:74 154 65 103 60
Chichi1999_04.jpg 0x0
rect:199 220 72 358 48
rect:246 -19 64 91 48
rect:261 211 30 51 52
Chichi1999_05.jpg 0x0
rect:418 90 110 212 48
rect:316 219 48 74 52
rect:365 100 40 44 41
rect:395 333 21 36 41
Chichi1999_06.jpg 0x0
rect:766 197 51 66 41
rect:160 22 401 173 10
rect:269 237 35 117 48
rect:237 109 47 62 62
rect:570 -11 103 74 61
rect:380 162 24 40 52
Chichi1999_07.jpg 0x0
rect:63 176 459 138 63
rect:544 273 20 26 64
rect:145 183 39 173 48
rect:338 173 34 39 64
rect:710 271 54 129 48
rect:158 178 25 37 64
rect:461 225 63 118 48
Chichi1999_08.jpg 0x0
rect:115 13 607 450 10
Chichi1999_09.jpg 0x0
rect:244 77 156 164 48
rect:299 84 58 65 40
rect:178 72 141 82 41
rect:177 99 26 70 40
Chichi1999_10.jpg 0x0
rect:175 23 601 403 10
Chichi1999_11.jpg 0x0
rect:2 140 235 504 10
rect:161 220 77 106 65
Chichi1999_12.jpg 0x0
rect:9 27 558 568 66
Chichi1999_13.jpg 0x0
rect:32 50 593 357 10
Chichi1999_14.jpg 0x0
rect:201 379 32 37 67
rect:96 606 46 49 67
rect:114 187 33 68 67
rect:325 283 26 57 39
rect:69 381 35 53 67
rect:107 272 65 63 67
rect:349 388 62 80 67
rect:181 495 22 39 39
rect:258 235 19 52 67
rect:216 304 34 51 67
rect:198 359 27 56 67
rect:445 374 39 53 67
rect:130 193 79 52 67
rect:110 593 34 30 67
rect:313 446 22 48 39
rect:83 442 62 59 67
rect:322 288 19 26 39
Chichi1999_15.jpg 0x0
rect:276 24 317 346 41
Chichi1999_16.jpg 0x0
rect:125 147 74 127 32
Chichi1999_17.jpg 0x0
rect:98 379 28 55 32
Chichi1999_18.jpg 0x0
rect:285 286 33 161 69
rect:126 303 21 106 69
rect:299 399 35 112 69
rect:197 189 122 393 68
rect:146 228 48 118 69
rect:193 212 46 102 70
Chichi1999_19.jpg 0x0
rect:241 17 240 401 2
rect:196 149 220 284 3
YogyakartaInd2006_03.jpg 0x0
rect:201 23 112 2 15
rect:250 338 228 153 71
rect:377 86 91 40 16
rect:279 200 24 8 16
rect:213 150 50 29 15
rect:222 439 43 35 16
rect:289 407 229 21 15
rect:309 51 174 57 15
Chichi1999_20.jpg 0x0
rect:196 310 49 189 41
rect:177 192 138 365 42
Chichi1999_21.jpg 0x0
rect:306 147 173 124 6
rect:139 128 202 252 72
rect:292 29 285 164 37
rect:532 6 153 90 57
rect:23 4 232 188 30
rect:212 296 200 114 37
rect:56 489 167 144 5
rect:191 278 115 126 6
Chichi1999_22.jpg 0x0
rect:328 279 14 24 73
rect:181 180 324 119 10
rect:405 212 14 26 73
rect:251 284 10 15 73
Chichi1999_23.jpg 0x0
rect:382 186 30 28 26
rect:353 248 89 83 73
rect:324 224 27 29 27
rect:145 216 17 19 34
rect:310 315 39 92 34
rect:106 318 49 108 73
rect:120 161 47 56 73
rect:140 406 36 82 34
rect:4 54 563 142 74
rect:244 178 34 78 73
Chichi1999_24.jpg 0x0
rect:3 271 292 266 74
rect:224 196 70 67 34
rect:337 270 1 2 46
rect:219 122 128 112 75
rect:203 195 50 76 46
Chichi1999_25.jpg 0x0
rect:195 146 125 316 73
rect:196 225 56 65 26
rect:150 223 100 195 34
Chichi1999_26.jpg 0x0
rect:199 186 70 110 73
rect:91 437 139 138 73
rect:91 636 91 150 27
rect:271 317 144 500 76
rect:130 447 109 80 26
rect:219 20 33 35 73
Chichi1999_27.jpg 0x0
rect:146 231 99 295 32
Chichi1999_28.jpg 0x0
rect:196 75 114 164 5
rect:374 94 147 283 75
rect:305 331 226 105 77
rect:14 72 285 90 6
Chichi1999_29.jpg 0x0
rect:105 210 246 259 48
rect:231 171 91 169 52
rect:207 230 88 145 40
Chichi1999_30.jpg 0x0
rect:35 305 98 198 73
rect:138 136 233 58 78
rect:220 171 193 83 52
rect:246 143 247 326 40
Chichi1999_31.jpg 0x0
rect:207 91 146 370 79
rect:500 75 55 155 48
Chichi1999_32.jpg 0x0
rect:127 177 43 110 81
rect:175 67 33 175 81
rect:373 145 58 238 39
rect:127 8 85 387 80
Chichi1999_33.jpg 0x0
rect:212 165 39 97 49
rect:202 119 107 191 56
rect:92 106 103 278 32
rect:110 201 46 96 49
rect:326 105 97 341 32
rect:61 55 166 630 33
Chichi1999_34.jpg 0x0
rect:162 100 393 488 10
Duzce1999_01.jpg 0x0
rect:161 156 78 147 41
rect:102 73 104 261 39
Duzce1999_02.jpg 0x0
rect:69 62 150 278 41
Duzce1999_03.jpg 0x0
rect:0 147 133 269 31
rect:246 106 70 356 31
rect:86 111 97 213 42
Gediz1970_01.jpg 0x0
rect:94 253 127 307 69
rect:92 82 291 424 68
rect:203 396 74 206 69
Guatemala1976_01.jpg 0x0
rect:689 187 61 81 41
rect:39 153 102 144 48
rect:43 210 57 52 52
rect:576 157 174 118 48
rect:49 157 61 56 41
rect:26 167 722 135 82
Guatemala1976_02.jpg 0x0
rect:213 95 362 181 48
rect:346 58 95 88 40
Guatemala1976_03.jpg 0x0
rect:20 95 536 296 75
Guatemala1976_04.jpg 0x0
rect:52 82 365 176 30
rect:102 20 437 62 30
rect:434 177 130 288 4
rect:351 271 82 234 4
Guatemala1976_05.jpg 0x0
rect:157 146 360 124 41
rect:112 87 417 384 48
rect:141 141 302 192 40
Guatemala1976_06.jpg 0x0
rect:135 107 242 327 39
Guatemala1976_07.jpg 0x0
rect:28 278 484 363 10
rect:27 376 45 46 6
rect:261 481 158 90 83
Guatemala1976_08.jpg 0x0
rect:148 49 356 405 41
rect:210 39 323 438 48
rect:390 72 177 310 40
Guatemala1976_09.jpg 0x0
rect:267 338 59 60 84
rect:801 345 77 54 85
rect:569 236 57 59 84
rect:301 220 52 37 85
rect:111 229 34 33 84
rect:75 257 35 23 85
rect:205 171 52 74 85
rect:205 350 39 29 84
Guatemala1976_10.jpg 0x0
rect:362 369 34 87 87
rect:197 155 201 168 87
rect:193 169 254 234 86
Guatemala1976_11.jpg 0x0
rect:187 288 89 177 34
GujaratIndia2001_01.jpg 0x0
rect:29 265 206 227 4
rect:209 483 290 67 2
rect:323 588 43 70 11
rect:98 551 81 35 2
Haiti2010_01.jpg 0x0
rect:297 109 132 354 41
rect:283 233 34 97 40
rect:667 227 134 107 4
rect:147 36 152 82 7
rect:461 467 185 206 4
Haiti2010_02.jpg 0x0
rect:39 127 367 224 88
rect:314 26 129 55 14
Haiti2010_03.jpg 0x0
rect:243 610 74 64 49
rect:269 517 189 242 89
rect:337 1 84 772 32
rect:191 321 241 158 32
Haiti2010_04.jpg 0x0
rect:2 120 241 149 6
rect:193 307 403 520 41
rect:263 37 233 269 34
Haiti2010_05.jpg 0x0
rect:271 260 21 111 40
rect:336 195 44 122 40
rect:206 149 233 429 90
rect:237 283 146 101 52
Haiti2010_06.jpg 0x0
rect:196 243 267 400 91
rect:392 158 238 459 33
rect:337 175 61 248 32
rect:468 183 696 731 91
rect:379 181 71 93 34
rect:489 252 86 45 6
rect:273 363 44 51 34
ImperialValley1979_01.jpg 0x0
rect:61 399 77 133 50
rect:427 332 14 17 49
rect:492 248 29 39 32
rect:628 413 27 19 49
rect:441 406 38 47 50
rect:12 398 166 110 32
rect:415 415 68 50 32
rect:16 470 51 64 49
rect:337 260 46 29 49
rect:446 308 38 48 32
rect:396 258 46 80 50
ImperialValley1979_02.jpg 0x0
rect:164 83 250 224 32
rect:395 116 64 209 50
rect:236 133 100 202 50
rect:202 171 225 62 92
rect:220 155 50 175 50
rect:210 199 86 56 49
ImperialValley1979_03.jpg 0x0
rect:106 303 203 28 92
rect:81 221 76 244 50
rect:118 503 284 38 92
rect:250 223 90 159 50
rect:127 287 258 162 32
rect:210 321 84 164 50
rect:105 155 156 172 32
Izmit1999_01.jpg 0x0
rect:141 75 373 413 34
rect:200 143 34 132 27
rect:309 275 47 120 27
rect:548 218 73 48 26
rect:352 122 59 166 27
Izmit1999_02.jpg 0x0
rect:29 151 498 260 10
Izmit1999_03.jpg 0x0
rect:165 68 292 362 32
rect:253 149 39 135 50
rect:498 89 31 233 50
rect:115 34 372 462 93
rect:494 66 34 190 50
rect:141 111 76 279 50
rect:571 69 47 356 50
rect:188 259 259 40 92
Izmit1999_04.jpg 0x0
rect:162 314 149 49 88
rect:349 260 27 75 40
rect:316 77 110 95 48
rect:40 371 51 50 34
rect:103 552 173 99 88
rect:292 297 90 92 41
rect:269 466 20 77 40
rect:74 563 25 90 42
rect:44 610 42 137 41
rect:248 75 68 101 41
Izmit1999_05.jpg 0x0
rect:79 21 785 478 10
Izmit1999_06.jpg 0x0
rect:249 223 64 150 50
rect:74 246 61 207 50
rect:158 218 161 93 49
rect:250 359 50 189 50
rect:166 283 57 257 50
rect:146 218 148 567 32
Izmit1999_07.jpg 0x0
rect:366 172 44 85 3
rect:208 203 62 112 3
rect:20 122 412 478 2
rect:419 76 172 39 6
rect:297 315 88 301 4
rect:218 249 36 110 3
rect:261 141 51 84 3
Izmit1999_08.jpg 0x0
rect:140 163 89 67 41
rect:202 275 154 119 88
rect:381 58 65 72 41
rect:140 418 113 106 45
rect:181 28 86 89 34
rect:435 5 74 74 45
rect:382 74 62 35 52
Izmit1999_09.jpg 0x0
rect:249 271 67 91 41
rect:45 147 42 42 41
rect:652 268 44 74 41
rect:744 199 45 61 94
rect:410 178 81 88 94
rect:337 165 53 37 41
Izmit1999_10.jpg 0x0
rect:68 158 100 200 40
rect:302 444 100 23 78
rect:109 334 329 61 78
rect:151 181 79 170 40
rect:108 139 346 645 41
rect:202 132 110 128 40
rect:280 495 50 64 40
rect:209 397 114 112 40
rect:202 194 59 215 40
rect:32 262 390 36 78
rect:207 440 186 43 78
Izmit1999_11.jpg 0x0
rect:219 233 149 173 41
rect:307 320 60 219 40
rect:228 271 63 157 40
rect:156 288 53 151 40
rect:224 594 96 154 41
Izmit1999_12.jpg 0x0
rect:1 170 30 29 41
rect:280 142 54 31 6
rect:17 94 40 20 6
rect:290 235 43 115 42
rect:650 186 221 208 91
rect:558 171 56 59 7
rect:298 360 66 153 94
rect:404 380 88 152 41
rect:56 262 51 103 94
rect:108 201 70 47 88
rect:602 156 44 68 41
rect:634 124 40 65 41
rect:424 20 62 54 34
rect:292 271 44 145 52
rect:71 354 37 44 40
rect:305 114 47 56 45
rect:122 81 36 17 6
rect:74 302 53 81 52
Izmit1999_13.jpg 0x0
rect:308 101 85 111 41
rect:298 58 191 380 48
rect:116 236 135 168 94
rect:157 341 74 82 52
rect:312 121 104 289 41
rect:152 288 32 113 41
rect:4 53 93 157 42
rect:122 130 60 36 6
rect:182 307 31 102 41
Izmit1999_14.jpg 0x0
rect:337 7 170 52 35
rect:329 389 59 31 34
rect:355 61 101 80 34
rect:492 113 112 71 35
rect:421 413 44 18 34
rect:436 265 52 41 34
rect:484 61 53 68 95
rect:50 142 121 69 34
rect:476 278 86 47 34
Izmit1999_15.jpg 0x0
rect:170 164 270 396 42
Izmit1999_16.jpg 0x0
rect:107 57 435 570 33
rect:167 114 167 119 41
rect:167 88 321 255 39
rect:170 116 40 95 40
Izmit1999_17.jpg 0x0
rect:79 115 175 282 41
Izmit1999_18.jpg 0x0
rect:243 122 120 101 41
rect:155 157 104 250 39
Izmit1999_19.jpg 0x0
rect:302 87 234 337 96
rect:564 125 27 94 50
rect:339 124 21 79 50
rect:322 165 310 228 32
Kobe1995_01.jpg 0x0
rect:26 153 951 115 63
Kobe1995_02.jpg 0x0
rect:2 63 668 479 68
Kobe1995_03.jpg 0x0
rect:39 64 500 793 10
Kobe1995_04.jpg 0x0
rect:328 273 51 57 41
Kobe1995_05.jpg 0x0
rect:4 192 133 483 40
rect:407 203 128 320 40
rect:124 202 149 706 52
rect:102 510 219 99 78
rect:41 199 343 76 78
Kobe1995_06.jpg 0x0
rect:161 440 400 447 42
rect:53 110 423 603 41
Kobe1995_07.jpg 0x0
rect:125 398 29 20 39
rect:137 111 24 47 39
rect:183 144 51 32 39
rect:339 409 45 41 39
rect:329 118 35 25 39
rect:252 554 34 46 39
rect:226 357 38 33 39
rect:255 266 38 40 39
rect:402 288 29 51 39
rect:228 337 45 24 39
rect:157 470 30 40 39
rect:431 123 52 32 39
rect:254 243 38 36 39
rect:176 103 33 31 39
rect:105 218 30 50 39
rect:238 188 40 46 39
rect:334 393 25 32 39
rect:277 268 32 51 39
rect:268 423 55 39 39
rect:43 356 51 36 39
rect:282 351 30 41 39
rect:145 442 40 32 39
rect:322 205 53 61 39
rect:34 187 49 63 39
rect:291 333 34 38 39
rect:162 310 49 48 39
Kobe1995_08.jpg 0x0
rect:216 63 466 195 97
Kobe1995_09.jpg 0x0
rect:191 737 143 80 97
rect:107 815 85 103 88
rect:90 653 71 83 88
rect:79 406 68 56 88
SanSalvador_1986_01.jpg 0x0
rect:206 113 144 153 41
rect:49 3 140 214 68
SanSalvador_1986_02.jpg 0x0
rect:138 136 30 22 41
rect:604 230 38 44 42
rect:199 169 32 41 41
rect:350 133 17 24 41
rect:391 231 33 41 41
rect:396 309 24 42 41
rect:306 186 53 55 41
rect:363 223 39 40 41
rect:158 368 32 33 41
SikkimIndia2001_01.jpg 0x0
rect:195 160 134 151 34
SikkimIndia2001_02.jpg 0x0
rect:346 219 70 15 16
rect:333 248 88 41 16
rect:313 129 125 179 33
rect:-19 2 316 82 33
rect:594 145 84 44 16
rect:7 5 374 77 16
rect:182 68 152 380 33
rect:8 197 61 56 54
SikkimIndia2001_03.jpg 0x0
rect:216 124 96 195 69
rect:209 13 213 381 98
rect:280 201 122 144 70
SikkimIndia2001_04.jpg 0x0
rect:293 161 120 120 34
rect:354 247 217 75 99
rect:3 25 321 285 99
SumatraInd2009_01.jpg 0x0
rect:297 30 47 375 81
SumatraInd2009_02.jpg 0x0
rect:245 81 178 129 41
WhittierNarrows1987_01.jpg 0x0
rect:12 27 972 409 10
WhittierNarrows1987_02.jpg 0x0
rect:184 278 138 195 41
WhittierNarrows1987_03.jpg 0x0
rect:308 93 169 256 32
WhittierNarrows1987_04.jpg 0x0
rect:184 15 227 135 100
rect:245 58 99 173 41
rect:241 8 251 76 6
YogyakartaInd2006_01.jpg 0x0
rect:283 32 287 272 32
rect:173 -19 315 527 29
rect:317 143 351 84 49
YogyakartaInd2006_02.jpg 0x0
rect:377 90 50 267 69
rect:448 134 78 242 70
rect:329 63 143 318 98
