Anchorage1964_01.jpg 0x0
rect:99 292 209 209 1
rect:87 6 239 132 1
Anchorage1964_02.jpg 0x0
rect:337 220 79 68 4
rect:385 279 16 46 3
rect:563 245 13 40 3
rect:37 239 148 46 5
rect:158 235 32 74 3
rect:212 53 82 94 4
rect:82 259 27 27 6
rect:183 177 80 67 7
rect:30 18 181 32 5
rect:432 187 25 67 3
rect:348 66 157 86 8
rect:75 26 115 16 6
rect:683 238 15 50 3
rect:155 258 56 16 6
rect:272 247 23 63 3
rect:139 325 455 117 2
rect:247 199 27 50 3
rect:256 29 253 63 4
rect:290 346 23 65 3
Anchorage1964_03.jpg 0x0
rect:0 290 597 80 10
rect:2 180 255 88 9
rect:339 74 378 200 9
Anchorage1964_04.jpg 0x0
rect:219 112 14 29 1
rect:308 276 12 22 1
rect:302 181 25 24 8
rect:315 167 30 21 5
rect:389 36 39 18 5
rect:139 160 27 16 5
rect:302 92 39 15 5
rect:221 448 61 19 2
rect:188 233 20 19 5
rect:361 285 9 1 1
rect:180 88 27 21 5
rect:170 20 21 22 5
rect:199 444 22 16 5
rect:269 91 39 16 5
rect:427 402 36 23 5
rect:357 397 33 18 5
rect:327 356 28 37 1
rect:210 261 39 14 5
rect:299 70 32 17 5
rect:445 180 27 21 5
rect:281 299 37 12 5
rect:180 166 29 20 5
rect:321 332 21 31 1
rect:203 253 18 26 1
rect:224 285 14 21 1
rect:218 534 34 14 5
rect:254 360 23 13 5
rect:246 218 32 18 5
rect:347 222 19 25 1
rect:333 446 20 33 1
rect:279 581 27 13 5
rect:360 228 21 20 1
rect:213 64 24 12 5
rect:151 352 46 18 5
rect:196 212 36 21 5
rect:245 138 26 23 1
rect:304 306 19 26 1
rect:189 150 23 14 5
rect:400 340 32 19 5
Anchorage1964_05.jpg 0x0
rect:104 100 18 64 1
rect:41 486 25 68 1
rect:164 39 105 40 5
rect:197 198 144 24 5
rect:332 77 31 59 1
rect:73 296 23 65 1
rect:62 109 21 55 1
rect:604 341 43 26 5
rect:681 311 57 12 6
rect:243 54 72 46 6
rect:304 154 43 24 11
rect:64 55 21 48 1
rect:49 197 20 36 1
rect:340 255 54 63 1
rect:649 441 38 76 8
rect:91 24 26 49 1
rect:272 184 145 94 2
rect:351 162 23 18 11
rect:444 220 43 72 1
rect:76 157 23 34 1
rect:229 165 148 48 6
rect:47 387 23 39 1
rect:524 30 43 49 1
rect:496 326 48 76 8
rect:498 272 52 30 5
rect:787 226 51 19 6
rect:400 136 50 45 1
rect:506 1 51 67 1
rect:541 157 40 66 1
Anchorage1964_06.jpg 0x0
rect:125 113 65 306 3
rect:207 175 88 114 11
rect:136 88 161 402 12
Anchorage1964_07.jpg 0x0
rect:172 2 145 68 2
rect:358 107 51 120 13
rect:9 49 635 316 2
rect:303 111 160 155 11
rect:444 179 412 166 2
rect:353 115 55 124 3
rect:13 232 183 44 11
rect:343 151 83 62 11
rect:8 392 503 29 14
Anchorage1964_08.jpg 0x0
rect:45 79 125 109 1
rect:310 206 109 87 1
rect:40 566 134 135 1
rect:59 388 81 130 1
rect:223 29 129 104 1
rect:327 498 153 135 1
Anchorage1964_09.jpg 0x0
rect:650 180 68 84 1
rect:85 341 61 53 8
rect:495 154 1 1 16
rect:563 160 104 24 15
rect:16 159 130 22 15
rect:85 46 66 51 8
rect:87 225 71 71 1
rect:485 360 54 68 8
rect:43 135 70 13 16
rect:16 17 48 14 16
rect:20 99 21 11 16
rect:454 8 263 16 15
rect:180 194 83 71 1
rect:513 33 66 64 8
rect:17 16 501 14 15
rect:505 123 90 15 15
rect:145 136 247 12 15
rect:281 110 56 84 1
rect:633 9 125 11 16
Anchorage1964_10.jpg 0x0
rect:176 235 68 148 17
rect:57 451 281 141 18
rect:88 231 338 409 1
rect:153 228 180 61 18
Anchorage1964_11.jpg 0x0
rect:108 466 613 21 14
rect:742 94 115 110 1
rect:127 162 519 81 2
rect:57 490 791 14 14
rect:177 202 378 18 15
rect:319 203 283 39 11
rect:97 54 145 117 4
rect:555 6 125 42 1
Anchorage1964_12.jpg 0x0
rect:535 103 44 156 3
rect:485 84 199 165 11
rect:12 67 574 201 2
rect:315 73 60 275 3
rect:202 232 29 101 3
Anchorage1964_13.jpg 0x0
rect:409 611 222 25 2
rect:548 439 31 133 20
rect:320 595 148 11 19
Anchorage1964_14.jpg 0x0
rect:56 486 35 89 22
rect:21 437 20 61 22
rect:557 6 68 177 11
rect:220 270 80 101 21
rect:104 225 173 28 15
rect:198 13 89 476 20
rect:247 15 74 244 11
rect:279 186 115 63 15
rect:142 616 46 51 22
rect:8 722 180 84 11
rect:236 782 175 88 23
rect:120 623 38 83 22
Anchorage1964_15.jpg 0x0
rect:203 153 37 67 25
rect:155 84 90 588 20
rect:204 99 44 69 11
rect:204 9 93 76 4
rect:403 7 86 52 4
rect:423 234 76 45 24
rect:309 381 202 54 2
rect:179 241 156 49 15
rect:449 161 94 44 11
Anchorage1964_16.jpg 0x0
rect:85 308 94 87 11
rect:254 73 326 168 2
rect:14 96 209 232 2
rect:146 233 324 258 11
rect:12 428 66 59 2
rect:618 250 144 135 2
Anchorage1964_17.jpg 0x0
rect:7 210 893 244 10
rect:9 150 185 114 9
rect:232 66 255 234 9
Anchorage1964_18.jpg 0x0
rect:604 347 57 13 2
rect:280 306 362 35 15
rect:359 239 43 71 11
rect:323 381 69 21 2
rect:119 156 89 106 4
rect:147 218 18 58 11
rect:564 184 120 93 4
rect:153 277 57 59 11
rect:608 322 26 19 2
rect:612 115 130 91 4
Anchorage1964_19.jpg 0x0
rect:394 132 28 30 27
rect:236 389 61 70 26
rect:381 173 19 66 29
rect:462 153 7 16 26
rect:6 201 77 121 26
rect:390 306 18 25 26
rect:422 90 21 49 26
rect:617 132 6 7 26
rect:277 154 36 28 26
rect:476 260 25 25 28
rect:445 82 45 70 29
rect:572 199 8 12 26
rect:319 211 11 18 26
rect:226 107 70 41 26
rect:578 111 58 41 28
rect:304 321 21 30 26
rect:26 213 34 77 27
rect:231 69 73 103 29
Anchorage1964_20.jpg 0x0
rect:145 89 90 87 26
rect:528 580 34 82 26
rect:297 346 92 156 26
rect:269 100 84 39 27
rect:153 71 170 154 29
Anchorage1964_21.jpg 0x0
rect:60 313 28 34 26
rect:-6 63 99 162 29
rect:218 194 479 211 30
rect:2 98 35 34 26
Bingol2003_01.jpg 0x0
rect:486 269 63 243 32
rect:376 322 149 219 31
rect:296 202 83 61 33
rect:333 455 62 63 34
rect:598 360 63 42 6
rect:364 286 36 50 6
rect:358 251 46 95 34
rect:943 225 105 59 33
rect:454 85 66 57 6
rect:338 392 133 90 6
rect:694 378 225 72 6
rect:28 264 78 56 33
rect:2 312 866 306 10
rect:485 96 137 179 31
rect:699 253 119 83 33
rect:485 72 55 66 6
rect:799 591 99 43 33
rect:138 259 74 93 33
rect:205 100 95 21 6
Bingol2003_02.jpg 0x0
rect:496 192 397 167 35
rect:978 87 107 81 36
rect:638 421 102 130 26
rect:154 513 207 175 32
rect:285 474 89 106 6
rect:240 259 110 279 32
rect:338 296 803 505 31
rect:115 76 482 168 34
Bingol2003_03.jpg 0x0
rect:80 42 97 129 33
rect:619 152 201 79 11
rect:599 595 243 262 2
rect:787 314 274 726 4
rect:851 -10 315 285 4
rect:99 21 190 41 2
rect:372 230 258 170 2
Bingol2003_04.jpg 0x0
rect:53 613 102 77 2
rect:327 679 138 61 2
rect:257 215 149 228 4
rect:232 690 34 89 3
rect:132 287 200 146 2
rect:316 303 48 159 3
rect:61 711 29 77 3
rect:140 669 31 70 3
CanterburyNZSeries2010_01.jpg 0x0
rect:75 92 106 255 12
CanterburyNZSeries2010_02.jpg 0x0
rect:44 9 228 318 37
rect:38 36 128 276 6
CanterburyNZSeries2010_03.jpg 0x0
rect:37 63 471 153 38
CanterburyNZSeries2010_04.jpg 0x0
rect:291 336 14 63 40
rect:239 534 28 84 40
rect:485 383 49 155 40
rect:277 255 199 373 39
rect:158 325 95 259 41
rect:246 10 92 207 42
rect:226 315 28 51 40
rect:321 450 20 156 40
CanterburyNZSeries2010_05.jpg 0x0
rect:403 268 148 261 4
rect:340 266 175 74 15
CanterburyNZSeries2010_06.jpg 0x0
rect:177 210 321 87 2
rect:88 114 987 683 4
CanterburyNZSeries2010_08.jpg 0x0
rect:772 463 29 207 32
rect:448 99 120 323 43
rect:568 365 80 113 44
rect:1144 568 81 109 44
CanterburyNZSeries2010_09.jpg 0x0
rect:339 393 210 394 39
rect:219 99 187 182 45
CanterburyNZSeries2010_10.jpg 0x0
rect:394 185 268 105 7
rect:223 229 187 73 46
rect:158 292 278 292 6
rect:175 532 218 83 6
CanterburyNZSeries2010_11.jpg 0x0
rect:387 297 330 138 7
rect:228 351 353 182 5
CanterburyNZSeries2010_12.jpg 0x0
rect:690 433 217 47 11
rect:48 276 1021 396 2
rect:217 661 116 44 11
rect:5 275 749 470 47
CanterburyNZSeries2010_13.jpg 0x0
rect:160 21 562 640 12
rect:463 217 127 587 11
Caracas1967_01.jpg 0x0
rect:506 86 136 325 48
rect:334 143 82 87 48
rect:251 134 11 62 48
rect:386 182 54 68 48
Caracas1967_02.jpg 0x0
rect:313 1 128 142 15
rect:188 153 178 362 51
rect:120 410 51 40 50
rect:142 282 34 80 49
Caracas1967_03.jpg 0x0
rect:13 459 219 89 6
rect:422 466 23 121 27
rect:287 445 35 55 27
rect:201 76 71 128 14
rect:196 285 87 202 34
rect:286 253 84 85 26
Caracas1967_04.jpg 0x0
rect:135 333 52 134 26
rect:139 341 23 114 27
rect:104 319 162 113 34
Caracas1967_05.jpg 0x0
rect:61 390 83 246 40
rect:67 421 167 260 52
rect:332 179 44 126 40
rect:334 261 61 285 40
rect:257 244 70 149 40
rect:35 80 477 411 48
rect:144 392 45 234 40
rect:311 296 117 188 52
rect:45 184 408 496 41
rect:280 150 48 220 40
Caracas1967_06.jpg 0x0
rect:446 216 92 40 6
rect:417 90 204 166 7
Caracas1967_07.jpg 0x0
rect:444 8 106 321 34
rect:410 41 32 168 27
rect:604 337 102 75 53
rect:432 373 76 136 53
rect:248 137 221 148 34
rect:349 267 133 325 34
rect:169 145 38 217 27
Caracas1967_08.jpg 0x0
rect:383 262 81 173 54
rect:304 245 72 91 54
rect:182 232 79 132 55
Caracas1967_09.jpg 0x0
rect:361 9 259 196 48
rect:81 221 80 47 48
rect:167 112 101 82 48
rect:25 272 43 61 48
Caracas1967_10.jpg 0x0
rect:218 168 107 147 40
rect:16 173 389 360 48
rect:480 268 85 149 40
rect:32 143 298 373 41
Caracas1967_11.jpg 0x0
rect:296 18 201 194 41
rect:77 197 237 455 41
rect:60 14 459 815 48
Caracas1967_12.jpg 0x0
rect:209 349 20 34 56
rect:811 381 23 76 32
rect:457 287 46 47 34
rect:862 376 23 59 32
Caracas1967_13.jpg 0x0
rect:123 430 96 256 55
Caracas1967_14.jpg 0x0
rect:163 121 557 160 57
rect:169 291 226 31 6
Chichi1999_01.jpg 0x0
rect:253 116 52 188 42
rect:4 8 704 155 58
Chichi1999_02.jpg 0x0
rect:444 120 166 480 59
rect:6 128 396 110 58
Chichi1999_03.jpg 0x0
rect:62 123 66 111 60
rect:0 185 980 218 58
Chichi1999_04.jpg 0x0
rect:290 206 36 67 52
rect:149 176 81 402 48
rect:278 -21 51 162 48
Chichi1999_05.jpg 0x0
rect:508 231 36 62 52
rect:467 242 23 29 41
rect:492 130 39 48 41
rect:345 140 104 177 48
Chichi1999_06.jpg 0x0
rect:399 145 33 115 48
rect:162 21 386 227 10
rect:467 206 19 27 52
rect:438 91 68 78 62
rect:422 -12 109 67 61
rect:680 154 42 51 41
Chichi1999_07.jpg 0x0
rect:70 164 561 165 63
rect:349 278 25 43 64
rect:377 216 48 157 48
rect:544 325 48 123 48
rect:455 211 17 19 64
rect:189 233 56 179 48
rect:160 184 31 55 64
Chichi1999_08.jpg 0x0
rect:109 17 694 390 10
Chichi1999_09.jpg 0x0
rect:249 55 217 149 48
rect:275 118 125 108 41
rect:236 73 35 62 40
rect:307 81 46 92 40
Chichi1999_10.jpg 0x0
rect:169 14 449 538 10
Chichi1999_11.jpg 0x0
rect:2 174 128 447 10
rect:175 213 88 109 65
Chichi1999_12.jpg 0x0
rect:10 23 533 738 66
Chichi1999_13.jpg 0x0
rect:34 33 475 283 10
Chichi1999_14.jpg 0x0
rect:334 314 40 43 39
rect:158 181 37 45 67
rect:315 352 35 36 67
rect:348 284 23 27 39
rect:141 319 38 45 67
rect:108 376 67 38 67
rect:61 415 32 46 67
rect:190 484 26 49 67
rect:188 192 19 39 67
rect:242 297 34 38 67
rect:153 132 69 48 67
rect:286 459 32 31 39
rect:432 409 76 63 67
rect:269 465 31 44 39
rect:217 389 35 69 67
rect:86 554 26 40 67
rect:156 594 22 40 67
Chichi1999_15.jpg 0x0
rect:217 34 209 304 41
Chichi1999_16.jpg 0x0
rect:221 150 71 179 32
Chichi1999_17.jpg 0x0
rect:157 345 18 42 32
Chichi1999_18.jpg 0x0
rect:371 310 34 109 69
rect:222 144 159 313 68
rect:339 340 56 87 70
rect:284 201 32 104 69
rect:210 241 24 140 69
rect:209 306 44 108 69
Chichi1999_19.jpg 0x0
rect:188 21 202 376 2
rect:169 90 199 330 3
YogyakartaInd2006_03.jpg 0x0
rect:283 369 207 26 15
rect:206 198 82 33 15
rect:273 153 22 7 16
rect:351 58 93 72 15
rect:181 24 99 2 15
rect:177 243 268 145 71
rect:409 484 58 21 16
rect:278 80 98 32 16
Chichi1999_20.jpg 0x0
rect:211 284 52 164 41
rect:140 166 130 258 42
Chichi1999_21.jpg 0x0
rect:183 129 167 296 72
rect:368 7 122 108 57
rect:141 376 195 147 37
rect:411 104 126 87 6
rect:61 405 201 120 5
rect:366 29 168 169 37
rect:15 4 277 185 30
rect:282 263 73 109 6
Chichi1999_22.jpg 0x0
rect:292 108 388 116 10
rect:447 284 15 20 73
rect:248 227 16 28 73
rect:304 167 22 21 73
Chichi1999_23.jpg 0x0
rect:228 207 51 124 73
rect:4 60 637 124 74
rect:253 187 24 28 26
rect:291 260 43 89 34
rect:163 143 20 26 34
rect:101 176 56 52 73
rect:294 233 43 63 73
rect:249 242 33 31 27
rect:99 425 52 83 73
rect:144 273 48 71 34
Chichi1999_24.jpg 0x0
rect:252 180 51 53 34
rect:281 201 31 46 46
rect:178 194 94 66 75
rect:3 271 231 206 74
rect:425 389 1 2 46
Chichi1999_25.jpg 0x0
rect:163 251 230 222 73
rect:146 389 46 51 26
rect:147 209 95 260 34
Chichi1999_26.jpg 0x0
rect:132 672 174 171 73
rect:97 418 83 98 27
rect:247 139 53 95 73
rect:157 617 58 84 26
rect:197 257 137 426 76
rect:287 14 55 38 73
Chichi1999_27.jpg 0x0
rect:139 282 113 423 32
Chichi1999_28.jpg 0x0
rect:288 297 200 132 77
rect:193 97 155 155 5
rect:226 135 118 287 75
rect:23 50 254 132 6
Chichi1999_29.jpg 0x0
rect:137 195 145 241 48
rect:144 187 96 186 52
rect:168 148 112 127 40
Chichi1999_30.jpg 0x0
rect:263 184 152 75 52
rect:137 118 196 203 40
rect:266 199 225 69 78
rect:30 303 130 174 73
Chichi1999_31.jpg 0x0
rect:166 88 86 370 79
rect:391 141 57 170 48
Chichi1999_32.jpg 0x0
rect:171 62 43 149 81
rect:234 237 39 125 81
rect:181 9 132 490 80
rect:612 184 60 193 39
Chichi1999_33.jpg 0x0
rect:66 73 133 571 33
rect:227 72 134 254 32
rect:389 190 44 116 49
rect:171 143 84 177 32
rect:114 170 57 98 49
rect:289 108 78 268 56
Chichi1999_34.jpg 0x0
rect:98 130 313 467 10
Duzce1999_01.jpg 0x0
rect:177 56 84 314 39
rect:104 188 83 116 41
Duzce1999_02.jpg 0x0
rect:81 45 181 491 41
Duzce1999_03.jpg 0x0
rect:107 85 148 216 42
rect:244 118 102 212 31
rect:0 159 108 211 31
Gediz1970_01.jpg 0x0
rect:138 245 134 233 69
rect:280 554 66 182 69
rect:103 132 206 631 68
Guatemala1976_01.jpg 0x0
rect:24 170 636 120 82
rect:51 188 68 59 52
rect:49 180 37 48 41
rect:367 173 101 122 48
rect:493 168 71 64 41
rect:39 144 134 91 48
Guatemala1976_02.jpg 0x0
rect:135 75 338 270 48
rect:177 47 127 75 40
Guatemala1976_03.jpg 0x0
rect:22 59 722 397 75
Guatemala1976_04.jpg 0x0
rect:34 69 380 290 30
rect:569 135 148 232 4
rect:548 314 132 196 4
rect:142 27 431 73 30
Guatemala1976_05.jpg 0x0
rect:225 134 355 156 41
rect:169 121 289 165 40
rect:179 57 378 339 48
Guatemala1976_06.jpg 0x0
rect:102 117 214 395 39
Guatemala1976_07.jpg 0x0
rect:24 240 307 371 10
rect:31 215 68 51 6
rect:227 663 155 85 83
Guatemala1976_08.jpg 0x0
rect:159 58 418 401 41
rect:349 83 205 251 40
rect:153 29 516 466 48
Guatemala1976_09.jpg 0x0
rect:144 215 37 26 84
rect:93 242 26 26 84
rect:211 270 55 81 85
rect:650 340 50 84 84
rect:471 271 63 43 85
rect:103 357 28 22 85
rect:445 209 66 69 84
rect:395 290 74 32 85
Guatemala1976_10.jpg 0x0
rect:217 194 303 343 86
rect:182 104 300 167 87
rect:397 271 41 105 87
Guatemala1976_11.jpg 0x0
rect:197 255 129 292 34
GujaratIndia2001_01.jpg 0x0
rect:30 409 219 188 4
rect:363 550 65 62 11
rect:86 345 86 25 2
rect:150 467 263 92 2
Haiti2010_01.jpg 0x0
rect:295 250 21 105 40
rect:522 522 154 277 4
rect:119 47 131 145 7
rect:486 341 74 131 4
rect:332 172 207 302 41
Haiti2010_02.jpg 0x0
rect:297 23 153 52 14
rect:60 96 436 154 88
Haiti2010_03.jpg 0x0
rect:440 1 56 528 32
rect:202 638 65 73 49
rect:211 327 168 223 32
rect:209 432 183 149 89
Haiti2010_04.jpg 0x0
rect:2 107 240 118 6
rect:177 281 399 532 41
rect:189 39 253 361 34
Haiti2010_05.jpg 0x0
rect:240 299 28 122 40
rect:212 209 264 435 90
rect:401 199 45 98 40
rect:333 260 140 83 52
Haiti2010_06.jpg 0x0
rect:250 201 312 435 91
rect:406 199 67 120 34
rect:163 276 31 63 34
rect:581 172 60 280 32
rect:372 240 69 48 6
rect:656 200 440 863 91
rect:458 198 235 297 33
ImperialValley1979_01.jpg 0x0
rect:413 250 21 15 49
rect:464 358 37 33 32
rect:276 344 67 55 32
rect:11 309 53 50 49
rect:387 249 33 46 50
rect:14 387 181 99 32
rect:335 230 31 15 49
rect:71 421 86 120 50
rect:358 355 58 51 50
rect:409 393 33 33 32
rect:315 252 33 31 49
ImperialValley1979_02.jpg 0x0
rect:254 264 100 45 49
rect:215 125 43 110 50
rect:233 249 222 56 92
rect:147 131 86 140 50
rect:363 146 83 205 50
rect:261 101 251 197 32
ImperialValley1979_03.jpg 0x0
rect:404 244 68 169 50
rect:180 176 266 144 32
rect:129 200 73 267 50
rect:137 330 276 129 32
rect:179 400 63 170 50
rect:90 490 225 43 92
rect:108 405 225 29 92
Izmit1999_01.jpg 0x0
rect:217 136 51 186 27
rect:287 166 30 78 27
rect:287 102 48 130 27
rect:202 80 440 308 34
rect:381 268 52 67 26
Izmit1999_02.jpg 0x0
rect:32 130 523 261 10
Izmit1999_03.jpg 0x0
rect:125 49 419 470 93
rect:387 102 37 306 50
rect:177 154 38 160 50
rect:227 56 271 393 32
rect:150 74 76 247 50
rect:528 117 31 309 50
rect:121 221 407 34 92
rect:649 77 38 272 50
Izmit1999_04.jpg 0x0
rect:304 397 15 62 40
rect:60 472 76 79 34
rect:423 414 59 77 41
rect:417 349 22 48 40
rect:425 90 59 66 41
rect:51 464 33 90 42
rect:311 67 81 100 48
rect:83 404 179 90 88
rect:69 311 45 121 41
rect:170 193 117 65 88
Izmit1999_05.jpg 0x0
rect:87 29 712 445 10
Izmit1999_06.jpg 0x0
rect:93 320 91 176 50
rect:215 291 48 108 50
rect:97 226 279 309 32
rect:163 285 170 99 49
rect:115 181 65 298 50
rect:375 248 63 114 50
Izmit1999_07.jpg 0x0
rect:217 202 45 102 3
rect:251 152 74 60 3
rect:286 287 113 287 4
rect:28 97 506 726 2
rect:465 77 115 58 6
rect:164 205 40 122 3
rect:178 322 47 104 3
Izmit1999_08.jpg 0x0
rect:250 193 183 95 88
rect:191 102 104 102 41
rect:107 22 98 87 34
rect:373 70 60 30 52
rect:506 109 84 60 41
rect:498 7 84 78 45
rect:135 296 81 95 45
Izmit1999_09.jpg 0x0
rect:402 330 134 99 94
rect:62 250 58 37 41
rect:573 250 57 47 41
rect:638 234 63 61 94
rect:426 216 124 97 41
rect:359 201 46 36 41
Izmit1999_10.jpg 0x0
rect:174 451 146 33 78
rect:390 642 56 33 78
rect:118 216 70 257 40
rect:254 170 62 164 40
rect:104 236 247 86 78
rect:288 88 135 147 40
rect:61 119 274 451 41
rect:241 475 85 136 40
rect:33 258 476 41 78
rect:253 437 37 72 40
rect:79 196 68 205 40
Izmit1999_11.jpg 0x0
rect:187 283 110 227 41
rect:362 272 76 250 40
rect:262 185 81 168 40
rect:171 211 80 107 40
rect:196 458 145 141 41
Izmit1999_12.jpg 0x0
rect:374 73 48 68 41
rect:499 185 50 46 7
rect:83 98 36 25 6
rect:16 69 46 24 6
rect:1 233 41 41 41
rect:212 289 73 164 94
rect:342 117 50 77 45
rect:254 123 37 39 6
rect:382 178 150 253 91
rect:452 365 76 139 52
rect:41 340 59 65 94
rect:42 194 77 84 52
rect:107 197 72 66 88
rect:328 137 47 141 42
rect:88 211 29 47 40
rect:431 214 80 129 41
rect:429 33 92 61 34
rect:351 151 44 61 41
Izmit1999_13.jpg 0x0
rect:183 201 41 97 41
rect:345 124 122 249 41
rect:133 113 66 56 6
rect:190 106 193 411 48
rect:135 223 84 118 94
rect:154 222 36 99 41
rect:5 89 107 204 42
rect:203 341 68 74 52
rect:295 85 49 84 41
Izmit1999_14.jpg 0x0
rect:415 386 38 28 34
rect:282 8 110 95 35
rect:567 56 77 76 34
rect:395 176 82 60 35
rect:312 60 49 55 95
rect:49 131 107 71 34
rect:358 291 63 33 34
rect:310 240 60 31 34
rect:430 292 67 46 34
Izmit1999_15.jpg 0x0
rect:159 133 239 323 42
Izmit1999_16.jpg 0x0
rect:270 143 32 74 40
rect:86 63 455 545 33
rect:118 80 200 381 39
rect:106 118 195 114 41
Izmit1999_17.jpg 0x0
rect:109 157 179 273 41
Izmit1999_18.jpg 0x0
rect:190 129 89 156 41
rect:219 179 139 227 39
Izmit1999_19.jpg 0x0
rect:182 65 243 416 96
rect:290 107 175 313 32
rect:568 113 33 104 50
rect:549 129 23 56 50
Kobe1995_01.jpg 0x0
rect:32 162 730 139 63
Kobe1995_02.jpg 0x0
rect:2 46 512 655 68
Kobe1995_03.jpg 0x0
rect:37 44 324 633 10
Kobe1995_04.jpg 0x0
rect:380 271 47 45 41
Kobe1995_05.jpg 0x0
rect:139 138 192 576 52
rect:106 736 305 156 78
rect:436 188 143 522 40
rect:44 190 478 87 78
rect:4 213 139 579 40
Kobe1995_06.jpg 0x0
rect:39 182 503 560 41
rect:209 279 350 293 42
Kobe1995_07.jpg 0x0
rect:284 136 34 51 39
rect:223 269 27 42 39
rect:150 287 34 61 39
rect:379 313 24 42 39
rect:321 165 46 52 39
rect:127 391 45 20 39
rect:206 178 23 48 39
rect:182 115 32 37 39
rect:272 280 39 22 39
rect:279 225 36 24 39
rect:30 372 40 30 39
rect:279 347 27 39 39
rect:172 210 48 36 39
rect:252 320 24 31 39
rect:178 113 29 36 39
rect:561 273 47 40 39
rect:358 275 31 47 39
rect:298 464 26 41 39
rect:354 423 57 50 39
rect:220 555 45 44 39
rect:118 286 38 51 39
rect:174 165 39 43 39
rect:452 228 33 55 39
rect:42 351 47 64 39
rect:339 122 54 40 39
rect:148 328 40 28 39
Kobe1995_08.jpg 0x0
rect:301 45 512 208 97
Kobe1995_09.jpg 0x0
rect:100 482 69 45 88
rect:94 649 76 72 88
rect:94 789 70 68 88
rect:175 620 138 72 97
SanSalvador_1986_01.jpg 0x0
rect:66 3 121 208 68
rect:314 130 85 234 41
SanSalvador_1986_02.jpg 0x0
rect:360 211 47 41 41
rect:173 306 36 31 41
rect:207 198 23 31 41
rect:400 213 42 59 42
rect:600 193 37 45 41
rect:420 221 28 42 41
rect:358 203 42 43 41
rect:454 104 12 34 41
rect:180 221 40 36 41
SikkimIndia2001_01.jpg 0x0
rect:185 126 109 157 34
SikkimIndia2001_02.jpg 0x0
rect:434 114 147 173 33
rect:-19 2 498 83 33
rect:280 212 62 54 16
rect:577 323 67 21 16
rect:9 153 71 45 54
rect:513 143 102 37 16
rect:154 66 148 282 33
rect:11 6 244 68 16
SikkimIndia2001_03.jpg 0x0
rect:211 141 90 174 70
rect:165 86 83 254 69
rect:145 14 145 491 98
SikkimIndia2001_04.jpg 0x0
rect:205 174 144 156 34
rect:376 227 314 96 99
rect:3 24 194 321 99
SumatraInd2009_01.jpg 0x0
rect:336 29 77 230 81
SumatraInd2009_02.jpg 0x0
rect:148 102 185 125 41
WhittierNarrows1987_01.jpg 0x0
rect:18 22 744 283 10
WhittierNarrows1987_02.jpg 0x0
rect:198 216 108 270 41
WhittierNarrows1987_03.jpg 0x0
rect:289 103 162 319 32
WhittierNarrows1987_04.jpg 0x0
rect:275 70 91 212 41
rect:187 8 208 78 6
rect:276 14 262 137 100
YogyakartaInd2006_01.jpg 0x0
rect:305 186 196 52 49
rect:177 35 440 227 32
rect:149 -24 301 494 29
YogyakartaInd2006_02.jpg 0x0
rect:313 45 178 383 98
rect:269 95 79 219 70
rect:356 138 53 271 69
