Anchorage1964_01.jpg 0x0
rect:95 5 168 172 1
rect:86 356 241 310 1
Anchorage1964_02.jpg 0x0
rect:37 183 149 57 5
rect:240 268 33 48 3
rect:78 237 20 22 6
rect:43 21 121 47 5
rect:673 330 19 77 3
rect:127 195 83 58 7
rect:488 224 25 70 3
rect:487 210 110 58 4
rect:219 75 113 69 4
rect:252 289 24 64 3
rect:137 289 63 15 6
rect:423 48 112 93 8
rect:358 239 26 68 3
rect:192 206 29 54 3
rect:570 340 12 52 3
rect:185 309 340 78 2
rect:333 42 316 71 4
rect:75 30 116 14 6
rect:459 264 24 45 3
Anchorage1964_03.jpg 0x0
rect:0 290 521 79 10
rect:2 220 220 55 9
rect:316 103 294 193 9
Anchorage1964_04.jpg 0x0
rect:410 139 33 18 5
rect:299 247 21 23 5
rect:357 583 24 32 1
rect:429 270 28 13 5
rect:150 218 30 19 5
rect:165 371 38 22 5
rect:228 423 21 28 1
rect:229 287 13 29 1
rect:194 272 27 23 1
rect:238 269 29 21 8
rect:375 370 23 14 5
rect:320 139 15 26 1
rect:372 449 20 19 1
rect:214 323 30 14 5
rect:281 271 25 24 1
rect:449 136 28 13 5
rect:208 78 43 16 5
rect:329 199 15 33 1
rect:365 151 23 23 1
rect:253 319 28 23 5
rect:169 372 42 14 2
rect:194 109 24 19 5
rect:368 534 25 14 5
rect:181 333 36 14 5
rect:195 70 34 18 5
rect:344 130 34 13 5
rect:295 456 7 1 1
rect:188 27 34 19 5
rect:194 289 28 22 5
rect:239 359 12 18 1
rect:131 100 26 19 5
rect:291 207 27 26 5
rect:139 319 25 23 5
rect:307 134 35 16 5
rect:219 142 19 33 1
rect:438 30 32 16 5
rect:438 72 40 18 5
rect:117 287 35 18 5
rect:437 494 27 16 5
Anchorage1964_05.jpg 0x0
rect:58 320 28 62 1
rect:448 30 36 66 1
rect:203 176 92 38 6
rect:630 423 65 37 5
rect:470 95 47 75 1
rect:81 129 15 53 1
rect:249 190 30 16 11
rect:481 273 67 34 5
rect:48 118 17 48 1
rect:509 236 36 24 11
rect:305 1 33 59 1
rect:539 83 28 49 1
rect:639 166 43 55 1
rect:456 331 49 21 6
rect:369 274 33 67 8
rect:257 52 80 39 5
rect:44 378 31 71 1
rect:547 197 43 48 1
rect:645 378 33 15 6
rect:61 327 15 43 1
rect:76 28 22 49 1
rect:207 110 118 28 5
rect:39 237 23 30 1
rect:84 152 20 47 1
rect:459 499 42 91 8
rect:371 266 39 66 1
rect:243 134 150 81 2
rect:230 43 113 43 6
rect:53 89 33 42 1
Anchorage1964_06.jpg 0x0
rect:148 273 77 107 11
rect:145 118 78 234 3
rect:130 99 165 358 12
Anchorage1964_07.jpg 0x0
rect:475 260 334 219 2
rect:324 143 33 149 3
rect:238 90 129 132 11
rect:394 217 57 76 11
rect:8 351 508 39 14
rect:13 307 206 28 11
rect:274 2 107 77 2
rect:8 75 561 421 2
rect:374 121 41 126 13
Anchorage1964_08.jpg 0x0
rect:48 607 127 132 1
rect:50 70 129 132 1
rect:250 38 80 139 1
rect:430 597 97 95 1
rect:368 254 159 107 1
rect:52 322 125 91 1
Anchorage1964_09.jpg 0x0
rect:12 118 21 12 16
rect:16 95 122 17 15
rect:238 115 78 66 1
rect:49 163 66 10 16
rect:562 357 74 55 8
rect:13 17 410 16 15
rect:512 161 94 96 1
rect:14 13 77 11 16
rect:435 10 86 11 16
rect:144 175 317 15 15
rect:293 187 59 52 1
rect:84 197 56 71 1
rect:553 22 62 59 8
rect:118 293 66 74 8
rect:656 132 111 20 15
rect:855 220 1 1 16
rect:118 47 58 83 8
rect:334 133 89 29 15
rect:367 10 372 10 15
Anchorage1964_10.jpg 0x0
rect:70 150 401 259 1
rect:159 272 70 149 17
rect:218 233 207 84 18
rect:100 320 225 94 18
Anchorage1964_11.jpg 0x0
rect:109 68 210 129 4
rect:73 204 536 58 2
rect:366 248 200 37 11
rect:72 380 662 19 14
rect:762 129 139 91 1
rect:56 345 458 12 14
rect:284 193 295 21 15
rect:660 9 87 28 1
Anchorage1964_12.jpg 0x0
rect:235 164 24 97 3
rect:373 71 43 287 3
rect:14 87 753 228 2
rect:482 95 58 219 3
rect:377 79 177 205 11
Anchorage1964_13.jpg 0x0
rect:257 503 147 14 19
rect:520 290 40 207 20
rect:305 648 246 24 2
Anchorage1964_14.jpg 0x0
rect:16 556 26 68 22
rect:344 5 84 152 11
rect:144 212 75 106 21
rect:104 214 98 43 15
rect:287 529 192 59 23
rect:289 12 49 258 11
rect:158 11 129 564 20
rect:134 464 49 66 22
rect:219 436 50 58 22
rect:48 598 38 59 22
rect:316 263 175 59 15
rect:11 778 198 107 11
Anchorage1964_15.jpg 0x0
rect:338 10 101 76 4
rect:277 319 122 41 15
rect:262 108 26 72 11
rect:372 222 141 29 24
rect:290 573 162 76 2
rect:480 209 91 37 11
rect:326 11 106 63 4
rect:221 83 78 350 20
rect:298 124 58 109 25
Anchorage1964_16.jpg 0x0
rect:80 386 91 93 11
rect:16 379 75 90 2
rect:387 213 146 190 2
rect:187 99 332 172 2
rect:212 249 355 157 11
rect:12 162 207 244 2
Anchorage1964_17.jpg 0x0
rect:10 231 736 167 10
rect:11 131 224 155 9
rect:234 57 184 189 9
Anchorage1964_18.jpg 0x0
rect:475 385 423 29 15
rect:163 128 60 93 4
rect:326 406 72 20 2
rect:356 260 36 22 2
rect:766 264 78 16 2
rect:432 187 29 59 11
rect:92 278 16 57 11
rect:568 141 110 85 4
rect:162 284 73 41 11
rect:460 171 92 104 4
Anchorage1964_19.jpg 0x0
rect:590 239 43 38 28
rect:498 102 14 42 26
rect:261 88 61 63 26
rect:484 212 15 29 26
rect:827 200 8 16 26
rect:327 211 39 67 26
rect:282 71 66 167 29
rect:551 162 21 63 29
rect:434 93 36 87 29
rect:452 168 14 41 26
rect:495 169 39 35 28
rect:37 289 42 102 27
rect:440 274 11 23 26
rect:410 141 6 17 26
rect:794 193 7 7 26
rect:345 100 32 40 27
rect:7 243 63 154 26
rect:501 137 34 35 26
Anchorage1964_20.jpg 0x0
rect:191 56 123 162 29
rect:134 90 106 58 26
rect:226 467 52 172 26
rect:257 116 61 62 27
rect:626 624 30 56 26
Anchorage1964_21.jpg 0x0
rect:2 96 47 44 26
rect:130 218 482 166 30
rect:-5 77 91 193 29
rect:56 308 23 24 26
Bingol2003_01.jpg 0x0
rect:585 209 115 60 33
rect:450 361 69 261 32
rect:527 266 40 73 6
rect:687 520 148 73 6
rect:28 307 89 57 33
rect:371 238 73 53 33
rect:498 279 206 129 31
rect:482 70 152 204 31
rect:162 199 64 92 33
rect:659 229 48 102 34
rect:388 287 36 51 34
rect:185 103 57 32 6
rect:857 326 83 30 33
rect:517 96 77 79 6
rect:278 431 79 91 6
rect:2 278 714 254 10
rect:688 266 87 76 33
rect:428 264 69 66 6
rect:430 57 97 89 6
Bingol2003_02.jpg 0x0
rect:405 177 564 121 35
rect:168 320 61 320 32
rect:282 351 66 96 6
rect:346 353 129 106 26
rect:148 468 196 197 32
rect:911 85 116 60 36
rect:228 218 690 513 31
rect:177 125 358 143 34
Bingol2003_03.jpg 0x0
rect:871 455 261 515 2
rect:105 26 126 33 2
rect:405 152 199 91 11
rect:154 58 133 104 33
rect:764 203 192 544 4
rect:314 164 465 183 2
rect:538 -7 338 182 4
Bingol2003_04.jpg 0x0
rect:102 768 22 57 3
rect:136 460 244 241 2
rect:174 625 40 104 3
rect:62 720 79 109 2
rect:403 753 101 71 2
rect:136 509 32 60 3
rect:280 509 31 120 3
rect:228 312 204 217 4
CanterburyNZSeries2010_01.jpg 0x0
rect:66 141 97 350 12
CanterburyNZSeries2010_02.jpg 0x0
rect:43 42 171 288 6
rect:37 8 132 337 37
CanterburyNZSeries2010_03.jpg 0x0
rect:35 73 307 131 38
CanterburyNZSeries2010_04.jpg 0x0
rect:272 335 16 47 40
rect:156 363 177 335 39
rect:475 302 61 127 40
rect:234 305 22 171 40
rect:262 7 116 204 42
rect:279 467 19 57 40
rect:295 456 38 73 40
rect:219 596 83 212 41
CanterburyNZSeries2010_05.jpg 0x0
rect:277 174 133 76 15
rect:317 280 170 387 4
CanterburyNZSeries2010_06.jpg 0x0
rect:316 290 192 81 2
rect:77 92 768 512 4
CanterburyNZSeries2010_08.jpg 0x0
rect:466 188 143 272 43
rect:536 489 39 221 32
rect:806 383 66 94 44
rect:730 415 111 132 44
CanterburyNZSeries2010_09.jpg 0x0
rect:259 365 184 314 39
rect:305 161 208 179 45
CanterburyNZSeries2010_10.jpg 0x0
rect:256 260 430 235 6
rect:277 357 306 125 6
rect:226 384 267 76 46
rect:390 161 232 139 7
CanterburyNZSeries2010_11.jpg 0x0
rect:264 260 336 135 7
rect:372 278 298 206 5
CanterburyNZSeries2010_12.jpg 0x0
rect:51 416 757 402 2
rect:149 474 105 44 11
rect:586 410 167 61 11
rect:4 269 777 353 47
CanterburyNZSeries2010_13.jpg 0x0
rect:210 22 350 871 12
rect:483 123 115 493 11
Caracas1967_01.jpg 0x0
rect:360 161 9 78 48
rect:344 49 147 304 48
rect:306 148 92 110 48
rect:376 150 28 91 48
Caracas1967_02.jpg 0x0
rect:232 1 136 118 15
rect:146 387 44 32 50
rect:156 209 199 335 51
rect:146 284 34 55 49
Caracas1967_03.jpg 0x0
rect:12 329 225 123 6
rect:446 435 41 152 27
rect:217 469 25 59 27
rect:228 412 62 66 26
rect:325 53 95 85 14
rect:199 315 138 165 34
Caracas1967_04.jpg 0x0
rect:179 379 18 96 27
rect:167 241 57 108 26
rect:154 363 138 135 34
Caracas1967_05.jpg 0x0
rect:190 218 57 242 40
rect:58 353 59 310 40
rect:69 455 284 179 52
rect:50 104 434 382 41
rect:148 433 53 296 40
rect:27 106 303 782 48
rect:201 287 59 250 40
rect:205 254 148 126 52
rect:323 152 59 260 40
rect:208 209 60 187 40
Caracas1967_06.jpg 0x0
rect:376 74 227 219 7
rect:258 215 61 58 6
Caracas1967_07.jpg 0x0
rect:280 34 27 170 27
rect:407 265 181 350 34
rect:374 330 115 93 53
rect:341 8 122 311 34
rect:569 214 87 108 53
rect:242 184 34 189 27
rect:217 143 204 218 34
Caracas1967_08.jpg 0x0
rect:294 228 48 110 54
rect:297 278 90 94 54
rect:241 372 80 102 55
Caracas1967_09.jpg 0x0
rect:124 166 96 74 48
rect:76 227 78 74 48
rect:461 10 192 162 48
rect:32 306 65 38 48
Caracas1967_10.jpg 0x0
rect:255 292 117 152 40
rect:15 229 491 450 48
rect:444 261 71 214 40
rect:43 272 219 312 41
Caracas1967_11.jpg 0x0
rect:52 308 194 425 41
rect:257 16 125 325 41
rect:47 14 282 950 48
Caracas1967_12.jpg 0x0
rect:188 297 26 43 56
rect:815 445 24 75 32
rect:471 363 28 42 32
rect:437 253 32 52 34
Caracas1967_13.jpg 0x0
rect:176 269 121 301 55
Caracas1967_14.jpg 0x0
rect:135 88 440 250 57
rect:127 283 337 42 6
Chichi1999_01.jpg 0x0
rect:5 6 861 165 58
rect:266 180 50 159 42
Chichi1999_02.jpg 0x0
rect:457 86 141 494 59
rect:7 74 497 162 58
Chichi1999_03.jpg 0x0
rect:92 210 45 127 60
rect:0 106 514 127 58
Chichi1999_04.jpg 0x0
rect:200 -19 58 154 48
rect:199 196 100 265 48
rect:154 295 34 78 52
Chichi1999_05.jpg 0x0
rect:506 152 42 69 41
rect:448 189 42 58 52
rect:412 183 22 24 41
rect:429 101 88 240 48
Chichi1999_06.jpg 0x0
rect:153 17 380 191 10
rect:782 194 37 46 41
rect:332 239 26 31 52
rect:610 -9 67 57 61
rect:272 233 61 92 48
rect:301 147 76 54 62
Chichi1999_07.jpg 0x0
rect:168 181 59 194 48
rect:322 286 55 153 48
rect:51 173 743 123 63
rect:798 253 12 26 64
rect:289 200 36 45 64
rect:197 211 31 38 64
rect:675 280 41 115 48
Chichi1999_08.jpg 0x0
rect:89 13 527 463 10
Chichi1999_09.jpg 0x0
rect:230 105 51 86 40
rect:250 78 87 103 41
rect:171 78 26 90 40
rect:167 48 218 207 48
Chichi1999_10.jpg 0x0
rect:132 14 694 593 10
Chichi1999_11.jpg 0x0
rect:2 104 188 560 10
rect:179 181 111 73 65
Chichi1999_12.jpg 0x0
rect:9 18 548 632 66
Chichi1999_13.jpg 0x0
rect:34 34 575 525 10
Chichi1999_14.jpg 0x0
rect:71 469 54 56 67
rect:125 545 25 50 67
rect:225 489 27 26 39
rect:200 175 80 48 67
rect:130 163 48 56 67
rect:382 397 22 21 39
rect:155 411 33 50 67
rect:305 685 57 91 67
rect:114 281 78 54 67
rect:217 532 38 31 67
rect:224 371 28 50 67
rect:289 474 26 38 39
rect:342 561 31 47 67
rect:132 316 64 46 67
rect:287 199 19 35 67
rect:378 314 36 45 39
rect:107 483 44 51 67
Chichi1999_15.jpg 0x0
rect:339 21 313 550 41
Chichi1999_16.jpg 0x0
rect:187 139 61 128 32
Chichi1999_17.jpg 0x0
rect:180 310 29 50 32
Chichi1999_18.jpg 0x0
rect:151 311 18 135 69
rect:207 294 40 122 70
rect:283 307 28 94 69
rect:156 314 29 113 69
rect:221 335 34 98 69
rect:167 201 186 520 68
Chichi1999_19.jpg 0x0
rect:210 21 307 413 2
rect:278 98 205 260 3
YogyakartaInd2006_03.jpg 0x0
rect:253 26 100 2 15
rect:366 92 175 64 15
rect:235 468 174 39 15
rect:213 135 24 8 16
rect:338 90 97 42 16
rect:222 394 68 23 16
rect:187 154 79 33 15
rect:174 243 223 100 71
Chichi1999_20.jpg 0x0
rect:217 202 79 408 42
rect:265 439 58 207 41
Chichi1999_21.jpg 0x0
rect:270 310 90 128 6
rect:313 142 173 110 6
rect:244 127 225 201 72
rect:300 7 170 100 57
rect:163 312 128 191 37
rect:74 373 123 124 5
rect:302 34 313 212 37
rect:23 4 285 141 30
Chichi1999_22.jpg 0x0
rect:348 261 18 19 73
rect:283 196 261 135 10
rect:259 162 11 29 73
rect:489 238 16 22 73
Chichi1999_23.jpg 0x0
rect:161 164 27 23 34
rect:204 199 24 21 26
rect:342 355 68 76 73
rect:147 194 64 63 73
rect:90 296 59 82 73
rect:378 346 36 64 34
rect:222 204 52 48 73
rect:332 185 37 30 27
rect:129 250 43 68 34
rect:5 65 413 189 74
Chichi1999_24.jpg 0x0
rect:427 260 1 2 46
rect:260 160 56 63 46
rect:168 281 65 48 34
rect:3 276 377 233 74
rect:193 179 92 80 75
Chichi1999_25.jpg 0x0
rect:172 276 222 355 73
rect:167 318 79 245 34
rect:256 440 60 72 26
Chichi1999_26.jpg 0x0
rect:286 21 62 28 73
rect:211 221 51 109 73
rect:173 478 67 93 26
rect:202 260 134 511 76
rect:128 650 132 174 73
rect:132 693 120 104 27
Chichi1999_27.jpg 0x0
rect:118 261 119 370 32
Chichi1999_28.jpg 0x0
rect:24 84 198 157 6
rect:283 165 184 161 75
rect:187 251 174 100 77
rect:183 125 131 176 5
Chichi1999_29.jpg 0x0
rect:204 239 117 150 40
rect:141 213 81 132 52
rect:154 179 174 316 48
Chichi1999_30.jpg 0x0
rect:24 268 105 131 73
rect:170 139 350 276 40
rect:153 175 217 96 52
rect:211 161 220 48 78
Chichi1999_31.jpg 0x0
rect:667 90 62 151 48
rect:140 66 153 272 79
Chichi1999_32.jpg 0x0
rect:234 236 30 144 81
rect:159 6 118 491 80
rect:502 103 67 232 39
rect:157 61 46 141 81
Chichi1999_33.jpg 0x0
rect:151 167 46 93 49
rect:277 73 72 283 56
rect:127 112 107 196 32
rect:395 174 44 98 49
rect:320 81 91 374 32
rect:68 56 136 468 33
Chichi1999_34.jpg 0x0
rect:152 77 445 277 10
Duzce1999_01.jpg 0x0
rect:132 134 105 171 41
rect:138 51 119 350 39
Duzce1999_02.jpg 0x0
rect:108 56 170 445 41
Duzce1999_03.jpg 0x0
rect:106 125 142 346 42
rect:294 107 69 201 31
rect:0 228 115 161 31
Gediz1970_01.jpg 0x0
rect:95 100 221 523 68
rect:104 258 72 299 69
rect:239 356 103 163 69
Guatemala1976_01.jpg 0x0
rect:28 98 437 145 82
rect:31 123 86 99 48
rect:379 139 154 89 48
rect:612 162 76 75 41
rect:46 220 48 61 41
rect:64 168 85 45 52
Guatemala1976_02.jpg 0x0
rect:127 90 345 315 48
rect:245 83 70 84 40
Guatemala1976_03.jpg 0x0
rect:22 68 732 262 75
Guatemala1976_04.jpg 0x0
rect:467 332 102 243 4
rect:153 23 472 75 30
rect:598 198 121 325 4
rect:50 96 489 230 30
Guatemala1976_05.jpg 0x0
rect:206 163 415 213 40
rect:223 181 293 170 41
rect:121 107 287 419 48
Guatemala1976_06.jpg 0x0
rect:144 98 190 600 39
Guatemala1976_07.jpg 0x0
rect:21 285 53 46 6
rect:182 571 165 101 83
rect:29 279 367 306 10
Guatemala1976_08.jpg 0x0
rect:414 88 186 235 40
rect:175 59 324 452 41
rect:113 36 442 573 48
Guatemala1976_09.jpg 0x0
rect:261 268 72 70 84
rect:203 224 46 77 85
rect:721 406 61 58 84
rect:68 365 32 26 84
rect:212 231 33 32 84
rect:704 253 79 63 85
rect:96 308 40 20 85
rect:277 217 75 25 85
Guatemala1976_10.jpg 0x0
rect:213 240 196 339 86
rect:196 133 282 194 87
rect:322 490 51 145 87
Guatemala1976_11.jpg 0x0
rect:251 247 88 290 34
GujaratIndia2001_01.jpg 0x0
rect:179 340 159 77 2
rect:58 430 88 39 2
rect:30 318 133 217 4
rect:238 392 40 69 11
Haiti2010_01.jpg 0x0
rect:463 288 91 102 4
rect:332 143 143 377 41
rect:373 230 34 127 40
rect:580 574 155 216 4
rect:151 51 123 127 7
Haiti2010_02.jpg 0x0
rect:43 76 576 242 88
rect:327 33 163 36 14
Haiti2010_03.jpg 0x0
rect:450 1 72 595 32
rect:250 490 287 194 89
rect:220 352 265 218 32
rect:301 546 75 63 49
Haiti2010_04.jpg 0x0
rect:194 35 232 225 34
rect:175 372 408 551 41
rect:2 145 224 111 6
Haiti2010_05.jpg 0x0
rect:293 211 202 476 90
rect:229 286 142 112 52
rect:381 202 45 95 40
rect:237 169 26 81 40
Haiti2010_06.jpg 0x0
rect:498 163 198 418 33
rect:216 240 356 461 91
rect:166 361 47 59 34
rect:717 179 640 572 91
rect:528 201 57 92 34
rect:351 219 88 38 6
rect:430 270 64 289 32
ImperialValley1979_01.jpg 0x0
rect:544 402 32 24 49
rect:456 360 31 40 32
rect:354 384 52 25 49
rect:479 238 28 38 32
rect:12 372 83 74 49
rect:407 231 56 59 50
rect:359 409 43 58 32
rect:384 249 30 50 50
rect:569 294 16 12 49
rect:12 331 183 108 32
rect:47 400 126 139 50
ImperialValley1979_02.jpg 0x0
rect:234 68 129 281 32
rect:167 108 69 167 50
rect:323 216 64 191 50
rect:170 241 259 45 92
rect:180 252 122 35 49
rect:332 156 77 168 50
ImperialValley1979_03.jpg 0x0
rect:84 321 82 172 50
rect:105 436 209 33 92
rect:120 177 258 110 32
rect:307 283 81 213 50
rect:92 365 303 49 92
rect:236 314 62 102 50
rect:170 244 170 150 32
Izmit1999_01.jpg 0x0
rect:146 61 397 360 34
rect:588 232 42 85 26
rect:237 123 54 220 27
rect:275 93 52 143 27
rect:289 228 27 99 27
Izmit1999_02.jpg 0x0
rect:35 84 891 236 10
Izmit1999_03.jpg 0x0
rect:123 121 67 384 50
rect:191 166 51 253 50
rect:176 263 463 36 92
rect:462 96 55 272 50
rect:258 63 238 288 32
rect:353 87 47 223 50
rect:134 31 410 403 93
rect:544 100 32 183 50
Izmit1999_04.jpg 0x0
rect:412 106 68 62 41
rect:72 490 71 84 41
rect:172 198 170 48 88
rect:50 424 67 54 34
rect:282 297 23 62 40
rect:363 394 108 60 41
rect:48 565 47 78 42
rect:237 54 107 67 48
rect:485 401 19 45 40
rect:101 701 242 138 88
Izmit1999_05.jpg 0x0
rect:128 35 419 285 10
Izmit1999_06.jpg 0x0
rect:189 341 35 193 50
rect:141 278 104 236 50
rect:110 147 231 511 32
rect:106 256 56 134 50
rect:302 323 44 170 50
rect:183 347 114 89 49
Izmit1999_07.jpg 0x0
rect:291 78 175 35 6
rect:395 340 116 474 4
rect:340 149 51 69 3
rect:23 154 397 724 2
rect:197 311 48 174 3
rect:325 240 27 125 3
rect:189 266 52 97 3
Izmit1999_08.jpg 0x0
rect:155 263 153 91 88
rect:103 21 75 93 34
rect:613 64 58 35 52
rect:163 102 84 71 41
rect:533 6 107 68 45
rect:554 87 93 78 41
rect:100 389 75 86 45
Izmit1999_09.jpg 0x0
rect:327 331 83 123 94
rect:675 233 44 74 41
rect:378 313 97 71 41
rect:560 256 41 64 94
rect:54 263 54 66 41
rect:285 230 51 28 41
Izmit1999_10.jpg 0x0
rect:58 136 58 220 40
rect:282 108 123 141 40
rect:104 134 283 407 41
rect:315 588 99 102 40
rect:54 150 312 47 78
rect:110 269 216 71 78
rect:185 474 55 108 40
rect:275 520 67 27 78
rect:163 220 111 285 40
rect:182 462 160 32 78
rect:265 172 73 182 40
Izmit1999_11.jpg 0x0
rect:254 384 106 150 41
rect:114 386 50 202 40
rect:291 210 72 223 40
rect:206 165 124 164 41
rect:211 268 66 158 40
Izmit1999_12.jpg 0x0
rect:527 116 61 65 7
rect:313 35 60 46 34
rect:326 228 46 104 42
rect:61 199 55 58 52
rect:105 64 41 27 6
rect:88 360 37 35 40
rect:36 295 51 73 94
rect:380 105 42 88 41
rect:354 151 52 23 6
rect:20 85 57 31 6
rect:338 328 81 141 94
rect:504 158 168 169 91
rect:242 138 51 82 45
rect:357 222 90 163 41
rect:1 191 34 27 41
rect:256 391 48 142 52
rect:179 283 78 72 88
rect:457 204 60 75 41
Izmit1999_13.jpg 0x0
rect:246 81 72 75 41
rect:348 89 155 439 48
rect:95 202 133 112 94
rect:205 256 36 89 41
rect:190 317 59 48 52
rect:155 300 22 100 41
rect:366 154 123 257 41
rect:77 168 71 38 6
rect:5 79 115 182 42
Izmit1999_14.jpg 0x0
rect:227 253 44 34 34
rect:310 6 151 70 35
rect:60 132 135 62 34
rect:476 209 91 48 34
rect:449 393 68 36 34
rect:294 466 45 20 34
rect:350 77 99 61 34
rect:313 53 41 67 95
rect:367 200 120 79 35
Izmit1999_15.jpg 0x0
rect:180 214 235 377 42
Izmit1999_16.jpg 0x0
rect:92 50 297 350 33
rect:240 138 51 114 40
rect:132 93 142 191 41
rect:131 56 241 334 39
Izmit1999_17.jpg 0x0
rect:108 127 176 233 41
Izmit1999_18.jpg 0x0
rect:186 173 141 121 41
rect:146 180 162 333 39
Izmit1999_19.jpg 0x0
rect:299 166 27 78 50
rect:185 70 313 388 96
rect:318 134 226 227 32
rect:355 161 36 92 50
Kobe1995_01.jpg 0x0
rect:23 124 869 148 63
Kobe1995_02.jpg 0x0
rect:2 61 593 769 68
Kobe1995_03.jpg 0x0
rect:45 72 415 605 10
Kobe1995_04.jpg 0x0
rect:414 252 52 64 41
Kobe1995_05.jpg 0x0
rect:92 743 272 155 78
rect:3 143 134 385 40
rect:347 182 200 324 40
rect:168 187 219 397 52
rect:54 289 475 63 78
Kobe1995_06.jpg 0x0
rect:70 121 361 499 41
rect:193 392 345 425 42
Kobe1995_07.jpg 0x0
rect:315 436 39 38 39
rect:153 175 44 46 39
rect:175 427 48 39 39
rect:200 119 35 49 39
rect:274 223 38 37 39
rect:300 189 49 36 39
rect:84 310 39 28 39
rect:531 468 30 44 39
rect:279 460 25 43 39
rect:201 225 47 34 39
rect:264 171 49 29 39
rect:352 550 56 35 39
rect:211 509 37 40 39
rect:44 261 38 35 39
rect:338 125 33 34 39
rect:349 248 43 25 39
rect:137 226 39 47 39
rect:264 222 38 37 39
rect:290 255 55 59 39
rect:104 256 34 55 39
rect:308 267 21 34 39
rect:191 371 24 35 39
rect:363 181 32 40 39
rect:328 105 31 45 39
rect:34 356 51 53 39
rect:179 249 41 39 39
Kobe1995_08.jpg 0x0
rect:285 65 305 176 97
Kobe1995_09.jpg 0x0
rect:176 766 177 80 97
rect:101 434 74 65 88
rect:71 617 84 50 88
rect:101 556 80 70 88
SanSalvador_1986_01.jpg 0x0
rect:65 3 78 250 68
rect:325 116 97 161 41
SanSalvador_1986_02.jpg 0x0
rect:156 200 31 38 41
rect:540 144 32 35 41
rect:165 209 23 26 41
rect:413 178 48 37 41
rect:282 270 20 44 41
rect:443 234 47 45 42
rect:588 276 47 34 41
rect:420 152 21 21 41
rect:200 203 28 35 41
SikkimIndia2001_01.jpg 0x0
rect:281 152 161 95 34
SikkimIndia2001_02.jpg 0x0
rect:-12 2 492 125 33
rect:531 307 95 18 16
rect:276 165 61 54 16
rect:316 76 113 45 16
rect:563 117 136 180 33
rect:126 87 206 273 33
rect:11 191 65 44 54
rect:10 5 250 95 16
SikkimIndia2001_03.jpg 0x0
rect:154 10 187 545 98
rect:207 97 97 202 69
rect:176 260 120 116 70
SikkimIndia2001_04.jpg 0x0
rect:3 37 233 255 99
rect:391 252 317 111 99
rect:320 184 105 159 34
SumatraInd2009_01.jpg 0x0
rect:311 23 64 390 81
SumatraInd2009_02.jpg 0x0
rect:263 72 165 171 41
WhittierNarrows1987_01.jpg 0x0
rect:15 32 817 379 10
WhittierNarrows1987_02.jpg 0x0
rect:217 307 92 276 41
WhittierNarrows1987_03.jpg 0x0
rect:334 92 187 322 32
WhittierNarrows1987_04.jpg 0x0
rect:206 14 291 176 100
rect:239 55 97 210 41
rect:197 6 346 88 6
YogyakartaInd2006_01.jpg 0x0
rect:256 108 198 79 49
rect:272 41 381 232 32
rect:185 -19 443 370 29
YogyakartaInd2006_02.jpg 0x0
rect:256 60 168 527 98
rect:453 150 69 161 69
rect:444 72 62 209 70
