Anchorage1964_01.jpg 0x0
rect:82 325 231 303 1
rect:109 8 198 215 1
Anchorage1964_02.jpg 0x0
rect:226 61 79 67 4
rect:28 158 135 38 5
rect:201 37 274 77 4
rect:638 75 162 141 8
rect:178 266 380 83 2
rect:167 201 26 55 3
rect:574 223 118 69 4
rect:215 232 34 63 3
rect:70 192 31 21 6
rect:514 271 22 63 3
rect:410 323 19 46 3
rect:97 106 94 57 7
rect:262 197 26 47 3
rect:444 304 19 47 3
rect:44 25 121 50 5
rect:94 26 77 16 6
rect:297 351 21 76 3
rect:402 193 24 61 3
rect:147 253 39 14 6
Anchorage1964_03.jpg 0x0
rect:0 231 738 71 10
rect:2 269 293 73 9
rect:256 89 363 237 9
Anchorage1964_04.jpg 0x0
rect:265 263 35 23 5
rect:360 48 35 15 5
rect:441 123 29 16 5
rect:260 204 25 17 5
rect:227 40 32 23 5
rect:161 25 36 14 5
rect:261 268 21 23 1
rect:364 262 30 20 5
rect:434 173 29 19 5
rect:174 397 17 18 1
rect:373 405 24 15 5
rect:143 378 26 13 5
rect:371 343 24 29 1
rect:220 257 29 22 5
rect:236 294 17 29 1
rect:330 174 15 31 1
rect:379 274 30 21 5
rect:236 293 20 23 8
rect:185 518 23 17 5
rect:281 417 7 1 1
rect:209 187 20 23 5
rect:247 494 74 18 2
rect:291 326 16 31 1
rect:214 220 26 20 5
rect:280 252 21 19 1
rect:425 269 21 16 5
rect:314 410 17 26 1
rect:178 538 26 16 5
rect:122 106 35 22 5
rect:271 399 15 23 1
rect:349 154 20 34 1
rect:213 313 15 24 1
rect:254 418 24 20 5
rect:114 57 28 14 5
rect:157 171 35 16 5
rect:273 100 34 22 5
rect:140 361 35 22 5
rect:365 229 21 14 5
rect:132 158 31 18 5
Anchorage1964_05.jpg 0x0
rect:382 196 40 27 11
rect:100 151 24 59 1
rect:699 423 74 46 5
rect:73 157 22 35 1
rect:60 180 19 55 1
rect:559 194 53 30 6
rect:311 232 49 79 8
rect:174 30 112 42 6
rect:76 259 17 61 1
rect:637 233 39 50 1
rect:527 187 33 65 1
rect:533 95 40 51 1
rect:341 194 34 59 1
rect:361 19 41 62 1
rect:102 107 16 36 1
rect:73 80 31 51 1
rect:571 316 40 67 8
rect:34 475 24 41 1
rect:287 181 20 16 11
rect:728 283 47 13 6
rect:157 60 76 25 5
rect:120 27 23 34 1
rect:447 202 55 31 5
rect:193 215 111 29 5
rect:171 145 96 42 6
rect:387 175 156 83 2
rect:59 350 29 47 1
rect:409 87 37 79 1
rect:398 1 29 56 1
Anchorage1964_06.jpg 0x0
rect:116 110 65 344 3
rect:223 232 75 90 11
rect:105 89 194 519 12
Anchorage1964_07.jpg 0x0
rect:203 2 139 72 2
rect:8 63 820 401 2
rect:229 168 59 117 3
rect:350 147 67 124 13
rect:237 102 112 118 11
rect:6 250 373 24 14
rect:423 219 66 71 11
rect:278 339 286 177 2
rect:15 180 280 27 11
Anchorage1964_08.jpg 0x0
rect:324 582 110 143 1
rect:45 276 104 94 1
rect:53 84 166 83 1
rect:54 585 100 144 1
rect:388 28 110 115 1
rect:352 200 86 115 1
Anchorage1964_09.jpg 0x0
rect:474 23 80 88 8
rect:388 120 89 67 1
rect:431 9 268 10 15
rect:106 149 56 84 1
rect:671 8 71 11 16
rect:103 137 340 12 15
rect:11 11 411 19 15
rect:306 160 79 74 1
rect:656 93 160 21 15
rect:14 17 76 16 16
rect:77 53 72 79 8
rect:141 367 58 72 8
rect:12 126 69 26 15
rect:197 134 75 49 1
rect:460 161 71 31 15
rect:948 224 1 1 16
rect:20 159 16 12 16
rect:56 165 45 9 16
rect:381 232 74 73 8
Anchorage1964_10.jpg 0x0
rect:204 135 242 83 18
rect:65 137 285 358 1
rect:73 457 220 160 18
rect:185 255 83 158 17
Anchorage1964_11.jpg 0x0
rect:144 44 143 118 4
rect:407 150 115 99 1
rect:234 223 445 26 15
rect:106 487 543 22 14
rect:75 144 480 54 2
rect:515 5 117 44 1
rect:307 266 277 26 11
rect:64 437 574 13 14
Anchorage1964_12.jpg 0x0
rect:521 94 50 238 3
rect:15 62 415 269 2
rect:466 84 208 115 11
rect:200 142 21 104 3
rect:298 110 72 214 3
Anchorage1964_13.jpg 0x0
rect:497 372 29 186 20
rect:395 515 248 32 2
rect:400 656 110 14 19
Anchorage1964_14.jpg 0x0
rect:557 7 91 192 11
rect:98 227 98 33 15
rect:11 566 260 60 11
rect:149 257 63 85 21
rect:363 194 203 72 15
rect:343 11 85 237 11
rect:46 695 36 51 22
rect:263 16 117 599 20
rect:82 447 34 86 22
rect:298 642 178 60 23
rect:147 749 42 75 22
rect:20 685 24 68 22
Anchorage1964_15.jpg 0x0
rect:131 71 76 342 20
rect:517 363 95 43 24
rect:295 191 163 40 15
rect:352 265 116 53 11
rect:202 11 62 50 4
rect:491 9 121 63 4
rect:307 106 49 73 25
rect:206 144 25 56 11
rect:284 520 187 63 2
Anchorage1964_16.jpg 0x0
rect:270 229 299 199 11
rect:13 293 69 103 2
rect:505 163 163 210 2
rect:97 250 79 117 11
rect:14 121 188 204 2
rect:206 95 188 167 2
Anchorage1964_17.jpg 0x0
rect:283 57 292 241 9
rect:15 139 298 126 9
rect:9 264 896 265 10
Anchorage1964_18.jpg 0x0
rect:434 283 100 20 2
rect:166 197 95 110 4
rect:366 105 128 89 4
rect:626 393 29 19 2
rect:406 315 28 56 11
rect:177 337 20 52 11
rect:566 208 106 92 4
rect:621 358 77 20 2
rect:352 233 247 22 15
rect:177 345 69 61 11
Anchorage1964_19.jpg 0x0
rect:478 167 10 26 26
rect:435 107 31 97 29
rect:412 113 19 45 26
rect:543 167 19 31 26
rect:300 88 66 45 26
rect:555 146 24 68 29
rect:414 159 38 26 28
rect:26 310 39 114 27
rect:277 70 77 150 29
rect:480 188 7 7 26
rect:357 367 45 80 26
rect:419 120 50 39 28
rect:267 112 23 30 27
rect:343 280 17 35 26
rect:6 257 71 111 26
rect:318 120 41 24 26
rect:578 219 10 13 26
rect:530 140 6 21 26
Anchorage1964_20.jpg 0x0
rect:203 73 173 161 29
rect:520 460 53 67 26
rect:205 97 88 36 27
rect:177 419 79 136 26
rect:208 115 121 72 26
Anchorage1964_21.jpg 0x0
rect:2 76 45 37 26
rect:176 130 688 144 30
rect:67 360 36 44 26
rect:-5 70 69 134 29
Bingol2003_01.jpg 0x0
rect:608 431 175 63 6
rect:964 252 96 70 33
rect:562 242 181 151 31
rect:308 110 84 21 6
rect:533 236 43 149 32
rect:413 219 60 63 6
rect:400 78 207 179 31
rect:870 274 119 72 33
rect:261 535 94 82 6
rect:416 297 38 46 34
rect:168 158 88 53 33
rect:710 160 121 54 6
rect:474 71 83 91 6
rect:31 256 71 63 33
rect:485 334 81 75 6
rect:258 138 63 55 33
rect:574 493 100 40 33
rect:2 415 896 254 10
rect:412 159 42 105 34
Bingol2003_02.jpg 0x0
rect:416 358 100 96 6
rect:342 210 593 558 31
rect:159 598 147 290 32
rect:569 235 81 80 26
rect:458 161 425 99 35
rect:125 77 522 223 34
rect:1095 63 169 65 36
rect:219 184 64 250 32
Bingol2003_03.jpg 0x0
rect:97 30 212 33 2
rect:632 -8 236 164 4
rect:264 129 255 130 2
rect:816 504 256 465 2
rect:115 41 87 105 33
rect:374 175 250 74 11
rect:810 272 296 547 4
Bingol2003_04.jpg 0x0
rect:68 569 73 81 2
rect:190 409 42 89 3
rect:57 608 29 59 3
rect:265 536 135 65 2
rect:155 466 31 67 3
rect:159 607 22 85 3
rect:256 251 139 158 4
rect:173 317 281 210 2
CanterburyNZSeries2010_01.jpg 0x0
rect:102 96 130 341 12
CanterburyNZSeries2010_02.jpg 0x0
rect:56 10 180 361 37
rect:39 40 181 156 6
CanterburyNZSeries2010_03.jpg 0x0
rect:60 87 242 116 38
CanterburyNZSeries2010_04.jpg 0x0
rect:200 581 84 220 41
rect:261 484 21 84 40
rect:249 188 207 252 39
rect:214 337 28 180 40
rect:246 8 97 206 42
rect:351 503 24 64 40
rect:264 469 13 55 40
rect:277 476 57 155 40
CanterburyNZSeries2010_05.jpg 0x0
rect:255 382 183 257 4
rect:327 156 136 113 15
CanterburyNZSeries2010_06.jpg 0x0
rect:69 128 820 439 4
rect:195 252 265 102 2
CanterburyNZSeries2010_08.jpg 0x0
rect:358 158 203 344 43
rect:779 648 69 134 44
rect:825 610 23 222 32
rect:805 388 97 139 44
CanterburyNZSeries2010_09.jpg 0x0
rect:296 294 139 256 39
rect:276 140 130 152 45
CanterburyNZSeries2010_10.jpg 0x0
rect:300 573 293 103 6
rect:210 172 319 174 6
rect:369 338 185 81 46
rect:305 144 233 118 7
CanterburyNZSeries2010_11.jpg 0x0
rect:235 272 221 153 7
rect:262 251 359 182 5
CanterburyNZSeries2010_12.jpg 0x0
rect:54 281 531 421 2
rect:5 216 858 308 47
rect:546 552 157 69 11
rect:211 610 107 58 11
CanterburyNZSeries2010_13.jpg 0x0
rect:457 191 122 462 11
rect:211 19 297 790 12
Caracas1967_01.jpg 0x0
rect:442 102 60 82 48
rect:380 84 143 272 48
rect:358 142 51 89 48
rect:286 174 11 78 48
Caracas1967_02.jpg 0x0
rect:158 462 30 31 50
rect:97 428 36 52 49
rect:261 1 117 112 15
rect:196 261 237 289 51
Caracas1967_03.jpg 0x0
rect:252 83 87 116 14
rect:228 434 25 48 27
rect:356 307 61 64 26
rect:292 379 156 114 34
rect:305 298 36 84 27
rect:12 297 228 104 6
Caracas1967_04.jpg 0x0
rect:161 425 45 82 26
rect:119 362 15 80 27
rect:132 373 151 170 34
Caracas1967_05.jpg 0x0
rect:65 351 179 225 52
rect:224 196 58 213 40
rect:182 352 41 228 40
rect:53 366 76 303 40
rect:199 298 52 218 40
rect:47 111 249 605 41
rect:317 253 195 154 52
rect:145 438 56 184 40
rect:419 237 34 259 40
rect:29 94 302 446 48
Caracas1967_06.jpg 0x0
rect:315 228 69 66 6
rect:455 99 208 308 7
Caracas1967_07.jpg 0x0
rect:562 278 142 298 34
rect:138 123 211 235 34
rect:351 528 129 53 53
rect:582 374 89 100 53
rect:430 8 95 275 34
rect:231 182 42 232 27
rect:373 47 30 283 27
Caracas1967_08.jpg 0x0
rect:185 239 86 80 55
rect:186 200 65 109 54
rect:332 181 68 133 54
Caracas1967_09.jpg 0x0
rect:105 271 45 47 48
rect:469 14 303 112 48
rect:21 232 49 50 48
rect:165 176 96 65 48
Caracas1967_10.jpg 0x0
rect:470 232 86 162 40
rect:16 203 460 430 48
rect:263 249 73 136 40
rect:50 190 187 247 41
Caracas1967_11.jpg 0x0
rect:45 14 299 928 48
rect:62 180 219 516 41
rect:201 17 122 348 41
Caracas1967_12.jpg 0x0
rect:695 429 30 62 32
rect:268 324 30 59 56
rect:469 195 23 62 32
rect:643 302 46 35 34
Caracas1967_13.jpg 0x0
rect:210 458 90 244 55
Caracas1967_14.jpg 0x0
rect:181 211 276 57 6
rect:101 166 601 144 57
Chichi1999_01.jpg 0x0
rect:465 147 40 217 42
rect:5 9 977 222 58
Chichi1999_02.jpg 0x0
rect:6 103 493 168 58
rect:490 93 263 493 59
Chichi1999_03.jpg 0x0
rect:0 199 681 147 58
rect:71 216 64 132 60
Chichi1999_04.jpg 0x0
rect:223 -16 65 99 48
rect:155 297 30 43 52
rect:186 269 86 266 48
Chichi1999_05.jpg 0x0
rect:475 251 38 31 41
rect:368 102 88 258 48
rect:367 163 67 65 41
rect:286 228 30 72 52
Chichi1999_06.jpg 0x0
rect:330 152 72 49 62
rect:135 17 589 221 10
rect:347 255 51 85 48
rect:602 154 30 48 41
rect:393 -13 77 77 61
rect:342 168 21 23 52
Chichi1999_07.jpg 0x0
rect:174 200 23 50 64
rect:619 283 13 17 64
rect:339 164 36 138 48
rect:296 278 35 40 64
rect:57 245 752 174 63
rect:579 185 36 110 48
rect:136 210 51 129 48
Chichi1999_08.jpg 0x0
rect:76 17 512 502 10
Chichi1999_09.jpg 0x0
rect:285 82 32 59 40
rect:190 86 168 88 41
rect:272 92 150 224 48
rect:293 117 47 78 40
Chichi1999_10.jpg 0x0
rect:204 16 490 328 10
Chichi1999_11.jpg 0x0
rect:2 146 170 528 10
rect:162 285 132 67 65
Chichi1999_12.jpg 0x0
rect:9 18 347 719 66
Chichi1999_13.jpg 0x0
rect:38 49 650 435 10
Chichi1999_14.jpg 0x0
rect:171 519 35 42 67
rect:58 363 53 34 67
rect:93 400 41 29 67
rect:132 327 58 62 67
rect:366 466 24 19 39
rect:223 557 24 25 39
rect:158 347 35 59 67
rect:276 174 18 50 67
rect:408 471 45 46 67
rect:198 336 22 55 67
rect:199 525 33 36 67
rect:259 209 43 61 39
rect:236 522 95 66 67
rect:228 345 31 46 67
rect:154 149 62 56 67
rect:338 495 23 38 39
rect:166 308 38 80 67
Chichi1999_15.jpg 0x0
rect:260 29 287 462 41
Chichi1999_16.jpg 0x0
rect:165 91 90 119 32
Chichi1999_17.jpg 0x0
rect:91 325 22 39 32
Chichi1999_18.jpg 0x0
rect:314 307 49 92 70
rect:117 203 27 110 69
rect:209 226 25 175 69
rect:219 177 46 78 69
rect:272 364 24 179 69
rect:164 243 158 550 68
Chichi1999_19.jpg 0x0
rect:177 27 188 369 2
rect:303 111 164 290 3
YogyakartaInd2006_03.jpg 0x0
rect:515 79 100 40 16
rect:282 221 257 146 71
rect:208 24 100 2 15
rect:263 506 292 35 15
rect:327 465 54 22 16
rect:238 145 88 39 15
rect:440 55 165 76 15
rect:217 179 21 8 16
Chichi1999_20.jpg 0x0
rect:180 197 135 316 42
rect:220 368 71 175 41
Chichi1999_21.jpg 0x0
rect:86 383 202 78 5
rect:222 231 148 153 37
rect:16 4 262 202 30
rect:284 314 111 147 6
rect:434 42 235 213 37
rect:358 5 168 137 57
rect:144 100 242 322 72
rect:501 138 116 134 6
Chichi1999_22.jpg 0x0
rect:302 280 16 23 73
rect:203 188 217 128 10
rect:186 309 19 26 73
rect:193 190 14 19 73
Chichi1999_23.jpg 0x0
rect:123 209 19 27 34
rect:88 189 41 36 73
rect:205 358 36 94 34
rect:84 415 54 84 73
rect:4 79 501 125 74
rect:261 292 62 86 73
rect:367 165 28 35 26
rect:313 245 27 31 27
rect:290 185 55 76 73
rect:95 301 40 101 34
Chichi1999_24.jpg 0x0
rect:351 419 1 2 46
rect:3 446 274 259 74
rect:182 249 40 44 46
rect:184 183 66 64 34
rect:219 161 107 113 75
Chichi1999_25.jpg 0x0
rect:161 198 126 400 73
rect:156 277 95 271 34
rect:247 362 41 88 26
Chichi1999_26.jpg 0x0
rect:233 349 89 343 76
rect:161 501 108 57 26
rect:293 14 51 25 73
rect:93 506 96 116 73
rect:161 363 131 145 27
rect:159 186 55 111 73
Chichi1999_27.jpg 0x0
rect:139 163 113 382 32
Chichi1999_28.jpg 0x0
rect:302 142 162 159 75
rect:317 192 263 120 77
rect:167 120 154 224 5
rect:24 76 306 150 6
Chichi1999_29.jpg 0x0
rect:176 142 242 297 48
rect:239 213 54 114 52
rect:246 227 121 140 40
Chichi1999_30.jpg 0x0
rect:230 137 216 371 40
rect:225 179 251 73 52
rect:33 278 87 209 73
rect:238 257 251 47 78
Chichi1999_31.jpg 0x0
rect:149 104 101 335 79
rect:686 137 42 221 48
Chichi1999_32.jpg 0x0
rect:191 9 104 279 80
rect:588 190 65 208 39
rect:138 284 25 150 81
rect:212 56 53 105 81
Chichi1999_33.jpg 0x0
rect:251 70 114 214 56
rect:82 85 142 549 33
rect:326 87 96 359 32
rect:296 142 41 116 49
rect:162 141 34 112 49
rect:161 137 118 187 32
Chichi1999_34.jpg 0x0
rect:115 128 545 371 10
Duzce1999_01.jpg 0x0
rect:125 101 99 159 41
rect:141 45 106 362 39
Duzce1999_02.jpg 0x0
rect:86 63 108 421 41
Duzce1999_03.jpg 0x0
rect:82 109 131 185 42
rect:0 203 86 236 31
rect:161 95 100 291 31
Gediz1970_01.jpg 0x0
rect:123 244 122 262 69
rect:105 99 188 648 68
rect:184 525 99 195 69
Guatemala1976_01.jpg 0x0
rect:18 89 791 194 82
rect:69 200 45 48 52
rect:67 148 44 60 41
rect:393 105 151 106 48
rect:461 218 67 71 41
rect:56 182 99 104 48
Guatemala1976_02.jpg 0x0
rect:342 59 85 107 40
rect:222 97 359 198 48
Guatemala1976_03.jpg 0x0
rect:17 61 890 356 75
Guatemala1976_04.jpg 0x0
rect:36 65 338 240 30
rect:437 226 100 244 4
rect:103 25 483 98 30
rect:493 359 111 185 4
Guatemala1976_05.jpg 0x0
rect:191 100 508 446 48
rect:208 156 250 172 40
rect:216 186 358 148 41
Guatemala1976_06.jpg 0x0
rect:142 136 197 571 39
Guatemala1976_07.jpg 0x0
rect:20 223 549 498 10
rect:32 212 82 60 6
rect:254 577 161 93 83
Guatemala1976_08.jpg 0x0
rect:200 66 369 331 41
rect:441 76 241 374 40
rect:180 34 336 468 48
Guatemala1976_09.jpg 0x0
rect:95 371 39 32 84
rect:83 244 38 36 85
rect:124 232 49 55 85
rect:242 288 90 26 85
rect:145 345 30 27 84
rect:816 208 66 44 85
rect:365 377 60 69 84
rect:656 411 59 93 84
Guatemala1976_10.jpg 0x0
rect:314 454 40 88 87
rect:177 182 247 248 86
rect:183 106 166 214 87
Guatemala1976_11.jpg 0x0
rect:244 252 118 151 34
GujaratIndia2001_01.jpg 0x0
rect:38 362 186 201 4
rect:395 476 50 62 11
rect:225 381 210 70 2
rect:54 372 75 27 2
Haiti2010_01.jpg 0x0
rect:390 315 129 112 4
rect:162 42 91 82 7
rect:210 110 231 261 41
rect:461 567 143 235 4
rect:252 203 33 146 40
Haiti2010_02.jpg 0x0
rect:64 111 509 149 88
rect:274 27 190 50 14
Haiti2010_03.jpg 0x0
rect:325 682 76 67 49
rect:368 1 54 562 32
rect:325 549 266 167 89
rect:182 454 163 232 32
Haiti2010_04.jpg 0x0
rect:2 150 326 109 6
rect:266 39 185 289 34
rect:142 262 310 563 41
Haiti2010_05.jpg 0x0
rect:226 204 206 522 90
rect:321 253 132 133 52
rect:208 176 37 118 40
rect:346 335 25 123 40
Haiti2010_06.jpg 0x0
rect:437 200 69 37 6
rect:571 154 745 911 91
rect:181 306 298 481 91
rect:523 160 162 398 33
rect:412 122 66 83 34
rect:486 298 57 260 32
rect:209 267 38 58 34
ImperialValley1979_01.jpg 0x0
rect:334 361 38 33 50
rect:579 273 14 17 49
rect:12 340 137 115 32
rect:343 277 57 47 50
rect:288 441 39 25 49
rect:347 411 73 38 32
rect:600 306 55 41 32
rect:490 234 22 17 49
rect:516 332 33 38 32
rect:16 282 57 64 49
rect:56 269 83 97 50
ImperialValley1979_02.jpg 0x0
rect:222 98 208 244 32
rect:211 142 328 58 92
rect:442 139 107 138 50
rect:246 208 111 40 49
rect:187 151 84 241 50
rect:261 206 51 147 50
ImperialValley1979_03.jpg 0x0
rect:135 450 293 41 92
rect:275 346 104 147 50
rect:95 222 287 167 32
rect:84 316 286 42 92
rect:86 255 66 248 50
rect:274 306 62 215 50
rect:196 163 166 112 32
Izmit1999_01.jpg 0x0
rect:296 88 49 144 27
rect:243 93 47 141 27
rect:377 283 67 72 26
rect:227 306 36 144 27
rect:176 70 492 224 34
Izmit1999_02.jpg 0x0
rect:25 155 848 208 10
Izmit1999_03.jpg 0x0
rect:273 67 34 245 50
rect:206 142 409 34 92
rect:418 60 41 219 50
rect:115 76 62 247 50
rect:191 33 362 316 93
rect:307 50 332 280 32
rect:247 98 53 240 50
rect:458 69 43 200 50
Izmit1999_04.jpg 0x0
rect:408 87 111 61 41
rect:345 401 68 57 41
rect:55 497 57 56 34
rect:340 67 68 115 48
rect:96 727 170 129 88
rect:53 512 39 107 42
rect:64 539 69 106 41
rect:403 297 28 70 40
rect:425 417 26 58 40
rect:140 207 119 74 88
Izmit1999_05.jpg 0x0
rect:124 30 731 557 10
Izmit1999_06.jpg 0x0
rect:86 179 88 200 50
rect:182 319 53 121 50
rect:92 158 180 431 32
rect:174 225 84 241 50
rect:206 289 62 108 50
rect:191 273 115 55 49
Izmit1999_07.jpg 0x0
rect:162 412 41 151 3
rect:251 210 40 85 3
rect:360 54 109 47 6
rect:253 239 81 338 4
rect:152 179 61 103 3
rect:18 86 480 517 2
rect:393 141 57 79 3
Izmit1999_08.jpg 0x0
rect:636 90 55 64 41
rect:517 6 79 83 45
rect:111 132 106 58 41
rect:180 318 100 107 45
rect:107 34 98 88 34
rect:671 64 73 28 52
rect:156 170 153 121 88
Izmit1999_09.jpg 0x0
rect:43 209 47 41 41
rect:274 270 75 97 41
rect:338 178 49 44 41
rect:550 234 55 69 41
rect:636 310 45 79 94
rect:334 276 93 88 94
Izmit1999_10.jpg 0x0
rect:156 229 68 221 40
rect:186 153 169 149 40
rect:46 103 104 190 40
rect:44 181 310 55 78
rect:274 337 41 78 40
rect:236 390 67 21 78
rect:290 581 130 104 40
rect:162 306 180 39 78
rect:142 393 351 83 78
rect:101 106 270 372 41
rect:275 171 69 123 40
Izmit1999_11.jpg 0x0
rect:185 232 120 207 41
rect:156 226 47 146 40
rect:185 161 55 150 40
rect:144 329 152 159 41
rect:248 347 99 169 40
Izmit1999_12.jpg 0x0
rect:571 196 44 44 41
rect:524 122 35 104 41
rect:243 194 40 115 42
rect:388 25 59 43 34
rect:422 154 48 88 45
rect:57 242 50 122 94
rect:74 80 37 29 6
rect:235 300 60 127 41
rect:1 269 42 42 41
rect:266 336 113 156 94
rect:403 204 56 52 7
rect:57 223 53 47 52
rect:373 143 260 244 91
rect:194 237 96 68 88
rect:257 359 41 85 52
rect:17 86 55 31 6
rect:329 133 37 22 6
rect:100 371 29 48 40
Izmit1999_13.jpg 0x0
rect:248 78 56 139 41
rect:274 89 168 383 48
rect:131 203 81 45 52
rect:259 339 47 77 41
rect:404 194 69 223 41
rect:131 266 32 131 41
rect:6 72 73 160 42
rect:121 139 65 32 6
rect:140 203 87 99 94
Izmit1999_14.jpg 0x0
rect:220 315 57 25 34
rect:384 422 35 19 34
rect:578 174 81 43 34
rect:65 117 122 76 34
rect:305 149 113 75 35
rect:347 93 62 52 34
rect:535 299 76 31 34
rect:455 7 112 80 35
rect:458 47 63 60 95
Izmit1999_15.jpg 0x0
rect:113 212 210 356 42
Izmit1999_16.jpg 0x0
rect:154 49 214 322 39
rect:172 104 229 127 41
rect:253 128 46 89 40
rect:100 61 375 618 33
Izmit1999_17.jpg 0x0
rect:132 154 178 237 41
Izmit1999_18.jpg 0x0
rect:162 121 131 158 41
rect:194 107 158 212 39
Izmit1999_19.jpg 0x0
rect:403 136 22 85 50
rect:306 119 327 306 32
rect:200 73 182 266 96
rect:440 106 31 97 50
Kobe1995_01.jpg 0x0
rect:29 158 721 174 63
Kobe1995_02.jpg 0x0
rect:2 72 590 740 68
Kobe1995_03.jpg 0x0
rect:41 41 416 767 10
Kobe1995_04.jpg 0x0
rect:295 309 41 52 41
Kobe1995_05.jpg 0x0
rect:223 199 162 386 40
rect:51 239 540 103 78
rect:4 176 100 373 40
rect:164 144 247 513 52
rect:77 423 297 163 78
Kobe1995_06.jpg 0x0
rect:153 365 297 305 42
rect:62 179 555 610 41
Kobe1995_07.jpg 0x0
rect:132 125 38 34 39
rect:179 496 20 40 39
rect:55 452 53 32 39
rect:397 368 49 33 39
rect:389 427 28 53 39
rect:513 134 47 39 39
rect:472 217 53 46 39
rect:280 536 48 38 39
rect:304 274 32 27 39
rect:223 175 49 54 39
rect:121 390 41 44 39
rect:80 302 32 28 39
rect:46 335 41 40 39
rect:163 385 25 38 39
rect:225 278 33 39 39
rect:251 228 38 38 39
rect:194 591 53 26 39
rect:171 242 39 26 39
rect:529 142 40 33 39
rect:353 153 47 50 39
rect:77 232 34 41 39
rect:178 198 36 39 39
rect:345 166 41 28 39
rect:189 119 29 29 39
rect:393 476 23 43 39
rect:149 126 28 34 39
Kobe1995_08.jpg 0x0
rect:239 75 323 149 97
Kobe1995_09.jpg 0x0
rect:68 617 105 108 88
rect:116 600 63 45 88
rect:205 573 211 56 97
rect:91 517 57 83 88
SanSalvador_1986_01.jpg 0x0
rect:232 117 139 127 41
rect:79 3 90 314 68
SanSalvador_1986_02.jpg 0x0
rect:373 192 43 37 42
rect:374 206 31 36 41
rect:229 225 27 22 41
rect:225 166 40 41 41
rect:284 332 21 42 41
rect:641 227 32 47 41
rect:165 298 32 51 41
rect:319 126 19 27 41
rect:116 158 40 37 41
SikkimIndia2001_01.jpg 0x0
rect:175 145 161 90 34
SikkimIndia2001_02.jpg 0x0
rect:590 231 73 13 16
rect:8 190 81 45 54
rect:310 121 124 44 16
rect:-17 2 307 93 33
rect:213 206 103 42 16
rect:7 7 224 83 16
rect:206 94 162 400 33
rect:348 84 95 170 33
SikkimIndia2001_03.jpg 0x0
rect:242 13 173 550 98
rect:208 105 92 159 69
rect:190 177 92 118 70
SikkimIndia2001_04.jpg 0x0
rect:3 37 226 344 99
rect:356 196 107 126 34
rect:355 217 265 126 99
SumatraInd2009_01.jpg 0x0
rect:185 25 44 241 81
SumatraInd2009_02.jpg 0x0
rect:157 74 236 198 41
WhittierNarrows1987_01.jpg 0x0
rect:11 21 943 484 10
WhittierNarrows1987_02.jpg 0x0
rect:160 291 113 201 41
WhittierNarrows1987_03.jpg 0x0
rect:268 173 206 257 32
WhittierNarrows1987_04.jpg 0x0
rect:225 14 250 108 100
rect:198 9 329 83 6
rect:176 47 82 222 41
YogyakartaInd2006_01.jpg 0x0
rect:234 29 268 207 32
rect:356 174 232 96 49
rect:239 -17 465 422 29
YogyakartaInd2006_02.jpg 0x0
rect:275 58 126 368 98
rect:386 150 63 267 69
rect:395 89 62 195 70
