Anchorage1964_01.jpg 0x0
rect:109 8 147 149 1
rect:99 269 236 265 1
Anchorage1964_02.jpg 0x0
rect:468 314 21 46 3
rect:222 26 228 111 4
rect:151 260 41 14 6
rect:201 178 391 69 2
rect:450 215 82 49 4
rect:86 28 94 12 6
rect:31 27 190 40 5
rect:464 326 18 48 3
rect:419 282 28 72 3
rect:199 61 111 83 4
rect:83 164 19 20 6
rect:228 298 23 75 3
rect:241 188 25 55 3
rect:206 252 29 63 3
rect:453 277 19 36 3
rect:470 207 12 43 3
rect:23 203 126 38 5
rect:161 191 60 69 7
rect:511 53 101 131 8
Anchorage1964_03.jpg 0x0
rect:182 61 453 173 9
rect:0 323 712 81 10
rect:2 212 247 93 9
Anchorage1964_04.jpg 0x0
rect:244 231 23 28 8
rect:352 236 13 35 1
rect:450 228 21 16 5
rect:123 121 39 12 5
rect:289 453 29 23 5
rect:181 328 24 33 1
rect:258 184 17 19 1
rect:316 69 32 21 5
rect:268 444 8 1 1
rect:294 154 14 20 1
rect:170 203 35 18 5
rect:188 108 23 16 5
rect:206 33 32 19 5
rect:226 319 20 23 1
rect:364 491 23 22 1
rect:272 170 38 24 5
rect:208 157 33 22 5
rect:289 368 15 22 1
rect:314 135 32 13 5
rect:395 258 26 19 5
rect:368 362 30 16 5
rect:200 359 15 21 1
rect:190 278 38 23 5
rect:465 413 32 23 5
rect:430 56 31 22 5
rect:238 30 32 17 5
rect:278 367 26 24 1
rect:179 61 37 17 5
rect:203 305 42 14 5
rect:211 206 28 18 5
rect:217 167 21 18 5
rect:241 115 20 38 1
rect:397 586 22 13 5
rect:185 356 65 19 2
rect:375 205 27 19 5
rect:380 195 35 23 5
rect:345 202 24 27 1
rect:172 372 33 25 5
rect:174 158 26 24 5
Anchorage1964_05.jpg 0x0
rect:154 154 124 31 6
rect:665 234 30 47 1
rect:324 210 53 31 11
rect:355 111 41 65 1
rect:428 196 40 59 1
rect:74 82 14 66 1
rect:771 297 44 21 6
rect:402 366 31 89 8
rect:53 139 20 32 1
rect:380 20 37 47 1
rect:308 361 60 55 8
rect:489 241 63 45 5
rect:61 171 19 38 1
rect:94 278 25 38 1
rect:69 24 28 44 1
rect:202 44 127 40 6
rect:87 70 32 35 1
rect:247 202 23 26 11
rect:40 406 18 42 1
rect:439 302 54 75 1
rect:30 560 28 69 1
rect:147 41 108 34 5
rect:298 232 136 90 2
rect:430 66 40 73 1
rect:370 1 41 53 1
rect:49 283 19 52 1
rect:510 178 65 36 5
rect:124 155 85 26 5
rect:822 335 37 15 6
Anchorage1964_06.jpg 0x0
rect:88 62 159 340 12
rect:203 116 92 253 3
rect:222 248 61 90 11
Anchorage1964_07.jpg 0x0
rect:380 112 42 73 13
rect:308 244 105 83 11
rect:8 56 783 516 2
rect:310 299 234 188 2
rect:304 108 133 103 11
rect:374 143 36 152 3
rect:17 166 247 29 11
rect:259 2 101 69 2
rect:7 320 323 37 14
Anchorage1964_08.jpg 0x0
rect:330 196 85 87 1
rect:399 389 111 165 1
rect:59 343 76 71 1
rect:52 404 131 101 1
rect:48 91 130 146 1
rect:255 28 109 116 1
Anchorage1964_09.jpg 0x0
rect:427 131 90 64 1
rect:13 15 48 13 16
rect:16 163 17 10 16
rect:300 119 50 81 1
rect:56 194 58 10 16
rect:11 128 68 15 15
rect:592 150 171 16 15
rect:179 100 245 12 15
rect:726 218 78 81 8
rect:351 111 119 30 15
rect:558 7 241 14 15
rect:324 159 54 54 1
rect:125 263 53 61 8
rect:626 24 68 52 8
rect:641 9 75 13 16
rect:832 244 1 1 16
rect:93 142 88 60 1
rect:12 14 443 15 15
rect:77 35 79 94 8
Anchorage1964_10.jpg 0x0
rect:249 289 124 141 17
rect:78 433 373 101 18
rect:165 165 203 75 18
rect:72 171 408 311 1
Anchorage1964_11.jpg 0x0
rect:712 5 81 46 1
rect:89 390 622 21 14
rect:138 239 650 56 2
rect:335 170 305 29 11
rect:87 469 800 14 14
rect:636 130 171 83 1
rect:177 147 282 16 15
rect:100 46 178 101 4
Anchorage1964_12.jpg 0x0
rect:274 74 139 120 11
rect:356 105 42 242 3
rect:10 92 451 309 2
rect:239 220 37 121 3
rect:335 82 63 211 3
Anchorage1964_13.jpg 0x0
rect:465 685 142 16 19
rect:593 472 23 111 20
rect:353 614 237 32 2
Anchorage1964_14.jpg 0x0
rect:160 359 94 94 21
rect:555 6 103 171 11
rect:12 606 173 76 11
rect:53 657 50 75 22
rect:264 219 161 44 15
rect:27 682 23 77 22
rect:131 655 30 55 22
rect:178 16 129 753 20
rect:212 12 69 213 11
rect:351 797 165 88 23
rect:66 224 128 30 15
rect:121 649 52 82 22
Anchorage1964_15.jpg 0x0
rect:250 112 38 62 11
rect:303 531 245 49 2
rect:458 9 78 62 4
rect:473 326 130 39 24
rect:172 69 74 514 20
rect:493 189 109 60 11
rect:321 9 53 46 4
rect:240 234 202 40 15
rect:271 97 64 74 25
Anchorage1964_16.jpg 0x0
rect:192 114 289 145 2
rect:345 289 141 251 2
rect:12 117 209 187 2
rect:223 280 252 222 11
rect:89 378 89 115 11
rect:14 268 59 94 2
Anchorage1964_17.jpg 0x0
rect:324 42 247 268 9
rect:9 209 921 199 10
rect:13 151 183 159 9
Anchorage1964_18.jpg 0x0
rect:521 127 97 60 4
rect:453 148 73 91 4
rect:121 206 21 56 11
rect:432 265 46 47 11
rect:132 174 96 124 4
rect:426 311 58 15 2
rect:563 315 28 15 2
rect:107 306 90 33 11
rect:340 328 55 24 2
rect:319 330 292 25 15
Anchorage1964_19.jpg 0x0
rect:395 71 51 71 29
rect:336 100 18 47 29
rect:6 181 83 189 26
rect:221 73 73 45 26
rect:430 266 23 39 26
rect:466 100 6 16 26
rect:559 174 7 17 26
rect:463 277 10 22 26
rect:379 133 35 24 26
rect:230 92 29 26 27
rect:225 71 78 141 29
rect:410 252 14 33 26
rect:448 137 59 35 28
rect:567 89 17 34 26
rect:711 139 7 5 26
rect:265 245 41 97 26
rect:34 255 26 123 27
rect:578 281 47 26 28
Anchorage1964_20.jpg 0x0
rect:146 104 82 49 27
rect:129 49 165 103 29
rect:163 63 104 60 26
rect:151 573 52 133 26
rect:457 641 45 84 26
Anchorage1964_21.jpg 0x0
rect:2 77 32 28 26
rect:137 174 649 133 30
rect:44 399 30 34 26
rect:-7 65 99 192 29
Bingol2003_01.jpg 0x0
rect:853 588 85 35 33
rect:343 190 100 86 33
rect:569 324 38 233 32
rect:831 107 108 102 6
rect:552 264 46 96 34
rect:270 109 91 21 6
rect:146 276 74 50 33
rect:364 103 161 151 31
rect:2 246 1116 299 10
rect:400 345 125 202 31
rect:751 231 114 66 33
rect:563 490 226 70 6
rect:710 366 93 49 6
rect:746 258 95 55 33
rect:324 380 110 102 6
rect:567 300 39 53 6
rect:29 290 68 81 33
rect:431 61 93 90 6
rect:581 403 51 60 34
Bingol2003_02.jpg 0x0
rect:249 251 74 87 6
rect:186 91 522 174 34
rect:589 444 104 118 26
rect:749 74 160 71 36
rect:315 259 909 369 31
rect:139 460 123 221 32
rect:452 188 363 142 35
rect:171 178 96 324 32
Bingol2003_03.jpg 0x0
rect:251 145 484 219 2
rect:550 488 175 505 2
rect:455 232 260 95 11
rect:81 30 179 31 2
rect:120 34 119 151 33
rect:536 -7 348 281 4
rect:539 177 255 792 4
Bingol2003_04.jpg 0x0
rect:186 344 36 122 3
rect:263 326 205 120 4
rect:306 605 80 56 2
rect:79 691 122 83 2
rect:101 708 18 51 3
rect:85 575 29 66 3
rect:162 680 24 101 3
rect:200 383 219 175 2
CanterburyNZSeries2010_01.jpg 0x0
rect:127 110 97 341 12
CanterburyNZSeries2010_02.jpg 0x0
rect:51 35 160 189 6
rect:43 11 242 223 37
CanterburyNZSeries2010_03.jpg 0x0
rect:49 79 332 120 38
CanterburyNZSeries2010_04.jpg 0x0
rect:239 523 23 86 40
rect:237 209 167 325 39
rect:297 517 24 55 40
rect:189 349 23 143 40
rect:359 434 16 48 40
rect:293 449 48 145 40
rect:170 9 98 167 42
rect:145 552 71 261 41
CanterburyNZSeries2010_05.jpg 0x0
rect:241 217 148 118 15
rect:219 378 173 437 4
CanterburyNZSeries2010_06.jpg 0x0
rect:186 207 299 97 2
rect:49 105 790 744 4
CanterburyNZSeries2010_08.jpg 0x0
rect:478 124 142 312 43
rect:1063 558 74 120 44
rect:711 364 24 178 32
rect:910 462 132 142 44
CanterburyNZSeries2010_09.jpg 0x0
rect:266 169 215 188 45
rect:279 298 134 343 39
CanterburyNZSeries2010_10.jpg 0x0
rect:272 232 315 276 6
rect:297 218 336 135 7
rect:305 280 194 71 46
rect:212 603 198 84 6
CanterburyNZSeries2010_11.jpg 0x0
rect:310 226 322 125 7
rect:327 284 229 227 5
CanterburyNZSeries2010_12.jpg 0x0
rect:5 209 785 336 47
rect:47 266 895 417 2
rect:679 376 231 79 11
rect:241 536 152 43 11
CanterburyNZSeries2010_13.jpg 0x0
rect:512 113 99 481 11
rect:186 18 373 898 12
Caracas1967_01.jpg 0x0
rect:220 179 30 122 48
rect:304 74 140 319 48
rect:373 183 69 88 48
rect:204 166 11 57 48
Caracas1967_02.jpg 0x0
rect:139 465 45 74 49
rect:281 1 132 208 15
rect:150 245 257 377 51
rect:133 503 41 31 50
Caracas1967_03.jpg 0x0
rect:355 61 88 95 14
rect:363 397 73 54 26
rect:302 438 26 78 27
rect:232 386 97 170 34
rect:368 435 23 114 27
rect:13 421 322 70 6
Caracas1967_04.jpg 0x0
rect:150 368 17 104 27
rect:106 281 44 128 26
rect:165 429 143 158 34
Caracas1967_05.jpg 0x0
rect:67 410 74 236 40
rect:222 390 69 152 40
rect:37 120 426 454 48
rect:436 159 40 258 40
rect:398 183 62 171 40
rect:247 200 158 122 52
rect:43 132 364 549 41
rect:248 342 63 284 40
rect:141 408 31 250 40
rect:90 452 168 182 52
Caracas1967_06.jpg 0x0
rect:388 117 341 245 7
rect:464 246 69 37 6
Caracas1967_07.jpg 0x0
rect:178 152 174 188 34
rect:474 60 25 187 27
rect:539 317 155 341 34
rect:312 505 80 58 53
rect:467 330 128 110 53
rect:232 138 39 145 27
rect:350 7 105 309 34
Caracas1967_08.jpg 0x0
rect:251 333 83 76 55
rect:252 236 47 126 54
rect:399 188 77 143 54
Caracas1967_09.jpg 0x0
rect:30 221 56 50 48
rect:69 148 61 60 48
rect:183 212 117 110 48
rect:485 9 309 156 48
Caracas1967_10.jpg 0x0
rect:359 190 93 127 40
rect:42 170 310 311 41
rect:23 159 442 520 48
rect:329 270 93 173 40
Caracas1967_11.jpg 0x0
rect:67 190 220 614 41
rect:299 10 131 207 41
rect:45 17 518 523 48
Caracas1967_12.jpg 0x0
rect:290 359 22 57 56
rect:768 259 28 40 32
rect:558 335 32 54 34
rect:908 465 22 74 32
Caracas1967_13.jpg 0x0
rect:110 413 173 241 55
Caracas1967_14.jpg 0x0
rect:187 344 257 32 6
rect:120 160 635 192 57
Chichi1999_01.jpg 0x0
rect:4 6 565 174 58
rect:261 151 51 255 42
Chichi1999_02.jpg 0x0
rect:425 130 232 259 59
rect:7 124 506 145 58
Chichi1999_03.jpg 0x0
rect:0 178 658 186 58
rect:78 119 74 83 60
Chichi1999_04.jpg 0x0
rect:246 230 64 323 48
rect:236 -19 65 130 48
rect:271 194 29 55 52
Chichi1999_05.jpg 0x0
rect:266 154 54 56 41
rect:485 131 64 263 48
rect:464 330 22 30 41
rect:488 236 29 73 52
Chichi1999_06.jpg 0x0
rect:371 85 52 46 62
rect:425 171 52 104 48
rect:675 206 30 73 41
rect:152 14 499 244 10
rect:563 -12 102 95 61
rect:454 220 20 37 52
Chichi1999_07.jpg 0x0
rect:204 208 32 43 64
rect:71 152 751 147 63
rect:149 163 45 196 48
rect:439 171 37 163 48
rect:495 311 39 75 48
rect:325 156 29 36 64
rect:439 173 18 20 64
Chichi1999_08.jpg 0x0
rect:125 12 515 462 10
Chichi1999_09.jpg 0x0
rect:275 117 59 62 40
rect:251 60 160 180 48
rect:156 91 154 111 41
rect:254 76 31 107 40
Chichi1999_10.jpg 0x0
rect:195 14 604 349 10
Chichi1999_11.jpg 0x0
rect:2 150 177 638 10
rect:152 284 125 124 65
Chichi1999_12.jpg 0x0
rect:10 19 308 723 66
Chichi1999_13.jpg 0x0
rect:42 61 554 285 10
Chichi1999_14.jpg 0x0
rect:148 255 33 69 67
rect:178 369 25 38 67
rect:462 441 97 80 67
rect:307 515 49 70 67
rect:218 321 18 37 67
rect:320 355 22 25 39
rect:196 456 28 39 67
rect:133 518 34 42 67
rect:216 394 28 50 39
rect:96 555 33 45 67
rect:248 341 37 54 67
rect:215 285 42 38 39
rect:108 526 37 33 67
rect:147 254 71 50 67
rect:84 228 36 52 67
rect:123 277 79 60 67
rect:219 451 19 27 39
Chichi1999_15.jpg 0x0
rect:183 23 336 577 41
Chichi1999_16.jpg 0x0
rect:146 161 61 99 32
Chichi1999_17.jpg 0x0
rect:176 386 26 51 32
Chichi1999_18.jpg 0x0
rect:134 315 34 71 69
rect:279 287 40 149 70
rect:195 178 192 467 68
rect:116 171 23 154 69
rect:195 261 33 131 69
rect:341 262 31 188 69
Chichi1999_19.jpg 0x0
rect:263 129 189 312 3
rect:142 15 250 459 2
YogyakartaInd2006_03.jpg 0x0
rect:226 346 256 30 15
rect:371 55 173 77 15
rect:471 66 86 29 16
rect:224 31 75 2 15
rect:373 364 53 33 16
rect:201 103 71 38 15
rect:221 309 278 109 71
rect:259 202 24 6 16
Chichi1999_20.jpg 0x0
rect:337 288 58 256 41
rect:128 252 100 321 42
Chichi1999_21.jpg 0x0
rect:303 25 262 227 37
rect:440 8 106 99 57
rect:508 125 188 84 6
rect:238 93 291 250 72
rect:88 317 171 121 5
rect:253 293 80 149 6
rect:231 209 226 176 37
rect:14 4 198 154 30
Chichi1999_22.jpg 0x0
rect:183 293 14 28 73
rect:204 313 16 19 73
rect:286 111 257 179 10
rect:346 241 13 16 73
Chichi1999_23.jpg 0x0
rect:127 268 57 128 73
rect:83 230 36 87 34
rect:329 331 50 88 34
rect:113 129 29 28 34
rect:4 73 649 224 74
rect:382 187 23 34 27
rect:259 376 79 110 73
rect:344 152 51 72 73
rect:95 204 59 68 73
rect:360 242 24 27 26
Chichi1999_24.jpg 0x0
rect:215 192 31 65 46
rect:3 438 217 211 74
rect:180 196 155 66 75
rect:215 297 83 44 34
rect:231 386 1 2 46
Chichi1999_25.jpg 0x0
rect:207 369 36 76 26
rect:167 165 97 248 34
rect:126 227 162 310 73
Chichi1999_26.jpg 0x0
rect:246 229 129 485 76
rect:210 15 54 40 73
rect:275 164 57 103 73
rect:161 616 121 129 27
rect:135 657 79 51 26
rect:152 391 137 190 73
Chichi1999_27.jpg 0x0
rect:190 244 65 356 32
Chichi1999_28.jpg 0x0
rect:21 68 336 141 6
rect:185 296 165 132 77
rect:395 160 160 212 75
rect:157 95 119 207 5
Chichi1999_29.jpg 0x0
rect:226 231 90 171 40
rect:178 193 139 304 48
rect:166 208 99 133 52
Chichi1999_30.jpg 0x0
rect:30 295 83 175 73
rect:268 239 128 67 78
rect:147 110 252 84 52
rect:146 101 356 331 40
Chichi1999_31.jpg 0x0
rect:695 82 43 157 48
rect:172 98 151 382 79
Chichi1999_32.jpg 0x0
rect:158 57 59 150 81
rect:220 285 30 147 81
rect:342 132 45 139 39
rect:194 10 100 311 80
Chichi1999_33.jpg 0x0
rect:184 103 145 263 32
rect:318 130 29 102 49
rect:152 88 85 214 32
rect:101 192 37 114 49
rect:77 84 90 323 33
rect:254 114 69 292 56
Chichi1999_34.jpg 0x0
rect:138 118 281 418 10
Duzce1999_01.jpg 0x0
rect:104 44 70 416 39
rect:140 149 115 91 41
Duzce1999_02.jpg 0x0
rect:94 59 117 389 41
Duzce1999_03.jpg 0x0
rect:280 156 120 365 31
rect:0 216 131 171 31
rect:125 83 91 342 42
Gediz1970_01.jpg 0x0
rect:207 555 69 215 69
rect:160 419 100 237 69
rect:154 110 254 615 68
Guatemala1976_01.jpg 0x0
rect:403 216 49 65 41
rect:26 168 441 207 82
rect:63 236 50 60 41
rect:72 172 83 35 52
rect:483 143 102 138 48
rect:37 151 86 96 48
Guatemala1976_02.jpg 0x0
rect:165 84 273 325 48
rect:242 66 105 89 40
Guatemala1976_03.jpg 0x0
rect:13 99 816 309 75
Guatemala1976_04.jpg 0x0
rect:41 53 391 236 30
rect:363 232 122 298 4
rect:156 33 380 94 30
rect:412 234 118 274 4
Guatemala1976_05.jpg 0x0
rect:196 156 345 110 41
rect:153 66 274 367 48
rect:216 152 426 138 40
Guatemala1976_06.jpg 0x0
rect:142 82 212 340 39
Guatemala1976_07.jpg 0x0
rect:286 397 133 81 83
rect:29 299 68 47 6
rect:17 207 432 433 10
Guatemala1976_08.jpg 0x0
rect:445 95 170 379 40
rect:137 42 339 565 48
rect:235 72 413 351 41
Guatemala1976_09.jpg 0x0
rect:85 365 38 34 84
rect:200 279 62 72 85
rect:638 425 52 85 84
rect:636 362 77 39 85
rect:432 190 74 34 85
rect:216 269 38 31 84
rect:102 211 39 25 85
rect:299 268 74 67 84
Guatemala1976_10.jpg 0x0
rect:152 147 244 137 87
rect:192 165 199 270 86
rect:302 466 28 130 87
Guatemala1976_11.jpg 0x0
rect:237 265 126 273 34
GujaratIndia2001_01.jpg 0x0
rect:193 430 236 98 2
rect:41 414 208 228 4
rect:58 394 72 41 2
rect:403 485 72 63 11
Haiti2010_01.jpg 0x0
rect:174 49 158 126 7
rect:481 285 130 92 4
rect:254 303 25 104 40
rect:600 320 204 295 4
rect:273 168 216 326 41
Haiti2010_02.jpg 0x0
rect:50 113 612 159 88
rect:389 33 207 38 14
Haiti2010_03.jpg 0x0
rect:252 474 74 59 49
rect:163 276 234 216 32
rect:166 780 264 283 89
rect:387 1 58 669 32
Haiti2010_04.jpg 0x0
rect:252 63 227 237 34
rect:153 406 274 618 41
rect:2 158 249 117 6
Haiti2010_05.jpg 0x0
rect:175 168 126 137 52
rect:332 203 32 82 40
rect:270 227 29 98 40
rect:323 187 254 476 90
Haiti2010_06.jpg 0x0
rect:556 208 66 201 32
rect:416 167 71 77 34
rect:180 261 360 389 91
rect:556 237 73 30 6
rect:339 132 180 288 33
rect:242 273 51 42 34
rect:547 177 586 580 91
ImperialValley1979_01.jpg 0x0
rect:622 392 19 13 49
rect:562 277 36 27 32
rect:55 380 84 100 50
rect:452 307 19 17 49
rect:618 402 41 36 32
rect:13 351 172 165 32
rect:13 365 68 51 49
rect:415 283 39 79 50
rect:318 358 45 32 49
rect:475 231 30 28 50
rect:260 345 43 50 32
ImperialValley1979_02.jpg 0x0
rect:273 235 122 45 49
rect:386 89 73 222 50
rect:261 73 211 326 32
rect:218 120 56 189 50
rect:132 189 334 52 92
rect:384 127 48 188 50
ImperialValley1979_03.jpg 0x0
rect:110 338 282 169 32
rect:129 501 279 42 92
rect:109 169 220 134 32
rect:123 256 207 27 92
rect:184 399 103 161 50
rect:415 309 86 151 50
rect:94 227 103 172 50
Izmit1999_01.jpg 0x0
rect:294 183 35 92 27
rect:194 90 287 247 34
rect:369 222 57 49 26
rect:214 128 47 150 27
rect:232 90 61 180 27
Izmit1999_02.jpg 0x0
rect:26 90 828 308 10
Izmit1999_03.jpg 0x0
rect:143 181 299 36 92
rect:446 62 40 326 50
rect:298 188 29 204 50
rect:256 56 220 452 32
rect:502 81 29 267 50
rect:220 84 52 259 50
rect:363 115 39 301 50
rect:141 47 366 319 93
Izmit1999_04.jpg 0x0
rect:85 474 36 97 42
rect:185 333 157 54 88
rect:41 297 78 79 34
rect:74 568 51 90 41
rect:424 80 66 95 41
rect:412 475 17 65 40
rect:377 410 14 66 40
rect:225 58 87 74 48
rect:131 607 288 118 88
rect:238 474 72 57 41
Izmit1999_05.jpg 0x0
rect:127 32 832 530 10
Izmit1999_06.jpg 0x0
rect:157 251 171 59 49
rect:128 213 102 219 50
rect:63 207 54 160 50
rect:161 200 204 427 32
rect:351 191 64 186 50
rect:184 305 57 156 50
Izmit1999_07.jpg 0x0
rect:179 315 36 126 3
rect:24 84 509 649 2
rect:381 116 82 71 3
rect:321 61 113 44 6
rect:265 155 43 100 3
rect:226 181 52 99 3
rect:332 288 122 239 4
Izmit1999_08.jpg 0x0
rect:654 5 101 51 45
rect:153 88 102 70 41
rect:251 293 230 114 88
rect:506 60 79 72 41
rect:103 520 116 84 45
rect:474 88 64 24 52
rect:194 27 62 132 34
Izmit1999_09.jpg 0x0
rect:304 200 137 85 94
rect:640 322 40 83 41
rect:232 248 44 25 41
rect:700 175 45 88 94
rect:339 310 126 76 41
rect:40 151 51 69 41
Izmit1999_10.jpg 0x0
rect:107 147 62 207 40
rect:265 550 69 68 40
rect:189 385 120 29 78
rect:269 521 101 97 40
rect:35 220 472 38 78
rect:76 138 102 130 40
rect:220 181 62 203 40
rect:93 145 406 614 41
rect:120 251 357 71 78
rect:193 158 150 182 40
rect:306 456 60 32 78
Izmit1999_11.jpg 0x0
rect:229 169 51 188 40
rect:195 213 161 223 41
rect:394 288 79 238 40
rect:166 389 143 97 41
rect:169 320 89 184 40
Izmit1999_12.jpg 0x0
rect:88 391 35 59 40
rect:200 235 70 56 88
rect:231 148 56 36 6
rect:1 289 33 38 41
rect:222 227 86 108 41
rect:342 204 86 116 94
rect:386 171 52 56 41
rect:375 114 41 56 45
rect:74 195 64 76 52
rect:63 311 68 70 94
rect:331 181 47 39 7
rect:21 92 51 24 6
rect:559 218 221 198 91
rect:612 64 30 102 41
rect:89 55 26 21 6
rect:266 271 59 118 52
rect:240 150 57 109 42
rect:442 19 111 65 34
Izmit1999_13.jpg 0x0
rect:141 183 36 98 41
rect:364 200 109 309 41
rect:227 122 65 109 41
rect:154 171 75 149 94
rect:319 70 225 371 48
rect:85 116 66 30 6
rect:121 263 69 54 52
rect:129 196 24 92 41
rect:5 69 118 209 42
Izmit1999_14.jpg 0x0
rect:418 7 183 90 35
rect:342 407 34 24 34
rect:541 59 66 56 95
rect:343 326 53 37 34
rect:319 305 34 30 34
rect:70 170 84 72 34
rect:529 336 75 39 34
rect:461 62 90 53 34
rect:331 212 90 80 35
Izmit1999_15.jpg 0x0
rect:142 232 199 272 42
Izmit1999_16.jpg 0x0
rect:128 56 335 301 39
rect:127 136 203 177 41
rect:104 47 457 559 33
rect:223 120 46 124 40
Izmit1999_17.jpg 0x0
rect:133 96 213 296 41
Izmit1999_18.jpg 0x0
rect:221 137 120 242 39
rect:200 159 129 168 41
Izmit1999_19.jpg 0x0
rect:296 109 183 443 96
rect:371 177 26 107 50
rect:252 142 197 229 32
rect:425 148 23 87 50
Kobe1995_01.jpg 0x0
rect:19 169 1059 201 63
Kobe1995_02.jpg 0x0
rect:2 55 425 653 68
Kobe1995_03.jpg 0x0
rect:37 59 335 438 10
Kobe1995_04.jpg 0x0
rect:363 292 44 39 41
Kobe1995_05.jpg 0x0
rect:3 217 151 489 40
rect:93 494 369 95 78
rect:427 180 181 497 40
rect:103 208 165 538 52
rect:55 228 553 84 78
Kobe1995_06.jpg 0x0
rect:42 165 377 378 41
rect:231 298 213 277 42
Kobe1995_07.jpg 0x0
rect:243 360 33 29 39
rect:256 387 21 30 39
rect:211 195 44 35 39
rect:39 366 50 30 39
rect:186 245 28 42 39
rect:398 109 53 31 39
rect:186 503 53 27 39
rect:521 389 39 40 39
rect:187 455 40 37 39
rect:399 267 40 40 39
rect:86 183 33 33 39
rect:250 222 40 51 39
rect:467 283 32 39 39
rect:206 176 46 31 39
rect:289 280 30 37 39
rect:169 117 36 50 39
rect:514 136 37 38 39
rect:58 241 38 43 39
rect:195 213 35 35 39
rect:265 248 40 54 39
rect:422 190 39 42 39
rect:352 341 52 39 39
rect:257 139 20 28 39
rect:299 397 41 39 39
rect:386 489 34 48 39
rect:125 298 39 27 39
Kobe1995_08.jpg 0x0
rect:337 59 426 231 97
Kobe1995_09.jpg 0x0
rect:117 462 82 59 88
rect:90 515 51 76 88
rect:134 445 63 82 88
rect:262 449 208 62 97
SanSalvador_1986_01.jpg 0x0
rect:55 3 141 184 68
rect:232 117 127 237 41
SanSalvador_1986_02.jpg 0x0
rect:269 123 22 30 41
rect:313 264 23 43 41
rect:154 311 33 33 41
rect:551 185 42 39 41
rect:379 192 55 36 41
rect:142 158 27 23 41
rect:153 301 27 33 41
rect:351 236 45 37 41
rect:492 174 28 53 42
SikkimIndia2001_01.jpg 0x0
rect:281 190 114 145 34
SikkimIndia2001_02.jpg 0x0
rect:12 7 330 61 16
rect:9 130 47 39 54
rect:589 137 122 30 16
rect:226 97 249 255 33
rect:447 102 101 204 33
rect:334 294 81 21 16
rect:-18 2 415 85 33
rect:293 186 79 55 16
SikkimIndia2001_03.jpg 0x0
rect:276 142 111 131 70
rect:142 123 53 178 69
rect:172 13 232 612 98
SikkimIndia2001_04.jpg 0x0
rect:270 123 137 172 34
rect:259 228 330 105 99
rect:3 34 294 261 99
SumatraInd2009_01.jpg 0x0
rect:225 25 72 321 81
SumatraInd2009_02.jpg 0x0
rect:217 103 174 134 41
WhittierNarrows1987_01.jpg 0x0
rect:11 37 1034 448 10
WhittierNarrows1987_02.jpg 0x0
rect:179 311 81 205 41
WhittierNarrows1987_03.jpg 0x0
rect:315 168 205 196 32
WhittierNarrows1987_04.jpg 0x0
rect:202 12 305 162 100
rect:188 75 100 279 41
rect:272 8 291 88 6
YogyakartaInd2006_01.jpg 0x0
rect:189 37 229 199 32
rect:221 -28 296 614 29
rect:250 152 275 93 49
YogyakartaInd2006_02.jpg 0x0
rect:416 67 126 438 98
rect:280 104 93 173 70
rect:340 106 58 274 69
