Anchorage1964_01.jpg 0x0
rect:80 7 185 177 1
rect:77 406 286 264 1
Anchorage1964_02.jpg 0x0
rect:328 169 91 73 4
rect:181 319 21 90 3
rect:120 174 39 19 6
rect:425 203 16 63 3
rect:356 210 33 62 3
rect:39 25 203 36 5
rect:37 147 149 45 5
rect:434 50 144 143 8
rect:91 162 19 25 6
rect:106 193 77 44 7
rect:141 329 365 96 2
rect:286 30 230 80 4
rect:83 44 59 12 6
rect:254 309 31 61 3
rect:232 89 116 80 4
rect:607 289 17 40 3
rect:443 295 25 64 3
rect:471 261 18 63 3
rect:346 185 35 79 3
Anchorage1964_03.jpg 0x0
rect:2 209 178 79 9
rect:335 103 317 165 9
rect:0 218 545 80 10
Anchorage1964_04.jpg 0x0
rect:125 109 31 23 5
rect:152 507 35 15 5
rect:401 329 22 21 5
rect:284 363 17 27 1
rect:185 260 36 19 5
rect:302 23 27 23 5
rect:455 196 29 16 5
rect:282 90 20 26 1
rect:324 283 24 21 1
rect:197 258 33 17 5
rect:200 449 48 18 2
rect:244 176 26 23 8
rect:416 60 26 14 5
rect:167 61 31 17 5
rect:271 210 26 20 5
rect:322 343 23 33 1
rect:155 63 41 18 5
rect:392 332 22 21 5
rect:221 166 16 24 1
rect:272 332 8 1 1
rect:171 517 32 16 5
rect:291 223 12 27 1
rect:188 373 15 22 1
rect:302 68 37 21 5
rect:454 327 25 16 5
rect:182 231 31 23 5
rect:258 125 12 18 1
rect:251 165 32 12 5
rect:144 30 35 14 5
rect:121 335 30 11 5
rect:203 405 36 15 5
rect:204 135 28 20 5
rect:231 341 17 31 1
rect:305 336 29 21 5
rect:335 173 18 23 1
rect:336 191 36 16 5
rect:356 438 40 22 5
rect:309 207 29 13 5
rect:193 295 14 33 1
Anchorage1964_05.jpg 0x0
rect:58 199 28 29 1
rect:559 86 42 68 1
rect:556 24 41 59 1
rect:476 170 47 23 11
rect:363 422 37 69 8
rect:767 242 36 23 6
rect:587 281 67 27 5
rect:208 35 95 23 5
rect:624 182 60 31 5
rect:558 269 55 82 1
rect:399 147 22 21 11
rect:56 342 17 61 1
rect:57 172 14 53 1
rect:200 48 72 37 6
rect:347 94 41 55 1
rect:169 194 123 34 6
rect:406 191 58 64 1
rect:72 266 26 56 1
rect:362 192 49 82 8
rect:48 300 27 58 1
rect:840 264 60 15 6
rect:190 133 97 29 5
rect:317 209 135 76 2
rect:76 25 16 43 1
rect:280 1 35 45 1
rect:51 57 21 45 1
rect:533 155 44 44 1
rect:120 79 17 66 1
rect:40 308 25 41 1
Anchorage1964_06.jpg 0x0
rect:226 281 90 104 11
rect:138 74 163 349 12
rect:140 169 107 247 3
Anchorage1964_07.jpg 0x0
rect:15 188 337 28 11
rect:244 111 48 133 3
rect:404 125 54 85 13
rect:312 154 162 191 11
rect:289 313 444 237 2
rect:160 2 105 74 2
rect:10 83 536 546 2
rect:7 410 500 43 14
rect:520 155 85 93 11
Anchorage1964_08.jpg 0x0
rect:232 268 113 147 1
rect:57 71 155 92 1
rect:240 33 105 130 1
rect:45 431 123 170 1
rect:296 422 162 123 1
rect:52 247 77 117 1
Anchorage1964_09.jpg 0x0
rect:91 33 99 89 8
rect:433 120 94 52 1
rect:128 243 58 82 8
rect:13 15 81 12 16
rect:73 160 72 8 16
rect:186 105 243 11 15
rect:824 213 1 1 16
rect:742 10 114 11 16
rect:420 85 110 30 15
rect:14 114 102 17 15
rect:713 284 95 65 8
rect:672 144 153 16 15
rect:19 164 17 8 16
rect:416 30 66 47 8
rect:309 189 70 51 1
rect:585 7 330 16 15
rect:101 184 91 67 1
rect:13 14 389 16 15
rect:452 113 74 89 1
Anchorage1964_10.jpg 0x0
rect:170 229 255 89 18
rect:84 169 219 381 1
rect:65 388 255 123 18
rect:191 226 85 127 17
Anchorage1964_11.jpg 0x0
rect:99 154 503 84 2
rect:180 47 175 92 4
rect:272 204 472 27 15
rect:357 235 351 26 11
rect:55 555 492 10 14
rect:570 113 160 87 1
rect:71 541 717 25 14
rect:679 7 78 46 1
Anchorage1964_12.jpg 0x0
rect:340 69 236 209 11
rect:231 68 58 230 3
rect:178 150 21 114 3
rect:348 99 43 152 3
rect:13 82 559 210 2
Anchorage1964_13.jpg 0x0
rect:624 300 32 187 20
rect:272 400 84 17 19
rect:406 599 176 23 2
Anchorage1964_14.jpg 0x0
rect:254 252 167 39 15
rect:229 14 65 176 11
rect:19 585 31 43 22
rect:182 16 129 814 20
rect:155 770 29 60 22
rect:313 582 151 106 23
rect:81 697 34 75 22
rect:103 265 135 44 15
rect:11 449 242 96 11
rect:46 789 41 90 22
rect:173 291 51 110 21
rect:349 5 104 116 11
Anchorage1964_15.jpg 0x0
rect:465 8 123 66 4
rect:429 287 87 47 11
rect:148 160 37 63 11
rect:297 284 137 28 24
rect:240 8 88 49 4
rect:280 87 52 88 25
rect:295 334 214 51 15
rect:236 418 188 51 2
rect:230 81 79 464 20
Anchorage1964_16.jpg 0x0
rect:12 128 236 217 2
rect:146 109 226 156 2
rect:99 402 107 100 11
rect:11 227 82 100 2
rect:174 258 194 255 11
rect:653 249 107 253 2
Anchorage1964_17.jpg 0x0
rect:11 123 254 122 9
rect:352 38 236 167 9
rect:7 184 766 207 10
Anchorage1964_18.jpg 0x0
rect:452 236 43 62 11
rect:103 365 84 59 11
rect:319 266 426 31 15
rect:553 347 37 16 2
rect:156 179 16 53 11
rect:717 282 83 21 2
rect:505 384 82 16 2
rect:308 151 107 84 4
rect:171 130 82 101 4
rect:555 157 120 97 4
Anchorage1964_19.jpg 0x0
rect:867 102 10 9 26
rect:398 133 20 28 26
rect:616 268 33 35 28
rect:256 58 56 170 29
rect:516 264 11 29 26
rect:263 358 55 93 26
rect:7 260 86 168 26
rect:372 171 60 36 28
rect:515 119 22 28 26
rect:468 110 7 16 26
rect:366 82 21 26 27
rect:29 291 27 122 27
rect:374 68 32 65 29
rect:391 265 15 31 26
rect:622 202 7 11 26
rect:392 253 25 28 26
rect:355 108 28 64 29
rect:284 92 49 61 26
Anchorage1964_20.jpg 0x0
rect:208 110 122 54 26
rect:201 463 82 162 26
rect:244 104 78 40 27
rect:136 92 156 119 29
rect:614 641 32 65 26
Anchorage1964_21.jpg 0x0
rect:50 294 31 32 26
rect:2 110 48 47 26
rect:-5 55 79 214 29
rect:178 213 474 203 30
Bingol2003_01.jpg 0x0
rect:579 94 93 50 6
rect:367 237 59 70 6
rect:746 255 84 69 33
rect:584 406 92 46 33
rect:706 264 69 82 33
rect:540 235 50 117 34
rect:212 134 94 79 33
rect:401 89 127 216 31
rect:2 321 913 322 10
rect:210 258 66 54 33
rect:437 359 91 100 6
rect:406 337 64 204 32
rect:820 151 90 85 6
rect:661 312 221 201 31
rect:628 344 58 44 6
rect:512 316 52 60 34
rect:265 87 71 32 6
rect:580 555 153 85 6
rect:29 277 56 47 33
Bingol2003_02.jpg 0x0
rect:202 90 505 161 34
rect:117 508 121 184 32
rect:208 184 911 387 31
rect:1098 86 111 87 36
rect:568 238 492 152 35
rect:501 403 81 136 26
rect:262 431 103 100 6
rect:138 237 102 382 32
Bingol2003_03.jpg 0x0
rect:85 39 103 126 33
rect:105 19 116 30 2
rect:883 242 336 600 4
rect:378 215 211 66 11
rect:311 223 380 212 2
rect:703 -8 221 241 4
rect:904 347 225 462 2
Bingol2003_04.jpg 0x0
rect:212 383 44 88 3
rect:219 606 30 104 3
rect:449 667 147 93 2
rect:89 537 23 59 3
rect:188 558 172 214 2
rect:91 641 85 67 2
rect:284 277 123 190 4
rect:82 548 26 76 3
CanterburyNZSeries2010_01.jpg 0x0
rect:115 119 124 372 12
CanterburyNZSeries2010_02.jpg 0x0
rect:37 8 241 363 37
rect:57 39 157 209 6
CanterburyNZSeries2010_03.jpg 0x0
rect:35 75 379 122 38
CanterburyNZSeries2010_04.jpg 0x0
rect:279 254 26 201 40
rect:262 465 12 64 40
rect:376 372 48 115 40
rect:311 467 39 55 40
rect:218 337 80 177 41
rect:176 266 247 331 39
rect:171 11 113 153 42
rect:218 466 26 46 40
CanterburyNZSeries2010_05.jpg 0x0
rect:377 472 186 312 4
rect:273 186 138 97 15
CanterburyNZSeries2010_06.jpg 0x0
rect:50 91 786 406 4
rect:234 310 196 136 2
CanterburyNZSeries2010_08.jpg 0x0
rect:646 488 53 152 44
rect:344 132 169 246 43
rect:621 605 35 157 32
rect:701 354 72 141 44
CanterburyNZSeries2010_09.jpg 0x0
rect:201 109 132 271 45
rect:241 359 145 489 39
CanterburyNZSeries2010_10.jpg 0x0
rect:264 482 261 146 6
rect:290 243 222 59 46
rect:179 215 321 236 6
rect:248 204 209 81 7
CanterburyNZSeries2010_11.jpg 0x0
rect:403 231 323 265 5
rect:358 152 220 129 7
CanterburyNZSeries2010_12.jpg 0x0
rect:632 451 137 84 11
rect:147 537 196 42 11
rect:44 331 662 277 2
rect:5 358 674 426 47
CanterburyNZSeries2010_13.jpg 0x0
rect:439 169 95 435 11
rect:203 17 474 950 12
Caracas1967_01.jpg 0x0
rect:481 95 160 192 48
rect:349 176 34 98 48
rect:375 191 55 94 48
rect:316 149 9 44 48
Caracas1967_02.jpg 0x0
rect:129 283 50 32 50
rect:209 255 230 292 51
rect:118 431 34 72 49
rect:248 1 101 147 15
Caracas1967_03.jpg 0x0
rect:348 96 103 80 14
rect:419 354 25 96 27
rect:255 266 48 75 26
rect:275 253 32 60 27
rect:19 394 257 105 6
rect:217 235 125 203 34
Caracas1967_04.jpg 0x0
rect:143 400 15 95 27
rect:132 460 36 92 26
rect:122 291 162 163 34
Caracas1967_05.jpg 0x0
rect:301 201 42 295 40
rect:284 249 175 118 52
rect:85 264 238 158 52
rect:200 315 55 285 40
rect:201 347 48 167 40
rect:215 180 39 189 40
rect:39 91 459 695 48
rect:297 320 49 219 40
rect:50 98 337 538 41
rect:57 377 52 288 40
Caracas1967_06.jpg 0x0
rect:402 100 256 297 7
rect:306 222 86 36 6
Caracas1967_07.jpg 0x0
rect:313 9 82 286 34
rect:304 259 78 121 53
rect:188 102 33 195 27
rect:382 282 102 70 53
rect:333 45 35 245 27
rect:250 132 123 156 34
rect:464 240 99 191 34
Caracas1967_08.jpg 0x0
rect:248 263 51 92 54
rect:227 235 56 72 55
rect:361 251 89 164 54
Caracas1967_09.jpg 0x0
rect:576 14 212 132 48
rect:89 233 57 75 48
rect:181 180 106 86 48
rect:33 301 68 63 48
Caracas1967_10.jpg 0x0
rect:526 346 52 172 40
rect:264 156 112 136 40
rect:16 173 376 418 48
rect:30 187 178 363 41
Caracas1967_11.jpg 0x0
rect:59 190 185 505 41
rect:356 15 184 243 41
rect:54 15 395 516 48
Caracas1967_12.jpg 0x0
rect:462 382 26 62 32
rect:213 258 31 34 56
rect:657 337 28 38 34
rect:713 341 25 44 32
Caracas1967_13.jpg 0x0
rect:208 376 110 220 55
Caracas1967_14.jpg 0x0
rect:97 113 681 197 57
rect:133 198 331 52 6
Chichi1999_01.jpg 0x0
rect:422 102 60 272 42
rect:4 7 682 208 58
Chichi1999_02.jpg 0x0
rect:333 135 230 451 59
rect:7 97 340 160 58
Chichi1999_03.jpg 0x0
rect:78 160 60 137 60
rect:0 127 750 195 58
Chichi1999_04.jpg 0x0
rect:140 145 55 448 48
rect:226 -14 55 152 48
rect:168 269 30 58 52
Chichi1999_05.jpg 0x0
rect:457 182 38 38 41
rect:341 235 47 54 52
rect:259 135 94 171 48
rect:378 150 52 51 41
Chichi1999_06.jpg 0x0
rect:387 160 55 105 48
rect:402 129 74 51 62
rect:306 231 24 38 52
rect:519 139 49 49 41
rect:595 -11 60 58 61
rect:155 18 557 236 10
Chichi1999_07.jpg 0x0
rect:289 286 51 156 48
rect:302 282 30 43 64
rect:822 209 12 21 64
rect:161 173 29 44 64
rect:496 209 47 80 48
rect:58 158 492 135 63
rect:102 182 63 134 48
Chichi1999_08.jpg 0x0
rect:113 13 569 575 10
Chichi1999_09.jpg 0x0
rect:297 122 60 64 40
rect:186 132 99 124 41
rect:237 85 39 98 40
rect:271 66 197 184 48
Chichi1999_10.jpg 0x0
rect:213 19 513 442 10
Chichi1999_11.jpg 0x0
rect:2 150 187 594 10
rect:106 257 82 102 65
Chichi1999_12.jpg 0x0
rect:8 28 483 751 66
Chichi1999_13.jpg 0x0
rect:25 39 608 464 10
Chichi1999_14.jpg 0x0
rect:142 252 77 52 67
rect:101 384 41 57 67
rect:296 373 34 40 39
rect:332 429 55 70 67
rect:97 290 75 54 67
rect:82 404 44 32 67
rect:123 343 38 36 67
rect:293 214 43 36 39
rect:107 279 28 63 67
rect:304 507 28 39 39
rect:80 474 35 59 67
rect:476 404 33 42 67
rect:208 327 19 46 67
rect:247 321 19 27 39
rect:146 270 40 71 67
rect:158 393 32 55 67
rect:149 328 30 52 67
Chichi1999_15.jpg 0x0
rect:213 37 178 392 41
Chichi1999_16.jpg 0x0
rect:161 102 89 124 32
Chichi1999_17.jpg 0x0
rect:156 430 24 40 32
Chichi1999_18.jpg 0x0
rect:147 206 143 331 68
rect:183 254 58 91 70
rect:236 277 32 108 69
rect:141 298 25 113 69
rect:132 275 28 106 69
rect:170 220 28 143 69
Chichi1999_19.jpg 0x0
rect:248 15 230 470 2
rect:251 121 139 218 3
YogyakartaInd2006_03.jpg 0x0
rect:241 129 76 32 15
rect:316 403 62 24 16
rect:217 567 279 21 15
rect:250 110 20 8 16
rect:364 94 65 45 16
rect:380 85 134 72 15
rect:192 355 228 191 71
rect:247 34 113 2 15
Chichi1999_20.jpg 0x0
rect:315 395 50 203 41
rect:228 163 128 321 42
Chichi1999_21.jpg 0x0
rect:90 390 137 147 5
rect:193 313 175 121 37
rect:227 396 86 106 6
rect:17 4 186 176 30
rect:415 7 147 124 57
rect:187 128 150 235 72
rect:485 105 116 110 6
rect:359 32 219 268 37
Chichi1999_22.jpg 0x0
rect:271 314 10 16 73
rect:387 171 16 20 73
rect:362 190 16 24 73
rect:212 199 249 193 10
Chichi1999_23.jpg 0x0
rect:334 212 97 85 73
rect:4 78 359 124 74
rect:326 138 33 72 73
rect:337 235 34 27 26
rect:142 229 17 19 34
rect:114 164 74 59 73
rect:135 407 46 110 73
rect:336 185 33 28 27
rect:120 380 36 64 34
rect:383 381 46 90 34
Chichi1999_24.jpg 0x0
rect:219 193 160 90 75
rect:197 204 95 43 34
rect:406 293 1 2 46
rect:160 189 55 74 46
rect:3 371 249 269 74
Chichi1999_25.jpg 0x0
rect:135 176 137 186 34
rect:143 250 60 81 26
rect:157 160 231 301 73
Chichi1999_26.jpg 0x0
rect:338 14 43 22 73
rect:145 522 117 96 27
rect:134 454 172 116 73
rect:229 195 50 90 73
rect:278 240 87 508 76
rect:162 557 55 74 26
Chichi1999_27.jpg 0x0
rect:179 275 84 323 32
Chichi1999_28.jpg 0x0
rect:358 306 195 84 77
rect:211 107 142 186 75
rect:153 117 192 255 5
rect:22 65 226 97 6
Chichi1999_29.jpg 0x0
rect:198 319 66 185 52
rect:156 231 114 178 40
rect:132 153 198 277 48
Chichi1999_30.jpg 0x0
rect:26 200 76 160 73
rect:168 185 241 77 78
rect:220 148 231 83 52
rect:244 119 239 321 40
Chichi1999_31.jpg 0x0
rect:492 91 49 208 48
rect:188 111 138 220 79
Chichi1999_32.jpg 0x0
rect:173 9 78 392 80
rect:135 53 34 190 81
rect:634 132 39 169 39
rect:201 234 36 125 81
Chichi1999_33.jpg 0x0
rect:183 77 87 316 56
rect:388 132 36 147 49
rect:91 64 154 500 33
rect:136 180 40 132 49
rect:170 119 62 214 32
rect:214 108 103 399 32
Chichi1999_34.jpg 0x0
rect:142 101 281 293 10
Duzce1999_01.jpg 0x0
rect:156 120 118 113 41
rect:113 67 119 283 39
Duzce1999_02.jpg 0x0
rect:110 55 150 386 41
Duzce1999_03.jpg 0x0
rect:90 120 106 275 42
rect:0 142 73 268 31
rect:258 147 91 242 31
Gediz1970_01.jpg 0x0
rect:147 130 289 580 68
rect:204 542 64 195 69
rect:154 272 85 218 69
Guatemala1976_01.jpg 0x0
rect:30 161 635 190 82
rect:77 246 56 56 52
rect:60 141 60 41 41
rect:600 120 69 87 41
rect:39 134 92 158 48
rect:380 181 190 98 48
Guatemala1976_02.jpg 0x0
rect:261 70 95 104 40
rect:157 55 246 313 48
Guatemala1976_03.jpg 0x0
rect:17 70 802 291 75
Guatemala1976_04.jpg 0x0
rect:791 151 172 234 4
rect:46 57 394 285 30
rect:565 269 101 174 4
rect:141 28 326 88 30
Guatemala1976_05.jpg 0x0
rect:154 158 392 178 40
rect:255 155 386 175 41
rect:196 75 315 458 48
Guatemala1976_06.jpg 0x0
rect:92 126 188 592 39
Guatemala1976_07.jpg 0x0
rect:21 265 451 463 10
rect:20 323 55 54 6
rect:231 538 131 105 83
Guatemala1976_08.jpg 0x0
rect:139 53 440 414 41
rect:209 25 406 513 48
rect:365 95 219 280 40
Guatemala1976_09.jpg 0x0
rect:190 207 73 57 85
rect:116 379 35 21 84
rect:157 326 39 30 84
rect:541 337 69 45 85
rect:333 369 63 52 84
rect:273 231 85 24 85
rect:564 333 57 68 84
rect:63 333 42 35 85
Guatemala1976_10.jpg 0x0
rect:384 425 50 150 87
rect:261 234 168 346 86
rect:161 136 296 182 87
Guatemala1976_11.jpg 0x0
rect:231 311 131 205 34
GujaratIndia2001_01.jpg 0x0
rect:32 265 147 225 4
rect:413 545 59 58 11
rect:52 557 47 34 2
rect:211 560 237 84 2
Haiti2010_01.jpg 0x0
rect:380 225 106 120 4
rect:392 396 259 255 4
rect:224 254 27 168 40
rect:237 115 151 242 41
rect:139 39 112 137 7
Haiti2010_02.jpg 0x0
rect:63 69 394 233 88
rect:240 28 137 38 14
Haiti2010_03.jpg 0x0
rect:448 1 85 566 32
rect:304 672 73 80 49
rect:265 320 155 152 32
rect:261 802 312 197 89
Haiti2010_04.jpg 0x0
rect:222 35 199 220 34
rect:219 364 348 479 41
rect:2 152 230 211 6
Haiti2010_05.jpg 0x0
rect:255 266 156 148 52
rect:314 217 308 647 90
rect:233 203 24 128 40
rect:275 325 27 71 40
Haiti2010_06.jpg 0x0
rect:414 205 802 480 91
rect:242 328 45 35 34
rect:382 192 210 296 33
rect:468 142 69 97 34
rect:565 171 59 33 6
rect:568 235 52 174 32
rect:157 270 292 304 91
ImperialValley1979_01.jpg 0x0
rect:334 332 33 25 49
rect:43 317 102 104 50
rect:482 224 42 40 32
rect:550 389 44 33 32
rect:444 349 23 17 49
rect:12 228 108 158 32
rect:18 354 64 52 49
rect:234 295 53 60 50
rect:430 342 73 64 32
rect:358 323 41 24 49
rect:453 352 37 33 50
ImperialValley1979_02.jpg 0x0
rect:223 209 131 33 49
rect:230 171 61 164 50
rect:233 141 278 68 92
rect:237 86 158 327 32
rect:163 142 95 234 50
rect:282 145 84 199 50
ImperialValley1979_03.jpg 0x0
rect:83 415 289 45 92
rect:127 255 81 176 50
rect:201 200 143 156 32
rect:247 349 58 221 50
rect:133 581 318 47 92
rect:298 267 75 140 50
rect:147 297 238 183 32
Izmit1999_01.jpg 0x0
rect:304 106 63 148 27
rect:173 120 51 141 27
rect:188 69 476 333 34
rect:294 171 44 115 27
rect:630 344 75 77 26
Izmit1999_02.jpg 0x0
rect:26 85 720 200 10
Izmit1999_03.jpg 0x0
rect:152 193 467 42 92
rect:295 104 30 261 50
rect:190 105 42 137 50
rect:121 124 69 259 50
rect:279 66 209 454 32
rect:348 70 62 269 50
rect:453 65 34 299 50
rect:156 37 468 354 93
Izmit1999_04.jpg 0x0
rect:488 351 15 56 40
rect:418 279 95 97 41
rect:130 538 193 104 88
rect:47 300 78 58 34
rect:498 283 24 85 40
rect:58 438 45 60 42
rect:220 76 90 120 48
rect:76 583 52 117 41
rect:160 190 155 49 88
rect:327 57 92 90 41
Izmit1999_05.jpg 0x0
rect:99 32 793 504 10
Izmit1999_06.jpg 0x0
rect:372 305 56 173 50
rect:159 216 82 263 50
rect:104 268 53 198 50
rect:239 366 43 138 50
rect:158 318 121 57 49
rect:148 192 223 388 32
Izmit1999_07.jpg 0x0
rect:18 146 350 761 2
rect:439 49 147 37 6
rect:479 133 64 104 3
rect:185 167 65 99 3
rect:274 258 49 75 3
rect:173 359 54 169 3
rect:346 268 107 468 4
Izmit1999_08.jpg 0x0
rect:706 6 72 81 45
rect:279 261 191 150 88
rect:646 67 54 37 52
rect:555 94 52 92 41
rect:114 28 92 100 34
rect:106 153 62 101 41
rect:149 388 94 83 45
Izmit1999_09.jpg 0x0
rect:186 156 49 44 41
rect:428 284 125 79 94
rect:64 195 45 47 41
rect:522 278 56 90 94
rect:430 186 65 87 41
rect:261 327 87 116 41
Izmit1999_10.jpg 0x0
rect:327 523 94 25 78
rect:328 116 145 132 40
rect:241 523 115 27 78
rect:102 232 355 80 78
rect:311 363 46 95 40
rect:198 280 113 302 40
rect:39 249 451 42 78
rect:63 114 424 368 41
rect:189 158 46 116 40
rect:353 399 101 83 40
rect:82 124 69 224 40
Izmit1999_11.jpg 0x0
rect:239 182 90 162 40
rect:181 267 113 189 41
rect:374 238 70 213 40
rect:198 284 77 180 40
rect:263 514 89 109 41
Izmit1999_12.jpg 0x0
rect:533 66 38 60 41
rect:636 243 243 258 91
rect:174 209 92 70 88
rect:1 231 26 46 41
rect:57 292 43 64 52
rect:505 137 78 57 7
rect:217 235 105 131 94
rect:63 205 81 95 94
rect:428 29 60 67 34
rect:442 224 51 100 52
rect:15 86 58 23 6
rect:451 217 40 50 41
rect:315 211 36 30 6
rect:123 93 29 22 6
rect:232 132 53 82 45
rect:301 261 95 113 41
rect:269 173 54 95 42
rect:107 280 34 47 40
Izmit1999_13.jpg 0x0
rect:192 269 57 84 52
rect:287 155 89 315 41
rect:108 145 61 51 6
rect:196 116 71 127 41
rect:156 297 41 96 41
rect:6 85 106 194 42
rect:204 236 38 117 41
rect:175 170 102 93 94
rect:274 95 133 296 48
Izmit1999_14.jpg 0x0
rect:574 83 98 67 34
rect:468 331 61 57 34
rect:443 48 56 76 95
rect:378 320 50 37 34
rect:353 414 46 24 34
rect:311 145 72 105 35
rect:357 278 52 32 34
rect:513 7 146 59 35
rect:42 128 103 81 34
Izmit1999_15.jpg 0x0
rect:178 170 172 359 42
Izmit1999_16.jpg 0x0
rect:150 140 43 131 40
rect:155 51 178 376 39
rect:78 80 413 597 33
rect:150 120 135 141 41
Izmit1999_17.jpg 0x0
rect:85 88 184 224 41
Izmit1999_18.jpg 0x0
rect:212 124 99 222 39
rect:189 170 145 121 41
Izmit1999_19.jpg 0x0
rect:400 181 24 100 50
rect:288 105 225 178 32
rect:217 75 185 230 96
rect:385 177 24 90 50
Kobe1995_01.jpg 0x0
rect:31 176 775 111 63
Kobe1995_02.jpg 0x0
rect:2 68 412 644 68
Kobe1995_03.jpg 0x0
rect:32 64 554 709 10
Kobe1995_04.jpg 0x0
rect:438 368 47 48 41
Kobe1995_05.jpg 0x0
rect:84 667 323 101 78
rect:162 165 248 589 52
rect:45 250 450 80 78
rect:418 189 132 415 40
rect:4 155 126 419 40
Kobe1995_06.jpg 0x0
rect:180 412 273 330 42
rect:52 102 389 589 41
Kobe1995_07.jpg 0x0
rect:286 350 35 30 39
rect:204 202 27 53 39
rect:332 231 48 40 39
rect:192 558 52 29 39
rect:176 320 42 31 39
rect:366 454 36 36 39
rect:137 255 34 47 39
rect:45 444 39 34 39
rect:449 589 33 51 39
rect:168 454 26 38 39
rect:381 146 42 54 39
rect:249 314 26 30 39
rect:335 97 45 30 39
rect:51 242 49 46 39
rect:184 112 19 34 39
rect:380 118 31 30 39
rect:207 184 35 38 39
rect:130 95 40 28 39
rect:393 435 57 31 39
rect:292 238 48 39 39
rect:241 196 35 36 39
rect:116 326 46 48 39
rect:339 266 29 33 39
rect:462 334 37 38 39
rect:153 419 36 29 39
rect:449 253 33 26 39
Kobe1995_08.jpg 0x0
rect:312 73 457 185 97
Kobe1995_09.jpg 0x0
rect:92 718 72 77 88
rect:107 548 78 51 88
rect:146 698 223 73 97
rect:94 643 97 69 88
SanSalvador_1986_01.jpg 0x0
rect:220 158 82 226 41
rect:81 3 133 203 68
SanSalvador_1986_02.jpg 0x0
rect:291 185 37 40 41
rect:218 242 32 30 41
rect:458 175 13 37 41
rect:648 166 41 58 42
rect:158 228 32 41 41
rect:286 225 31 34 41
rect:151 172 31 30 41
rect:488 325 49 62 41
rect:457 181 34 38 41
SikkimIndia2001_01.jpg 0x0
rect:270 158 133 127 34
SikkimIndia2001_02.jpg 0x0
rect:-17 2 455 106 33
rect:469 75 105 29 16
rect:10 6 304 58 16
rect:402 219 70 45 16
rect:196 77 202 491 33
rect:536 329 124 18 16
rect:7 162 48 38 54
rect:583 88 129 168 33
SikkimIndia2001_03.jpg 0x0
rect:208 8 231 521 98
rect:202 124 76 246 69
rect:269 250 102 118 70
SikkimIndia2001_04.jpg 0x0
rect:370 199 233 99 99
rect:303 190 143 165 34
rect:3 29 184 316 99
SumatraInd2009_01.jpg 0x0
rect:259 19 49 365 81
SumatraInd2009_02.jpg 0x0
rect:189 77 222 139 41
WhittierNarrows1987_01.jpg 0x0
rect:14 32 938 282 10
WhittierNarrows1987_02.jpg 0x0
rect:173 359 123 334 41
WhittierNarrows1987_03.jpg 0x0
rect:226 102 190 220 32
WhittierNarrows1987_04.jpg 0x0
rect:223 15 293 111 100
rect:251 8 395 70 6
rect:290 62 79 259 41
YogyakartaInd2006_01.jpg 0x0
rect:195 -28 347 435 29
rect:297 162 235 74 49
rect:316 38 347 273 32
YogyakartaInd2006_02.jpg 0x0
rect:294 64 131 315 98
rect:413 90 39 275 69
rect:441 102 52 166 70
