Anchorage1964_01.jpg 0x0
rect:87 268 264 159 1
rect:123 8 184 206 1
Anchorage1964_02.jpg 0x0
rect:107 214 27 18 6
rect:324 236 26 56 3
rect:554 196 110 57 4
rect:33 255 195 31 5
rect:500 249 19 39 3
rect:303 271 23 57 3
rect:397 279 18 48 3
rect:71 31 76 15 6
rect:485 232 23 70 3
rect:665 80 125 125 8
rect:148 200 38 13 6
rect:292 29 307 71 4
rect:286 294 22 42 3
rect:181 98 105 60 4
rect:141 118 62 64 7
rect:348 321 25 88 3
rect:48 28 173 56 5
rect:242 349 26 87 3
rect:162 322 305 131 2
Anchorage1964_03.jpg 0x0
rect:2 234 286 57 9
rect:299 65 479 162 9
rect:0 322 569 57 10
Anchorage1964_04.jpg 0x0
rect:300 335 9 1 1
rect:414 123 35 19 5
rect:327 197 14 34 1
rect:198 61 44 11 5
rect:344 92 32 16 5
rect:414 216 32 18 5
rect:153 321 36 21 5
rect:222 237 16 25 1
rect:185 128 22 19 5
rect:439 28 28 18 5
rect:250 347 18 28 1
rect:415 312 24 18 5
rect:409 83 47 15 5
rect:304 197 25 25 8
rect:235 265 13 24 1
rect:199 116 42 23 5
rect:145 503 51 16 2
rect:190 371 38 18 5
rect:194 240 37 15 5
rect:406 367 22 16 5
rect:259 350 25 36 1
rect:214 314 17 28 1
rect:215 159 17 29 1
rect:143 25 21 21 5
rect:345 169 35 19 5
rect:317 252 18 18 5
rect:135 227 35 19 5
rect:216 365 43 17 5
rect:261 230 34 21 5
rect:119 495 26 23 5
rect:364 101 21 35 1
rect:196 193 26 18 5
rect:266 582 35 19 5
rect:196 197 20 25 1
rect:304 434 30 21 5
rect:256 327 18 28 1
rect:254 342 14 20 1
rect:125 177 28 23 5
rect:323 140 43 22 5
Anchorage1964_05.jpg 0x0
rect:290 237 27 20 11
rect:182 196 92 38 6
rect:668 426 56 44 5
rect:273 154 42 28 11
rect:44 206 18 42 1
rect:185 37 85 51 6
rect:76 153 17 33 1
rect:365 31 42 55 1
rect:241 161 93 64 2
rect:73 57 30 39 1
rect:441 109 52 52 1
rect:161 158 140 21 5
rect:76 142 28 35 1
rect:599 354 59 71 1
rect:511 1 33 62 1
rect:316 313 38 86 8
rect:704 367 34 14 6
rect:44 338 24 43 1
rect:76 104 19 59 1
rect:340 98 44 66 1
rect:37 248 25 36 1
rect:645 229 42 21 6
rect:165 40 107 31 5
rect:450 189 40 62 1
rect:575 463 59 50 8
rect:91 33 16 50 1
rect:100 213 26 55 1
rect:442 198 51 66 1
rect:534 300 42 32 5
Anchorage1964_06.jpg 0x0
rect:136 171 82 221 3
rect:80 95 158 330 12
rect:147 249 62 65 11
Anchorage1964_07.jpg 0x0
rect:302 164 39 76 13
rect:305 339 454 240 2
rect:9 56 650 456 2
rect:228 2 121 75 2
rect:184 98 171 129 11
rect:346 91 35 125 3
rect:6 263 271 33 14
rect:559 240 60 68 11
rect:18 161 202 26 11
Anchorage1964_08.jpg 0x0
rect:47 565 120 172 1
rect:352 33 140 85 1
rect:379 316 86 121 1
rect:55 242 102 114 1
rect:374 508 88 108 1
rect:48 85 139 130 1
Anchorage1964_09.jpg 0x0
rect:15 16 405 15 15
rect:194 133 206 15 15
rect:18 20 71 13 16
rect:71 188 51 12 16
rect:74 33 70 89 8
rect:101 202 50 58 8
rect:505 125 73 95 1
rect:439 191 84 76 8
rect:694 111 104 20 15
rect:385 9 254 14 15
rect:826 11 120 13 16
rect:195 109 91 66 1
rect:921 165 1 1 16
rect:640 26 59 65 8
rect:450 116 116 27 15
rect:13 114 97 14 15
rect:123 118 54 49 1
rect:600 176 74 72 1
rect:16 171 21 12 16
Anchorage1964_10.jpg 0x0
rect:50 200 377 369 1
rect:167 241 169 85 18
rect:54 317 345 119 18
rect:161 268 117 114 17
Anchorage1964_11.jpg 0x0
rect:298 210 215 28 11
rect:52 391 476 10 14
rect:442 106 148 124 1
rect:144 54 200 80 4
rect:70 525 771 22 14
rect:126 225 379 98 2
rect:485 7 112 46 1
rect:225 179 336 23 15
Anchorage1964_12.jpg 0x0
rect:9 76 587 342 2
rect:436 107 233 127 11
rect:152 190 27 91 3
rect:219 99 66 199 3
rect:449 93 43 235 3
Anchorage1964_13.jpg 0x0
rect:428 472 34 179 20
rect:422 639 212 25 2
rect:407 592 80 13 19
Anchorage1964_14.jpg 0x0
rect:60 185 182 34 15
rect:170 385 79 100 21
rect:119 703 41 71 22
rect:17 574 25 55 22
rect:118 483 32 71 22
rect:427 5 75 119 11
rect:169 15 122 821 20
rect:58 779 52 73 22
rect:11 641 246 84 11
rect:209 11 68 236 11
rect:447 182 120 55 15
rect:418 496 150 91 23
Anchorage1964_15.jpg 0x0
rect:492 265 93 42 11
rect:314 557 169 62 2
rect:228 307 213 50 15
rect:218 11 100 79 4
rect:380 10 94 73 4
rect:164 68 76 503 20
rect:385 330 136 32 24
rect:156 165 30 54 11
rect:345 123 64 75 25
Anchorage1964_16.jpg 0x0
rect:257 252 203 192 11
rect:13 318 66 92 2
rect:87 408 61 133 11
rect:625 174 105 220 2
rect:201 117 209 160 2
rect:12 134 212 245 2
Anchorage1964_17.jpg 0x0
rect:348 38 270 217 9
rect:9 244 569 273 10
rect:9 134 206 100 9
Anchorage1964_18.jpg 0x0
rect:604 383 84 14 2
rect:524 193 130 58 4
rect:413 349 232 28 15
rect:102 273 25 34 11
rect:149 390 84 60 11
rect:473 364 39 22 2
rect:530 129 126 99 4
rect:376 246 45 57 11
rect:112 148 62 93 4
rect:327 264 58 16 2
Anchorage1964_19.jpg 0x0
rect:345 132 17 64 29
rect:531 149 8 13 26
rect:397 175 55 25 28
rect:446 268 12 24 26
rect:306 142 16 47 26
rect:6 268 89 108 26
rect:200 65 63 177 29
rect:332 109 66 39 26
rect:222 106 34 31 27
rect:783 168 8 9 26
rect:389 125 9 20 26
rect:383 72 38 63 29
rect:23 246 28 124 27
rect:373 154 31 20 26
rect:231 200 47 100 26
rect:300 172 18 32 26
rect:389 308 16 47 26
rect:355 299 35 45 28
Anchorage1964_20.jpg 0x0
rect:158 72 120 164 29
rect:266 99 67 42 27
rect:241 575 67 166 26
rect:221 120 72 88 26
rect:482 495 50 103 26
Anchorage1964_21.jpg 0x0
rect:-7 86 75 206 29
rect:2 88 59 38 26
rect:164 202 543 142 30
rect:64 280 23 33 26
Bingol2003_01.jpg 0x0
rect:508 78 65 76 6
rect:423 222 46 225 32
rect:794 195 97 72 6
rect:298 134 56 62 33
rect:23 329 68 72 33
rect:527 486 38 74 34
rect:620 364 119 181 31
rect:469 481 86 92 6
rect:518 482 185 51 6
rect:866 465 113 87 33
rect:144 230 86 78 33
rect:504 100 157 228 31
rect:868 186 118 73 33
rect:730 116 111 102 6
rect:635 482 63 30 33
rect:243 94 52 26 6
rect:451 314 37 40 6
rect:585 173 41 85 34
rect:2 446 770 240 10
Bingol2003_02.jpg 0x0
rect:176 315 105 391 32
rect:199 108 538 149 34
rect:728 53 147 87 36
rect:330 201 561 110 35
rect:551 282 100 117 26
rect:206 308 939 661 31
rect:427 471 69 89 6
rect:141 513 131 290 32
Bingol2003_03.jpg 0x0
rect:388 185 267 154 2
rect:646 263 346 755 4
rect:100 19 136 45 2
rect:80 50 93 118 33
rect:439 277 179 75 11
rect:884 432 180 508 2
rect:580 -10 384 276 4
Bingol2003_04.jpg 0x0
rect:66 764 18 87 3
rect:306 479 108 93 2
rect:251 440 38 113 3
rect:155 605 31 110 3
rect:372 291 174 176 4
rect:100 555 40 96 3
rect:85 499 102 85 2
rect:182 559 192 149 2
CanterburyNZSeries2010_01.jpg 0x0
rect:111 102 148 294 12
CanterburyNZSeries2010_02.jpg 0x0
rect:42 46 212 205 6
rect:55 9 154 228 37
CanterburyNZSeries2010_03.jpg 0x0
rect:32 85 329 171 38
CanterburyNZSeries2010_04.jpg 0x0
rect:186 7 94 151 42
rect:312 309 16 46 40
rect:278 419 30 95 40
rect:340 257 59 147 40
rect:236 400 27 177 40
rect:254 281 243 434 39
rect:402 377 26 56 40
rect:212 402 64 279 41
CanterburyNZSeries2010_05.jpg 0x0
rect:211 264 120 116 15
rect:378 458 215 434 4
CanterburyNZSeries2010_06.jpg 0x0
rect:212 186 258 128 2
rect:53 116 625 761 4
CanterburyNZSeries2010_08.jpg 0x0
rect:709 459 35 197 32
rect:911 535 48 122 44
rect:744 469 72 87 44
rect:593 177 176 221 43
CanterburyNZSeries2010_09.jpg 0x0
rect:358 228 158 439 39
rect:180 167 137 220 45
CanterburyNZSeries2010_10.jpg 0x0
rect:280 505 326 109 6
rect:231 191 373 166 6
rect:309 307 192 78 46
rect:263 171 352 132 7
CanterburyNZSeries2010_11.jpg 0x0
rect:243 270 315 91 7
rect:269 265 238 175 5
CanterburyNZSeries2010_12.jpg 0x0
rect:215 650 189 39 11
rect:64 235 815 252 2
rect:4 351 719 488 47
rect:588 431 118 54 11
CanterburyNZSeries2010_13.jpg 0x0
rect:337 159 142 465 11
rect:213 19 565 911 12
Caracas1967_01.jpg 0x0
rect:272 158 96 130 48
rect:517 71 197 302 48
rect:392 155 50 123 48
rect:338 214 10 47 48
Caracas1967_02.jpg 0x0
rect:165 288 42 65 49
rect:319 1 107 172 15
rect:193 271 169 218 51
rect:132 498 48 33 50
Caracas1967_03.jpg 0x0
rect:227 303 30 55 27
rect:18 368 327 123 6
rect:286 323 111 206 34
rect:238 86 98 116 14
rect:402 263 39 101 27
rect:273 412 45 53 26
Caracas1967_04.jpg 0x0
rect:129 297 144 158 34
rect:120 322 38 94 26
rect:117 417 25 114 27
Caracas1967_05.jpg 0x0
rect:85 406 217 223 52
rect:181 367 49 156 40
rect:25 90 377 479 48
rect:215 270 139 159 52
rect:70 421 52 233 40
rect:241 156 32 253 40
rect:177 277 58 170 40
rect:53 178 257 480 41
rect:223 342 38 216 40
rect:375 277 47 145 40
Caracas1967_06.jpg 0x0
rect:395 363 100 68 6
rect:312 117 368 276 7
Caracas1967_07.jpg 0x0
rect:415 295 119 181 34
rect:542 231 92 115 53
rect:147 130 55 200 27
rect:566 458 101 70 53
rect:302 55 23 188 27
rect:215 113 201 158 34
rect:367 8 88 205 34
Caracas1967_08.jpg 0x0
rect:323 148 99 127 54
rect:259 334 85 115 55
rect:226 295 46 133 54
Caracas1967_09.jpg 0x0
rect:87 170 66 69 48
rect:576 15 208 196 48
rect:169 123 77 59 48
rect:26 304 64 66 48
Caracas1967_10.jpg 0x0
rect:20 157 372 289 48
rect:537 239 58 125 40
rect:267 169 104 136 40
rect:54 227 215 422 41
Caracas1967_11.jpg 0x0
rect:365 12 178 190 41
rect:39 14 418 933 48
rect:68 299 315 634 41
Caracas1967_12.jpg 0x0
rect:477 197 43 33 34
rect:280 383 32 55 56
rect:563 254 27 66 32
rect:481 270 27 57 32
Caracas1967_13.jpg 0x0
rect:185 317 122 308 55
Caracas1967_14.jpg 0x0
rect:136 246 357 56 6
rect:135 161 692 263 57
Chichi1999_01.jpg 0x0
rect:4 9 921 223 58
rect:271 160 58 208 42
Chichi1999_02.jpg 0x0
rect:314 96 182 477 59
rect:6 77 493 163 58
Chichi1999_03.jpg 0x0
rect:79 189 51 114 60
rect:0 197 892 178 58
Chichi1999_04.jpg 0x0
rect:159 300 31 46 52
rect:223 -15 48 140 48
rect:196 196 99 458 48
Chichi1999_05.jpg 0x0
rect:279 288 30 29 41
rect:438 122 103 154 48
rect:320 99 58 41 41
rect:271 166 28 80 52
Chichi1999_06.jpg 0x0
rect:340 91 39 55 62
rect:189 19 452 162 10
rect:380 238 47 63 48
rect:752 187 29 67 41
rect:594 -11 86 73 61
rect:416 193 15 26 52
Chichi1999_07.jpg 0x0
rect:59 278 742 132 63
rect:155 216 30 39 64
rect:509 239 57 152 48
rect:190 215 51 109 48
rect:590 197 16 23 64
rect:593 201 62 102 48
rect:319 160 37 29 64
Chichi1999_08.jpg 0x0
rect:102 19 565 362 10
Chichi1999_09.jpg 0x0
rect:174 70 148 216 48
rect:223 83 130 82 41
rect:177 119 48 63 40
rect:263 90 47 105 40
Chichi1999_10.jpg 0x0
rect:148 21 519 565 10
Chichi1999_11.jpg 0x0
rect:178 208 125 79 65
rect:2 159 170 588 10
Chichi1999_12.jpg 0x0
rect:10 27 374 641 66
Chichi1999_13.jpg 0x0
rect:39 57 756 491 10
Chichi1999_14.jpg 0x0
rect:121 335 45 47 67
rect:183 282 17 39 67
rect:172 397 21 53 67
rect:344 398 31 37 67
rect:324 579 92 62 67
rect:87 431 62 57 67
rect:230 324 45 42 39
rect:146 164 65 64 67
rect:288 416 19 42 39
rect:135 505 30 46 67
rect:103 248 34 53 67
rect:77 411 40 41 67
rect:172 322 33 58 67
rect:160 400 54 78 67
rect:167 358 21 67 67
rect:298 442 39 46 39
rect:355 477 30 24 39
Chichi1999_15.jpg 0x0
rect:330 34 216 482 41
Chichi1999_16.jpg 0x0
rect:133 141 83 174 32
Chichi1999_17.jpg 0x0
rect:162 315 20 31 32
Chichi1999_18.jpg 0x0
rect:313 400 33 176 69
rect:158 195 32 118 69
rect:155 137 119 476 68
rect:209 349 52 142 70
rect:109 297 21 118 69
rect:254 289 26 138 69
Chichi1999_19.jpg 0x0
rect:186 111 134 320 3
rect:225 16 224 451 2
YogyakartaInd2006_03.jpg 0x0
rect:258 191 71 35 15
rect:226 31 100 2 15
rect:511 94 106 46 16
rect:362 384 42 20 16
rect:266 443 248 38 15
rect:310 94 138 72 15
rect:196 292 365 101 71
rect:183 149 16 7 16
Chichi1999_20.jpg 0x0
rect:224 224 98 268 42
rect:307 474 58 181 41
Chichi1999_21.jpg 0x0
rect:250 300 159 191 37
rect:448 110 152 128 6
rect:15 3 173 181 30
rect:96 495 123 137 5
rect:145 141 225 293 72
rect:429 46 321 156 37
rect:297 234 94 92 6
rect:356 7 88 78 57
Chichi1999_22.jpg 0x0
rect:228 277 14 16 73
rect:335 256 16 22 73
rect:224 173 295 187 10
rect:261 264 15 25 73
Chichi1999_23.jpg 0x0
rect:130 435 57 84 73
rect:305 261 32 85 34
rect:174 224 24 28 34
rect:200 228 48 57 73
rect:172 146 70 57 73
rect:4 88 563 227 74
rect:210 142 36 18 27
rect:367 164 28 35 26
rect:264 339 63 120 73
rect:82 410 31 106 34
Chichi1999_24.jpg 0x0
rect:173 250 95 50 34
rect:291 211 47 74 46
rect:224 191 99 116 75
rect:303 418 1 2 46
rect:3 369 252 257 74
Chichi1999_25.jpg 0x0
rect:132 153 168 283 73
rect:169 287 135 250 34
rect:245 254 35 78 26
Chichi1999_26.jpg 0x0
rect:158 211 57 100 73
rect:141 616 59 54 26
rect:138 560 81 106 27
rect:304 188 145 373 76
rect:152 402 118 180 73
rect:272 18 53 25 73
Chichi1999_27.jpg 0x0
rect:119 240 83 395 32
Chichi1999_28.jpg 0x0
rect:156 123 108 167 5
rect:20 70 202 97 6
rect:407 148 112 247 75
rect:230 346 303 136 77
Chichi1999_29.jpg 0x0
rect:103 214 176 207 48
rect:167 240 99 169 52
rect:180 263 105 115 40
Chichi1999_30.jpg 0x0
rect:226 145 224 312 40
rect:177 173 251 74 78
rect:230 163 161 74 52
rect:32 286 124 163 73
Chichi1999_31.jpg 0x0
rect:563 141 58 223 48
rect:106 102 125 274 79
Chichi1999_32.jpg 0x0
rect:132 9 122 496 80
rect:170 56 42 193 81
rect:675 174 44 174 39
rect:159 157 34 152 81
Chichi1999_33.jpg 0x0
rect:112 100 101 166 32
rect:333 124 30 110 49
rect:133 176 45 80 49
rect:248 70 91 313 56
rect:226 89 131 295 32
rect:56 77 160 568 33
Chichi1999_34.jpg 0x0
rect:150 134 450 379 10
Duzce1999_01.jpg 0x0
rect:102 124 118 164 41
rect:121 49 82 391 39
Duzce1999_02.jpg 0x0
rect:61 45 177 317 41
Duzce1999_03.jpg 0x0
rect:0 215 136 248 31
rect:112 75 83 253 42
rect:194 162 116 270 31
Gediz1970_01.jpg 0x0
rect:314 425 98 200 69
rect:143 318 93 259 69
rect:102 78 282 637 68
Guatemala1976_01.jpg 0x0
rect:31 163 703 135 82
rect:40 234 54 53 41
rect:522 146 110 151 48
rect:30 161 111 85 48
rect:69 157 68 36 52
rect:687 129 62 58 41
Guatemala1976_02.jpg 0x0
rect:210 52 129 71 40
rect:193 50 319 225 48
Guatemala1976_03.jpg 0x0
rect:14 95 822 290 75
Guatemala1976_04.jpg 0x0
rect:414 289 81 318 4
rect:146 22 347 97 30
rect:791 214 129 270 4
rect:43 73 455 306 30
Guatemala1976_05.jpg 0x0
rect:122 96 373 300 48
rect:204 123 318 127 41
rect:113 96 430 236 40
Guatemala1976_06.jpg 0x0
rect:146 96 182 589 39
Guatemala1976_07.jpg 0x0
rect:26 213 603 495 10
rect:227 472 129 57 83
rect:21 202 55 64 6
Guatemala1976_08.jpg 0x0
rect:185 25 440 325 48
rect:343 84 135 208 40
rect:218 46 379 300 41
Guatemala1976_09.jpg 0x0
rect:627 206 78 50 85
rect:175 197 45 67 85
rect:531 378 71 82 84
rect:81 257 42 20 85
rect:301 292 65 56 84
rect:127 349 39 33 84
rect:268 251 78 29 85
rect:74 243 35 24 84
Guatemala1976_10.jpg 0x0
rect:236 160 157 174 87
rect:286 444 27 141 87
rect:269 132 272 309 86
Guatemala1976_11.jpg 0x0
rect:134 252 129 297 34
GujaratIndia2001_01.jpg 0x0
rect:70 381 90 35 2
rect:319 331 65 69 11
rect:164 362 227 107 2
rect:26 444 171 144 4
Haiti2010_01.jpg 0x0
rect:445 398 162 162 4
rect:246 268 33 129 40
rect:610 189 118 132 4
rect:252 120 153 317 41
rect:152 48 97 107 7
Haiti2010_02.jpg 0x0
rect:60 89 394 261 88
rect:253 33 226 56 14
Haiti2010_03.jpg 0x0
rect:280 514 62 47 49
rect:283 385 196 237 32
rect:398 1 84 498 32
rect:321 514 249 186 89
Haiti2010_04.jpg 0x0
rect:183 61 275 200 34
rect:2 169 227 135 6
rect:172 369 255 579 41
Haiti2010_05.jpg 0x0
rect:211 227 39 94 40
rect:283 212 240 488 90
rect:354 227 33 76 40
rect:256 250 235 121 52
Haiti2010_06.jpg 0x0
rect:298 155 190 283 33
rect:275 232 41 59 34
rect:545 135 622 877 91
rect:597 298 91 161 32
rect:478 220 76 51 6
rect:220 254 248 350 91
rect:411 150 72 80 34
ImperialValley1979_01.jpg 0x0
rect:239 334 55 47 50
rect:315 208 35 28 50
rect:281 249 35 26 49
rect:402 306 34 17 49
rect:15 309 65 85 49
rect:301 284 71 38 32
rect:360 289 28 34 32
rect:563 327 45 27 32
rect:501 281 15 21 49
rect:60 320 99 117 50
rect:14 255 140 134 32
ImperialValley1979_02.jpg 0x0
rect:245 150 65 107 50
rect:168 61 247 255 32
rect:163 90 76 210 50
rect:288 124 68 243 50
rect:231 206 203 54 92
rect:196 192 110 35 49
ImperialValley1979_03.jpg 0x0
rect:136 569 309 41 92
rect:199 334 113 105 50
rect:168 233 156 147 32
rect:302 361 68 218 50
rect:106 286 191 198 32
rect:120 217 107 163 50
rect:82 319 319 40 92
Izmit1999_01.jpg 0x0
rect:146 75 436 373 34
rect:323 108 38 193 27
rect:357 118 47 137 27
rect:228 209 49 99 27
rect:461 279 67 63 26
Izmit1999_02.jpg 0x0
rect:23 96 782 236 10
Izmit1999_03.jpg 0x0
rect:253 54 201 447 32
rect:161 41 287 384 93
rect:142 262 433 39 92
rect:557 112 69 236 50
rect:219 80 59 382 50
rect:328 89 26 243 50
rect:315 74 40 163 50
rect:279 183 35 150 50
Izmit1999_04.jpg 0x0
rect:73 342 45 66 42
rect:59 384 64 56 34
rect:66 560 48 75 41
rect:162 182 186 58 88
rect:281 64 57 94 48
rect:312 313 16 79 40
rect:131 641 186 133 88
rect:419 264 18 51 40
rect:384 61 65 101 41
rect:403 427 76 67 41
Izmit1999_05.jpg 0x0
rect:125 27 666 287 10
Izmit1999_06.jpg 0x0
rect:105 243 71 283 50
rect:150 169 177 517 32
rect:100 207 53 214 50
rect:202 280 50 121 50
rect:110 249 195 77 49
rect:250 209 53 117 50
Izmit1999_07.jpg 0x0
rect:236 219 119 406 4
rect:258 234 60 120 3
rect:359 195 35 105 3
rect:282 97 86 83 3
rect:249 78 132 54 6
rect:28 114 403 514 2
rect:223 287 31 136 3
Izmit1999_08.jpg 0x0
rect:137 517 100 114 45
rect:413 6 129 87 45
rect:189 93 76 68 41
rect:483 98 42 39 52
rect:150 35 110 78 34
rect:621 85 57 98 41
rect:167 209 251 141 88
Izmit1999_09.jpg 0x0
rect:358 275 50 34 41
rect:703 303 43 53 94
rect:326 212 128 130 94
rect:51 157 40 65 41
rect:679 171 57 54 41
rect:344 243 80 100 41
Izmit1999_10.jpg 0x0
rect:196 122 101 139 40
rect:134 205 95 186 40
rect:228 646 82 31 78
rect:48 183 82 165 40
rect:251 350 40 109 40
rect:282 216 64 182 40
rect:57 175 319 53 78
rect:241 294 119 50 78
rect:102 379 253 74 78
rect:288 402 74 77 40
rect:72 125 224 464 41
Izmit1999_11.jpg 0x0
rect:204 243 156 161 41
rect:235 271 63 163 40
rect:370 326 54 187 40
rect:154 275 60 115 40
rect:245 420 91 156 41
Izmit1999_12.jpg 0x0
rect:330 145 47 27 6
rect:79 382 23 61 40
rect:1 178 27 35 41
rect:338 199 54 80 42
rect:251 254 91 92 41
rect:180 190 105 80 88
rect:365 118 36 66 41
rect:376 109 47 76 45
rect:123 103 36 20 6
rect:321 209 86 42 7
rect:17 83 47 22 6
rect:313 35 78 70 34
rect:50 307 44 73 94
rect:417 230 256 205 91
rect:51 333 57 84 52
rect:324 401 47 109 52
rect:482 142 46 61 41
rect:288 304 69 185 94
Izmit1999_13.jpg 0x0
rect:117 237 39 128 41
rect:379 189 73 210 41
rect:91 159 47 33 6
rect:238 57 141 421 48
rect:155 221 96 98 94
rect:167 236 50 65 41
rect:5 65 119 212 42
rect:135 260 74 66 52
rect:361 83 56 98 41
Izmit1999_14.jpg 0x0
rect:453 56 55 74 95
rect:206 363 51 42 34
rect:275 112 63 74 35
rect:420 278 59 43 34
rect:607 316 80 51 34
rect:582 88 98 86 34
rect:372 7 134 78 35
rect:60 189 124 66 34
rect:289 383 41 28 34
Izmit1999_15.jpg 0x0
rect:157 162 292 272 42
Izmit1999_16.jpg 0x0
rect:124 125 163 118 41
rect:80 49 508 378 33
rect:106 81 184 322 39
rect:233 121 41 108 40
Izmit1999_17.jpg 0x0
rect:97 101 141 254 41
Izmit1999_18.jpg 0x0
rect:140 180 103 160 41
rect:191 157 111 347 39
Izmit1999_19.jpg 0x0
rect:302 87 246 278 96
rect:218 141 235 258 32
rect:434 157 24 61 50
rect:566 104 23 73 50
Kobe1995_01.jpg 0x0
rect:26 167 569 120 63
Kobe1995_02.jpg 0x0
rect:2 44 487 594 68
Kobe1995_03.jpg 0x0
rect:26 56 392 547 10
Kobe1995_04.jpg 0x0
rect:460 350 46 45 41
Kobe1995_05.jpg 0x0
rect:43 314 322 87 78
rect:4 218 134 611 40
rect:124 192 188 493 52
rect:98 715 404 106 78
rect:220 120 143 398 40
Kobe1995_06.jpg 0x0
rect:151 381 296 282 42
rect:65 117 484 344 41
Kobe1995_07.jpg 0x0
rect:313 210 31 39 39
rect:223 86 19 28 39
rect:402 493 26 42 39
rect:292 91 35 32 39
rect:283 306 34 32 39
rect:437 415 26 51 39
rect:211 118 31 28 39
rect:132 232 40 31 39
rect:146 140 35 34 39
rect:230 597 36 31 39
rect:403 131 35 49 39
rect:139 235 25 30 39
rect:45 459 30 28 39
rect:154 217 30 32 39
rect:170 488 36 41 39
rect:52 316 30 37 39
rect:367 277 42 23 39
rect:424 217 57 45 39
rect:539 307 31 31 39
rect:128 396 44 35 39
rect:251 237 30 55 39
rect:253 233 37 22 39
rect:193 343 19 45 39
rect:454 472 60 43 39
rect:332 284 42 31 39
rect:296 297 35 57 39
Kobe1995_08.jpg 0x0
rect:204 42 413 175 97
Kobe1995_09.jpg 0x0
rect:121 736 51 75 88
rect:236 498 264 99 97
rect:133 368 79 78 88
rect:99 599 82 60 88
SanSalvador_1986_01.jpg 0x0
rect:232 114 112 162 41
rect:51 3 128 172 68
SanSalvador_1986_02.jpg 0x0
rect:238 223 27 37 41
rect:398 204 35 63 41
rect:578 144 41 58 42
rect:238 265 37 54 41
rect:272 197 56 56 41
rect:281 171 22 36 41
rect:484 187 28 31 41
rect:157 295 34 30 41
rect:142 302 24 24 41
SikkimIndia2001_01.jpg 0x0
rect:169 201 133 127 34
SikkimIndia2001_02.jpg 0x0
rect:312 262 59 36 16
rect:512 118 131 160 33
rect:466 115 73 38 16
rect:453 304 97 22 16
rect:221 60 223 489 33
rect:-17 2 317 124 33
rect:9 142 73 48 54
rect:12 6 418 86 16
SikkimIndia2001_03.jpg 0x0
rect:250 182 115 139 70
rect:215 65 67 231 69
rect:277 10 212 564 98
SikkimIndia2001_04.jpg 0x0
rect:3 29 220 188 99
rect:286 190 268 134 99
rect:354 118 101 175 34
SumatraInd2009_01.jpg 0x0
rect:194 20 85 389 81
SumatraInd2009_02.jpg 0x0
rect:218 99 191 120 41
WhittierNarrows1987_01.jpg 0x0
rect:15 37 910 388 10
WhittierNarrows1987_02.jpg 0x0
rect:193 346 90 204 41
WhittierNarrows1987_03.jpg 0x0
rect:322 172 162 183 32
WhittierNarrows1987_04.jpg 0x0
rect:209 47 100 220 41
rect:198 10 370 95 6
rect:342 17 279 152 100
YogyakartaInd2006_01.jpg 0x0
rect:182 49 348 284 32
rect:187 -21 297 589 29
rect:213 102 344 87 49
YogyakartaInd2006_02.jpg 0x0
rect:416 112 71 150 70
rect:393 58 162 405 98
rect:422 134 58 247 69
