Anchorage1964_01.jpg 0x0
rect:124 7 183 141 1
rect:68 294 310 250 1
Anchorage1964_02.jpg 0x0
rect:126 163 24 26 6
rect:140 195 88 38 7
rect:66 35 77 12 6
rect:143 247 58 15 6
rect:444 269 27 59 3
rect:198 57 91 84 4
rect:209 258 19 86 3
rect:285 293 31 66 3
rect:301 36 230 88 4
rect:537 331 16 67 3
rect:376 292 16 40 3
rect:325 308 24 86 3
rect:579 180 86 51 4
rect:571 324 26 53 3
rect:155 247 278 88 2
rect:29 24 178 33 5
rect:377 344 26 47 3
rect:508 72 125 98 8
rect:32 243 121 48 5
Anchorage1964_03.jpg 0x0
rect:2 157 277 91 9
rect:303 81 439 183 9
rect:0 337 526 69 10
Anchorage1964_04.jpg 0x0
rect:151 318 31 20 5
rect:288 145 26 16 5
rect:398 528 39 15 5
rect:441 462 34 21 5
rect:335 108 40 19 5
rect:298 202 19 23 1
rect:435 393 17 12 5
rect:225 498 21 27 1
rect:307 46 25 22 5
rect:315 286 21 19 5
rect:198 142 15 23 1
rect:250 371 18 28 1
rect:401 26 28 22 5
rect:458 298 25 22 5
rect:139 74 39 11 5
rect:268 192 23 33 1
rect:157 158 27 17 5
rect:215 239 24 20 5
rect:203 101 19 27 1
rect:221 190 22 23 5
rect:229 385 40 17 2
rect:158 196 30 21 5
rect:311 422 9 1 1
rect:125 531 30 19 5
rect:303 307 30 22 5
rect:283 403 9 25 1
rect:186 260 20 26 8
rect:455 159 31 14 5
rect:214 257 22 27 1
rect:401 492 36 26 5
rect:219 21 21 14 5
rect:174 257 36 15 5
rect:140 299 46 20 5
rect:118 117 26 16 5
rect:241 109 28 13 5
rect:233 430 29 34 1
rect:127 233 25 19 5
rect:339 224 16 24 1
rect:268 234 17 18 1
Anchorage1964_05.jpg 0x0
rect:71 240 29 54 1
rect:374 272 39 71 1
rect:49 255 20 29 1
rect:206 161 23 26 11
rect:246 31 90 34 6
rect:348 1 37 72 1
rect:818 248 67 36 5
rect:500 358 55 13 6
rect:75 72 27 37 1
rect:162 143 130 32 6
rect:69 142 21 51 1
rect:555 375 39 51 8
rect:351 144 49 50 1
rect:483 224 36 27 11
rect:86 294 17 41 1
rect:94 33 21 42 1
rect:56 423 17 63 1
rect:521 95 33 56 1
rect:439 18 32 41 1
rect:236 56 94 35 5
rect:804 247 68 40 5
rect:470 86 32 68 1
rect:215 181 153 62 2
rect:74 81 17 51 1
rect:575 215 50 49 1
rect:584 388 39 91 8
rect:192 177 115 21 5
rect:42 450 23 61 1
rect:657 219 55 26 6
Anchorage1964_06.jpg 0x0
rect:79 84 264 291 12
rect:126 325 52 110 11
rect:197 119 75 228 3
Anchorage1964_07.jpg 0x0
rect:359 161 49 119 3
rect:554 139 66 74 11
rect:13 193 359 23 11
rect:235 188 46 139 13
rect:311 136 182 167 11
rect:7 329 413 33 14
rect:8 82 639 327 2
rect:425 177 352 190 2
rect:146 2 88 74 2
Anchorage1964_08.jpg 0x0
rect:41 60 90 119 1
rect:397 35 104 83 1
rect:459 481 117 131 1
rect:234 264 100 79 1
rect:53 664 102 112 1
rect:59 258 109 80 1
Anchorage1964_09.jpg 0x0
rect:197 116 81 74 1
rect:453 10 255 13 15
rect:13 144 107 20 15
rect:710 10 71 12 16
rect:93 142 73 91 1
rect:698 127 1 1 16
rect:13 15 413 17 15
rect:552 106 102 20 15
rect:20 162 17 9 16
rect:741 190 77 56 8
rect:579 123 85 25 15
rect:625 37 83 56 8
rect:59 176 53 11 16
rect:73 346 73 65 8
rect:494 191 79 80 1
rect:524 118 95 95 1
rect:11 13 65 12 16
rect:201 94 344 12 15
rect:126 54 83 53 8
Anchorage1964_10.jpg 0x0
rect:251 353 84 133 17
rect:83 332 313 127 18
rect:156 183 264 79 18
rect:66 146 338 356 1
Anchorage1964_11.jpg 0x0
rect:628 5 88 51 1
rect:465 132 180 90 1
rect:66 442 772 15 14
rect:284 248 281 27 11
rect:176 210 495 20 15
rect:69 358 601 26 14
rect:164 74 211 132 4
rect:91 197 657 62 2
Anchorage1964_12.jpg 0x0
rect:309 90 223 165 11
rect:166 130 33 99 3
rect:408 107 49 139 3
rect:10 105 655 329 2
rect:392 82 56 240 3
Anchorage1964_13.jpg 0x0
rect:503 333 35 204 20
rect:385 687 140 14 19
rect:358 444 237 28 2
Anchorage1964_14.jpg 0x0
rect:231 198 194 43 15
rect:428 788 180 94 23
rect:213 16 106 736 20
rect:23 711 30 77 22
rect:142 285 73 66 21
rect:33 470 46 88 22
rect:360 10 59 233 11
rect:110 584 50 85 22
rect:10 435 174 57 11
rect:119 685 49 53 22
rect:67 228 98 33 15
rect:542 6 86 141 11
Anchorage1964_15.jpg 0x0
rect:431 256 78 34 24
rect:170 246 160 31 15
rect:311 9 88 47 4
rect:283 198 167 46 11
rect:204 94 56 102 25
rect:322 369 300 62 2
rect:525 9 77 73 4
rect:195 56 54 439 20
rect:197 166 43 69 11
Anchorage1964_16.jpg 0x0
rect:149 295 222 158 11
rect:13 165 212 222 2
rect:14 324 85 106 2
rect:347 261 122 243 2
rect:70 411 67 106 11
rect:206 91 313 170 2
Anchorage1964_17.jpg 0x0
rect:13 126 179 167 9
rect:235 66 225 191 9
rect:9 166 870 258 10
Anchorage1964_18.jpg 0x0
rect:163 146 82 75 4
rect:329 347 73 15 2
rect:374 194 125 64 4
rect:255 313 37 48 11
rect:393 276 311 21 15
rect:437 123 92 83 4
rect:125 392 64 46 11
rect:127 213 18 35 11
rect:719 254 45 19 2
rect:360 207 37 14 2
Anchorage1964_19.jpg 0x0
rect:380 92 66 38 26
rect:516 224 11 17 26
rect:223 60 70 124 29
rect:335 238 18 35 26
rect:627 153 53 28 28
rect:400 139 7 16 26
rect:475 240 6 13 26
rect:328 75 40 84 29
rect:27 311 23 107 27
rect:307 87 24 36 27
rect:303 352 40 96 26
rect:469 296 16 51 26
rect:454 164 17 71 29
rect:540 279 36 33 28
rect:5 170 98 172 26
rect:925 167 8 8 26
rect:523 112 13 43 26
rect:293 85 28 21 26
Anchorage1964_20.jpg 0x0
rect:206 88 149 153 29
rect:157 99 79 68 26
rect:507 414 55 62 26
rect:296 348 84 102 26
rect:217 114 78 37 27
Anchorage1964_21.jpg 0x0
rect:2 84 51 32 26
rect:-6 63 88 172 29
rect:131 127 667 204 30
rect:57 394 23 30 26
Bingol2003_01.jpg 0x0
rect:839 171 82 83 33
rect:492 100 71 101 6
rect:805 576 106 44 33
rect:635 160 50 151 34
rect:173 258 65 84 33
rect:507 385 202 84 6
rect:790 258 76 46 6
rect:459 322 61 50 34
rect:770 252 70 83 33
rect:24 208 80 77 33
rect:397 299 218 116 31
rect:385 225 50 238 32
rect:2 431 1195 328 10
rect:188 108 70 23 6
rect:682 272 40 53 6
rect:656 84 164 163 31
rect:539 64 96 50 6
rect:268 251 96 62 33
rect:342 277 123 117 6
Bingol2003_02.jpg 0x0
rect:145 251 58 457 32
rect:190 236 645 482 31
rect:372 318 80 75 6
rect:995 73 153 98 36
rect:133 340 124 189 32
rect:392 185 506 167 35
rect:543 341 89 138 26
rect:205 90 517 205 34
Bingol2003_03.jpg 0x0
rect:111 27 147 25 2
rect:713 168 348 689 4
rect:132 56 122 155 33
rect:369 224 433 188 2
rect:906 414 236 260 2
rect:783 -10 341 235 4
rect:485 216 248 54 11
Bingol2003_04.jpg 0x0
rect:95 542 28 89 3
rect:83 543 38 85 3
rect:63 684 71 68 2
rect:206 571 45 99 3
rect:204 462 25 89 3
rect:183 392 270 129 2
rect:206 313 146 206 4
rect:287 644 87 84 2
CanterburyNZSeries2010_01.jpg 0x0
rect:112 82 168 230 12
CanterburyNZSeries2010_02.jpg 0x0
rect:46 54 191 287 6
rect:32 9 228 298 37
CanterburyNZSeries2010_03.jpg 0x0
rect:59 68 312 174 38
CanterburyNZSeries2010_04.jpg 0x0
rect:345 329 36 122 40
rect:403 312 12 50 40
rect:181 275 156 235 39
rect:349 513 28 55 40
rect:302 10 123 206 42
rect:161 534 66 206 41
rect:174 243 26 216 40
rect:266 534 31 65 40
CanterburyNZSeries2010_05.jpg 0x0
rect:325 410 204 411 4
rect:351 276 156 135 15
CanterburyNZSeries2010_06.jpg 0x0
rect:84 131 866 590 4
rect:217 232 284 143 2
CanterburyNZSeries2010_08.jpg 0x0
rect:881 560 34 178 32
rect:988 414 110 167 44
rect:520 150 184 256 43
rect:869 638 80 162 44
CanterburyNZSeries2010_09.jpg 0x0
rect:242 104 145 138 45
rect:361 400 214 337 39
CanterburyNZSeries2010_10.jpg 0x0
rect:271 331 368 259 6
rect:397 192 198 141 7
rect:248 415 192 90 6
rect:261 313 179 56 46
CanterburyNZSeries2010_11.jpg 0x0
rect:312 405 370 166 5
rect:361 256 207 88 7
CanterburyNZSeries2010_12.jpg 0x0
rect:167 484 170 47 11
rect:50 410 640 354 2
rect:567 329 156 73 11
rect:6 211 658 392 47
CanterburyNZSeries2010_13.jpg 0x0
rect:540 133 100 465 11
rect:151 20 505 779 12
Caracas1967_01.jpg 0x0
rect:396 216 11 83 48
rect:275 228 39 118 48
rect:425 112 56 77 48
rect:431 69 126 199 48
Caracas1967_02.jpg 0x0
rect:259 1 155 155 15
rect:88 433 56 53 49
rect:162 464 30 37 50
rect:124 188 203 287 51
Caracas1967_03.jpg 0x0
rect:15 480 200 69 6
rect:272 365 73 77 26
rect:275 64 75 128 14
rect:176 253 150 176 34
rect:284 248 32 133 27
rect:213 285 41 44 27
Caracas1967_04.jpg 0x0
rect:107 369 150 145 34
rect:175 366 17 93 27
rect:169 443 57 142 26
Caracas1967_05.jpg 0x0
rect:205 316 104 161 52
rect:45 99 254 455 41
rect:165 456 49 233 40
rect:339 196 48 243 40
rect:267 184 42 180 40
rect:178 397 45 205 40
rect:282 265 36 138 40
rect:57 327 62 279 40
rect:29 113 360 808 48
rect:74 385 205 228 52
Caracas1967_06.jpg 0x0
rect:238 113 312 182 7
rect:365 254 96 66 6
Caracas1967_07.jpg 0x0
rect:358 172 180 240 34
rect:283 122 43 211 27
rect:328 9 107 203 34
rect:216 158 161 264 34
rect:491 484 94 86 53
rect:303 45 30 157 27
rect:519 202 78 102 53
Caracas1967_08.jpg 0x0
rect:205 214 58 126 55
rect:303 321 58 118 54
rect:471 187 65 152 54
Caracas1967_09.jpg 0x0
rect:180 113 68 82 48
rect:339 14 286 139 48
rect:63 239 68 76 48
rect:25 300 66 67 48
Caracas1967_10.jpg 0x0
rect:391 285 95 199 40
rect:36 176 281 247 41
rect:392 370 66 248 40
rect:13 140 430 397 48
Caracas1967_11.jpg 0x0
rect:44 17 299 938 48
rect:291 14 148 262 41
rect:56 313 304 357 41
Caracas1967_12.jpg 0x0
rect:213 344 31 42 56
rect:494 230 26 45 32
rect:722 441 24 69 32
rect:379 190 42 48 34
Caracas1967_13.jpg 0x0
rect:181 425 128 252 55
Caracas1967_14.jpg 0x0
rect:165 361 236 40 6
rect:160 153 805 152 57
Chichi1999_01.jpg 0x0
rect:337 178 38 210 42
rect:4 6 676 131 58
Chichi1999_02.jpg 0x0
rect:332 76 236 293 59
rect:6 71 384 172 58
Chichi1999_03.jpg 0x0
rect:100 130 76 130 60
rect:0 124 845 221 58
Chichi1999_04.jpg 0x0
rect:264 -16 39 106 48
rect:217 258 77 268 48
rect:197 260 28 65 52
Chichi1999_05.jpg 0x0
rect:382 235 38 75 52
rect:401 141 69 190 48
rect:402 126 61 40 41
rect:283 335 38 38 41
Chichi1999_06.jpg 0x0
rect:367 133 62 83 62
rect:497 -9 72 73 61
rect:413 218 58 93 48
rect:314 167 15 25 52
rect:681 194 41 66 41
rect:141 22 606 176 10
Chichi1999_07.jpg 0x0
rect:585 283 18 16 64
rect:178 219 18 34 64
rect:73 175 573 113 63
rect:461 252 40 160 48
rect:397 328 51 83 48
rect:465 223 31 32 64
rect:108 170 58 203 48
Chichi1999_08.jpg 0x0
rect:86 17 512 399 10
Chichi1999_09.jpg 0x0
rect:236 91 135 92 41
rect:266 127 70 70 40
rect:266 136 41 87 40
rect:249 74 205 232 48
Chichi1999_10.jpg 0x0
rect:212 19 675 495 10
Chichi1999_11.jpg 0x0
rect:2 98 212 658 10
rect:173 151 117 96 65
Chichi1999_12.jpg 0x0
rect:10 28 444 738 66
Chichi1999_13.jpg 0x0
rect:31 41 652 351 10
Chichi1999_14.jpg 0x0
rect:125 256 49 45 67
rect:229 404 25 25 39
rect:199 292 19 23 39
rect:226 391 41 45 67
rect:149 199 29 63 67
rect:186 354 29 48 67
rect:143 203 86 60 67
rect:113 643 30 35 67
rect:113 393 57 52 67
rect:199 496 25 66 67
rect:442 628 94 86 67
rect:368 521 35 58 67
rect:249 537 40 29 39
rect:63 659 38 60 67
rect:269 217 14 44 67
rect:117 482 37 47 67
rect:245 317 36 59 39
Chichi1999_15.jpg 0x0
rect:235 29 252 568 41
Chichi1999_16.jpg 0x0
rect:127 132 82 110 32
Chichi1999_17.jpg 0x0
rect:181 385 30 50 32
Chichi1999_18.jpg 0x0
rect:245 231 27 110 69
rect:220 175 34 123 69
rect:169 326 20 107 69
rect:209 231 187 519 68
rect:365 394 37 125 69
rect:253 396 43 98 70
Chichi1999_19.jpg 0x0
rect:232 21 332 414 2
rect:233 149 167 309 3
YogyakartaInd2006_03.jpg 0x0
rect:254 340 156 31 15
rect:233 223 326 128 71
rect:458 77 115 47 15
rect:292 22 74 2 15
rect:468 77 103 40 16
rect:296 486 56 33 16
rect:289 168 23 7 16
rect:241 189 56 29 15
Chichi1999_20.jpg 0x0
rect:155 230 138 427 42
rect:260 532 51 233 41
Chichi1999_21.jpg 0x0
rect:493 5 168 129 57
rect:22 4 261 155 30
rect:82 326 123 107 5
rect:310 90 155 82 6
rect:152 317 215 202 37
rect:271 324 71 137 6
rect:337 28 200 165 37
rect:241 102 240 221 72
Chichi1999_22.jpg 0x0
rect:235 201 22 22 73
rect:512 260 19 15 73
rect:241 124 215 113 10
rect:305 256 17 23 73
Chichi1999_23.jpg 0x0
rect:130 153 56 60 73
rect:95 234 32 61 34
rect:5 77 474 216 74
rect:237 373 77 94 73
rect:133 241 56 100 73
rect:203 208 24 32 27
rect:122 233 31 27 34
rect:364 121 31 52 73
rect:312 330 41 63 34
rect:374 213 26 20 26
Chichi1999_24.jpg 0x0
rect:3 411 267 139 74
rect:436 345 1 2 46
rect:285 203 51 60 46
rect:253 226 93 49 34
rect:122 131 165 123 75
Chichi1999_25.jpg 0x0
rect:206 290 104 168 34
rect:197 268 229 231 73
rect:141 299 33 86 26
Chichi1999_26.jpg 0x0
rect:255 22 54 37 73
rect:160 567 107 92 27
rect:192 464 82 53 26
rect:240 202 161 423 76
rect:152 370 127 132 73
rect:234 189 46 112 73
Chichi1999_27.jpg 0x0
rect:208 251 64 378 32
Chichi1999_28.jpg 0x0
rect:185 85 99 217 5
rect:22 85 240 124 6
rect:320 235 231 146 77
rect:300 164 203 162 75
Chichi1999_29.jpg 0x0
rect:184 277 108 113 40
rect:154 252 99 154 52
rect:112 228 237 352 48
Chichi1999_30.jpg 0x0
rect:199 156 190 84 52
rect:34 205 109 158 73
rect:153 206 215 76 78
rect:191 142 292 263 40
Chichi1999_31.jpg 0x0
rect:169 76 122 311 79
rect:581 133 47 239 48
Chichi1999_32.jpg 0x0
rect:204 71 41 113 81
rect:161 222 30 136 81
rect:176 6 111 483 80
rect:511 122 46 240 39
Chichi1999_33.jpg 0x0
rect:236 65 110 322 32
rect:89 59 167 593 33
rect:116 130 65 239 32
rect:150 193 61 78 49
rect:235 112 31 144 49
rect:191 70 97 166 56
Chichi1999_34.jpg 0x0
rect:152 105 302 356 10
Duzce1999_01.jpg 0x0
rect:114 43 133 403 39
rect:142 156 98 98 41
Duzce1999_02.jpg 0x0
rect:76 50 122 349 41
Duzce1999_03.jpg 0x0
rect:0 209 115 180 31
rect:260 149 84 194 31
rect:78 104 83 322 42
Gediz1970_01.jpg 0x0
rect:273 328 55 171 69
rect:128 143 179 462 68
rect:137 322 87 361 69
Guatemala1976_01.jpg 0x0
rect:62 221 76 51 52
rect:74 216 43 36 41
rect:23 141 762 216 82
rect:659 157 67 55 41
rect:410 176 107 94 48
rect:45 192 94 94 48
Guatemala1976_02.jpg 0x0
rect:217 71 335 345 48
rect:283 87 127 132 40
Guatemala1976_03.jpg 0x0
rect:17 74 845 382 75
Guatemala1976_04.jpg 0x0
rect:647 257 95 306 4
rect:158 26 321 72 30
rect:52 57 505 162 30
rect:707 141 118 372 4
Guatemala1976_05.jpg 0x0
rect:156 63 450 327 48
rect:217 91 291 193 40
rect:249 128 278 104 41
Guatemala1976_06.jpg 0x0
rect:109 102 203 500 39
Guatemala1976_07.jpg 0x0
rect:215 649 95 82 83
rect:19 291 417 334 10
rect:18 311 47 44 6
Guatemala1976_08.jpg 0x0
rect:200 23 298 445 48
rect:409 88 131 371 40
rect:191 70 422 405 41
Guatemala1976_09.jpg 0x0
rect:682 303 46 88 84
rect:105 302 24 20 85
rect:363 340 56 43 84
rect:164 328 73 61 85
rect:147 202 32 34 84
rect:560 304 63 68 85
rect:352 332 71 25 85
rect:66 259 32 22 84
Guatemala1976_10.jpg 0x0
rect:343 432 30 143 87
rect:275 156 312 333 86
rect:203 107 220 116 87
Guatemala1976_11.jpg 0x0
rect:227 299 112 268 34
GujaratIndia2001_01.jpg 0x0
rect:60 368 61 43 2
rect:37 351 147 168 4
rect:355 411 46 47 11
rect:180 434 221 106 2
Haiti2010_01.jpg 0x0
rect:369 593 236 178 4
rect:390 227 24 163 40
rect:270 130 160 366 41
rect:134 36 145 108 7
rect:397 317 122 148 4
Haiti2010_02.jpg 0x0
rect:380 25 156 51 14
rect:48 103 358 241 88
Haiti2010_03.jpg 0x0
rect:295 1 81 555 32
rect:201 630 218 205 89
rect:286 484 217 233 32
rect:242 551 82 77 49
Haiti2010_04.jpg 0x0
rect:239 40 229 201 34
rect:2 176 264 157 6
rect:163 298 397 565 41
Haiti2010_05.jpg 0x0
rect:303 198 202 117 52
rect:207 330 29 98 40
rect:326 139 205 633 90
rect:366 310 24 122 40
Haiti2010_06.jpg 0x0
rect:703 115 698 576 91
rect:597 196 66 107 34
rect:171 286 38 40 34
rect:475 164 61 37 6
rect:632 235 69 175 32
rect:512 220 193 369 33
rect:179 339 280 403 91
ImperialValley1979_01.jpg 0x0
rect:334 324 41 19 49
rect:9 334 158 100 32
rect:588 286 37 28 32
rect:505 301 33 36 50
rect:428 347 18 12 49
rect:420 306 33 26 49
rect:52 318 90 116 50
rect:342 300 46 47 32
rect:308 290 58 79 50
rect:17 347 57 86 49
rect:420 338 40 42 32
ImperialValley1979_02.jpg 0x0
rect:208 185 58 168 50
rect:214 188 350 45 92
rect:311 90 117 215 50
rect:207 115 208 170 32
rect:153 119 71 251 50
rect:203 264 115 48 49
ImperialValley1979_03.jpg 0x0
rect:289 383 57 167 50
rect:105 511 221 43 92
rect:83 354 86 162 50
rect:165 242 152 150 32
rect:201 450 80 171 50
rect:161 301 268 179 32
rect:109 460 377 44 92
Izmit1999_01.jpg 0x0
rect:247 209 35 91 27
rect:385 250 73 89 26
rect:241 89 68 207 27
rect:314 116 37 163 27
rect:160 95 431 390 34
Izmit1999_02.jpg 0x0
rect:29 120 916 309 10
Izmit1999_03.jpg 0x0
rect:470 67 49 363 50
rect:235 62 341 346 32
rect:137 46 383 457 93
rect:274 173 54 195 50
rect:185 95 47 372 50
rect:405 64 28 210 50
rect:531 68 34 279 50
rect:136 230 342 33 92
Izmit1999_04.jpg 0x0
rect:127 325 106 78 88
rect:367 103 60 81 41
rect:135 580 152 128 88
rect:357 468 17 48 40
rect:67 304 54 62 34
rect:70 398 32 93 42
rect:389 464 74 57 41
rect:68 324 58 100 41
rect:294 255 22 71 40
rect:280 51 93 66 48
Izmit1999_05.jpg 0x0
rect:95 29 828 563 10
Izmit1999_06.jpg 0x0
rect:158 127 248 557 32
rect:97 322 82 195 50
rect:164 306 32 144 50
rect:199 190 112 94 49
rect:201 198 60 204 50
rect:175 256 76 217 50
Izmit1999_07.jpg 0x0
rect:25 113 350 536 2
rect:121 384 44 133 3
rect:466 122 84 79 3
rect:288 70 135 46 6
rect:386 304 120 424 4
rect:269 172 38 148 3
rect:216 280 66 67 3
Izmit1999_08.jpg 0x0
rect:143 34 78 106 34
rect:617 6 99 66 45
rect:145 426 89 102 45
rect:179 89 78 75 41
rect:248 202 145 81 88
rect:600 111 57 24 52
rect:440 86 70 53 41
Izmit1999_09.jpg 0x0
rect:400 330 77 74 94
rect:450 294 125 61 41
rect:246 177 35 34 41
rect:559 292 46 77 94
rect:48 230 38 46 41
rect:522 228 42 54 41
Izmit1999_10.jpg 0x0
rect:59 171 85 161 40
rect:122 415 312 82 78
rect:312 539 46 62 40
rect:295 691 95 26 78
rect:36 222 418 34 78
rect:120 191 60 293 40
rect:269 125 122 116 40
rect:319 667 102 139 40
rect:110 118 415 519 41
rect:155 539 174 32 78
rect:218 113 39 126 40
Izmit1999_11.jpg 0x0
rect:409 331 55 206 40
rect:218 521 103 126 41
rect:257 205 74 112 40
rect:133 334 80 186 40
rect:188 284 156 131 41
Izmit1999_12.jpg 0x0
rect:469 126 58 53 7
rect:269 305 83 181 94
rect:315 132 44 126 42
rect:54 308 53 50 52
rect:81 292 30 47 40
rect:381 127 251 215 91
rect:386 230 74 125 41
rect:232 342 53 124 52
rect:13 62 40 31 6
rect:1 240 29 42 41
rect:516 222 55 64 41
rect:341 175 43 25 6
rect:63 216 74 107 94
rect:336 121 51 89 45
rect:579 33 95 58 34
rect:516 116 36 61 41
rect:122 91 39 28 6
rect:131 178 56 69 88
Izmit1999_13.jpg 0x0
rect:105 134 43 48 6
rect:5 99 109 192 42
rect:150 307 85 168 94
rect:245 105 231 372 48
rect:428 148 116 290 41
rect:159 267 31 127 41
rect:119 263 73 76 52
rect:294 125 87 87 41
rect:260 331 35 67 41
Izmit1999_14.jpg 0x0
rect:307 114 117 91 35
rect:58 196 101 49 34
rect:332 320 89 56 34
rect:419 45 68 77 95
rect:462 324 74 50 34
rect:286 364 53 29 34
rect:239 417 41 25 34
rect:518 8 203 70 35
rect:500 77 84 84 34
Izmit1999_15.jpg 0x0
rect:106 214 249 272 42
Izmit1999_16.jpg 0x0
rect:115 72 194 233 39
rect:188 93 36 113 40
rect:125 74 476 389 33
rect:196 128 171 180 41
Izmit1999_17.jpg 0x0
rect:115 149 239 189 41
Izmit1999_18.jpg 0x0
rect:151 155 105 272 39
rect:188 224 133 102 41
Izmit1999_19.jpg 0x0
rect:336 154 21 71 50
rect:291 154 227 248 32
rect:345 104 22 105 50
rect:279 107 210 326 96
Kobe1995_01.jpg 0x0
rect:26 111 633 118 63
Kobe1995_02.jpg 0x0
rect:2 47 677 530 68
Kobe1995_03.jpg 0x0
rect:31 45 565 579 10
Kobe1995_04.jpg 0x0
rect:254 281 62 37 41
Kobe1995_05.jpg 0x0
rect:40 326 473 97 78
rect:65 507 363 168 78
rect:347 185 116 340 40
rect:103 140 225 631 52
rect:4 126 119 620 40
Kobe1995_06.jpg 0x0
rect:242 437 326 374 42
rect:66 104 331 354 41
Kobe1995_07.jpg 0x0
rect:323 159 32 45 39
rect:281 269 28 35 39
rect:57 247 50 45 39
rect:120 311 38 24 39
rect:245 468 35 49 39
rect:387 240 27 40 39
rect:341 360 35 29 39
rect:235 86 26 35 39
rect:376 163 29 43 39
rect:156 407 31 39 39
rect:148 183 32 57 39
rect:247 251 25 47 39
rect:290 448 29 27 39
rect:83 287 30 41 39
rect:439 141 42 32 39
rect:130 197 34 41 39
rect:386 226 38 51 39
rect:290 274 47 49 39
rect:281 271 45 31 39
rect:444 473 43 51 39
rect:179 424 35 38 39
rect:145 112 33 36 39
rect:188 476 32 40 39
rect:193 521 32 37 39
rect:326 469 27 46 39
rect:45 427 47 20 39
Kobe1995_08.jpg 0x0
rect:301 46 474 179 97
Kobe1995_09.jpg 0x0
rect:182 436 202 102 97
rect:68 797 104 93 88
rect:104 441 85 52 88
rect:68 437 77 59 88
SanSalvador_1986_01.jpg 0x0
rect:225 196 105 201 41
rect:88 3 114 244 68
SanSalvador_1986_02.jpg 0x0
rect:353 162 30 43 42
rect:647 324 45 46 41
rect:601 126 35 42 41
rect:221 347 37 40 41
rect:291 185 17 34 41
rect:191 202 26 33 41
rect:210 213 41 38 41
rect:127 364 22 35 41
rect:277 242 38 30 41
SikkimIndia2001_01.jpg 0x0
rect:275 144 147 169 34
SikkimIndia2001_02.jpg 0x0
rect:177 93 237 455 33
rect:452 240 98 22 16
rect:228 159 87 52 16
rect:399 78 135 203 33
rect:384 135 80 34 16
rect:13 5 423 75 16
rect:-17 2 497 112 33
rect:7 185 76 44 54
SikkimIndia2001_03.jpg 0x0
rect:215 67 50 244 69
rect:242 11 213 477 98
rect:237 206 92 207 70
SikkimIndia2001_04.jpg 0x0
rect:275 160 357 128 99
rect:251 223 100 120 34
rect:3 27 254 261 99
SumatraInd2009_01.jpg 0x0
rect:361 28 57 389 81
SumatraInd2009_02.jpg 0x0
rect:145 84 146 133 41
WhittierNarrows1987_01.jpg 0x0
rect:12 26 964 424 10
WhittierNarrows1987_02.jpg 0x0
rect:208 343 86 266 41
WhittierNarrows1987_03.jpg 0x0
rect:295 107 109 204 32
WhittierNarrows1987_04.jpg 0x0
rect:265 71 120 249 41
rect:182 14 214 169 100
rect:185 8 212 95 6
YogyakartaInd2006_01.jpg 0x0
rect:220 126 345 90 49
rect:174 -20 282 534 29
rect:171 43 388 360 32
YogyakartaInd2006_02.jpg 0x0
rect:254 126 49 260 69
rect:265 68 168 487 98
rect:288 75 87 140 70
