Anchorage1964_01.jpg 0x0
rect:109 6 214 216 1
rect:66 370 206 191 1
Anchorage1964_02.jpg 0x0
rect:106 168 28 16 6
rect:219 98 99 95 4
rect:123 212 69 21 6
rect:500 54 130 101 8
rect:330 360 25 72 3
rect:281 27 333 86 4
rect:529 276 19 74 3
rect:182 180 444 101 2
rect:336 141 113 63 4
rect:246 351 23 67 3
rect:200 185 26 69 3
rect:97 37 106 14 6
rect:35 28 163 45 5
rect:303 342 26 42 3
rect:127 162 73 42 7
rect:421 225 15 42 3
rect:35 267 186 50 5
rect:298 218 19 77 3
rect:495 248 23 53 3
Anchorage1964_03.jpg 0x0
rect:2 259 301 59 9
rect:0 328 492 61 10
rect:220 103 474 254 9
Anchorage1964_04.jpg 0x0
rect:248 83 31 21 5
rect:244 183 29 13 5
rect:137 457 28 15 5
rect:328 475 29 21 5
rect:134 146 26 18 5
rect:322 158 38 18 5
rect:131 222 28 21 5
rect:277 145 20 21 1
rect:272 446 19 35 1
rect:223 117 30 22 5
rect:319 401 21 22 1
rect:189 95 16 32 1
rect:355 267 18 23 1
rect:371 127 14 32 1
rect:197 324 29 20 8
rect:305 259 36 14 5
rect:449 31 26 19 5
rect:214 341 16 20 1
rect:296 289 39 18 5
rect:291 293 9 1 1
rect:389 526 27 19 5
rect:170 181 32 23 5
rect:160 62 38 16 5
rect:447 296 33 17 5
rect:342 119 32 23 5
rect:183 520 47 19 2
rect:291 407 25 17 5
rect:328 302 21 26 1
rect:130 280 24 14 5
rect:361 367 27 25 1
rect:167 60 23 15 5
rect:171 429 27 25 5
rect:167 395 45 18 5
rect:178 311 37 11 5
rect:397 246 28 19 5
rect:240 234 9 19 1
rect:280 174 16 34 1
rect:397 161 35 18 5
rect:207 28 23 18 5
Anchorage1964_05.jpg 0x0
rect:569 235 29 42 1
rect:614 489 34 78 8
rect:189 49 127 59 6
rect:548 291 55 40 5
rect:692 332 38 20 6
rect:79 27 26 51 1
rect:109 272 21 57 1
rect:48 114 17 49 1
rect:440 94 45 67 1
rect:48 242 30 67 1
rect:365 289 33 23 11
rect:609 167 50 67 1
rect:57 279 27 44 1
rect:386 1 49 66 1
rect:67 387 25 36 1
rect:29 297 24 66 1
rect:135 145 144 30 6
rect:648 352 57 19 6
rect:393 158 16 27 11
rect:411 357 48 60 8
rect:87 108 17 59 1
rect:727 238 57 37 5
rect:591 29 28 43 1
rect:233 41 80 27 5
rect:325 128 166 52 2
rect:515 277 48 84 1
rect:207 183 93 18 5
rect:49 75 32 38 1
rect:396 136 53 73 1
Anchorage1964_06.jpg 0x0
rect:120 56 247 370 12
rect:216 176 75 273 3
rect:175 203 72 111 11
Anchorage1964_07.jpg 0x0
rect:253 139 109 144 11
rect:437 289 376 246 2
rect:404 146 66 79 13
rect:10 83 607 553 2
rect:442 182 103 93 11
rect:217 2 111 63 2
rect:6 435 465 28 14
rect:300 119 37 127 3
rect:11 284 264 34 11
Anchorage1964_08.jpg 0x0
rect:357 188 106 140 1
rect:345 511 150 107 1
rect:42 451 133 151 1
rect:41 57 123 97 1
rect:40 394 130 75 1
rect:430 38 105 121 1
Anchorage1964_09.jpg 0x0
rect:486 40 67 57 8
rect:42 137 53 12 16
rect:436 8 219 13 15
rect:194 138 206 15 15
rect:610 8 134 11 16
rect:525 241 98 57 8
rect:16 166 126 20 15
rect:754 177 1 1 16
rect:432 129 125 26 15
rect:431 143 128 17 15
rect:14 20 51 14 16
rect:20 134 24 12 16
rect:80 38 65 52 8
rect:507 135 89 52 1
rect:113 368 51 53 8
rect:387 211 65 66 1
rect:269 144 49 65 1
rect:10 12 483 15 15
rect:133 218 74 54 1
Anchorage1964_10.jpg 0x0
rect:224 275 108 136 17
rect:197 259 183 86 18
rect:93 498 365 94 18
rect:61 138 306 433 1
Anchorage1964_11.jpg 0x0
rect:105 505 553 20 14
rect:750 139 109 66 1
rect:155 61 224 96 4
rect:113 140 456 59 2
rect:51 352 706 13 14
rect:280 251 328 34 11
rect:620 7 84 51 1
rect:202 118 512 16 15
Anchorage1964_12.jpg 0x0
rect:352 101 55 153 3
rect:375 84 57 247 3
rect:351 59 227 203 11
rect:12 83 763 275 2
rect:221 239 35 99 3
Anchorage1964_13.jpg 0x0
rect:477 385 94 15 19
rect:402 362 195 28 2
rect:539 327 29 199 20
Anchorage1964_14.jpg 0x0
rect:155 17 73 873 20
rect:332 6 84 116 11
rect:74 239 168 24 15
rect:121 800 35 61 22
rect:27 534 23 73 22
rect:41 419 43 76 22
rect:349 11 78 268 11
rect:435 664 202 105 23
rect:290 239 147 38 15
rect:125 692 38 52 22
rect:10 638 194 103 11
rect:140 274 77 112 21
Anchorage1964_15.jpg 0x0
rect:210 72 50 339 20
rect:254 209 148 42 11
rect:436 253 125 38 24
rect:306 9 88 71 4
rect:258 114 27 86 11
rect:395 7 85 52 4
rect:311 586 190 75 2
rect:307 163 63 110 25
rect:225 303 208 54 15
Anchorage1964_16.jpg 0x0
rect:12 126 232 133 2
rect:255 80 269 114 2
rect:14 244 58 95 2
rect:107 429 95 126 11
rect:203 156 254 255 11
rect:615 214 166 246 2
Anchorage1964_17.jpg 0x0
rect:11 94 268 127 9
rect:9 172 813 257 10
rect:268 60 158 234 9
Anchorage1964_18.jpg 0x0
rect:402 113 76 72 4
rect:405 126 79 71 4
rect:350 313 37 22 2
rect:126 296 19 53 11
rect:474 405 74 24 2
rect:786 215 77 18 2
rect:306 295 44 62 11
rect:109 246 97 46 11
rect:105 154 90 97 4
rect:364 210 320 25 15
Anchorage1964_19.jpg 0x0
rect:287 277 58 100 26
rect:325 147 14 30 26
rect:690 212 42 30 28
rect:457 155 13 33 26
rect:382 158 6 20 26
rect:422 157 8 25 26
rect:33 251 34 129 27
rect:514 141 37 36 26
rect:576 113 51 29 28
rect:7 184 54 149 26
rect:427 286 20 38 26
rect:385 88 59 60 26
rect:407 83 32 25 27
rect:293 74 85 119 29
rect:606 137 10 6 26
rect:577 134 21 58 29
rect:698 132 6 10 26
rect:463 121 49 95 29
Anchorage1964_20.jpg 0x0
rect:332 665 45 84 26
rect:206 335 56 156 26
rect:200 83 68 55 27
rect:142 73 129 116 29
rect:203 69 127 82 26
Anchorage1964_21.jpg 0x0
rect:2 110 33 38 26
rect:66 330 41 39 26
rect:200 189 515 190 30
rect:-6 74 61 190 29
Bingol2003_01.jpg 0x0
rect:936 362 95 37 33
rect:559 330 83 49 33
rect:435 289 123 68 6
rect:584 109 103 54 6
rect:392 408 58 163 32
rect:488 377 174 148 31
rect:517 113 153 218 31
rect:696 244 50 72 6
rect:414 100 71 87 6
rect:215 78 62 29 6
rect:518 136 67 100 34
rect:108 259 54 88 33
rect:597 483 32 51 34
rect:363 209 61 60 33
rect:26 322 87 72 33
rect:478 229 86 57 6
rect:701 484 172 75 6
rect:2 410 673 203 10
rect:586 239 86 52 33
Bingol2003_02.jpg 0x0
rect:602 418 82 74 26
rect:459 276 310 172 35
rect:403 414 109 105 6
rect:159 112 434 153 34
rect:146 619 200 191 32
rect:201 282 951 434 31
rect:617 55 130 61 36
rect:195 346 69 439 32
Bingol2003_03.jpg 0x0
rect:385 211 270 85 11
rect:819 290 342 579 4
rect:84 40 106 123 33
rect:464 219 398 122 2
rect:710 457 220 289 2
rect:791 -8 232 192 4
rect:116 26 193 37 2
Bingol2003_04.jpg 0x0
rect:134 758 25 85 3
rect:186 538 318 213 2
rect:184 636 23 105 3
rect:84 472 88 94 2
rect:103 805 25 54 3
rect:188 519 37 140 3
rect:252 216 147 182 4
rect:417 553 135 60 2
CanterburyNZSeries2010_01.jpg 0x0
rect:122 129 159 352 12
CanterburyNZSeries2010_02.jpg 0x0
rect:38 9 245 265 37
rect:68 48 208 177 6
CanterburyNZSeries2010_03.jpg 0x0
rect:32 83 462 113 38
CanterburyNZSeries2010_04.jpg 0x0
rect:228 532 25 50 40
rect:154 530 84 308 41
rect:294 311 23 55 40
rect:368 368 17 53 40
rect:178 388 23 113 40
rect:293 11 75 169 42
rect:398 438 58 118 40
rect:172 227 246 339 39
CanterburyNZSeries2010_05.jpg 0x0
rect:336 245 105 79 15
rect:279 413 163 271 4
CanterburyNZSeries2010_06.jpg 0x0
rect:256 207 175 112 2
rect:59 126 990 397 4
CanterburyNZSeries2010_08.jpg 0x0
rect:616 550 38 121 32
rect:425 135 178 206 43
rect:647 350 129 164 44
rect:1024 430 48 121 44
CanterburyNZSeries2010_09.jpg 0x0
rect:270 88 154 171 45
rect:203 356 158 410 39
CanterburyNZSeries2010_10.jpg 0x0
rect:350 397 152 93 46
rect:211 330 453 297 6
rect:275 446 179 138 6
rect:355 207 221 140 7
CanterburyNZSeries2010_11.jpg 0x0
rect:413 360 357 227 5
rect:294 225 218 151 7
CanterburyNZSeries2010_12.jpg 0x0
rect:129 446 129 62 11
rect:5 326 1071 322 47
rect:62 255 588 343 2
rect:391 332 167 68 11
CanterburyNZSeries2010_13.jpg 0x0
rect:114 17 323 796 12
rect:502 193 122 484 11
Caracas1967_01.jpg 0x0
rect:278 125 89 116 48
rect:295 161 11 60 48
rect:464 72 219 257 48
rect:266 137 31 122 48
Caracas1967_02.jpg 0x0
rect:169 1 117 204 15
rect:148 211 140 303 51
rect:156 307 45 83 49
rect:116 426 41 36 50
Caracas1967_03.jpg 0x0
rect:308 282 110 177 34
rect:15 356 264 72 6
rect:403 291 30 135 27
rect:339 367 32 67 27
rect:378 445 68 58 26
rect:342 92 60 81 14
Caracas1967_04.jpg 0x0
rect:142 272 25 106 27
rect:162 377 206 118 34
rect:110 464 65 119 26
Caracas1967_05.jpg 0x0
rect:112 278 41 199 40
rect:176 319 144 201 52
rect:259 202 52 201 40
rect:220 242 53 184 40
rect:66 233 53 240 40
rect:379 149 37 206 40
rect:28 95 389 523 48
rect:42 147 393 402 41
rect:75 265 216 138 52
rect:286 258 47 147 40
Caracas1967_06.jpg 0x0
rect:399 127 360 259 7
rect:289 211 72 61 6
Caracas1967_07.jpg 0x0
rect:522 486 111 84 53
rect:245 127 221 172 34
rect:443 308 111 95 53
rect:386 61 24 210 27
rect:486 191 139 328 34
rect:471 8 125 370 34
rect:265 176 38 161 27
Caracas1967_08.jpg 0x0
rect:254 323 86 131 55
rect:282 234 78 84 54
rect:369 177 74 106 54
Caracas1967_09.jpg 0x0
rect:208 158 94 59 48
rect:89 163 52 67 48
rect:25 190 50 69 48
rect:532 13 199 183 48
Caracas1967_10.jpg 0x0
rect:29 274 206 263 41
rect:254 207 60 174 40
rect:448 263 82 166 40
rect:18 139 575 332 48
Caracas1967_11.jpg 0x0
rect:43 182 270 487 41
rect:278 18 142 295 41
rect:57 18 555 889 48
Caracas1967_12.jpg 0x0
rect:634 338 38 52 34
rect:862 348 29 72 32
rect:909 277 23 60 32
rect:309 369 20 35 56
Caracas1967_13.jpg 0x0
rect:169 455 171 175 55
Caracas1967_14.jpg 0x0
rect:146 100 483 186 57
rect:186 233 352 50 6
Chichi1999_01.jpg 0x0
rect:4 8 753 159 58
rect:356 175 55 248 42
Chichi1999_02.jpg 0x0
rect:314 120 184 373 59
rect:6 92 412 113 58
Chichi1999_03.jpg 0x0
rect:0 127 981 223 58
rect:99 176 74 99 60
Chichi1999_04.jpg 0x0
rect:268 -12 61 156 48
rect:194 213 81 330 48
rect:204 270 35 79 52
Chichi1999_05.jpg 0x0
rect:379 230 31 29 41
rect:408 151 49 71 52
rect:287 88 72 255 48
rect:400 139 52 71 41
Chichi1999_06.jpg 0x0
rect:261 240 22 31 52
rect:656 -12 104 79 61
rect:598 218 35 44 41
rect:185 15 458 201 10
rect:410 140 59 57 62
rect:257 232 58 109 48
Chichi1999_07.jpg 0x0
rect:307 225 44 161 48
rect:198 216 50 138 48
rect:61 157 633 181 63
rect:283 303 34 41 64
rect:428 227 17 21 64
rect:155 138 24 38 64
rect:534 269 49 106 48
Chichi1999_08.jpg 0x0
rect:132 18 666 505 10
Chichi1999_09.jpg 0x0
rect:200 71 128 90 41
rect:186 99 36 86 40
rect:236 77 187 142 48
rect:200 69 69 61 40
Chichi1999_10.jpg 0x0
rect:142 19 632 513 10
Chichi1999_11.jpg 0x0
rect:118 196 100 117 65
rect:2 157 240 468 10
Chichi1999_12.jpg 0x0
rect:10 32 510 470 66
Chichi1999_13.jpg 0x0
rect:28 35 651 469 10
Chichi1999_14.jpg 0x0
rect:131 435 68 61 67
rect:284 196 22 49 67
rect:133 573 21 33 67
rect:284 351 35 42 39
rect:180 240 110 50 67
rect:224 434 38 38 67
rect:169 244 35 67 67
rect:97 257 39 58 67
rect:131 325 34 75 67
rect:82 359 29 52 67
rect:460 391 31 37 67
rect:293 693 76 70 67
rect:191 575 21 37 67
rect:94 591 58 53 67
rect:362 300 22 31 39
rect:209 364 29 25 39
rect:295 402 21 44 39
Chichi1999_15.jpg 0x0
rect:292 37 214 478 41
Chichi1999_16.jpg 0x0
rect:138 100 79 99 32
Chichi1999_17.jpg 0x0
rect:102 244 24 50 32
Chichi1999_18.jpg 0x0
rect:183 216 18 155 69
rect:117 182 138 544 68
rect:226 329 58 138 70
rect:339 265 40 159 69
rect:175 234 28 167 69
rect:129 313 46 90 69
Chichi1999_19.jpg 0x0
rect:169 15 323 285 2
rect:275 104 141 310 3
YogyakartaInd2006_03.jpg 0x0
rect:395 75 153 58 15
rect:215 551 62 21 16
rect:178 357 320 178 71
rect:315 22 116 2 15
rect:370 69 88 44 16
rect:281 181 87 37 15
rect:318 145 28 7 16
rect:279 538 190 23 15
Chichi1999_20.jpg 0x0
rect:340 333 69 175 41
rect:158 179 77 303 42
Chichi1999_21.jpg 0x0
rect:211 373 142 126 37
rect:262 124 174 342 72
rect:270 355 89 138 6
rect:394 6 115 84 57
rect:17 4 179 157 30
rect:372 105 170 154 6
rect:69 463 205 89 5
rect:337 39 196 203 37
Chichi1999_22.jpg 0x0
rect:318 279 14 18 73
rect:217 224 17 20 73
rect:283 143 255 201 10
rect:235 240 17 22 73
Chichi1999_23.jpg 0x0
rect:250 327 91 85 73
rect:195 134 29 27 34
rect:312 153 30 29 27
rect:4 91 343 203 74
rect:117 240 34 79 34
rect:239 235 33 43 73
rect:167 190 47 44 73
rect:209 240 31 29 26
rect:219 366 39 71 34
rect:82 361 46 86 73
Chichi1999_24.jpg 0x0
rect:330 412 1 2 46
rect:219 256 61 64 34
rect:281 190 48 71 46
rect:205 212 169 99 75
rect:3 364 225 179 74
Chichi1999_25.jpg 0x0
rect:111 225 135 422 73
rect:222 233 121 206 34
rect:166 230 47 79 26
Chichi1999_26.jpg 0x0
rect:154 603 103 143 27
rect:286 180 68 82 73
rect:175 21 57 22 73
rect:157 591 94 70 26
rect:111 722 143 119 73
rect:214 251 91 435 76
Chichi1999_27.jpg 0x0
rect:190 183 81 398 32
Chichi1999_28.jpg 0x0
rect:401 114 140 290 75
rect:127 86 112 266 5
rect:21 83 212 166 6
rect:208 303 309 149 77
Chichi1999_29.jpg 0x0
rect:151 164 172 272 48
rect:188 293 92 132 52
rect:231 286 111 166 40
Chichi1999_30.jpg 0x0
rect:214 133 312 261 40
rect:269 178 246 55 78
rect:29 197 121 154 73
rect:183 146 198 90 52
Chichi1999_31.jpg 0x0
rect:143 99 157 222 79
rect:371 123 58 250 48
Chichi1999_32.jpg 0x0
rect:200 44 43 176 81
rect:606 134 40 228 39
rect:224 275 44 110 81
rect:179 10 128 356 80
Chichi1999_33.jpg 0x0
rect:159 114 49 86 49
rect:70 46 155 439 33
rect:144 98 80 233 32
rect:216 101 89 374 32
rect:363 126 50 105 49
rect:191 92 127 217 56
Chichi1999_34.jpg 0x0
rect:99 79 332 336 10
Duzce1999_01.jpg 0x0
rect:115 49 112 232 39
rect:153 125 85 164 41
Duzce1999_02.jpg 0x0
rect:107 59 136 523 41
Duzce1999_03.jpg 0x0
rect:269 144 110 346 31
rect:0 134 137 212 31
rect:86 75 144 265 42
Gediz1970_01.jpg 0x0
rect:168 98 215 399 68
rect:166 313 89 362 69
rect:272 526 89 181 69
Guatemala1976_01.jpg 0x0
rect:563 99 105 125 48
rect:54 133 121 122 48
rect:44 125 51 49 41
rect:497 113 68 65 41
rect:23 130 499 225 82
rect:48 146 48 46 52
Guatemala1976_02.jpg 0x0
rect:124 89 362 287 48
rect:184 51 97 100 40
Guatemala1976_03.jpg 0x0
rect:20 102 671 236 75
Guatemala1976_04.jpg 0x0
rect:41 86 457 183 30
rect:114 18 430 88 30
rect:603 130 105 447 4
rect:506 340 106 302 4
Guatemala1976_05.jpg 0x0
rect:153 165 380 182 40
rect:124 95 409 403 48
rect:243 167 339 109 41
Guatemala1976_06.jpg 0x0
rect:147 104 249 517 39
Guatemala1976_07.jpg 0x0
rect:21 180 387 317 10
rect:193 504 146 73 83
rect:24 205 61 47 6
Guatemala1976_08.jpg 0x0
rect:121 38 274 552 48
rect:253 63 162 246 40
rect:173 76 421 481 41
Guatemala1976_09.jpg 0x0
rect:427 242 86 28 85
rect:116 314 30 28 85
rect:475 360 67 91 84
rect:129 276 32 25 84
rect:62 255 28 19 84
rect:836 305 65 58 85
rect:128 182 71 77 85
rect:323 355 73 51 84
Guatemala1976_10.jpg 0x0
rect:376 401 43 128 87
rect:248 161 287 271 86
rect:255 108 267 128 87
Guatemala1976_11.jpg 0x0
rect:141 224 102 193 34
GujaratIndia2001_01.jpg 0x0
rect:88 595 69 43 2
rect:25 391 220 151 4
rect:159 438 302 91 2
rect:374 431 63 74 11
Haiti2010_01.jpg 0x0
rect:152 57 140 93 7
rect:370 470 241 153 4
rect:311 110 131 409 41
rect:217 365 32 136 40
rect:490 280 144 143 4
Haiti2010_02.jpg 0x0
rect:40 122 585 251 88
rect:352 30 134 56 14
Haiti2010_03.jpg 0x0
rect:280 1 53 710 32
rect:238 522 53 72 49
rect:263 643 283 205 89
rect:242 493 141 249 32
Haiti2010_04.jpg 0x0
rect:202 297 224 606 41
rect:2 156 315 128 6
rect:275 56 187 349 34
Haiti2010_05.jpg 0x0
rect:335 177 36 87 40
rect:259 178 29 96 40
rect:255 193 180 146 52
rect:327 127 244 552 90
Haiti2010_06.jpg 0x0
rect:416 152 78 30 6
rect:345 237 67 256 32
rect:419 163 153 378 33
rect:140 335 383 416 91
rect:156 286 50 40 34
rect:702 215 597 922 91
rect:524 195 81 83 34
ImperialValley1979_01.jpg 0x0
rect:12 324 96 80 49
rect:40 381 74 114 50
rect:449 425 43 56 32
rect:347 408 31 40 50
rect:633 238 28 18 49
rect:650 292 38 43 32
rect:10 401 144 93 32
rect:603 326 22 22 49
rect:540 283 44 37 32
rect:410 277 53 77 50
rect:472 440 54 22 49
ImperialValley1979_02.jpg 0x0
rect:396 210 62 142 50
rect:267 113 224 217 32
rect:209 237 114 54 49
rect:131 95 86 246 50
rect:156 170 207 65 92
rect:330 126 90 218 50
ImperialValley1979_03.jpg 0x0
rect:188 208 233 125 32
rect:222 373 61 106 50
rect:110 381 267 40 92
rect:292 308 70 135 50
rect:111 297 267 240 32
rect:98 185 84 231 50
rect:148 442 203 33 92
Izmit1999_01.jpg 0x0
rect:259 161 55 184 27
rect:188 97 441 287 34
rect:458 209 50 52 26
rect:272 121 69 138 27
rect:287 317 31 78 27
Izmit1999_02.jpg 0x0
rect:23 81 663 224 10
Izmit1999_03.jpg 0x0
rect:163 57 276 444 32
rect:382 86 62 307 50
rect:218 166 36 212 50
rect:491 109 27 203 50
rect:338 94 51 216 50
rect:186 224 394 44 92
rect:207 52 522 393 93
rect:119 69 62 222 50
Izmit1999_04.jpg 0x0
rect:420 82 81 92 41
rect:127 440 152 153 88
rect:72 530 69 84 41
rect:407 291 71 63 41
rect:420 284 14 44 40
rect:70 543 35 67 42
rect:187 309 171 91 88
rect:323 74 104 72 48
rect:44 385 62 58 34
rect:458 467 16 77 40
Izmit1999_05.jpg 0x0
rect:105 22 621 364 10
Izmit1999_06.jpg 0x0
rect:125 195 105 68 49
rect:157 192 51 197 50
rect:144 270 89 240 50
rect:283 177 60 115 50
rect:110 289 84 200 50
rect:95 163 228 437 32
Izmit1999_07.jpg 0x0
rect:308 153 68 90 3
rect:218 409 48 155 3
rect:26 84 311 633 2
rect:432 61 92 49 6
rect:325 248 95 380 4
rect:186 266 32 80 3
rect:195 161 38 97 3
Izmit1999_08.jpg 0x0
rect:168 150 96 109 41
rect:598 5 106 88 45
rect:206 312 211 127 88
rect:599 60 92 68 41
rect:189 451 94 79 45
rect:179 19 114 117 34
rect:468 69 46 35 52
Izmit1999_09.jpg 0x0
rect:252 279 106 115 41
rect:698 243 64 63 41
rect:360 211 127 100 94
rect:62 260 31 66 41
rect:450 312 61 81 94
rect:353 167 45 29 41
Izmit1999_10.jpg 0x0
rect:379 587 97 35 78
rect:57 189 112 218 40
rect:112 157 80 327 40
rect:103 121 272 364 41
rect:212 511 38 85 40
rect:37 153 473 34 78
rect:169 522 147 45 78
rect:284 378 69 110 40
rect:93 352 209 50 78
rect:257 86 148 141 40
rect:191 218 57 192 40
Izmit1999_11.jpg 0x0
rect:224 457 154 133 41
rect:167 157 171 159 41
rect:379 352 59 230 40
rect:201 278 76 167 40
rect:163 295 85 134 40
Izmit1999_12.jpg 0x0
rect:336 197 127 184 94
rect:253 297 43 105 52
rect:388 207 75 155 41
rect:436 114 53 83 41
rect:119 172 102 59 88
rect:541 180 72 71 41
rect:66 305 48 127 94
rect:73 298 35 53 40
rect:17 77 45 24 6
rect:296 82 43 67 45
rect:118 93 45 17 6
rect:206 163 46 28 6
rect:582 170 228 258 91
rect:63 356 56 60 52
rect:568 20 98 69 34
rect:346 156 85 58 7
rect:1 190 32 42 41
rect:303 172 30 132 42
Izmit1999_13.jpg 0x0
rect:4 78 107 148 42
rect:90 137 73 48 6
rect:252 91 228 319 48
rect:143 263 39 110 41
rect:241 335 40 99 41
rect:135 226 74 166 94
rect:289 85 69 117 41
rect:120 241 83 68 52
rect:307 189 91 266 41
Izmit1999_14.jpg 0x0
rect:280 39 71 60 95
rect:373 96 91 67 34
rect:415 425 29 23 34
rect:569 303 84 45 34
rect:340 228 80 48 34
rect:455 8 189 78 35
rect:307 124 74 58 35
rect:357 302 32 28 34
rect:60 123 113 62 34
Izmit1999_15.jpg 0x0
rect:177 130 228 390 42
Izmit1999_16.jpg 0x0
rect:127 137 151 122 41
rect:65 80 305 467 33
rect:95 81 266 381 39
rect:268 126 47 117 40
Izmit1999_17.jpg 0x0
rect:117 90 178 281 41
Izmit1999_18.jpg 0x0
rect:228 213 91 112 41
rect:192 161 176 327 39
Izmit1999_19.jpg 0x0
rect:297 172 276 209 32
rect:521 161 36 75 50
rect:425 185 24 83 50
rect:318 78 194 334 96
Kobe1995_01.jpg 0x0
rect:28 108 863 199 63
Kobe1995_02.jpg 0x0
rect:2 78 523 600 68
Kobe1995_03.jpg 0x0
rect:43 70 634 664 10
Kobe1995_04.jpg 0x0
rect:344 267 61 68 41
Kobe1995_05.jpg 0x0
rect:3 212 128 511 40
rect:357 109 176 508 40
rect:182 172 191 535 52
rect:83 597 253 89 78
rect:34 299 388 71 78
Kobe1995_06.jpg 0x0
rect:64 157 455 401 41
rect:164 303 394 435 42
Kobe1995_07.jpg 0x0
rect:41 232 51 35 39
rect:216 594 48 27 39
rect:186 145 20 42 39
rect:315 267 33 34 39
rect:308 493 58 36 39
rect:508 269 47 30 39
rect:55 345 28 49 39
rect:252 159 22 36 39
rect:461 258 42 43 39
rect:456 228 30 39 39
rect:171 359 28 38 39
rect:252 256 29 48 39
rect:124 384 35 40 39
rect:229 297 38 31 39
rect:220 309 32 41 39
rect:186 205 51 52 39
rect:130 351 40 30 39
rect:266 217 34 43 39
rect:368 192 52 29 39
rect:213 190 29 34 39
rect:219 151 43 34 39
rect:90 281 42 35 39
rect:478 479 24 50 39
rect:321 293 30 30 39
rect:472 180 42 36 39
rect:401 172 51 59 39
Kobe1995_08.jpg 0x0
rect:253 78 477 205 97
Kobe1995_09.jpg 0x0
rect:101 626 80 81 88
rect:109 612 83 73 88
rect:237 594 151 71 97
rect:106 746 77 61 88
SanSalvador_1986_01.jpg 0x0
rect:55 3 77 302 68
rect:317 167 122 232 41
SanSalvador_1986_02.jpg 0x0
rect:193 321 27 39 41
rect:403 186 25 47 41
rect:599 313 55 46 41
rect:420 174 17 36 41
rect:153 301 28 33 41
rect:537 212 37 58 42
rect:259 196 41 34 41
rect:183 178 31 40 41
rect:378 161 44 45 41
SikkimIndia2001_01.jpg 0x0
rect:191 133 126 172 34
SikkimIndia2001_02.jpg 0x0
rect:320 207 92 37 16
rect:-18 2 342 88 33
rect:552 140 91 130 33
rect:214 76 231 302 33
rect:482 127 85 40 16
rect:483 195 85 18 16
rect:7 184 62 33 54
rect:13 6 435 66 16
SikkimIndia2001_03.jpg 0x0
rect:247 95 93 259 69
rect:215 223 67 189 70
rect:260 8 233 599 98
SikkimIndia2001_04.jpg 0x0
rect:283 158 79 187 34
rect:290 149 282 101 99
rect:3 29 227 359 99
SumatraInd2009_01.jpg 0x0
rect:256 29 44 411 81
SumatraInd2009_02.jpg 0x0
rect:250 54 243 206 41
WhittierNarrows1987_01.jpg 0x0
rect:15 28 593 477 10
WhittierNarrows1987_02.jpg 0x0
rect:203 225 121 266 41
WhittierNarrows1987_03.jpg 0x0
rect:204 115 118 348 32
WhittierNarrows1987_04.jpg 0x0
rect:280 11 288 185 100
rect:153 9 384 59 6
rect:252 46 125 158 41
YogyakartaInd2006_01.jpg 0x0
rect:224 -27 399 378 29
rect:230 166 313 76 49
rect:194 41 387 224 32
YogyakartaInd2006_02.jpg 0x0
rect:409 54 114 468 98
rect:356 113 45 262 69
rect:301 134 52 221 70
