Anchorage1964_01.jpg 0x0
rect:85 327 159 230 1
rect:126 7 167 180 1
Anchorage1964_02.jpg 0x0
rect:122 276 25 24 6
rect:265 28 171 86 4
rect:99 29 69 11 6
rect:318 276 25 54 3
rect:405 259 104 76 4
rect:48 30 115 41 5
rect:295 276 28 52 3
rect:98 136 52 46 7
rect:636 255 12 44 3
rect:122 160 61 19 6
rect:667 56 121 99 8
rect:153 89 116 94 4
rect:174 231 295 90 2
rect:249 344 22 87 3
rect:252 276 22 47 3
rect:32 269 162 55 5
rect:553 269 15 67 3
rect:378 221 18 54 3
rect:296 330 31 56 3
Anchorage1964_03.jpg 0x0
rect:0 207 518 71 10
rect:178 61 281 205 9
rect:2 254 221 99 9
Anchorage1964_04.jpg 0x0
rect:123 380 30 22 5
rect:233 442 23 29 1
rect:201 350 35 19 5
rect:300 396 21 27 1
rect:432 242 24 13 5
rect:219 412 28 16 5
rect:305 210 13 38 1
rect:363 285 19 29 1
rect:290 183 15 30 1
rect:364 402 29 23 5
rect:430 558 30 12 5
rect:273 24 36 19 5
rect:324 180 39 19 5
rect:441 306 21 21 5
rect:339 167 43 15 5
rect:156 101 30 18 5
rect:352 224 19 17 1
rect:271 269 19 19 8
rect:270 231 25 19 5
rect:176 67 39 13 5
rect:205 278 20 17 1
rect:160 184 25 28 5
rect:338 474 31 20 5
rect:367 150 19 39 1
rect:129 273 22 16 5
rect:258 83 22 13 5
rect:291 138 40 17 5
rect:201 601 72 20 2
rect:138 330 29 21 5
rect:178 274 28 14 5
rect:144 232 33 20 5
rect:221 359 12 20 1
rect:349 321 9 1 1
rect:138 28 25 17 5
rect:205 125 27 18 5
rect:267 75 44 17 5
rect:418 337 18 21 5
rect:184 368 24 18 1
rect:237 165 17 22 1
Anchorage1964_05.jpg 0x0
rect:364 121 40 75 1
rect:32 484 27 62 1
rect:430 331 52 67 8
rect:643 422 46 15 6
rect:50 367 18 61 1
rect:559 239 57 46 1
rect:340 218 177 67 2
rect:408 168 27 16 11
rect:43 175 13 46 1
rect:101 318 25 52 1
rect:65 188 23 56 1
rect:712 440 70 44 5
rect:59 58 29 44 1
rect:421 30 45 66 1
rect:59 268 22 33 1
rect:496 108 28 47 1
rect:111 120 18 43 1
rect:108 21 19 47 1
rect:167 30 134 47 6
rect:462 149 44 23 11
rect:160 140 103 23 5
rect:457 298 34 21 6
rect:231 44 75 23 5
rect:583 297 54 72 1
rect:363 1 31 46 1
rect:134 139 139 48 6
rect:628 287 33 51 8
rect:426 87 51 51 1
rect:451 231 65 42 5
Anchorage1964_06.jpg 0x0
rect:189 165 102 308 3
rect:93 71 193 491 12
rect:202 301 65 101 11
Anchorage1964_07.jpg 0x0
rect:7 425 378 23 14
rect:555 237 72 66 11
rect:330 141 50 119 13
rect:315 330 367 159 2
rect:244 103 46 147 3
rect:12 275 234 40 11
rect:274 2 90 50 2
rect:334 124 154 186 11
rect:8 60 611 428 2
Anchorage1964_08.jpg 0x0
rect:52 483 105 137 1
rect:60 84 128 157 1
rect:395 459 95 103 1
rect:70 218 103 121 1
rect:338 36 79 76 1
rect:352 226 121 134 1
Anchorage1964_09.jpg 0x0
rect:20 182 15 10 16
rect:727 11 103 11 16
rect:327 6 374 12 15
rect:169 180 331 14 15
rect:717 93 113 19 15
rect:87 147 74 51 1
rect:376 150 86 24 15
rect:13 19 291 12 15
rect:730 205 1 1 16
rect:11 140 112 24 15
rect:727 139 101 67 1
rect:139 321 87 73 8
rect:374 25 100 59 8
rect:11 19 48 15 16
rect:359 181 50 63 1
rect:92 34 84 92 8
rect:65 179 53 12 16
rect:189 185 67 57 1
rect:518 256 63 64 8
Anchorage1964_10.jpg 0x0
rect:180 222 127 101 17
rect:201 206 185 70 18
rect:79 523 231 112 18
rect:73 212 358 263 1
Anchorage1964_11.jpg 0x0
rect:58 454 583 10 14
rect:76 133 577 70 2
rect:286 180 405 22 15
rect:155 63 212 143 4
rect:569 9 131 47 1
rect:238 168 210 27 11
rect:786 133 202 104 1
rect:108 493 627 25 14
Anchorage1964_12.jpg 0x0
rect:355 115 65 236 3
rect:156 153 38 128 3
rect:502 102 148 159 11
rect:15 68 533 270 2
rect:378 85 42 225 3
Anchorage1964_13.jpg 0x0
rect:483 581 114 14 19
rect:347 680 158 19 2
rect:395 320 35 153 20
Anchorage1964_14.jpg 0x0
rect:429 243 179 42 15
rect:293 14 62 182 11
rect:54 645 49 79 22
rect:26 586 35 63 22
rect:405 7 80 101 11
rect:10 526 254 110 11
rect:169 379 93 62 21
rect:207 17 134 793 20
rect:68 275 106 33 15
rect:383 488 202 57 23
rect:142 446 49 48 22
rect:134 524 37 58 22
Anchorage1964_15.jpg 0x0
rect:324 414 169 55 2
rect:315 9 84 62 4
rect:165 291 186 30 15
rect:182 162 44 82 11
rect:193 72 71 435 20
rect:282 97 41 87 25
rect:439 275 171 57 11
rect:235 11 56 55 4
rect:270 231 120 29 24
Anchorage1964_16.jpg 0x0
rect:14 100 245 189 2
rect:14 362 74 101 2
rect:102 244 104 78 11
rect:172 106 213 129 2
rect:633 235 188 202 2
rect:144 170 266 181 11
Anchorage1964_17.jpg 0x0
rect:10 268 729 237 10
rect:315 59 206 155 9
rect:12 134 319 132 9
Anchorage1964_18.jpg 0x0
rect:328 360 96 21 2
rect:561 128 142 112 4
rect:116 356 101 39 11
rect:402 122 102 82 4
rect:171 251 21 50 11
rect:311 330 45 44 11
rect:713 345 71 19 2
rect:128 229 57 91 4
rect:455 351 394 35 15
rect:627 281 42 15 2
Anchorage1964_19.jpg 0x0
rect:430 233 9 27 26
rect:504 284 18 25 26
rect:620 109 52 32 28
rect:331 334 14 33 26
rect:468 131 6 18 26
rect:28 275 31 83 27
rect:404 303 31 30 28
rect:493 119 22 49 29
rect:449 138 23 32 26
rect:217 91 34 27 27
rect:7 274 72 120 26
rect:292 299 53 63 26
rect:252 93 41 62 26
rect:400 142 18 35 26
rect:780 142 10 6 26
rect:463 94 52 100 29
rect:536 168 6 14 26
rect:368 79 88 127 29
Anchorage1964_20.jpg 0x0
rect:236 393 81 119 26
rect:209 116 96 42 27
rect:625 383 51 64 26
rect:159 105 115 84 26
rect:212 92 148 124 29
Anchorage1964_21.jpg 0x0
rect:157 142 689 165 30
rect:41 317 28 27 26
rect:-5 56 83 207 29
rect:2 116 59 44 26
Bingol2003_01.jpg 0x0
rect:146 191 88 70 33
rect:502 260 177 149 31
rect:2 355 701 331 10
rect:284 459 131 111 6
rect:29 181 55 69 33
rect:983 281 117 46 33
rect:511 360 60 188 32
rect:475 292 55 55 34
rect:596 379 74 45 6
rect:266 252 86 53 33
rect:660 103 212 137 31
rect:803 395 66 37 33
rect:559 201 96 89 33
rect:520 363 197 52 6
rect:175 101 98 29 6
rect:636 312 53 63 6
rect:392 96 85 58 6
rect:701 128 76 101 6
rect:333 146 61 82 34
Bingol2003_02.jpg 0x0
rect:500 310 520 168 35
rect:120 75 362 129 34
rect:306 352 79 74 6
rect:292 213 586 482 31
rect:113 593 121 265 32
rect:498 340 111 76 26
rect:238 224 78 276 32
rect:606 76 114 74 36
Bingol2003_03.jpg 0x0
rect:528 321 235 497 4
rect:870 -9 293 247 4
rect:85 26 110 37 2
rect:816 361 234 289 2
rect:421 154 277 88 11
rect:113 33 158 144 33
rect:249 135 401 135 2
Bingol2003_04.jpg 0x0
rect:265 237 189 151 4
rect:298 448 84 69 2
rect:189 397 203 231 2
rect:61 623 70 84 2
rect:238 613 23 82 3
rect:89 706 24 78 3
rect:103 437 35 96 3
rect:326 504 30 120 3
CanterburyNZSeries2010_01.jpg 0x0
rect:93 139 95 269 12
CanterburyNZSeries2010_02.jpg 0x0
rect:48 42 132 221 6
rect:37 11 237 360 37
CanterburyNZSeries2010_03.jpg 0x0
rect:33 81 248 187 38
CanterburyNZSeries2010_04.jpg 0x0
rect:434 422 41 133 40
rect:143 588 85 306 41
rect:197 415 20 203 40
rect:220 8 126 224 42
rect:301 490 16 48 40
rect:329 395 33 96 40
rect:214 192 220 335 39
rect:343 390 23 35 40
CanterburyNZSeries2010_05.jpg 0x0
rect:307 193 105 119 15
rect:384 466 251 325 4
CanterburyNZSeries2010_06.jpg 0x0
rect:88 90 812 745 4
rect:243 239 180 93 2
CanterburyNZSeries2010_08.jpg 0x0
rect:605 109 227 312 43
rect:930 466 23 193 32
rect:758 470 65 94 44
rect:622 495 86 164 44
CanterburyNZSeries2010_09.jpg 0x0
rect:234 219 168 290 39
rect:257 101 132 222 45
CanterburyNZSeries2010_10.jpg 0x0
rect:162 171 265 288 6
rect:160 323 314 137 6
rect:236 228 265 159 7
rect:230 360 201 94 46
CanterburyNZSeries2010_11.jpg 0x0
rect:376 414 285 162 5
rect:355 169 257 132 7
CanterburyNZSeries2010_12.jpg 0x0
rect:5 225 652 399 47
rect:66 322 1017 319 2
rect:418 406 187 70 11
rect:207 675 150 50 11
CanterburyNZSeries2010_13.jpg 0x0
rect:197 21 473 873 12
rect:536 147 78 459 11
Caracas1967_01.jpg 0x0
rect:246 152 94 103 48
rect:248 174 53 79 48
rect:380 154 11 45 48
rect:363 88 220 269 48
Caracas1967_02.jpg 0x0
rect:332 1 112 189 15
rect:178 269 229 321 51
rect:158 266 51 78 49
rect:110 463 38 37 50
Caracas1967_03.jpg 0x0
rect:339 283 143 124 34
rect:11 450 301 70 6
rect:272 69 99 76 14
rect:241 446 39 46 27
rect:307 352 81 94 26
rect:356 459 37 112 27
Caracas1967_04.jpg 0x0
rect:95 304 157 154 34
rect:99 377 22 65 27
rect:161 464 52 111 26
Caracas1967_05.jpg 0x0
rect:341 220 39 117 40
rect:58 257 66 288 40
rect:401 160 46 275 40
rect:224 310 140 106 52
rect:53 128 303 613 41
rect:64 398 264 192 52
rect:146 337 52 160 40
rect:122 441 58 203 40
rect:38 105 522 688 48
rect:185 225 56 241 40
Caracas1967_06.jpg 0x0
rect:328 248 70 40 6
rect:418 115 327 224 7
Caracas1967_07.jpg 0x0
rect:446 210 156 186 34
rect:155 109 46 210 27
rect:454 294 102 90 53
rect:469 8 85 233 34
rect:180 113 168 224 34
rect:397 497 119 67 53
rect:456 49 31 220 27
Caracas1967_08.jpg 0x0
rect:491 249 77 172 54
rect:242 386 86 122 54
rect:253 243 81 97 55
Caracas1967_09.jpg 0x0
rect:19 225 59 54 48
rect:109 187 58 68 48
rect:157 151 83 92 48
rect:521 14 283 184 48
Caracas1967_10.jpg 0x0
rect:13 126 618 344 48
rect:320 285 65 133 40
rect:38 221 312 304 41
rect:282 442 58 222 40
Caracas1967_11.jpg 0x0
rect:57 12 377 720 48
rect:298 12 141 303 41
rect:53 270 210 604 41
Caracas1967_12.jpg 0x0
rect:746 469 25 43 32
rect:524 337 32 54 34
rect:200 346 26 33 56
rect:758 246 22 43 32
Caracas1967_13.jpg 0x0
rect:124 348 92 210 55
Caracas1967_14.jpg 0x0
rect:170 363 307 33 6
rect:117 121 746 162 57
Chichi1999_01.jpg 0x0
rect:3 8 630 118 58
rect:402 131 64 166 42
Chichi1999_02.jpg 0x0
rect:6 127 354 160 58
rect:468 101 204 367 59
Chichi1999_03.jpg 0x0
rect:98 149 70 102 60
rect:0 116 795 170 58
Chichi1999_04.jpg 0x0
rect:230 299 36 72 52
rect:230 -15 52 157 48
rect:135 217 66 390 48
Chichi1999_05.jpg 0x0
rect:314 224 39 30 41
rect:348 131 78 157 48
rect:388 142 52 51 41
rect:256 193 50 78 52
Chichi1999_06.jpg 0x0
rect:374 247 17 34 52
rect:570 154 44 51 41
rect:131 22 538 196 10
rect:432 172 44 106 48
rect:270 133 72 63 62
rect:660 -14 60 90 61
Chichi1999_07.jpg 0x0
rect:625 252 18 21 64
rect:388 256 25 46 64
rect:109 145 42 141 48
rect:68 251 541 113 63
rect:508 170 40 119 48
rect:513 176 59 108 48
rect:218 214 28 33 64
Chichi1999_08.jpg 0x0
rect:123 15 567 332 10
Chichi1999_09.jpg 0x0
rect:214 94 109 68 41
rect:253 107 50 67 40
rect:279 95 56 64 40
rect:161 85 161 175 48
Chichi1999_10.jpg 0x0
rect:220 17 574 525 10
Chichi1999_11.jpg 0x0
rect:131 232 72 91 65
rect:2 100 133 361 10
Chichi1999_12.jpg 0x0
rect:10 22 518 803 66
Chichi1999_13.jpg 0x0
rect:38 39 929 478 10
Chichi1999_14.jpg 0x0
rect:109 217 41 63 67
rect:79 422 27 39 67
rect:121 581 31 29 67
rect:129 424 21 68 67
rect:87 502 55 65 67
rect:203 215 61 53 67
rect:359 309 24 19 39
rect:346 453 97 52 67
rect:345 265 36 55 39
rect:303 347 29 31 39
rect:167 619 31 46 67
rect:126 185 26 60 67
rect:255 236 20 31 67
rect:366 436 39 39 39
rect:430 368 26 49 67
rect:193 227 34 38 67
rect:129 412 59 59 67
Chichi1999_15.jpg 0x0
rect:335 38 243 296 41
Chichi1999_16.jpg 0x0
rect:172 163 55 157 32
Chichi1999_17.jpg 0x0
rect:143 387 17 43 32
Chichi1999_18.jpg 0x0
rect:296 415 58 140 70
rect:261 422 22 123 69
rect:126 176 178 306 68
rect:177 246 32 150 69
rect:108 269 19 92 69
rect:154 191 43 108 69
Chichi1999_19.jpg 0x0
rect:209 15 339 398 2
rect:289 94 139 307 3
YogyakartaInd2006_03.jpg 0x0
rect:311 131 60 28 15
rect:401 448 57 20 16
rect:181 366 243 33 15
rect:219 356 330 144 71
rect:464 61 132 51 15
rect:369 76 104 45 16
rect:238 28 117 2 15
rect:188 126 28 7 16
Chichi1999_20.jpg 0x0
rect:303 466 51 224 41
rect:155 264 125 430 42
Chichi1999_21.jpg 0x0
rect:375 107 168 79 6
rect:55 416 199 125 5
rect:528 8 126 108 57
rect:20 4 188 165 30
rect:210 360 149 104 37
rect:250 332 68 153 6
rect:285 39 230 249 37
rect:169 92 226 274 72
Chichi1999_22.jpg 0x0
rect:388 303 20 24 73
rect:281 166 320 108 10
rect:275 171 17 22 73
rect:330 223 14 24 73
Chichi1999_23.jpg 0x0
rect:4 63 582 164 74
rect:210 200 41 26 27
rect:105 206 22 31 34
rect:150 335 50 75 73
rect:364 213 47 59 73
rect:146 111 48 63 73
rect:277 235 20 32 26
rect:149 355 53 103 34
rect:301 327 68 120 73
rect:330 215 43 72 34
Chichi1999_24.jpg 0x0
rect:257 458 1 2 46
rect:246 305 57 61 34
rect:212 168 51 70 46
rect:204 133 131 106 75
rect:3 397 328 158 74
Chichi1999_25.jpg 0x0
rect:230 287 34 72 26
rect:184 288 132 300 34
rect:179 199 237 261 73
Chichi1999_26.jpg 0x0
rect:152 661 174 135 73
rect:156 667 143 92 27
rect:149 736 84 88 26
rect:285 235 127 323 76
rect:245 202 64 100 73
rect:198 18 48 25 73
Chichi1999_27.jpg 0x0
rect:149 181 66 395 32
Chichi1999_28.jpg 0x0
rect:18 85 257 160 6
rect:171 106 149 161 5
rect:228 104 172 248 75
rect:236 203 307 110 77
Chichi1999_29.jpg 0x0
rect:272 275 120 215 40
rect:205 197 68 156 52
rect:166 207 217 302 48
Chichi1999_30.jpg 0x0
rect:29 226 83 153 73
rect:188 123 189 98 52
rect:230 270 157 43 78
rect:239 114 193 237 40
Chichi1999_31.jpg 0x0
rect:703 86 34 145 48
rect:205 100 123 300 79
Chichi1999_32.jpg 0x0
rect:156 65 58 147 81
rect:481 188 62 249 39
rect:198 6 84 376 80
rect:216 268 47 111 81
Chichi1999_33.jpg 0x0
rect:280 99 98 208 56
rect:225 65 129 296 32
rect:327 185 33 143 49
rect:136 129 82 217 32
rect:174 152 57 122 49
rect:91 76 90 592 33
Chichi1999_34.jpg 0x0
rect:123 111 368 336 10
Duzce1999_01.jpg 0x0
rect:149 59 108 329 39
rect:150 114 71 144 41
Duzce1999_02.jpg 0x0
rect:71 66 112 401 41
Duzce1999_03.jpg 0x0
rect:244 100 125 270 31
rect:0 201 95 242 31
rect:119 113 91 329 42
Gediz1970_01.jpg 0x0
rect:117 86 309 666 68
rect:100 226 79 298 69
rect:216 524 80 173 69
Guatemala1976_01.jpg 0x0
rect:70 222 59 43 52
rect:26 138 459 128 82
rect:59 126 43 52 41
rect:470 125 113 156 48
rect:381 173 44 78 41
rect:34 188 126 136 48
Guatemala1976_02.jpg 0x0
rect:186 59 370 211 48
rect:181 51 101 123 40
Guatemala1976_03.jpg 0x0
rect:13 59 621 367 75
Guatemala1976_04.jpg 0x0
rect:157 25 410 94 30
rect:45 78 507 266 30
rect:493 172 103 318 4
rect:596 356 94 198 4
Guatemala1976_05.jpg 0x0
rect:221 92 467 213 40
rect:255 206 275 128 41
rect:130 62 412 319 48
Guatemala1976_06.jpg 0x0
rect:155 77 243 450 39
Guatemala1976_07.jpg 0x0
rect:26 311 73 73 6
rect:242 591 88 76 83
rect:28 198 525 272 10
Guatemala1976_08.jpg 0x0
rect:445 71 177 296 40
rect:184 55 407 304 41
rect:120 25 324 577 48
Guatemala1976_09.jpg 0x0
rect:109 252 40 22 84
rect:128 219 64 65 85
rect:443 334 80 42 85
rect:758 387 38 61 84
rect:228 308 33 28 84
rect:519 237 72 70 85
rect:429 299 38 42 84
rect:117 285 44 33 85
Guatemala1976_10.jpg 0x0
rect:250 132 176 218 86
rect:198 125 187 141 87
rect:329 305 46 96 87
Guatemala1976_11.jpg 0x0
rect:200 301 150 272 34
GujaratIndia2001_01.jpg 0x0
rect:133 495 208 62 2
rect:260 322 57 47 11
rect:32 337 200 182 4
rect:66 529 57 35 2
Haiti2010_01.jpg 0x0
rect:171 51 139 84 7
rect:478 376 224 252 4
rect:719 272 78 137 4
rect:189 120 142 429 41
rect:338 372 30 110 40
Haiti2010_02.jpg 0x0
rect:39 115 541 256 88
rect:263 22 204 49 14
Haiti2010_03.jpg 0x0
rect:296 438 61 58 49
rect:460 1 61 452 32
rect:197 640 199 167 89
rect:190 513 201 140 32
Haiti2010_04.jpg 0x0
rect:2 192 342 160 6
rect:261 56 231 262 34
rect:156 349 338 512 41
Haiti2010_05.jpg 0x0
rect:264 274 28 105 40
rect:239 278 31 70 40
rect:303 302 125 143 52
rect:294 121 343 376 90
Haiti2010_06.jpg 0x0
rect:205 328 40 56 34
rect:307 197 99 40 6
rect:624 131 53 117 34
rect:204 288 280 386 91
rect:443 190 494 666 91
rect:504 235 78 284 32
rect:289 189 225 407 33
ImperialValley1979_01.jpg 0x0
rect:346 315 51 45 32
rect:500 361 40 45 32
rect:456 234 20 16 49
rect:17 339 72 52 49
rect:313 395 26 42 50
rect:60 250 72 121 50
rect:693 297 34 43 32
rect:378 388 47 63 50
rect:421 440 36 26 49
rect:12 388 128 138 32
rect:429 306 18 21 49
ImperialValley1979_02.jpg 0x0
rect:265 130 61 186 50
rect:449 126 99 198 50
rect:129 116 80 194 50
rect:163 128 290 82 92
rect:173 108 185 309 32
rect:189 176 100 45 49
ImperialValley1979_03.jpg 0x0
rect:233 289 60 242 50
rect:165 212 263 121 32
rect:175 351 275 222 32
rect:150 354 309 38 92
rect:165 436 102 130 50
rect:96 330 316 28 92
rect:129 247 74 277 50
Izmit1999_01.jpg 0x0
rect:198 191 45 106 27
rect:388 185 41 47 26
rect:203 106 62 130 27
rect:130 86 251 271 34
rect:250 153 39 167 27
Izmit1999_02.jpg 0x0
rect:27 101 926 271 10
Izmit1999_03.jpg 0x0
rect:148 74 50 251 50
rect:160 264 427 28 92
rect:339 74 36 219 50
rect:184 42 415 416 93
rect:289 106 40 246 50
rect:624 59 60 354 50
rect:287 145 55 179 50
rect:176 52 209 267 32
Izmit1999_04.jpg 0x0
rect:47 424 75 51 34
rect:64 323 34 107 42
rect:131 305 105 84 88
rect:81 614 191 124 88
rect:459 357 22 75 40
rect:287 380 94 101 41
rect:411 98 102 57 41
rect:57 518 51 75 41
rect:257 55 103 128 48
rect:521 460 23 60 40
Izmit1999_05.jpg 0x0
rect:87 32 732 526 10
Izmit1999_06.jpg 0x0
rect:108 192 75 205 50
rect:123 314 127 77 49
rect:79 312 59 208 50
rect:236 288 45 173 50
rect:250 346 40 126 50
rect:125 120 165 560 32
Izmit1999_07.jpg 0x0
rect:28 138 437 595 2
rect:424 105 72 100 3
rect:239 282 71 323 4
rect:426 68 127 50 6
rect:197 262 48 140 3
rect:280 266 44 68 3
rect:225 413 52 114 3
Izmit1999_08.jpg 0x0
rect:128 30 99 72 34
rect:570 79 41 39 52
rect:616 6 83 80 45
rect:115 351 111 109 45
rect:117 156 56 73 41
rect:255 317 273 86 88
rect:361 60 61 78 41
Izmit1999_09.jpg 0x0
rect:326 162 44 36 41
rect:419 224 41 73 94
rect:339 278 82 68 41
rect:61 246 36 38 41
rect:418 224 68 73 41
rect:454 258 141 81 94
Izmit1999_10.jpg 0x0
rect:264 395 63 29 78
rect:105 426 309 56 78
rect:349 134 161 120 40
rect:151 238 102 323 40
rect:290 494 49 66 40
rect:161 525 163 35 78
rect:46 259 390 58 78
rect:70 112 273 667 41
rect:290 188 52 153 40
rect:63 129 75 183 40
rect:345 422 89 134 40
Izmit1999_11.jpg 0x0
rect:205 200 134 173 41
rect:239 280 88 111 40
rect:238 527 93 119 41
rect:136 376 88 139 40
rect:411 351 101 230 40
Izmit1999_12.jpg 0x0
rect:603 175 69 61 41
rect:47 254 63 96 94
rect:280 162 32 139 42
rect:354 273 78 153 94
rect:482 178 65 59 7
rect:320 198 57 35 6
rect:159 191 71 80 88
rect:19 66 48 18 6
rect:518 24 71 57 34
rect:78 318 36 35 40
rect:1 274 25 32 41
rect:402 144 68 99 45
rect:347 221 86 129 41
rect:44 276 59 55 52
rect:69 95 41 24 6
rect:362 83 37 88 41
rect:631 131 258 171 91
rect:441 356 43 79 52
Izmit1999_13.jpg 0x0
rect:241 112 86 135 41
rect:220 91 248 246 48
rect:104 276 134 179 94
rect:168 255 22 96 41
rect:223 195 41 80 41
rect:300 124 97 161 41
rect:4 79 97 227 42
rect:139 142 55 49 6
rect:159 317 59 65 52
Izmit1999_14.jpg 0x0
rect:331 101 102 69 34
rect:38 203 84 62 34
rect:396 6 118 84 35
rect:284 416 48 29 34
rect:371 55 66 56 95
rect:504 406 59 43 34
rect:444 359 25 23 34
rect:502 343 56 32 34
rect:335 182 101 98 35
Izmit1999_15.jpg 0x0
rect:141 198 242 412 42
Izmit1999_16.jpg 0x0
rect:96 90 221 291 39
rect:161 76 30 94 40
rect:136 130 251 167 41
rect:79 67 468 542 33
Izmit1999_17.jpg 0x0
rect:111 156 172 228 41
Izmit1999_18.jpg 0x0
rect:197 117 179 343 39
rect:196 127 88 129 41
Izmit1999_19.jpg 0x0
rect:205 143 270 298 32
rect:453 171 39 76 50
rect:302 69 195 295 96
rect:528 219 25 82 50
Kobe1995_01.jpg 0x0
rect:22 179 733 164 63
Kobe1995_02.jpg 0x0
rect:2 65 639 698 68
Kobe1995_03.jpg 0x0
rect:44 53 385 705 10
Kobe1995_04.jpg 0x0
rect:369 410 55 57 41
Kobe1995_05.jpg 0x0
rect:132 112 278 385 52
rect:76 381 230 169 78
rect:3 115 140 678 40
rect:34 217 435 97 78
rect:300 119 195 350 40
Kobe1995_06.jpg 0x0
rect:238 478 290 277 42
rect:43 174 379 461 41
Kobe1995_07.jpg 0x0
rect:389 302 45 34 39
rect:233 138 34 36 39
rect:327 272 38 58 39
rect:148 155 33 46 39
rect:329 188 43 56 39
rect:154 229 38 33 39
rect:383 413 35 52 39
rect:507 337 44 49 39
rect:60 271 40 60 39
rect:136 385 36 48 39
rect:105 334 38 33 39
rect:256 273 31 43 39
rect:284 148 50 40 39
rect:46 235 50 34 39
rect:150 351 28 38 39
rect:414 128 57 39 39
rect:173 168 50 32 39
rect:198 287 45 44 39
rect:355 299 29 33 39
rect:372 262 48 43 39
rect:497 323 37 38 39
rect:237 501 41 46 39
rect:559 461 36 43 39
rect:247 214 26 25 39
rect:263 468 32 32 39
rect:91 310 34 56 39
Kobe1995_08.jpg 0x0
rect:395 60 302 213 97
Kobe1995_09.jpg 0x0
rect:83 343 94 64 88
rect:105 511 99 101 88
rect:146 419 139 61 97
rect:65 723 51 74 88
SanSalvador_1986_01.jpg 0x0
rect:54 3 123 164 68
rect:274 172 76 206 41
SanSalvador_1986_02.jpg 0x0
rect:338 240 35 41 41
rect:522 215 37 53 42
rect:325 99 20 31 41
rect:413 204 26 52 41
rect:194 305 23 41 41
rect:142 365 28 47 41
rect:147 155 28 30 41
rect:415 222 52 54 41
rect:651 333 36 38 41
SikkimIndia2001_01.jpg 0x0
rect:182 113 158 138 34
SikkimIndia2001_02.jpg 0x0
rect:382 119 82 50 16
rect:300 252 87 36 16
rect:569 179 126 22 16
rect:236 97 131 436 33
rect:10 6 348 57 16
rect:7 193 46 31 54
rect:344 116 106 139 33
rect:-19 2 500 89 33
SikkimIndia2001_03.jpg 0x0
rect:275 11 217 460 98
rect:238 157 117 219 70
rect:166 83 53 258 69
SikkimIndia2001_04.jpg 0x0
rect:3 28 213 328 99
rect:291 221 238 109 99
rect:292 121 114 165 34
SumatraInd2009_01.jpg 0x0
rect:297 22 51 296 81
SumatraInd2009_02.jpg 0x0
rect:191 82 198 196 41
WhittierNarrows1987_01.jpg 0x0
rect:18 31 1025 481 10
WhittierNarrows1987_02.jpg 0x0
rect:128 187 104 297 41
WhittierNarrows1987_03.jpg 0x0
rect:231 121 199 261 32
WhittierNarrows1987_04.jpg 0x0
rect:178 16 291 123 100
rect:240 68 108 257 41
rect:207 8 291 89 6
YogyakartaInd2006_01.jpg 0x0
rect:358 106 268 98 49
rect:210 41 376 187 32
rect:180 -21 294 555 29
YogyakartaInd2006_02.jpg 0x0
rect:404 52 140 465 98
rect:334 134 77 188 70
rect:406 138 46 209 69
