Anchorage1964_01.jpg 0x0
rect:100 487 288 222 1
rect:110 8 257 205 1
Anchorage1964_02.jpg 0x0
rect:350 326 33 46 3
rect:294 27 269 60 4
rect:439 188 24 67 3
rect:456 202 17 52 3
rect:460 309 18 71 3
rect:216 318 30 80 3
rect:341 67 114 126 8
rect:73 35 92 17 6
rect:583 233 18 40 3
rect:169 299 22 89 3
rect:29 205 153 35 5
rect:231 247 364 131 2
rect:292 345 19 55 3
rect:117 257 30 22 6
rect:43 22 112 49 5
rect:147 132 74 61 7
rect:513 213 90 75 4
rect:102 190 50 17 6
rect:211 75 82 53 4
Anchorage1964_03.jpg 0x0
rect:2 181 207 91 9
rect:204 66 450 209 9
rect:0 256 598 62 10
Anchorage1964_04.jpg 0x0
rect:368 379 16 31 1
rect:160 46 27 11 5
rect:466 352 29 23 5
rect:260 250 18 19 1
rect:411 123 39 19 5
rect:292 390 22 23 1
rect:294 198 22 21 8
rect:248 237 23 18 1
rect:123 128 23 13 5
rect:131 17 34 13 5
rect:191 137 31 20 5
rect:255 268 27 26 1
rect:231 263 9 25 1
rect:127 241 31 18 5
rect:349 235 24 15 5
rect:394 273 28 12 5
rect:166 141 26 18 5
rect:240 294 8 1 1
rect:440 165 32 19 5
rect:158 561 26 15 5
rect:230 31 22 20 5
rect:414 216 25 16 5
rect:305 206 30 14 5
rect:360 205 13 22 1
rect:299 154 19 25 1
rect:275 85 26 15 5
rect:282 187 23 22 5
rect:163 178 22 14 5
rect:214 523 51 13 2
rect:193 456 21 27 1
rect:141 493 40 19 5
rect:399 543 32 17 5
rect:162 330 27 15 5
rect:237 342 36 17 5
rect:445 296 34 19 5
rect:123 414 32 14 5
rect:271 112 16 20 1
rect:159 63 36 23 5
rect:191 183 17 26 1
Anchorage1964_05.jpg 0x0
rect:78 49 21 45 1
rect:77 70 15 44 1
rect:314 226 23 21 11
rect:449 215 34 57 8
rect:638 334 40 69 1
rect:447 318 58 32 5
rect:637 103 44 76 1
rect:439 19 35 50 1
rect:504 151 42 23 11
rect:88 307 15 44 1
rect:425 185 65 33 5
rect:216 120 136 44 6
rect:164 185 85 27 5
rect:349 1 39 46 1
rect:126 21 22 33 1
rect:450 175 49 84 1
rect:515 424 46 11 6
rect:169 51 95 40 5
rect:36 358 29 71 1
rect:559 413 44 70 8
rect:231 43 134 32 6
rect:61 208 23 50 1
rect:51 146 12 44 1
rect:311 186 148 94 2
rect:36 253 26 55 1
rect:686 170 54 23 6
rect:359 102 35 52 1
rect:565 231 41 66 1
rect:71 244 23 34 1
Anchorage1964_06.jpg 0x0
rect:115 73 256 535 12
rect:151 109 62 284 3
rect:168 225 56 102 11
Anchorage1964_07.jpg 0x0
rect:323 144 119 142 11
rect:522 185 57 77 11
rect:7 313 465 39 14
rect:19 219 191 44 11
rect:283 138 42 93 3
rect:245 244 267 261 2
rect:7 48 651 418 2
rect:183 2 99 49 2
rect:415 199 41 108 13
Anchorage1964_08.jpg 0x0
rect:51 78 155 82 1
rect:251 255 148 115 1
rect:403 628 138 124 1
rect:227 40 128 116 1
rect:46 256 86 75 1
rect:36 427 134 123 1
Anchorage1964_09.jpg 0x0
rect:545 121 158 19 15
rect:686 109 77 82 1
rect:327 173 83 81 1
rect:115 42 100 67 8
rect:17 13 533 17 15
rect:563 329 55 64 8
rect:13 19 44 14 16
rect:395 30 61 58 8
rect:126 135 84 93 1
rect:289 195 61 64 1
rect:314 8 235 14 15
rect:565 12 133 11 16
rect:14 101 91 23 15
rect:189 135 257 11 15
rect:105 333 59 73 8
rect:558 146 92 18 15
rect:725 202 1 1 16
rect:12 169 16 10 16
rect:69 193 62 11 16
Anchorage1964_10.jpg 0x0
rect:58 255 403 418 1
rect:188 299 85 124 17
rect:64 518 276 143 18
rect:210 156 165 71 18
Anchorage1964_11.jpg 0x0
rect:85 382 489 12 14
rect:622 6 106 28 1
rect:133 195 532 74 2
rect:112 422 497 15 14
rect:364 285 330 42 11
rect:169 81 159 115 4
rect:223 224 359 19 15
rect:669 108 113 91 1
Anchorage1964_12.jpg 0x0
rect:415 91 40 262 3
rect:212 147 20 129 3
rect:417 94 227 167 11
rect:364 74 63 219 3
rect:11 96 646 203 2
Anchorage1964_13.jpg 0x0
rect:298 403 93 14 19
rect:326 365 200 20 2
rect:457 507 41 199 20
Anchorage1964_14.jpg 0x0
rect:24 497 29 43 22
rect:249 404 203 60 23
rect:12 713 260 103 11
rect:238 194 192 46 15
rect:215 210 89 104 21
rect:40 570 56 54 22
rect:62 315 145 36 15
rect:431 7 74 114 11
rect:332 12 55 208 11
rect:129 659 42 55 22
rect:219 13 123 540 20
rect:77 656 45 74 22
Anchorage1964_15.jpg 0x0
rect:490 265 105 46 11
rect:209 148 49 112 25
rect:304 615 198 57 2
rect:213 223 189 49 15
rect:307 11 103 72 4
rect:282 112 29 60 11
rect:213 94 82 404 20
rect:181 11 101 63 4
rect:418 200 93 45 24
Anchorage1964_16.jpg 0x0
rect:265 272 246 256 11
rect:422 290 112 220 2
rect:102 234 61 75 11
rect:149 77 262 99 2
rect:13 113 227 154 2
rect:12 384 79 69 2
Anchorage1964_17.jpg 0x0
rect:9 86 335 157 9
rect:9 262 652 225 10
rect:341 43 260 248 9
Anchorage1964_18.jpg 0x0
rect:450 315 440 31 15
rect:162 144 51 90 4
rect:357 395 101 19 2
rect:782 306 64 22 2
rect:108 344 21 61 11
rect:346 234 34 19 2
rect:423 113 109 71 4
rect:421 205 119 72 4
rect:357 189 34 59 11
rect:106 291 91 52 11
Anchorage1964_19.jpg 0x0
rect:6 252 84 160 26
rect:417 304 27 46 28
rect:513 175 21 49 26
rect:495 162 9 14 26
rect:316 229 10 26 26
rect:461 143 19 60 29
rect:558 161 15 35 26
rect:375 311 38 92 26
rect:544 190 8 9 26
rect:232 86 47 142 29
rect:499 116 31 22 26
rect:438 172 55 46 28
rect:423 124 34 36 27
rect:33 318 35 70 27
rect:289 90 42 70 29
rect:575 116 6 16 26
rect:547 154 13 42 26
rect:233 112 56 60 26
Anchorage1964_20.jpg 0x0
rect:203 90 149 141 29
rect:202 426 63 143 26
rect:197 136 64 44 27
rect:256 124 90 81 26
rect:386 526 55 56 26
Anchorage1964_21.jpg 0x0
rect:2 65 58 38 26
rect:36 394 26 24 26
rect:-7 52 67 125 29
rect:138 190 415 153 30
Bingol2003_01.jpg 0x0
rect:500 145 103 98 6
rect:550 596 209 88 6
rect:316 355 132 85 6
rect:29 215 89 64 33
rect:178 68 82 32 6
rect:500 367 70 211 32
rect:1015 361 90 37 33
rect:285 183 94 90 33
rect:2 449 894 246 10
rect:546 288 81 72 33
rect:603 164 76 87 33
rect:469 285 46 75 6
rect:610 103 88 91 6
rect:188 236 49 72 33
rect:706 69 200 180 31
rect:591 205 186 212 31
rect:436 264 45 146 34
rect:344 337 53 66 34
rect:595 304 89 54 6
Bingol2003_02.jpg 0x0
rect:294 308 726 399 31
rect:635 303 95 101 26
rect:166 261 87 332 32
rect:131 656 130 257 32
rect:873 77 156 60 36
rect:363 366 87 88 6
rect:195 113 474 146 34
rect:463 212 389 160 35
Bingol2003_03.jpg 0x0
rect:561 263 297 552 4
rect:416 253 226 60 11
rect:370 135 383 140 2
rect:851 552 343 274 2
rect:593 -8 302 287 4
rect:121 41 94 119 33
rect:88 19 129 33 2
Bingol2003_04.jpg 0x0
rect:241 414 29 84 3
rect:108 413 23 77 3
rect:278 301 145 149 4
rect:68 637 24 64 3
rect:81 443 80 75 2
rect:414 752 151 55 2
rect:183 406 50 122 3
rect:196 505 234 170 2
CanterburyNZSeries2010_01.jpg 0x0
rect:90 97 122 238 12
CanterburyNZSeries2010_02.jpg 0x0
rect:43 39 149 268 6
rect:32 11 187 298 37
CanterburyNZSeries2010_03.jpg 0x0
rect:35 60 431 113 38
CanterburyNZSeries2010_04.jpg 0x0
rect:322 9 91 122 42
rect:209 408 25 153 40
rect:223 402 83 304 41
rect:275 358 13 73 40
rect:347 302 28 77 40
rect:249 317 186 319 39
rect:292 314 42 137 40
rect:335 534 28 61 40
CanterburyNZSeries2010_05.jpg 0x0
rect:329 464 148 385 4
rect:374 213 126 77 15
CanterburyNZSeries2010_06.jpg 0x0
rect:252 198 307 111 2
rect:87 152 850 614 4
CanterburyNZSeries2010_08.jpg 0x0
rect:985 287 88 167 44
rect:360 178 173 278 43
rect:908 613 52 150 44
rect:634 453 36 223 32
CanterburyNZSeries2010_09.jpg 0x0
rect:331 240 216 269 39
rect:186 148 157 191 45
CanterburyNZSeries2010_10.jpg 0x0
rect:238 365 251 88 46
rect:191 351 289 87 6
rect:248 315 332 196 6
rect:451 208 292 106 7
CanterburyNZSeries2010_11.jpg 0x0
rect:420 230 316 104 7
rect:391 399 274 269 5
CanterburyNZSeries2010_12.jpg 0x0
rect:60 244 728 307 2
rect:6 302 827 300 47
rect:146 544 133 62 11
rect:739 507 169 72 11
CanterburyNZSeries2010_13.jpg 0x0
rect:138 20 352 882 12
rect:344 196 105 535 11
Caracas1967_01.jpg 0x0
rect:497 54 173 247 48
rect:292 177 9 63 48
rect:386 195 102 124 48
rect:411 205 30 69 48
Caracas1967_02.jpg 0x0
rect:150 297 54 37 50
rect:226 165 162 205 51
rect:154 474 34 67 49
rect:278 1 118 168 15
Caracas1967_03.jpg 0x0
rect:362 278 23 138 27
rect:206 298 64 56 26
rect:222 90 84 81 14
rect:345 427 30 47 27
rect:13 393 171 81 6
rect:242 373 83 165 34
Caracas1967_04.jpg 0x0
rect:132 262 17 77 27
rect:132 356 40 139 26
rect:97 225 131 166 34
Caracas1967_05.jpg 0x0
rect:66 326 56 275 40
rect:325 281 174 160 52
rect:94 332 287 229 52
rect:243 321 47 275 40
rect:407 298 57 161 40
rect:321 236 42 221 40
rect:23 101 353 651 48
rect:51 184 434 456 41
rect:296 295 52 204 40
rect:192 257 42 229 40
Caracas1967_06.jpg 0x0
rect:293 369 65 39 6
rect:324 105 309 176 7
Caracas1967_07.jpg 0x0
rect:493 7 118 314 34
rect:357 65 34 237 27
rect:394 387 71 73 53
rect:370 359 129 131 53
rect:208 162 127 217 34
rect:365 206 141 216 34
rect:176 188 54 173 27
Caracas1967_08.jpg 0x0
rect:250 343 61 122 54
rect:310 228 102 89 54
rect:151 221 56 125 55
Caracas1967_09.jpg 0x0
rect:61 148 43 48 48
rect:24 275 52 44 48
rect:360 12 258 213 48
rect:156 143 74 107 48
Caracas1967_10.jpg 0x0
rect:367 247 61 236 40
rect:349 336 77 239 40
rect:50 164 318 382 41
rect:14 186 348 547 48
Caracas1967_11.jpg 0x0
rect:40 279 222 349 41
rect:52 11 502 611 48
rect:210 14 176 221 41
Caracas1967_12.jpg 0x0
rect:462 262 26 57 34
rect:699 333 19 55 32
rect:825 394 19 75 32
rect:267 246 30 40 56
Caracas1967_13.jpg 0x0
rect:196 382 176 235 55
Caracas1967_14.jpg 0x0
rect:111 387 265 41 6
rect:152 110 746 173 57
Chichi1999_01.jpg 0x0
rect:3 7 627 205 58
rect:444 106 45 218 42
Chichi1999_02.jpg 0x0
rect:380 114 166 313 59
rect:6 70 326 199 58
Chichi1999_03.jpg 0x0
rect:98 146 64 136 60
rect:0 119 511 164 58
Chichi1999_04.jpg 0x0
rect:194 273 95 313 48
rect:296 -11 40 113 48
rect:286 266 28 75 52
Chichi1999_05.jpg 0x0
rect:341 160 31 73 52
rect:277 262 22 29 41
rect:473 173 38 39 41
rect:302 157 107 246 48
Chichi1999_06.jpg 0x0
rect:300 226 19 40 52
rect:432 113 47 65 62
rect:567 126 42 60 41
rect:452 250 35 122 48
rect:746 -12 67 57 61
rect:195 20 428 231 10
Chichi1999_07.jpg 0x0
rect:540 191 16 22 64
rect:180 205 63 160 48
rect:154 157 29 42 64
rect:56 146 612 139 63
rect:380 173 60 132 48
rect:504 219 25 37 64
rect:556 302 58 89 48
Chichi1999_08.jpg 0x0
rect:125 15 503 539 10
Chichi1999_09.jpg 0x0
rect:270 90 168 124 48
rect:287 74 27 97 40
rect:207 107 157 110 41
rect:201 84 61 80 40
Chichi1999_10.jpg 0x0
rect:197 15 717 471 10
Chichi1999_11.jpg 0x0
rect:2 160 145 530 10
rect:183 148 82 76 65
Chichi1999_12.jpg 0x0
rect:9 22 326 724 66
Chichi1999_13.jpg 0x0
rect:38 43 849 478 10
Chichi1999_14.jpg 0x0
rect:175 669 33 46 67
rect:116 268 76 58 67
rect:430 462 81 92 67
rect:145 287 46 71 67
rect:182 518 35 41 67
rect:147 222 31 43 67
rect:178 209 19 49 67
rect:377 292 30 59 39
rect:241 404 39 35 67
rect:344 501 32 42 67
rect:193 509 24 45 39
rect:184 287 39 59 67
rect:391 447 19 23 39
rect:129 249 59 64 67
rect:85 374 45 47 67
rect:189 606 28 43 39
rect:64 342 43 33 67
Chichi1999_15.jpg 0x0
rect:280 35 279 471 41
Chichi1999_16.jpg 0x0
rect:136 165 61 109 32
Chichi1999_17.jpg 0x0
rect:129 305 22 32 32
Chichi1999_18.jpg 0x0
rect:216 193 112 568 68
rect:171 198 28 111 69
rect:238 224 29 182 69
rect:202 276 19 105 69
rect:260 255 33 135 70
rect:235 248 38 105 69
Chichi1999_19.jpg 0x0
rect:305 128 130 342 3
rect:217 25 292 345 2
YogyakartaInd2006_03.jpg 0x0
rect:254 491 178 39 15
rect:414 76 83 50 16
rect:199 320 312 152 71
rect:219 156 23 7 16
rect:364 487 48 32 16
rect:266 56 111 62 15
rect:244 190 68 31 15
rect:323 21 106 2 15
Chichi1999_20.jpg 0x0
rect:214 256 86 442 42
rect:208 501 51 146 41
Chichi1999_21.jpg 0x0
rect:282 291 122 97 6
rect:167 214 125 139 37
rect:21 4 256 169 30
rect:53 367 148 122 5
rect:382 8 120 88 57
rect:277 29 241 148 37
rect:479 127 119 133 6
rect:140 100 186 346 72
Chichi1999_22.jpg 0x0
rect:321 178 15 20 73
rect:267 224 14 16 73
rect:319 324 15 16 73
rect:220 135 265 121 10
Chichi1999_23.jpg 0x0
rect:136 393 57 76 73
rect:163 205 52 64 73
rect:99 421 32 68 34
rect:160 146 25 31 34
rect:326 196 42 31 27
rect:293 225 28 99 34
rect:259 169 58 76 73
rect:4 63 534 202 74
rect:322 147 33 29 26
rect:344 274 54 80 73
Chichi1999_24.jpg 0x0
rect:212 206 158 77 75
rect:184 235 46 72 46
rect:162 222 88 47 34
rect:3 417 372 147 74
rect:351 238 1 2 46
Chichi1999_25.jpg 0x0
rect:178 190 235 329 73
rect:121 225 90 187 34
rect:161 268 57 79 26
Chichi1999_26.jpg 0x0
rect:186 515 65 71 26
rect:114 531 114 134 73
rect:229 154 55 131 73
rect:121 574 101 110 27
rect:315 18 63 38 73
rect:189 348 100 343 76
Chichi1999_27.jpg 0x0
rect:151 189 114 301 32
Chichi1999_28.jpg 0x0
rect:155 87 134 239 5
rect:25 69 251 111 6
rect:322 304 293 151 77
rect:353 153 126 245 75
Chichi1999_29.jpg 0x0
rect:152 275 156 359 48
rect:137 318 99 160 52
rect:263 274 128 196 40
Chichi1999_30.jpg 0x0
rect:203 215 142 43 78
rect:230 179 227 67 52
rect:26 204 81 168 73
rect:255 118 254 289 40
Chichi1999_31.jpg 0x0
rect:200 97 110 362 79
rect:383 124 40 198 48
Chichi1999_32.jpg 0x0
rect:185 231 31 98 81
rect:128 62 42 171 81
rect:657 168 52 241 39
rect:112 7 84 325 80
Chichi1999_33.jpg 0x0
rect:163 136 91 267 32
rect:275 96 102 325 32
rect:112 196 42 127 49
rect:381 124 35 121 49
rect:73 49 131 501 33
rect:231 74 129 285 56
Chichi1999_34.jpg 0x0
rect:97 130 289 369 10
Duzce1999_01.jpg 0x0
rect:171 50 85 258 39
rect:160 116 101 133 41
Duzce1999_02.jpg 0x0
rect:80 50 126 405 41
Duzce1999_03.jpg 0x0
rect:0 203 83 291 31
rect:124 116 114 278 42
rect:177 165 119 355 31
Gediz1970_01.jpg 0x0
rect:232 547 85 239 69
rect:163 392 91 291 69
rect:137 74 292 573 68
Guatemala1976_01.jpg 0x0
rect:31 92 789 159 82
rect:53 262 76 44 52
rect:38 216 111 129 48
rect:580 179 45 73 41
rect:486 138 116 92 48
rect:59 159 53 35 41
Guatemala1976_02.jpg 0x0
rect:339 46 92 92 40
rect:223 76 264 228 48
Guatemala1976_03.jpg 0x0
rect:21 113 657 247 75
Guatemala1976_04.jpg 0x0
rect:150 26 492 84 30
rect:566 224 127 293 4
rect:744 233 125 428 4
rect:38 64 329 261 30
Guatemala1976_05.jpg 0x0
rect:160 68 394 437 48
rect:218 166 383 104 41
rect:137 101 256 181 40
Guatemala1976_06.jpg 0x0
rect:148 90 181 321 39
Guatemala1976_07.jpg 0x0
rect:23 268 513 419 10
rect:19 200 49 62 6
rect:222 565 101 60 83
Guatemala1976_08.jpg 0x0
rect:356 73 181 374 40
rect:133 67 370 442 41
rect:119 26 304 382 48
Guatemala1976_09.jpg 0x0
rect:87 233 34 31 85
rect:269 304 71 75 84
rect:772 395 55 54 84
rect:417 281 95 37 85
rect:215 261 61 52 85
rect:63 359 38 27 84
rect:859 291 48 46 85
rect:171 322 38 34 84
Guatemala1976_10.jpg 0x0
rect:213 89 271 186 87
rect:187 209 297 367 86
rect:246 317 46 147 87
Guatemala1976_11.jpg 0x0
rect:247 303 146 222 34
GujaratIndia2001_01.jpg 0x0
rect:297 339 55 68 11
rect:29 369 174 187 4
rect:167 341 261 111 2
rect:95 437 72 45 2
Haiti2010_01.jpg 0x0
rect:497 589 162 215 4
rect:470 333 112 111 4
rect:265 184 199 295 41
rect:156 52 112 143 7
rect:274 310 20 141 40
Haiti2010_02.jpg 0x0
rect:51 95 612 238 88
rect:301 34 141 65 14
Haiti2010_03.jpg 0x0
rect:180 342 221 204 32
rect:246 481 256 169 89
rect:201 581 47 53 49
rect:246 1 72 787 32
Haiti2010_04.jpg 0x0
rect:2 117 251 153 6
rect:304 60 300 246 34
rect:183 226 272 701 41
Haiti2010_05.jpg 0x0
rect:325 289 25 114 40
rect:321 274 227 117 52
rect:218 123 307 562 90
rect:305 308 25 110 40
Haiti2010_06.jpg 0x0
rect:225 286 220 373 91
rect:415 167 72 238 32
rect:255 369 38 62 34
rect:643 143 754 637 91
rect:539 201 73 51 6
rect:574 156 69 121 34
rect:513 216 239 342 33
ImperialValley1979_01.jpg 0x0
rect:501 283 39 34 32
rect:402 256 27 50 50
rect:472 316 48 24 49
rect:9 323 109 111 32
rect:591 260 18 16 49
rect:400 325 54 86 50
rect:12 429 54 84 49
rect:527 342 25 16 49
rect:442 289 23 36 32
rect:341 283 70 65 32
rect:57 332 95 89 50
ImperialValley1979_02.jpg 0x0
rect:202 207 243 66 92
rect:156 92 101 176 50
rect:255 81 163 239 32
rect:252 129 72 195 50
rect:188 175 111 58 49
rect:204 125 42 168 50
ImperialValley1979_03.jpg 0x0
rect:97 428 211 26 92
rect:89 266 66 239 50
rect:291 378 68 105 50
rect:407 353 76 141 50
rect:154 223 229 182 32
rect:156 369 302 173 32
rect:132 397 239 53 92
Izmit1999_01.jpg 0x0
rect:248 76 317 400 34
rect:304 158 44 151 27
rect:422 278 64 80 26
rect:219 70 43 188 27
rect:309 298 47 99 27
Izmit1999_02.jpg 0x0
rect:25 93 603 182 10
Izmit1999_03.jpg 0x0
rect:309 62 330 457 32
rect:138 154 273 35 92
rect:218 85 86 318 50
rect:420 82 53 187 50
rect:302 101 43 290 50
rect:627 65 71 306 50
rect:189 51 406 298 93
rect:278 122 53 238 50
Izmit1999_04.jpg 0x0
rect:297 91 79 67 48
rect:59 408 44 67 42
rect:60 383 46 69 34
rect:404 455 29 61 40
rect:281 305 93 83 41
rect:134 416 251 101 88
rect:65 585 60 82 41
rect:186 216 157 69 88
rect:320 88 76 82 41
rect:469 448 15 79 40
Izmit1999_05.jpg 0x0
rect:71 27 541 532 10
Izmit1999_06.jpg 0x0
rect:257 308 61 154 50
rect:111 276 148 96 49
rect:124 188 94 199 50
rect:286 339 37 156 50
rect:89 186 90 203 50
rect:100 228 232 404 32
Izmit1999_07.jpg 0x0
rect:217 234 43 135 3
rect:416 123 57 67 3
rect:202 226 31 82 3
rect:20 82 454 703 2
rect:399 377 67 413 4
rect:379 62 125 37 6
rect:168 228 67 80 3
Izmit1999_08.jpg 0x0
rect:382 87 44 32 52
rect:172 131 65 59 41
rect:279 192 226 88 88
rect:175 303 116 66 45
rect:174 24 99 76 34
rect:491 7 93 68 45
rect:647 103 59 77 41
Izmit1999_09.jpg 0x0
rect:542 194 65 58 41
rect:464 300 48 88 94
rect:232 270 108 111 41
rect:336 266 129 101 94
rect:194 236 33 31 41
rect:52 186 41 49 41
Izmit1999_10.jpg 0x0
rect:311 527 78 94 40
rect:83 123 216 422 41
rect:143 364 336 85 78
rect:283 203 70 180 40
rect:106 181 103 279 40
rect:276 460 48 84 40
rect:142 476 154 41 78
rect:31 151 421 31 78
rect:363 127 97 97 40
rect:79 152 77 234 40
rect:224 642 67 26 78
Izmit1999_11.jpg 0x0
rect:186 154 124 233 41
rect:153 582 130 92 41
rect:314 254 91 157 40
rect:133 312 73 134 40
rect:167 217 68 182 40
Izmit1999_12.jpg 0x0
rect:282 214 57 25 6
rect:120 55 42 23 6
rect:43 306 75 97 94
rect:1 242 23 31 41
rect:237 325 78 81 52
rect:452 132 79 59 7
rect:451 217 212 175 91
rect:15 94 40 21 6
rect:499 155 52 53 41
rect:383 268 79 102 41
rect:302 143 37 104 42
rect:66 267 54 67 52
rect:354 264 90 130 94
rect:406 137 49 58 45
rect:498 35 110 54 34
rect:113 360 25 47 40
rect:421 67 35 79 41
rect:179 187 55 74 88
Izmit1999_13.jpg 0x0
rect:419 166 66 251 41
rect:108 239 27 74 41
rect:78 144 64 36 6
rect:296 82 209 453 48
rect:240 213 38 116 41
rect:287 106 59 142 41
rect:5 83 116 198 42
rect:109 299 73 61 52
rect:178 232 113 94 94
Izmit1999_14.jpg 0x0
rect:509 101 110 57 34
rect:40 191 94 62 34
rect:290 8 109 80 35
rect:315 58 59 65 95
rect:557 361 59 51 34
rect:296 213 99 56 35
rect:416 488 41 26 34
rect:265 329 44 33 34
rect:319 263 69 40 34
Izmit1999_15.jpg 0x0
rect:148 225 266 487 42
Izmit1999_16.jpg 0x0
rect:175 137 214 189 41
rect:276 117 52 119 40
rect:162 71 320 253 39
rect:95 46 409 505 33
Izmit1999_17.jpg 0x0
rect:128 119 185 218 41
Izmit1999_18.jpg 0x0
rect:172 178 147 130 41
rect:218 134 121 320 39
Izmit1999_19.jpg 0x0
rect:302 88 320 273 32
rect:175 68 329 334 96
rect:314 148 22 112 50
rect:410 191 29 72 50
Kobe1995_01.jpg 0x0
rect:34 189 1022 119 63
Kobe1995_02.jpg 0x0
rect:2 58 669 450 68
Kobe1995_03.jpg 0x0
rect:32 78 353 708 10
Kobe1995_04.jpg 0x0
rect:369 396 43 44 41
Kobe1995_05.jpg 0x0
rect:4 201 94 462 40
rect:33 237 536 94 78
rect:362 161 149 312 40
rect:76 395 337 118 78
rect:171 164 286 406 52
Kobe1995_06.jpg 0x0
rect:223 374 349 405 42
rect:61 180 430 499 41
Kobe1995_07.jpg 0x0
rect:138 201 38 31 39
rect:355 304 45 26 39
rect:108 347 37 38 39
rect:153 120 34 33 39
rect:422 481 55 39 39
rect:283 86 26 38 39
rect:236 336 29 34 39
rect:370 354 52 30 39
rect:154 323 49 60 39
rect:259 226 35 46 39
rect:305 364 28 25 39
rect:193 384 53 30 39
rect:275 468 38 57 39
rect:49 226 39 49 39
rect:466 241 43 45 39
rect:105 196 27 43 39
rect:388 97 49 37 39
rect:332 300 32 38 39
rect:304 223 38 33 39
rect:252 214 44 43 39
rect:333 224 38 55 39
rect:44 292 38 19 39
rect:285 187 33 39 39
rect:351 269 35 40 39
rect:181 455 25 45 39
rect:142 375 40 32 39
Kobe1995_08.jpg 0x0
rect:334 70 388 280 97
Kobe1995_09.jpg 0x0
rect:174 571 213 79 97
rect:127 343 59 80 88
rect:113 793 102 110 88
rect:87 418 89 46 88
SanSalvador_1986_01.jpg 0x0
rect:62 3 116 224 68
rect:285 194 146 200 41
SanSalvador_1986_02.jpg 0x0
rect:554 144 31 29 41
rect:432 258 34 55 41
rect:245 206 44 30 41
rect:451 180 16 28 41
rect:161 298 34 43 41
rect:214 213 31 40 41
rect:212 294 21 41 41
rect:468 146 51 51 42
rect:425 229 22 29 41
SikkimIndia2001_01.jpg 0x0
rect:225 140 158 145 34
SikkimIndia2001_02.jpg 0x0
rect:405 141 123 122 33
rect:365 164 73 52 16
rect:227 92 145 482 33
rect:10 6 330 64 16
rect:-11 2 265 133 33
rect:8 156 51 47 54
rect:485 176 72 16 16
rect:495 138 105 37 16
SikkimIndia2001_03.jpg 0x0
rect:141 89 75 181 69
rect:167 249 101 188 70
rect:194 11 179 541 98
SikkimIndia2001_04.jpg 0x0
rect:3 27 267 200 99
rect:464 224 286 103 99
rect:185 163 150 218 34
SumatraInd2009_01.jpg 0x0
rect:185 29 58 407 81
SumatraInd2009_02.jpg 0x0
rect:140 55 130 205 41
WhittierNarrows1987_01.jpg 0x0
rect:19 32 945 414 10
WhittierNarrows1987_02.jpg 0x0
rect:219 252 120 307 41
WhittierNarrows1987_03.jpg 0x0
rect:267 156 132 343 32
WhittierNarrows1987_04.jpg 0x0
rect:226 10 288 154 100
rect:249 10 368 83 6
rect:191 45 101 221 41
YogyakartaInd2006_01.jpg 0x0
rect:324 29 345 274 32
rect:356 185 267 78 49
rect:235 -27 364 386 29
YogyakartaInd2006_02.jpg 0x0
rect:410 40 148 561 98
rect:448 75 90 205 70
rect:270 102 62 250 69
