Anchorage1964_01.jpg 0x0
rect:93 6 230 121 1
rect:57 433 238 280 1
Anchorage1964_02.jpg 0x0
rect:465 304 17 56 3
rect:181 34 296 71 4
rect:90 169 17 18 6
rect:168 130 82 66 7
rect:29 252 180 56 5
rect:96 276 37 16 6
rect:391 239 92 42 4
rect:373 205 15 47 3
rect:208 301 20 82 3
rect:491 195 26 41 3
rect:355 347 27 60 3
rect:61 27 63 13 6
rect:43 29 132 44 5
rect:213 84 97 68 4
rect:240 281 278 69 2
rect:403 81 161 129 8
rect:195 298 27 69 3
rect:419 335 15 43 3
rect:380 240 29 72 3
Anchorage1964_03.jpg 0x0
rect:0 222 743 66 10
rect:2 256 217 65 9
rect:236 100 435 164 9
Anchorage1964_04.jpg 0x0
rect:330 538 30 19 5
rect:246 364 37 22 5
rect:367 223 31 14 5
rect:182 545 32 23 5
rect:185 120 24 16 5
rect:335 438 7 1 1
rect:198 463 45 18 5
rect:221 270 18 27 1
rect:375 245 24 21 5
rect:126 60 42 11 5
rect:296 132 42 23 5
rect:427 63 36 15 5
rect:194 284 27 23 5
rect:153 291 27 23 5
rect:302 510 26 31 1
rect:230 316 17 18 1
rect:180 113 32 21 5
rect:175 572 44 21 2
rect:120 28 28 16 5
rect:149 142 31 26 5
rect:235 478 19 28 1
rect:276 316 20 35 1
rect:159 346 44 21 5
rect:410 185 31 21 5
rect:465 420 28 27 5
rect:355 390 13 22 1
rect:302 28 37 17 5
rect:205 428 20 25 1
rect:251 292 23 19 5
rect:198 172 35 18 5
rect:275 300 19 33 1
rect:184 295 30 15 5
rect:358 86 31 19 5
rect:363 431 24 20 5
rect:307 205 12 25 1
rect:282 139 25 30 1
rect:324 144 14 19 1
rect:327 157 24 19 5
rect:254 200 26 24 8
Anchorage1964_05.jpg 0x0
rect:584 23 34 48 1
rect:406 232 54 23 11
rect:335 253 20 26 11
rect:110 28 18 44 1
rect:600 309 50 66 1
rect:76 364 19 43 1
rect:772 281 32 25 6
rect:580 82 36 67 1
rect:520 230 50 72 8
rect:489 150 52 60 1
rect:211 54 89 31 5
rect:486 421 58 38 5
rect:499 327 59 15 6
rect:65 241 22 32 1
rect:300 207 162 82 2
rect:193 49 134 54 6
rect:44 142 17 37 1
rect:581 310 33 69 8
rect:498 107 31 75 1
rect:43 430 20 49 1
rect:799 318 62 28 5
rect:206 215 151 25 5
rect:46 77 30 39 1
rect:174 133 117 44 6
rect:32 323 27 38 1
rect:310 1 52 52 1
rect:620 217 34 80 1
rect:97 175 25 49 1
rect:86 116 13 55 1
Anchorage1964_06.jpg 0x0
rect:137 139 65 262 3
rect:212 189 61 91 11
rect:136 87 157 454 12
Anchorage1964_07.jpg 0x0
rect:284 88 175 173 11
rect:14 236 235 34 11
rect:250 118 58 98 3
rect:9 66 704 515 2
rect:473 318 358 169 2
rect:8 411 384 35 14
rect:553 191 89 102 11
rect:208 2 110 64 2
rect:431 169 67 80 13
Anchorage1964_08.jpg 0x0
rect:394 635 141 134 1
rect:341 276 81 93 1
rect:38 562 136 103 1
rect:365 40 83 87 1
rect:59 287 79 86 1
rect:62 93 172 117 1
Anchorage1964_09.jpg 0x0
rect:531 111 73 24 15
rect:15 140 24 9 16
rect:617 37 68 46 8
rect:108 151 291 12 15
rect:448 320 62 72 8
rect:393 191 58 59 1
rect:188 174 90 46 1
rect:56 178 41 8 16
rect:642 175 1 1 16
rect:14 20 45 14 16
rect:11 143 74 24 15
rect:97 56 63 80 8
rect:516 10 364 16 15
rect:113 263 94 58 8
rect:560 104 91 84 1
rect:15 19 473 15 15
rect:75 188 59 55 1
rect:682 9 101 11 16
rect:702 106 175 21 15
Anchorage1964_10.jpg 0x0
rect:57 539 215 109 18
rect:122 176 280 101 18
rect:272 244 123 147 17
rect:86 225 263 239 1
Anchorage1964_11.jpg 0x0
rect:128 255 544 73 2
rect:592 7 98 33 1
rect:482 162 177 91 1
rect:53 379 478 12 14
rect:97 80 193 107 4
rect:86 329 501 22 14
rect:194 208 484 21 15
rect:323 289 193 31 11
Anchorage1964_12.jpg 0x0
rect:10 88 766 303 2
rect:329 83 45 215 3
rect:561 96 44 219 3
rect:247 170 36 104 3
rect:270 104 143 221 11
Anchorage1964_13.jpg 0x0
rect:495 440 22 121 20
rect:262 509 235 34 2
rect:273 638 126 16 19
Anchorage1964_14.jpg 0x0
rect:117 564 42 70 22
rect:76 592 33 73 22
rect:13 393 250 85 11
rect:390 232 127 39 15
rect:146 15 125 549 20
rect:305 609 216 99 23
rect:18 660 25 67 22
rect:38 625 39 74 22
rect:413 6 73 178 11
rect:196 307 78 93 21
rect:91 204 143 35 15
rect:210 12 87 240 11
Anchorage1964_15.jpg 0x0
rect:238 153 37 57 11
rect:261 158 49 101 25
rect:226 9 101 67 4
rect:213 328 237 58 2
rect:321 8 116 57 4
rect:279 264 129 31 24
rect:214 321 209 55 15
rect:368 214 159 37 11
rect:142 51 63 442 20
Anchorage1964_16.jpg 0x0
rect:651 160 176 162 2
rect:18 144 256 241 2
rect:90 420 64 96 11
rect:274 76 331 121 2
rect:166 209 314 253 11
rect:13 246 47 77 2
Anchorage1964_17.jpg 0x0
rect:14 115 336 146 9
rect:205 51 185 212 9
rect:7 150 600 145 10
Anchorage1964_18.jpg 0x0
rect:93 261 19 50 11
rect:599 223 60 22 2
rect:539 157 79 74 4
rect:150 164 67 136 4
rect:366 408 37 20 2
rect:423 398 101 15 2
rect:311 244 293 25 15
rect:182 229 90 35 11
rect:382 118 89 109 4
rect:364 229 29 75 11
Anchorage1964_19.jpg 0x0
rect:615 103 8 8 26
rect:429 183 12 28 26
rect:6 319 75 118 26
rect:445 136 30 28 26
rect:544 162 8 16 26
rect:229 115 56 33 26
rect:431 107 39 106 29
rect:369 137 21 32 26
rect:476 237 14 30 26
rect:630 147 33 35 28
rect:332 382 58 73 26
rect:492 155 17 48 29
rect:22 254 23 116 27
rect:224 65 70 113 29
rect:489 288 32 44 28
rect:941 239 8 12 26
rect:299 207 20 47 26
rect:318 83 30 39 27
Anchorage1964_20.jpg 0x0
rect:167 102 91 62 27
rect:233 97 112 81 26
rect:190 550 82 126 26
rect:193 66 105 104 29
rect:387 574 50 68 26
Anchorage1964_21.jpg 0x0
rect:-5 91 80 137 29
rect:2 108 35 38 26
rect:64 303 38 34 26
rect:115 183 606 187 30
Bingol2003_01.jpg 0x0
rect:882 301 66 52 33
rect:854 199 75 81 33
rect:2 381 946 267 10
rect:358 62 85 58 6
rect:318 238 81 81 33
rect:896 563 97 38 33
rect:474 274 33 57 6
rect:597 123 92 97 6
rect:118 268 50 66 33
rect:369 398 55 142 32
rect:413 346 202 140 31
rect:620 414 54 42 34
rect:686 98 164 198 31
rect:37 250 71 58 33
rect:288 486 100 116 6
rect:591 262 65 120 34
rect:624 241 89 63 6
rect:288 86 77 25 6
rect:635 470 153 77 6
Bingol2003_02.jpg 0x0
rect:180 187 929 617 31
rect:180 269 105 439 32
rect:352 186 379 102 35
rect:114 349 142 188 32
rect:609 84 176 68 36
rect:179 125 296 123 34
rect:573 373 115 126 26
rect:294 279 73 103 6
Bingol2003_03.jpg 0x0
rect:493 187 325 546 4
rect:325 149 262 184 2
rect:409 184 262 76 11
rect:134 41 114 154 33
rect:610 -9 293 238 4
rect:112 22 140 35 2
rect:818 492 250 289 2
Bingol2003_04.jpg 0x0
rect:95 563 28 59 3
rect:214 204 167 142 4
rect:105 666 30 60 3
rect:57 792 80 105 2
rect:182 371 22 97 3
rect:169 423 254 172 2
rect:394 765 86 93 2
rect:324 553 36 128 3
CanterburyNZSeries2010_01.jpg 0x0
rect:108 110 112 305 12
CanterburyNZSeries2010_02.jpg 0x0
rect:60 41 193 166 6
rect:42 11 250 342 37
CanterburyNZSeries2010_03.jpg 0x0
rect:60 96 359 116 38
CanterburyNZSeries2010_04.jpg 0x0
rect:358 387 39 172 40
rect:361 303 17 49 40
rect:269 481 16 64 40
rect:278 380 35 140 40
rect:238 9 121 183 42
rect:153 544 114 261 41
rect:187 523 39 88 40
rect:235 203 166 461 39
CanterburyNZSeries2010_05.jpg 0x0
rect:389 224 129 125 15
rect:368 366 240 373 4
CanterburyNZSeries2010_06.jpg 0x0
rect:182 180 299 86 2
rect:55 128 858 731 4
CanterburyNZSeries2010_08.jpg 0x0
rect:411 166 147 194 43
rect:774 545 39 146 32
rect:958 486 70 140 44
rect:654 676 51 101 44
CanterburyNZSeries2010_09.jpg 0x0
rect:243 90 124 204 45
rect:200 321 148 396 39
CanterburyNZSeries2010_10.jpg 0x0
rect:279 234 355 169 6
rect:404 162 271 81 7
rect:172 548 192 79 6
rect:301 273 160 102 46
CanterburyNZSeries2010_11.jpg 0x0
rect:225 363 395 185 5
rect:219 173 321 143 7
CanterburyNZSeries2010_12.jpg 0x0
rect:522 615 201 87 11
rect:170 421 187 60 11
rect:6 218 987 416 47
rect:42 400 949 245 2
CanterburyNZSeries2010_13.jpg 0x0
rect:152 17 485 672 12
rect:387 126 113 484 11
Caracas1967_01.jpg 0x0
rect:361 196 91 99 48
rect:462 92 228 296 48
rect:218 187 14 64 48
rect:271 196 31 92 48
Caracas1967_02.jpg 0x0
rect:169 274 43 44 50
rect:196 157 193 253 51
rect:112 482 36 71 49
rect:174 1 117 181 15
Caracas1967_03.jpg 0x0
rect:308 82 80 124 14
rect:303 456 28 86 27
rect:16 373 172 105 6
rect:257 252 95 170 34
rect:230 331 56 63 26
rect:275 467 31 54 27
Caracas1967_04.jpg 0x0
rect:134 326 203 178 34
rect:138 482 18 93 27
rect:140 320 49 88 26
Caracas1967_05.jpg 0x0
rect:30 99 315 390 41
rect:251 191 161 195 52
rect:133 403 45 244 40
rect:70 396 67 200 40
rect:242 266 55 244 40
rect:32 114 345 724 48
rect:261 258 39 216 40
rect:147 334 42 198 40
rect:250 206 62 218 40
rect:61 439 187 257 52
Caracas1967_06.jpg 0x0
rect:319 364 98 65 6
rect:430 112 245 188 7
Caracas1967_07.jpg 0x0
rect:278 51 33 187 27
rect:181 134 198 228 34
rect:327 286 128 143 53
rect:167 112 45 209 27
rect:368 455 128 53 53
rect:281 6 94 358 34
rect:394 282 150 220 34
Caracas1967_08.jpg 0x0
rect:362 228 85 127 54
rect:148 324 48 114 55
rect:276 317 67 80 54
Caracas1967_09.jpg 0x0
rect:72 240 60 82 48
rect:578 12 265 206 48
rect:209 181 125 106 48
rect:24 166 62 38 48
Caracas1967_10.jpg 0x0
rect:368 309 60 145 40
rect:241 254 88 174 40
rect:30 225 174 271 41
rect:17 205 573 380 48
Caracas1967_11.jpg 0x0
rect:277 17 128 299 41
rect:41 233 284 503 41
rect:41 16 515 614 48
Caracas1967_12.jpg 0x0
rect:686 209 28 39 32
rect:367 212 37 55 34
rect:660 386 31 52 32
rect:310 322 32 39 56
Caracas1967_13.jpg 0x0
rect:184 323 157 345 55
Caracas1967_14.jpg 0x0
rect:144 85 708 248 57
rect:108 326 327 38 6
Chichi1999_01.jpg 0x0
rect:420 98 42 220 42
rect:3 8 933 148 58
Chichi1999_02.jpg 0x0
rect:6 75 463 180 58
rect:489 102 265 427 59
Chichi1999_03.jpg 0x0
rect:68 127 79 133 60
rect:0 139 502 219 58
Chichi1999_04.jpg 0x0
rect:251 -12 63 104 48
rect:256 242 37 67 52
rect:209 186 86 309 48
Chichi1999_05.jpg 0x0
rect:505 259 28 24 41
rect:309 142 49 105 52
rect:406 149 42 52 41
rect:396 112 101 245 48
Chichi1999_06.jpg 0x0
rect:401 273 22 22 52
rect:306 156 56 66 62
rect:151 20 515 225 10
rect:759 -15 107 52 61
rect:426 223 47 97 48
rect:600 231 33 58 41
Chichi1999_07.jpg 0x0
rect:171 183 31 39 64
rect:418 253 57 158 48
rect:549 285 54 119 48
rect:43 180 577 128 63
rect:130 137 61 190 48
rect:487 183 33 38 64
rect:768 209 17 21 64
Chichi1999_08.jpg 0x0
rect:80 12 564 469 10
Chichi1999_09.jpg 0x0
rect:197 108 47 55 40
rect:274 116 91 115 41
rect:250 92 178 155 48
rect:256 105 42 56 40
Chichi1999_10.jpg 0x0
rect:219 20 545 569 10
Chichi1999_11.jpg 0x0
rect:157 264 124 91 65
rect:2 101 160 348 10
Chichi1999_12.jpg 0x0
rect:10 20 473 514 66
Chichi1999_13.jpg 0x0
rect:37 34 722 367 10
Chichi1999_14.jpg 0x0
rect:231 258 37 68 67
rect:269 432 43 48 67
rect:164 562 37 50 67
rect:110 420 35 35 67
rect:115 361 27 40 67
rect:295 418 20 17 39
rect:224 260 19 41 67
rect:262 560 22 28 39
rect:100 255 59 67 67
rect:144 162 77 46 67
rect:198 390 29 61 67
rect:66 608 32 34 67
rect:441 656 84 66 67
rect:311 314 39 36 39
rect:214 332 35 53 39
rect:104 453 80 52 67
rect:131 238 31 67 67
Chichi1999_15.jpg 0x0
rect:216 33 326 530 41
Chichi1999_16.jpg 0x0
rect:155 119 90 130 32
Chichi1999_17.jpg 0x0
rect:134 299 25 57 32
Chichi1999_18.jpg 0x0
rect:207 353 59 151 70
rect:139 179 165 382 68
rect:328 375 32 184 69
rect:217 269 33 127 69
rect:242 301 35 163 69
rect:146 219 18 114 69
Chichi1999_19.jpg 0x0
rect:255 17 362 382 2
rect:179 148 131 349 3
YogyakartaInd2006_03.jpg 0x0
rect:255 518 199 30 15
rect:489 98 102 49 16
rect:193 186 20 7 16
rect:192 206 270 161 71
rect:315 30 74 2 15
rect:297 86 93 63 15
rect:388 343 43 35 16
rect:226 131 68 33 15
Chichi1999_20.jpg 0x0
rect:232 366 59 205 41
rect:119 238 93 412 42
Chichi1999_21.jpg 0x0
rect:465 33 206 191 37
rect:513 101 165 151 6
rect:310 276 73 117 6
rect:195 77 276 288 72
rect:76 467 174 102 5
rect:457 8 140 87 57
rect:18 4 167 134 30
rect:202 304 152 122 37
Chichi1999_22.jpg 0x0
rect:394 245 14 21 73
rect:236 178 12 19 73
rect:259 185 13 15 73
rect:171 152 278 187 10
Chichi1999_23.jpg 0x0
rect:106 230 46 92 34
rect:138 224 19 28 34
rect:356 126 25 30 27
rect:101 254 55 95 73
rect:154 188 46 68 73
rect:366 305 65 112 73
rect:5 84 542 141 74
rect:315 291 36 93 34
rect:346 128 49 52 73
rect:341 124 29 25 26
Chichi1999_24.jpg 0x0
rect:120 132 135 74 75
rect:273 382 1 2 46
rect:3 360 385 218 74
rect:234 132 35 69 46
rect:241 196 78 68 34
Chichi1999_25.jpg 0x0
rect:220 172 88 186 34
rect:237 410 52 71 26
rect:201 277 206 423 73
Chichi1999_26.jpg 0x0
rect:274 202 119 436 76
rect:154 501 87 143 27
rect:132 658 94 136 73
rect:255 167 54 105 73
rect:195 477 103 67 26
rect:327 16 52 30 73
Chichi1999_27.jpg 0x0
rect:133 198 77 281 32
Chichi1999_28.jpg 0x0
rect:102 85 157 169 5
rect:15 58 195 127 6
rect:395 165 212 164 75
rect:225 301 265 147 77
Chichi1999_29.jpg 0x0
rect:205 169 118 112 40
rect:163 188 259 379 48
rect:211 329 74 142 52
Chichi1999_30.jpg 0x0
rect:225 88 214 398 40
rect:166 170 133 51 52
rect:33 224 120 201 73
rect:210 208 163 43 78
Chichi1999_31.jpg 0x0
rect:626 79 39 139 48
rect:194 88 162 349 79
Chichi1999_32.jpg 0x0
rect:195 202 32 120 81
rect:165 9 87 460 80
rect:425 175 66 198 39
rect:172 72 55 143 81
Chichi1999_33.jpg 0x0
rect:214 107 97 171 56
rect:159 152 59 128 49
rect:131 81 107 208 32
rect:68 45 132 601 33
rect:191 102 113 391 32
rect:306 110 34 111 49
Chichi1999_34.jpg 0x0
rect:100 76 312 302 10
Duzce1999_01.jpg 0x0
rect:132 99 127 132 41
rect:94 57 127 273 39
Duzce1999_02.jpg 0x0
rect:67 45 190 401 41
Duzce1999_03.jpg 0x0
rect:0 232 98 314 31
rect:210 156 89 190 31
rect:98 105 81 206 42
Gediz1970_01.jpg 0x0
rect:166 338 102 364 69
rect:94 107 310 599 68
rect:263 476 63 215 69
Guatemala1976_01.jpg 0x0
rect:41 145 104 154 48
rect:593 190 134 166 48
rect:72 265 82 41 52
rect:73 140 53 47 41
rect:693 201 76 77 41
rect:23 153 660 203 82
Guatemala1976_02.jpg 0x0
rect:162 61 198 320 48
rect:289 59 114 134 40
Guatemala1976_03.jpg 0x0
rect:19 108 674 407 75
Guatemala1976_04.jpg 0x0
rect:154 30 377 59 30
rect:576 264 133 225 4
rect:28 77 404 204 30
rect:561 222 164 289 4
Guatemala1976_05.jpg 0x0
rect:182 146 363 179 40
rect:138 145 372 152 41
rect:152 91 479 447 48
Guatemala1976_06.jpg 0x0
rect:136 123 170 546 39
Guatemala1976_07.jpg 0x0
rect:25 234 75 60 6
rect:216 646 109 78 83
rect:25 230 482 412 10
Guatemala1976_08.jpg 0x0
rect:116 34 317 450 48
rect:220 72 368 322 41
rect:289 71 163 290 40
Guatemala1976_09.jpg 0x0
rect:174 239 56 43 85
rect:72 356 41 30 85
rect:235 261 28 36 84
rect:473 306 62 54 85
rect:619 387 48 48 84
rect:120 315 35 27 84
rect:323 357 60 32 85
rect:440 393 70 59 84
Guatemala1976_10.jpg 0x0
rect:150 131 305 198 86
rect:309 366 49 137 87
rect:186 100 192 121 87
Guatemala1976_11.jpg 0x0
rect:184 265 113 286 34
GujaratIndia2001_01.jpg 0x0
rect:28 370 190 155 4
rect:69 477 79 45 2
rect:192 300 154 111 2
rect:266 412 42 46 11
Haiti2010_01.jpg 0x0
rect:271 95 126 275 41
rect:719 265 88 129 4
rect:212 311 22 153 40
rect:184 58 88 139 7
rect:368 405 141 200 4
Haiti2010_02.jpg 0x0
rect:61 118 414 259 88
rect:269 40 142 43 14
Haiti2010_03.jpg 0x0
rect:432 1 67 714 32
rect:181 404 227 152 32
rect:201 500 84 61 49
rect:266 782 247 266 89
Haiti2010_04.jpg 0x0
rect:198 404 383 390 41
rect:213 35 218 297 34
rect:2 120 351 122 6
Haiti2010_05.jpg 0x0
rect:344 190 34 67 40
rect:279 308 188 112 52
rect:398 335 34 119 40
rect:262 210 200 574 90
Haiti2010_06.jpg 0x0
rect:529 193 90 43 6
rect:382 199 51 182 32
rect:367 202 496 470 91
rect:169 201 43 50 34
rect:275 127 215 393 33
rect:623 134 51 122 34
rect:179 226 323 454 91
ImperialValley1979_01.jpg 0x0
rect:482 250 27 27 50
rect:461 360 40 31 32
rect:438 409 24 15 49
rect:435 378 49 30 32
rect:47 242 108 96 50
rect:11 321 185 144 32
rect:13 446 62 49 49
rect:484 346 18 21 49
rect:292 352 41 48 32
rect:283 313 34 20 49
rect:249 290 56 52 50
ImperialValley1979_02.jpg 0x0
rect:136 139 233 76 92
rect:301 129 37 112 50
rect:348 90 99 199 50
rect:211 238 125 38 49
rect:192 92 93 236 50
rect:153 100 189 295 32
ImperialValley1979_03.jpg 0x0
rect:139 484 234 41 92
rect:160 344 103 96 50
rect:72 227 74 180 50
rect:266 252 82 154 50
rect:108 264 264 46 92
rect:135 374 163 250 32
rect:192 202 187 182 32
Izmit1999_01.jpg 0x0
rect:154 88 436 319 34
rect:207 245 26 127 27
rect:363 69 44 161 27
rect:262 156 32 125 27
rect:622 221 58 56 26
Izmit1999_02.jpg 0x0
rect:25 95 530 287 10
Izmit1999_03.jpg 0x0
rect:137 142 308 46 92
rect:162 176 54 232 50
rect:491 73 55 221 50
rect:363 103 33 272 50
rect:177 120 57 381 50
rect:277 90 39 258 50
rect:139 30 364 383 93
rect:172 67 289 249 32
Izmit1999_04.jpg 0x0
rect:467 472 18 80 40
rect:319 73 66 87 41
rect:71 548 66 136 41
rect:134 511 276 165 88
rect:194 281 152 70 88
rect:67 493 37 68 42
rect:39 534 78 63 34
rect:289 270 22 50 40
rect:328 422 62 77 41
rect:368 72 94 108 48
Izmit1999_05.jpg 0x0
rect:102 27 514 499 10
Izmit1999_06.jpg 0x0
rect:160 186 74 293 50
rect:106 350 153 58 49
rect:65 191 87 245 50
rect:160 287 52 204 50
rect:99 126 275 562 32
rect:278 219 63 138 50
Izmit1999_07.jpg 0x0
rect:24 99 415 465 2
rect:318 95 86 84 3
rect:305 245 108 325 4
rect:333 210 37 127 3
rect:428 75 152 45 6
rect:133 237 55 165 3
rect:211 207 54 81 3
Izmit1999_08.jpg 0x0
rect:133 139 84 106 41
rect:474 6 131 55 45
rect:226 214 237 96 88
rect:491 95 74 70 41
rect:167 406 63 124 45
rect:113 22 90 110 34
rect:613 60 40 34 52
Izmit1999_09.jpg 0x0
rect:414 278 76 65 94
rect:280 278 36 43 41
rect:594 296 55 84 41
rect:334 269 113 71 41
rect:266 318 109 128 94
rect:48 167 35 59 41
Izmit1999_10.jpg 0x0
rect:221 125 64 151 40
rect:240 493 93 80 40
rect:73 111 104 191 40
rect:211 549 91 30 78
rect:270 427 51 78 40
rect:75 385 328 78 78
rect:232 372 106 48 78
rect:37 211 461 38 78
rect:249 136 146 131 40
rect:120 166 84 261 40
rect:87 160 355 396 41
Izmit1999_11.jpg 0x0
rect:216 284 91 216 40
rect:365 325 84 206 40
rect:215 348 75 164 40
rect:234 398 119 158 41
rect:168 164 100 193 41
Izmit1999_12.jpg 0x0
rect:188 208 84 46 88
rect:265 379 52 86 52
rect:314 198 66 66 41
rect:234 355 129 179 94
rect:1 188 24 36 41
rect:323 183 68 39 7
rect:335 375 83 141 41
rect:342 112 37 86 45
rect:75 189 61 65 52
rect:69 269 30 34 40
rect:508 108 43 61 41
rect:66 58 36 21 6
rect:49 192 83 78 94
rect:15 58 38 17 6
rect:470 22 63 49 34
rect:422 132 54 86 42
rect:247 129 53 39 6
rect:449 157 153 268 91
Izmit1999_13.jpg 0x0
rect:143 199 49 60 52
rect:181 192 94 118 94
rect:106 305 42 108 41
rect:392 127 71 248 41
rect:340 123 62 121 41
rect:308 108 163 281 48
rect:5 65 98 208 42
rect:194 227 40 107 41
rect:99 163 58 41 6
Izmit1999_14.jpg 0x0
rect:245 247 33 39 34
rect:335 289 38 28 34
rect:535 78 93 65 34
rect:436 8 146 53 35
rect:385 305 83 57 34
rect:408 120 112 106 35
rect:498 60 62 66 95
rect:465 300 60 37 34
rect:56 184 110 64 34
Izmit1999_15.jpg 0x0
rect:163 175 253 263 42
Izmit1999_16.jpg 0x0
rect:157 68 312 372 39
rect:123 115 220 122 41
rect:164 139 37 139 40
rect:74 50 270 603 33
Izmit1999_17.jpg 0x0
rect:93 140 220 216 41
Izmit1999_18.jpg 0x0
rect:204 119 183 281 39
rect:145 201 93 161 41
Izmit1999_19.jpg 0x0
rect:197 135 211 194 32
rect:292 79 319 323 96
rect:321 201 39 114 50
rect:505 163 28 70 50
Kobe1995_01.jpg 0x0
rect:24 177 870 173 63
Kobe1995_02.jpg 0x0
rect:2 60 578 563 68
Kobe1995_03.jpg 0x0
rect:40 51 509 720 10
Kobe1995_04.jpg 0x0
rect:396 334 41 38 41
Kobe1995_05.jpg 0x0
rect:135 220 175 584 52
rect:4 190 107 638 40
rect:232 181 132 364 40
rect:70 515 395 129 78
rect:41 276 442 87 78
Kobe1995_06.jpg 0x0
rect:46 179 386 554 41
rect:240 414 246 436 42
Kobe1995_07.jpg 0x0
rect:204 181 43 49 39
rect:224 271 28 33 39
rect:481 343 35 60 39
rect:222 351 39 29 39
rect:173 303 54 48 39
rect:359 255 36 24 39
rect:168 370 28 33 39
rect:262 383 37 32 39
rect:108 303 36 48 39
rect:291 231 37 47 39
rect:288 350 43 21 39
rect:170 360 39 43 39
rect:343 492 34 48 39
rect:132 424 34 26 39
rect:382 205 41 36 39
rect:399 243 42 38 39
rect:179 195 28 41 39
rect:380 170 36 52 39
rect:184 291 40 32 39
rect:189 96 39 38 39
rect:427 138 38 26 39
rect:35 436 29 27 39
rect:39 299 39 41 39
rect:323 263 47 32 39
rect:368 242 35 34 39
rect:187 150 34 27 39
Kobe1995_08.jpg 0x0
rect:396 44 539 203 97
Kobe1995_09.jpg 0x0
rect:88 848 86 59 88
rect:127 385 85 48 88
rect:117 483 92 59 88
rect:221 438 238 97 97
SanSalvador_1986_01.jpg 0x0
rect:50 3 144 317 68
rect:174 176 113 156 41
SanSalvador_1986_02.jpg 0x0
rect:161 245 34 53 41
rect:221 204 38 50 41
rect:287 216 35 33 41
rect:278 166 16 33 41
rect:571 220 31 35 41
rect:473 134 34 33 41
rect:219 124 30 39 41
rect:658 227 29 32 42
rect:155 223 35 27 41
SikkimIndia2001_01.jpg 0x0
rect:163 186 145 117 34
SikkimIndia2001_02.jpg 0x0
rect:398 276 69 48 16
rect:-12 2 442 79 33
rect:342 135 83 35 16
rect:122 96 180 306 33
rect:9 185 62 41 54
rect:408 290 94 16 16
rect:367 138 135 179 33
rect:9 7 425 62 16
SikkimIndia2001_03.jpg 0x0
rect:264 13 133 362 98
rect:276 221 81 133 70
rect:218 86 69 210 69
SikkimIndia2001_04.jpg 0x0
rect:304 130 104 117 34
rect:3 40 223 334 99
rect:313 215 360 79 99
SumatraInd2009_01.jpg 0x0
rect:367 25 58 227 81
SumatraInd2009_02.jpg 0x0
rect:231 75 171 140 41
WhittierNarrows1987_01.jpg 0x0
rect:12 30 676 370 10
WhittierNarrows1987_02.jpg 0x0
rect:171 323 105 201 41
WhittierNarrows1987_03.jpg 0x0
rect:359 104 124 332 32
WhittierNarrows1987_04.jpg 0x0
rect:177 49 120 253 41
rect:219 8 241 69 6
rect:176 13 269 187 100
YogyakartaInd2006_01.jpg 0x0
rect:230 108 220 53 49
rect:324 26 260 210 32
rect:190 -21 397 562 29
YogyakartaInd2006_02.jpg 0x0
rect:392 70 173 370 98
rect:329 91 62 190 70
rect:256 125 54 208 69
