Anchorage1964_01.jpg 0x0
rect:64 7 144 128 1
rect:69 348 161 165 1
Anchorage1964_02.jpg 0x0
rect:152 281 37 16 6
rect:196 88 65 64 4
rect:388 336 20 56 3
rect:381 213 26 49 3
rect:134 184 79 71 7
rect:441 320 21 38 3
rect:205 305 373 113 2
rect:72 28 81 17 6
rect:71 185 24 22 6
rect:261 30 300 66 4
rect:44 24 187 52 5
rect:248 241 26 67 3
rect:335 196 18 68 3
rect:295 355 33 81 3
rect:533 208 14 42 3
rect:23 159 159 55 5
rect:556 71 104 90 8
rect:401 228 89 64 4
rect:266 296 26 89 3
Anchorage1964_03.jpg 0x0
rect:2 200 188 72 9
rect:249 113 409 138 9
rect:0 349 640 75 10
Anchorage1964_04.jpg 0x0
rect:236 249 15 24 1
rect:361 290 18 30 1
rect:398 77 35 18 5
rect:196 270 25 14 5
rect:271 143 23 17 5
rect:365 344 17 23 1
rect:300 263 10 1 1
rect:322 309 21 24 1
rect:210 93 22 16 5
rect:271 264 19 22 5
rect:208 405 19 21 1
rect:216 27 20 12 5
rect:201 95 21 13 5
rect:352 533 40 19 5
rect:140 261 28 17 5
rect:126 245 32 19 5
rect:318 267 18 18 5
rect:220 133 19 24 1
rect:138 169 31 25 5
rect:367 222 9 19 1
rect:145 391 53 16 2
rect:182 291 36 17 5
rect:279 195 27 22 5
rect:195 151 15 29 1
rect:291 329 35 22 5
rect:157 459 26 20 5
rect:285 491 17 23 1
rect:339 92 21 23 5
rect:135 283 32 14 5
rect:360 327 12 27 1
rect:331 319 13 38 1
rect:331 216 31 20 5
rect:410 416 23 14 5
rect:278 37 31 23 5
rect:359 460 26 17 5
rect:121 320 35 16 5
rect:433 146 34 16 5
rect:172 253 22 25 8
rect:211 46 26 15 5
Anchorage1964_05.jpg 0x0
rect:376 149 42 19 11
rect:776 304 54 13 6
rect:66 78 25 30 1
rect:592 379 68 61 1
rect:42 302 19 42 1
rect:179 126 155 21 5
rect:421 331 57 53 8
rect:45 428 19 71 1
rect:103 22 27 37 1
rect:709 319 55 26 6
rect:412 70 31 72 1
rect:64 118 22 54 1
rect:387 252 23 23 11
rect:456 152 30 44 1
rect:586 21 33 47 1
rect:55 382 21 62 1
rect:513 1 39 51 1
rect:413 116 51 49 1
rect:797 305 66 45 5
rect:102 258 26 41 1
rect:233 37 65 29 5
rect:232 37 80 61 6
rect:654 232 53 50 1
rect:274 173 116 84 2
rect:715 281 71 46 5
rect:109 75 19 67 1
rect:46 362 23 40 1
rect:166 160 130 43 6
rect:564 243 45 77 8
Anchorage1964_06.jpg 0x0
rect:126 132 83 375 3
rect:80 102 253 305 12
rect:172 190 62 71 11
Anchorage1964_07.jpg 0x0
rect:299 252 284 164 2
rect:180 2 135 65 2
rect:371 172 56 108 13
rect:7 279 333 25 14
rect:16 193 206 33 11
rect:268 88 196 134 11
rect:283 197 96 99 11
rect:6 50 714 431 2
rect:233 130 37 121 3
Anchorage1964_08.jpg 0x0
rect:63 345 137 128 1
rect:44 429 97 102 1
rect:382 416 122 94 1
rect:296 23 74 134 1
rect:42 64 120 140 1
rect:346 222 136 149 1
Anchorage1964_09.jpg 0x0
rect:518 106 95 21 15
rect:379 370 68 54 8
rect:77 54 99 96 8
rect:794 9 82 11 16
rect:13 17 43 10 16
rect:17 173 15 10 16
rect:105 203 62 89 1
rect:297 153 57 83 1
rect:62 109 64 10 16
rect:561 110 111 31 15
rect:77 378 87 77 8
rect:648 24 108 70 8
rect:487 155 55 81 1
rect:151 97 328 11 15
rect:850 195 1 1 16
rect:442 143 58 89 1
rect:367 7 377 15 15
rect:10 14 309 12 15
rect:14 155 92 24 15
Anchorage1964_10.jpg 0x0
rect:189 176 219 95 18
rect:62 326 411 145 18
rect:200 262 66 110 17
rect:87 153 303 320 1
Anchorage1964_11.jpg 0x0
rect:59 396 452 17 14
rect:257 291 280 29 11
rect:129 58 217 116 4
rect:451 140 107 74 1
rect:675 5 102 40 1
rect:85 197 539 100 2
rect:65 507 603 15 14
rect:200 164 294 25 15
Anchorage1964_12.jpg 0x0
rect:321 86 236 157 11
rect:306 101 60 221 3
rect:370 93 40 274 3
rect:11 67 429 193 2
rect:227 241 28 127 3
Anchorage1964_13.jpg 0x0
rect:551 261 27 212 20
rect:409 369 170 27 2
rect:356 428 93 14 19
Anchorage1964_14.jpg 0x0
rect:66 271 156 37 15
rect:83 766 47 66 22
rect:12 609 152 70 11
rect:24 572 31 65 22
rect:446 208 158 61 15
rect:511 6 77 173 11
rect:238 14 69 737 20
rect:158 740 51 74 22
rect:335 13 86 158 11
rect:45 762 47 79 22
rect:361 740 120 98 23
rect:152 279 52 110 21
Anchorage1964_15.jpg 0x0
rect:307 253 108 32 11
rect:470 342 114 37 24
rect:208 320 171 31 15
rect:169 167 36 65 11
rect:508 7 116 79 4
rect:298 482 254 46 2
rect:235 86 51 74 25
rect:153 94 86 500 20
rect:254 9 98 57 4
Anchorage1964_16.jpg 0x0
rect:84 407 94 122 11
rect:228 115 337 137 2
rect:14 251 72 110 2
rect:153 226 242 149 11
rect:546 171 186 167 2
rect:15 158 220 208 2
Anchorage1964_17.jpg 0x0
rect:14 136 326 160 9
rect:9 247 713 161 10
rect:345 64 165 155 9
Anchorage1964_18.jpg 0x0
rect:145 336 14 49 11
rect:495 228 48 15 2
rect:558 324 39 19 2
rect:369 183 78 93 4
rect:534 113 102 67 4
rect:261 359 42 70 11
rect:146 198 55 124 4
rect:390 290 265 28 15
rect:319 406 58 21 2
rect:97 263 77 46 11
Anchorage1964_19.jpg 0x0
rect:382 229 10 30 26
rect:259 139 37 22 27
rect:376 71 69 127 29
rect:597 175 6 15 26
rect:323 391 51 53 26
rect:23 210 31 121 27
rect:352 176 8 19 26
rect:512 145 37 30 26
rect:264 109 38 41 26
rect:445 222 36 28 28
rect:469 151 55 38 28
rect:470 100 22 55 29
rect:5 250 91 186 26
rect:386 311 24 34 26
rect:337 108 53 83 29
rect:396 295 11 26 26
rect:638 194 9 8 26
rect:297 150 22 25 26
Anchorage1964_20.jpg 0x0
rect:223 88 157 135 29
rect:168 137 64 41 27
rect:511 550 38 66 26
rect:201 109 86 61 26
rect:202 383 95 133 26
Anchorage1964_21.jpg 0x0
rect:-7 63 107 163 29
rect:52 352 22 31 26
rect:2 120 33 38 26
rect:184 182 533 140 30
Bingol2003_01.jpg 0x0
rect:1040 338 87 39 33
rect:573 158 77 85 6
rect:246 208 88 78 33
rect:460 233 48 66 6
rect:374 370 155 60 6
rect:30 199 79 76 33
rect:539 273 101 71 6
rect:469 290 122 199 31
rect:803 157 125 69 33
rect:286 103 82 19 6
rect:621 184 47 143 34
rect:535 353 54 209 32
rect:703 59 59 80 6
rect:196 261 50 64 33
rect:380 357 82 96 6
rect:2 414 934 244 10
rect:591 390 87 46 33
rect:439 417 35 73 34
rect:431 74 207 262 31
Bingol2003_02.jpg 0x0
rect:632 80 153 91 36
rect:414 275 544 123 35
rect:198 296 81 310 32
rect:190 87 579 125 34
rect:311 293 751 622 31
rect:345 426 104 78 26
rect:91 377 188 234 32
rect:420 293 75 108 6
Bingol2003_03.jpg 0x0
rect:511 270 206 680 4
rect:124 33 139 157 33
rect:356 218 436 225 2
rect:953 500 293 280 2
rect:121 21 138 39 2
rect:734 -8 278 166 4
rect:560 153 207 92 11
Bingol2003_04.jpg 0x0
rect:234 416 33 108 3
rect:58 523 20 84 3
rect:110 727 39 75 3
rect:368 433 143 105 2
rect:232 317 156 174 4
rect:174 529 189 161 2
rect:94 583 116 106 2
rect:162 434 37 92 3
CanterburyNZSeries2010_01.jpg 0x0
rect:69 113 156 303 12
CanterburyNZSeries2010_02.jpg 0x0
rect:36 9 228 201 37
rect:49 41 189 174 6
CanterburyNZSeries2010_03.jpg 0x0
rect:45 77 410 103 38
CanterburyNZSeries2010_04.jpg 0x0
rect:429 529 29 63 40
rect:328 7 119 173 42
rect:404 379 18 59 40
rect:233 367 35 93 40
rect:155 542 112 187 41
rect:270 238 211 308 39
rect:327 395 41 127 40
rect:311 419 21 212 40
CanterburyNZSeries2010_05.jpg 0x0
rect:326 288 255 419 4
rect:252 154 157 142 15
CanterburyNZSeries2010_06.jpg 0x0
rect:266 259 302 96 2
rect:87 150 518 668 4
CanterburyNZSeries2010_08.jpg 0x0
rect:620 523 37 225 32
rect:602 360 85 171 44
rect:606 125 171 187 43
rect:590 432 119 135 44
CanterburyNZSeries2010_09.jpg 0x0
rect:300 303 143 401 39
rect:209 144 216 148 45
CanterburyNZSeries2010_10.jpg 0x0
rect:213 226 257 254 6
rect:216 505 323 108 6
rect:348 163 278 112 7
rect:402 320 277 103 46
CanterburyNZSeries2010_11.jpg 0x0
rect:405 228 384 115 7
rect:384 299 203 242 5
CanterburyNZSeries2010_12.jpg 0x0
rect:130 379 156 37 11
rect:6 300 773 323 47
rect:436 547 133 60 11
rect:56 444 1044 293 2
CanterburyNZSeries2010_13.jpg 0x0
rect:342 154 130 596 11
rect:206 16 404 832 12
Caracas1967_01.jpg 0x0
rect:297 145 80 76 48
rect:272 203 13 81 48
rect:230 129 41 115 48
rect:375 53 189 307 48
Caracas1967_02.jpg 0x0
rect:100 324 42 69 49
rect:113 389 33 37 50
rect:256 1 105 132 15
rect:215 172 269 195 51
Caracas1967_03.jpg 0x0
rect:18 384 309 81 6
rect:231 258 82 76 26
rect:299 247 127 157 34
rect:341 73 97 90 14
rect:352 327 25 148 27
rect:293 306 31 75 27
Caracas1967_04.jpg 0x0
rect:181 238 214 174 34
rect:112 452 14 90 27
rect:188 261 55 137 26
Caracas1967_05.jpg 0x0
rect:36 130 299 540 41
rect:190 192 72 237 40
rect:344 250 39 211 40
rect:162 313 45 284 40
rect:73 339 84 350 40
rect:27 71 271 647 48
rect:164 338 37 257 40
rect:320 186 162 166 52
rect:393 226 60 178 40
rect:74 461 266 227 52
Caracas1967_06.jpg 0x0
rect:299 203 77 67 6
rect:366 120 301 302 7
Caracas1967_07.jpg 0x0
rect:218 151 212 152 34
rect:415 378 77 73 53
rect:336 501 105 53 53
rect:508 234 110 237 34
rect:410 9 89 212 34
rect:172 99 48 141 27
rect:519 47 23 248 27
Caracas1967_08.jpg 0x0
rect:216 292 52 105 54
rect:355 180 81 154 54
rect:209 278 63 75 55
Caracas1967_09.jpg 0x0
rect:577 13 207 137 48
rect:147 136 116 76 48
rect:33 240 70 47 48
rect:67 187 44 83 48
Caracas1967_10.jpg 0x0
rect:276 221 92 167 40
rect:49 177 230 294 41
rect:284 288 88 196 40
rect:18 224 457 442 48
Caracas1967_11.jpg 0x0
rect:43 245 318 530 41
rect:297 14 181 319 41
rect:54 17 432 908 48
Caracas1967_12.jpg 0x0
rect:540 277 29 58 32
rect:708 282 17 61 32
rect:510 297 31 50 34
rect:252 310 25 47 56
Caracas1967_13.jpg 0x0
rect:122 477 117 323 55
Caracas1967_14.jpg 0x0
rect:150 304 330 48 6
rect:126 126 695 182 57
Chichi1999_01.jpg 0x0
rect:4 9 592 191 58
rect:368 112 54 241 42
Chichi1999_02.jpg 0x0
rect:7 72 260 152 58
rect:473 105 203 268 59
Chichi1999_03.jpg 0x0
rect:56 147 79 80 60
rect:0 136 961 178 58
Chichi1999_04.jpg 0x0
rect:258 243 102 240 48
rect:190 186 32 58 52
rect:297 -12 46 171 48
Chichi1999_05.jpg 0x0
rect:462 272 30 24 41
rect:488 173 48 102 52
rect:309 119 50 43 41
rect:456 88 96 263 48
Chichi1999_06.jpg 0x0
rect:631 186 29 70 41
rect:682 -15 107 92 61
rect:216 21 556 150 10
rect:365 165 76 84 62
rect:404 188 34 63 48
rect:255 185 19 26 52
Chichi1999_07.jpg 0x0
rect:700 167 57 133 48
rect:113 186 40 127 48
rect:56 282 691 148 63
rect:117 187 26 36 64
rect:808 323 17 23 64
rect:286 229 33 35 64
rect:291 276 55 124 48
Chichi1999_08.jpg 0x0
rect:113 16 386 622 10
Chichi1999_09.jpg 0x0
rect:184 118 33 107 40
rect:294 104 52 67 40
rect:295 120 122 100 41
rect:182 55 211 135 48
Chichi1999_10.jpg 0x0
rect:199 23 417 462 10
Chichi1999_11.jpg 0x0
rect:181 265 110 75 65
rect:2 111 201 650 10
Chichi1999_12.jpg 0x0
rect:8 20 335 515 66
Chichi1999_13.jpg 0x0
rect:42 65 577 358 10
Chichi1999_14.jpg 0x0
rect:352 336 30 39 39
rect:85 466 40 41 67
rect:114 198 43 61 67
rect:193 184 24 33 67
rect:137 223 62 57 67
rect:212 320 27 18 39
rect:165 386 25 38 67
rect:359 568 31 27 39
rect:170 566 22 50 67
rect:139 359 33 54 67
rect:56 527 48 65 67
rect:326 496 20 32 39
rect:375 401 36 58 67
rect:157 179 83 62 67
rect:203 286 21 53 67
rect:70 440 41 36 67
rect:353 597 71 74 67
Chichi1999_15.jpg 0x0
rect:173 24 291 557 41
Chichi1999_16.jpg 0x0
rect:160 137 77 134 32
Chichi1999_17.jpg 0x0
rect:139 288 18 50 32
Chichi1999_18.jpg 0x0
rect:121 215 43 80 69
rect:124 220 133 483 68
rect:341 268 39 186 69
rect:335 262 32 142 70
rect:286 209 36 151 69
rect:161 236 20 86 69
Chichi1999_19.jpg 0x0
rect:222 17 225 511 2
rect:286 144 205 244 3
YogyakartaInd2006_03.jpg 0x0
rect:151 223 288 191 71
rect:224 416 39 24 16
rect:298 22 126 2 15
rect:250 343 187 36 15
rect:321 180 16 5 16
rect:211 129 88 25 15
rect:301 90 137 61 15
rect:460 57 64 49 16
Chichi1999_20.jpg 0x0
rect:164 172 117 455 42
rect:178 272 56 231 41
Chichi1999_21.jpg 0x0
rect:139 99 171 275 72
rect:308 7 166 104 57
rect:13 4 226 123 30
rect:383 147 118 113 6
rect:227 268 72 140 6
rect:157 393 176 138 37
rect:252 39 226 257 37
rect:78 490 212 79 5
Chichi1999_22.jpg 0x0
rect:466 170 18 20 73
rect:210 161 255 139 10
rect:305 193 14 24 73
rect:352 207 13 15 73
Chichi1999_23.jpg 0x0
rect:147 225 22 20 34
rect:5 50 362 224 74
rect:80 438 37 91 34
rect:211 340 36 66 34
rect:351 199 33 47 73
rect:143 154 60 37 73
rect:275 172 30 21 27
rect:383 154 33 29 26
rect:81 273 40 115 73
rect:228 205 64 84 73
Chichi1999_24.jpg 0x0
rect:250 227 33 75 46
rect:203 170 97 121 75
rect:3 344 219 173 74
rect:446 374 1 2 46
rect:222 338 90 50 34
Chichi1999_25.jpg 0x0
rect:272 342 48 90 26
rect:142 197 104 168 34
rect:178 259 196 273 73
Chichi1999_26.jpg 0x0
rect:204 184 98 260 76
rect:157 561 145 182 73
rect:105 491 63 91 26
rect:124 587 137 113 27
rect:248 18 36 30 73
rect:261 127 57 90 73
Chichi1999_27.jpg 0x0
rect:176 184 72 461 32
Chichi1999_28.jpg 0x0
rect:274 252 309 151 77
rect:113 89 194 275 5
rect:315 177 155 258 75
rect:20 89 309 100 6
Chichi1999_29.jpg 0x0
rect:218 254 97 217 40
rect:237 254 53 173 52
rect:102 265 176 322 48
Chichi1999_30.jpg 0x0
rect:247 142 132 41 78
rect:32 286 131 159 73
rect:214 104 253 333 40
rect:258 96 179 70 52
Chichi1999_31.jpg 0x0
rect:687 100 44 208 48
rect:139 82 134 351 79
Chichi1999_32.jpg 0x0
rect:150 265 37 157 81
rect:549 167 53 177 39
rect:136 8 89 482 80
rect:245 77 35 112 81
Chichi1999_33.jpg 0x0
rect:234 106 131 259 32
rect:341 132 47 122 49
rect:81 53 128 351 33
rect:172 142 65 176 32
rect:155 184 61 136 49
rect:187 129 120 186 56
Chichi1999_34.jpg 0x0
rect:126 124 473 439 10
Duzce1999_01.jpg 0x0
rect:102 169 105 112 41
rect:164 60 81 236 39
Duzce1999_02.jpg 0x0
rect:70 66 168 387 41
Duzce1999_03.jpg 0x0
rect:278 116 119 235 31
rect:0 158 79 233 31
rect:103 101 83 343 42
Gediz1970_01.jpg 0x0
rect:150 223 115 213 69
rect:161 358 66 141 69
rect:95 88 182 590 68
Guatemala1976_01.jpg 0x0
rect:591 211 46 70 41
rect:18 127 656 173 82
rect:334 127 131 130 48
rect:75 214 59 43 41
rect:69 275 51 63 52
rect:39 141 120 132 48
Guatemala1976_02.jpg 0x0
rect:243 71 384 351 48
rect:307 70 126 116 40
Guatemala1976_03.jpg 0x0
rect:12 111 921 370 75
Guatemala1976_04.jpg 0x0
rect:94 31 263 73 30
rect:625 311 128 203 4
rect:30 73 358 309 30
rect:787 159 168 339 4
Guatemala1976_05.jpg 0x0
rect:115 151 468 165 40
rect:121 62 441 405 48
rect:247 132 382 148 41
Guatemala1976_06.jpg 0x0
rect:100 108 282 361 39
Guatemala1976_07.jpg 0x0
rect:205 481 110 77 83
rect:25 216 493 393 10
rect:22 388 71 65 6
Guatemala1976_08.jpg 0x0
rect:225 48 381 425 41
rect:156 37 416 515 48
rect:379 58 141 262 40
Guatemala1976_09.jpg 0x0
rect:88 276 36 20 85
rect:89 215 27 21 84
rect:822 347 57 52 85
rect:169 328 42 76 85
rect:181 339 34 35 84
rect:297 326 56 48 84
rect:412 299 53 24 85
rect:748 405 68 54 84
Guatemala1976_10.jpg 0x0
rect:360 311 32 142 87
rect:165 174 228 287 86
rect:256 168 258 201 87
Guatemala1976_11.jpg 0x0
rect:224 258 135 269 34
GujaratIndia2001_01.jpg 0x0
rect:75 533 72 29 2
rect:409 378 74 64 11
rect:32 401 219 167 4
rect:164 418 184 66 2
Haiti2010_01.jpg 0x0
rect:388 359 255 186 4
rect:276 126 197 291 41
rect:268 364 23 163 40
rect:96 54 142 105 7
rect:370 285 90 152 4
Haiti2010_02.jpg 0x0
rect:60 103 623 212 88
rect:316 38 195 59 14
Haiti2010_03.jpg 0x0
rect:229 735 163 273 89
rect:279 498 59 51 49
rect:303 1 46 519 32
rect:280 372 172 216 32
Haiti2010_04.jpg 0x0
rect:2 155 332 128 6
rect:171 56 263 291 34
rect:117 310 348 605 41
Haiti2010_05.jpg 0x0
rect:235 143 258 643 90
rect:337 296 36 116 40
rect:254 333 33 67 40
rect:228 244 167 118 52
Haiti2010_06.jpg 0x0
rect:400 208 679 488 91
rect:409 291 67 213 32
rect:412 181 260 361 33
rect:206 346 248 300 91
rect:662 192 68 86 34
rect:150 239 32 47 34
rect:537 256 54 55 6
ImperialValley1979_01.jpg 0x0
rect:458 220 22 17 49
rect:334 233 74 46 32
rect:10 412 98 171 32
rect:566 213 28 35 32
rect:576 377 24 21 49
rect:273 450 42 26 49
rect:428 242 45 32 32
rect:14 403 86 75 49
rect:66 355 76 84 50
rect:331 284 31 28 50
rect:264 403 51 45 50
ImperialValley1979_02.jpg 0x0
rect:226 188 65 115 50
rect:337 166 81 205 50
rect:147 104 91 152 50
rect:219 89 160 240 32
rect:211 199 245 49 92
rect:269 200 130 35 49
ImperialValley1979_03.jpg 0x0
rect:105 333 206 173 32
rect:132 431 260 52 92
rect:88 189 62 165 50
rect:90 366 324 27 92
rect:237 381 108 184 50
rect:165 193 146 141 32
rect:395 201 76 194 50
Izmit1999_01.jpg 0x0
rect:511 355 64 68 26
rect:215 146 41 103 27
rect:211 65 44 178 27
rect:168 298 40 98 27
rect:129 70 393 221 34
Izmit1999_02.jpg 0x0
rect:25 153 494 247 10
Izmit1999_03.jpg 0x0
rect:159 29 425 423 93
rect:426 81 31 253 50
rect:478 64 34 167 50
rect:393 111 45 321 50
rect:202 44 320 279 32
rect:122 89 62 267 50
rect:252 135 30 153 50
rect:138 246 459 26 92
Izmit1999_04.jpg 0x0
rect:374 464 19 68 40
rect:118 394 168 89 88
rect:316 70 69 93 41
rect:43 363 48 49 34
rect:174 276 126 74 88
rect:300 327 77 72 41
rect:79 326 61 81 41
rect:271 308 21 43 40
rect:76 542 29 65 42
rect:387 80 92 117 48
Izmit1999_05.jpg 0x0
rect:114 35 741 339 10
Izmit1999_06.jpg 0x0
rect:192 275 105 171 50
rect:224 301 43 110 50
rect:93 259 87 200 50
rect:151 314 138 60 49
rect:283 304 35 177 50
rect:153 129 173 592 32
Izmit1999_07.jpg 0x0
rect:139 390 47 176 3
rect:268 210 45 136 3
rect:264 320 95 376 4
rect:26 111 518 788 2
rect:346 80 110 54 6
rect:276 222 47 119 3
rect:353 117 59 85 3
Izmit1999_08.jpg 0x0
rect:530 83 85 85 41
rect:613 6 127 53 45
rect:178 31 118 95 34
rect:166 463 75 79 45
rect:255 207 216 96 88
rect:155 104 88 90 41
rect:664 113 76 22 52
Izmit1999_09.jpg 0x0
rect:365 239 134 88 94
rect:34 249 38 53 41
rect:710 301 49 73 94
rect:529 309 43 70 41
rect:186 211 38 32 41
rect:342 236 75 115 41
Izmit1999_10.jpg 0x0
rect:112 234 90 266 40
rect:239 117 155 147 40
rect:206 450 187 36 78
rect:33 237 411 50 78
rect:295 355 121 75 40
rect:308 431 57 59 40
rect:367 705 92 34 78
rect:61 117 79 242 40
rect:279 173 62 136 40
rect:81 192 345 363 41
rect:130 322 311 87 78
Izmit1999_11.jpg 0x0
rect:166 372 87 114 40
rect:206 453 126 131 41
rect:177 230 123 211 41
rect:171 221 90 207 40
rect:396 302 98 144 40
Izmit1999_12.jpg 0x0
rect:1 286 36 44 41
rect:59 331 49 68 52
rect:349 77 46 66 41
rect:368 220 90 103 94
rect:121 90 43 30 6
rect:350 163 62 54 7
rect:474 146 194 143 91
rect:303 247 54 139 42
rect:17 73 43 29 6
rect:246 259 57 141 41
rect:540 142 73 71 41
rect:69 325 75 118 94
rect:433 94 37 99 45
rect:302 197 32 24 6
rect:513 32 110 76 34
rect:335 374 49 126 52
rect:145 251 91 52 88
rect:108 351 22 49 40
Izmit1999_13.jpg 0x0
rect:194 71 197 353 48
rect:118 347 80 77 52
rect:141 155 57 47 6
rect:106 244 41 93 41
rect:347 182 123 251 41
rect:4 80 93 172 42
rect:297 79 94 126 41
rect:218 249 40 80 41
rect:126 266 121 130 94
Izmit1999_14.jpg 0x0
rect:280 296 39 26 34
rect:514 60 68 56 95
rect:547 265 78 40 34
rect:367 380 68 38 34
rect:55 174 93 55 34
rect:485 113 109 103 35
rect:344 7 195 91 35
rect:509 65 57 75 34
rect:349 439 57 28 34
Izmit1999_15.jpg 0x0
rect:175 207 285 421 42
Izmit1999_16.jpg 0x0
rect:154 102 52 98 40
rect:124 97 239 159 41
rect:107 70 258 223 39
rect:117 54 398 377 33
Izmit1999_17.jpg 0x0
rect:88 143 184 335 41
Izmit1999_18.jpg 0x0
rect:188 197 157 191 41
rect:129 168 194 241 39
Izmit1999_19.jpg 0x0
rect:527 189 29 61 50
rect:535 114 37 72 50
rect:196 139 178 303 32
rect:294 110 235 314 96
Kobe1995_01.jpg 0x0
rect:20 143 955 131 63
Kobe1995_02.jpg 0x0
rect:2 74 451 527 68
Kobe1995_03.jpg 0x0
rect:34 58 521 475 10
Kobe1995_04.jpg 0x0
rect:273 337 52 51 41
Kobe1995_05.jpg 0x0
rect:4 195 111 429 40
rect:147 213 266 469 52
rect:65 519 364 127 78
rect:236 169 128 439 40
rect:43 276 289 86 78
Kobe1995_06.jpg 0x0
rect:66 160 491 514 41
rect:240 488 371 343 42
Kobe1995_07.jpg 0x0
rect:97 413 41 35 39
rect:143 147 31 29 39
rect:254 248 43 43 39
rect:206 381 40 32 39
rect:54 271 40 47 39
rect:354 159 41 44 39
rect:234 544 48 29 39
rect:288 291 33 24 39
rect:326 221 39 26 39
rect:196 296 35 39 39
rect:406 528 39 27 39
rect:443 203 51 38 39
rect:332 105 48 48 39
rect:249 398 33 48 39
rect:265 251 30 36 39
rect:314 101 23 25 39
rect:187 315 33 44 39
rect:172 242 27 45 39
rect:134 262 40 30 39
rect:203 108 27 33 39
rect:390 220 32 50 39
rect:225 257 32 32 39
rect:292 387 34 31 39
rect:396 476 36 38 39
rect:166 167 41 41 39
rect:38 280 41 33 39
Kobe1995_08.jpg 0x0
rect:270 57 537 227 97
Kobe1995_09.jpg 0x0
rect:92 542 93 65 88
rect:93 842 80 82 88
rect:198 662 175 66 97
rect:91 591 94 63 88
SanSalvador_1986_01.jpg 0x0
rect:74 3 114 277 68
rect:311 180 127 179 41
SanSalvador_1986_02.jpg 0x0
rect:213 189 27 33 41
rect:392 244 42 52 41
rect:464 199 24 52 41
rect:341 126 53 35 42
rect:155 233 25 22 41
rect:452 247 50 36 41
rect:193 334 34 48 41
rect:298 246 21 40 41
rect:336 96 18 22 41
SikkimIndia2001_01.jpg 0x0
rect:175 144 156 169 34
SikkimIndia2001_02.jpg 0x0
rect:481 136 109 112 33
rect:444 142 98 37 16
rect:9 180 69 59 54
rect:377 277 125 15 16
rect:192 101 146 387 33
rect:10 6 226 97 16
rect:-13 2 278 86 33
rect:284 306 89 44 16
SikkimIndia2001_03.jpg 0x0
rect:197 203 79 117 70
rect:214 104 80 251 69
rect:196 12 137 441 98
SikkimIndia2001_04.jpg 0x0
rect:444 204 267 103 99
rect:220 169 118 190 34
rect:3 33 280 223 99
SumatraInd2009_01.jpg 0x0
rect:241 18 84 381 81
SumatraInd2009_02.jpg 0x0
rect:173 65 207 225 41
WhittierNarrows1987_01.jpg 0x0
rect:11 30 911 487 10
WhittierNarrows1987_02.jpg 0x0
rect:208 352 115 190 41
WhittierNarrows1987_03.jpg 0x0
rect:218 140 188 317 32
WhittierNarrows1987_04.jpg 0x0
rect:180 69 120 225 41
rect:328 13 340 156 100
rect:255 6 382 74 6
YogyakartaInd2006_01.jpg 0x0
rect:326 28 268 230 32
rect:202 142 300 73 49
rect:191 -29 363 415 29
YogyakartaInd2006_02.jpg 0x0
rect:338 103 50 161 69
rect:375 61 103 500 98
rect:324 81 56 143 70
