Anchorage1964_01.jpg 0x0
rect:73 455 215 274 1
rect:121 7 270 142 1
Anchorage1964_02.jpg 0x0
rect:278 26 326 73 4
rect:304 205 29 81 3
rect:97 283 30 22 6
rect:286 318 19 64 3
rect:487 254 97 62 4
rect:249 295 441 80 2
rect:28 147 140 42 5
rect:305 350 23 69 3
rect:474 352 16 50 3
rect:390 81 161 77 8
rect:506 304 16 47 3
rect:148 128 97 67 7
rect:418 329 29 77 3
rect:150 84 118 58 4
rect:42 30 114 38 5
rect:352 296 14 68 3
rect:155 157 60 19 6
rect:83 48 78 15 6
rect:216 328 33 70 3
Anchorage1964_03.jpg 0x0
rect:331 104 493 216 9
rect:2 267 296 74 9
rect:0 312 706 90 10
Anchorage1964_04.jpg 0x0
rect:327 208 24 22 5
rect:441 317 23 18 5
rect:201 317 40 17 5
rect:142 100 32 14 5
rect:215 134 17 32 1
rect:180 219 38 15 5
rect:257 601 60 20 2
rect:336 382 7 1 1
rect:137 54 34 18 5
rect:277 278 18 20 1
rect:173 462 44 20 5
rect:164 529 29 16 5
rect:339 155 29 16 5
rect:232 241 18 23 8
rect:198 33 22 17 5
rect:289 55 45 21 5
rect:341 207 17 29 1
rect:246 172 35 27 5
rect:416 248 20 15 5
rect:129 169 29 26 5
rect:251 471 26 20 1
rect:449 379 24 27 5
rect:460 390 31 13 5
rect:154 226 33 20 5
rect:413 26 27 15 5
rect:121 189 24 18 5
rect:303 358 18 32 1
rect:342 260 35 15 5
rect:296 352 27 36 1
rect:241 261 13 20 1
rect:348 311 16 38 1
rect:244 88 18 26 1
rect:314 309 18 23 1
rect:246 180 27 21 5
rect:251 118 41 14 5
rect:123 106 28 18 5
rect:371 227 22 33 1
rect:423 354 24 13 5
rect:217 466 31 18 5
Anchorage1964_05.jpg 0x0
rect:43 440 24 61 1
rect:51 49 23 56 1
rect:396 1 36 61 1
rect:398 268 46 27 11
rect:665 346 57 55 1
rect:43 263 24 44 1
rect:200 168 169 33 6
rect:116 95 20 46 1
rect:96 273 21 45 1
rect:697 258 66 29 5
rect:354 22 25 43 1
rect:502 92 44 48 1
rect:499 87 51 74 1
rect:658 326 32 27 6
rect:198 52 73 40 5
rect:633 196 38 86 1
rect:239 143 29 15 11
rect:52 294 27 54 1
rect:578 229 44 47 1
rect:630 406 37 16 6
rect:420 267 61 24 5
rect:625 292 51 80 8
rect:111 22 19 48 1
rect:212 43 132 48 6
rect:82 219 16 36 1
rect:46 102 21 53 1
rect:230 142 145 99 2
rect:340 257 63 57 8
rect:233 110 149 17 5
Anchorage1964_06.jpg 0x0
rect:112 124 92 235 3
rect:101 87 186 304 12
rect:224 276 70 76 11
Anchorage1964_07.jpg 0x0
rect:210 2 84 49 2
rect:311 183 70 125 13
rect:268 156 166 171 11
rect:7 253 408 34 14
rect:8 65 497 530 2
rect:293 214 69 79 11
rect:353 264 416 277 2
rect:322 168 53 144 3
rect:19 210 308 33 11
Anchorage1964_08.jpg 0x0
rect:243 39 112 141 1
rect:274 305 131 94 1
rect:53 319 109 131 1
rect:63 90 117 137 1
rect:404 412 142 166 1
rect:54 630 130 130 1
Anchorage1964_09.jpg 0x0
rect:58 119 74 11 16
rect:258 181 81 74 1
rect:448 8 380 17 15
rect:608 300 62 88 8
rect:91 36 62 86 8
rect:329 105 111 22 15
rect:13 18 481 13 15
rect:652 177 95 75 1
rect:600 132 1 1 16
rect:121 207 86 92 1
rect:259 182 60 76 1
rect:12 116 91 14 15
rect:658 122 133 19 15
rect:112 159 223 14 15
rect:136 385 51 64 8
rect:447 33 83 75 8
rect:660 10 115 11 16
rect:12 189 23 9 16
rect:14 13 43 14 16
Anchorage1964_10.jpg 0x0
rect:155 249 275 59 18
rect:71 235 267 364 1
rect:60 388 347 146 18
rect:184 216 70 90 17
Anchorage1964_11.jpg 0x0
rect:560 120 162 66 1
rect:160 63 208 130 4
rect:110 171 477 74 2
rect:73 525 573 11 14
rect:83 457 579 20 14
rect:388 259 354 29 11
rect:696 8 145 45 1
rect:168 170 335 17 15
Anchorage1964_12.jpg 0x0
rect:210 243 24 112 3
rect:265 71 181 203 11
rect:265 87 60 267 3
rect:14 90 588 354 2
rect:519 88 59 264 3
Anchorage1964_13.jpg 0x0
rect:346 545 182 29 2
rect:405 558 142 12 19
rect:507 441 25 211 20
Anchorage1964_14.jpg 0x0
rect:156 350 88 114 21
rect:249 14 63 161 11
rect:133 695 53 48 22
rect:391 7 65 173 11
rect:334 243 170 66 15
rect:9 671 225 63 11
rect:49 753 65 58 22
rect:65 180 110 34 15
rect:328 793 171 103 23
rect:15 772 35 72 22
rect:151 14 108 752 20
rect:131 552 31 52 22
Anchorage1964_15.jpg 0x0
rect:257 102 36 78 11
rect:343 234 126 27 24
rect:289 297 141 50 15
rect:207 11 80 69 4
rect:311 190 137 37 11
rect:142 85 46 363 20
rect:320 574 278 57 2
rect:327 148 40 87 25
rect:522 9 106 86 4
Anchorage1964_16.jpg 0x0
rect:330 206 126 159 2
rect:164 112 284 152 2
rect:248 262 349 188 11
rect:10 103 151 202 2
rect:11 271 65 87 2
rect:80 407 74 121 11
Anchorage1964_17.jpg 0x0
rect:277 67 218 255 9
rect:9 228 629 192 10
rect:12 145 197 124 9
Anchorage1964_18.jpg 0x0
rect:599 277 72 18 2
rect:384 160 119 83 4
rect:468 178 129 110 4
rect:125 253 68 141 4
rect:352 302 104 19 2
rect:370 302 38 66 11
rect:481 233 322 34 15
rect:170 288 19 47 11
rect:375 384 40 18 2
rect:111 239 73 36 11
Anchorage1964_19.jpg 0x0
rect:412 296 15 39 26
rect:24 336 23 132 27
rect:329 215 38 97 26
rect:301 174 17 40 26
rect:764 188 8 16 26
rect:664 99 59 33 28
rect:336 114 70 48 26
rect:344 60 76 104 29
rect:502 80 29 66 29
rect:635 191 10 7 26
rect:557 285 33 44 28
rect:497 139 19 27 26
rect:468 164 22 55 29
rect:282 86 21 35 27
rect:581 137 7 16 26
rect:559 279 10 20 26
rect:5 167 77 145 26
rect:347 86 33 28 26
Anchorage1964_20.jpg 0x0
rect:210 72 92 62 27
rect:228 91 121 144 29
rect:356 512 52 106 26
rect:178 416 92 96 26
rect:256 73 88 88 26
Anchorage1964_21.jpg 0x0
rect:186 171 512 219 30
rect:-7 51 62 161 29
rect:57 397 41 26 26
rect:2 74 56 27 26
Bingol2003_01.jpg 0x0
rect:689 159 101 81 33
rect:652 266 43 140 34
rect:247 68 73 23 6
rect:674 215 119 224 31
rect:110 216 56 52 33
rect:621 224 67 221 32
rect:492 453 38 65 34
rect:338 433 76 81 6
rect:300 193 56 50 33
rect:452 315 97 54 6
rect:576 352 161 64 6
rect:2 255 1144 266 10
rect:670 235 44 45 6
rect:455 157 88 96 6
rect:711 361 125 85 33
rect:636 477 100 48 33
rect:627 78 97 53 6
rect:523 74 203 240 31
rect:38 251 69 67 33
Bingol2003_02.jpg 0x0
rect:189 268 84 391 32
rect:1113 51 166 78 36
rect:258 363 60 93 6
rect:142 365 194 187 32
rect:330 198 963 464 31
rect:179 99 410 133 34
rect:453 188 530 140 35
rect:601 396 111 92 26
Bingol2003_03.jpg 0x0
rect:934 324 311 508 2
rect:438 139 384 190 2
rect:470 172 235 569 4
rect:462 178 182 60 11
rect:101 38 122 146 33
rect:727 -9 316 159 4
rect:104 30 139 35 2
Bingol2003_04.jpg 0x0
rect:180 334 216 214 2
rect:59 411 82 106 2
rect:213 605 27 84 3
rect:302 177 180 165 4
rect:107 715 37 81 3
rect:92 599 17 69 3
rect:346 669 99 99 2
rect:210 463 39 127 3
CanterburyNZSeries2010_01.jpg 0x0
rect:71 138 121 265 12
CanterburyNZSeries2010_02.jpg 0x0
rect:51 9 181 231 37
rect:60 63 141 200 6
CanterburyNZSeries2010_03.jpg 0x0
rect:57 89 312 176 38
CanterburyNZSeries2010_04.jpg 0x0
rect:228 292 22 191 40
rect:191 349 24 74 40
rect:314 356 19 65 40
rect:408 280 47 93 40
rect:188 7 119 150 42
rect:363 382 17 62 40
rect:171 490 101 243 41
rect:236 276 273 379 39
CanterburyNZSeries2010_05.jpg 0x0
rect:238 422 185 391 4
rect:387 167 150 124 15
CanterburyNZSeries2010_06.jpg 0x0
rect:179 282 219 137 2
rect:83 98 733 718 4
CanterburyNZSeries2010_08.jpg 0x0
rect:863 275 106 164 44
rect:851 651 36 169 32
rect:353 175 225 201 43
rect:891 428 62 167 44
CanterburyNZSeries2010_09.jpg 0x0
rect:354 214 134 391 39
rect:216 138 145 140 45
CanterburyNZSeries2010_10.jpg 0x0
rect:270 412 271 59 46
rect:283 552 246 81 6
rect:157 232 253 166 6
rect:297 221 340 90 7
CanterburyNZSeries2010_11.jpg 0x0
rect:430 197 394 153 7
rect:348 371 377 157 5
CanterburyNZSeries2010_12.jpg 0x0
rect:138 599 183 35 11
rect:600 623 216 56 11
rect:6 334 677 291 47
rect:44 436 848 259 2
CanterburyNZSeries2010_13.jpg 0x0
rect:323 220 133 444 11
rect:152 21 522 701 12
Caracas1967_01.jpg 0x0
rect:296 164 41 74 48
rect:287 190 12 67 48
rect:412 151 73 72 48
rect:407 64 229 332 48
Caracas1967_02.jpg 0x0
rect:127 478 48 81 49
rect:142 205 176 313 51
rect:117 295 51 46 50
rect:207 1 84 186 15
Caracas1967_03.jpg 0x0
rect:245 340 129 127 34
rect:345 81 97 86 14
rect:383 280 23 122 27
rect:315 399 42 80 27
rect:15 441 319 70 6
rect:302 441 70 95 26
Caracas1967_04.jpg 0x0
rect:115 482 17 67 27
rect:156 259 57 78 26
rect:107 268 215 210 34
Caracas1967_05.jpg 0x0
rect:253 233 151 175 52
rect:81 365 300 169 52
rect:65 331 62 227 40
rect:256 267 39 209 40
rect:394 283 43 192 40
rect:22 113 454 460 48
rect:358 257 33 271 40
rect:114 324 32 194 40
rect:39 128 411 479 41
rect:182 333 56 267 40
Caracas1967_06.jpg 0x0
rect:390 70 312 283 7
rect:271 216 94 68 6
Caracas1967_07.jpg 0x0
rect:440 213 84 89 53
rect:357 518 133 67 53
rect:270 7 116 343 34
rect:411 246 149 258 34
rect:181 137 132 249 34
rect:538 36 39 293 27
rect:171 186 44 216 27
Caracas1967_08.jpg 0x0
rect:185 288 57 115 54
rect:196 322 55 83 55
rect:503 243 65 127 54
Caracas1967_09.jpg 0x0
rect:22 216 41 47 48
rect:138 215 101 58 48
rect:109 220 67 84 48
rect:319 11 194 203 48
Caracas1967_10.jpg 0x0
rect:23 163 471 516 48
rect:222 157 84 234 40
rect:386 240 65 190 40
rect:31 251 225 364 41
Caracas1967_11.jpg 0x0
rect:46 332 192 429 41
rect:39 14 410 547 48
rect:230 18 160 235 41
Caracas1967_12.jpg 0x0
rect:490 256 35 55 34
rect:164 200 25 56 56
rect:764 415 30 63 32
rect:568 383 18 46 32
Caracas1967_13.jpg 0x0
rect:137 306 117 198 55
Caracas1967_14.jpg 0x0
rect:156 371 369 54 6
rect:153 145 479 159 57
Chichi1999_01.jpg 0x0
rect:242 106 58 195 42
rect:4 6 564 220 58
Chichi1999_02.jpg 0x0
rect:6 119 397 165 58
rect:377 78 212 271 59
Chichi1999_03.jpg 0x0
rect:0 199 875 168 58
rect:69 124 56 131 60
Chichi1999_04.jpg 0x0
rect:257 165 82 368 48
rect:231 -15 40 141 48
rect:269 227 27 52 52
Chichi1999_05.jpg 0x0
rect:260 162 100 252 48
rect:479 142 45 37 41
rect:314 269 35 33 41
rect:361 202 37 82 52
Chichi1999_06.jpg 0x0
rect:187 13 408 181 10
rect:372 148 58 83 48
rect:618 128 44 63 41
rect:286 172 24 21 52
rect:661 -11 66 51 61
rect:247 165 76 51 62
Chichi1999_07.jpg 0x0
rect:560 337 16 19 64
rect:472 179 32 25 64
rect:430 271 48 70 48
rect:170 123 61 128 48
rect:479 190 50 139 48
rect:217 211 32 41 64
rect:69 173 517 185 63
Chichi1999_08.jpg 0x0
rect:74 17 445 580 10
Chichi1999_09.jpg 0x0
rect:307 116 26 81 40
rect:207 117 99 125 41
rect:167 93 154 226 48
rect:200 105 46 84 40
Chichi1999_10.jpg 0x0
rect:185 17 468 545 10
Chichi1999_11.jpg 0x0
rect:151 288 132 79 65
rect:2 104 215 688 10
Chichi1999_12.jpg 0x0
rect:12 30 318 605 66
Chichi1999_13.jpg 0x0
rect:33 50 721 533 10
Chichi1999_14.jpg 0x0
rect:222 534 25 24 39
rect:139 371 35 38 67
rect:352 395 47 44 67
rect:144 608 29 43 67
rect:255 201 25 35 67
rect:303 200 45 58 39
rect:165 394 29 52 67
rect:107 457 59 51 67
rect:88 585 25 54 67
rect:200 214 66 60 67
rect:120 226 43 74 67
rect:359 491 20 23 39
rect:337 474 38 32 39
rect:73 522 48 50 67
rect:297 690 94 63 67
rect:139 290 31 56 67
rect:167 310 30 61 67
Chichi1999_15.jpg 0x0
rect:242 31 303 521 41
Chichi1999_16.jpg 0x0
rect:164 151 58 98 32
Chichi1999_17.jpg 0x0
rect:158 445 22 43 32
Chichi1999_18.jpg 0x0
rect:241 221 27 185 69
rect:137 287 37 121 69
rect:173 217 18 162 69
rect:265 185 43 117 69
rect:219 221 99 572 68
rect:184 242 43 142 70
Chichi1999_19.jpg 0x0
rect:182 26 197 518 2
rect:260 89 139 199 3
YogyakartaInd2006_03.jpg 0x0
rect:369 306 60 27 16
rect:462 84 66 29 16
rect:320 177 22 9 16
rect:196 232 256 126 71
rect:246 307 230 33 15
rect:306 64 156 44 15
rect:308 175 50 33 15
rect:191 28 106 2 15
Chichi1999_20.jpg 0x0
rect:198 252 95 306 42
rect:241 349 73 186 41
Chichi1999_21.jpg 0x0
rect:18 5 163 118 30
rect:356 25 234 209 37
rect:324 389 89 123 6
rect:198 115 283 313 72
rect:427 128 110 131 6
rect:550 8 96 90 57
rect:95 306 201 121 5
rect:166 302 186 159 37
Chichi1999_22.jpg 0x0
rect:290 247 17 20 73
rect:251 202 206 206 10
rect:315 275 14 19 73
rect:196 211 21 22 73
Chichi1999_23.jpg 0x0
rect:309 357 27 80 34
rect:88 171 62 64 73
rect:129 381 51 89 34
rect:4 50 604 124 74
rect:258 220 37 30 26
rect:376 177 39 66 73
rect:227 300 55 94 73
rect:343 178 35 20 27
rect:100 249 39 110 73
rect:119 213 28 34 34
Chichi1999_24.jpg 0x0
rect:197 211 57 54 34
rect:230 229 42 58 46
rect:3 429 235 232 74
rect:407 241 1 2 46
rect:180 131 141 96 75
Chichi1999_25.jpg 0x0
rect:251 396 45 59 26
rect:148 214 152 284 34
rect:172 220 160 218 73
Chichi1999_26.jpg 0x0
rect:198 214 45 107 73
rect:180 256 89 283 76
rect:154 665 137 117 73
rect:160 635 114 129 27
rect:191 705 80 90 26
rect:334 17 37 22 73
Chichi1999_27.jpg 0x0
rect:170 284 104 263 32
Chichi1999_28.jpg 0x0
rect:24 64 278 137 6
rect:266 164 152 171 75
rect:342 178 261 140 77
rect:171 110 108 274 5
Chichi1999_29.jpg 0x0
rect:185 188 169 270 48
rect:247 283 92 195 40
rect:199 296 89 162 52
Chichi1999_30.jpg 0x0
rect:251 264 248 67 78
rect:199 81 366 246 40
rect:195 159 170 79 52
rect:26 196 105 131 73
Chichi1999_31.jpg 0x0
rect:126 101 163 209 79
rect:510 135 58 166 48
Chichi1999_32.jpg 0x0
rect:151 45 48 106 81
rect:561 179 61 233 39
rect:136 279 28 142 81
rect:149 8 69 308 80
Chichi1999_33.jpg 0x0
rect:351 81 128 221 56
rect:295 132 45 99 49
rect:214 92 124 218 32
rect:104 97 69 243 32
rect:76 55 140 625 33
rect:144 183 47 98 49
Chichi1999_34.jpg 0x0
rect:109 123 378 475 10
Duzce1999_01.jpg 0x0
rect:168 119 96 143 41
rect:124 68 81 410 39
Duzce1999_02.jpg 0x0
rect:94 66 137 518 41
Duzce1999_03.jpg 0x0
rect:0 160 117 199 31
rect:228 144 108 301 31
rect:119 88 138 284 42
Gediz1970_01.jpg 0x0
rect:121 241 127 198 69
rect:178 494 83 202 69
rect:105 113 171 379 68
Guatemala1976_01.jpg 0x0
rect:41 157 103 130 48
rect:47 161 74 37 52
rect:58 228 39 55 41
rect:673 151 64 79 41
rect:366 162 188 153 48
rect:25 160 510 171 82
Guatemala1976_02.jpg 0x0
rect:241 93 244 216 48
rect:203 64 72 98 40
Guatemala1976_03.jpg 0x0
rect:17 97 538 312 75
Guatemala1976_04.jpg 0x0
rect:153 21 254 70 30
rect:357 190 97 224 4
rect:52 91 511 199 30
rect:447 187 147 323 4
Guatemala1976_05.jpg 0x0
rect:189 118 294 192 40
rect:246 142 373 110 41
rect:203 75 502 272 48
Guatemala1976_06.jpg 0x0
rect:124 139 270 373 39
Guatemala1976_07.jpg 0x0
rect:28 168 316 413 10
rect:18 360 67 44 6
rect:246 512 98 77 83
Guatemala1976_08.jpg 0x0
rect:294 98 122 303 40
rect:193 23 393 480 48
rect:132 71 287 485 41
Guatemala1976_09.jpg 0x0
rect:275 335 50 41 85
rect:178 275 45 79 85
rect:71 272 25 24 84
rect:240 352 45 35 84
rect:407 260 58 60 84
rect:583 218 46 42 85
rect:93 275 34 30 85
rect:703 354 61 49 84
Guatemala1976_10.jpg 0x0
rect:247 359 45 96 87
rect:184 219 270 340 86
rect:212 133 196 214 87
Guatemala1976_11.jpg 0x0
rect:165 208 108 179 34
GujaratIndia2001_01.jpg 0x0
rect:145 434 161 79 2
rect:26 385 236 186 4
rect:53 522 86 25 2
rect:263 578 61 59 11
Haiti2010_01.jpg 0x0
rect:274 157 201 468 41
rect:201 243 29 118 40
rect:561 179 130 131 4
rect:99 52 142 85 7
rect:369 483 233 187 4
Haiti2010_02.jpg 0x0
rect:229 33 136 42 14
rect:66 127 597 149 88
Haiti2010_03.jpg 0x0
rect:303 1 57 674 32
rect:241 799 279 266 89
rect:295 430 198 231 32
rect:304 566 70 56 49
Haiti2010_04.jpg 0x0
rect:2 144 217 122 6
rect:117 210 378 564 41
rect:202 42 307 277 34
Haiti2010_05.jpg 0x0
rect:292 150 252 438 90
rect:439 272 29 72 40
rect:242 297 219 147 52
rect:227 237 28 71 40
Haiti2010_06.jpg 0x0
rect:424 221 500 641 91
rect:562 168 72 47 6
rect:427 190 243 515 33
rect:531 173 90 103 34
rect:480 203 57 215 32
rect:189 301 266 382 91
rect:198 281 36 52 34
ImperialValley1979_01.jpg 0x0
rect:10 256 70 72 49
rect:328 388 24 45 50
rect:619 282 30 30 32
rect:697 394 23 16 49
rect:234 405 44 74 50
rect:72 289 69 77 50
rect:280 459 56 27 49
rect:9 244 135 111 32
rect:567 336 26 22 49
rect:590 214 36 41 32
rect:378 366 44 54 32
ImperialValley1979_02.jpg 0x0
rect:234 129 73 226 50
rect:414 109 90 203 50
rect:157 219 379 47 92
rect:258 163 47 191 50
rect:153 67 213 271 32
rect:287 151 88 54 49
ImperialValley1979_03.jpg 0x0
rect:310 285 74 246 50
rect:102 400 255 51 92
rect:112 296 62 289 50
rect:134 359 254 213 32
rect:174 225 245 159 32
rect:75 400 231 43 92
rect:220 327 74 158 50
Izmit1999_01.jpg 0x0
rect:240 85 349 405 34
rect:224 237 28 150 27
rect:239 121 33 177 27
rect:483 298 43 50 26
rect:308 68 54 219 27
Izmit1999_02.jpg 0x0
rect:35 138 581 322 10
Izmit1999_03.jpg 0x0
rect:382 81 37 277 50
rect:204 62 322 355 32
rect:185 39 344 376 93
rect:512 108 37 267 50
rect:177 186 251 41 92
rect:188 74 76 297 50
rect:216 166 46 138 50
rect:644 75 45 322 50
Izmit1999_04.jpg 0x0
rect:79 331 36 115 42
rect:227 409 101 100 41
rect:132 272 119 59 88
rect:414 257 24 76 40
rect:231 78 92 68 41
rect:42 593 43 90 41
rect:389 59 63 108 48
rect:91 560 190 167 88
rect:69 376 54 70 34
rect:444 287 28 47 40
Izmit1999_05.jpg 0x0
rect:87 20 492 418 10
Izmit1999_06.jpg 0x0
rect:275 257 53 113 50
rect:121 234 105 164 50
rect:113 310 155 86 49
rect:122 123 227 517 32
rect:99 250 69 217 50
rect:228 208 46 121 50
Izmit1999_07.jpg 0x0
rect:205 394 44 169 3
rect:407 402 112 359 4
rect:20 124 384 650 2
rect:384 143 82 70 3
rect:479 64 155 51 6
rect:297 270 43 123 3
rect:210 235 63 126 3
Izmit1999_08.jpg 0x0
rect:367 72 53 101 41
rect:183 297 117 81 45
rect:373 59 66 26 52
rect:147 261 240 101 88
rect:137 133 72 74 41
rect:164 27 87 127 34
rect:475 6 102 95 45
Izmit1999_09.jpg 0x0
rect:421 213 141 96 94
rect:695 318 69 63 94
rect:50 257 54 43 41
rect:290 232 85 80 41
rect:697 185 72 69 41
rect:322 158 32 44 41
Izmit1999_10.jpg 0x0
rect:113 227 282 64 78
rect:206 406 153 42 78
rect:261 482 78 133 40
rect:313 419 64 105 40
rect:314 743 70 31 78
rect:39 279 253 49 78
rect:204 145 39 203 40
rect:286 133 145 107 40
rect:196 234 74 223 40
rect:76 164 90 194 40
rect:97 123 404 509 41
Izmit1999_11.jpg 0x0
rect:156 178 130 193 41
rect:279 192 60 149 40
rect:255 441 137 172 41
rect:316 274 86 213 40
rect:204 311 60 160 40
Izmit1999_12.jpg 0x0
rect:449 222 66 131 52
rect:75 383 35 62 40
rect:342 144 35 90 45
rect:347 126 53 29 6
rect:1 284 24 51 41
rect:562 67 33 83 41
rect:332 28 74 79 34
rect:62 355 61 63 52
rect:381 189 70 67 41
rect:385 150 135 232 91
rect:254 360 56 147 41
rect:211 271 90 102 94
rect:50 180 52 112 94
rect:19 82 36 18 6
rect:158 269 75 49 88
rect:88 95 31 23 6
rect:347 159 39 130 42
rect:402 194 48 40 7
Izmit1999_13.jpg 0x0
rect:176 332 28 117 41
rect:158 301 45 70 41
rect:275 196 92 260 41
rect:5 55 97 153 42
rect:315 108 230 251 48
rect:103 120 58 53 6
rect:351 82 92 80 41
rect:110 190 118 117 94
rect:112 189 77 58 52
Izmit1999_14.jpg 0x0
rect:504 53 50 47 95
rect:343 174 87 100 35
rect:273 287 37 30 34
rect:363 6 191 58 35
rect:604 67 76 67 34
rect:497 188 58 48 34
rect:401 401 30 19 34
rect:60 174 77 75 34
rect:557 250 53 39 34
Izmit1999_15.jpg 0x0
rect:170 247 285 459 42
Izmit1999_16.jpg 0x0
rect:104 81 417 634 33
rect:191 102 251 136 41
rect:107 66 269 368 39
rect:158 144 40 76 40
Izmit1999_17.jpg 0x0
rect:130 101 256 245 41
Izmit1999_18.jpg 0x0
rect:161 113 135 221 39
rect:214 153 133 122 41
Izmit1999_19.jpg 0x0
rect:202 150 254 199 32
rect:249 88 179 229 96
rect:532 108 26 77 50
rect:338 149 20 57 50
Kobe1995_01.jpg 0x0
rect:21 143 1062 139 63
Kobe1995_02.jpg 0x0
rect:2 60 483 496 68
Kobe1995_03.jpg 0x0
rect:26 61 545 770 10
Kobe1995_04.jpg 0x0
rect:444 284 75 62 41
Kobe1995_05.jpg 0x0
rect:35 350 546 75 78
rect:100 568 393 147 78
rect:286 134 143 507 40
rect:4 153 94 513 40
rect:160 210 269 554 52
Kobe1995_06.jpg 0x0
rect:177 440 346 386 42
rect:61 130 482 567 41
Kobe1995_07.jpg 0x0
rect:337 357 29 27 39
rect:350 340 48 24 39
rect:158 477 24 29 39
rect:234 255 25 42 39
rect:384 106 52 47 39
rect:293 298 43 25 39
rect:252 463 33 45 39
rect:189 79 20 26 39
rect:142 106 26 30 39
rect:146 298 26 48 39
rect:149 410 28 25 39
rect:561 141 31 58 39
rect:411 311 35 41 39
rect:36 194 45 63 39
rect:273 361 35 27 39
rect:57 237 33 22 39
rect:125 294 40 43 39
rect:171 141 30 49 39
rect:262 593 32 35 39
rect:229 169 52 51 39
rect:421 232 44 41 39
rect:181 319 24 45 39
rect:292 213 44 50 39
rect:531 252 44 41 39
rect:556 172 49 40 39
rect:260 290 31 31 39
Kobe1995_08.jpg 0x0
rect:314 48 451 161 97
Kobe1995_09.jpg 0x0
rect:76 838 108 101 88
rect:157 767 147 70 97
rect:92 639 72 45 88
rect:93 573 76 46 88
SanSalvador_1986_01.jpg 0x0
rect:270 149 97 198 41
rect:79 3 115 184 68
SanSalvador_1986_02.jpg 0x0
rect:164 228 31 49 41
rect:237 231 58 36 41
rect:453 266 56 49 41
rect:210 225 34 28 41
rect:415 123 13 30 41
rect:231 234 25 36 41
rect:569 176 34 30 41
rect:552 220 54 36 42
rect:238 207 29 53 41
SikkimIndia2001_01.jpg 0x0
rect:232 166 133 111 34
SikkimIndia2001_02.jpg 0x0
rect:10 202 55 31 54
rect:-17 2 391 87 33
rect:518 177 129 17 16
rect:13 7 330 67 16
rect:227 68 254 341 33
rect:324 121 106 178 33
rect:239 194 85 46 16
rect:392 133 83 27 16
SikkimIndia2001_03.jpg 0x0
rect:290 228 92 135 70
rect:192 75 61 236 69
rect:181 9 166 372 98
SikkimIndia2001_04.jpg 0x0
rect:3 25 299 324 99
rect:327 233 254 79 99
rect:268 221 149 159 34
SumatraInd2009_01.jpg 0x0
rect:256 24 70 401 81
SumatraInd2009_02.jpg 0x0
rect:206 59 142 154 41
WhittierNarrows1987_01.jpg 0x0
rect:19 25 809 272 10
WhittierNarrows1987_02.jpg 0x0
rect:225 365 93 248 41
WhittierNarrows1987_03.jpg 0x0
rect:348 117 197 303 32
WhittierNarrows1987_04.jpg 0x0
rect:184 43 94 237 41
rect:183 8 287 89 6
rect:184 14 177 99 100
YogyakartaInd2006_01.jpg 0x0
rect:141 -23 326 472 29
rect:179 45 420 191 32
rect:301 107 374 77 49
YogyakartaInd2006_02.jpg 0x0
rect:329 53 128 512 98
rect:390 146 39 195 69
rect:322 121 80 154 70
