Anchorage1964_01.jpg 0x0
rect:80 323 249 222 1
rect:125 8 227 214 1
Anchorage1964_02.jpg 0x0
rect:667 282 19 71 3
rect:90 207 28 23 6
rect:270 307 19 68 3
rect:262 344 23 90 3
rect:526 231 15 66 3
rect:366 267 29 44 3
rect:248 339 34 46 3
rect:501 141 81 65 4
rect:56 42 73 17 6
rect:324 38 214 74 4
rect:339 184 16 41 3
rect:149 203 50 13 6
rect:147 95 95 83 4
rect:173 191 82 66 7
rect:27 24 131 50 5
rect:22 270 164 32 5
rect:415 58 146 103 8
rect:234 249 22 49 3
rect:183 188 307 76 2
Anchorage1964_03.jpg 0x0
rect:2 236 186 89 9
rect:281 75 308 253 9
rect:0 206 564 64 10
Anchorage1964_04.jpg 0x0
rect:206 509 22 29 1
rect:317 39 24 18 5
rect:330 226 18 22 1
rect:165 421 37 16 5
rect:141 65 30 16 5
rect:329 280 15 31 1
rect:245 168 36 20 5
rect:174 416 57 19 2
rect:354 520 22 21 5
rect:278 247 17 17 5
rect:147 260 41 13 5
rect:156 103 31 21 5
rect:279 271 21 32 8
rect:349 384 8 1 1
rect:217 432 33 16 5
rect:411 480 33 25 5
rect:250 169 11 17 1
rect:274 283 31 22 5
rect:187 207 41 15 5
rect:348 566 24 14 5
rect:180 235 21 26 1
rect:200 160 31 16 5
rect:289 157 21 30 1
rect:286 69 44 15 5
rect:313 186 37 17 5
rect:330 174 31 25 5
rect:127 296 25 18 5
rect:151 106 25 14 5
rect:317 259 37 12 5
rect:291 340 21 35 1
rect:361 353 17 21 1
rect:177 367 46 21 5
rect:342 69 25 20 5
rect:437 161 33 13 5
rect:258 334 14 18 1
rect:332 342 19 23 1
rect:147 226 21 19 5
rect:213 199 19 31 1
rect:139 23 26 19 5
Anchorage1964_05.jpg 0x0
rect:267 200 19 25 11
rect:46 354 19 45 1
rect:221 142 141 71 2
rect:333 81 30 61 1
rect:357 190 35 74 1
rect:76 226 25 46 1
rect:293 74 49 65 1
rect:454 382 54 62 8
rect:45 142 22 43 1
rect:93 32 18 49 1
rect:782 331 49 30 5
rect:185 44 118 51 6
rect:592 246 57 17 6
rect:641 24 47 74 1
rect:166 48 94 31 5
rect:68 195 22 35 1
rect:544 366 34 74 8
rect:273 253 57 29 11
rect:788 439 40 11 6
rect:69 126 17 41 1
rect:182 119 169 36 6
rect:170 188 81 22 5
rect:428 259 55 76 1
rect:640 294 80 46 5
rect:57 243 23 61 1
rect:46 65 32 37 1
rect:33 327 18 43 1
rect:528 1 32 43 1
rect:360 232 40 77 1
Anchorage1964_06.jpg 0x0
rect:150 60 227 483 12
rect:140 96 98 210 3
rect:228 169 52 71 11
Anchorage1964_07.jpg 0x0
rect:7 226 367 33 14
rect:369 244 75 66 11
rect:10 76 762 374 2
rect:16 249 232 35 11
rect:353 131 35 131 3
rect:200 119 184 138 11
rect:264 2 112 71 2
rect:384 271 281 235 2
rect:433 147 43 80 13
Anchorage1964_08.jpg 0x0
rect:286 253 159 115 1
rect:45 52 140 102 1
rect:273 545 134 140 1
rect:39 575 92 105 1
rect:43 250 87 70 1
rect:291 23 133 105 1
Anchorage1964_09.jpg 0x0
rect:348 112 121 21 15
rect:365 125 72 60 1
rect:116 169 66 68 1
rect:111 373 70 73 8
rect:125 30 100 84 8
rect:604 8 110 14 16
rect:13 13 435 14 15
rect:525 124 97 97 1
rect:12 158 79 20 15
rect:773 161 1 1 16
rect:12 20 83 12 16
rect:263 173 73 76 1
rect:163 121 305 12 15
rect:12 181 15 10 16
rect:416 10 333 16 15
rect:46 113 43 9 16
rect:586 204 94 64 8
rect:765 117 95 21 15
rect:607 33 105 56 8
Anchorage1964_10.jpg 0x0
rect:66 220 317 436 1
rect:99 350 319 161 18
rect:246 359 103 138 17
rect:159 212 172 72 18
Anchorage1964_11.jpg 0x0
rect:130 62 160 83 4
rect:355 216 235 30 11
rect:231 142 268 26 15
rect:637 120 199 100 1
rect:92 383 767 11 14
rect:116 143 520 100 2
rect:724 7 91 29 1
rect:81 336 642 20 14
Anchorage1964_12.jpg 0x0
rect:262 93 63 165 3
rect:13 86 607 291 2
rect:525 94 34 205 3
rect:231 189 33 97 3
rect:481 76 128 152 11
Anchorage1964_13.jpg 0x0
rect:228 413 150 30 2
rect:608 272 23 180 20
rect:271 402 111 18 19
Anchorage1964_14.jpg 0x0
rect:197 542 47 58 22
rect:219 13 101 884 20
rect:77 460 52 78 22
rect:11 645 255 77 11
rect:21 741 24 71 22
rect:246 12 82 306 11
rect:242 342 74 87 21
rect:412 5 88 108 11
rect:319 425 217 69 23
rect:382 178 129 70 15
rect:50 754 48 68 22
rect:55 325 170 34 15
Anchorage1964_15.jpg 0x0
rect:213 565 300 51 2
rect:240 83 85 408 20
rect:165 181 46 74 11
rect:306 10 109 70 4
rect:289 307 127 32 15
rect:490 315 96 46 11
rect:218 111 48 107 25
rect:430 283 88 39 24
rect:197 9 77 43 4
Anchorage1964_16.jpg 0x0
rect:95 269 111 103 11
rect:358 188 163 183 2
rect:11 224 68 106 2
rect:169 90 233 99 2
rect:228 246 276 143 11
rect:11 99 254 181 2
Anchorage1964_17.jpg 0x0
rect:10 227 583 171 10
rect:12 131 246 134 9
rect:286 41 234 178 9
Anchorage1964_18.jpg 0x0
rect:324 252 46 67 11
rect:146 188 54 139 4
rect:388 340 368 22 15
rect:526 139 76 117 4
rect:278 399 71 22 2
rect:324 149 87 83 4
rect:548 360 40 16 2
rect:132 259 75 33 11
rect:579 242 49 19 2
rect:92 189 22 61 11
Anchorage1964_19.jpg 0x0
rect:411 71 29 33 27
rect:775 174 10 7 26
rect:318 153 30 28 26
rect:237 68 75 96 29
rect:358 117 43 53 26
rect:385 130 17 67 29
rect:432 260 9 24 26
rect:488 313 20 39 26
rect:311 151 6 16 26
rect:248 358 58 84 26
rect:883 159 8 13 26
rect:378 166 12 41 26
rect:6 202 77 181 26
rect:609 293 36 26 28
rect:38 337 41 102 27
rect:524 131 58 36 28
rect:364 181 18 37 26
rect:443 101 38 79 29
Anchorage1964_20.jpg 0x0
rect:442 529 30 104 26
rect:268 73 86 60 27
rect:146 74 143 146 29
rect:224 514 57 135 26
rect:171 75 68 71 26
Anchorage1964_21.jpg 0x0
rect:2 94 47 48 26
rect:207 196 586 140 30
rect:56 266 34 26 26
rect:-6 72 114 202 29
Bingol2003_01.jpg 0x0
rect:137 265 61 61 33
rect:426 211 55 41 6
rect:260 89 98 27 6
rect:32 232 56 54 33
rect:269 133 67 60 33
rect:516 357 161 65 6
rect:386 56 60 61 6
rect:797 435 82 39 33
rect:401 399 43 213 32
rect:670 192 83 52 33
rect:579 288 76 72 6
rect:768 125 99 56 6
rect:364 256 44 43 34
rect:670 422 117 75 33
rect:468 344 71 113 6
rect:510 260 57 143 34
rect:685 64 175 266 31
rect:2 363 1084 333 10
rect:653 353 161 165 31
Bingol2003_02.jpg 0x0
rect:393 307 77 100 26
rect:414 376 80 82 6
rect:955 52 122 55 36
rect:512 160 430 136 35
rect:117 82 334 218 34
rect:99 637 155 275 32
rect:276 165 787 514 31
rect:165 304 100 342 32
Bingol2003_03.jpg 0x0
rect:356 265 234 76 11
rect:98 20 211 29 2
rect:86 38 138 143 33
rect:278 144 261 135 2
rect:743 -7 200 160 4
rect:1025 474 175 332 2
rect:874 236 247 673 4
Bingol2003_04.jpg 0x0
rect:68 646 23 66 3
rect:190 328 47 151 3
rect:147 358 36 76 3
rect:269 279 203 221 4
rect:303 731 82 96 2
rect:136 751 40 68 3
rect:177 388 241 182 2
rect:74 689 119 93 2
CanterburyNZSeries2010_01.jpg 0x0
rect:84 116 112 262 12
CanterburyNZSeries2010_02.jpg 0x0
rect:36 11 240 349 37
rect:72 52 199 292 6
CanterburyNZSeries2010_03.jpg 0x0
rect:43 72 309 174 38
CanterburyNZSeries2010_04.jpg 0x0
rect:417 368 51 148 40
rect:304 411 29 54 40
rect:210 7 117 168 42
rect:289 339 25 180 40
rect:220 351 225 403 39
rect:264 526 113 299 41
rect:246 488 30 55 40
rect:248 391 19 71 40
CanterburyNZSeries2010_05.jpg 0x0
rect:261 385 194 312 4
rect:256 184 134 101 15
CanterburyNZSeries2010_06.jpg 0x0
rect:68 86 888 554 4
rect:188 286 184 108 2
CanterburyNZSeries2010_08.jpg 0x0
rect:625 613 32 149 32
rect:385 150 211 207 43
rect:952 668 61 161 44
rect:823 372 113 105 44
CanterburyNZSeries2010_09.jpg 0x0
rect:290 164 167 184 45
rect:327 354 218 458 39
CanterburyNZSeries2010_10.jpg 0x0
rect:209 413 309 121 6
rect:365 265 209 102 46
rect:209 329 452 254 6
rect:272 195 309 157 7
CanterburyNZSeries2010_11.jpg 0x0
rect:226 408 338 214 5
rect:270 197 327 126 7
CanterburyNZSeries2010_12.jpg 0x0
rect:67 243 710 393 2
rect:169 568 138 33 11
rect:689 583 143 66 11
rect:5 260 999 328 47
CanterburyNZSeries2010_13.jpg 0x0
rect:466 147 84 359 11
rect:174 21 422 703 12
Caracas1967_01.jpg 0x0
rect:555 94 173 221 48
rect:389 188 29 103 48
rect:217 156 11 80 48
rect:252 185 57 81 48
Caracas1967_02.jpg 0x0
rect:163 439 50 77 49
rect:141 198 212 248 51
rect:141 415 54 26 50
rect:305 1 101 151 15
Caracas1967_03.jpg 0x0
rect:294 275 37 74 27
rect:209 406 82 72 26
rect:329 257 146 118 34
rect:340 55 59 127 14
rect:12 441 262 110 6
rect:364 451 33 156 27
Caracas1967_04.jpg 0x0
rect:159 325 174 117 34
rect:167 358 24 103 27
rect:117 271 50 128 26
Caracas1967_05.jpg 0x0
rect:254 293 190 164 52
rect:67 419 48 248 40
rect:92 406 244 193 52
rect:47 99 456 445 41
rect:209 229 66 277 40
rect:359 192 52 166 40
rect:142 435 52 262 40
rect:429 180 32 260 40
rect:39 107 451 644 48
rect:330 345 62 217 40
Caracas1967_06.jpg 0x0
rect:398 257 74 65 6
rect:319 121 202 174 7
Caracas1967_07.jpg 0x0
rect:349 216 101 96 53
rect:556 475 94 52 53
rect:151 105 144 161 34
rect:375 50 28 257 27
rect:502 8 81 232 34
rect:263 98 36 266 27
rect:503 228 140 246 34
Caracas1967_08.jpg 0x0
rect:206 222 75 133 55
rect:272 255 74 121 54
rect:262 288 58 88 54
Caracas1967_09.jpg 0x0
rect:29 246 67 54 48
rect:60 259 61 53 48
rect:217 156 110 75 48
rect:372 11 192 129 48
Caracas1967_10.jpg 0x0
rect:42 200 286 450 41
rect:522 400 69 185 40
rect:403 263 90 146 40
rect:20 162 605 322 48
Caracas1967_11.jpg 0x0
rect:59 230 202 586 41
rect:301 11 157 296 41
rect:60 14 492 776 48
Caracas1967_12.jpg 0x0
rect:867 436 30 72 32
rect:845 222 27 58 32
rect:421 183 25 34 34
rect:199 291 24 54 56
Caracas1967_13.jpg 0x0
rect:170 400 92 245 55
Caracas1967_14.jpg 0x0
rect:128 132 752 182 57
rect:116 334 304 49 6
Chichi1999_01.jpg 0x0
rect:262 132 41 203 42
rect:4 8 770 115 58
Chichi1999_02.jpg 0x0
rect:404 114 215 277 59
rect:6 113 329 129 58
Chichi1999_03.jpg 0x0
rect:58 191 81 112 60
rect:0 147 778 188 58
Chichi1999_04.jpg 0x0
rect:181 178 24 66 52
rect:272 -13 58 133 48
rect:218 244 84 252 48
Chichi1999_05.jpg 0x0
rect:304 196 29 33 41
rect:453 171 28 70 52
rect:323 164 37 67 41
rect:327 121 84 237 48
Chichi1999_06.jpg 0x0
rect:745 -12 73 94 61
rect:660 216 40 67 41
rect:177 14 597 221 10
rect:373 235 62 79 48
rect:338 104 76 53 62
rect:476 278 18 33 52
Chichi1999_07.jpg 0x0
rect:758 238 16 24 64
rect:430 223 33 138 48
rect:119 166 32 40 64
rect:284 201 34 37 64
rect:104 171 49 132 48
rect:604 227 51 77 48
rect:63 246 706 121 63
Chichi1999_08.jpg 0x0
rect:82 19 423 607 10
Chichi1999_09.jpg 0x0
rect:151 56 162 141 48
rect:277 93 33 80 40
rect:266 84 67 71 40
rect:281 121 94 120 41
Chichi1999_10.jpg 0x0
rect:124 15 615 336 10
Chichi1999_11.jpg 0x0
rect:183 165 104 88 65
rect:2 108 135 610 10
Chichi1999_12.jpg 0x0
rect:8 18 473 501 66
Chichi1999_13.jpg 0x0
rect:31 53 862 279 10
Chichi1999_14.jpg 0x0
rect:125 230 62 80 67
rect:462 634 96 71 67
rect:63 604 59 55 67
rect:193 478 24 56 67
rect:96 291 29 50 67
rect:221 310 38 45 39
rect:72 510 30 34 67
rect:215 201 23 30 67
rect:92 479 43 57 67
rect:231 304 36 41 67
rect:199 471 36 52 67
rect:363 382 18 27 39
rect:130 366 34 45 67
rect:292 527 28 37 67
rect:127 229 105 40 67
rect:324 258 25 57 39
rect:306 546 26 40 39
Chichi1999_15.jpg 0x0
rect:310 28 213 420 41
Chichi1999_16.jpg 0x0
rect:169 157 63 114 32
Chichi1999_17.jpg 0x0
rect:160 445 21 52 32
Chichi1999_18.jpg 0x0
rect:130 216 155 389 68
rect:277 228 28 106 69
rect:356 308 56 160 70
rect:173 217 33 98 69
rect:197 217 23 129 69
rect:239 403 31 148 69
Chichi1999_19.jpg 0x0
rect:203 16 349 307 2
rect:306 90 118 270 3
YogyakartaInd2006_03.jpg 0x0
rect:310 65 115 55 15
rect:179 34 76 2 15
rect:173 182 28 7 16
rect:281 121 46 29 15
rect:393 54 79 48 16
rect:198 497 161 21 15
rect:292 189 326 165 71
rect:279 336 44 38 16
Chichi1999_20.jpg 0x0
rect:186 336 41 203 41
rect:185 159 120 349 42
Chichi1999_21.jpg 0x0
rect:515 102 208 140 6
rect:166 265 149 104 37
rect:76 446 156 140 5
rect:320 344 125 98 6
rect:16 3 199 164 30
rect:135 103 263 230 72
rect:402 25 212 227 37
rect:385 7 142 96 57
Chichi1999_22.jpg 0x0
rect:556 320 13 21 73
rect:294 194 22 25 73
rect:245 248 14 27 73
rect:258 181 268 155 10
Chichi1999_23.jpg 0x0
rect:369 147 30 27 26
rect:85 434 55 106 73
rect:3 82 567 126 74
rect:262 179 27 23 27
rect:139 142 58 62 73
rect:123 322 50 57 34
rect:105 207 23 29 34
rect:222 367 73 99 73
rect:239 271 43 53 34
rect:256 166 54 61 73
Chichi1999_24.jpg 0x0
rect:281 226 50 69 46
rect:183 212 164 113 75
rect:3 437 205 170 74
rect:315 400 1 2 46
rect:140 215 87 40 34
Chichi1999_25.jpg 0x0
rect:267 395 36 83 26
rect:159 198 151 178 34
rect:176 271 193 258 73
Chichi1999_26.jpg 0x0
rect:106 542 89 112 27
rect:117 570 131 159 73
rect:220 19 49 25 73
rect:132 655 105 65 26
rect:239 263 108 430 76
rect:223 149 54 89 73
Chichi1999_27.jpg 0x0
rect:163 276 106 244 32
Chichi1999_28.jpg 0x0
rect:321 238 295 142 77
rect:116 95 140 284 5
rect:382 97 120 189 75
rect:21 51 378 97 6
Chichi1999_29.jpg 0x0
rect:129 229 228 341 48
rect:225 192 82 141 52
rect:273 285 137 138 40
Chichi1999_30.jpg 0x0
rect:218 123 253 54 52
rect:155 198 196 68 78
rect:37 233 94 137 73
rect:145 81 248 310 40
Chichi1999_31.jpg 0x0
rect:120 95 122 375 79
rect:615 85 59 254 48
Chichi1999_32.jpg 0x0
rect:614 154 46 139 39
rect:212 62 50 172 81
rect:208 6 81 492 80
rect:224 199 26 107 81
Chichi1999_33.jpg 0x0
rect:161 140 77 185 32
rect:207 66 115 291 32
rect:331 102 83 228 56
rect:290 181 37 103 49
rect:115 149 60 98 49
rect:95 66 143 424 33
Chichi1999_34.jpg 0x0
rect:143 116 471 268 10
Duzce1999_01.jpg 0x0
rect:177 63 98 392 39
rect:144 159 131 138 41
Duzce1999_02.jpg 0x0
rect:73 57 134 482 41
Duzce1999_03.jpg 0x0
rect:132 84 130 231 42
rect:0 151 72 177 31
rect:198 94 90 338 31
Gediz1970_01.jpg 0x0
rect:187 505 100 255 69
rect:92 363 98 259 69
rect:120 97 289 586 68
Guatemala1976_01.jpg 0x0
rect:41 115 100 86 48
rect:70 180 45 48 41
rect:545 143 70 77 41
rect:605 114 193 155 48
rect:31 96 475 130 82
rect:50 231 65 61 52
Guatemala1976_02.jpg 0x0
rect:196 77 270 220 48
rect:243 48 98 99 40
Guatemala1976_03.jpg 0x0
rect:22 98 640 233 75
Guatemala1976_04.jpg 0x0
rect:584 234 93 311 4
rect:145 23 442 68 30
rect:48 50 419 212 30
rect:520 246 121 379 4
Guatemala1976_05.jpg 0x0
rect:158 99 428 163 40
rect:153 125 298 91 41
rect:121 83 291 388 48
Guatemala1976_06.jpg 0x0
rect:123 130 186 551 39
Guatemala1976_07.jpg 0x0
rect:249 696 110 79 83
rect:25 180 402 468 10
rect:31 313 80 46 6
Guatemala1976_08.jpg 0x0
rect:137 69 432 502 41
rect:253 79 132 341 40
rect:188 28 517 469 48
Guatemala1976_09.jpg 0x0
rect:113 279 34 26 85
rect:187 284 58 61 85
rect:80 207 37 18 84
rect:821 403 67 92 84
rect:812 261 52 62 85
rect:453 202 60 60 84
rect:150 219 27 21 84
rect:249 358 56 25 85
Guatemala1976_10.jpg 0x0
rect:380 484 30 142 87
rect:214 148 187 165 87
rect:177 137 295 198 86
Guatemala1976_11.jpg 0x0
rect:211 216 111 258 34
GujaratIndia2001_01.jpg 0x0
rect:236 309 209 107 2
rect:230 339 42 42 11
rect:33 408 130 221 4
rect:83 626 81 32 2
Haiti2010_01.jpg 0x0
rect:230 178 132 463 41
rect:388 372 191 277 4
rect:432 235 128 92 4
rect:276 261 27 158 40
rect:157 59 165 139 7
Haiti2010_02.jpg 0x0
rect:341 35 191 61 14
rect:60 122 338 268 88
Haiti2010_03.jpg 0x0
rect:175 473 178 239 32
rect:282 600 56 79 49
rect:401 1 86 640 32
rect:292 435 162 192 89
Haiti2010_04.jpg 0x0
rect:173 306 229 672 41
rect:2 165 309 191 6
rect:250 40 291 285 34
Haiti2010_05.jpg 0x0
rect:195 250 32 75 40
rect:262 196 215 85 52
rect:294 208 209 513 90
rect:427 174 39 102 40
Haiti2010_06.jpg 0x0
rect:480 186 256 515 33
rect:400 193 76 163 32
rect:274 281 34 50 34
rect:247 204 357 308 91
rect:557 158 75 100 34
rect:388 180 701 646 91
rect:414 184 100 48 6
ImperialValley1979_01.jpg 0x0
rect:461 324 13 20 49
rect:418 325 67 48 32
rect:575 309 48 27 32
rect:373 397 27 17 49
rect:642 336 44 39 32
rect:368 387 54 48 50
rect:49 339 87 109 50
rect:341 271 46 21 49
rect:547 405 21 27 50
rect:9 333 95 160 32
rect:11 433 68 58 49
ImperialValley1979_02.jpg 0x0
rect:164 170 234 46 92
rect:279 197 35 103 50
rect:257 215 116 45 49
rect:271 131 64 186 50
rect:135 136 57 175 50
rect:217 105 212 265 32
ImperialValley1979_03.jpg 0x0
rect:127 289 247 24 92
rect:129 371 227 159 32
rect:84 471 208 44 92
rect:84 251 79 183 50
rect:153 182 240 118 32
rect:161 433 74 177 50
rect:257 239 52 245 50
Izmit1999_01.jpg 0x0
rect:323 85 59 172 27
rect:573 320 45 69 26
rect:192 166 45 187 27
rect:176 73 349 312 34
rect:224 253 47 144 27
Izmit1999_02.jpg 0x0
rect:22 116 652 321 10
Izmit1999_03.jpg 0x0
rect:290 110 30 184 50
rect:189 95 64 342 50
rect:146 55 325 316 93
rect:527 96 38 261 50
rect:483 104 41 297 50
rect:564 60 45 224 50
rect:289 47 227 387 32
rect:116 182 465 43 92
Izmit1999_04.jpg 0x0
rect:420 282 18 62 40
rect:47 309 60 91 41
rect:294 59 83 73 48
rect:379 106 103 72 41
rect:46 474 32 73 42
rect:375 272 28 62 40
rect:158 260 156 83 88
rect:392 448 95 59 41
rect:93 599 248 132 88
rect:41 407 82 75 34
Izmit1999_05.jpg 0x0
rect:90 34 440 391 10
Izmit1999_06.jpg 0x0
rect:191 237 107 201 50
rect:202 175 60 158 50
rect:131 230 125 67 49
rect:93 218 193 566 32
rect:268 352 50 172 50
rect:87 255 51 145 50
Izmit1999_07.jpg 0x0
rect:245 144 86 63 3
rect:457 85 150 38 6
rect:368 265 34 130 3
rect:28 81 506 515 2
rect:380 376 104 436 4
rect:222 319 38 149 3
rect:241 145 45 103 3
Izmit1999_08.jpg 0x0
rect:523 7 104 94 45
rect:175 97 87 80 41
rect:144 509 73 88 45
rect:572 76 40 38 52
rect:219 213 225 99 88
rect:651 60 86 53 41
rect:123 25 84 120 34
Izmit1999_09.jpg 0x0
rect:693 248 63 81 94
rect:595 167 64 47 41
rect:217 205 48 32 41
rect:421 227 118 96 94
rect:247 327 99 86 41
rect:48 219 41 45 41
Izmit1999_10.jpg 0x0
rect:347 561 68 77 40
rect:109 168 273 616 41
rect:206 134 58 192 40
rect:318 670 99 31 78
rect:50 151 97 203 40
rect:46 282 368 50 78
rect:131 152 109 191 40
rect:308 136 87 98 40
rect:237 606 69 138 40
rect:142 231 319 70 78
rect:199 496 130 33 78
Izmit1999_11.jpg 0x0
rect:132 378 68 164 40
rect:208 533 150 102 41
rect:420 355 57 214 40
rect:198 208 76 190 40
rect:206 258 160 199 41
Izmit1999_12.jpg 0x0
rect:343 171 44 108 42
rect:324 184 63 64 7
rect:617 233 222 234 91
rect:67 208 68 72 52
rect:143 243 66 61 88
rect:412 69 33 83 41
rect:55 192 72 95 94
rect:114 53 31 28 6
rect:343 384 67 112 41
rect:575 197 45 68 41
rect:426 134 62 75 45
rect:313 197 50 37 6
rect:69 312 29 44 40
rect:1 298 24 49 41
rect:16 50 39 20 6
rect:319 311 61 113 52
rect:364 348 98 133 94
rect:423 33 69 54 34
Izmit1999_13.jpg 0x0
rect:137 106 44 33 6
rect:353 78 70 114 41
rect:405 162 70 262 41
rect:207 82 248 298 48
rect:106 232 100 125 94
rect:126 232 40 124 41
rect:213 256 41 117 41
rect:5 79 110 233 42
rect:178 194 75 44 52
Izmit1999_14.jpg 0x0
rect:296 376 54 42 34
rect:546 55 106 91 34
rect:396 305 33 26 34
rect:366 7 140 57 35
rect:72 108 103 58 34
rect:314 186 76 31 34
rect:364 43 56 65 95
rect:361 117 110 61 35
rect:371 376 83 30 34
Izmit1999_15.jpg 0x0
rect:140 210 322 310 42
Izmit1999_16.jpg 0x0
rect:122 75 217 245 39
rect:120 55 349 420 33
rect:174 120 38 79 40
rect:152 108 244 147 41
Izmit1999_17.jpg 0x0
rect:82 100 183 327 41
Izmit1999_18.jpg 0x0
rect:232 210 90 157 41
rect:221 108 164 203 39
Izmit1999_19.jpg 0x0
rect:473 110 25 75 50
rect:250 105 265 248 96
rect:488 152 24 88 50
rect:322 156 184 292 32
Kobe1995_01.jpg 0x0
rect:33 198 777 185 63
Kobe1995_02.jpg 0x0
rect:2 66 583 617 68
Kobe1995_03.jpg 0x0
rect:33 59 623 748 10
Kobe1995_04.jpg 0x0
rect:259 286 62 56 41
Kobe1995_05.jpg 0x0
rect:5 183 147 607 40
rect:235 148 212 451 40
rect:93 218 189 622 52
rect:48 337 500 64 78
rect:86 707 283 155 78
Kobe1995_06.jpg 0x0
rect:160 490 378 286 42
rect:52 167 458 496 41
Kobe1995_07.jpg 0x0
rect:310 135 28 46 39
rect:231 352 34 44 39
rect:277 355 32 27 39
rect:286 163 41 39 39
rect:204 125 42 31 39
rect:289 288 35 23 39
rect:434 562 28 37 39
rect:125 349 26 34 39
rect:345 188 43 40 39
rect:420 357 46 30 39
rect:240 143 46 38 39
rect:225 161 30 28 39
rect:170 272 42 44 39
rect:172 320 27 50 39
rect:390 399 37 34 39
rect:253 189 39 38 39
rect:250 380 46 30 39
rect:122 292 34 42 39
rect:254 206 32 34 39
rect:166 292 44 47 39
rect:32 251 40 28 39
rect:53 271 44 49 39
rect:483 239 51 27 39
rect:164 313 28 28 39
rect:385 259 45 33 39
rect:488 144 41 40 39
Kobe1995_08.jpg 0x0
rect:316 42 374 218 97
Kobe1995_09.jpg 0x0
rect:181 639 187 92 97
rect:116 732 105 91 88
rect:80 639 80 76 88
rect:123 670 87 50 88
SanSalvador_1986_01.jpg 0x0
rect:64 3 76 240 68
rect:239 173 137 192 41
SanSalvador_1986_02.jpg 0x0
rect:288 338 26 50 41
rect:319 176 16 25 41
rect:347 165 38 56 41
rect:409 221 38 40 41
rect:636 338 54 59 41
rect:115 192 27 33 41
rect:207 288 29 53 41
rect:347 234 35 32 42
rect:239 185 23 38 41
SikkimIndia2001_01.jpg 0x0
rect:269 198 134 119 34
SikkimIndia2001_02.jpg 0x0
rect:-15 2 396 98 33
rect:594 294 68 20 16
rect:7 128 61 52 54
rect:11 6 375 95 16
rect:193 65 187 475 33
rect:431 78 67 47 16
rect:520 136 151 206 33
rect:287 279 66 42 16
SikkimIndia2001_03.jpg 0x0
rect:167 73 84 207 69
rect:296 176 120 174 70
rect:181 12 236 489 98
SikkimIndia2001_04.jpg 0x0
rect:3 35 287 326 99
rect:412 237 359 81 99
rect:236 192 86 164 34
SumatraInd2009_01.jpg 0x0
rect:367 28 63 370 81
SumatraInd2009_02.jpg 0x0
rect:237 81 175 195 41
WhittierNarrows1987_01.jpg 0x0
rect:15 31 1048 326 10
WhittierNarrows1987_02.jpg 0x0
rect:163 201 138 314 41
WhittierNarrows1987_03.jpg 0x0
rect:205 150 137 227 32
WhittierNarrows1987_04.jpg 0x0
rect:173 7 337 85 6
rect:332 14 219 118 100
rect:268 66 88 162 41
YogyakartaInd2006_01.jpg 0x0
rect:141 -28 535 550 29
rect:200 42 358 225 32
rect:275 134 322 101 49
YogyakartaInd2006_02.jpg 0x0
rect:339 98 63 180 70
rect:425 92 40 186 69
rect:259 46 138 553 98
