Anchorage1964_01.jpg 0x0
rect:87 7 190 138 1
rect:72 384 229 286 1
Anchorage1964_02.jpg 0x0
rect:495 266 14 74 3
rect:201 252 17 63 3
rect:311 151 73 62 4
rect:164 162 50 16 6
rect:249 296 331 106 2
rect:338 301 24 70 3
rect:331 250 27 65 3
rect:178 203 57 49 7
rect:507 186 17 40 3
rect:328 316 21 50 3
rect:327 25 229 66 4
rect:100 231 19 21 6
rect:91 44 77 18 6
rect:512 201 17 62 3
rect:416 261 27 45 3
rect:22 201 172 35 5
rect:29 31 164 56 5
rect:218 58 89 84 4
rect:538 52 123 96 8
Anchorage1964_03.jpg 0x0
rect:2 218 256 90 9
rect:285 88 296 158 9
rect:0 319 835 82 10
Anchorage1964_04.jpg 0x0
rect:132 313 27 18 5
rect:224 408 39 20 5
rect:321 575 24 31 1
rect:117 164 23 15 5
rect:124 72 34 14 5
rect:136 156 32 22 5
rect:271 164 30 24 5
rect:133 88 26 18 5
rect:191 284 23 21 1
rect:244 221 29 20 8
rect:276 183 22 29 1
rect:384 361 27 13 5
rect:379 125 36 19 5
rect:311 329 25 14 5
rect:346 31 23 22 5
rect:392 353 29 14 5
rect:347 53 34 13 5
rect:161 185 34 17 5
rect:348 216 21 28 1
rect:165 67 23 16 5
rect:366 159 17 26 1
rect:273 236 22 24 1
rect:168 19 33 13 5
rect:336 111 21 19 5
rect:124 119 32 22 5
rect:417 283 38 20 5
rect:294 89 18 22 1
rect:275 255 14 20 1
rect:270 244 10 22 1
rect:379 310 35 18 5
rect:288 491 34 23 5
rect:168 468 66 13 2
rect:144 430 30 14 5
rect:170 259 32 18 5
rect:182 351 23 24 1
rect:318 182 38 18 5
rect:188 187 12 34 1
rect:304 343 7 1 1
rect:346 393 27 25 5
Anchorage1964_05.jpg 0x0
rect:48 151 17 52 1
rect:207 156 138 51 6
rect:816 334 58 17 6
rect:431 355 49 53 8
rect:121 103 18 37 1
rect:467 184 42 32 5
rect:654 297 53 29 6
rect:30 382 17 60 1
rect:333 208 43 26 11
rect:508 197 51 70 1
rect:381 22 35 45 1
rect:377 240 149 71 2
rect:486 113 49 59 1
rect:490 190 46 50 8
rect:304 226 28 24 11
rect:55 209 25 43 1
rect:284 1 55 44 1
rect:200 186 140 21 5
rect:188 34 91 61 6
rect:373 97 46 51 1
rect:76 89 32 34 1
rect:233 63 108 39 5
rect:448 272 44 79 1
rect:421 243 31 80 1
rect:106 256 19 32 1
rect:55 308 23 57 1
rect:569 269 41 32 5
rect:130 21 24 31 1
rect:103 319 22 62 1
Anchorage1964_06.jpg 0x0
rect:169 179 86 297 3
rect:220 194 75 68 11
rect:111 94 191 309 12
Anchorage1964_07.jpg 0x0
rect:6 364 279 41 14
rect:264 155 47 100 13
rect:8 86 730 361 2
rect:199 2 99 63 2
rect:299 112 155 162 11
rect:377 116 40 143 3
rect:507 207 103 88 11
rect:433 188 392 269 2
rect:12 187 323 30 11
Anchorage1964_08.jpg 0x0
rect:332 302 137 89 1
rect:37 75 108 106 1
rect:31 495 84 119 1
rect:382 33 136 110 1
rect:50 321 95 120 1
rect:384 512 100 121 1
Anchorage1964_09.jpg 0x0
rect:560 93 78 27 15
rect:50 175 73 10 16
rect:12 103 23 13 16
rect:451 104 99 24 15
rect:408 9 300 15 15
rect:520 39 58 76 8
rect:493 122 46 64 1
rect:132 295 55 75 8
rect:484 229 1 1 16
rect:13 18 64 14 16
rect:415 200 56 99 1
rect:317 130 81 83 1
rect:197 160 378 10 15
rect:10 18 389 11 15
rect:10 103 74 24 15
rect:102 156 90 53 1
rect:124 35 93 90 8
rect:759 9 132 9 16
rect:529 251 60 55 8
Anchorage1964_10.jpg 0x0
rect:75 321 242 127 18
rect:71 229 396 288 1
rect:196 220 166 62 18
rect:204 274 79 136 17
Anchorage1964_11.jpg 0x0
rect:214 158 476 15 15
rect:309 197 302 42 11
rect:95 295 767 25 14
rect:56 506 699 14 14
rect:525 7 80 48 1
rect:87 161 536 57 2
rect:431 133 122 116 1
rect:109 54 134 143 4
Anchorage1964_12.jpg 0x0
rect:11 101 738 334 2
rect:474 60 38 197 3
rect:182 177 38 133 3
rect:409 57 191 155 11
rect:223 81 59 276 3
Anchorage1964_13.jpg 0x0
rect:552 515 37 160 20
rect:265 374 98 14 19
rect:317 505 183 23 2
Anchorage1964_14.jpg 0x0
rect:121 734 50 54 22
rect:87 265 131 23 15
rect:240 778 162 69 23
rect:389 6 107 166 11
rect:165 477 30 58 22
rect:11 478 252 91 11
rect:325 11 88 230 11
rect:255 266 67 116 21
rect:443 159 207 41 15
rect:221 16 96 648 20
rect:43 536 66 82 22
rect:20 608 23 67 22
Anchorage1964_15.jpg 0x0
rect:217 140 63 103 25
rect:170 238 124 37 15
rect:251 114 41 63 11
rect:219 50 78 362 20
rect:395 11 65 51 4
rect:490 304 143 60 11
rect:220 507 169 64 2
rect:352 352 137 30 24
rect:335 9 84 80 4
Anchorage1964_16.jpg 0x0
rect:18 298 63 110 2
rect:276 91 342 99 2
rect:13 133 188 242 2
rect:491 255 125 203 2
rect:206 158 264 189 11
rect:102 246 83 79 11
Anchorage1964_17.jpg 0x0
rect:9 183 689 194 10
rect:9 115 185 167 9
rect:233 62 169 246 9
Anchorage1964_18.jpg 0x0
rect:459 265 102 16 2
rect:171 322 55 54 11
rect:592 384 73 21 2
rect:93 309 23 56 11
rect:360 331 45 14 2
rect:492 324 223 26 15
rect:113 192 89 98 4
rect:361 133 94 95 4
rect:426 190 35 56 11
rect:406 132 92 88 4
Anchorage1964_19.jpg 0x0
rect:35 302 27 82 27
rect:321 146 34 24 26
rect:503 137 61 31 28
rect:293 121 36 35 27
rect:406 89 20 37 26
rect:310 98 64 40 26
rect:520 133 28 53 29
rect:851 120 7 7 26
rect:304 313 17 39 26
rect:499 225 10 28 26
rect:570 192 12 38 26
rect:539 99 8 18 26
rect:276 70 50 123 29
rect:5 302 91 116 26
rect:680 282 41 32 28
rect:200 246 33 89 26
rect:621 162 9 11 26
rect:476 132 50 81 29
Anchorage1964_20.jpg 0x0
rect:390 482 30 99 26
rect:246 106 123 85 26
rect:240 90 117 142 29
rect:166 465 54 171 26
rect:246 94 87 40 27
Anchorage1964_21.jpg 0x0
rect:-5 93 72 184 29
rect:58 318 35 41 26
rect:2 121 39 27 26
rect:137 175 420 116 30
Bingol2003_01.jpg 0x0
rect:466 214 175 191 31
rect:555 76 178 240 31
rect:590 289 58 60 6
rect:620 231 42 136 32
rect:362 208 78 57 33
rect:600 337 73 47 33
rect:484 123 74 61 6
rect:328 487 102 80 6
rect:192 68 62 27 6
rect:685 359 96 88 33
rect:695 314 102 78 6
rect:608 78 69 84 6
rect:343 189 50 141 34
rect:949 201 78 86 33
rect:190 201 60 73 33
rect:438 460 135 95 6
rect:539 422 45 72 34
rect:2 326 724 297 10
rect:28 179 90 67 33
Bingol2003_02.jpg 0x0
rect:143 68 435 204 34
rect:906 63 151 77 36
rect:159 592 156 243 32
rect:413 387 85 124 26
rect:271 257 947 656 31
rect:449 289 99 74 6
rect:225 279 59 407 32
rect:376 292 321 172 35
Bingol2003_03.jpg 0x0
rect:494 -7 288 260 4
rect:274 178 437 146 2
rect:825 194 327 758 4
rect:104 54 112 97 33
rect:108 26 197 41 2
rect:820 591 246 350 2
rect:454 213 259 72 11
Bingol2003_04.jpg 0x0
rect:82 480 87 71 2
rect:132 315 201 231 2
rect:449 698 108 77 2
rect:294 186 150 180 4
rect:185 492 23 75 3
rect:119 416 32 73 3
rect:199 575 38 121 3
rect:64 770 21 94 3
CanterburyNZSeries2010_01.jpg 0x0
rect:102 90 88 310 12
CanterburyNZSeries2010_02.jpg 0x0
rect:48 8 246 351 37
rect:38 43 184 184 6
CanterburyNZSeries2010_03.jpg 0x0
rect:40 82 251 135 38
CanterburyNZSeries2010_04.jpg 0x0
rect:435 475 40 97 40
rect:221 203 257 388 39
rect:249 424 30 96 40
rect:328 489 14 47 40
rect:284 472 27 204 40
rect:290 284 25 47 40
rect:159 353 121 285 41
rect:336 7 113 212 42
CanterburyNZSeries2010_05.jpg 0x0
rect:297 219 96 89 15
rect:217 286 242 434 4
CanterburyNZSeries2010_06.jpg 0x0
rect:90 92 658 572 4
rect:194 203 241 81 2
CanterburyNZSeries2010_08.jpg 0x0
rect:725 266 91 131 44
rect:639 146 192 293 43
rect:505 351 37 220 32
rect:1005 476 65 178 44
CanterburyNZSeries2010_09.jpg 0x0
rect:206 170 177 157 45
rect:194 339 204 500 39
CanterburyNZSeries2010_10.jpg 0x0
rect:205 317 145 58 46
rect:266 580 288 144 6
rect:239 272 330 215 6
rect:395 208 275 147 7
CanterburyNZSeries2010_11.jpg 0x0
rect:309 280 216 146 5
rect:245 236 386 125 7
CanterburyNZSeries2010_12.jpg 0x0
rect:185 498 177 57 11
rect:6 328 815 406 47
rect:627 333 196 60 11
rect:62 249 744 299 2
CanterburyNZSeries2010_13.jpg 0x0
rect:204 15 529 536 12
rect:496 165 116 541 11
Caracas1967_01.jpg 0x0
rect:470 65 175 322 48
rect:258 189 83 126 48
rect:331 212 39 114 48
rect:202 187 11 51 48
Caracas1967_02.jpg 0x0
rect:232 229 272 379 51
rect:223 1 81 212 15
rect:93 432 29 39 50
rect:151 423 58 60 49
Caracas1967_03.jpg 0x0
rect:314 489 38 56 27
rect:335 65 93 121 14
rect:15 488 319 125 6
rect:339 279 85 68 26
rect:453 289 40 89 27
rect:277 326 134 196 34
Caracas1967_04.jpg 0x0
rect:182 445 40 123 26
rect:171 368 18 72 27
rect:148 241 220 144 34
Caracas1967_05.jpg 0x0
rect:203 293 58 266 40
rect:26 64 329 798 48
rect:190 313 46 270 40
rect:290 186 50 185 40
rect:55 439 55 268 40
rect:240 211 193 194 52
rect:59 297 179 243 52
rect:30 148 455 337 41
rect:368 174 41 200 40
rect:114 324 44 190 40
Caracas1967_06.jpg 0x0
rect:328 255 68 57 6
rect:377 80 275 210 7
Caracas1967_07.jpg 0x0
rect:275 6 124 254 34
rect:206 116 42 157 27
rect:326 288 132 344 34
rect:488 39 33 179 27
rect:155 156 194 159 34
rect:490 315 94 88 53
rect:404 355 114 114 53
Caracas1967_08.jpg 0x0
rect:379 258 71 128 54
rect:162 252 79 72 55
rect:164 363 66 75 54
Caracas1967_09.jpg 0x0
rect:63 212 53 80 48
rect:160 210 98 101 48
rect:28 205 38 61 48
rect:446 14 213 138 48
Caracas1967_10.jpg 0x0
rect:15 205 461 305 48
rect:419 419 88 187 40
rect:47 221 203 297 41
rect:377 210 107 162 40
Caracas1967_11.jpg 0x0
rect:40 17 554 654 48
rect:64 218 195 572 41
rect:303 16 127 266 41
Caracas1967_12.jpg 0x0
rect:693 367 20 70 32
rect:490 309 33 54 34
rect:248 354 25 47 56
rect:755 349 25 48 32
Caracas1967_13.jpg 0x0
rect:150 487 92 237 55
Caracas1967_14.jpg 0x0
rect:113 358 226 55 6
rect:122 123 746 183 57
Chichi1999_01.jpg 0x0
rect:3 10 870 133 58
rect:469 118 51 196 42
Chichi1999_02.jpg 0x0
rect:352 97 219 332 59
rect:5 68 319 144 58
Chichi1999_03.jpg 0x0
rect:0 150 633 168 58
rect:99 143 79 109 60
Chichi1999_04.jpg 0x0
rect:174 275 65 348 48
rect:154 247 31 78 52
rect:170 -13 47 130 48
Chichi1999_05.jpg 0x0
rect:379 109 61 52 41
rect:335 233 35 24 41
rect:351 134 71 241 48
rect:337 235 39 55 52
Chichi1999_06.jpg 0x0
rect:725 186 51 60 41
rect:253 103 73 45 62
rect:178 14 530 132 10
rect:475 -13 68 72 61
rect:424 204 41 84 48
rect:409 276 16 41 52
Chichi1999_07.jpg 0x0
rect:361 228 22 33 64
rect:417 167 42 90 48
rect:171 145 50 157 48
rect:621 299 61 111 48
rect:756 313 20 22 64
rect:125 131 30 34 64
rect:45 149 527 149 63
Chichi1999_08.jpg 0x0
rect:131 11 567 521 10
Chichi1999_09.jpg 0x0
rect:235 131 93 91 41
rect:218 75 40 92 40
rect:254 68 211 223 48
rect:285 118 51 64 40
Chichi1999_10.jpg 0x0
rect:127 24 503 365 10
Chichi1999_11.jpg 0x0
rect:108 231 91 92 65
rect:2 109 220 628 10
Chichi1999_12.jpg 0x0
rect:9 23 326 754 66
Chichi1999_13.jpg 0x0
rect:36 47 705 473 10
Chichi1999_14.jpg 0x0
rect:120 345 62 84 67
rect:447 572 50 64 67
rect:224 210 34 53 67
rect:134 519 26 29 67
rect:412 652 84 87 67
rect:227 244 19 31 67
rect:204 469 22 48 67
rect:102 280 59 56 67
rect:105 137 110 46 67
rect:55 532 57 58 67
rect:353 302 25 26 39
rect:98 468 24 36 67
rect:155 321 30 66 67
rect:98 237 30 68 67
rect:284 471 21 19 39
rect:177 477 19 42 39
rect:315 353 35 39 39
Chichi1999_15.jpg 0x0
rect:269 37 186 544 41
Chichi1999_16.jpg 0x0
rect:175 159 73 112 32
Chichi1999_17.jpg 0x0
rect:175 331 25 54 32
Chichi1999_18.jpg 0x0
rect:211 183 27 102 69
rect:294 263 44 111 70
rect:195 186 32 151 69
rect:267 244 24 115 69
rect:187 166 171 571 68
rect:188 220 32 120 69
Chichi1999_19.jpg 0x0
rect:228 18 209 493 2
rect:298 153 150 302 3
YogyakartaInd2006_03.jpg 0x0
rect:437 76 115 48 15
rect:396 552 56 26 16
rect:165 18 122 2 15
rect:193 232 364 110 71
rect:244 166 73 43 15
rect:267 480 158 29 15
rect:284 90 104 33 16
rect:239 116 28 9 16
Chichi1999_20.jpg 0x0
rect:261 475 41 175 41
rect:194 218 74 329 42
Chichi1999_21.jpg 0x0
rect:538 6 110 89 57
rect:16 5 276 203 30
rect:405 142 114 107 6
rect:141 95 219 225 72
rect:54 391 169 101 5
rect:236 370 214 196 37
rect:323 27 181 186 37
rect:349 384 120 102 6
Chichi1999_22.jpg 0x0
rect:223 203 13 22 73
rect:184 196 22 16 73
rect:209 203 224 144 10
rect:536 253 15 20 73
Chichi1999_23.jpg 0x0
rect:128 403 48 75 73
rect:261 342 77 118 73
rect:114 127 27 32 34
rect:131 188 62 43 73
rect:118 366 39 73 34
rect:296 171 49 78 73
rect:261 364 42 76 34
rect:387 141 26 21 26
rect:227 204 35 26 27
rect:4 68 656 157 74
Chichi1999_24.jpg 0x0
rect:269 167 29 46 46
rect:375 438 1 2 46
rect:121 157 162 113 75
rect:207 335 68 67 34
rect:3 287 309 190 74
Chichi1999_25.jpg 0x0
rect:112 231 130 385 73
rect:165 367 52 77 26
rect:157 254 129 163 34
Chichi1999_26.jpg 0x0
rect:258 14 51 22 73
rect:200 137 68 85 73
rect:168 539 82 87 26
rect:288 192 125 494 76
rect:135 500 112 101 73
rect:115 409 106 107 27
Chichi1999_27.jpg 0x0
rect:208 202 99 285 32
Chichi1999_28.jpg 0x0
rect:178 110 134 177 5
rect:20 71 203 112 6
rect:350 334 278 119 77
rect:378 126 151 173 75
Chichi1999_29.jpg 0x0
rect:252 177 88 209 52
rect:199 185 138 140 40
rect:170 265 136 363 48
Chichi1999_30.jpg 0x0
rect:23 334 81 118 73
rect:241 176 140 58 52
rect:256 122 269 323 40
rect:172 246 186 72 78
Chichi1999_31.jpg 0x0
rect:562 110 43 178 48
rect:110 118 86 295 79
Chichi1999_32.jpg 0x0
rect:150 76 56 197 81
rect:626 133 40 198 39
rect:141 9 85 447 80
rect:219 260 29 144 81
Chichi1999_33.jpg 0x0
rect:295 69 137 385 32
rect:88 66 112 368 33
rect:314 80 111 319 56
rect:155 146 68 175 32
rect:258 144 35 127 49
rect:154 135 52 98 49
Chichi1999_34.jpg 0x0
rect:123 104 311 394 10
Duzce1999_01.jpg 0x0
rect:146 124 123 98 41
rect:177 47 90 220 39
Duzce1999_02.jpg 0x0
rect:87 64 193 477 41
Duzce1999_03.jpg 0x0
rect:190 111 78 215 31
rect:107 121 150 225 42
rect:0 215 105 202 31
Gediz1970_01.jpg 0x0
rect:153 86 287 710 68
rect:120 247 114 315 69
rect:191 432 87 189 69
Guatemala1976_01.jpg 0x0
rect:30 121 789 132 82
rect:453 218 71 83 41
rect:68 172 73 57 52
rect:388 133 100 163 48
rect:54 192 34 41 41
rect:32 195 132 119 48
Guatemala1976_02.jpg 0x0
rect:330 85 98 125 40
rect:163 79 382 257 48
Guatemala1976_03.jpg 0x0
rect:16 98 932 334 75
Guatemala1976_04.jpg 0x0
rect:116 25 252 78 30
rect:591 222 119 351 4
rect:347 231 122 331 4
rect:40 81 588 229 30
Guatemala1976_05.jpg 0x0
rect:117 169 320 213 40
rect:184 86 318 442 48
rect:200 204 215 117 41
Guatemala1976_06.jpg 0x0
rect:88 114 202 481 39
Guatemala1976_07.jpg 0x0
rect:27 336 65 65 6
rect:22 191 496 459 10
rect:309 560 91 70 83
Guatemala1976_08.jpg 0x0
rect:231 43 246 271 41
rect:413 88 220 210 40
rect:200 40 445 527 48
Guatemala1976_09.jpg 0x0
rect:281 361 59 37 85
rect:245 243 42 59 84
rect:707 272 40 92 84
rect:92 362 37 21 85
rect:226 221 41 79 85
rect:206 346 39 37 84
rect:813 200 81 49 85
rect:99 319 37 21 84
Guatemala1976_10.jpg 0x0
rect:294 327 46 108 87
rect:281 221 187 256 86
rect:257 156 291 193 87
Guatemala1976_11.jpg 0x0
rect:178 179 158 217 34
GujaratIndia2001_01.jpg 0x0
rect:147 374 159 84 2
rect:255 365 71 53 11
rect:29 324 234 229 4
rect:78 602 84 37 2
Haiti2010_01.jpg 0x0
rect:219 180 204 449 41
rect:602 549 181 206 4
rect:477 342 92 130 4
rect:149 56 87 123 7
rect:369 266 33 144 40
Haiti2010_02.jpg 0x0
rect:60 71 381 154 88
rect:253 31 140 43 14
Haiti2010_03.jpg 0x0
rect:175 289 201 214 32
rect:292 585 226 263 89
rect:309 1 75 601 32
rect:265 479 49 60 49
Haiti2010_04.jpg 0x0
rect:2 177 352 167 6
rect:188 376 391 696 41
rect:246 44 179 317 34
Haiti2010_05.jpg 0x0
rect:280 328 44 117 40
rect:335 212 227 155 52
rect:321 188 358 628 90
rect:319 270 22 115 40
Haiti2010_06.jpg 0x0
rect:457 209 67 156 32
rect:499 244 89 49 6
rect:170 200 324 265 91
rect:511 121 493 853 91
rect:300 137 205 438 33
rect:405 197 86 101 34
rect:226 374 37 55 34
ImperialValley1979_01.jpg 0x0
rect:279 327 62 40 32
rect:253 301 41 22 49
rect:48 254 99 105 50
rect:423 305 37 46 50
rect:222 262 54 71 50
rect:600 396 24 19 49
rect:575 343 52 45 32
rect:590 411 16 16 49
rect:11 415 102 92 32
rect:18 305 98 83 49
rect:694 336 38 33 32
ImperialValley1979_02.jpg 0x0
rect:182 138 86 246 50
rect:246 177 49 114 50
rect:204 155 91 56 49
rect:293 106 90 181 50
rect:194 169 374 71 92
rect:271 88 229 200 32
ImperialValley1979_03.jpg 0x0
rect:205 148 153 137 32
rect:240 345 95 166 50
rect:119 382 219 185 32
rect:137 434 372 35 92
rect:338 238 71 182 50
rect:113 323 306 54 92
rect:72 302 81 271 50
Izmit1999_01.jpg 0x0
rect:292 152 37 186 27
rect:193 69 61 224 27
rect:216 60 381 251 34
rect:230 245 36 122 27
rect:485 343 58 82 26
Izmit1999_02.jpg 0x0
rect:33 151 807 248 10
Izmit1999_03.jpg 0x0
rect:540 81 45 216 50
rect:181 178 29 235 50
rect:215 56 239 379 32
rect:147 207 325 25 92
rect:544 86 66 278 50
rect:197 90 83 379 50
rect:138 30 274 488 93
rect:511 79 30 231 50
Izmit1999_04.jpg 0x0
rect:58 347 74 45 34
rect:344 433 23 60 40
rect:281 55 110 105 48
rect:146 296 146 50 88
rect:102 542 241 155 88
rect:347 467 24 63 40
rect:60 503 73 73 41
rect:350 59 61 93 41
rect:64 359 28 91 42
rect:371 427 92 67 41
Izmit1999_05.jpg 0x0
rect:108 27 450 542 10
Izmit1999_06.jpg 0x0
rect:158 262 69 221 50
rect:114 310 60 175 50
rect:300 207 49 183 50
rect:380 224 36 175 50
rect:158 209 173 71 49
rect:110 174 196 421 32
Izmit1999_07.jpg 0x0
rect:22 138 381 729 2
rect:340 385 122 299 4
rect:322 142 56 93 3
rect:354 170 43 104 3
rect:354 50 125 43 6
rect:212 404 40 177 3
rect:213 241 59 87 3
Izmit1999_08.jpg 0x0
rect:165 301 178 148 88
rect:407 59 57 64 41
rect:414 6 102 83 45
rect:149 29 109 89 34
rect:107 102 59 88 41
rect:121 411 78 107 45
rect:399 99 63 27 52
Izmit1999_09.jpg 0x0
rect:272 250 46 36 41
rect:722 283 79 64 94
rect:250 246 81 84 41
rect:343 187 94 113 94
rect:579 315 63 56 41
rect:59 191 44 66 41
Izmit1999_10.jpg 0x0
rect:224 564 100 142 40
rect:77 359 290 56 78
rect:210 117 142 130 40
rect:197 314 103 46 78
rect:252 204 59 165 40
rect:198 568 73 23 78
rect:106 213 82 326 40
rect:50 265 407 36 78
rect:49 119 67 177 40
rect:66 179 261 542 41
rect:311 306 49 59 40
Izmit1999_11.jpg 0x0
rect:254 258 79 236 40
rect:233 542 124 133 41
rect:158 154 144 206 41
rect:263 293 85 112 40
rect:206 371 80 129 40
Izmit1999_12.jpg 0x0
rect:312 345 68 141 94
rect:20 50 32 30 6
rect:562 30 101 69 34
rect:439 138 50 130 42
rect:543 158 74 74 41
rect:1 266 25 43 41
rect:309 252 58 114 52
rect:348 286 84 131 41
rect:42 339 48 64 52
rect:50 315 54 84 94
rect:241 220 59 31 6
rect:495 139 50 58 7
rect:89 219 30 50 40
rect:110 280 102 65 88
rect:434 201 251 263 91
rect:481 64 47 82 41
rect:102 90 38 17 6
rect:357 107 37 84 45
Izmit1999_13.jpg 0x0
rect:202 297 88 74 52
rect:347 78 138 339 48
rect:162 334 29 99 41
rect:165 306 112 160 94
rect:478 136 113 251 41
rect:319 105 90 111 41
rect:181 354 32 96 41
rect:5 83 109 169 42
rect:136 143 51 33 6
Izmit1999_14.jpg 0x0
rect:425 40 46 45 95
rect:445 336 69 41 34
rect:269 492 41 24 34
rect:521 186 103 65 35
rect:71 125 122 52 34
rect:374 9 185 57 35
rect:186 328 55 34 34
rect:437 272 62 39 34
rect:546 73 72 90 34
Izmit1999_15.jpg 0x0
rect:137 222 183 473 42
Izmit1999_16.jpg 0x0
rect:189 107 199 167 41
rect:146 72 285 236 39
rect:97 80 478 359 33
rect:208 133 44 114 40
Izmit1999_17.jpg 0x0
rect:110 152 243 332 41
Izmit1999_18.jpg 0x0
rect:199 167 191 273 39
rect:240 201 154 139 41
Izmit1999_19.jpg 0x0
rect:238 115 246 204 32
rect:356 156 25 89 50
rect:560 179 33 92 50
rect:253 65 237 433 96
Kobe1995_01.jpg 0x0
rect:28 122 826 165 63
Kobe1995_02.jpg 0x0
rect:2 54 356 510 68
Kobe1995_03.jpg 0x0
rect:45 46 338 696 10
Kobe1995_04.jpg 0x0
rect:338 342 60 64 41
Kobe1995_05.jpg 0x0
rect:100 637 424 115 78
rect:156 175 244 697 52
rect:367 154 162 504 40
rect:4 130 134 556 40
rect:47 243 479 78 78
Kobe1995_06.jpg 0x0
rect:69 161 365 607 41
rect:213 431 229 382 42
Kobe1995_07.jpg 0x0
rect:384 371 31 23 39
rect:540 434 39 49 39
rect:373 391 40 39 39
rect:376 392 37 25 39
rect:341 119 50 27 39
rect:206 130 47 53 39
rect:159 214 37 29 39
rect:293 119 29 46 39
rect:103 315 33 29 39
rect:45 246 53 30 39
rect:283 283 30 37 39
rect:90 208 28 36 39
rect:288 458 33 46 39
rect:535 276 44 42 39
rect:374 168 41 43 39
rect:61 262 43 38 39
rect:241 432 30 45 39
rect:188 206 43 34 39
rect:167 107 34 35 39
rect:312 518 45 53 39
rect:387 145 48 43 39
rect:442 397 37 37 39
rect:114 311 34 53 39
rect:438 191 41 46 39
rect:122 349 41 43 39
rect:162 239 33 46 39
Kobe1995_08.jpg 0x0
rect:221 76 400 255 97
Kobe1995_09.jpg 0x0
rect:107 768 80 107 88
rect:174 539 197 57 97
rect:121 445 86 87 88
rect:87 547 59 84 88
SanSalvador_1986_01.jpg 0x0
rect:58 3 129 223 68
rect:336 112 145 153 41
SanSalvador_1986_02.jpg 0x0
rect:576 199 38 58 42
rect:409 191 28 33 41
rect:182 237 31 37 41
rect:194 356 40 53 41
rect:265 116 16 24 41
rect:302 166 46 38 41
rect:200 257 33 23 41
rect:528 190 40 37 41
rect:566 227 34 28 41
SikkimIndia2001_01.jpg 0x0
rect:287 196 108 164 34
SikkimIndia2001_02.jpg 0x0
rect:364 241 99 17 16
rect:346 307 87 54 16
rect:9 157 65 32 54
rect:190 95 163 467 33
rect:-18 2 491 85 33
rect:567 123 115 42 16
rect:12 6 315 56 16
rect:569 106 99 181 33
SikkimIndia2001_03.jpg 0x0
rect:253 69 88 262 69
rect:161 208 83 220 70
rect:152 10 125 463 98
SikkimIndia2001_04.jpg 0x0
rect:487 135 356 87 99
rect:284 129 118 152 34
rect:3 31 183 256 99
SumatraInd2009_01.jpg 0x0
rect:224 30 50 300 81
SumatraInd2009_02.jpg 0x0
rect:248 61 125 205 41
WhittierNarrows1987_01.jpg 0x0
rect:15 25 960 415 10
WhittierNarrows1987_02.jpg 0x0
rect:159 197 117 275 41
WhittierNarrows1987_03.jpg 0x0
rect:185 137 161 233 32
WhittierNarrows1987_04.jpg 0x0
rect:346 18 211 115 100
rect:268 59 120 220 41
rect:232 6 270 67 6
YogyakartaInd2006_01.jpg 0x0
rect:201 172 207 72 49
rect:236 -18 537 350 29
rect:181 36 367 194 32
YogyakartaInd2006_02.jpg 0x0
rect:456 131 79 216 70
rect:396 48 173 486 98
rect:400 145 59 225 69
