Anchorage1964_01.jpg 0x0
rect:95 8 197 183 1
rect:67 293 273 223 1
Anchorage1964_02.jpg 0x0
rect:84 187 58 18 6
rect:244 68 63 56 4
rect:26 196 159 41 5
rect:237 236 23 82 3
rect:202 320 465 81 2
rect:267 34 191 62 4
rect:292 280 21 66 3
rect:90 34 67 18 6
rect:294 318 21 80 3
rect:124 252 19 24 6
rect:206 302 28 60 3
rect:342 184 20 66 3
rect:409 233 24 42 3
rect:469 292 15 44 3
rect:35 18 186 34 5
rect:357 142 64 74 4
rect:442 304 14 47 3
rect:676 45 95 128 8
rect:130 120 58 60 7
Anchorage1964_03.jpg 0x0
rect:0 267 466 68 10
rect:288 72 261 164 9
rect:2 172 242 65 9
Anchorage1964_04.jpg 0x0
rect:188 120 28 19 5
rect:268 353 15 16 1
rect:404 382 26 17 5
rect:151 329 32 13 5
rect:226 294 13 26 1
rect:423 25 36 23 5
rect:262 67 27 20 5
rect:141 235 21 20 5
rect:443 347 41 12 5
rect:395 250 38 13 5
rect:256 417 17 26 1
rect:237 292 7 1 1
rect:301 293 25 20 5
rect:205 226 32 16 5
rect:373 255 21 25 1
rect:158 474 30 14 5
rect:318 126 25 37 1
rect:314 187 42 22 5
rect:321 60 41 22 5
rect:151 521 57 15 2
rect:236 255 19 27 8
rect:197 245 19 28 1
rect:198 276 21 18 5
rect:264 409 18 35 1
rect:447 143 27 17 5
rect:125 47 40 14 5
rect:169 470 27 19 5
rect:303 246 18 19 1
rect:453 181 21 22 5
rect:318 340 27 15 5
rect:406 332 25 21 5
rect:193 293 12 29 1
rect:153 430 36 19 5
rect:130 88 38 18 5
rect:294 298 21 22 1
rect:176 25 22 15 5
rect:209 120 18 19 1
rect:353 287 32 19 5
rect:167 107 32 26 5
Anchorage1964_05.jpg 0x0
rect:556 1 43 69 1
rect:417 241 51 77 1
rect:581 260 65 38 5
rect:450 26 47 69 1
rect:52 88 26 30 1
rect:507 74 41 42 1
rect:233 50 107 31 5
rect:162 121 152 49 6
rect:123 26 16 27 1
rect:233 208 28 24 11
rect:40 490 17 65 1
rect:441 452 57 14 6
rect:826 206 56 18 6
rect:447 259 58 45 5
rect:505 329 56 81 1
rect:69 159 16 50 1
rect:304 240 123 75 2
rect:125 107 17 40 1
rect:115 206 23 43 1
rect:493 80 39 55 1
rect:352 457 49 50 8
rect:247 45 82 39 6
rect:515 229 39 40 1
rect:430 329 38 69 8
rect:93 236 16 52 1
rect:297 260 58 22 11
rect:44 293 17 36 1
rect:131 116 146 19 5
rect:61 198 16 43 1
Anchorage1964_06.jpg 0x0
rect:147 61 220 314 12
rect:210 326 80 82 11
rect:206 141 109 284 3
Anchorage1964_07.jpg 0x0
rect:407 227 77 107 11
rect:374 101 43 141 3
rect:7 272 441 36 14
rect:377 185 260 191 2
rect:301 175 43 99 13
rect:8 82 937 469 2
rect:303 94 153 119 11
rect:221 2 141 78 2
rect:15 188 355 29 11
Anchorage1964_08.jpg 0x0
rect:236 259 135 146 1
rect:63 96 140 124 1
rect:274 42 112 123 1
rect:34 525 73 163 1
rect:243 359 119 156 1
rect:66 339 76 121 1
Anchorage1964_09.jpg 0x0
rect:131 324 82 49 8
rect:319 161 78 57 1
rect:453 33 75 82 8
rect:587 189 84 89 1
rect:197 105 216 14 15
rect:98 34 68 92 8
rect:537 9 352 12 15
rect:361 150 81 31 15
rect:13 16 431 18 15
rect:10 127 98 21 15
rect:11 165 15 11 16
rect:79 134 75 60 1
rect:17 20 51 13 16
rect:585 228 1 1 16
rect:475 11 127 12 16
rect:520 132 100 24 15
rect:722 214 79 70 8
rect:344 197 73 77 1
rect:58 110 54 10 16
Anchorage1964_10.jpg 0x0
rect:76 223 303 334 1
rect:61 321 294 125 18
rect:240 292 121 129 17
rect:159 188 267 79 18
Anchorage1964_11.jpg 0x0
rect:96 538 578 20 14
rect:564 90 196 68 1
rect:226 209 441 21 15
rect:81 621 709 13 14
rect:433 7 118 30 1
rect:235 265 237 35 11
rect:152 42 141 143 4
rect:72 189 589 97 2
Anchorage1964_12.jpg 0x0
rect:401 111 41 286 3
rect:12 97 731 253 2
rect:240 145 29 80 3
rect:290 68 131 203 11
rect:466 107 46 218 3
Anchorage1964_13.jpg 0x0
rect:465 540 98 12 19
rect:629 408 27 131 20
rect:309 590 147 20 2
Anchorage1964_14.jpg 0x0
rect:79 303 113 31 15
rect:20 659 27 60 22
rect:435 187 161 44 15
rect:448 589 145 67 23
rect:140 612 36 54 22
rect:371 10 67 164 11
rect:221 13 83 843 20
rect:203 304 68 102 21
rect:120 583 35 63 22
rect:524 5 58 190 11
rect:10 436 136 60 11
rect:36 484 40 70 22
Anchorage1964_15.jpg 0x0
rect:292 334 183 31 15
rect:224 439 285 62 2
rect:371 224 130 53 11
rect:536 9 118 51 4
rect:335 10 89 65 4
rect:171 93 85 455 20
rect:208 145 48 69 25
rect:225 104 46 81 11
rect:482 207 77 40 24
Anchorage1964_16.jpg 0x0
rect:17 153 194 220 2
rect:110 282 93 125 11
rect:200 199 302 261 11
rect:348 229 170 170 2
rect:261 121 197 152 2
rect:14 409 66 65 2
Anchorage1964_17.jpg 0x0
rect:12 149 349 107 9
rect:274 67 226 163 9
rect:9 254 923 256 10
Anchorage1964_18.jpg 0x0
rect:505 277 77 14 2
rect:463 245 37 23 2
rect:123 315 22 63 11
rect:368 223 43 68 11
rect:519 175 107 91 4
rect:180 324 95 34 11
rect:295 288 96 27 2
rect:276 333 373 29 15
rect:462 130 102 105 4
rect:152 177 93 83 4
Anchorage1964_19.jpg 0x0
rect:238 300 35 91 26
rect:400 148 15 46 29
rect:245 106 21 41 27
rect:683 104 8 7 26
rect:225 125 51 54 26
rect:777 208 6 10 26
rect:30 266 35 81 27
rect:634 228 40 37 28
rect:364 208 20 38 26
rect:5 188 64 184 26
rect:580 213 10 18 26
rect:411 100 5 15 26
rect:353 177 58 31 28
rect:398 121 12 36 26
rect:431 161 18 26 26
rect:422 131 28 66 29
rect:254 75 60 122 29
rect:275 85 36 35 26
Anchorage1964_20.jpg 0x0
rect:211 125 107 88 26
rect:178 133 77 41 27
rect:460 632 49 84 26
rect:169 396 93 170 26
rect:178 64 133 189 29
Anchorage1964_21.jpg 0x0
rect:39 299 34 32 26
rect:2 76 59 46 26
rect:170 236 472 164 30
rect:-5 95 73 190 29
Bingol2003_01.jpg 0x0
rect:521 81 178 222 31
rect:2 384 848 303 10
rect:411 335 167 71 6
rect:639 407 45 225 32
rect:410 457 120 109 6
rect:30 335 80 84 33
rect:638 325 198 184 31
rect:521 102 92 62 6
rect:243 164 81 68 33
rect:376 276 60 68 34
rect:398 209 39 50 6
rect:523 152 114 87 6
rect:123 265 83 81 33
rect:182 113 77 25 6
rect:895 568 74 51 33
rect:854 343 74 68 33
rect:722 223 132 72 33
rect:780 273 93 48 6
rect:551 170 61 103 34
Bingol2003_02.jpg 0x0
rect:316 407 87 66 6
rect:481 301 450 143 35
rect:182 102 465 191 34
rect:636 238 72 127 26
rect:1072 60 117 65 36
rect:153 547 131 257 32
rect:294 225 604 555 31
rect:145 179 109 392 32
Bingol2003_03.jpg 0x0
rect:96 26 191 32 2
rect:740 -10 289 280 4
rect:91 60 152 145 33
rect:496 151 284 73 11
rect:870 415 327 370 2
rect:407 172 404 231 2
rect:633 216 252 754 4
Bingol2003_04.jpg 0x0
rect:266 540 35 105 3
rect:55 751 83 100 2
rect:108 580 19 60 3
rect:135 671 40 74 3
rect:288 280 122 138 4
rect:130 500 36 51 3
rect:141 441 231 139 2
rect:369 728 129 90 2
CanterburyNZSeries2010_01.jpg 0x0
rect:70 120 101 370 12
CanterburyNZSeries2010_02.jpg 0x0
rect:44 9 184 238 37
rect:52 59 211 246 6
CanterburyNZSeries2010_03.jpg 0x0
rect:47 93 359 122 38
CanterburyNZSeries2010_04.jpg 0x0
rect:318 460 43 136 40
rect:462 351 17 71 40
rect:186 9 106 230 42
rect:329 304 30 34 40
rect:180 295 273 254 39
rect:223 457 31 117 40
rect:256 468 84 255 41
rect:280 290 37 96 40
CanterburyNZSeries2010_05.jpg 0x0
rect:344 186 114 118 15
rect:394 365 168 467 4
CanterburyNZSeries2010_06.jpg 0x0
rect:302 286 210 138 2
rect:79 128 931 653 4
CanterburyNZSeries2010_08.jpg 0x0
rect:422 191 156 311 43
rect:1050 487 53 173 44
rect:985 591 35 203 32
rect:528 505 103 121 44
CanterburyNZSeries2010_09.jpg 0x0
rect:334 373 132 480 39
rect:285 92 161 170 45
CanterburyNZSeries2010_10.jpg 0x0
rect:392 143 217 109 7
rect:162 242 280 210 6
rect:222 450 228 119 6
rect:242 275 261 61 46
CanterburyNZSeries2010_11.jpg 0x0
rect:331 394 226 271 5
rect:405 187 269 118 7
CanterburyNZSeries2010_12.jpg 0x0
rect:48 325 616 348 2
rect:406 376 225 67 11
rect:6 350 679 481 47
rect:214 688 141 61 11
CanterburyNZSeries2010_13.jpg 0x0
rect:310 177 150 435 11
rect:188 17 417 933 12
Caracas1967_01.jpg 0x0
rect:399 126 84 127 48
rect:332 148 9 62 48
rect:542 86 135 192 48
rect:346 144 45 83 48
Caracas1967_02.jpg 0x0
rect:140 206 199 369 51
rect:164 384 33 47 50
rect:322 1 120 203 15
rect:92 443 41 45 49
Caracas1967_03.jpg 0x0
rect:13 374 297 122 6
rect:239 365 132 161 34
rect:258 446 78 82 26
rect:253 90 59 81 14
rect:453 446 41 98 27
rect:317 309 34 44 27
Caracas1967_04.jpg 0x0
rect:128 272 15 68 27
rect:153 396 48 124 26
rect:130 308 206 176 34
Caracas1967_05.jpg 0x0
rect:160 382 38 238 40
rect:349 195 54 297 40
rect:221 282 48 139 40
rect:57 464 189 208 52
rect:52 348 46 271 40
rect:151 295 36 214 40
rect:324 232 147 127 52
rect:208 275 47 186 40
rect:43 119 295 540 41
rect:24 121 295 788 48
Caracas1967_06.jpg 0x0
rect:413 120 337 274 7
rect:337 206 94 50 6
Caracas1967_07.jpg 0x0
rect:464 537 123 91 53
rect:519 243 117 77 53
rect:346 10 68 275 34
rect:364 34 37 267 27
rect:527 176 118 235 34
rect:199 151 47 246 27
rect:229 124 206 224 34
Caracas1967_08.jpg 0x0
rect:268 200 76 124 55
rect:242 225 84 77 54
rect:460 248 67 95 54
Caracas1967_09.jpg 0x0
rect:24 314 49 72 48
rect:216 163 104 91 48
rect:91 168 55 60 48
rect:491 13 204 190 48
Caracas1967_10.jpg 0x0
rect:38 202 225 407 41
rect:23 149 496 359 48
rect:277 204 68 213 40
rect:377 334 60 151 40
Caracas1967_11.jpg 0x0
rect:71 210 203 639 41
rect:331 14 191 333 41
rect:60 15 356 811 48
Caracas1967_12.jpg 0x0
rect:358 252 40 44 34
rect:742 339 20 44 32
rect:270 353 31 34 56
rect:733 262 29 59 32
Caracas1967_13.jpg 0x0
rect:161 264 114 215 55
Caracas1967_14.jpg 0x0
rect:156 100 704 245 57
rect:150 234 361 46 6
Chichi1999_01.jpg 0x0
rect:3 8 608 170 58
rect:460 153 56 203 42
Chichi1999_02.jpg 0x0
rect:6 125 460 175 58
rect:369 141 147 286 59
Chichi1999_03.jpg 0x0
rect:84 111 80 108 60
rect:0 187 861 142 58
Chichi1999_04.jpg 0x0
rect:215 -14 47 154 48
rect:157 266 25 66 52
rect:174 204 95 279 48
Chichi1999_05.jpg 0x0
rect:382 263 32 32 41
rect:304 114 109 155 48
rect:436 102 51 68 41
rect:441 207 30 78 52
Chichi1999_06.jpg 0x0
rect:648 203 32 46 41
rect:248 157 70 60 62
rect:316 184 63 122 48
rect:641 -9 90 80 61
rect:156 12 417 242 10
rect:266 189 15 40 52
Chichi1999_07.jpg 0x0
rect:521 293 35 27 64
rect:47 239 760 147 63
rect:459 288 37 95 48
rect:799 267 20 16 64
rect:192 111 29 49 64
rect:438 330 51 103 48
rect:122 163 35 181 48
Chichi1999_08.jpg 0x0
rect:84 12 602 602 10
Chichi1999_09.jpg 0x0
rect:251 84 46 72 40
rect:196 77 116 103 41
rect:187 82 40 90 40
rect:259 73 250 171 48
Chichi1999_10.jpg 0x0
rect:216 24 406 343 10
Chichi1999_11.jpg 0x0
rect:136 282 110 75 65
rect:2 182 179 657 10
Chichi1999_12.jpg 0x0
rect:12 21 524 612 66
Chichi1999_13.jpg 0x0
rect:36 48 545 379 10
Chichi1999_14.jpg 0x0
rect:131 163 110 49 67
rect:210 223 35 42 39
rect:176 547 36 46 67
rect:358 437 41 52 67
rect:190 601 25 29 67
rect:61 370 44 46 67
rect:207 221 26 73 67
rect:121 380 59 40 67
rect:223 307 22 44 67
rect:263 335 26 21 39
rect:219 322 31 39 39
rect:75 550 36 35 67
rect:144 327 53 47 67
rect:342 518 25 41 39
rect:447 448 60 74 67
rect:89 193 38 74 67
rect:188 427 38 47 67
Chichi1999_15.jpg 0x0
rect:277 22 233 380 41
Chichi1999_16.jpg 0x0
rect:233 142 81 178 32
Chichi1999_17.jpg 0x0
rect:96 335 24 56 32
Chichi1999_18.jpg 0x0
rect:171 203 28 112 69
rect:143 186 106 593 68
rect:228 217 32 97 69
rect:295 354 59 149 70
rect:177 195 25 120 69
rect:165 313 32 118 69
Chichi1999_19.jpg 0x0
rect:213 134 164 216 3
rect:243 16 356 327 2
YogyakartaInd2006_03.jpg 0x0
rect:196 420 202 33 15
rect:471 56 68 49 16
rect:236 20 69 2 15
rect:346 59 134 61 15
rect:181 115 75 30 15
rect:214 201 18 7 16
rect:219 365 219 118 71
rect:302 307 39 31 16
Chichi1999_20.jpg 0x0
rect:177 246 75 418 42
rect:255 500 38 152 41
Chichi1999_21.jpg 0x0
rect:402 34 326 162 37
rect:327 89 188 101 6
rect:16 3 208 184 30
rect:245 144 243 364 72
rect:65 339 128 84 5
rect:315 7 156 122 57
rect:254 307 104 102 6
rect:170 392 144 152 37
Chichi1999_22.jpg 0x0
rect:356 193 13 19 73
rect:169 261 13 18 73
rect:529 223 20 25 73
rect:205 122 277 195 10
Chichi1999_23.jpg 0x0
rect:163 113 66 39 73
rect:105 271 54 100 73
rect:372 220 31 27 27
rect:265 152 34 75 73
rect:388 210 20 21 26
rect:354 214 40 86 34
rect:4 49 611 190 74
rect:93 364 42 105 34
rect:329 346 67 132 73
rect:144 182 24 27 34
Chichi1999_24.jpg 0x0
rect:306 220 35 42 46
rect:224 326 78 40 34
rect:140 154 148 118 75
rect:435 303 1 2 46
rect:3 449 389 207 74
Chichi1999_25.jpg 0x0
rect:213 264 57 67 26
rect:115 222 213 267 73
rect:222 186 117 246 34
Chichi1999_26.jpg 0x0
rect:188 630 89 82 26
rect:179 178 50 109 73
rect:164 273 127 284 76
rect:99 588 85 148 27
rect:272 19 62 35 73
rect:164 647 129 116 73
Chichi1999_27.jpg 0x0
rect:150 277 90 458 32
Chichi1999_28.jpg 0x0
rect:330 305 244 137 77
rect:18 49 215 167 6
rect:367 93 130 256 75
rect:158 139 152 269 5
Chichi1999_29.jpg 0x0
rect:162 269 82 145 52
rect:170 267 264 291 48
rect:212 272 104 173 40
Chichi1999_30.jpg 0x0
rect:256 89 376 224 40
rect:29 319 86 207 73
rect:212 121 141 92 52
rect:184 153 178 52 78
Chichi1999_31.jpg 0x0
rect:204 89 98 347 79
rect:669 109 39 226 48
Chichi1999_32.jpg 0x0
rect:200 185 30 159 81
rect:156 68 34 156 81
rect:481 148 52 223 39
rect:157 9 90 476 80
Chichi1999_33.jpg 0x0
rect:199 86 126 279 32
rect:71 80 173 418 33
rect:175 121 43 81 49
rect:272 113 127 166 56
rect:345 144 31 138 49
rect:157 85 118 266 32
Chichi1999_34.jpg 0x0
rect:103 90 431 404 10
Duzce1999_01.jpg 0x0
rect:90 155 78 169 41
rect:121 70 89 422 39
Duzce1999_02.jpg 0x0
rect:96 58 110 460 41
Duzce1999_03.jpg 0x0
rect:303 126 68 231 31
rect:138 86 143 310 42
rect:0 212 93 282 31
Gediz1970_01.jpg 0x0
rect:155 122 225 715 68
rect:184 520 100 184 69
rect:147 324 121 275 69
Guatemala1976_01.jpg 0x0
rect:31 214 131 92 48
rect:40 189 36 49 41
rect:64 234 67 48 52
rect:601 202 56 82 41
rect:627 119 183 120 48
rect:29 105 596 158 82
Guatemala1976_02.jpg 0x0
rect:279 49 117 95 40
rect:161 89 285 271 48
Guatemala1976_03.jpg 0x0
rect:20 91 589 391 75
Guatemala1976_04.jpg 0x0
rect:41 76 416 303 30
rect:584 194 78 204 4
rect:140 26 314 71 30
rect:419 170 130 399 4
Guatemala1976_05.jpg 0x0
rect:145 101 328 351 48
rect:180 206 333 178 41
rect:136 97 377 216 40
Guatemala1976_06.jpg 0x0
rect:92 114 183 347 39
Guatemala1976_07.jpg 0x0
rect:235 564 107 79 83
rect:28 299 382 318 10
rect:30 288 60 58 6
Guatemala1976_08.jpg 0x0
rect:252 84 239 335 40
rect:130 33 491 293 48
rect:179 56 411 352 41
Guatemala1976_09.jpg 0x0
rect:793 381 42 73 84
rect:103 268 24 33 84
rect:161 370 38 22 84
rect:255 386 69 51 84
rect:229 200 96 41 85
rect:96 197 25 34 85
rect:119 222 48 58 85
rect:866 245 58 62 85
Guatemala1976_10.jpg 0x0
rect:155 210 230 224 86
rect:206 165 261 206 87
rect:304 344 38 110 87
Guatemala1976_11.jpg 0x0
rect:229 247 133 184 34
GujaratIndia2001_01.jpg 0x0
rect:267 354 54 58 11
rect:92 600 70 31 2
rect:29 293 180 208 4
rect:139 343 209 63 2
Haiti2010_01.jpg 0x0
rect:217 109 215 402 41
rect:226 201 20 135 40
rect:184 55 100 101 7
rect:448 235 81 88 4
rect:306 488 215 192 4
Haiti2010_02.jpg 0x0
rect:237 25 196 37 14
rect:37 127 445 241 88
Haiti2010_03.jpg 0x0
rect:327 667 174 231 89
rect:312 578 46 78 49
rect:273 415 189 217 32
rect:333 1 52 626 32
Haiti2010_04.jpg 0x0
rect:2 111 307 175 6
rect:186 34 194 362 34
rect:165 226 330 579 41
Haiti2010_05.jpg 0x0
rect:218 171 231 139 52
rect:267 264 31 65 40
rect:203 157 227 514 90
rect:278 182 36 125 40
Haiti2010_06.jpg 0x0
rect:304 153 100 32 6
rect:249 382 50 56 34
rect:402 213 90 80 34
rect:583 235 47 201 32
rect:148 222 366 478 91
rect:506 198 645 553 91
rect:433 126 250 487 33
ImperialValley1979_01.jpg 0x0
rect:464 415 50 67 32
rect:368 248 36 33 32
rect:616 341 32 25 49
rect:561 295 48 45 32
rect:416 254 34 30 50
rect:311 346 41 23 49
rect:450 361 14 17 49
rect:15 390 74 88 49
rect:302 247 46 51 50
rect:70 348 92 88 50
rect:12 279 123 158 32
ImperialValley1979_02.jpg 0x0
rect:170 95 90 248 50
rect:158 144 278 45 92
rect:287 214 116 44 49
rect:249 162 105 149 50
rect:385 170 60 185 50
rect:261 83 245 252 32
ImperialValley1979_03.jpg 0x0
rect:107 562 323 49 92
rect:131 222 148 118 32
rect:104 313 198 143 32
rect:80 290 76 161 50
rect:182 359 92 168 50
rect:79 392 300 24 92
rect:219 383 46 220 50
Izmit1999_01.jpg 0x0
rect:422 359 47 59 26
rect:225 80 325 333 34
rect:291 297 44 119 27
rect:318 79 53 232 27
rect:267 100 48 137 27
Izmit1999_02.jpg 0x0
rect:29 134 922 210 10
Izmit1999_03.jpg 0x0
rect:441 75 55 331 50
rect:448 92 29 202 50
rect:169 173 45 145 50
rect:191 105 45 253 50
rect:259 43 259 403 32
rect:170 194 258 29 92
rect:145 43 329 305 93
rect:541 119 40 311 50
Izmit1999_04.jpg 0x0
rect:48 519 41 63 42
rect:419 253 27 71 40
rect:66 492 45 83 41
rect:392 462 20 62 40
rect:369 69 73 79 41
rect:238 72 97 116 48
rect:129 602 188 149 88
rect:122 267 122 54 88
rect:349 356 85 71 41
rect:47 334 59 47 34
Izmit1999_05.jpg 0x0
rect:130 19 648 440 10
Izmit1999_06.jpg 0x0
rect:147 280 98 266 50
rect:155 124 249 319 32
rect:183 253 128 63 49
rect:105 272 66 185 50
rect:293 196 39 200 50
rect:175 247 44 145 50
Izmit1999_07.jpg 0x0
rect:223 244 62 120 3
rect:356 191 29 97 3
rect:408 235 93 423 4
rect:227 257 47 118 3
rect:255 86 109 53 6
rect:305 143 52 53 3
rect:17 136 340 520 2
Izmit1999_08.jpg 0x0
rect:389 6 90 71 45
rect:594 73 86 74 41
rect:99 511 117 74 45
rect:161 249 185 83 88
rect:469 63 58 36 52
rect:145 148 79 99 41
rect:173 23 118 123 34
Izmit1999_09.jpg 0x0
rect:391 213 133 88 94
rect:338 242 126 88 41
rect:49 193 38 65 41
rect:257 235 49 33 41
rect:440 314 55 74 94
rect:737 239 67 54 41
Izmit1999_10.jpg 0x0
rect:81 178 73 197 40
rect:188 544 123 40 78
rect:191 201 54 176 40
rect:33 237 478 43 78
rect:86 323 312 84 78
rect:325 504 80 81 40
rect:216 413 47 76 40
rect:157 196 108 220 40
rect:82 109 360 421 41
rect:210 579 85 30 78
rect:346 111 156 110 40
Izmit1999_11.jpg 0x0
rect:212 273 148 141 41
rect:230 386 144 98 41
rect:245 221 87 144 40
rect:116 389 83 174 40
rect:263 233 89 179 40
Izmit1999_12.jpg 0x0
rect:97 78 36 19 6
rect:536 176 52 67 7
rect:61 280 37 48 40
rect:346 263 57 72 41
rect:56 290 71 80 52
rect:549 203 195 199 91
rect:50 246 52 105 94
rect:180 273 70 56 88
rect:388 177 54 22 6
rect:255 304 125 106 94
rect:21 52 44 17 6
rect:497 22 96 62 34
rect:263 352 78 151 41
rect:1 231 27 39 41
rect:550 115 42 110 41
rect:329 91 59 83 45
rect:250 391 76 102 52
rect:331 240 44 111 42
Izmit1999_13.jpg 0x0
rect:383 131 113 289 41
rect:215 354 43 91 41
rect:95 141 62 53 6
rect:5 72 78 147 42
rect:260 72 204 266 48
rect:115 251 34 126 41
rect:269 104 57 143 41
rect:174 346 73 60 52
rect:119 252 105 134 94
Izmit1999_14.jpg 0x0
rect:269 319 59 29 34
rect:330 8 201 85 35
rect:312 309 59 48 34
rect:424 229 85 45 34
rect:325 293 38 17 34
rect:49 197 141 74 34
rect:399 140 110 103 35
rect:411 32 59 41 95
rect:326 87 85 68 34
Izmit1999_15.jpg 0x0
rect:192 154 186 264 42
Izmit1999_16.jpg 0x0
rect:94 89 307 356 39
rect:268 137 36 132 40
rect:185 96 196 174 41
rect:94 56 399 343 33
Izmit1999_17.jpg 0x0
rect:83 149 180 256 41
Izmit1999_18.jpg 0x0
rect:184 158 154 147 41
rect:155 135 119 343 39
Izmit1999_19.jpg 0x0
rect:227 100 309 249 96
rect:576 143 21 68 50
rect:356 169 29 49 50
rect:285 91 257 202 32
Kobe1995_01.jpg 0x0
rect:26 156 926 137 63
Kobe1995_02.jpg 0x0
rect:2 43 522 759 68
Kobe1995_03.jpg 0x0
rect:37 72 551 662 10
Kobe1995_04.jpg 0x0
rect:355 271 46 49 41
Kobe1995_05.jpg 0x0
rect:177 217 265 508 52
rect:51 335 528 65 78
rect:394 195 210 527 40
rect:98 728 382 93 78
rect:4 208 169 649 40
Kobe1995_06.jpg 0x0
rect:58 105 315 489 41
rect:224 265 225 370 42
Kobe1995_07.jpg 0x0
rect:154 84 38 44 39
rect:271 322 36 47 39
rect:544 323 30 42 39
rect:161 200 52 47 39
rect:167 307 34 42 39
rect:117 301 29 31 39
rect:343 217 33 47 39
rect:463 264 31 33 39
rect:414 171 50 38 39
rect:193 130 48 29 39
rect:293 224 47 50 39
rect:247 341 32 32 39
rect:171 181 39 56 39
rect:43 332 33 46 39
rect:283 245 30 28 39
rect:169 509 26 30 39
rect:298 180 36 42 39
rect:118 266 43 34 39
rect:275 117 26 27 39
rect:391 387 28 48 39
rect:214 375 22 29 39
rect:206 280 41 28 39
rect:372 165 35 46 39
rect:45 356 29 26 39
rect:428 306 40 42 39
rect:383 274 27 59 39
Kobe1995_08.jpg 0x0
rect:245 51 349 271 97
Kobe1995_09.jpg 0x0
rect:200 443 172 72 97
rect:116 347 60 60 88
rect:126 717 96 70 88
rect:74 680 69 80 88
SanSalvador_1986_01.jpg 0x0
rect:257 110 91 208 41
rect:51 3 88 223 68
SanSalvador_1986_02.jpg 0x0
rect:360 172 39 49 42
rect:117 306 22 41 41
rect:348 174 33 40 41
rect:142 309 22 31 41
rect:362 222 59 32 41
rect:425 195 37 38 41
rect:272 161 14 29 41
rect:210 227 28 31 41
rect:603 285 43 38 41
SikkimIndia2001_01.jpg 0x0
rect:255 181 100 93 34
SikkimIndia2001_02.jpg 0x0
rect:10 5 403 81 16
rect:417 119 75 42 16
rect:10 203 76 36 54
rect:165 55 183 437 33
rect:326 207 94 32 16
rect:533 201 110 20 16
rect:435 78 152 138 33
rect:-18 2 381 102 33
SikkimIndia2001_03.jpg 0x0
rect:162 272 110 143 70
rect:215 120 86 181 69
rect:248 9 125 570 98
SikkimIndia2001_04.jpg 0x0
rect:203 156 125 116 34
rect:357 203 297 104 99
rect:3 24 184 319 99
SumatraInd2009_01.jpg 0x0
rect:220 28 80 382 81
SumatraInd2009_02.jpg 0x0
rect:172 68 245 180 41
WhittierNarrows1987_01.jpg 0x0
rect:18 29 775 371 10
WhittierNarrows1987_02.jpg 0x0
rect:122 251 146 259 41
WhittierNarrows1987_03.jpg 0x0
rect:350 158 128 306 32
WhittierNarrows1987_04.jpg 0x0
rect:266 14 282 186 100
rect:214 8 286 59 6
rect:165 49 110 241 41
YogyakartaInd2006_01.jpg 0x0
rect:203 -17 395 532 29
rect:346 183 310 66 49
rect:236 31 275 232 32
YogyakartaInd2006_02.jpg 0x0
rect:253 49 95 330 98
rect:352 120 71 254 69
rect:371 77 98 151 70
