Anchorage1964_01.jpg 0x0
rect:73 341 222 167 1
rect:89 8 153 176 1
Anchorage1964_02.jpg 0x0
rect:170 38 196 102 4
rect:152 129 68 63 7
rect:145 263 351 106 2
rect:387 234 11 58 3
rect:91 30 83 15 6
rect:355 302 16 59 3
rect:387 190 20 45 3
rect:211 199 33 55 3
rect:239 72 83 92 4
rect:438 341 20 61 3
rect:38 251 131 30 5
rect:286 230 35 51 3
rect:126 150 48 15 6
rect:119 207 29 23 6
rect:229 363 30 60 3
rect:427 77 84 90 8
rect:38 24 176 39 5
rect:323 224 114 56 4
rect:265 338 22 65 3
Anchorage1964_03.jpg 0x0
rect:0 230 691 69 10
rect:318 79 293 201 9
rect:2 261 231 94 9
Anchorage1964_04.jpg 0x0
rect:284 211 15 23 1
rect:275 288 27 14 5
rect:222 188 36 19 5
rect:310 205 31 16 5
rect:174 361 23 15 5
rect:265 172 27 21 5
rect:252 140 15 31 1
rect:274 200 24 28 1
rect:300 119 30 15 5
rect:294 468 18 29 1
rect:236 112 20 33 1
rect:263 249 26 32 1
rect:333 328 11 15 1
rect:360 119 25 14 5
rect:323 133 28 12 5
rect:320 306 6 1 1
rect:205 136 25 16 5
rect:167 251 35 16 5
rect:293 459 36 16 5
rect:384 71 29 21 5
rect:117 18 19 22 5
rect:265 434 15 32 1
rect:319 209 19 13 5
rect:254 550 45 14 2
rect:439 412 39 16 5
rect:272 364 16 24 1
rect:115 50 28 18 5
rect:366 173 15 28 1
rect:228 315 17 23 1
rect:459 287 37 21 5
rect:264 282 26 27 8
rect:131 444 45 16 5
rect:207 374 39 21 5
rect:179 250 24 15 5
rect:259 462 29 23 5
rect:144 362 26 18 5
rect:132 106 31 23 5
rect:354 29 36 16 5
rect:193 114 30 19 5
Anchorage1964_05.jpg 0x0
rect:60 215 20 43 1
rect:134 133 106 48 6
rect:86 78 22 57 1
rect:364 262 25 20 11
rect:587 310 41 25 6
rect:163 142 133 16 5
rect:28 337 26 71 1
rect:37 255 19 51 1
rect:187 43 102 57 6
rect:462 373 69 48 1
rect:130 87 20 37 1
rect:554 379 32 14 6
rect:530 107 35 74 1
rect:480 165 29 50 1
rect:332 173 98 86 2
rect:820 229 52 37 5
rect:640 457 42 85 8
rect:55 290 21 37 1
rect:503 90 45 43 1
rect:158 62 69 30 5
rect:409 187 53 18 11
rect:419 24 28 53 1
rect:532 1 42 39 1
rect:641 141 35 85 1
rect:70 208 16 28 1
rect:397 277 43 70 8
rect:787 231 47 41 5
rect:74 20 27 33 1
rect:72 153 19 42 1
Anchorage1964_06.jpg 0x0
rect:147 185 60 72 11
rect:114 75 229 413 12
rect:126 167 110 390 3
Anchorage1964_07.jpg 0x0
rect:299 158 94 59 11
rect:312 166 48 159 3
rect:247 2 145 59 2
rect:16 183 205 25 11
rect:7 337 321 35 14
rect:438 137 56 102 13
rect:8 58 755 482 2
rect:362 299 280 188 2
rect:351 142 113 167 11
Anchorage1964_08.jpg 0x0
rect:334 23 86 122 1
rect:57 684 128 140 1
rect:70 276 108 76 1
rect:45 73 119 119 1
rect:252 573 90 145 1
rect:318 230 131 78 1
Anchorage1964_09.jpg 0x0
rect:409 192 71 83 1
rect:813 217 1 1 16
rect:12 141 115 20 15
rect:15 13 301 15 15
rect:554 86 103 16 15
rect:657 138 84 56 1
rect:19 186 17 11 16
rect:74 44 81 63 8
rect:107 132 77 59 1
rect:478 205 66 61 8
rect:700 26 86 56 8
rect:540 12 113 14 16
rect:68 118 49 8 16
rect:11 16 46 15 16
rect:267 126 58 88 1
rect:551 9 355 13 15
rect:86 372 74 74 8
rect:332 153 79 33 15
rect:140 139 373 14 15
Anchorage1964_10.jpg 0x0
rect:54 215 246 375 1
rect:113 137 176 57 18
rect:207 260 123 153 17
rect:56 406 358 135 18
Anchorage1964_11.jpg 0x0
rect:100 505 549 18 14
rect:54 517 727 17 14
rect:181 51 209 105 4
rect:548 8 137 30 1
rect:704 125 161 64 1
rect:107 214 563 61 2
rect:285 149 274 21 15
rect:243 216 348 24 11
Anchorage1964_12.jpg 0x0
rect:298 94 35 154 3
rect:15 59 724 372 2
rect:408 112 61 212 3
rect:341 107 194 129 11
rect:165 238 30 97 3
Anchorage1964_13.jpg 0x0
rect:605 500 34 113 20
rect:453 549 99 14 19
rect:347 571 237 21 2
Anchorage1964_14.jpg 0x0
rect:131 518 34 69 22
rect:101 299 178 44 15
rect:273 13 47 286 11
rect:431 235 174 51 15
rect:45 407 35 80 22
rect:205 13 131 546 20
rect:24 680 19 54 22
rect:384 5 72 138 11
rect:13 514 192 95 11
rect:140 721 50 51 22
rect:235 334 93 105 21
rect:419 736 172 75 23
Anchorage1964_15.jpg 0x0
rect:294 338 279 59 2
rect:165 234 218 44 15
rect:261 182 92 37 11
rect:289 307 120 43 24
rect:244 8 99 83 4
rect:268 124 42 104 25
rect:139 65 68 537 20
rect:247 183 36 46 11
rect:317 9 124 49 4
Anchorage1964_16.jpg 0x0
rect:11 274 82 58 2
rect:79 357 90 131 11
rect:218 261 223 184 11
rect:339 202 122 183 2
rect:195 101 281 151 2
rect:12 91 212 183 2
Anchorage1964_17.jpg 0x0
rect:268 56 222 192 9
rect:7 247 763 219 10
rect:10 96 269 134 9
Anchorage1964_18.jpg 0x0
rect:133 347 87 49 11
rect:573 190 95 61 4
rect:606 393 34 17 2
rect:358 361 313 36 15
rect:758 291 84 23 2
rect:465 157 86 80 4
rect:112 207 24 63 11
rect:146 213 55 133 4
rect:478 368 61 15 2
rect:328 223 41 71 11
Anchorage1964_19.jpg 0x0
rect:301 143 19 33 26
rect:598 101 61 43 28
rect:531 162 22 66 29
rect:482 173 7 18 26
rect:511 186 15 25 26
rect:22 199 29 112 27
rect:352 216 14 39 26
rect:491 225 27 30 28
rect:445 237 7 28 26
rect:390 79 27 32 27
rect:507 105 31 87 29
rect:288 72 67 116 29
rect:326 327 54 86 26
rect:903 105 8 5 26
rect:6 303 74 179 26
rect:654 250 8 10 26
rect:359 128 31 20 26
rect:332 68 73 63 26
Anchorage1964_20.jpg 0x0
rect:173 104 76 68 26
rect:239 531 90 166 26
rect:226 126 85 41 27
rect:382 619 47 87 26
rect:232 55 174 149 29
Anchorage1964_21.jpg 0x0
rect:113 208 508 166 30
rect:-6 66 103 199 29
rect:2 105 42 46 26
rect:47 228 42 38 26
Bingol2003_01.jpg 0x0
rect:2 320 633 202 10
rect:342 243 89 64 33
rect:659 202 55 69 6
rect:323 85 74 29 6
rect:395 357 201 58 6
rect:441 375 116 185 31
rect:556 273 71 254 32
rect:524 366 37 63 34
rect:933 350 107 45 33
rect:427 129 73 100 6
rect:272 535 114 99 6
rect:999 231 100 54 33
rect:701 119 148 156 31
rect:31 183 71 67 33
rect:668 77 80 70 6
rect:174 291 74 50 33
rect:572 236 40 133 34
rect:1026 465 104 63 33
rect:698 290 48 60 6
Bingol2003_02.jpg 0x0
rect:156 246 94 442 32
rect:571 247 102 129 26
rect:125 98 426 174 34
rect:115 638 152 200 32
rect:439 325 115 65 6
rect:252 225 864 571 31
rect:344 286 445 143 35
rect:867 63 135 102 36
Bingol2003_03.jpg 0x0
rect:94 61 122 134 33
rect:669 417 293 368 2
rect:786 233 260 666 4
rect:117 18 185 40 2
rect:315 127 293 208 2
rect:485 147 204 92 11
rect:764 -8 288 216 4
Bingol2003_04.jpg 0x0
rect:63 733 89 89 2
rect:90 476 25 71 3
rect:291 398 48 99 3
rect:62 705 33 90 3
rect:198 459 33 98 3
rect:190 482 206 136 2
rect:292 713 94 96 2
rect:291 241 201 154 4
CanterburyNZSeries2010_01.jpg 0x0
rect:95 78 103 310 12
CanterburyNZSeries2010_02.jpg 0x0
rect:67 57 212 153 6
rect:42 7 176 277 37
CanterburyNZSeries2010_03.jpg 0x0
rect:46 96 291 144 38
CanterburyNZSeries2010_04.jpg 0x0
rect:351 327 22 61 40
rect:265 361 25 69 40
rect:283 508 14 70 40
rect:148 226 152 297 39
rect:179 323 26 120 40
rect:143 455 83 177 41
rect:281 7 120 123 42
rect:399 260 45 157 40
CanterburyNZSeries2010_05.jpg 0x0
rect:234 451 204 454 4
rect:299 214 107 119 15
CanterburyNZSeries2010_06.jpg 0x0
rect:188 289 298 134 2
rect:61 125 835 458 4
CanterburyNZSeries2010_08.jpg 0x0
rect:733 629 35 214 32
rect:902 427 114 139 44
rect:641 130 222 344 43
rect:640 459 63 159 44
CanterburyNZSeries2010_09.jpg 0x0
rect:315 235 201 429 39
rect:270 88 154 203 45
CanterburyNZSeries2010_10.jpg 0x0
rect:263 315 327 102 6
rect:224 222 143 76 46
rect:258 172 183 111 7
rect:294 279 358 244 6
CanterburyNZSeries2010_11.jpg 0x0
rect:236 169 377 104 7
rect:238 338 231 163 5
CanterburyNZSeries2010_12.jpg 0x0
rect:5 357 1087 414 47
rect:480 507 200 55 11
rect:156 494 129 32 11
rect:41 396 796 356 2
CanterburyNZSeries2010_13.jpg 0x0
rect:190 16 532 785 12
rect:361 173 120 556 11
Caracas1967_01.jpg 0x0
rect:301 130 48 77 48
rect:220 185 11 83 48
rect:449 92 213 326 48
rect:364 165 56 103 48
Caracas1967_02.jpg 0x0
rect:170 319 31 37 50
rect:156 253 172 370 51
rect:152 276 37 61 49
rect:310 1 154 206 15
Caracas1967_03.jpg 0x0
rect:278 481 26 52 27
rect:250 428 100 126 34
rect:14 419 168 102 6
rect:265 87 79 115 14
rect:296 287 61 53 26
rect:269 457 33 103 27
Caracas1967_04.jpg 0x0
rect:96 431 146 181 34
rect:169 282 44 141 26
rect:104 443 19 114 27
Caracas1967_05.jpg 0x0
rect:168 328 36 251 40
rect:456 156 32 269 40
rect:31 78 519 492 48
rect:405 253 37 219 40
rect:244 183 69 193 40
rect:57 452 292 248 52
rect:167 409 61 237 40
rect:35 145 339 452 41
rect:75 272 47 280 40
rect:291 196 172 128 52
Caracas1967_06.jpg 0x0
rect:312 69 292 295 7
rect:308 196 96 39 6
Caracas1967_07.jpg 0x0
rect:431 499 121 52 53
rect:446 236 101 83 53
rect:200 88 222 286 34
rect:229 148 50 172 27
rect:392 6 119 330 34
rect:344 54 38 218 27
rect:543 224 110 331 34
Caracas1967_08.jpg 0x0
rect:238 382 55 68 55
rect:193 214 61 101 54
rect:374 265 67 134 54
Caracas1967_09.jpg 0x0
rect:378 10 161 146 48
rect:151 162 117 110 48
rect:80 276 42 87 48
rect:24 271 58 58 48
Caracas1967_10.jpg 0x0
rect:320 262 97 186 40
rect:14 209 405 537 48
rect:353 285 117 183 40
rect:40 274 246 249 41
Caracas1967_11.jpg 0x0
rect:67 191 201 566 41
rect:56 12 433 866 48
rect:318 14 121 361 41
Caracas1967_12.jpg 0x0
rect:591 188 43 48 34
rect:581 348 26 52 32
rect:227 211 28 51 56
rect:726 218 23 60 32
Caracas1967_13.jpg 0x0
rect:182 487 142 273 55
Caracas1967_14.jpg 0x0
rect:101 238 245 41 6
rect:130 156 623 162 57
Chichi1999_01.jpg 0x0
rect:320 190 52 251 42
rect:4 6 767 119 58
Chichi1999_02.jpg 0x0
rect:7 76 511 139 58
rect:319 83 151 382 59
Chichi1999_03.jpg 0x0
rect:0 106 780 199 58
rect:77 121 48 102 60
Chichi1999_04.jpg 0x0
rect:283 298 32 47 52
rect:187 -17 46 152 48
rect:205 273 91 365 48
Chichi1999_05.jpg 0x0
rect:432 253 38 59 52
rect:477 313 33 23 41
rect:303 155 44 38 41
rect:306 146 107 251 48
Chichi1999_06.jpg 0x0
rect:286 290 21 38 52
rect:280 165 73 75 62
rect:307 145 45 92 48
rect:115 15 618 141 10
rect:625 -15 100 68 61
rect:662 230 52 58 41
Chichi1999_07.jpg 0x0
rect:512 153 50 91 48
rect:609 307 43 135 48
rect:774 232 12 15 64
rect:174 218 54 129 48
rect:317 258 32 36 64
rect:64 247 662 96 63
rect:177 180 25 60 64
Chichi1999_08.jpg 0x0
rect:96 15 378 329 10
Chichi1999_09.jpg 0x0
rect:157 70 110 105 41
rect:188 51 209 161 48
rect:258 114 42 87 40
rect:283 70 35 91 40
Chichi1999_10.jpg 0x0
rect:185 24 554 384 10
Chichi1999_11.jpg 0x0
rect:2 148 190 382 10
rect:111 184 110 70 65
Chichi1999_12.jpg 0x0
rect:12 33 531 436 66
Chichi1999_13.jpg 0x0
rect:40 41 536 488 10
Chichi1999_14.jpg 0x0
rect:243 551 31 42 39
rect:137 243 37 47 67
rect:381 323 26 53 39
rect:327 645 89 71 67
rect:114 251 55 53 67
rect:75 353 40 53 67
rect:253 172 14 53 67
rect:174 222 71 35 67
rect:113 690 32 50 67
rect:77 592 45 38 67
rect:254 676 24 24 39
rect:327 557 43 54 67
rect:96 233 41 43 67
rect:214 449 26 42 67
rect:81 462 54 41 67
rect:173 318 22 55 67
rect:246 383 18 25 39
Chichi1999_15.jpg 0x0
rect:256 31 185 540 41
Chichi1999_16.jpg 0x0
rect:169 165 48 150 32
Chichi1999_17.jpg 0x0
rect:92 243 26 36 32
Chichi1999_18.jpg 0x0
rect:119 199 186 537 68
rect:111 220 28 154 69
rect:245 231 22 183 69
rect:173 161 28 108 69
rect:287 297 39 118 69
rect:301 315 38 137 70
Chichi1999_19.jpg 0x0
rect:164 20 189 530 2
rect:281 115 194 260 3
YogyakartaInd2006_03.jpg 0x0
rect:288 124 54 36 15
rect:454 88 121 59 15
rect:299 150 19 8 16
rect:193 546 228 23 15
rect:213 267 279 188 71
rect:441 100 99 35 16
rect:205 25 82 2 15
rect:309 534 65 35 16
Chichi1999_20.jpg 0x0
rect:316 414 65 234 41
rect:141 147 108 364 42
Chichi1999_21.jpg 0x0
rect:264 259 83 160 6
rect:183 339 202 116 37
rect:161 87 283 263 72
rect:248 37 277 143 37
rect:265 137 161 130 6
rect:66 262 201 84 5
rect:453 9 102 140 57
rect:16 4 188 165 30
Chichi1999_22.jpg 0x0
rect:487 246 13 22 73
rect:251 235 22 17 73
rect:242 260 14 29 73
rect:174 148 380 174 10
Chichi1999_23.jpg 0x0
rect:158 183 17 28 34
rect:325 181 48 63 73
rect:355 146 24 33 26
rect:275 308 96 124 73
rect:101 225 47 104 73
rect:139 378 39 64 34
rect:5 60 552 226 74
rect:165 148 69 56 73
rect:361 160 25 32 27
rect:363 256 30 87 34
Chichi1999_24.jpg 0x0
rect:439 442 1 2 46
rect:291 139 54 50 46
rect:150 162 150 72 75
rect:3 409 208 244 74
rect:160 196 71 61 34
Chichi1999_25.jpg 0x0
rect:214 341 43 94 26
rect:198 194 145 176 34
rect:135 229 133 340 73
Chichi1999_26.jpg 0x0
rect:160 658 94 147 73
rect:285 291 90 480 76
rect:265 174 57 130 73
rect:187 17 43 32 73
rect:130 458 119 79 27
rect:153 505 60 90 26
Chichi1999_27.jpg 0x0
rect:201 302 111 264 32
Chichi1999_28.jpg 0x0
rect:14 48 228 118 6
rect:244 168 139 277 75
rect:304 284 289 112 77
rect:180 127 135 236 5
Chichi1999_29.jpg 0x0
rect:281 244 109 203 40
rect:189 261 141 212 48
rect:170 295 78 115 52
Chichi1999_30.jpg 0x0
rect:29 222 74 186 73
rect:147 255 208 56 78
rect:140 131 276 296 40
rect:280 170 225 77 52
Chichi1999_31.jpg 0x0
rect:707 126 47 162 48
rect:135 87 108 371 79
Chichi1999_32.jpg 0x0
rect:250 51 52 147 81
rect:544 151 64 170 39
rect:222 191 47 132 81
rect:129 10 111 493 80
Chichi1999_33.jpg 0x0
rect:366 188 42 111 49
rect:114 162 57 98 49
rect:322 102 70 312 56
rect:133 148 74 233 32
rect:88 69 168 417 33
rect:193 116 87 257 32
Chichi1999_34.jpg 0x0
rect:121 107 417 504 10
Duzce1999_01.jpg 0x0
rect:100 155 123 131 41
rect:105 61 125 224 39
Duzce1999_02.jpg 0x0
rect:105 63 182 475 41
Duzce1999_03.jpg 0x0
rect:142 125 125 192 42
rect:0 152 80 275 31
rect:197 138 98 326 31
Gediz1970_01.jpg 0x0
rect:171 508 78 243 69
rect:158 372 130 210 69
rect:160 103 309 637 68
Guatemala1976_01.jpg 0x0
rect:24 92 725 192 82
rect:30 172 111 134 48
rect:497 144 120 107 48
rect:505 209 62 83 41
rect:63 146 63 59 52
rect:68 219 45 57 41
Guatemala1976_02.jpg 0x0
rect:230 82 118 124 40
rect:142 63 244 219 48
Guatemala1976_03.jpg 0x0
rect:12 90 934 295 75
Guatemala1976_04.jpg 0x0
rect:47 53 569 184 30
rect:588 244 114 413 4
rect:175 26 408 84 30
rect:448 300 107 219 4
Guatemala1976_05.jpg 0x0
rect:153 142 446 203 40
rect:110 94 421 243 48
rect:243 116 357 139 41
Guatemala1976_06.jpg 0x0
rect:85 71 152 435 39
Guatemala1976_07.jpg 0x0
rect:203 495 160 98 83
rect:18 253 479 437 10
rect:20 199 76 66 6
Guatemala1976_08.jpg 0x0
rect:298 65 236 244 40
rect:147 40 486 512 48
rect:215 47 374 454 41
Guatemala1976_09.jpg 0x0
rect:743 372 48 66 85
rect:254 293 85 33 85
rect:90 195 28 31 84
rect:230 236 39 22 84
rect:125 277 42 59 85
rect:75 286 41 34 85
rect:784 250 72 84 84
rect:286 235 69 69 84
Guatemala1976_10.jpg 0x0
rect:273 229 286 189 86
rect:298 339 48 137 87
rect:133 146 260 193 87
Guatemala1976_11.jpg 0x0
rect:220 179 138 176 34
GujaratIndia2001_01.jpg 0x0
rect:391 505 40 49 11
rect:69 425 52 33 2
rect:181 530 162 94 2
rect:36 436 132 227 4
Haiti2010_01.jpg 0x0
rect:328 420 252 163 4
rect:286 186 171 285 41
rect:201 334 20 159 40
rect:169 58 133 118 7
rect:655 199 78 115 4
Haiti2010_02.jpg 0x0
rect:327 26 166 39 14
rect:49 84 351 213 88
Haiti2010_03.jpg 0x0
rect:177 619 219 249 89
rect:272 474 50 48 49
rect:192 288 153 266 32
rect:415 1 57 479 32
Haiti2010_04.jpg 0x0
rect:179 34 231 300 34
rect:161 340 299 712 41
rect:2 152 355 118 6
Haiti2010_05.jpg 0x0
rect:196 295 170 90 52
rect:459 268 45 111 40
rect:267 204 295 390 90
rect:314 254 21 99 40
Haiti2010_06.jpg 0x0
rect:336 136 177 373 33
rect:351 172 80 33 6
rect:377 188 607 889 91
rect:200 278 212 486 91
rect:388 154 76 121 34
rect:429 163 71 202 32
rect:192 270 46 49 34
ImperialValley1979_01.jpg 0x0
rect:453 341 39 26 32
rect:63 278 107 113 50
rect:559 290 29 38 50
rect:410 220 53 63 50
rect:13 301 58 77 49
rect:417 409 46 32 32
rect:354 236 32 25 49
rect:429 414 44 55 32
rect:13 380 179 121 32
rect:375 233 20 14 49
rect:398 238 21 26 49
ImperialValley1979_02.jpg 0x0
rect:210 120 67 148 50
rect:327 176 98 58 49
rect:147 229 370 70 92
rect:279 148 90 147 50
rect:214 98 203 210 32
rect:161 155 70 178 50
ImperialValley1979_03.jpg 0x0
rect:136 287 158 178 32
rect:133 241 261 117 32
rect:217 237 57 157 50
rect:128 231 81 256 50
rect:115 437 268 32 92
rect:288 392 82 96 50
rect:77 267 243 31 92
Izmit1999_01.jpg 0x0
rect:182 96 442 370 34
rect:209 88 41 176 27
rect:156 300 39 118 27
rect:351 325 57 80 26
rect:301 136 35 140 27
Izmit1999_02.jpg 0x0
rect:24 137 533 281 10
Izmit1999_03.jpg 0x0
rect:507 85 64 324 50
rect:136 36 336 385 93
rect:194 229 266 34 92
rect:576 120 50 261 50
rect:213 115 63 379 50
rect:159 55 321 467 32
rect:293 109 44 214 50
rect:274 88 43 288 50
Izmit1999_04.jpg 0x0
rect:43 522 51 49 34
rect:45 319 31 64 42
rect:45 320 51 102 41
rect:388 71 108 76 41
rect:305 352 22 45 40
rect:417 476 16 69 40
rect:134 316 163 79 88
rect:408 63 98 83 48
rect:300 386 67 89 41
rect:139 508 242 129 88
Izmit1999_05.jpg 0x0
rect:124 20 477 343 10
Izmit1999_06.jpg 0x0
rect:259 310 52 138 50
rect:120 222 142 54 49
rect:128 226 89 157 50
rect:298 188 40 119 50
rect:99 129 229 386 32
rect:86 258 80 217 50
Izmit1999_07.jpg 0x0
rect:17 116 417 538 2
rect:275 231 51 90 3
rect:192 142 27 99 3
rect:289 311 113 446 4
rect:424 125 75 72 3
rect:403 53 155 47 6
rect:187 359 31 156 3
Izmit1999_08.jpg 0x0
rect:127 107 81 89 41
rect:590 60 52 24 52
rect:391 105 73 75 41
rect:238 166 196 135 88
rect:164 467 113 122 45
rect:139 33 81 91 34
rect:625 7 95 83 45
Izmit1999_09.jpg 0x0
rect:426 296 110 85 41
rect:325 214 42 28 41
rect:523 183 42 65 41
rect:348 327 111 102 94
rect:784 169 55 84 94
rect:35 242 35 49 41
Izmit1999_10.jpg 0x0
rect:75 165 103 157 40
rect:277 202 56 186 40
rect:71 133 371 378 41
rect:151 473 165 40 78
rect:236 321 47 85 40
rect:337 689 126 107 40
rect:242 657 82 32 78
rect:118 164 85 277 40
rect:82 401 228 47 78
rect:41 269 365 54 78
rect:188 149 118 100 40
Izmit1999_11.jpg 0x0
rect:238 406 118 96 41
rect:212 354 63 150 40
rect:318 203 84 138 40
rect:216 176 50 129 40
rect:199 253 159 179 41
Izmit1999_12.jpg 0x0
rect:114 156 55 82 88
rect:61 228 80 72 52
rect:445 31 74 52 34
rect:15 83 49 27 6
rect:1 175 31 45 41
rect:310 339 78 160 94
rect:427 89 55 102 45
rect:87 84 34 21 6
rect:405 214 41 55 41
rect:326 214 34 142 42
rect:518 230 224 229 91
rect:367 353 64 109 52
rect:463 81 49 81 41
rect:226 289 65 91 41
rect:41 279 66 68 94
rect:367 208 37 35 6
rect:79 390 26 37 40
rect:500 113 53 40 7
Izmit1999_13.jpg 0x0
rect:165 191 40 92 41
rect:387 204 72 206 41
rect:141 269 122 109 94
rect:5 68 72 148 42
rect:287 87 91 144 41
rect:110 115 43 31 6
rect:306 97 233 308 48
rect:187 323 37 63 41
rect:202 269 63 49 52
Izmit1999_14.jpg 0x0
rect:416 6 155 66 35
rect:263 443 39 24 34
rect:240 332 36 25 34
rect:523 175 67 69 35
rect:448 55 43 53 95
rect:476 327 78 52 34
rect:568 285 73 45 34
rect:46 152 103 73 34
rect:469 74 96 57 34
Izmit1999_15.jpg 0x0
rect:120 196 298 258 42
Izmit1999_16.jpg 0x0
rect:118 74 207 386 39
rect:106 110 153 169 41
rect:198 132 30 82 40
rect:94 86 369 558 33
Izmit1999_17.jpg 0x0
rect:75 141 138 246 41
Izmit1999_18.jpg 0x0
rect:176 113 114 223 39
rect:200 211 144 159 41
Izmit1999_19.jpg 0x0
rect:193 169 306 191 32
rect:378 159 24 89 50
rect:164 87 219 425 96
rect:547 186 29 111 50
Kobe1995_01.jpg 0x0
rect:24 197 638 132 63
Kobe1995_02.jpg 0x0
rect:2 64 604 597 68
Kobe1995_03.jpg 0x0
rect:47 65 465 626 10
Kobe1995_04.jpg 0x0
rect:298 282 70 66 41
Kobe1995_05.jpg 0x0
rect:163 197 161 551 52
rect:330 164 156 411 40
rect:4 114 147 573 40
rect:75 701 330 135 78
rect:34 272 411 76 78
Kobe1995_06.jpg 0x0
rect:215 465 327 450 42
rect:45 138 539 313 41
Kobe1995_07.jpg 0x0
rect:283 496 43 45 39
rect:225 265 44 54 39
rect:369 330 49 46 39
rect:448 145 49 44 39
rect:129 228 42 36 39
rect:43 270 34 42 39
rect:379 177 52 37 39
rect:553 478 27 29 39
rect:122 332 25 40 39
rect:128 196 34 36 39
rect:187 261 34 52 39
rect:488 150 55 32 39
rect:425 312 38 35 39
rect:288 337 40 34 39
rect:93 364 38 22 39
rect:243 219 40 47 39
rect:181 151 24 49 39
rect:134 233 28 55 39
rect:245 157 35 50 39
rect:198 402 19 50 39
rect:248 311 41 27 39
rect:207 126 34 28 39
rect:33 424 50 30 39
rect:150 509 43 46 39
rect:351 347 43 28 39
rect:376 237 34 33 39
Kobe1995_08.jpg 0x0
rect:278 41 373 160 97
Kobe1995_09.jpg 0x0
rect:76 717 56 98 88
rect:100 516 87 76 88
rect:121 404 76 59 88
rect:229 692 188 57 97
SanSalvador_1986_01.jpg 0x0
rect:88 3 105 223 68
rect:323 136 107 190 41
SanSalvador_1986_02.jpg 0x0
rect:186 315 35 32 41
rect:161 274 29 43 41
rect:168 172 22 27 41
rect:376 311 33 64 41
rect:348 201 37 50 41
rect:481 123 41 53 42
rect:444 95 15 21 41
rect:409 211 26 28 41
rect:221 253 56 55 41
SikkimIndia2001_01.jpg 0x0
rect:277 200 130 142 34
SikkimIndia2001_02.jpg 0x0
rect:9 183 48 56 54
rect:162 87 230 282 33
rect:438 83 135 123 33
rect:405 249 98 18 16
rect:391 111 124 40 16
rect:-13 2 408 124 33
rect:293 254 71 36 16
rect:10 6 266 92 16
SikkimIndia2001_03.jpg 0x0
rect:173 196 116 177 70
rect:245 114 61 150 69
rect:220 11 127 383 98
SikkimIndia2001_04.jpg 0x0
rect:267 161 323 86 99
rect:3 24 206 195 99
rect:182 177 119 140 34
SumatraInd2009_01.jpg 0x0
rect:359 19 50 335 81
SumatraInd2009_02.jpg 0x0
rect:155 60 216 144 41
WhittierNarrows1987_01.jpg 0x0
rect:17 30 1005 290 10
WhittierNarrows1987_02.jpg 0x0
rect:216 352 114 247 41
WhittierNarrows1987_03.jpg 0x0
rect:278 102 148 183 32
WhittierNarrows1987_04.jpg 0x0
rect:230 13 217 148 100
rect:223 7 236 52 6
rect:251 39 84 259 41
YogyakartaInd2006_01.jpg 0x0
rect:176 39 311 284 32
rect:349 161 353 77 49
rect:170 -24 401 431 29
YogyakartaInd2006_02.jpg 0x0
rect:264 90 48 212 69
rect:255 40 179 539 98
rect:311 106 98 156 70
