Anchorage1964_01.jpg 0x0
rect:118 8 151 134 1
rect:107 256 302 227 1
Anchorage1964_02.jpg 0x0
rect:555 199 13 52 3
rect:73 191 29 21 6
rect:521 239 17 69 3
rect:370 81 132 136 8
rect:254 277 19 48 3
rect:143 166 87 70 7
rect:128 298 265 96 2
rect:97 204 69 20 6
rect:391 210 12 50 3
rect:212 88 81 78 4
rect:25 194 179 43 5
rect:200 349 27 49 3
rect:252 41 307 60 4
rect:225 185 24 45 3
rect:402 294 32 53 3
rect:32 24 106 47 5
rect:72 28 106 12 6
rect:490 315 24 58 3
rect:530 213 71 78 4
Anchorage1964_03.jpg 0x0
rect:2 189 214 70 9
rect:0 221 565 91 10
rect:291 62 441 264 9
Anchorage1964_04.jpg 0x0
rect:300 200 37 19 5
rect:324 182 33 21 5
rect:149 337 34 18 5
rect:449 415 26 20 5
rect:128 141 34 26 5
rect:140 152 27 25 5
rect:165 238 23 15 5
rect:262 492 36 18 5
rect:220 21 25 17 5
rect:217 154 14 23 1
rect:264 407 16 22 1
rect:368 214 13 26 1
rect:233 262 16 28 1
rect:257 420 14 16 1
rect:344 285 35 21 5
rect:273 276 17 29 1
rect:166 386 28 16 5
rect:272 82 28 21 5
rect:313 361 29 26 5
rect:300 24 36 23 5
rect:360 277 24 27 1
rect:222 94 41 15 5
rect:395 90 32 17 5
rect:148 293 35 22 5
rect:151 584 45 21 2
rect:162 148 24 16 5
rect:266 243 8 1 1
rect:334 376 18 21 1
rect:158 74 29 14 5
rect:438 299 24 22 5
rect:441 346 30 18 5
rect:316 114 37 15 5
rect:207 183 23 31 8
rect:249 161 16 36 1
rect:308 272 27 21 5
rect:111 242 39 15 5
rect:316 303 24 32 1
rect:241 510 16 20 1
rect:129 372 31 11 5
Anchorage1964_05.jpg 0x0
rect:118 18 18 33 1
rect:391 200 41 52 8
rect:649 103 46 68 1
rect:594 141 46 71 1
rect:432 281 46 58 1
rect:85 192 20 54 1
rect:735 329 59 16 6
rect:145 174 106 52 6
rect:137 45 106 34 5
rect:69 201 23 29 1
rect:481 245 53 20 11
rect:97 214 20 48 1
rect:207 211 21 23 11
rect:44 184 15 52 1
rect:484 170 47 22 6
rect:203 159 121 92 2
rect:115 80 12 68 1
rect:392 1 49 46 1
rect:668 270 57 41 5
rect:332 207 30 60 1
rect:203 41 128 33 6
rect:29 363 21 48 1
rect:84 85 17 54 1
rect:624 457 45 77 8
rect:383 86 54 75 1
rect:55 386 18 52 1
rect:742 296 80 37 5
rect:192 126 87 25 5
rect:393 30 37 42 1
Anchorage1964_06.jpg 0x0
rect:144 97 84 335 3
rect:156 319 73 84 11
rect:140 54 212 329 12
Anchorage1964_07.jpg 0x0
rect:198 124 150 167 11
rect:286 2 99 86 2
rect:306 121 51 122 13
rect:254 342 455 182 2
rect:18 185 318 24 11
rect:535 252 65 100 11
rect:10 83 679 445 2
rect:322 136 36 86 3
rect:6 335 515 42 14
Anchorage1964_08.jpg 0x0
rect:34 66 100 144 1
rect:387 237 115 105 1
rect:432 35 132 108 1
rect:311 592 158 117 1
rect:69 313 85 122 1
rect:35 401 80 134 1
Anchorage1964_09.jpg 0x0
rect:672 226 1 1 16
rect:14 14 358 15 15
rect:124 39 65 93 8
rect:682 358 83 83 8
rect:552 7 319 10 15
rect:520 166 78 76 1
rect:9 132 73 20 15
rect:576 144 125 29 15
rect:450 157 67 70 1
rect:11 21 75 16 16
rect:349 168 87 87 1
rect:457 10 73 11 16
rect:136 164 203 12 15
rect:796 130 170 22 15
rect:636 31 88 48 8
rect:130 337 80 79 8
rect:19 144 24 10 16
rect:127 181 74 91 1
rect:74 119 54 10 16
Anchorage1964_10.jpg 0x0
rect:63 177 300 380 1
rect:188 216 176 78 18
rect:253 381 125 134 17
rect:65 515 410 151 18
Anchorage1964_11.jpg 0x0
rect:505 5 145 49 1
rect:146 68 137 84 4
rect:186 178 490 23 15
rect:743 120 135 107 1
rect:323 247 327 33 11
rect:84 512 572 11 14
rect:134 186 534 92 2
rect:65 401 544 21 14
Anchorage1964_12.jpg 0x0
rect:502 103 235 138 11
rect:236 157 22 75 3
rect:469 78 60 257 3
rect:413 72 61 290 3
rect:13 80 489 297 2
Anchorage1964_13.jpg 0x0
rect:216 517 209 21 2
rect:320 379 110 12 19
rect:534 375 35 152 20
Anchorage1964_14.jpg 0x0
rect:8 699 149 67 11
rect:286 212 155 48 15
rect:328 7 79 106 11
rect:163 696 41 57 22
rect:77 571 49 67 22
rect:414 757 142 61 23
rect:35 559 40 81 22
rect:21 639 32 54 22
rect:254 376 78 85 21
rect:247 15 125 575 20
rect:271 11 70 258 11
rect:91 208 172 28 15
Anchorage1964_15.jpg 0x0
rect:227 162 40 82 25
rect:211 143 32 61 11
rect:232 586 246 79 2
rect:368 10 73 66 4
rect:214 92 68 502 20
rect:332 246 92 51 11
rect:300 291 94 46 24
rect:351 11 75 50 4
rect:279 226 206 54 15
Anchorage1964_16.jpg 0x0
rect:241 169 183 246 11
rect:477 205 143 234 2
rect:16 140 202 152 2
rect:69 350 111 74 11
rect:14 268 66 57 2
rect:271 81 221 143 2
Anchorage1964_17.jpg 0x0
rect:206 57 154 147 9
rect:8 257 508 209 10
rect:13 130 227 106 9
Anchorage1964_18.jpg 0x0
rect:748 395 61 17 2
rect:551 234 39 22 2
rect:277 311 291 22 15
rect:112 299 100 55 11
rect:483 179 104 108 4
rect:125 197 57 123 4
rect:503 146 73 89 4
rect:170 190 13 62 11
rect:450 405 103 15 2
rect:399 234 31 65 11
Anchorage1964_19.jpg 0x0
rect:24 263 39 121 27
rect:545 233 8 14 26
rect:550 263 33 45 28
rect:293 75 72 127 29
rect:264 106 65 63 26
rect:6 271 94 168 26
rect:363 121 22 66 29
rect:544 111 14 28 26
rect:606 174 8 19 26
rect:379 364 62 87 26
rect:520 113 34 35 28
rect:419 119 25 30 27
rect:329 195 16 28 26
rect:394 126 31 98 29
rect:531 109 8 7 26
rect:544 201 12 33 26
rect:268 91 38 24 26
rect:486 264 10 29 26
Anchorage1964_20.jpg 0x0
rect:165 83 168 192 29
rect:208 427 73 131 26
rect:467 538 33 61 26
rect:259 67 105 90 26
rect:256 124 79 63 27
Anchorage1964_21.jpg 0x0
rect:147 176 533 163 30
rect:36 349 39 42 26
rect:-5 87 62 169 29
rect:2 100 40 38 26
Bingol2003_01.jpg 0x0
rect:419 339 126 94 6
rect:671 134 64 70 6
rect:38 327 76 57 33
rect:864 434 85 45 33
rect:323 103 58 35 6
rect:657 201 44 77 34
rect:111 182 72 65 33
rect:563 180 49 67 6
rect:702 238 64 78 6
rect:677 527 215 97 6
rect:548 158 85 93 33
rect:2 249 1011 201 10
rect:404 204 121 118 31
rect:207 179 100 68 33
rect:580 68 86 89 6
rect:540 335 67 46 33
rect:339 382 41 200 32
rect:407 337 55 66 34
rect:416 87 203 203 31
Bingol2003_02.jpg 0x0
rect:243 460 67 74 6
rect:99 559 208 289 32
rect:825 58 158 74 36
rect:536 216 305 131 35
rect:161 289 62 336 32
rect:414 271 96 97 26
rect:289 210 933 341 31
rect:165 97 405 203 34
Bingol2003_03.jpg 0x0
rect:107 24 210 40 2
rect:298 208 435 171 2
rect:867 -6 349 207 4
rect:557 299 278 437 4
rect:95 56 89 141 33
rect:811 408 238 501 2
rect:322 197 222 71 11
Bingol2003_04.jpg 0x0
rect:209 312 144 147 4
rect:207 501 258 230 2
rect:78 479 86 82 2
rect:202 460 21 109 3
rect:428 667 130 105 2
rect:272 452 43 123 3
rect:154 665 32 96 3
rect:74 670 25 96 3
CanterburyNZSeries2010_01.jpg 0x0
rect:101 124 110 338 12
CanterburyNZSeries2010_02.jpg 0x0
rect:49 11 155 291 37
rect:58 51 129 161 6
CanterburyNZSeries2010_03.jpg 0x0
rect:59 56 411 155 38
CanterburyNZSeries2010_04.jpg 0x0
rect:329 543 23 34 40
rect:296 8 91 188 42
rect:179 334 24 161 40
rect:142 353 109 202 41
rect:253 274 36 88 40
rect:369 357 63 127 40
rect:224 237 217 358 39
rect:346 425 17 75 40
CanterburyNZSeries2010_05.jpg 0x0
rect:248 218 166 119 15
rect:391 438 185 392 4
CanterburyNZSeries2010_06.jpg 0x0
rect:67 106 539 617 4
rect:323 268 219 116 2
CanterburyNZSeries2010_08.jpg 0x0
rect:836 394 34 227 32
rect:706 527 117 159 44
rect:463 121 189 185 43
rect:687 600 81 108 44
CanterburyNZSeries2010_09.jpg 0x0
rect:234 256 205 481 39
rect:238 136 219 254 45
CanterburyNZSeries2010_10.jpg 0x0
rect:389 134 179 141 7
rect:273 386 178 67 46
rect:262 174 445 197 6
rect:301 593 225 122 6
CanterburyNZSeries2010_11.jpg 0x0
rect:332 269 202 253 5
rect:225 171 323 148 7
CanterburyNZSeries2010_12.jpg 0x0
rect:60 313 951 280 2
rect:159 452 181 53 11
rect:715 418 148 64 11
rect:4 240 776 356 47
CanterburyNZSeries2010_13.jpg 0x0
rect:559 121 136 360 11
rect:171 21 436 918 12
Caracas1967_01.jpg 0x0
rect:209 140 31 66 48
rect:371 196 14 56 48
rect:453 154 82 99 48
rect:418 95 138 278 48
Caracas1967_02.jpg 0x0
rect:161 405 37 44 50
rect:184 1 145 207 15
rect:116 447 45 58 49
rect:213 263 175 370 51
Caracas1967_03.jpg 0x0
rect:18 490 178 110 6
rect:323 233 153 167 34
rect:207 374 83 68 26
rect:325 284 33 56 27
rect:292 57 71 68 14
rect:384 392 30 114 27
Caracas1967_04.jpg 0x0
rect:180 422 24 82 27
rect:128 289 204 192 34
rect:186 352 56 101 26
Caracas1967_05.jpg 0x0
rect:365 220 60 287 40
rect:161 380 62 208 40
rect:57 374 59 276 40
rect:168 219 102 201 52
rect:317 282 40 179 40
rect:23 92 505 454 48
rect:376 187 57 132 40
rect:175 425 61 281 40
rect:89 379 180 221 52
rect:32 167 337 457 41
Caracas1967_06.jpg 0x0
rect:339 212 82 64 6
rect:449 74 308 268 7
Caracas1967_07.jpg 0x0
rect:302 8 114 217 34
rect:184 149 135 235 34
rect:343 446 115 65 53
rect:260 101 49 260 27
rect:498 37 21 254 27
rect:502 372 73 127 53
rect:310 260 124 269 34
Caracas1967_08.jpg 0x0
rect:195 356 57 117 55
rect:289 387 55 115 54
rect:367 204 77 108 54
Caracas1967_09.jpg 0x0
rect:63 178 76 79 48
rect:193 153 95 59 48
rect:467 10 212 114 48
rect:25 173 46 54 48
Caracas1967_10.jpg 0x0
rect:514 297 93 233 40
rect:14 194 473 532 48
rect:368 194 66 156 40
rect:49 183 258 340 41
Caracas1967_11.jpg 0x0
rect:305 14 116 342 41
rect:59 206 199 380 41
rect:43 17 479 779 48
Caracas1967_12.jpg 0x0
rect:552 278 25 51 32
rect:313 282 35 58 56
rect:766 359 25 39 32
rect:648 280 46 51 34
Caracas1967_13.jpg 0x0
rect:160 420 162 221 55
Caracas1967_14.jpg 0x0
rect:168 382 243 35 6
rect:145 121 628 220 57
Chichi1999_01.jpg 0x0
rect:4 8 525 144 58
rect:247 143 54 284 42
Chichi1999_02.jpg 0x0
rect:6 67 374 147 58
rect:290 119 233 511 59
Chichi1999_03.jpg 0x0
rect:0 150 701 222 58
rect:61 199 64 116 60
Chichi1999_04.jpg 0x0
rect:178 -20 45 167 48
rect:254 283 28 51 52
rect:265 284 92 253 48
Chichi1999_05.jpg 0x0
rect:440 247 30 23 41
rect:269 85 89 282 48
rect:315 138 42 93 52
rect:279 159 40 44 41
Chichi1999_06.jpg 0x0
rect:498 -13 73 94 61
rect:627 155 40 63 41
rect:322 211 40 75 48
rect:342 254 25 24 52
rect:201 17 484 195 10
rect:403 112 44 63 62
Chichi1999_07.jpg 0x0
rect:206 218 24 54 64
rect:146 146 34 168 48
rect:67 149 622 170 63
rect:484 226 48 114 48
rect:294 254 23 42 64
rect:587 202 15 22 64
rect:467 268 48 101 48
Chichi1999_08.jpg 0x0
rect:82 17 460 473 10
Chichi1999_09.jpg 0x0
rect:239 128 48 55 40
rect:148 64 253 147 48
rect:292 99 44 82 40
rect:231 80 118 73 41
Chichi1999_10.jpg 0x0
rect:161 21 467 453 10
Chichi1999_11.jpg 0x0
rect:2 95 170 390 10
rect:140 269 95 104 65
Chichi1999_12.jpg 0x0
rect:11 23 379 492 66
Chichi1999_13.jpg 0x0
rect:34 51 560 309 10
Chichi1999_14.jpg 0x0
rect:86 360 59 35 67
rect:362 449 30 47 67
rect:132 685 29 52 67
rect:139 286 45 80 67
rect:277 332 36 38 39
rect:89 434 40 49 67
rect:170 172 17 55 67
rect:158 160 74 39 67
rect:206 421 32 40 67
rect:267 316 26 22 39
rect:182 350 36 36 67
rect:288 361 31 43 39
rect:134 344 49 52 67
rect:211 395 34 56 67
rect:404 547 94 55 67
rect:55 428 43 54 67
rect:332 378 25 28 39
Chichi1999_15.jpg 0x0
rect:278 22 188 520 41
Chichi1999_16.jpg 0x0
rect:129 121 77 132 32
Chichi1999_17.jpg 0x0
rect:102 298 26 31 32
Chichi1999_18.jpg 0x0
rect:240 251 34 105 69
rect:144 137 129 443 68
rect:202 208 38 113 69
rect:252 281 41 143 70
rect:175 275 42 117 69
rect:172 247 24 118 69
Chichi1999_19.jpg 0x0
rect:234 25 214 371 2
rect:248 120 230 289 3
YogyakartaInd2006_03.jpg 0x0
rect:211 24 120 2 15
rect:318 145 17 8 16
rect:242 195 389 157 71
rect:331 55 84 31 16
rect:165 568 241 21 15
rect:432 73 129 62 15
rect:269 131 86 42 15
rect:396 389 46 31 16
Chichi1999_20.jpg 0x0
rect:143 256 91 460 42
rect:324 503 67 140 41
Chichi1999_21.jpg 0x0
rect:236 374 224 182 37
rect:469 144 203 115 6
rect:411 6 115 130 57
rect:281 220 82 116 6
rect:18 4 284 199 30
rect:407 42 290 270 37
rect:251 119 253 279 72
rect:70 501 198 102 5
Chichi1999_22.jpg 0x0
rect:253 204 273 112 10
rect:213 169 17 22 73
rect:306 272 19 19 73
rect:381 258 13 23 73
Chichi1999_23.jpg 0x0
rect:274 178 25 29 27
rect:384 153 32 33 26
rect:305 324 55 121 73
rect:133 223 25 27 34
rect:242 237 35 61 34
rect:142 351 59 79 73
rect:140 111 47 60 73
rect:268 156 36 57 73
rect:4 87 460 175 74
rect:87 442 42 77 34
Chichi1999_24.jpg 0x0
rect:3 308 203 160 74
rect:171 214 48 43 46
rect:141 221 139 94 75
rect:370 453 1 2 46
rect:138 266 65 66 34
Chichi1999_25.jpg 0x0
rect:262 408 41 95 26
rect:183 237 196 255 73
rect:140 177 124 297 34
Chichi1999_26.jpg 0x0
rect:164 137 55 82 73
rect:164 584 93 151 73
rect:196 479 68 67 26
rect:112 431 85 116 27
rect:243 232 107 406 76
rect:196 20 49 40 73
Chichi1999_27.jpg 0x0
rect:179 220 93 281 32
Chichi1999_28.jpg 0x0
rect:253 353 201 80 77
rect:26 70 332 157 6
rect:289 101 167 184 75
rect:100 131 135 289 5
Chichi1999_29.jpg 0x0
rect:243 319 81 211 52
rect:115 167 209 213 48
rect:240 200 120 179 40
Chichi1999_30.jpg 0x0
rect:204 116 186 56 52
rect:265 151 209 46 78
rect:172 80 288 296 40
rect:34 346 71 122 73
Chichi1999_31.jpg 0x0
rect:602 84 45 204 48
rect:129 73 111 233 79
Chichi1999_32.jpg 0x0
rect:155 8 88 398 80
rect:671 193 66 234 39
rect:220 48 42 134 81
rect:140 281 33 189 81
Chichi1999_33.jpg 0x0
rect:226 104 155 255 32
rect:142 128 39 146 49
rect:297 144 47 97 49
rect:306 122 112 240 56
rect:130 90 74 190 32
rect:95 65 109 554 33
Chichi1999_34.jpg 0x0
rect:144 89 488 354 10
Duzce1999_01.jpg 0x0
rect:99 104 100 115 41
rect:156 78 101 337 39
Duzce1999_02.jpg 0x0
rect:96 70 149 300 41
Duzce1999_03.jpg 0x0
rect:256 120 66 222 31
rect:119 122 103 187 42
rect:0 141 135 316 31
Gediz1970_01.jpg 0x0
rect:186 492 99 160 69
rect:178 344 102 192 69
rect:137 95 223 473 68
Guatemala1976_01.jpg 0x0
rect:53 256 67 39 52
rect:371 125 183 161 48
rect:491 181 72 73 41
rect:37 163 78 103 48
rect:25 90 759 222 82
rect:46 133 54 57 41
Guatemala1976_02.jpg 0x0
rect:227 54 276 309 48
rect:262 72 123 71 40
Guatemala1976_03.jpg 0x0
rect:19 70 662 421 75
Guatemala1976_04.jpg 0x0
rect:372 354 99 217 4
rect:42 70 382 268 30
rect:126 22 451 80 30
rect:515 131 98 302 4
Guatemala1976_05.jpg 0x0
rect:199 105 416 415 48
rect:202 127 325 123 40
rect:191 137 260 165 41
Guatemala1976_06.jpg 0x0
rect:156 136 148 387 39
Guatemala1976_07.jpg 0x0
rect:238 603 113 68 83
rect:24 171 308 280 10
rect:23 382 51 67 6
Guatemala1976_08.jpg 0x0
rect:149 36 274 418 48
rect:382 77 205 248 40
rect:232 64 347 360 41
Guatemala1976_09.jpg 0x0
rect:175 200 44 64 85
rect:247 208 42 34 84
rect:259 331 65 55 84
rect:106 213 40 31 84
rect:677 352 49 65 85
rect:85 276 33 28 85
rect:289 208 63 41 85
rect:764 233 46 68 84
Guatemala1976_10.jpg 0x0
rect:225 129 248 193 87
rect:388 312 48 86 87
rect:288 177 318 317 86
Guatemala1976_11.jpg 0x0
rect:155 276 144 260 34
GujaratIndia2001_01.jpg 0x0
rect:298 543 58 58 11
rect:34 420 227 133 4
rect:83 541 88 34 2
rect:148 524 281 61 2
Haiti2010_01.jpg 0x0
rect:158 36 99 129 7
rect:573 403 249 244 4
rect:276 120 184 273 41
rect:482 276 81 112 4
rect:393 362 32 133 40
Haiti2010_02.jpg 0x0
rect:50 117 464 185 88
rect:221 32 132 54 14
Haiti2010_03.jpg 0x0
rect:471 1 49 521 32
rect:195 571 77 49 49
rect:189 381 270 234 32
rect:234 777 297 247 89
Haiti2010_04.jpg 0x0
rect:273 51 164 307 34
rect:119 326 266 499 41
rect:2 130 288 178 6
Haiti2010_05.jpg 0x0
rect:375 192 38 101 40
rect:275 304 134 145 52
rect:255 183 27 130 40
rect:242 164 223 641 90
Haiti2010_06.jpg 0x0
rect:487 313 58 245 32
rect:490 233 58 33 6
rect:503 164 201 500 33
rect:383 126 61 73 34
rect:148 295 314 307 91
rect:468 198 679 593 91
rect:181 284 27 51 34
ImperialValley1979_01.jpg 0x0
rect:14 441 94 72 49
rect:565 395 37 33 32
rect:350 284 26 37 50
rect:374 320 34 24 49
rect:360 242 17 21 49
rect:316 214 43 79 50
rect:362 369 56 52 32
rect:296 345 39 20 49
rect:60 352 128 80 50
rect:12 288 94 136 32
rect:615 285 58 29 32
ImperialValley1979_02.jpg 0x0
rect:339 145 46 163 50
rect:232 186 334 47 92
rect:330 197 93 38 49
rect:181 101 243 256 32
rect:351 124 100 164 50
rect:198 115 67 229 50
ImperialValley1979_03.jpg 0x0
rect:144 306 323 47 92
rect:133 219 275 203 32
rect:295 358 91 174 50
rect:155 254 198 158 32
rect:110 358 255 29 92
rect:289 337 86 231 50
rect:118 280 115 280 50
Izmit1999_01.jpg 0x0
rect:284 292 26 104 27
rect:183 152 31 125 27
rect:353 313 50 48 26
rect:241 90 58 237 27
rect:135 74 386 322 34
Izmit1999_02.jpg 0x0
rect:31 126 644 243 10
Izmit1999_03.jpg 0x0
rect:338 99 29 310 50
rect:163 48 318 326 32
rect:161 44 520 336 93
rect:378 82 40 284 50
rect:424 84 51 274 50
rect:281 102 35 230 50
rect:126 197 478 47 92
rect:216 97 84 216 50
Izmit1999_04.jpg 0x0
rect:382 53 79 123 48
rect:124 510 269 158 88
rect:66 386 25 101 42
rect:178 212 170 74 88
rect:448 475 20 58 40
rect:69 460 49 100 41
rect:43 454 79 43 34
rect:504 247 23 59 40
rect:337 385 104 68 41
rect:303 73 82 101 41
Izmit1999_05.jpg 0x0
rect:93 24 695 294 10
Izmit1999_06.jpg 0x0
rect:300 271 43 178 50
rect:384 319 45 167 50
rect:71 183 66 229 50
rect:144 146 196 387 32
rect:186 239 125 99 49
rect:152 161 99 227 50
Izmit1999_07.jpg 0x0
rect:249 353 121 279 4
rect:400 66 177 54 6
rect:250 87 90 102 3
rect:30 147 395 781 2
rect:165 302 44 103 3
rect:234 221 54 74 3
rect:281 232 38 107 3
Izmit1999_08.jpg 0x0
rect:613 80 50 39 52
rect:131 147 82 83 41
rect:601 77 72 77 41
rect:148 306 244 125 88
rect:108 22 116 91 34
rect:590 7 97 85 45
rect:125 429 65 66 45
Izmit1999_09.jpg 0x0
rect:34 196 35 61 41
rect:189 208 55 37 41
rect:328 197 73 66 41
rect:734 247 55 96 94
rect:499 224 48 53 41
rect:239 235 144 90 94
Izmit1999_10.jpg 0x0
rect:196 347 65 75 40
rect:85 122 87 169 40
rect:72 113 248 482 41
rect:90 339 319 50 78
rect:234 508 63 37 78
rect:165 542 146 30 78
rect:308 92 167 171 40
rect:41 174 398 43 78
rect:245 208 52 213 40
rect:391 475 71 134 40
rect:110 221 79 333 40
Izmit1999_11.jpg 0x0
rect:221 306 102 238 40
rect:141 200 159 152 41
rect:137 209 60 104 40
rect:206 442 92 130 41
rect:246 177 58 213 40
Izmit1999_12.jpg 0x0
rect:1 237 23 34 41
rect:428 241 73 72 41
rect:414 270 60 76 52
rect:112 87 43 28 6
rect:255 278 88 113 41
rect:454 146 50 130 42
rect:127 164 72 45 88
rect:73 284 74 57 52
rect:396 122 52 60 41
rect:449 210 61 40 7
rect:460 20 84 67 34
rect:271 115 39 79 45
rect:402 218 189 207 91
rect:293 196 41 32 6
rect:39 296 75 91 94
rect:227 291 99 196 94
rect:12 50 41 24 6
rect:103 259 25 59 40
Izmit1999_13.jpg 0x0
rect:415 209 113 215 41
rect:186 185 65 49 52
rect:157 272 46 102 41
rect:178 279 137 97 94
rect:5 72 80 129 42
rect:98 206 28 94 41
rect:276 56 238 425 48
rect:94 162 52 58 6
rect:257 94 81 110 41
Izmit1999_14.jpg 0x0
rect:458 38 66 60 95
rect:553 419 64 52 34
rect:415 380 37 19 34
rect:594 255 62 40 34
rect:384 8 120 72 35
rect:60 121 84 74 34
rect:389 75 95 70 34
rect:198 282 58 36 34
rect:453 120 116 89 35
Izmit1999_15.jpg 0x0
rect:170 221 253 273 42
Izmit1999_16.jpg 0x0
rect:171 81 185 359 39
rect:131 121 171 181 41
rect:117 55 503 372 33
rect:203 75 44 80 40
Izmit1999_17.jpg 0x0
rect:112 87 148 257 41
Izmit1999_18.jpg 0x0
rect:223 159 113 187 39
rect:154 205 153 195 41
Izmit1999_19.jpg 0x0
rect:227 72 236 369 96
rect:236 112 311 296 32
rect:359 199 29 99 50
rect:373 190 17 66 50
Kobe1995_01.jpg 0x0
rect:29 189 822 135 63
Kobe1995_02.jpg 0x0
rect:2 70 445 544 68
Kobe1995_03.jpg 0x0
rect:44 50 609 826 10
Kobe1995_04.jpg 0x0
rect:302 307 51 66 41
Kobe1995_05.jpg 0x0
rect:84 611 362 120 78
rect:409 109 133 292 40
rect:162 153 212 711 52
rect:4 221 135 494 40
rect:53 313 496 68 78
Kobe1995_06.jpg 0x0
rect:50 109 562 360 41
rect:162 361 248 467 42
Kobe1995_07.jpg 0x0
rect:233 305 40 49 39
rect:180 262 25 29 39
rect:306 175 33 27 39
rect:269 518 32 33 39
rect:242 207 37 58 39
rect:248 298 33 34 39
rect:126 333 32 51 39
rect:302 403 31 61 39
rect:271 385 50 45 39
rect:209 400 35 41 39
rect:45 266 45 48 39
rect:54 252 35 27 39
rect:139 190 31 31 39
rect:227 376 32 33 39
rect:330 332 35 35 39
rect:468 239 44 45 39
rect:194 182 45 28 39
rect:135 83 23 48 39
rect:316 365 40 26 39
rect:326 177 55 28 39
rect:323 223 34 43 39
rect:250 138 23 38 39
rect:115 348 37 34 39
rect:196 298 42 61 39
rect:462 296 41 42 39
rect:350 454 29 49 39
Kobe1995_08.jpg 0x0
rect:267 44 445 258 97
Kobe1995_09.jpg 0x0
rect:120 553 84 49 88
rect:63 612 78 78 88
rect:191 585 158 71 97
rect:75 350 63 51 88
SanSalvador_1986_01.jpg 0x0
rect:45 3 142 182 68
rect:270 119 140 209 41
SanSalvador_1986_02.jpg 0x0
rect:179 218 40 50 41
rect:307 184 45 45 41
rect:615 292 56 54 41
rect:395 175 21 26 41
rect:629 183 38 40 41
rect:162 219 26 34 41
rect:130 272 28 39 41
rect:582 237 53 45 42
rect:256 318 34 38 41
SikkimIndia2001_01.jpg 0x0
rect:266 204 163 130 34
SikkimIndia2001_02.jpg 0x0
rect:10 6 263 83 16
rect:328 281 95 14 16
rect:546 123 131 216 33
rect:234 76 249 491 33
rect:309 291 58 42 16
rect:-18 2 428 92 33
rect:8 141 76 52 54
rect:590 79 75 38 16
SikkimIndia2001_03.jpg 0x0
rect:210 81 95 190 69
rect:160 157 70 208 70
rect:255 14 185 434 98
SikkimIndia2001_04.jpg 0x0
rect:442 238 183 106 99
rect:258 126 144 158 34
rect:3 31 288 184 99
SumatraInd2009_01.jpg 0x0
rect:294 29 49 271 81
SumatraInd2009_02.jpg 0x0
rect:235 72 234 211 41
WhittierNarrows1987_01.jpg 0x0
rect:15 32 979 451 10
WhittierNarrows1987_02.jpg 0x0
rect:179 329 142 203 41
WhittierNarrows1987_03.jpg 0x0
rect:190 150 124 308 32
WhittierNarrows1987_04.jpg 0x0
rect:243 7 349 84 6
rect:274 13 221 144 100
rect:275 50 84 265 41
YogyakartaInd2006_01.jpg 0x0
rect:138 -30 399 596 29
rect:190 36 271 320 32
rect:318 167 301 69 49
YogyakartaInd2006_02.jpg 0x0
rect:349 59 157 383 98
rect:463 124 84 200 70
rect:442 103 63 180 69
