Anchorage1964_01.jpg 0x0
rect:71 267 171 286 1
rect:88 7 170 148 1
Anchorage1964_02.jpg 0x0
rect:130 121 65 45 7
rect:566 57 113 120 8
rect:173 231 18 89 3
rect:95 36 67 14 6
rect:209 255 380 99 2
rect:182 206 33 51 3
rect:422 254 25 48 3
rect:515 255 99 63 4
rect:329 244 12 38 3
rect:88 290 62 14 6
rect:23 231 129 35 5
rect:332 37 296 112 4
rect:427 281 21 39 3
rect:34 26 207 41 5
rect:81 291 18 22 6
rect:283 70 77 71 4
rect:373 224 26 51 3
rect:538 346 19 48 3
rect:387 259 27 42 3
Anchorage1964_03.jpg 0x0
rect:0 294 660 57 10
rect:261 86 471 143 9
rect:2 268 244 89 9
Anchorage1964_04.jpg 0x0
rect:126 205 21 18 5
rect:275 328 30 14 5
rect:152 490 36 17 5
rect:327 320 8 1 1
rect:225 299 23 35 1
rect:435 204 31 15 5
rect:136 224 21 20 5
rect:318 110 15 20 1
rect:333 84 19 25 1
rect:321 241 28 21 8
rect:158 366 43 12 5
rect:200 325 47 13 5
rect:279 548 38 18 5
rect:346 303 26 28 1
rect:315 407 26 17 5
rect:278 27 26 20 5
rect:372 378 11 20 1
rect:298 253 16 22 1
rect:465 308 29 17 5
rect:267 176 18 23 1
rect:202 329 17 27 1
rect:202 69 25 23 5
rect:379 65 37 18 5
rect:216 573 39 18 2
rect:349 365 23 26 5
rect:236 135 38 16 5
rect:190 228 23 23 5
rect:442 199 25 14 5
rect:230 71 36 14 5
rect:369 244 21 28 1
rect:145 58 26 17 5
rect:313 221 18 31 1
rect:356 316 36 25 5
rect:328 340 25 31 1
rect:152 18 36 14 5
rect:287 241 34 18 5
rect:126 335 33 15 5
rect:184 143 27 12 5
rect:170 146 31 26 5
Anchorage1964_05.jpg 0x0
rect:383 195 31 19 11
rect:316 143 26 15 11
rect:80 26 21 34 1
rect:41 455 24 65 1
rect:400 274 47 85 1
rect:96 287 25 44 1
rect:514 185 53 61 1
rect:141 178 151 27 5
rect:450 346 37 63 8
rect:769 387 42 34 5
rect:64 301 19 50 1
rect:395 233 110 94 2
rect:97 228 21 46 1
rect:457 459 37 89 8
rect:506 107 39 69 1
rect:382 21 44 69 1
rect:83 73 32 31 1
rect:724 325 37 17 6
rect:230 39 127 32 6
rect:198 58 117 39 5
rect:535 83 52 46 1
rect:503 291 70 33 5
rect:482 1 32 62 1
rect:121 126 15 62 1
rect:558 235 51 19 6
rect:486 185 41 48 1
rect:149 103 90 47 6
rect:49 165 14 54 1
rect:48 244 25 51 1
Anchorage1964_06.jpg 0x0
rect:222 282 61 75 11
rect:151 177 119 269 3
rect:80 83 171 279 12
Anchorage1964_07.jpg 0x0
rect:423 249 61 85 11
rect:16 305 212 34 11
rect:269 180 58 74 13
rect:310 94 36 91 3
rect:184 2 133 54 2
rect:9 306 355 37 14
rect:8 68 678 296 2
rect:354 302 259 183 2
rect:309 135 126 165 11
Anchorage1964_08.jpg 0x0
rect:57 559 119 158 1
rect:243 287 120 149 1
rect:345 23 120 97 1
rect:308 507 128 140 1
rect:60 391 90 104 1
rect:37 62 117 145 1
Anchorage1964_09.jpg 0x0
rect:334 201 63 72 1
rect:581 33 82 48 8
rect:197 150 374 15 15
rect:71 36 52 88 8
rect:45 140 57 9 16
rect:301 173 87 50 1
rect:376 311 69 83 8
rect:17 19 70 11 16
rect:637 243 1 1 16
rect:20 104 15 10 16
rect:389 8 350 13 15
rect:14 177 79 16 15
rect:139 212 93 71 8
rect:730 8 72 11 16
rect:69 203 74 57 1
rect:454 113 76 28 15
rect:14 16 461 12 15
rect:609 172 58 73 1
rect:465 104 123 21 15
Anchorage1964_10.jpg 0x0
rect:189 198 68 116 17
rect:222 172 202 72 18
rect:98 360 233 108 18
rect:70 253 379 333 1
Anchorage1964_11.jpg 0x0
rect:604 95 145 75 1
rect:248 246 317 37 11
rect:285 142 358 17 15
rect:632 5 125 41 1
rect:83 323 711 26 14
rect:135 152 412 78 2
rect:128 51 185 83 4
rect:69 370 487 10 14
Anchorage1964_12.jpg 0x0
rect:164 179 26 102 3
rect:15 89 497 192 2
rect:383 91 53 245 3
rect:445 59 195 168 11
rect:330 67 55 215 3
Anchorage1964_13.jpg 0x0
rect:400 368 103 13 19
rect:591 455 27 114 20
rect:272 676 217 29 2
Anchorage1964_14.jpg 0x0
rect:368 7 79 182 11
rect:9 456 144 64 11
rect:42 643 56 57 22
rect:205 283 92 64 21
rect:160 713 33 40 22
rect:368 11 51 242 11
rect:80 439 52 87 22
rect:24 662 28 75 22
rect:414 710 202 54 23
rect:99 327 181 44 15
rect:255 238 145 60 15
rect:257 11 100 699 20
Anchorage1964_15.jpg 0x0
rect:437 9 88 47 4
rect:213 298 140 40 15
rect:228 586 192 47 2
rect:297 10 96 55 4
rect:282 315 126 51 11
rect:348 127 55 82 25
rect:185 184 31 64 11
rect:153 56 54 544 20
rect:280 348 136 48 24
Anchorage1964_16.jpg 0x0
rect:82 289 109 100 11
rect:459 263 153 178 2
rect:15 103 244 152 2
rect:213 175 268 262 11
rect:192 112 257 101 2
rect:14 235 51 61 2
Anchorage1964_17.jpg 0x0
rect:285 63 203 157 9
rect:8 267 756 175 10
rect:13 133 288 156 9
Anchorage1964_18.jpg 0x0
rect:758 264 57 18 2
rect:430 332 38 75 11
rect:492 221 40 20 2
rect:580 197 124 92 4
rect:450 159 124 120 4
rect:115 307 57 54 11
rect:165 146 99 136 4
rect:410 277 294 32 15
rect:158 303 19 60 11
rect:387 333 78 27 2
Anchorage1964_19.jpg 0x0
rect:367 82 66 141 29
rect:7 174 91 106 26
rect:387 259 14 37 26
rect:388 183 7 17 26
rect:670 147 8 9 26
rect:417 178 39 37 28
rect:409 301 28 34 28
rect:318 172 19 24 26
rect:460 158 16 32 26
rect:516 113 23 58 29
rect:332 95 35 37 27
rect:259 101 42 41 26
rect:29 296 37 104 27
rect:421 239 12 19 26
rect:513 125 37 96 29
rect:930 216 7 10 26
rect:377 120 25 29 26
rect:310 233 34 85 26
Anchorage1964_20.jpg 0x0
rect:340 415 50 66 26
rect:221 63 131 77 26
rect:154 59 120 160 29
rect:188 472 86 126 26
rect:285 113 76 48 27
Anchorage1964_21.jpg 0x0
rect:52 265 32 37 26
rect:151 178 440 201 30
rect:-7 73 82 136 29
rect:2 115 39 40 26
Bingol2003_01.jpg 0x0
rect:559 156 78 89 33
rect:744 254 83 76 6
rect:334 515 127 77 6
rect:304 80 89 23 6
rect:379 78 103 73 6
rect:2 282 602 287 10
rect:665 62 196 141 31
rect:449 365 37 181 32
rect:588 303 71 79 33
rect:242 159 86 67 33
rect:391 308 52 79 34
rect:478 227 34 74 6
rect:610 171 58 110 34
rect:693 326 199 120 31
rect:427 327 196 88 6
rect:722 86 81 85 6
rect:21 199 50 48 33
rect:1023 412 72 44 33
rect:116 289 80 75 33
Bingol2003_02.jpg 0x0
rect:464 246 336 89 35
rect:338 243 79 61 6
rect:110 355 143 178 32
rect:870 86 159 80 36
rect:473 257 133 110 26
rect:212 255 84 398 32
rect:177 83 301 189 34
rect:326 243 658 573 31
Bingol2003_03.jpg 0x0
rect:664 -8 236 289 4
rect:543 199 271 587 4
rect:314 249 172 66 11
rect:81 38 155 104 33
rect:113 24 161 31 2
rect:385 142 429 171 2
rect:803 561 296 350 2
Bingol2003_04.jpg 0x0
rect:106 580 23 88 3
rect:256 325 49 124 3
rect:234 581 34 58 3
rect:94 585 71 67 2
rect:128 405 183 232 2
rect:266 339 167 233 4
rect:94 790 32 89 3
rect:411 437 114 95 2
CanterburyNZSeries2010_01.jpg 0x0
rect:68 89 94 361 12
CanterburyNZSeries2010_02.jpg 0x0
rect:41 10 207 228 37
rect:40 45 164 286 6
CanterburyNZSeries2010_03.jpg 0x0
rect:47 74 441 166 38
CanterburyNZSeries2010_04.jpg 0x0
rect:242 276 25 136 40
rect:348 406 37 172 40
rect:321 520 15 77 40
rect:257 371 24 54 40
rect:225 344 116 249 41
rect:273 255 239 323 39
rect:238 9 123 198 42
rect:244 427 38 59 40
CanterburyNZSeries2010_05.jpg 0x0
rect:314 279 235 441 4
rect:282 264 174 76 15
CanterburyNZSeries2010_06.jpg 0x0
rect:267 294 165 88 2
rect:86 105 581 584 4
CanterburyNZSeries2010_08.jpg 0x0
rect:610 358 128 112 44
rect:640 156 149 267 43
rect:545 478 41 134 32
rect:1074 472 60 94 44
CanterburyNZSeries2010_09.jpg 0x0
rect:301 106 145 231 45
rect:277 396 116 352 39
CanterburyNZSeries2010_10.jpg 0x0
rect:237 140 213 89 7
rect:280 381 191 69 46
rect:245 405 185 85 6
rect:280 247 326 158 6
CanterburyNZSeries2010_11.jpg 0x0
rect:224 245 307 193 5
rect:363 174 257 103 7
CanterburyNZSeries2010_12.jpg 0x0
rect:136 407 162 54 11
rect:6 295 1062 482 47
rect:550 457 164 65 11
rect:51 274 528 403 2
CanterburyNZSeries2010_13.jpg 0x0
rect:193 15 288 962 12
rect:338 153 113 516 11
Caracas1967_01.jpg 0x0
rect:587 70 182 202 48
rect:261 234 43 123 48
rect:273 227 10 81 48
rect:412 131 100 108 48
Caracas1967_02.jpg 0x0
rect:134 301 33 48 49
rect:202 265 164 252 51
rect:166 369 46 29 50
rect:259 1 116 127 15
Caracas1967_03.jpg 0x0
rect:296 482 29 52 27
rect:323 66 91 73 14
rect:19 421 230 105 6
rect:245 393 77 57 26
rect:447 380 36 88 27
rect:254 341 151 206 34
Caracas1967_04.jpg 0x0
rect:164 429 158 165 34
rect:168 297 26 102 27
rect:103 408 57 78 26
Caracas1967_05.jpg 0x0
rect:170 338 40 255 40
rect:295 225 48 220 40
rect:30 162 415 357 41
rect:389 159 41 170 40
rect:48 430 158 177 52
rect:316 310 65 279 40
rect:27 86 318 671 48
rect:230 201 145 188 52
rect:74 401 79 234 40
rect:262 267 42 182 40
Caracas1967_06.jpg 0x0
rect:370 249 71 42 6
rect:283 91 331 313 7
Caracas1967_07.jpg 0x0
rect:587 227 111 105 53
rect:449 358 98 59 53
rect:137 167 204 169 34
rect:290 304 121 292 34
rect:526 39 39 183 27
rect:283 6 88 264 34
rect:162 122 40 212 27
Caracas1967_08.jpg 0x0
rect:286 349 94 116 55
rect:230 269 86 80 54
rect:410 205 59 95 54
Caracas1967_09.jpg 0x0
rect:478 13 289 187 48
rect:115 141 102 71 48
rect:83 239 53 67 48
rect:25 234 64 49 48
Caracas1967_10.jpg 0x0
rect:49 243 260 347 41
rect:324 154 101 225 40
rect:15 217 465 479 48
rect:379 406 58 128 40
Caracas1967_11.jpg 0x0
rect:59 256 322 587 41
rect:51 11 371 722 48
rect:304 14 140 195 41
Caracas1967_12.jpg 0x0
rect:608 255 25 67 32
rect:296 349 27 60 56
rect:589 173 35 47 34
rect:537 333 24 36 32
Caracas1967_13.jpg 0x0
rect:108 503 128 319 55
Caracas1967_14.jpg 0x0
rect:120 246 195 36 6
rect:117 122 432 146 57
Chichi1999_01.jpg 0x0
rect:5 8 541 117 58
rect:378 129 45 159 42
Chichi1999_02.jpg 0x0
rect:325 108 242 286 59
rect:5 105 259 189 58
Chichi1999_03.jpg 0x0
rect:62 165 78 131 60
rect:0 141 550 237 58
Chichi1999_04.jpg 0x0
rect:293 247 33 47 52
rect:202 251 80 415 48
rect:264 -17 38 95 48
Chichi1999_05.jpg 0x0
rect:388 196 27 84 52
rect:471 159 49 45 41
rect:460 218 26 26 41
rect:479 141 89 202 48
Chichi1999_06.jpg 0x0
rect:579 -11 101 81 61
rect:357 238 21 29 52
rect:161 12 483 219 10
rect:500 139 46 65 41
rect:371 112 50 60 62
rect:310 185 52 72 48
Chichi1999_07.jpg 0x0
rect:405 246 22 44 64
rect:215 156 19 35 64
rect:55 233 703 144 63
rect:195 181 63 121 48
rect:761 268 48 70 48
rect:733 223 16 20 64
rect:467 174 63 126 48
Chichi1999_08.jpg 0x0
rect:101 17 554 414 10
Chichi1999_09.jpg 0x0
rect:164 82 197 185 48
rect:343 125 49 97 40
rect:229 100 90 85 41
rect:174 114 44 88 40
Chichi1999_10.jpg 0x0
rect:191 22 687 433 10
Chichi1999_11.jpg 0x0
rect:101 230 96 99 65
rect:2 134 206 538 10
Chichi1999_12.jpg 0x0
rect:11 20 549 547 66
Chichi1999_13.jpg 0x0
rect:33 50 519 525 10
Chichi1999_14.jpg 0x0
rect:208 218 25 63 67
rect:185 227 21 35 67
rect:127 356 61 59 67
rect:96 602 38 42 67
rect:114 452 39 50 67
rect:194 625 31 43 67
rect:114 300 24 52 67
rect:205 395 33 64 67
rect:347 540 23 38 39
rect:167 196 76 48 67
rect:123 256 46 51 67
rect:89 192 42 72 67
rect:200 333 36 46 39
rect:243 395 27 44 39
rect:349 646 88 67 67
rect:353 301 23 21 39
rect:411 391 37 55 67
Chichi1999_15.jpg 0x0
rect:320 28 209 339 41
Chichi1999_16.jpg 0x0
rect:187 149 85 115 32
Chichi1999_17.jpg 0x0
rect:144 418 22 43 32
Chichi1999_18.jpg 0x0
rect:211 205 109 500 68
rect:324 312 38 139 69
rect:364 422 35 125 69
rect:154 199 32 86 69
rect:129 241 46 118 69
rect:243 294 39 87 70
Chichi1999_19.jpg 0x0
rect:275 117 155 241 3
rect:197 21 320 361 2
YogyakartaInd2006_03.jpg 0x0
rect:280 460 61 26 16
rect:249 176 19 5 16
rect:407 68 82 49 16
rect:459 80 103 81 15
rect:253 374 206 192 71
rect:288 428 302 35 15
rect:305 145 86 29 15
rect:223 27 82 2 15
Chichi1999_20.jpg 0x0
rect:173 198 100 397 42
rect:349 309 54 225 41
Chichi1999_21.jpg 0x0
rect:97 484 195 107 5
rect:19 4 231 161 30
rect:160 260 133 114 37
rect:171 104 286 350 72
rect:291 234 89 160 6
rect:463 39 182 160 37
rect:313 7 106 128 57
rect:360 131 133 152 6
Chichi1999_22.jpg 0x0
rect:234 181 11 28 73
rect:377 318 16 24 73
rect:256 204 395 155 10
rect:227 215 14 16 73
Chichi1999_23.jpg 0x0
rect:112 274 36 131 73
rect:304 225 63 134 73
rect:322 258 39 76 34
rect:143 153 57 68 73
rect:3 64 369 144 74
rect:356 125 41 60 73
rect:118 131 17 21 34
rect:110 417 46 105 34
rect:330 234 29 21 27
rect:332 180 22 23 26
Chichi1999_24.jpg 0x0
rect:224 209 43 60 46
rect:131 218 169 80 75
rect:387 257 1 2 46
rect:3 355 360 259 74
rect:233 357 81 53 34
Chichi1999_25.jpg 0x0
rect:178 390 40 66 26
rect:204 209 210 288 73
rect:199 255 100 243 34
Chichi1999_26.jpg 0x0
rect:167 712 156 142 27
rect:267 20 58 28 73
rect:169 248 94 294 76
rect:164 556 86 84 26
rect:158 731 130 103 73
rect:211 227 73 103 73
Chichi1999_27.jpg 0x0
rect:143 238 108 461 32
Chichi1999_28.jpg 0x0
rect:19 58 347 163 6
rect:300 168 170 232 75
rect:299 185 313 118 77
rect:115 136 101 182 5
Chichi1999_29.jpg 0x0
rect:171 194 253 337 48
rect:229 242 91 133 52
rect:217 202 108 129 40
Chichi1999_30.jpg 0x0
rect:257 204 154 66 78
rect:239 99 281 225 40
rect:203 101 211 51 52
rect:34 254 97 197 73
Chichi1999_31.jpg 0x0
rect:145 109 97 237 79
rect:678 81 34 151 48
Chichi1999_32.jpg 0x0
rect:466 191 59 198 39
rect:161 8 80 455 80
rect:219 270 36 147 81
rect:164 65 45 178 81
Chichi1999_33.jpg 0x0
rect:318 96 104 191 56
rect:153 129 71 316 32
rect:215 109 94 307 32
rect:90 68 106 564 33
rect:225 108 36 141 49
rect:137 125 61 149 49
Chichi1999_34.jpg 0x0
rect:139 78 448 398 10
Duzce1999_01.jpg 0x0
rect:103 116 139 158 41
rect:140 76 111 357 39
Duzce1999_02.jpg 0x0
rect:66 57 157 319 41
Duzce1999_03.jpg 0x0
rect:78 82 98 273 42
rect:0 207 84 179 31
rect:198 116 109 219 31
Gediz1970_01.jpg 0x0
rect:136 397 123 338 69
rect:301 562 81 164 69
rect:153 135 212 690 68
Guatemala1976_01.jpg 0x0
rect:42 219 67 43 52
rect:54 199 88 139 48
rect:572 149 53 90 41
rect:561 131 133 168 48
rect:26 171 498 128 82
rect:46 208 49 40 41
Guatemala1976_02.jpg 0x0
rect:238 78 266 208 48
rect:311 66 104 129 40
Guatemala1976_03.jpg 0x0
rect:19 95 861 307 75
Guatemala1976_04.jpg 0x0
rect:680 236 162 299 4
rect:31 80 596 274 30
rect:544 239 127 259 4
rect:110 27 477 94 30
Guatemala1976_05.jpg 0x0
rect:169 96 304 173 40
rect:238 134 403 101 41
rect:110 91 457 251 48
Guatemala1976_06.jpg 0x0
rect:158 135 243 379 39
Guatemala1976_07.jpg 0x0
rect:29 335 83 50 6
rect:196 731 151 81 83
rect:31 206 561 384 10
Guatemala1976_08.jpg 0x0
rect:153 55 397 410 41
rect:256 75 168 254 40
rect:202 40 272 526 48
Guatemala1976_09.jpg 0x0
rect:91 206 35 21 85
rect:858 419 42 78 84
rect:175 258 63 69 85
rect:432 211 68 51 84
rect:100 284 43 25 84
rect:147 219 43 32 84
rect:308 197 89 42 85
rect:653 254 62 66 85
Guatemala1976_10.jpg 0x0
rect:164 148 230 211 87
rect:286 216 312 277 86
rect:222 462 43 92 87
Guatemala1976_11.jpg 0x0
rect:225 299 136 279 34
GujaratIndia2001_01.jpg 0x0
rect:220 469 59 44 11
rect:173 297 174 110 2
rect:39 274 141 201 4
rect:84 536 62 41 2
Haiti2010_01.jpg 0x0
rect:244 285 29 132 40
rect:444 544 145 235 4
rect:364 145 199 290 41
rect:379 187 85 143 4
rect:107 55 159 116 7
Haiti2010_02.jpg 0x0
rect:45 71 428 179 88
rect:319 31 131 44 14
Haiti2010_03.jpg 0x0
rect:280 484 238 197 32
rect:300 1 54 407 32
rect:180 430 296 269 89
rect:281 576 67 50 49
Haiti2010_04.jpg 0x0
rect:167 61 285 359 34
rect:167 412 370 411 41
rect:2 149 320 190 6
Haiti2010_05.jpg 0x0
rect:244 272 157 109 52
rect:306 215 22 88 40
rect:327 234 43 75 40
rect:189 163 236 338 90
Haiti2010_06.jpg 0x0
rect:427 196 150 270 33
rect:640 304 69 166 32
rect:296 142 91 37 6
rect:557 219 719 540 91
rect:184 323 278 284 91
rect:499 116 91 64 34
rect:251 378 35 48 34
ImperialValley1979_01.jpg 0x0
rect:339 233 29 22 49
rect:480 388 30 48 50
rect:56 412 70 150 50
rect:413 270 45 32 49
rect:12 413 136 152 32
rect:472 398 26 28 32
rect:397 280 21 14 49
rect:385 223 41 62 50
rect:355 319 59 47 32
rect:413 302 42 37 32
rect:14 467 96 75 49
ImperialValley1979_02.jpg 0x0
rect:172 129 82 208 50
rect:380 98 116 253 50
rect:327 123 43 192 50
rect:170 83 175 202 32
rect:234 244 163 37 49
rect:194 170 380 65 92
ImperialValley1979_03.jpg 0x0
rect:229 260 51 240 50
rect:154 291 91 175 50
rect:114 306 243 30 92
rect:108 145 208 185 32
rect:79 437 357 45 92
rect:173 329 261 200 32
rect:91 205 72 245 50
Izmit1999_01.jpg 0x0
rect:269 92 51 121 27
rect:251 59 383 241 34
rect:264 207 38 115 27
rect:191 97 74 158 27
rect:418 322 61 74 26
Izmit1999_02.jpg 0x0
rect:28 121 750 333 10
Izmit1999_03.jpg 0x0
rect:164 93 85 372 50
rect:248 79 349 320 32
rect:401 122 33 218 50
rect:293 174 42 229 50
rect:327 104 32 201 50
rect:160 210 411 33 92
rect:205 34 318 481 93
rect:409 94 41 221 50
Izmit1999_04.jpg 0x0
rect:268 287 91 96 41
rect:284 64 82 86 48
rect:475 482 16 69 40
rect:45 484 66 79 34
rect:462 361 16 80 40
rect:397 104 67 96 41
rect:135 332 149 67 88
rect:83 608 33 60 42
rect:75 409 70 132 41
rect:79 483 250 139 88
Izmit1999_05.jpg 0x0
rect:130 33 800 466 10
Izmit1999_06.jpg 0x0
rect:99 235 58 245 50
rect:178 120 190 321 32
rect:175 238 98 282 50
rect:171 217 187 101 49
rect:197 194 39 179 50
rect:228 237 38 146 50
Izmit1999_07.jpg 0x0
rect:210 179 51 96 3
rect:391 128 84 87 3
rect:349 224 45 123 3
rect:280 306 101 257 4
rect:21 143 360 729 2
rect:451 49 161 51 6
rect:158 216 43 112 3
Izmit1999_08.jpg 0x0
rect:205 307 189 121 88
rect:164 33 118 108 34
rect:544 106 61 34 52
rect:134 110 91 62 41
rect:391 5 98 70 45
rect:592 89 74 62 41
rect:138 470 117 93 45
Izmit1999_09.jpg 0x0
rect:49 156 38 50 41
rect:420 328 65 73 41
rect:363 282 83 104 94
rect:379 295 72 100 41
rect:675 202 73 72 94
rect:334 147 37 33 41
Izmit1999_10.jpg 0x0
rect:60 290 483 54 78
rect:60 168 309 425 41
rect:269 106 113 150 40
rect:165 449 131 46 78
rect:116 368 331 75 78
rect:86 197 92 232 40
rect:105 204 107 290 40
rect:351 414 68 64 40
rect:261 141 65 158 40
rect:244 660 97 143 40
rect:259 408 66 27 78
Izmit1999_11.jpg 0x0
rect:159 377 90 106 41
rect:235 239 174 183 41
rect:155 155 71 114 40
rect:323 242 71 157 40
rect:213 260 65 199 40
Izmit1999_12.jpg 0x0
rect:265 281 99 146 94
rect:67 328 35 56 40
rect:90 78 33 24 6
rect:386 228 58 29 6
rect:37 340 61 72 94
rect:233 191 53 121 42
rect:14 59 58 19 6
rect:439 361 69 111 52
rect:575 138 176 153 91
rect:480 82 40 84 41
rect:448 28 58 60 34
rect:582 232 63 71 41
rect:264 382 84 150 41
rect:1 179 27 41 41
rect:397 142 37 72 45
rect:434 107 71 42 7
rect:164 283 89 73 88
rect:44 302 53 57 52
Izmit1999_13.jpg 0x0
rect:149 110 57 49 6
rect:188 287 70 65 52
rect:5 59 79 125 42
rect:176 325 32 96 41
rect:236 74 154 274 48
rect:365 128 58 111 41
rect:234 277 42 85 41
rect:184 188 97 119 94
rect:430 118 104 220 41
Izmit1999_14.jpg 0x0
rect:595 326 77 51 34
rect:604 436 45 42 34
rect:308 264 53 33 34
rect:37 128 75 63 34
rect:290 170 92 87 35
rect:371 79 103 69 34
rect:315 407 35 19 34
rect:341 8 197 81 35
rect:531 49 45 63 95
Izmit1999_15.jpg 0x0
rect:107 131 216 381 42
Izmit1999_16.jpg 0x0
rect:158 140 144 164 41
rect:105 88 327 272 39
rect:187 114 45 100 40
rect:67 73 447 326 33
Izmit1999_17.jpg 0x0
rect:127 142 183 266 41
Izmit1999_18.jpg 0x0
rect:220 118 182 286 39
rect:188 213 159 123 41
Izmit1999_19.jpg 0x0
rect:321 144 37 122 50
rect:431 120 21 93 50
rect:325 147 325 246 32
rect:305 100 184 443 96
Kobe1995_01.jpg 0x0
rect:24 165 1018 103 63
Kobe1995_02.jpg 0x0
rect:2 52 588 421 68
Kobe1995_03.jpg 0x0
rect:34 60 380 467 10
Kobe1995_04.jpg 0x0
rect:397 369 40 62 41
Kobe1995_05.jpg 0x0
rect:166 155 278 525 52
rect:232 163 188 528 40
rect:4 150 124 539 40
rect:116 695 373 172 78
rect:47 340 290 69 78
Kobe1995_06.jpg 0x0
rect:193 432 379 380 42
rect:44 139 538 519 41
Kobe1995_07.jpg 0x0
rect:276 263 34 38 39
rect:173 104 29 30 39
rect:196 238 40 33 39
rect:517 126 42 34 39
rect:309 203 29 20 39
rect:336 265 41 37 39
rect:39 282 42 22 39
rect:350 452 57 39 39
rect:64 336 28 49 39
rect:431 210 48 50 39
rect:333 226 32 42 39
rect:296 242 23 49 39
rect:439 263 27 40 39
rect:214 301 24 40 39
rect:289 558 31 47 39
rect:552 532 31 38 39
rect:83 240 47 23 39
rect:92 287 34 38 39
rect:143 225 51 51 39
rect:170 229 32 38 39
rect:201 99 37 48 39
rect:222 164 35 33 39
rect:328 113 38 54 39
rect:184 281 20 37 39
rect:360 376 34 42 39
rect:373 226 29 34 39
Kobe1995_08.jpg 0x0
rect:258 63 512 267 97
Kobe1995_09.jpg 0x0
rect:118 645 74 44 88
rect:94 492 80 71 88
rect:74 447 97 115 88
rect:270 691 250 67 97
SanSalvador_1986_01.jpg 0x0
rect:73 3 87 202 68
rect:312 127 120 186 41
SanSalvador_1986_02.jpg 0x0
rect:560 166 44 36 41
rect:523 212 45 41 42
rect:302 136 19 28 41
rect:206 181 28 29 41
rect:191 272 31 48 41
rect:152 236 36 36 41
rect:402 251 31 51 41
rect:381 172 58 45 41
rect:485 238 48 40 41
SikkimIndia2001_01.jpg 0x0
rect:210 168 127 159 34
SikkimIndia2001_02.jpg 0x0
rect:11 168 59 33 54
rect:346 229 82 31 16
rect:229 78 141 312 33
rect:12 6 416 87 16
rect:530 209 129 23 16
rect:321 123 133 172 33
rect:600 82 74 31 16
rect:-13 2 378 73 33
SikkimIndia2001_03.jpg 0x0
rect:175 260 107 228 70
rect:221 11 236 519 98
rect:189 112 83 203 69
SikkimIndia2001_04.jpg 0x0
rect:309 145 301 92 99
rect:3 27 234 228 99
rect:251 196 149 121 34
SumatraInd2009_01.jpg 0x0
rect:300 32 64 410 81
SumatraInd2009_02.jpg 0x0
rect:229 100 245 154 41
WhittierNarrows1987_01.jpg 0x0
rect:15 30 606 281 10
WhittierNarrows1987_02.jpg 0x0
rect:201 207 76 357 41
WhittierNarrows1987_03.jpg 0x0
rect:226 135 175 265 32
WhittierNarrows1987_04.jpg 0x0
rect:305 11 252 115 100
rect:160 47 71 274 41
rect:184 8 370 52 6
YogyakartaInd2006_01.jpg 0x0
rect:190 -29 525 462 29
rect:325 46 445 361 32
rect:332 130 366 70 49
YogyakartaInd2006_02.jpg 0x0
rect:414 117 61 148 69
rect:485 115 73 192 70
rect:290 48 136 379 98
