Anchorage1964_01.jpg 0x0
rect:69 6 219 226 1
rect:87 335 198 187 1
Anchorage1964_02.jpg 0x0
rect:40 24 191 44 5
rect:111 190 75 50 7
rect:579 266 19 48 3
rect:234 356 35 72 3
rect:314 184 77 43 4
rect:545 215 16 38 3
rect:542 318 12 42 3
rect:606 54 106 149 8
rect:272 192 27 77 3
rect:151 270 59 13 6
rect:311 34 195 59 4
rect:275 80 73 76 4
rect:155 281 271 74 2
rect:219 220 27 57 3
rect:110 179 22 22 6
rect:352 205 20 68 3
rect:31 205 176 44 5
rect:70 33 77 15 6
rect:345 304 32 50 3
Anchorage1964_03.jpg 0x0
rect:218 80 271 192 9
rect:2 189 169 84 9
rect:0 347 457 61 10
Anchorage1964_04.jpg 0x0
rect:374 251 34 14 5
rect:232 383 55 19 2
rect:370 25 31 21 5
rect:122 162 21 23 5
rect:263 444 31 13 5
rect:211 155 19 23 1
rect:438 269 21 13 5
rect:302 502 27 25 5
rect:194 179 19 31 8
rect:346 251 14 23 1
rect:128 158 25 14 5
rect:246 490 20 20 5
rect:227 413 12 17 1
rect:173 280 27 23 5
rect:347 317 24 13 5
rect:169 508 35 20 5
rect:327 330 23 30 1
rect:364 458 8 1 1
rect:362 556 25 33 1
rect:350 168 28 17 5
rect:187 109 37 22 5
rect:265 367 19 30 1
rect:213 220 16 21 1
rect:442 175 29 17 5
rect:172 294 28 17 5
rect:135 182 34 13 5
rect:204 174 20 21 5
rect:218 378 27 21 1
rect:342 171 38 20 5
rect:122 294 29 16 5
rect:342 77 36 16 5
rect:197 359 28 22 5
rect:255 110 26 34 1
rect:309 209 16 38 1
rect:137 17 29 21 5
rect:245 353 30 22 5
rect:153 70 35 11 5
rect:280 111 14 25 1
rect:290 129 34 15 5
Anchorage1964_05.jpg 0x0
rect:213 170 123 44 6
rect:87 85 24 37 1
rect:67 175 17 52 1
rect:55 273 18 58 1
rect:422 290 53 19 11
rect:365 195 33 68 1
rect:54 235 20 51 1
rect:381 229 19 25 11
rect:192 55 108 28 5
rect:213 158 152 28 5
rect:101 192 25 57 1
rect:63 402 24 68 1
rect:576 20 38 62 1
rect:90 101 20 62 1
rect:751 341 33 18 6
rect:111 34 28 36 1
rect:286 144 125 67 2
rect:345 62 43 62 1
rect:443 350 54 42 5
rect:484 1 46 54 1
rect:584 364 67 73 1
rect:755 177 81 45 5
rect:502 121 46 64 1
rect:438 181 31 70 1
rect:44 383 20 64 1
rect:779 291 55 29 6
rect:585 489 37 53 8
rect:230 45 91 41 6
rect:488 339 52 79 8
Anchorage1964_06.jpg 0x0
rect:189 186 56 69 11
rect:215 167 96 288 3
rect:96 66 218 288 12
Anchorage1964_07.jpg 0x0
rect:10 86 651 519 2
rect:13 214 285 38 11
rect:324 167 51 160 3
rect:9 354 273 33 14
rect:478 134 57 84 11
rect:416 273 379 222 2
rect:201 2 98 72 2
rect:299 131 114 126 11
rect:346 146 52 129 13
Anchorage1964_08.jpg 0x0
rect:62 87 142 113 1
rect:48 391 103 131 1
rect:345 27 141 87 1
rect:45 615 98 159 1
rect:437 175 129 102 1
rect:350 659 115 118 1
Anchorage1964_09.jpg 0x0
rect:511 290 96 84 8
rect:314 7 239 14 15
rect:11 135 15 11 16
rect:9 168 112 16 15
rect:473 85 173 16 15
rect:656 11 83 9 16
rect:391 105 138 20 15
rect:818 204 1 1 16
rect:108 180 293 15 15
rect:12 12 408 17 15
rect:109 38 79 64 8
rect:480 37 71 70 8
rect:45 102 42 8 16
rect:12 15 54 16 16
rect:309 131 69 57 1
rect:255 132 70 84 1
rect:136 217 72 86 8
rect:106 225 55 63 1
rect:383 183 84 91 1
Anchorage1964_10.jpg 0x0
rect:86 481 282 114 18
rect:91 138 233 460 1
rect:265 308 73 110 17
rect:202 171 176 59 18
Anchorage1964_11.jpg 0x0
rect:64 374 528 19 14
rect:176 213 369 21 15
rect:428 7 114 39 1
rect:156 43 143 107 4
rect:322 239 195 44 11
rect:745 121 123 120 1
rect:127 145 491 103 2
rect:53 408 830 15 14
Anchorage1964_12.jpg 0x0
rect:13 92 428 295 2
rect:404 101 210 185 11
rect:336 97 55 226 3
rect:497 72 59 248 3
rect:154 180 30 135 3
Anchorage1964_13.jpg 0x0
rect:281 617 204 27 2
rect:388 519 93 13 19
rect:446 334 36 203 20
Anchorage1964_14.jpg 0x0
rect:61 311 99 37 15
rect:413 703 169 90 23
rect:211 268 73 72 21
rect:499 6 64 169 11
rect:299 168 117 56 15
rect:216 547 46 50 22
rect:129 488 46 83 22
rect:16 559 33 64 22
rect:272 11 68 301 11
rect:11 494 153 74 11
rect:260 13 121 856 20
rect:39 552 65 53 22
Anchorage1964_15.jpg 0x0
rect:440 10 97 47 4
rect:189 68 75 591 20
rect:217 310 200 40 15
rect:407 210 136 45 24
rect:431 272 167 44 11
rect:334 8 59 82 4
rect:192 145 33 88 11
rect:291 115 40 79 25
rect:263 318 214 55 2
Anchorage1964_16.jpg 0x0
rect:189 96 289 116 2
rect:107 238 100 125 11
rect:245 175 346 204 11
rect:15 409 86 61 2
rect:335 269 110 222 2
rect:12 103 236 182 2
Anchorage1964_17.jpg 0x0
rect:10 154 302 121 9
rect:253 48 200 188 9
rect:11 198 775 199 10
Anchorage1964_18.jpg 0x0
rect:454 247 70 21 2
rect:473 259 317 32 15
rect:376 239 44 23 2
rect:117 382 77 54 11
rect:113 234 62 104 4
rect:440 199 95 99 4
rect:771 377 78 19 2
rect:553 162 111 87 4
rect:156 311 19 54 11
rect:369 361 44 74 11
Anchorage1964_19.jpg 0x0
rect:7 186 75 184 26
rect:292 80 64 157 29
rect:668 112 47 43 28
rect:489 78 51 105 29
rect:676 173 8 13 26
rect:496 227 24 42 26
rect:23 350 40 104 27
rect:562 173 9 16 26
rect:258 116 57 42 26
rect:306 149 22 30 26
rect:338 277 19 38 26
rect:522 92 34 25 26
rect:290 92 29 39 27
rect:379 289 36 41 28
rect:546 153 23 64 29
rect:240 299 61 92 26
rect:507 249 9 29 26
rect:533 190 8 7 26
Anchorage1964_20.jpg 0x0
rect:462 475 47 63 26
rect:169 86 124 84 26
rect:159 51 100 186 29
rect:167 88 72 48 27
rect:260 583 75 118 26
Anchorage1964_21.jpg 0x0
rect:37 250 27 43 26
rect:2 103 37 26 26
rect:184 218 447 216 30
rect:-6 71 97 189 29
Bingol2003_01.jpg 0x0
rect:415 311 96 113 6
rect:688 292 51 73 6
rect:908 512 55 48 33
rect:447 373 78 82 6
rect:425 349 64 264 32
rect:405 54 88 76 6
rect:28 235 54 87 33
rect:180 77 92 29 6
rect:976 257 91 89 33
rect:389 164 65 99 34
rect:113 214 80 88 33
rect:764 342 114 61 33
rect:414 251 42 77 34
rect:467 252 212 181 31
rect:627 94 68 84 6
rect:562 115 139 250 31
rect:2 434 1085 266 10
rect:284 252 76 93 33
rect:459 350 185 60 6
Bingol2003_02.jpg 0x0
rect:294 231 747 427 31
rect:895 56 96 61 36
rect:303 421 81 88 6
rect:214 284 72 413 32
rect:523 189 525 165 35
rect:141 71 383 191 34
rect:435 232 86 135 26
rect:148 405 124 236 32
Bingol2003_03.jpg 0x0
rect:532 -10 249 181 4
rect:668 246 242 725 4
rect:435 180 214 81 11
rect:125 23 169 39 2
rect:942 323 298 490 2
rect:284 144 371 182 2
rect:144 45 144 86 33
Bingol2003_04.jpg 0x0
rect:336 288 125 137 4
rect:189 341 231 146 2
rect:92 809 22 49 3
rect:126 664 23 56 3
rect:246 424 40 65 3
rect:232 525 45 96 3
rect:324 479 145 104 2
rect:82 665 104 99 2
CanterburyNZSeries2010_01.jpg 0x0
rect:106 92 97 337 12
CanterburyNZSeries2010_02.jpg 0x0
rect:52 63 195 226 6
rect:42 9 140 319 37
CanterburyNZSeries2010_03.jpg 0x0
rect:44 69 292 121 38
CanterburyNZSeries2010_04.jpg 0x0
rect:315 266 20 135 40
rect:280 186 167 253 39
rect:264 10 112 223 42
rect:415 403 28 56 40
rect:270 531 21 42 40
rect:363 406 23 88 40
rect:440 353 45 163 40
rect:219 442 102 201 41
CanterburyNZSeries2010_05.jpg 0x0
rect:295 214 132 142 15
rect:329 320 189 347 4
CanterburyNZSeries2010_06.jpg 0x0
rect:316 176 206 92 2
rect:64 106 913 668 4
CanterburyNZSeries2010_08.jpg 0x0
rect:750 439 133 107 44
rect:448 102 187 216 43
rect:920 373 28 149 32
rect:612 513 75 160 44
CanterburyNZSeries2010_09.jpg 0x0
rect:214 95 124 209 45
rect:273 340 117 343 39
CanterburyNZSeries2010_10.jpg 0x0
rect:289 170 227 127 7
rect:173 302 467 264 6
rect:159 338 316 121 6
rect:351 384 182 58 46
CanterburyNZSeries2010_11.jpg 0x0
rect:262 352 260 239 5
rect:244 190 266 141 7
CanterburyNZSeries2010_12.jpg 0x0
rect:143 573 199 58 11
rect:53 405 921 286 2
rect:5 317 904 362 47
rect:442 345 173 60 11
CanterburyNZSeries2010_13.jpg 0x0
rect:209 15 347 670 12
rect:391 143 129 376 11
Caracas1967_01.jpg 0x0
rect:352 163 53 123 48
rect:328 178 11 57 48
rect:276 102 86 110 48
rect:471 58 224 285 48
Caracas1967_02.jpg 0x0
rect:216 1 81 185 15
rect:108 450 32 30 50
rect:125 398 58 75 49
rect:167 183 244 323 51
Caracas1967_03.jpg 0x0
rect:269 371 145 162 34
rect:346 434 53 51 26
rect:301 89 77 126 14
rect:14 298 191 101 6
rect:344 261 26 65 27
rect:329 317 38 144 27
Caracas1967_04.jpg 0x0
rect:101 290 149 160 34
rect:99 323 54 149 26
rect:147 374 22 95 27
Caracas1967_05.jpg 0x0
rect:46 174 426 393 41
rect:45 296 80 344 40
rect:401 201 51 306 40
rect:57 269 263 242 52
rect:31 76 331 544 48
rect:154 453 50 266 40
rect:136 239 41 179 40
rect:233 189 36 211 40
rect:227 313 60 222 40
rect:249 272 127 152 52
Caracas1967_06.jpg 0x0
rect:329 261 69 59 6
rect:278 116 209 171 7
Caracas1967_07.jpg 0x0
rect:444 282 84 118 53
rect:327 223 186 211 34
rect:491 42 28 263 27
rect:167 143 46 222 27
rect:335 497 127 59 53
rect:294 8 96 376 34
rect:201 156 179 161 34
Caracas1967_08.jpg 0x0
rect:506 207 60 139 54
rect:194 221 74 106 55
rect:175 364 85 143 54
Caracas1967_09.jpg 0x0
rect:155 150 93 97 48
rect:29 170 42 70 48
rect:448 12 216 211 48
rect:75 176 81 70 48
Caracas1967_10.jpg 0x0
rect:391 389 58 179 40
rect:229 259 89 144 40
rect:50 248 224 260 41
rect:17 153 527 418 48
Caracas1967_11.jpg 0x0
rect:276 13 119 265 41
rect:64 244 211 428 41
rect:36 10 483 508 48
Caracas1967_12.jpg 0x0
rect:517 273 35 32 34
rect:207 331 31 53 56
rect:594 374 18 44 32
rect:580 466 24 65 32
Caracas1967_13.jpg 0x0
rect:206 388 121 212 55
Caracas1967_14.jpg 0x0
rect:142 144 626 174 57
rect:185 317 244 33 6
Chichi1999_01.jpg 0x0
rect:306 110 50 146 42
rect:4 9 727 224 58
Chichi1999_02.jpg 0x0
rect:6 75 420 129 58
rect:402 135 179 366 59
Chichi1999_03.jpg 0x0
rect:0 189 950 196 58
rect:80 128 75 82 60
Chichi1999_04.jpg 0x0
rect:133 218 63 307 48
rect:248 207 35 50 52
rect:246 -19 64 117 48
Chichi1999_05.jpg 0x0
rect:492 231 30 24 41
rect:372 181 42 101 52
rect:486 99 85 236 48
rect:306 104 42 50 41
Chichi1999_06.jpg 0x0
rect:689 193 43 60 41
rect:141 21 367 231 10
rect:299 189 61 81 48
rect:650 -15 67 56 61
rect:280 176 16 25 52
rect:370 165 61 63 62
Chichi1999_07.jpg 0x0
rect:435 313 63 115 48
rect:52 191 647 171 63
rect:163 153 22 40 64
rect:375 251 30 35 64
rect:497 264 22 25 64
rect:489 156 36 152 48
rect:112 203 63 136 48
Chichi1999_08.jpg 0x0
rect:107 19 572 379 10
Chichi1999_09.jpg 0x0
rect:244 76 186 200 48
rect:263 95 146 103 41
rect:200 115 30 101 40
rect:293 128 67 57 40
Chichi1999_10.jpg 0x0
rect:221 23 543 437 10
Chichi1999_11.jpg 0x0
rect:163 198 130 97 65
rect:2 170 241 478 10
Chichi1999_12.jpg 0x0
rect:10 25 341 542 66
Chichi1999_13.jpg 0x0
rect:34 35 536 445 10
Chichi1999_14.jpg 0x0
rect:308 345 25 38 39
rect:154 485 24 48 67
rect:122 392 53 68 67
rect:112 450 46 35 67
rect:95 166 38 58 67
rect:299 273 20 20 39
rect:126 168 113 37 67
rect:222 355 37 71 67
rect:206 331 38 44 39
rect:104 538 24 29 67
rect:426 521 44 36 67
rect:202 260 24 30 67
rect:256 517 64 53 67
rect:131 674 36 38 67
rect:201 603 23 42 39
rect:173 416 34 64 67
rect:98 411 37 52 67
Chichi1999_15.jpg 0x0
rect:270 30 252 565 41
Chichi1999_16.jpg 0x0
rect:123 121 70 146 32
Chichi1999_17.jpg 0x0
rect:143 329 33 40 32
Chichi1999_18.jpg 0x0
rect:208 181 122 358 68
rect:284 387 30 159 69
rect:189 280 29 112 69
rect:261 305 24 144 69
rect:135 186 44 79 69
rect:207 311 40 156 70
Chichi1999_19.jpg 0x0
rect:254 80 129 195 3
rect:170 20 225 293 2
YogyakartaInd2006_03.jpg 0x0
rect:151 289 261 39 15
rect:418 105 107 37 16
rect:305 203 18 5 16
rect:177 31 111 2 15
rect:464 93 149 77 15
rect:190 224 373 188 71
rect:347 547 60 31 16
rect:228 158 47 37 15
Chichi1999_20.jpg 0x0
rect:190 188 90 430 42
rect:339 294 39 229 41
Chichi1999_21.jpg 0x0
rect:94 497 188 104 5
rect:503 7 136 92 57
rect:197 119 259 289 72
rect:371 24 253 200 37
rect:274 114 188 113 6
rect:178 237 205 132 37
rect:351 290 72 100 6
rect:23 4 223 117 30
Chichi1999_22.jpg 0x0
rect:229 160 16 27 73
rect:253 245 18 21 73
rect:557 310 12 21 73
rect:268 199 252 121 10
Chichi1999_23.jpg 0x0
rect:151 131 31 27 34
rect:305 274 70 105 73
rect:208 234 39 71 73
rect:84 389 42 85 73
rect:325 126 31 32 26
rect:340 223 25 32 27
rect:320 266 34 59 34
rect:4 79 406 203 74
rect:161 179 70 66 73
rect:109 296 29 89 34
Chichi1999_24.jpg 0x0
rect:341 268 1 2 46
rect:169 135 53 60 46
rect:232 188 60 65 34
rect:152 220 175 106 75
rect:3 434 331 252 74
Chichi1999_25.jpg 0x0
rect:198 277 145 277 73
rect:192 270 100 302 34
rect:153 283 31 70 26
Chichi1999_26.jpg 0x0
rect:229 167 69 77 73
rect:302 282 137 316 76
rect:235 15 59 27 73
rect:158 470 92 60 26
rect:103 475 148 94 27
rect:125 413 134 136 73
Chichi1999_27.jpg 0x0
rect:194 262 75 444 32
Chichi1999_28.jpg 0x0
rect:341 274 309 142 77
rect:19 92 239 113 6
rect:350 155 148 237 75
rect:139 117 164 212 5
Chichi1999_29.jpg 0x0
rect:191 244 58 221 52
rect:237 293 130 205 40
rect:141 229 149 214 48
Chichi1999_30.jpg 0x0
rect:29 234 97 163 73
rect:189 108 321 241 40
rect:151 158 247 63 52
rect:212 173 215 55 78
Chichi1999_31.jpg 0x0
rect:546 107 56 167 48
rect:136 98 87 266 79
Chichi1999_32.jpg 0x0
rect:506 121 44 149 39
rect:165 56 57 126 81
rect:197 241 42 124 81
rect:137 9 110 298 80
Chichi1999_33.jpg 0x0
rect:142 130 88 277 32
rect:274 79 107 267 32
rect:85 50 111 503 33
rect:312 129 127 254 56
rect:122 198 37 91 49
rect:307 166 35 140 49
Chichi1999_34.jpg 0x0
rect:165 98 525 320 10
Duzce1999_01.jpg 0x0
rect:94 60 114 220 39
rect:104 145 121 145 41
Duzce1999_02.jpg 0x0
rect:91 54 143 469 41
Duzce1999_03.jpg 0x0
rect:0 196 133 192 31
rect:79 93 87 323 42
rect:193 111 76 243 31
Gediz1970_01.jpg 0x0
rect:135 244 121 263 69
rect:144 137 328 536 68
rect:264 437 80 179 69
Guatemala1976_01.jpg 0x0
rect:73 155 45 57 41
rect:338 150 172 157 48
rect:37 186 89 117 48
rect:31 163 514 197 82
rect:54 229 84 36 52
rect:539 220 64 71 41
Guatemala1976_02.jpg 0x0
rect:202 74 92 85 40
rect:243 69 252 247 48
Guatemala1976_03.jpg 0x0
rect:16 111 937 293 75
Guatemala1976_04.jpg 0x0
rect:35 85 644 222 30
rect:167 25 318 95 30
rect:576 211 106 238 4
rect:736 152 158 408 4
Guatemala1976_05.jpg 0x0
rect:115 73 471 277 48
rect:199 169 275 144 40
rect:268 141 372 125 41
Guatemala1976_06.jpg 0x0
rect:123 77 201 438 39
Guatemala1976_07.jpg 0x0
rect:19 243 506 499 10
rect:279 638 143 55 83
rect:32 222 64 59 6
Guatemala1976_08.jpg 0x0
rect:147 27 521 320 48
rect:143 62 282 435 41
rect:261 103 150 333 40
Guatemala1976_09.jpg 0x0
rect:108 304 33 22 84
rect:137 209 49 33 84
rect:335 202 77 27 85
rect:334 360 61 60 84
rect:231 196 44 45 85
rect:709 319 51 57 84
rect:108 248 39 24 85
rect:845 218 68 67 85
Guatemala1976_10.jpg 0x0
rect:253 164 276 185 87
rect:269 427 40 147 87
rect:253 218 167 366 86
Guatemala1976_11.jpg 0x0
rect:240 204 130 198 34
GujaratIndia2001_01.jpg 0x0
rect:164 566 278 76 2
rect:65 421 60 44 2
rect:27 271 147 184 4
rect:290 361 50 42 11
Haiti2010_01.jpg 0x0
rect:194 98 191 320 41
rect:327 295 35 145 40
rect:437 254 139 109 4
rect:401 351 196 272 4
rect:165 57 162 136 7
Haiti2010_02.jpg 0x0
rect:231 40 225 48 14
rect:51 93 568 261 88
Haiti2010_03.jpg 0x0
rect:249 501 65 59 49
rect:156 370 238 270 32
rect:263 472 256 208 89
rect:439 1 49 735 32
Haiti2010_04.jpg 0x0
rect:293 63 179 347 34
rect:208 280 278 452 41
rect:2 106 248 111 6
Haiti2010_05.jpg 0x0
rect:308 237 39 97 40
rect:247 206 156 96 52
rect:364 198 28 80 40
rect:252 164 280 603 90
Haiti2010_06.jpg 0x0
rect:158 294 214 278 91
rect:383 211 160 310 33
rect:501 216 60 99 34
rect:421 261 69 53 6
rect:266 221 35 47 34
rect:429 298 48 256 32
rect:716 192 686 924 91
ImperialValley1979_01.jpg 0x0
rect:242 225 65 48 32
rect:12 388 135 111 32
rect:310 279 39 48 50
rect:251 455 43 22 49
rect:13 314 69 64 49
rect:486 358 30 27 50
rect:56 275 90 95 50
rect:554 219 24 23 32
rect:521 279 23 21 49
rect:505 326 45 30 32
rect:503 352 16 22 49
ImperialValley1979_02.jpg 0x0
rect:181 139 60 229 50
rect:221 170 55 106 50
rect:478 106 64 201 50
rect:248 96 142 281 32
rect:260 159 128 60 49
rect:204 150 278 68 92
ImperialValley1979_03.jpg 0x0
rect:259 278 63 247 50
rect:153 160 223 151 32
rect:85 338 254 47 92
rect:159 408 79 96 50
rect:167 365 203 149 32
rect:139 309 190 37 92
rect:109 220 75 172 50
Izmit1999_01.jpg 0x0
rect:276 96 30 102 27
rect:224 94 439 415 34
rect:259 308 27 102 27
rect:192 85 56 131 27
rect:431 362 70 53 26
Izmit1999_02.jpg 0x0
rect:30 104 656 215 10
Izmit1999_03.jpg 0x0
rect:134 99 76 317 50
rect:216 203 308 36 92
rect:185 170 39 140 50
rect:573 97 70 335 50
rect:457 81 52 180 50
rect:136 51 345 344 93
rect:174 62 339 339 32
rect:494 94 26 237 50
Izmit1999_04.jpg 0x0
rect:62 365 33 82 42
rect:44 308 68 47 34
rect:278 107 107 95 41
rect:65 369 70 120 41
rect:272 345 103 67 41
rect:107 354 162 78 88
rect:453 452 23 86 40
rect:293 51 101 72 48
rect:107 481 274 115 88
rect:427 344 16 59 40
Izmit1999_05.jpg 0x0
rect:80 27 829 505 10
Izmit1999_06.jpg 0x0
rect:159 348 122 106 49
rect:142 187 95 183 50
rect:306 235 49 152 50
rect:169 333 45 133 50
rect:103 211 57 239 50
rect:94 116 214 327 32
Izmit1999_07.jpg 0x0
rect:148 397 42 107 3
rect:215 175 31 139 3
rect:458 59 94 49 6
rect:249 230 47 100 3
rect:16 97 481 674 2
rect:457 155 79 95 3
rect:281 270 123 328 4
Izmit1999_08.jpg 0x0
rect:135 525 63 113 45
rect:270 293 255 150 88
rect:630 111 76 88 41
rect:616 6 125 88 45
rect:397 85 51 33 52
rect:113 86 71 58 41
rect:150 33 93 87 34
Izmit1999_09.jpg 0x0
rect:434 202 126 96 41
rect:263 266 31 25 41
rect:756 219 66 62 94
rect:45 150 35 61 41
rect:766 290 61 60 41
rect:388 276 127 83 94
Izmit1999_10.jpg 0x0
rect:225 172 50 218 40
rect:280 383 80 130 40
rect:235 519 187 43 78
rect:62 127 86 208 40
rect:225 149 155 147 40
rect:288 359 67 110 40
rect:66 122 361 441 41
rect:193 248 100 330 40
rect:140 363 363 85 78
rect:57 290 283 33 78
rect:220 595 76 38 78
Izmit1999_11.jpg 0x0
rect:255 169 133 133 41
rect:300 318 87 133 40
rect:283 272 96 177 40
rect:220 442 85 124 41
rect:173 325 48 148 40
Izmit1999_12.jpg 0x0
rect:1 266 36 32 41
rect:344 349 112 185 94
rect:549 122 43 81 41
rect:394 348 77 101 52
rect:359 134 59 21 6
rect:46 243 65 59 52
rect:337 135 42 60 45
rect:145 284 101 84 88
rect:87 100 44 25 6
rect:68 292 74 65 94
rect:408 192 62 46 41
rect:90 364 39 53 40
rect:374 281 98 106 41
rect:282 199 84 63 7
rect:384 134 151 221 91
rect:20 82 53 29 6
rect:301 127 53 133 42
rect:324 27 95 45 34
Izmit1999_13.jpg 0x0
rect:352 78 131 419 48
rect:245 268 48 65 41
rect:192 340 61 86 52
rect:4 86 67 181 42
rect:135 109 74 55 6
rect:472 199 71 164 41
rect:101 282 137 134 94
rect:103 191 22 115 41
rect:370 75 66 94 41
Izmit1999_14.jpg 0x0
rect:309 124 95 68 35
rect:277 460 36 19 34
rect:348 38 66 72 95
rect:458 249 76 52 34
rect:438 410 74 50 34
rect:237 276 46 32 34
rect:53 104 94 82 34
rect:419 7 116 79 35
rect:411 86 92 94 34
Izmit1999_15.jpg 0x0
rect:110 219 211 261 42
Izmit1999_16.jpg 0x0
rect:163 130 50 92 40
rect:98 85 363 638 33
rect:148 76 140 156 41
rect:96 81 311 239 39
Izmit1999_17.jpg 0x0
rect:118 108 145 174 41
Izmit1999_18.jpg 0x0
rect:171 161 116 209 39
rect:140 165 116 137 41
Izmit1999_19.jpg 0x0
rect:314 59 288 253 96
rect:467 103 30 122 50
rect:362 112 19 85 50
rect:214 97 295 182 32
Kobe1995_01.jpg 0x0
rect:30 147 805 201 63
Kobe1995_02.jpg 0x0
rect:2 71 509 774 68
Kobe1995_03.jpg 0x0
rect:40 59 568 424 10
Kobe1995_04.jpg 0x0
rect:350 357 48 38 41
Kobe1995_05.jpg 0x0
rect:353 165 135 381 40
rect:34 203 371 57 78
rect:158 166 204 507 52
rect:107 520 392 163 78
rect:4 150 175 418 40
Kobe1995_06.jpg 0x0
rect:180 392 368 304 42
rect:50 176 346 599 41
Kobe1995_07.jpg 0x0
rect:240 278 27 37 39
rect:290 520 61 30 39
rect:548 168 43 46 39
rect:208 307 40 36 39
rect:369 98 47 39 39
rect:133 224 26 30 39
rect:279 266 39 46 39
rect:226 357 38 30 39
rect:139 212 40 38 39
rect:57 354 44 59 39
rect:319 176 43 51 39
rect:285 336 40 28 39
rect:184 107 32 44 39
rect:310 497 43 44 39
rect:294 215 26 33 39
rect:224 173 51 40 39
rect:164 262 40 52 39
rect:56 398 30 28 39
rect:175 142 18 42 39
rect:206 176 36 50 39
rect:332 204 44 45 39
rect:425 408 25 36 39
rect:286 503 55 33 39
rect:329 160 41 49 39
rect:262 327 31 26 39
rect:179 370 43 35 39
Kobe1995_08.jpg 0x0
rect:261 72 403 181 97
Kobe1995_09.jpg 0x0
rect:97 559 54 68 88
rect:113 775 99 109 88
rect:81 466 96 65 88
rect:202 614 239 69 97
SanSalvador_1986_01.jpg 0x0
rect:86 3 108 218 68
rect:237 153 122 194 41
SanSalvador_1986_02.jpg 0x0
rect:393 200 33 33 42
rect:226 243 31 41 41
rect:221 291 22 30 41
rect:360 164 30 39 41
rect:414 297 51 40 41
rect:371 183 50 57 41
rect:358 165 19 23 41
rect:355 337 32 50 41
rect:150 200 19 28 41
SikkimIndia2001_01.jpg 0x0
rect:178 116 161 124 34
SikkimIndia2001_02.jpg 0x0
rect:397 302 94 42 16
rect:8 181 52 33 54
rect:350 139 153 111 33
rect:332 184 99 17 16
rect:10 7 314 67 16
rect:-15 2 267 88 33
rect:565 129 98 48 16
rect:163 54 214 383 33
SikkimIndia2001_03.jpg 0x0
rect:168 84 57 237 69
rect:169 231 99 200 70
rect:231 12 127 417 98
SikkimIndia2001_04.jpg 0x0
rect:253 166 213 96 99
rect:357 146 136 124 34
rect:3 35 313 291 99
SumatraInd2009_01.jpg 0x0
rect:286 18 83 215 81
SumatraInd2009_02.jpg 0x0
rect:205 75 145 128 41
WhittierNarrows1987_01.jpg 0x0
rect:18 23 550 420 10
WhittierNarrows1987_02.jpg 0x0
rect:149 313 107 275 41
WhittierNarrows1987_03.jpg 0x0
rect:323 156 169 234 32
WhittierNarrows1987_04.jpg 0x0
rect:163 50 123 149 41
rect:224 10 387 90 6
rect:309 13 228 174 100
YogyakartaInd2006_01.jpg 0x0
rect:287 44 292 194 32
rect:211 160 291 69 49
rect:157 -17 303 435 29
YogyakartaInd2006_02.jpg 0x0
rect:316 75 108 543 98
rect:390 121 38 186 69
rect:468 84 58 176 70
