Anchorage1964_01.jpg 0x0
rect:95 7 213 142 1
rect:104 430 237 204 1
Anchorage1964_02.jpg 0x0
rect:305 223 31 74 3
rect:88 287 19 23 6
rect:556 247 11 45 3
rect:34 28 141 47 5
rect:64 46 113 12 6
rect:33 258 181 42 5
rect:276 25 179 100 4
rect:277 257 31 62 3
rect:543 49 157 93 8
rect:340 281 31 83 3
rect:108 266 67 16 6
rect:419 317 15 71 3
rect:456 141 84 71 4
rect:388 352 24 66 3
rect:178 110 73 51 7
rect:477 198 18 64 3
rect:310 276 33 61 3
rect:161 223 308 118 2
rect:183 81 111 65 4
Anchorage1964_03.jpg 0x0
rect:0 345 603 57 10
rect:239 63 456 172 9
rect:2 296 191 101 9
Anchorage1964_04.jpg 0x0
rect:215 497 19 20 1
rect:135 143 29 23 5
rect:253 213 32 23 5
rect:139 25 34 20 5
rect:210 298 30 27 8
rect:142 573 37 15 5
rect:298 285 31 19 5
rect:324 132 25 17 5
rect:175 123 35 16 5
rect:170 57 24 14 5
rect:446 127 38 16 5
rect:280 274 22 27 1
rect:288 176 31 25 5
rect:290 254 21 22 1
rect:252 92 19 29 1
rect:212 185 26 23 5
rect:316 453 25 21 5
rect:334 249 25 18 5
rect:408 364 33 22 5
rect:359 358 8 1 1
rect:315 139 14 25 1
rect:163 201 31 21 5
rect:204 173 35 21 5
rect:233 408 20 37 1
rect:353 31 25 22 5
rect:307 330 41 17 5
rect:233 45 32 17 5
rect:263 233 13 23 1
rect:329 191 20 26 1
rect:205 347 39 19 5
rect:323 159 12 32 1
rect:164 68 23 18 5
rect:284 274 9 26 1
rect:257 254 19 29 1
rect:261 169 36 12 5
rect:174 306 22 11 5
rect:179 369 62 12 2
rect:119 413 31 21 5
rect:269 434 30 20 5
Anchorage1964_05.jpg 0x0
rect:667 421 33 91 8
rect:718 394 58 14 6
rect:127 189 103 55 6
rect:82 24 22 45 1
rect:489 218 43 70 1
rect:131 179 141 26 5
rect:153 46 100 32 5
rect:541 94 46 56 1
rect:634 306 60 87 1
rect:291 263 23 21 11
rect:77 84 22 50 1
rect:77 107 17 39 1
rect:105 278 18 39 1
rect:255 192 129 82 2
rect:143 38 88 53 6
rect:92 230 19 39 1
rect:545 268 53 18 6
rect:43 368 29 49 1
rect:38 276 21 52 1
rect:63 268 28 41 1
rect:395 24 45 56 1
rect:342 1 43 58 1
rect:468 147 57 49 1
rect:396 60 35 52 1
rect:714 302 45 38 5
rect:266 173 56 19 11
rect:119 130 15 51 1
rect:543 348 39 56 8
rect:447 273 44 35 5
Anchorage1964_06.jpg 0x0
rect:123 149 86 229 3
rect:218 312 73 65 11
rect:129 91 207 451 12
Anchorage1964_07.jpg 0x0
rect:419 121 41 137 13
rect:464 266 351 179 2
rect:243 157 46 97 3
rect:474 184 65 115 11
rect:7 47 783 287 2
rect:7 314 327 32 14
rect:13 222 329 37 11
rect:146 2 97 69 2
rect:277 144 120 159 11
Anchorage1964_08.jpg 0x0
rect:243 634 104 141 1
rect:33 402 134 104 1
rect:44 303 136 85 1
rect:53 59 95 149 1
rect:420 179 157 129 1
rect:329 37 133 121 1
Anchorage1964_09.jpg 0x0
rect:410 6 347 10 15
rect:228 202 52 52 1
rect:14 107 22 10 16
rect:706 304 58 83 8
rect:297 139 47 61 1
rect:14 14 515 16 15
rect:481 111 99 24 15
rect:486 153 81 75 1
rect:382 137 138 18 15
rect:129 52 53 77 8
rect:56 112 65 9 16
rect:562 11 103 10 16
rect:491 160 1 1 16
rect:16 13 43 16 16
rect:13 153 113 19 15
rect:94 213 61 88 1
rect:408 25 101 68 8
rect:175 139 234 12 15
rect:86 283 71 76 8
Anchorage1964_10.jpg 0x0
rect:161 230 279 69 18
rect:66 371 305 130 18
rect:59 238 253 274 1
rect:171 196 115 154 17
Anchorage1964_11.jpg 0x0
rect:59 517 682 14 14
rect:107 185 518 99 2
rect:89 543 706 14 14
rect:666 6 133 33 1
rect:156 61 150 110 4
rect:244 180 322 20 15
rect:254 254 361 43 11
rect:679 151 159 81 1
Anchorage1964_12.jpg 0x0
rect:12 58 647 335 2
rect:190 205 36 124 3
rect:502 86 193 164 11
rect:406 67 56 216 3
rect:349 72 49 206 3
Anchorage1964_13.jpg 0x0
rect:492 366 130 15 19
rect:555 473 39 209 20
rect:399 565 235 20 2
Anchorage1964_14.jpg 0x0
rect:202 16 119 552 20
rect:19 493 21 62 22
rect:37 693 65 85 22
rect:103 251 186 31 15
rect:11 771 139 87 11
rect:389 6 101 115 11
rect:244 702 204 103 23
rect:225 375 78 69 21
rect:113 525 46 60 22
rect:371 11 53 185 11
rect:146 761 49 40 22
rect:452 207 175 52 15
Anchorage1964_15.jpg 0x0
rect:475 266 155 56 11
rect:421 9 106 71 4
rect:189 105 25 67 11
rect:160 58 72 348 20
rect:210 11 64 62 4
rect:175 519 279 48 2
rect:299 244 101 27 24
rect:365 124 49 105 25
rect:162 175 158 51 15
Anchorage1964_16.jpg 0x0
rect:16 95 198 182 2
rect:263 80 207 105 2
rect:344 242 152 165 2
rect:150 264 256 204 11
rect:16 266 71 84 2
rect:114 394 67 105 11
Anchorage1964_17.jpg 0x0
rect:208 44 157 265 9
rect:14 85 323 93 9
rect:7 204 698 268 10
Anchorage1964_18.jpg 0x0
rect:467 343 100 16 2
rect:142 292 78 57 11
rect:136 153 70 78 4
rect:553 368 75 16 2
rect:449 302 280 27 15
rect:374 117 138 120 4
rect:130 289 17 49 11
rect:360 155 71 66 4
rect:516 345 38 17 2
rect:402 239 43 47 11
Anchorage1964_19.jpg 0x0
rect:352 181 21 50 26
rect:608 160 9 20 26
rect:536 126 16 28 26
rect:506 166 8 7 26
rect:29 263 40 68 27
rect:444 128 49 34 28
rect:397 86 33 34 26
rect:265 94 82 129 29
rect:369 393 54 100 26
rect:396 140 24 38 29
rect:425 305 36 25 28
rect:513 162 15 32 26
rect:536 141 9 18 26
rect:346 125 57 41 26
rect:263 135 29 30 27
rect:343 91 34 69 29
rect:6 194 96 169 26
rect:652 175 9 16 26
Anchorage1964_20.jpg 0x0
rect:125 87 132 165 29
rect:363 467 46 62 26
rect:262 112 126 78 26
rect:154 125 96 41 27
rect:174 444 80 106 26
Anchorage1964_21.jpg 0x0
rect:188 161 432 184 30
rect:50 387 32 27 26
rect:2 74 55 43 26
rect:-7 78 83 113 29
Bingol2003_01.jpg 0x0
rect:133 151 63 52 33
rect:675 442 103 55 33
rect:549 587 200 67 6
rect:585 206 121 214 31
rect:670 383 115 71 33
rect:25 216 79 66 33
rect:552 117 143 227 31
rect:456 443 51 79 34
rect:184 87 75 32 6
rect:489 194 52 79 34
rect:509 271 61 166 32
rect:2 291 766 258 10
rect:635 199 119 91 33
rect:707 152 115 82 6
rect:578 96 67 51 6
rect:277 137 86 58 33
rect:773 272 74 54 6
rect:342 523 112 109 6
rect:404 174 39 68 6
Bingol2003_02.jpg 0x0
rect:137 311 91 269 32
rect:487 444 95 96 26
rect:102 599 117 174 32
rect:329 248 427 95 35
rect:241 351 84 93 6
rect:128 76 562 226 34
rect:197 188 902 546 31
rect:721 84 158 67 36
Bingol2003_03.jpg 0x0
rect:141 57 95 131 33
rect:123 20 214 41 2
rect:510 182 323 811 4
rect:325 147 427 181 2
rect:839 -9 353 263 4
rect:882 339 284 430 2
rect:575 253 147 50 11
Bingol2003_04.jpg 0x0
rect:369 461 151 66 2
rect:97 808 31 88 3
rect:123 558 33 93 3
rect:181 352 306 210 2
rect:199 519 43 153 3
rect:236 175 171 144 4
rect:201 572 21 83 3
rect:94 679 122 91 2
CanterburyNZSeries2010_01.jpg 0x0
rect:67 113 105 351 12
CanterburyNZSeries2010_02.jpg 0x0
rect:39 9 181 226 37
rect:70 54 180 186 6
CanterburyNZSeries2010_03.jpg 0x0
rect:46 81 392 112 38
CanterburyNZSeries2010_04.jpg 0x0
rect:289 446 24 114 40
rect:352 333 38 114 40
rect:226 342 275 310 39
rect:257 300 19 64 40
rect:214 438 68 322 41
rect:425 410 19 34 40
rect:346 362 26 80 40
rect:335 11 94 144 42
CanterburyNZSeries2010_05.jpg 0x0
rect:338 366 229 265 4
rect:268 202 116 82 15
CanterburyNZSeries2010_06.jpg 0x0
rect:84 139 752 616 4
rect:254 232 282 119 2
CanterburyNZSeries2010_08.jpg 0x0
rect:875 681 41 209 32
rect:938 385 54 139 44
rect:643 165 222 260 43
rect:600 468 86 152 44
CanterburyNZSeries2010_09.jpg 0x0
rect:187 151 236 242 45
rect:201 366 160 501 39
CanterburyNZSeries2010_10.jpg 0x0
rect:392 278 167 58 46
rect:162 186 292 214 6
rect:410 156 307 97 7
rect:222 580 331 105 6
CanterburyNZSeries2010_11.jpg 0x0
rect:332 347 330 215 5
rect:298 207 219 139 7
CanterburyNZSeries2010_12.jpg 0x0
rect:6 250 996 525 47
rect:411 355 178 85 11
rect:44 387 588 411 2
rect:219 635 153 46 11
CanterburyNZSeries2010_13.jpg 0x0
rect:474 214 115 431 11
rect:164 17 454 977 12
Caracas1967_01.jpg 0x0
rect:512 54 194 282 48
rect:253 165 11 64 48
rect:266 161 80 123 48
rect:305 228 37 94 48
Caracas1967_02.jpg 0x0
rect:169 1 88 155 15
rect:229 203 241 203 51
rect:162 376 43 35 50
rect:155 292 44 79 49
Caracas1967_03.jpg 0x0
rect:181 435 119 169 34
rect:239 91 56 76 14
rect:243 469 65 54 26
rect:383 250 36 157 27
rect:13 446 228 66 6
rect:188 342 35 61 27
Caracas1967_04.jpg 0x0
rect:108 384 19 97 27
rect:121 403 213 166 34
rect:132 290 53 105 26
Caracas1967_05.jpg 0x0
rect:235 255 175 175 52
rect:255 325 38 291 40
rect:288 295 49 192 40
rect:171 256 54 191 40
rect:46 127 297 393 41
rect:247 301 59 187 40
rect:35 70 517 751 48
rect:73 241 88 183 40
rect:75 383 293 228 52
rect:370 195 46 287 40
Caracas1967_06.jpg 0x0
rect:326 371 62 61 6
rect:255 75 277 216 7
Caracas1967_07.jpg 0x0
rect:278 47 24 163 27
rect:592 254 94 124 53
rect:453 6 109 255 34
rect:127 132 186 152 34
rect:292 260 107 197 34
rect:263 168 46 139 27
rect:552 534 96 80 53
Caracas1967_08.jpg 0x0
rect:226 314 73 98 55
rect:389 208 82 153 54
rect:292 304 51 138 54
Caracas1967_09.jpg 0x0
rect:32 189 40 66 48
rect:195 181 79 108 48
rect:88 263 76 71 48
rect:344 14 258 187 48
Caracas1967_10.jpg 0x0
rect:46 234 302 306 41
rect:528 336 89 163 40
rect:267 231 74 175 40
rect:13 173 389 314 48
Caracas1967_11.jpg 0x0
rect:63 14 447 828 48
rect:341 13 190 303 41
rect:63 194 220 355 41
Caracas1967_12.jpg 0x0
rect:398 261 40 45 34
rect:758 207 19 48 32
rect:670 311 21 68 32
rect:279 258 27 56 56
Caracas1967_13.jpg 0x0
rect:178 317 138 181 55
Caracas1967_14.jpg 0x0
rect:92 99 646 259 57
rect:110 326 211 46 6
Chichi1999_01.jpg 0x0
rect:244 104 39 158 42
rect:3 9 829 131 58
Chichi1999_02.jpg 0x0
rect:319 92 220 297 59
rect:7 128 465 115 58
Chichi1999_03.jpg 0x0
rect:0 105 758 162 58
rect:91 133 50 118 60
Chichi1999_04.jpg 0x0
rect:142 174 74 426 48
rect:201 191 26 53 52
rect:198 -14 39 172 48
Chichi1999_05.jpg 0x0
rect:383 229 32 69 52
rect:309 178 44 60 41
rect:440 193 28 41 41
rect:335 94 67 292 48
Chichi1999_06.jpg 0x0
rect:328 115 57 55 62
rect:483 228 33 60 41
rect:192 14 505 131 10
rect:288 149 53 110 48
rect:308 226 18 36 52
rect:715 -9 68 94 61
Chichi1999_07.jpg 0x0
rect:629 293 19 21 64
rect:208 217 25 41 64
rect:429 259 44 74 48
rect:182 203 36 176 48
rect:316 213 59 153 48
rect:352 252 36 27 64
rect:68 246 748 151 63
Chichi1999_08.jpg 0x0
rect:109 14 666 509 10
Chichi1999_09.jpg 0x0
rect:239 98 91 66 41
rect:185 102 47 81 40
rect:246 98 48 81 40
rect:233 63 219 162 48
Chichi1999_10.jpg 0x0
rect:209 21 522 457 10
Chichi1999_11.jpg 0x0
rect:2 179 173 491 10
rect:108 157 86 121 65
Chichi1999_12.jpg 0x0
rect:10 30 548 584 66
Chichi1999_13.jpg 0x0
rect:27 54 496 512 10
Chichi1999_14.jpg 0x0
rect:365 284 20 29 39
rect:232 207 27 39 39
rect:111 505 34 44 67
rect:166 622 34 53 67
rect:405 450 69 81 67
rect:240 443 29 65 67
rect:129 312 56 57 67
rect:149 500 34 32 67
rect:265 466 41 67 67
rect:150 236 43 45 67
rect:263 550 40 39 39
rect:154 404 27 46 67
rect:333 603 30 30 39
rect:80 632 37 55 67
rect:113 135 66 60 67
rect:110 261 37 58 67
rect:227 305 19 43 67
Chichi1999_15.jpg 0x0
rect:212 31 194 453 41
Chichi1999_16.jpg 0x0
rect:197 170 48 149 32
Chichi1999_17.jpg 0x0
rect:151 260 32 36 32
Chichi1999_18.jpg 0x0
rect:328 241 33 122 70
rect:177 299 35 152 69
rect:201 365 31 150 69
rect:217 265 116 479 68
rect:126 317 28 142 69
rect:146 203 48 95 69
Chichi1999_19.jpg 0x0
rect:164 21 206 359 2
rect:214 148 193 233 3
YogyakartaInd2006_03.jpg 0x0
rect:288 194 15 8 16
rect:411 393 59 29 16
rect:169 20 86 2 15
rect:402 82 170 58 15
rect:377 82 77 31 16
rect:193 374 179 32 15
rect:184 303 215 134 71
rect:213 113 83 32 15
Chichi1999_20.jpg 0x0
rect:162 149 91 332 42
rect:304 419 58 222 41
Chichi1999_21.jpg 0x0
rect:412 29 321 166 37
rect:168 138 265 218 72
rect:224 368 196 172 37
rect:489 83 156 133 6
rect:18 4 295 162 30
rect:400 6 168 100 57
rect:339 330 64 158 6
rect:91 325 120 116 5
Chichi1999_22.jpg 0x0
rect:201 199 12 18 73
rect:296 155 266 189 10
rect:268 187 18 15 73
rect:504 288 14 23 73
Chichi1999_23.jpg 0x0
rect:122 121 60 56 73
rect:297 232 45 57 73
rect:360 215 34 22 26
rect:5 70 521 131 74
rect:349 214 40 25 27
rect:142 426 44 59 34
rect:263 292 79 125 73
rect:93 391 61 85 73
rect:224 297 47 79 34
rect:137 187 18 29 34
Chichi1999_24.jpg 0x0
rect:227 289 53 40 34
rect:3 302 397 141 74
rect:359 440 1 2 46
rect:191 193 31 60 46
rect:204 185 121 123 75
Chichi1999_25.jpg 0x0
rect:170 291 37 58 26
rect:111 152 233 310 73
rect:134 236 83 246 34
Chichi1999_26.jpg 0x0
rect:261 188 51 100 73
rect:150 670 112 123 27
rect:159 449 95 78 26
rect:263 348 143 504 76
rect:157 380 163 172 73
rect:285 18 50 32 73
Chichi1999_27.jpg 0x0
rect:191 245 80 441 32
Chichi1999_28.jpg 0x0
rect:304 349 225 98 77
rect:250 116 183 284 75
rect:121 86 120 177 5
rect:20 65 353 157 6
Chichi1999_29.jpg 0x0
rect:258 217 73 208 52
rect:228 290 88 197 40
rect:160 165 232 298 48
Chichi1999_30.jpg 0x0
rect:37 198 107 146 73
rect:233 177 195 56 52
rect:216 248 190 60 78
rect:151 111 285 299 40
Chichi1999_31.jpg 0x0
rect:612 120 39 179 48
rect:199 118 113 298 79
Chichi1999_32.jpg 0x0
rect:150 10 128 433 80
rect:195 179 39 116 81
rect:128 79 41 125 81
rect:410 104 47 180 39
Chichi1999_33.jpg 0x0
rect:138 116 70 221 32
rect:87 83 111 348 33
rect:286 118 129 232 56
rect:109 168 42 98 49
rect:264 149 36 105 49
rect:299 108 132 212 32
Chichi1999_34.jpg 0x0
rect:114 113 451 456 10
Duzce1999_01.jpg 0x0
rect:136 169 129 130 41
rect:169 43 87 312 39
Duzce1999_02.jpg 0x0
rect:89 65 155 436 41
Duzce1999_03.jpg 0x0
rect:0 188 118 288 31
rect:251 158 87 192 31
rect:115 107 107 175 42
Gediz1970_01.jpg 0x0
rect:297 472 76 207 69
rect:156 112 284 497 68
rect:150 224 73 302 69
Guatemala1976_01.jpg 0x0
rect:580 133 44 60 41
rect:62 196 61 53 52
rect:425 150 181 108 48
rect:36 128 127 98 48
rect:39 122 60 57 41
rect:22 161 446 177 82
Guatemala1976_02.jpg 0x0
rect:225 95 373 258 48
rect:226 84 90 93 40
Guatemala1976_03.jpg 0x0
rect:22 73 625 376 75
Guatemala1976_04.jpg 0x0
rect:582 145 155 339 4
rect:29 68 503 304 30
rect:108 21 273 96 30
rect:614 288 120 221 4
Guatemala1976_05.jpg 0x0
rect:147 177 382 127 41
rect:174 110 397 433 48
rect:143 153 240 133 40
Guatemala1976_06.jpg 0x0
rect:135 71 163 344 39
Guatemala1976_07.jpg 0x0
rect:28 350 82 52 6
rect:216 697 103 66 83
rect:23 257 546 304 10
Guatemala1976_08.jpg 0x0
rect:226 60 303 502 41
rect:244 98 191 321 40
rect:160 37 271 447 48
Guatemala1976_09.jpg 0x0
rect:146 212 71 57 85
rect:74 346 23 21 84
rect:334 393 72 48 84
rect:449 355 50 59 85
rect:142 283 44 27 84
rect:424 196 50 28 85
rect:111 187 35 29 85
rect:472 244 44 65 84
Guatemala1976_10.jpg 0x0
rect:203 198 304 210 86
rect:162 152 247 206 87
rect:282 291 44 142 87
Guatemala1976_11.jpg 0x0
rect:154 217 106 198 34
GujaratIndia2001_01.jpg 0x0
rect:29 473 187 140 4
rect:162 522 197 59 2
rect:52 405 69 39 2
rect:297 328 60 49 11
Haiti2010_01.jpg 0x0
rect:345 96 129 341 41
rect:297 226 32 96 40
rect:139 32 154 129 7
rect:323 477 200 279 4
rect:682 307 95 107 4
Haiti2010_02.jpg 0x0
rect:309 31 211 51 14
rect:55 115 427 155 88
Haiti2010_03.jpg 0x0
rect:217 527 88 85 49
rect:190 437 231 234 32
rect:191 762 195 187 89
rect:360 1 50 518 32
Haiti2010_04.jpg 0x0
rect:226 44 287 230 34
rect:2 173 267 162 6
rect:196 342 387 661 41
Haiti2010_05.jpg 0x0
rect:215 229 178 93 52
rect:424 195 30 120 40
rect:334 231 26 89 40
rect:272 125 254 478 90
Haiti2010_06.jpg 0x0
rect:152 372 38 39 34
rect:143 191 207 428 91
rect:364 285 71 235 32
rect:673 177 662 885 91
rect:361 205 64 54 6
rect:376 171 55 99 34
rect:376 209 266 271 33
ImperialValley1979_01.jpg 0x0
rect:370 350 21 21 49
rect:296 220 35 46 50
rect:581 305 41 29 32
rect:403 358 35 25 32
rect:561 246 30 45 50
rect:387 402 47 46 32
rect:490 340 16 17 49
rect:296 453 35 22 49
rect:41 232 88 97 50
rect:10 433 91 58 49
rect:12 401 122 97 32
ImperialValley1979_02.jpg 0x0
rect:194 118 190 309 32
rect:461 104 86 247 50
rect:347 198 42 105 50
rect:125 99 97 187 50
rect:331 192 160 36 49
rect:220 184 361 68 92
ImperialValley1979_03.jpg 0x0
rect:99 410 255 27 92
rect:354 338 56 162 50
rect:172 238 100 101 50
rect:124 261 194 106 32
rect:102 304 243 36 92
rect:82 297 95 147 50
rect:140 204 224 209 32
Izmit1999_01.jpg 0x0
rect:175 73 313 395 34
rect:261 122 43 142 27
rect:359 332 42 76 26
rect:293 298 37 127 27
rect:332 77 73 225 27
Izmit1999_02.jpg 0x0
rect:34 112 757 301 10
Izmit1999_03.jpg 0x0
rect:240 143 39 152 50
rect:203 32 321 318 93
rect:439 72 30 230 50
rect:192 104 57 251 50
rect:179 178 245 36 92
rect:255 56 309 408 32
rect:279 114 44 231 50
rect:629 58 52 392 50
Izmit1999_04.jpg 0x0
rect:416 409 24 56 40
rect:129 513 215 124 88
rect:46 375 62 61 34
rect:174 208 105 71 88
rect:77 423 67 109 41
rect:462 267 20 49 40
rect:264 402 70 104 41
rect:361 59 75 113 48
rect:55 488 25 80 42
rect:262 110 108 79 41
Izmit1999_05.jpg 0x0
rect:96 32 687 411 10
Izmit1999_06.jpg 0x0
rect:130 128 177 538 32
rect:188 220 81 171 50
rect:67 193 69 219 50
rect:244 301 56 132 50
rect:228 198 38 187 50
rect:136 299 117 105 49
Izmit1999_07.jpg 0x0
rect:275 237 105 332 4
rect:438 93 75 66 3
rect:196 266 55 133 3
rect:427 66 149 36 6
rect:22 90 373 809 2
rect:146 244 60 112 3
rect:197 232 28 96 3
Izmit1999_08.jpg 0x0
rect:420 7 124 74 45
rect:183 103 80 95 41
rect:119 402 109 70 45
rect:674 114 70 86 41
rect:187 30 114 74 34
rect:631 69 53 31 52
rect:239 215 141 88 88
Izmit1999_09.jpg 0x0
rect:47 273 57 38 41
rect:241 189 114 116 41
rect:340 169 37 41 41
rect:438 216 66 65 41
rect:543 312 48 100 94
rect:355 212 110 124 94
Izmit1999_10.jpg 0x0
rect:186 508 108 35 78
rect:55 134 82 144 40
rect:114 182 80 282 40
rect:346 562 68 59 40
rect:369 458 116 76 40
rect:199 201 72 207 40
rect:235 686 69 29 78
rect:98 113 348 441 41
rect:218 152 171 169 40
rect:89 249 190 51 78
rect:46 272 395 44 78
Izmit1999_11.jpg 0x0
rect:129 330 53 125 40
rect:166 406 98 169 41
rect:236 276 178 204 41
rect:284 360 60 172 40
rect:261 277 80 201 40
Izmit1999_12.jpg 0x0
rect:36 200 75 93 94
rect:346 198 226 263 91
rect:305 341 76 144 41
rect:264 176 41 138 42
rect:1 225 34 32 41
rect:123 68 26 25 6
rect:514 207 66 78 41
rect:115 224 21 58 40
rect:53 287 59 84 52
rect:166 236 62 72 88
rect:315 235 44 91 52
rect:282 114 80 45 7
rect:556 96 37 105 41
rect:475 28 85 41 34
rect:390 124 41 93 45
rect:318 152 58 35 6
rect:21 88 43 26 6
rect:383 280 96 183 94
Izmit1999_13.jpg 0x0
rect:5 95 96 151 42
rect:102 215 96 96 94
rect:263 69 209 233 48
rect:106 165 51 52 6
rect:263 338 50 96 41
rect:205 70 68 117 41
rect:193 250 93 51 52
rect:292 148 89 211 41
rect:168 236 27 75 41
Izmit1999_14.jpg 0x0
rect:390 239 52 40 34
rect:38 137 84 61 34
rect:335 281 60 38 34
rect:370 69 91 77 34
rect:449 52 57 77 95
rect:302 265 27 21 34
rect:347 6 133 66 35
rect:374 174 119 103 35
rect:350 225 59 35 34
Izmit1999_15.jpg 0x0
rect:175 220 205 267 42
Izmit1999_16.jpg 0x0
rect:124 58 483 481 33
rect:117 61 234 332 39
rect:254 118 38 76 40
rect:189 96 152 187 41
Izmit1999_17.jpg 0x0
rect:78 161 153 300 41
Izmit1999_18.jpg 0x0
rect:237 99 161 191 39
rect:224 179 141 121 41
Izmit1999_19.jpg 0x0
rect:175 112 207 302 32
rect:195 98 267 430 96
rect:525 135 22 86 50
rect:555 160 28 118 50
Kobe1995_01.jpg 0x0
rect:22 135 913 139 63
Kobe1995_02.jpg 0x0
rect:2 71 539 729 68
Kobe1995_03.jpg 0x0
rect:28 72 530 790 10
Kobe1995_04.jpg 0x0
rect:332 314 58 59 41
Kobe1995_05.jpg 0x0
rect:108 167 173 690 52
rect:283 156 167 401 40
rect:33 310 380 73 78
rect:5 127 105 359 40
rect:80 632 423 95 78
Kobe1995_06.jpg 0x0
rect:152 356 277 299 42
rect:66 162 460 404 41
Kobe1995_07.jpg 0x0
rect:306 295 30 34 39
rect:56 358 46 49 39
rect:424 307 26 37 39
rect:174 225 41 57 39
rect:196 371 37 39 39
rect:125 131 25 47 39
rect:245 269 34 61 39
rect:218 350 36 44 39
rect:416 146 40 47 39
rect:178 493 20 30 39
rect:513 152 37 48 39
rect:207 126 46 40 39
rect:387 213 57 35 39
rect:186 109 31 44 39
rect:266 267 25 49 39
rect:475 128 36 41 39
rect:325 211 44 46 39
rect:224 242 35 45 39
rect:383 387 30 41 39
rect:35 274 34 27 39
rect:99 265 39 31 39
rect:421 365 31 44 39
rect:400 381 49 34 39
rect:262 452 23 37 39
rect:137 237 48 29 39
rect:321 320 44 30 39
Kobe1995_08.jpg 0x0
rect:205 75 310 222 97
Kobe1995_09.jpg 0x0
rect:111 441 67 72 88
rect:67 720 61 55 88
rect:98 647 90 115 88
rect:166 705 200 80 97
SanSalvador_1986_01.jpg 0x0
rect:86 3 127 312 68
rect:174 173 95 237 41
SanSalvador_1986_02.jpg 0x0
rect:187 287 37 41 41
rect:610 177 40 36 41
rect:388 339 32 53 41
rect:191 308 33 51 41
rect:344 148 35 40 41
rect:232 197 22 26 41
rect:555 308 47 59 41
rect:353 208 38 38 42
rect:339 152 18 33 41
SikkimIndia2001_01.jpg 0x0
rect:181 155 102 108 34
SikkimIndia2001_02.jpg 0x0
rect:276 197 74 35 16
rect:-14 2 345 100 33
rect:336 119 145 145 33
rect:497 124 65 31 16
rect:431 179 83 15 16
rect:12 5 341 85 16
rect:164 77 200 461 33
rect:9 127 59 50 54
SikkimIndia2001_03.jpg 0x0
rect:252 9 139 397 98
rect:292 148 98 173 70
rect:156 123 64 143 69
SikkimIndia2001_04.jpg 0x0
rect:3 27 317 333 99
rect:354 157 302 117 99
rect:261 181 137 111 34
SumatraInd2009_01.jpg 0x0
rect:199 26 83 287 81
SumatraInd2009_02.jpg 0x0
rect:263 78 204 134 41
WhittierNarrows1987_01.jpg 0x0
rect:12 29 739 459 10
WhittierNarrows1987_02.jpg 0x0
rect:205 249 96 231 41
WhittierNarrows1987_03.jpg 0x0
rect:358 108 144 298 32
WhittierNarrows1987_04.jpg 0x0
rect:159 42 68 202 41
rect:248 8 323 89 6
rect:300 11 289 126 100
YogyakartaInd2006_01.jpg 0x0
rect:296 140 314 101 49
rect:208 49 434 281 32
rect:155 -16 330 546 29
YogyakartaInd2006_02.jpg 0x0
rect:407 45 114 375 98
rect:453 71 99 212 70
rect:374 96 50 244 69
