Anchorage1964_01.jpg 0x0
rect:71 312 226 174 1
rect:89 7 166 158 1
Anchorage1964_02.jpg 0x0
rect:519 237 22 63 3
rect:349 60 146 102 8
rect:47 22 122 57 5
rect:316 31 251 107 4
rect:370 280 25 62 3
rect:521 226 103 75 4
rect:190 261 284 115 2
rect:626 352 13 57 3
rect:605 354 20 39 3
rect:276 69 101 68 4
rect:90 213 55 14 6
rect:303 251 28 79 3
rect:82 268 19 26 6
rect:133 105 85 39 7
rect:296 266 26 44 3
rect:520 270 15 61 3
rect:285 253 33 72 3
rect:60 27 86 19 6
rect:31 250 115 42 5
Anchorage1964_03.jpg 0x0
rect:2 169 218 95 9
rect:0 310 760 74 10
rect:175 94 380 153 9
Anchorage1964_04.jpg 0x0
rect:430 142 40 24 5
rect:338 235 15 25 1
rect:278 406 30 25 5
rect:296 142 35 18 5
rect:338 80 36 12 5
rect:213 25 29 18 5
rect:145 277 35 14 5
rect:283 299 10 21 1
rect:243 446 15 32 1
rect:152 114 20 17 5
rect:359 226 19 20 1
rect:287 249 22 24 5
rect:221 331 28 25 5
rect:374 589 37 13 5
rect:436 203 27 20 5
rect:197 372 46 23 5
rect:162 320 25 13 5
rect:187 63 33 13 5
rect:205 164 35 23 5
rect:171 367 41 20 2
rect:292 251 23 21 5
rect:216 322 25 26 8
rect:122 42 30 15 5
rect:355 93 18 27 1
rect:242 76 30 17 5
rect:152 251 41 12 5
rect:259 388 25 16 5
rect:351 303 16 18 1
rect:190 201 27 15 5
rect:255 326 24 22 1
rect:458 234 23 13 5
rect:235 143 17 31 1
rect:382 294 10 1 1
rect:264 274 19 18 1
rect:405 225 22 24 5
rect:294 227 12 34 1
rect:166 158 22 19 5
rect:234 39 34 18 5
rect:243 255 17 26 1
Anchorage1964_05.jpg 0x0
rect:100 156 22 56 1
rect:275 148 17 18 11
rect:61 107 15 34 1
rect:625 27 27 64 1
rect:511 80 34 53 1
rect:318 192 44 26 11
rect:131 23 22 36 1
rect:698 175 55 44 5
rect:244 34 77 49 6
rect:472 336 45 48 8
rect:564 136 47 63 1
rect:484 136 33 73 1
rect:72 223 15 47 1
rect:422 1 32 52 1
rect:665 227 33 45 1
rect:822 325 37 13 6
rect:178 107 107 33 6
rect:80 57 25 50 1
rect:148 157 109 22 5
rect:62 316 19 41 1
rect:100 122 12 66 1
rect:562 246 69 30 5
rect:567 329 48 53 1
rect:28 538 24 37 1
rect:425 187 57 19 6
rect:227 43 74 37 5
rect:239 129 93 87 2
rect:56 236 18 59 1
rect:617 377 43 78 8
Anchorage1964_06.jpg 0x0
rect:168 104 98 298 3
rect:120 90 162 500 12
rect:185 245 86 84 11
Anchorage1964_07.jpg 0x0
rect:399 166 36 110 13
rect:10 56 821 312 2
rect:234 2 105 50 2
rect:263 145 58 98 3
rect:310 126 181 173 11
rect:7 361 487 36 14
rect:403 201 331 282 2
rect:461 147 60 105 11
rect:12 190 280 39 11
Anchorage1964_08.jpg 0x0
rect:39 86 175 105 1
rect:256 371 84 90 1
rect:350 27 130 95 1
rect:51 408 84 120 1
rect:52 295 127 98 1
rect:284 175 147 147 1
Anchorage1964_09.jpg 0x0
rect:15 165 75 20 15
rect:433 171 74 72 1
rect:147 153 277 13 15
rect:69 176 42 10 16
rect:13 15 521 16 15
rect:124 370 57 84 8
rect:505 39 80 83 8
rect:10 20 71 15 16
rect:19 130 19 10 16
rect:348 110 135 21 15
rect:376 7 288 14 15
rect:816 160 1 1 16
rect:96 53 96 99 8
rect:623 174 78 71 1
rect:69 182 83 54 1
rect:752 155 175 17 15
rect:238 136 81 69 1
rect:651 11 104 11 16
rect:699 231 95 51 8
Anchorage1964_10.jpg 0x0
rect:127 158 263 85 18
rect:204 212 74 148 17
rect:87 157 252 349 1
rect:93 451 338 146 18
Anchorage1964_11.jpg 0x0
rect:256 172 301 27 15
rect:107 322 641 22 14
rect:120 139 411 65 2
rect:567 9 125 48 1
rect:661 101 105 68 1
rect:378 241 341 33 11
rect:62 655 664 11 14
rect:129 60 144 134 4
Anchorage1964_12.jpg 0x0
rect:500 106 122 168 11
rect:131 149 37 120 3
rect:15 60 491 224 2
rect:235 76 62 215 3
rect:298 83 51 147 3
Anchorage1964_13.jpg 0x0
rect:625 274 39 189 20
rect:487 436 103 15 19
rect:293 589 167 27 2
Anchorage1964_14.jpg 0x0
rect:185 525 32 68 22
rect:58 687 58 70 22
rect:102 211 96 30 15
rect:76 406 36 74 22
rect:344 5 74 131 11
rect:170 16 98 647 20
rect:271 511 183 63 23
rect:226 9 73 271 11
rect:7 458 196 80 11
rect:366 242 157 54 15
rect:21 518 28 51 22
rect:168 331 70 67 21
Anchorage1964_15.jpg 0x0
rect:232 67 60 432 20
rect:397 9 110 53 4
rect:270 158 56 113 25
rect:262 220 141 51 15
rect:340 343 138 30 24
rect:501 218 145 40 11
rect:174 184 31 76 11
rect:211 10 88 54 4
rect:255 507 282 65 2
Anchorage1964_16.jpg 0x0
rect:12 309 60 74 2
rect:66 340 66 138 11
rect:17 154 171 222 2
rect:171 119 346 131 2
rect:196 294 208 221 11
rect:622 256 117 138 2
Anchorage1964_17.jpg 0x0
rect:7 266 782 185 10
rect:351 51 231 225 9
rect:10 148 318 124 9
Anchorage1964_18.jpg 0x0
rect:509 351 49 16 2
rect:180 261 64 40 11
rect:557 122 130 108 4
rect:172 213 69 141 4
rect:340 325 40 16 2
rect:375 342 91 20 2
rect:518 131 133 56 4
rect:179 335 17 42 11
rect:365 259 252 36 15
rect:421 204 38 57 11
Anchorage1964_19.jpg 0x0
rect:306 54 75 116 29
rect:359 261 30 30 28
rect:415 133 27 27 27
rect:348 113 22 34 26
rect:6 306 62 149 26
rect:36 271 25 121 27
rect:267 105 45 63 29
rect:343 109 7 18 26
rect:305 75 56 49 26
rect:914 107 7 7 26
rect:584 176 18 65 29
rect:488 225 17 39 26
rect:399 137 39 36 28
rect:263 390 48 70 26
rect:306 219 17 29 26
rect:353 121 28 37 26
rect:846 226 8 17 26
rect:406 147 10 20 26
Anchorage1964_20.jpg 0x0
rect:195 93 118 76 26
rect:236 71 94 34 27
rect:223 65 174 111 29
rect:542 663 45 77 26
rect:169 561 78 134 26
Anchorage1964_21.jpg 0x0
rect:166 139 430 176 30
rect:2 98 44 41 26
rect:53 384 24 39 26
rect:-6 79 93 143 29
Bingol2003_01.jpg 0x0
rect:907 342 89 76 33
rect:402 481 36 46 34
rect:781 294 59 66 6
rect:734 432 90 34 33
rect:401 202 60 52 33
rect:652 85 55 89 6
rect:666 88 210 168 31
rect:247 78 87 30 6
rect:279 278 96 107 6
rect:471 254 57 221 32
rect:572 182 54 145 34
rect:206 277 50 91 33
rect:429 192 35 66 6
rect:553 601 168 68 6
rect:548 152 111 69 6
rect:2 315 884 289 10
rect:578 268 216 144 31
rect:35 209 50 78 33
rect:822 277 120 90 33
Bingol2003_02.jpg 0x0
rect:729 58 126 103 36
rect:377 343 99 66 6
rect:157 467 149 239 32
rect:139 267 71 447 32
rect:204 124 460 211 34
rect:590 290 110 121 26
rect:339 277 789 513 31
rect:554 283 440 108 35
Bingol2003_03.jpg 0x0
rect:118 55 87 156 33
rect:848 495 261 504 2
rect:591 200 275 552 4
rect:116 21 169 41 2
rect:386 189 206 82 11
rect:412 155 438 189 2
rect:833 -8 347 242 4
Bingol2003_04.jpg 0x0
rect:152 776 22 68 3
rect:178 394 52 124 3
rect:180 570 214 193 2
rect:78 753 88 98 2
rect:292 275 198 226 4
rect:83 649 31 54 3
rect:215 600 31 80 3
rect:295 520 130 60 2
CanterburyNZSeries2010_01.jpg 0x0
rect:68 106 130 256 12
CanterburyNZSeries2010_02.jpg 0x0
rect:34 9 132 252 37
rect:66 54 125 154 6
CanterburyNZSeries2010_03.jpg 0x0
rect:48 73 440 99 38
CanterburyNZSeries2010_04.jpg 0x0
rect:205 300 151 253 39
rect:210 471 30 61 40
rect:409 320 33 123 40
rect:267 481 26 211 40
rect:276 9 112 123 42
rect:387 347 26 53 40
rect:239 563 104 244 41
rect:413 511 18 76 40
CanterburyNZSeries2010_05.jpg 0x0
rect:270 278 178 134 15
rect:404 359 230 443 4
CanterburyNZSeries2010_06.jpg 0x0
rect:81 80 668 474 4
rect:278 307 190 130 2
CanterburyNZSeries2010_08.jpg 0x0
rect:658 450 37 217 32
rect:763 281 100 140 44
rect:543 177 180 278 43
rect:831 417 82 111 44
CanterburyNZSeries2010_09.jpg 0x0
rect:281 169 223 260 45
rect:363 362 155 430 39
CanterburyNZSeries2010_10.jpg 0x0
rect:295 346 188 91 46
rect:262 533 230 101 6
rect:167 248 318 278 6
rect:430 155 267 110 7
CanterburyNZSeries2010_11.jpg 0x0
rect:344 241 330 140 7
rect:418 266 330 183 5
CanterburyNZSeries2010_12.jpg 0x0
rect:148 581 148 42 11
rect:5 359 837 286 47
rect:390 594 215 54 11
rect:60 438 649 292 2
CanterburyNZSeries2010_13.jpg 0x0
rect:538 136 134 597 11
rect:183 17 546 672 12
Caracas1967_01.jpg 0x0
rect:232 164 76 103 48
rect:365 221 14 54 48
rect:303 178 32 107 48
rect:572 68 230 190 48
Caracas1967_02.jpg 0x0
rect:227 1 103 145 15
rect:169 143 237 233 51
rect:111 375 30 45 50
rect:148 269 39 56 49
Caracas1967_03.jpg 0x0
rect:301 300 39 81 27
rect:252 429 33 79 27
rect:16 368 293 83 6
rect:381 380 60 59 26
rect:289 422 158 120 34
rect:204 58 64 98 14
Caracas1967_04.jpg 0x0
rect:181 337 17 110 27
rect:110 307 197 133 34
rect:145 248 66 128 26
Caracas1967_05.jpg 0x0
rect:38 133 380 344 41
rect:249 251 38 232 40
rect:326 201 34 178 40
rect:322 262 40 266 40
rect:215 291 142 124 52
rect:74 248 173 231 52
rect:34 81 270 775 48
rect:346 218 40 261 40
rect:166 297 39 189 40
rect:42 234 67 319 40
Caracas1967_06.jpg 0x0
rect:376 313 88 47 6
rect:327 71 258 270 7
Caracas1967_07.jpg 0x0
rect:496 314 161 285 34
rect:521 272 109 137 53
rect:497 8 114 247 34
rect:219 187 54 179 27
rect:131 107 209 168 34
rect:557 420 117 96 53
rect:436 61 30 181 27
Caracas1967_08.jpg 0x0
rect:273 369 81 73 55
rect:451 182 91 120 54
rect:299 351 53 99 54
Caracas1967_09.jpg 0x0
rect:94 249 41 56 48
rect:25 308 51 37 48
rect:154 154 86 64 48
rect:503 14 247 122 48
Caracas1967_10.jpg 0x0
rect:456 307 96 171 40
rect:49 195 231 269 41
rect:223 169 61 247 40
rect:16 166 609 296 48
Caracas1967_11.jpg 0x0
rect:43 219 208 626 41
rect:287 12 175 219 41
rect:54 14 452 981 48
Caracas1967_12.jpg 0x0
rect:536 178 45 54 34
rect:554 320 24 50 32
rect:174 348 22 37 56
rect:547 285 23 42 32
Caracas1967_13.jpg 0x0
rect:201 338 118 329 55
Caracas1967_14.jpg 0x0
rect:124 150 622 192 57
rect:162 341 256 35 6
Chichi1999_01.jpg 0x0
rect:413 115 41 260 42
rect:4 8 582 140 58
Chichi1999_02.jpg 0x0
rect:6 105 282 146 58
rect:335 109 208 381 59
Chichi1999_03.jpg 0x0
rect:58 124 80 127 60
rect:0 158 945 167 58
Chichi1999_04.jpg 0x0
rect:164 241 76 396 48
rect:278 312 23 61 52
rect:238 -18 52 148 48
Chichi1999_05.jpg 0x0
rect:387 183 25 34 41
rect:479 175 67 51 41
rect:311 138 44 68 52
rect:411 165 96 181 48
Chichi1999_06.jpg 0x0
rect:160 17 467 151 10
rect:399 -11 68 76 61
rect:440 170 23 31 52
rect:412 145 57 104 48
rect:335 93 74 59 62
rect:823 168 50 62 41
Chichi1999_07.jpg 0x0
rect:123 148 52 145 48
rect:691 199 56 100 48
rect:39 191 674 153 63
rect:510 260 38 34 64
rect:334 254 44 100 48
rect:744 244 17 21 64
rect:172 136 19 42 64
Chichi1999_08.jpg 0x0
rect:103 14 557 564 10
Chichi1999_09.jpg 0x0
rect:292 127 51 62 40
rect:229 48 135 142 48
rect:215 86 38 101 40
rect:292 101 166 103 41
Chichi1999_10.jpg 0x0
rect:198 19 707 436 10
Chichi1999_11.jpg 0x0
rect:2 181 125 398 10
rect:163 253 132 108 65
Chichi1999_12.jpg 0x0
rect:8 21 438 639 66
Chichi1999_13.jpg 0x0
rect:45 57 593 461 10
Chichi1999_14.jpg 0x0
rect:133 330 55 34 67
rect:355 554 44 39 67
rect:87 604 32 47 67
rect:165 226 42 56 67
rect:101 341 52 47 67
rect:94 529 45 59 67
rect:215 539 37 28 67
rect:333 568 25 30 39
rect:145 323 24 56 67
rect:125 219 61 49 67
rect:204 432 34 45 67
rect:316 418 17 23 39
rect:247 296 27 60 39
rect:157 229 36 43 67
rect:401 556 72 52 67
rect:207 230 20 36 67
rect:335 573 23 38 39
Chichi1999_15.jpg 0x0
rect:187 36 193 513 41
Chichi1999_16.jpg 0x0
rect:135 98 54 109 32
Chichi1999_17.jpg 0x0
rect:144 272 30 55 32
Chichi1999_18.jpg 0x0
rect:135 222 48 88 69
rect:325 270 44 95 70
rect:184 213 30 175 69
rect:129 226 151 308 68
rect:109 169 18 142 69
rect:328 358 29 96 69
Chichi1999_19.jpg 0x0
rect:237 20 237 531 2
rect:237 135 123 342 3
YogyakartaInd2006_03.jpg 0x0
rect:258 66 162 73 15
rect:173 140 70 42 15
rect:263 33 81 2 15
rect:246 377 38 38 16
rect:270 177 21 8 16
rect:241 330 275 38 15
rect:295 59 71 46 16
rect:241 193 259 121 71
Chichi1999_20.jpg 0x0
rect:281 499 38 188 41
rect:158 264 78 253 42
Chichi1999_21.jpg 0x0
rect:202 227 143 103 37
rect:344 389 117 141 6
rect:347 116 171 134 6
rect:16 4 222 114 30
rect:363 35 297 188 37
rect:88 449 116 107 5
rect:243 138 294 304 72
rect:461 8 116 121 57
Chichi1999_22.jpg 0x0
rect:212 139 368 133 10
rect:506 248 13 14 73
rect:357 245 21 24 73
rect:331 208 14 22 73
Chichi1999_23.jpg 0x0
rect:3 69 424 172 74
rect:291 179 42 77 73
rect:104 202 72 47 73
rect:166 175 20 26 34
rect:108 306 39 105 34
rect:83 296 47 90 73
rect:261 149 31 19 26
rect:235 212 67 114 73
rect:352 158 39 23 27
rect:344 246 45 56 34
Chichi1999_24.jpg 0x0
rect:3 328 365 182 74
rect:201 191 111 100 75
rect:285 349 1 2 46
rect:208 152 32 69 46
rect:230 352 66 47 34
Chichi1999_25.jpg 0x0
rect:153 189 204 226 73
rect:239 319 33 75 26
rect:192 285 156 254 34
Chichi1999_26.jpg 0x0
rect:113 668 94 65 26
rect:143 623 128 169 73
rect:192 189 58 109 73
rect:141 386 133 145 27
rect:292 17 44 36 73
rect:240 347 126 307 76
Chichi1999_27.jpg 0x0
rect:198 206 109 238 32
Chichi1999_28.jpg 0x0
rect:120 120 137 270 5
rect:223 147 160 299 75
rect:20 55 289 89 6
rect:189 345 226 153 77
Chichi1999_29.jpg 0x0
rect:107 156 141 200 48
rect:255 191 80 185 52
rect:251 197 84 134 40
Chichi1999_30.jpg 0x0
rect:205 204 231 44 78
rect:27 324 75 189 73
rect:164 85 326 376 40
rect:174 103 186 94 52
Chichi1999_31.jpg 0x0
rect:635 105 59 154 48
rect:120 81 84 294 79
Chichi1999_32.jpg 0x0
rect:198 62 45 164 81
rect:655 133 55 203 39
rect:204 284 40 139 81
rect:207 8 76 280 80
Chichi1999_33.jpg 0x0
rect:59 67 111 347 33
rect:133 129 35 84 49
rect:110 149 90 229 32
rect:312 175 32 147 49
rect:229 98 106 318 32
rect:262 70 93 210 56
Chichi1999_34.jpg 0x0
rect:129 82 490 497 10
Duzce1999_01.jpg 0x0
rect:136 74 135 415 39
rect:107 121 130 146 41
Duzce1999_02.jpg 0x0
rect:105 47 192 432 41
Duzce1999_03.jpg 0x0
rect:118 116 139 216 42
rect:0 124 87 191 31
rect:244 88 127 341 31
Gediz1970_01.jpg 0x0
rect:108 74 236 484 68
rect:119 342 94 224 69
rect:252 558 62 157 69
Guatemala1976_01.jpg 0x0
rect:399 211 45 88 41
rect:40 223 55 59 41
rect:565 170 153 156 48
rect:42 209 80 36 52
rect:20 108 741 223 82
rect:43 194 91 119 48
Guatemala1976_02.jpg 0x0
rect:177 71 96 115 40
rect:126 94 323 329 48
Guatemala1976_03.jpg 0x0
rect:19 74 680 366 75
Guatemala1976_04.jpg 0x0
rect:127 23 467 100 30
rect:39 88 638 277 30
rect:356 258 82 168 4
rect:496 209 128 288 4
Guatemala1976_05.jpg 0x0
rect:134 58 459 318 48
rect:234 114 251 157 41
rect:158 145 405 230 40
Guatemala1976_06.jpg 0x0
rect:87 100 196 401 39
Guatemala1976_07.jpg 0x0
rect:30 319 516 516 10
rect:167 645 108 97 83
rect:28 322 72 64 6
Guatemala1976_08.jpg 0x0
rect:164 28 532 337 48
rect:190 78 286 254 41
rect:274 75 186 216 40
Guatemala1976_09.jpg 0x0
rect:263 327 59 74 84
rect:468 304 53 58 85
rect:873 416 58 65 84
rect:272 213 54 30 85
rect:138 196 69 61 85
rect:118 351 43 21 84
rect:214 269 32 21 84
rect:100 314 30 20 85
Guatemala1976_10.jpg 0x0
rect:180 249 271 274 86
rect:392 482 42 144 87
rect:242 152 245 147 87
Guatemala1976_11.jpg 0x0
rect:189 210 125 235 34
GujaratIndia2001_01.jpg 0x0
rect:56 419 46 27 2
rect:223 463 220 81 2
rect:409 512 74 49 11
rect:33 436 180 218 4
Haiti2010_01.jpg 0x0
rect:104 52 96 87 7
rect:286 350 27 121 40
rect:507 189 112 85 4
rect:370 410 211 280 4
rect:294 134 229 434 41
Haiti2010_02.jpg 0x0
rect:61 91 343 259 88
rect:368 36 178 66 14
Haiti2010_03.jpg 0x0
rect:260 1 49 508 32
rect:204 341 141 227 32
rect:277 671 220 183 89
rect:301 712 81 48 49
Haiti2010_04.jpg 0x0
rect:209 43 266 299 34
rect:2 121 278 129 6
rect:153 284 376 714 41
Haiti2010_05.jpg 0x0
rect:334 286 189 79 52
rect:187 230 29 125 40
rect:219 150 315 527 90
rect:258 246 32 71 40
Haiti2010_06.jpg 0x0
rect:233 204 33 50 34
rect:654 203 51 67 34
rect:412 177 58 32 6
rect:275 182 147 291 33
rect:266 358 366 288 91
rect:700 141 475 656 91
rect:380 256 68 178 32
ImperialValley1979_01.jpg 0x0
rect:287 325 36 76 50
rect:9 244 131 89 32
rect:673 386 19 15 49
rect:390 376 25 39 50
rect:362 244 49 42 32
rect:437 223 28 23 49
rect:14 457 73 53 49
rect:276 278 55 22 49
rect:40 309 65 151 50
rect:382 223 45 39 32
rect:525 402 35 32 32
ImperialValley1979_02.jpg 0x0
rect:281 220 140 58 49
rect:159 193 359 69 92
rect:490 163 73 251 50
rect:245 129 49 155 50
rect:272 82 165 179 32
rect:224 101 72 219 50
ImperialValley1979_03.jpg 0x0
rect:179 246 172 189 32
rect:145 445 213 36 92
rect:129 412 269 26 92
rect:191 262 119 98 50
rect:88 299 108 283 50
rect:377 233 69 196 50
rect:122 210 217 219 32
Izmit1999_01.jpg 0x0
rect:187 167 38 98 27
rect:232 84 477 232 34
rect:338 104 67 152 27
rect:270 133 47 147 27
rect:545 351 41 47 26
Izmit1999_02.jpg 0x0
rect:27 134 865 307 10
Izmit1999_03.jpg 0x0
rect:419 106 69 319 50
rect:179 191 462 47 92
rect:189 48 366 358 93
rect:278 101 34 180 50
rect:199 68 327 375 32
rect:332 79 55 214 50
rect:174 100 56 376 50
rect:167 125 42 232 50
Izmit1999_04.jpg 0x0
rect:63 473 51 52 34
rect:323 350 17 73 40
rect:420 282 20 75 40
rect:227 276 65 59 41
rect:295 93 78 82 41
rect:43 485 39 79 41
rect:113 252 155 88 88
rect:367 89 69 86 48
rect:99 520 224 100 88
rect:83 466 44 89 42
Izmit1999_05.jpg 0x0
rect:102 27 628 449 10
Izmit1999_06.jpg 0x0
rect:201 213 83 153 50
rect:184 281 199 99 49
rect:376 321 60 105 50
rect:75 176 53 140 50
rect:97 222 197 401 32
rect:304 364 53 141 50
Izmit1999_07.jpg 0x0
rect:125 428 51 154 3
rect:267 263 33 94 3
rect:257 70 165 60 6
rect:23 129 307 520 2
rect:393 139 78 105 3
rect:143 216 57 120 3
rect:334 308 63 404 4
Izmit1999_08.jpg 0x0
rect:175 290 63 86 45
rect:131 22 99 133 34
rect:281 187 161 102 88
rect:193 98 105 65 41
rect:566 86 56 100 41
rect:378 7 84 49 45
rect:428 114 57 26 52
Izmit1999_09.jpg 0x0
rect:302 263 67 94 41
rect:250 240 43 28 41
rect:695 185 64 65 41
rect:438 201 70 61 94
rect:257 271 76 115 94
rect:37 221 41 58 41
Izmit1999_10.jpg 0x0
rect:214 467 140 27 78
rect:121 328 357 47 78
rect:297 165 147 118 40
rect:93 162 279 627 41
rect:263 408 130 140 40
rect:375 695 97 31 78
rect:44 206 417 54 78
rect:71 165 102 251 40
rect:109 223 112 278 40
rect:341 351 57 66 40
rect:249 153 66 168 40
Izmit1999_11.jpg 0x0
rect:163 375 85 201 40
rect:244 239 89 139 40
rect:200 212 155 145 41
rect:277 330 73 240 40
rect:147 513 89 127 41
Izmit1999_12.jpg 0x0
rect:348 257 58 68 41
rect:58 235 67 58 52
rect:109 236 101 57 88
rect:244 199 36 83 42
rect:413 220 178 265 91
rect:330 174 76 66 7
rect:62 298 34 53 40
rect:358 342 54 117 41
rect:204 183 49 24 6
rect:413 121 51 94 45
rect:21 74 40 19 6
rect:505 67 52 106 41
rect:1 254 24 33 41
rect:83 58 41 26 6
rect:426 374 43 129 52
rect:52 265 48 115 94
rect:269 229 89 162 94
rect:535 33 92 52 34
Izmit1999_13.jpg 0x0
rect:225 97 58 109 41
rect:144 235 91 150 94
rect:5 94 95 148 42
rect:125 156 72 34 6
rect:274 78 138 378 48
rect:456 149 63 210 41
rect:179 277 36 131 41
rect:164 286 42 77 41
rect:176 357 63 68 52
Izmit1999_14.jpg 0x0
rect:400 299 36 21 34
rect:201 377 58 31 34
rect:521 383 76 33 34
rect:309 315 90 42 34
rect:331 7 156 58 35
rect:47 163 118 48 34
rect:424 65 77 57 34
rect:377 132 120 65 35
rect:348 34 46 76 95
Izmit1999_15.jpg 0x0
rect:110 247 240 508 42
Izmit1999_16.jpg 0x0
rect:198 106 164 188 41
rect:117 76 274 433 33
rect:206 90 46 84 40
rect:114 70 316 342 39
Izmit1999_17.jpg 0x0
rect:74 96 256 310 41
Izmit1999_18.jpg 0x0
rect:136 99 104 312 39
rect:203 119 117 189 41
Izmit1999_19.jpg 0x0
rect:174 79 179 415 96
rect:307 111 287 302 32
rect:481 168 32 102 50
rect:511 214 20 91 50
Kobe1995_01.jpg 0x0
rect:32 193 840 174 63
Kobe1995_02.jpg 0x0
rect:2 62 418 473 68
Kobe1995_03.jpg 0x0
rect:40 64 468 676 10
Kobe1995_04.jpg 0x0
rect:272 299 58 47 41
Kobe1995_05.jpg 0x0
rect:5 188 161 520 40
rect:133 192 268 560 52
rect:251 193 163 563 40
rect:86 571 290 159 78
rect:53 193 342 82 78
Kobe1995_06.jpg 0x0
rect:148 383 224 423 42
rect:53 186 336 324 41
Kobe1995_07.jpg 0x0
rect:253 487 36 46 39
rect:105 214 37 32 39
rect:329 356 48 33 39
rect:146 99 35 47 39
rect:206 237 39 33 39
rect:235 557 39 29 39
rect:180 274 48 58 39
rect:31 356 46 33 39
rect:332 328 47 27 39
rect:465 243 36 39 39
rect:542 353 42 37 39
rect:365 243 34 48 39
rect:238 164 44 37 39
rect:405 265 26 32 39
rect:338 252 34 27 39
rect:58 283 44 39 39
rect:237 345 53 46 39
rect:168 339 37 36 39
rect:350 163 53 29 39
rect:491 219 32 27 39
rect:156 352 25 41 39
rect:222 420 26 27 39
rect:307 181 37 43 39
rect:527 142 33 31 39
rect:184 85 19 35 39
rect:132 315 37 23 39
Kobe1995_08.jpg 0x0
rect:205 74 575 237 97
Kobe1995_09.jpg 0x0
rect:168 603 225 62 97
rect:68 748 80 67 88
rect:85 825 62 107 88
rect:134 384 75 51 88
SanSalvador_1986_01.jpg 0x0
rect:204 202 143 233 41
rect:73 3 141 209 68
SanSalvador_1986_02.jpg 0x0
rect:363 230 25 31 41
rect:160 294 39 47 41
rect:573 203 33 36 42
rect:584 273 30 56 41
rect:395 195 38 42 41
rect:176 219 24 26 41
rect:285 177 46 43 41
rect:143 151 31 31 41
rect:323 114 20 25 41
SikkimIndia2001_01.jpg 0x0
rect:283 123 113 109 34
SikkimIndia2001_02.jpg 0x0
rect:588 98 97 39 16
rect:277 241 59 45 16
rect:7 6 299 99 16
rect:10 164 56 43 54
rect:516 138 132 185 33
rect:144 95 167 392 33
rect:541 331 96 19 16
rect:-13 2 471 127 33
SikkimIndia2001_03.jpg 0x0
rect:229 258 89 180 70
rect:215 11 149 596 98
rect:256 88 71 162 69
SikkimIndia2001_04.jpg 0x0
rect:3 40 230 200 99
rect:248 117 126 125 34
rect:396 197 355 94 99
SumatraInd2009_01.jpg 0x0
rect:200 26 60 372 81
SumatraInd2009_02.jpg 0x0
rect:240 91 220 215 41
WhittierNarrows1987_01.jpg 0x0
rect:17 31 779 267 10
WhittierNarrows1987_02.jpg 0x0
rect:203 208 105 236 41
WhittierNarrows1987_03.jpg 0x0
rect:253 116 153 292 32
WhittierNarrows1987_04.jpg 0x0
rect:226 7 275 67 6
rect:254 67 97 161 41
rect:205 14 172 190 100
YogyakartaInd2006_01.jpg 0x0
rect:253 29 346 360 32
rect:136 -27 443 645 29
rect:348 135 293 79 49
YogyakartaInd2006_02.jpg 0x0
rect:352 89 98 251 70
rect:398 131 52 195 69
rect:410 41 163 326 98
