Anchorage1964_01.jpg 0x0
rect:103 438 250 221 1
rect:110 5 213 180 1
Anchorage1964_02.jpg 0x0
rect:593 70 147 145 8
rect:210 201 35 89 3
rect:139 272 53 21 6
rect:27 200 174 42 5
rect:128 221 367 104 2
rect:83 157 18 15 6
rect:194 64 92 87 4
rect:490 280 30 52 3
rect:27 30 200 42 5
rect:488 273 18 45 3
rect:314 34 242 75 4
rect:126 143 78 46 7
rect:403 157 88 52 4
rect:480 328 27 57 3
rect:252 209 30 90 3
rect:61 40 112 19 6
rect:636 307 17 48 3
rect:288 273 18 48 3
rect:445 298 23 49 3
Anchorage1964_03.jpg 0x0
rect:246 114 276 192 9
rect:0 275 652 60 10
rect:2 197 304 75 9
Anchorage1964_04.jpg 0x0
rect:188 241 23 18 5
rect:199 231 30 14 5
rect:204 538 19 27 1
rect:419 274 17 17 5
rect:206 245 14 26 1
rect:138 48 31 14 5
rect:346 40 27 20 5
rect:134 398 30 12 5
rect:217 444 33 20 5
rect:251 153 20 24 1
rect:454 335 38 22 5
rect:282 467 36 17 5
rect:213 166 14 25 1
rect:298 189 21 35 1
rect:273 334 18 26 1
rect:192 204 19 28 1
rect:147 110 32 16 5
rect:193 102 28 13 5
rect:220 374 26 14 5
rect:288 109 23 14 5
rect:191 195 29 28 5
rect:253 173 26 11 5
rect:267 227 12 27 1
rect:271 48 46 22 5
rect:216 449 39 23 5
rect:312 415 25 26 1
rect:336 369 18 32 1
rect:138 612 55 12 2
rect:240 365 29 21 5
rect:318 329 24 21 5
rect:278 292 15 19 1
rect:363 173 41 21 5
rect:160 275 28 18 5
rect:325 430 26 17 5
rect:275 235 31 14 5
rect:363 439 9 1 1
rect:146 20 31 14 5
rect:434 236 35 23 5
rect:189 265 24 29 8
Anchorage1964_05.jpg 0x0
rect:41 390 22 44 1
rect:596 240 62 33 5
rect:85 239 17 40 1
rect:261 45 76 22 5
rect:625 89 47 59 1
rect:431 74 40 82 1
rect:362 133 41 80 1
rect:357 213 139 66 2
rect:768 168 66 42 5
rect:723 337 47 15 6
rect:311 292 59 87 8
rect:555 331 40 30 6
rect:545 157 41 76 1
rect:148 196 115 55 6
rect:578 323 44 60 8
rect:496 293 52 87 1
rect:67 80 21 39 1
rect:35 377 18 58 1
rect:77 389 27 37 1
rect:144 165 80 21 5
rect:90 134 20 40 1
rect:117 26 25 27 1
rect:54 165 17 41 1
rect:250 50 111 39 6
rect:442 18 32 51 1
rect:50 175 18 35 1
rect:214 218 19 18 11
rect:337 257 38 25 11
rect:535 1 35 41 1
Anchorage1964_06.jpg 0x0
rect:140 90 173 522 12
rect:150 95 94 352 3
rect:180 173 76 112 11
Anchorage1964_07.jpg 0x0
rect:7 295 448 28 14
rect:331 146 47 101 3
rect:335 132 182 109 11
rect:274 180 56 121 13
rect:312 334 233 149 2
rect:354 145 58 115 11
rect:172 2 129 76 2
rect:7 53 527 560 2
rect:17 220 340 44 11
Anchorage1964_08.jpg 0x0
rect:297 23 141 144 1
rect:43 670 86 138 1
rect:55 237 83 90 1
rect:428 512 124 96 1
rect:62 65 151 110 1
rect:347 258 159 92 1
Anchorage1964_09.jpg 0x0
rect:200 111 313 13 15
rect:415 170 94 100 1
rect:465 111 100 31 15
rect:134 323 72 84 8
rect:65 171 50 7 16
rect:10 15 517 17 15
rect:319 214 75 60 1
rect:12 126 109 16 15
rect:323 115 50 86 1
rect:458 297 96 73 8
rect:13 147 15 10 16
rect:75 114 50 66 1
rect:751 235 1 1 16
rect:17 17 61 13 16
rect:459 120 146 17 15
rect:594 10 128 11 16
rect:549 36 59 80 8
rect:96 37 76 64 8
rect:529 9 293 13 15
Anchorage1964_10.jpg 0x0
rect:173 243 79 134 17
rect:201 227 232 62 18
rect:87 249 227 430 1
rect:61 508 385 108 18
Anchorage1964_11.jpg 0x0
rect:505 117 185 108 1
rect:94 80 190 141 4
rect:287 210 281 20 15
rect:694 7 123 32 1
rect:333 251 301 40 11
rect:50 526 834 13 14
rect:72 325 789 16 14
rect:130 190 584 81 2
Anchorage1964_12.jpg 0x0
rect:15 98 729 354 2
rect:468 85 125 174 11
rect:421 117 40 237 3
rect:376 60 50 267 3
rect:168 146 36 122 3
Anchorage1964_13.jpg 0x0
rect:259 454 206 26 2
rect:312 565 152 13 19
rect:495 431 32 125 20
Anchorage1964_14.jpg 0x0
rect:328 9 70 286 11
rect:411 625 209 76 23
rect:420 216 195 42 15
rect:431 6 82 177 11
rect:132 572 39 64 22
rect:214 14 81 452 20
rect:26 695 33 49 22
rect:142 647 29 87 22
rect:205 367 64 71 21
rect:12 457 226 81 11
rect:32 481 36 78 22
rect:62 292 182 29 15
Anchorage1964_15.jpg 0x0
rect:152 126 46 55 11
rect:181 96 65 362 20
rect:177 326 180 42 2
rect:307 7 66 68 4
rect:405 10 68 63 4
rect:189 210 165 53 15
rect:393 171 127 42 11
rect:350 104 51 108 25
rect:451 324 86 46 24
Anchorage1964_16.jpg 0x0
rect:540 166 101 248 2
rect:190 111 212 142 2
rect:18 351 80 99 2
rect:14 165 158 202 2
rect:83 390 68 141 11
rect:252 201 313 158 11
Anchorage1964_17.jpg 0x0
rect:12 154 227 124 9
rect:298 57 261 253 9
rect:10 256 590 276 10
Anchorage1964_18.jpg 0x0
rect:130 240 75 145 4
rect:167 263 17 49 11
rect:546 204 109 65 4
rect:694 363 81 17 2
rect:453 331 36 22 2
rect:371 324 85 18 2
rect:378 142 142 89 4
rect:341 255 25 42 11
rect:369 338 237 29 15
rect:102 358 58 47 11
Anchorage1964_19.jpg 0x0
rect:781 100 10 7 26
rect:587 142 21 45 29
rect:441 155 26 35 26
rect:225 380 33 85 26
rect:512 182 7 15 26
rect:682 163 32 26 28
rect:311 131 12 30 26
rect:497 314 16 37 26
rect:371 126 74 49 26
rect:728 212 8 13 26
rect:5 191 92 168 26
rect:247 77 84 116 29
rect:429 144 52 43 28
rect:441 120 35 62 29
rect:29 210 25 82 27
rect:407 97 23 24 27
rect:373 194 8 30 26
rect:307 163 12 41 26
Anchorage1964_20.jpg 0x0
rect:217 55 146 112 29
rect:224 335 56 178 26
rect:198 94 96 64 26
rect:517 407 43 97 26
rect:216 128 69 37 27
Anchorage1964_21.jpg 0x0
rect:-7 62 81 135 29
rect:2 97 49 48 26
rect:171 212 693 207 30
rect:51 253 38 38 26
Bingol2003_01.jpg 0x0
rect:268 80 55 27 6
rect:651 66 98 79 6
rect:427 248 97 42 6
rect:462 310 44 164 32
rect:627 300 98 31 33
rect:762 313 80 55 33
rect:425 315 52 44 6
rect:573 210 48 77 34
rect:2 253 1122 214 10
rect:337 162 59 54 33
rect:869 159 115 61 33
rect:474 378 108 118 6
rect:783 165 95 63 6
rect:22 315 91 56 33
rect:483 219 194 145 31
rect:586 385 121 73 6
rect:435 93 134 213 31
rect:588 459 32 72 34
rect:136 155 59 68 33
Bingol2003_02.jpg 0x0
rect:126 230 67 461 32
rect:406 350 114 106 26
rect:259 402 74 101 6
rect:966 53 120 58 36
rect:287 177 679 603 31
rect:164 116 579 180 34
rect:148 393 121 200 32
rect:536 256 351 112 35
Bingol2003_03.jpg 0x0
rect:382 156 386 214 2
rect:401 236 155 90 11
rect:91 28 162 24 2
rect:749 185 300 661 4
rect:133 51 133 124 33
rect:589 460 290 289 2
rect:727 -7 317 228 4
Bingol2003_04.jpg 0x0
rect:349 235 167 163 4
rect:91 591 98 86 2
rect:297 629 95 80 2
rect:303 346 33 153 3
rect:106 564 273 201 2
rect:78 722 32 67 3
rect:121 486 21 53 3
rect:178 508 25 96 3
CanterburyNZSeries2010_01.jpg 0x0
rect:76 83 168 292 12
CanterburyNZSeries2010_02.jpg 0x0
rect:41 39 202 214 6
rect:37 11 146 276 37
CanterburyNZSeries2010_03.jpg 0x0
rect:39 63 401 106 38
CanterburyNZSeries2010_04.jpg 0x0
rect:251 380 35 209 40
rect:169 552 94 200 41
rect:242 437 20 62 40
rect:249 277 151 322 39
rect:260 397 38 108 40
rect:236 350 30 54 40
rect:219 390 30 37 40
rect:235 9 104 148 42
CanterburyNZSeries2010_05.jpg 0x0
rect:246 198 102 80 15
rect:276 385 147 434 4
CanterburyNZSeries2010_06.jpg 0x0
rect:193 245 254 146 2
rect:84 114 612 744 4
CanterburyNZSeries2010_08.jpg 0x0
rect:648 310 119 135 44
rect:427 151 131 285 43
rect:946 645 30 117 32
rect:697 641 52 108 44
CanterburyNZSeries2010_09.jpg 0x0
rect:231 419 113 358 39
rect:176 161 234 155 45
CanterburyNZSeries2010_10.jpg 0x0
rect:349 316 275 99 46
rect:188 288 253 220 6
rect:168 423 327 116 6
rect:385 204 194 134 7
CanterburyNZSeries2010_11.jpg 0x0
rect:340 247 271 125 7
rect:304 398 264 222 5
CanterburyNZSeries2010_12.jpg 0x0
rect:245 589 198 47 11
rect:696 348 187 73 11
rect:5 344 850 451 47
rect:57 445 713 307 2
CanterburyNZSeries2010_13.jpg 0x0
rect:150 17 436 716 12
rect:357 211 150 487 11
Caracas1967_01.jpg 0x0
rect:328 134 9 50 48
rect:289 167 50 122 48
rect:269 159 76 76 48
rect:353 60 221 210 48
Caracas1967_02.jpg 0x0
rect:129 409 29 48 50
rect:127 315 53 56 49
rect:141 158 154 372 51
rect:237 1 81 144 15
Caracas1967_03.jpg 0x0
rect:382 356 28 119 27
rect:19 362 214 123 6
rect:219 434 69 78 26
rect:325 431 35 49 27
rect:311 229 103 132 34
rect:211 91 56 124 14
Caracas1967_04.jpg 0x0
rect:125 340 153 135 34
rect:188 283 19 72 27
rect:120 406 51 96 26
Caracas1967_05.jpg 0x0
rect:26 117 359 551 48
rect:254 212 171 197 52
rect:227 169 42 179 40
rect:33 166 309 432 41
rect:82 299 168 253 52
rect:127 444 35 159 40
rect:70 284 67 325 40
rect:345 222 53 174 40
rect:201 353 65 190 40
rect:249 368 63 273 40
Caracas1967_06.jpg 0x0
rect:262 359 53 63 6
rect:421 101 302 259 7
Caracas1967_07.jpg 0x0
rect:242 161 119 166 34
rect:387 6 125 276 34
rect:565 264 165 318 34
rect:578 226 111 94 53
rect:366 332 107 55 53
rect:355 43 37 202 27
rect:277 121 49 181 27
Caracas1967_08.jpg 0x0
rect:305 164 104 116 54
rect:206 344 93 125 55
rect:283 396 84 135 54
Caracas1967_09.jpg 0x0
rect:18 221 60 45 48
rect:181 120 105 70 48
rect:404 14 264 194 48
rect:115 270 43 61 48
Caracas1967_10.jpg 0x0
rect:455 359 52 138 40
rect:19 213 325 316 48
rect:42 210 212 317 41
rect:381 205 76 224 40
Caracas1967_11.jpg 0x0
rect:58 16 303 547 48
rect:316 11 216 334 41
rect:62 227 234 496 41
Caracas1967_12.jpg 0x0
rect:491 333 17 56 32
rect:220 370 29 46 56
rect:669 310 18 41 32
rect:393 273 42 54 34
Caracas1967_13.jpg 0x0
rect:205 484 146 284 55
Caracas1967_14.jpg 0x0
rect:115 156 549 209 57
rect:127 382 244 36 6
Chichi1999_01.jpg 0x0
rect:456 118 42 168 42
rect:4 8 939 190 58
Chichi1999_02.jpg 0x0
rect:291 141 141 301 59
rect:7 125 467 167 58
Chichi1999_03.jpg 0x0
rect:0 158 621 136 58
rect:73 122 81 137 60
Chichi1999_04.jpg 0x0
rect:244 184 53 314 48
rect:204 297 31 72 52
rect:250 -12 61 160 48
Chichi1999_05.jpg 0x0
rect:446 98 90 260 48
rect:436 257 49 92 52
rect:286 255 21 42 41
rect:274 130 55 55 41
Chichi1999_06.jpg 0x0
rect:329 246 52 69 48
rect:441 247 26 31 52
rect:413 152 70 59 62
rect:624 222 32 63 41
rect:567 -11 58 69 61
rect:213 17 569 205 10
Chichi1999_07.jpg 0x0
rect:119 196 18 47 64
rect:440 209 35 161 48
rect:542 187 14 24 64
rect:154 181 48 190 48
rect:377 248 23 43 64
rect:690 300 52 120 48
rect:50 237 625 172 63
Chichi1999_08.jpg 0x0
rect:128 19 486 567 10
Chichi1999_09.jpg 0x0
rect:236 74 225 122 48
rect:303 75 47 82 40
rect:175 97 123 103 41
rect:261 114 30 101 40
Chichi1999_10.jpg 0x0
rect:145 24 562 538 10
Chichi1999_11.jpg 0x0
rect:2 131 171 575 10
rect:139 239 90 78 65
Chichi1999_12.jpg 0x0
rect:7 19 379 757 66
Chichi1999_13.jpg 0x0
rect:41 43 491 370 10
Chichi1999_14.jpg 0x0
rect:116 566 35 30 67
rect:332 404 26 29 39
rect:150 352 31 40 67
rect:180 449 24 30 67
rect:64 449 43 52 67
rect:378 442 86 64 67
rect:97 256 52 43 67
rect:122 265 59 48 67
rect:51 560 37 49 67
rect:201 207 91 59 67
rect:145 273 47 80 67
rect:231 337 30 48 67
rect:342 320 29 28 39
rect:289 501 24 31 39
rect:227 362 43 50 39
rect:284 315 15 32 67
rect:432 523 47 59 67
Chichi1999_15.jpg 0x0
rect:330 33 186 357 41
Chichi1999_16.jpg 0x0
rect:168 92 71 138 32
Chichi1999_17.jpg 0x0
rect:172 369 22 55 32
Chichi1999_18.jpg 0x0
rect:231 309 33 101 69
rect:205 231 170 522 68
rect:321 177 37 151 69
rect:199 206 22 140 69
rect:382 366 37 167 69
rect:261 294 50 110 70
Chichi1999_19.jpg 0x0
rect:196 23 224 340 2
rect:171 153 125 365 3
YogyakartaInd2006_03.jpg 0x0
rect:308 70 65 30 16
rect:190 119 62 34 15
rect:278 321 69 25 16
rect:252 463 252 29 15
rect:189 231 354 169 71
rect:281 127 23 7 16
rect:268 18 126 2 15
rect:345 63 126 65 15
Chichi1999_20.jpg 0x0
rect:215 489 44 240 41
rect:196 162 108 299 42
Chichi1999_21.jpg 0x0
rect:319 137 139 98 6
rect:81 311 161 95 5
rect:381 27 182 154 37
rect:202 332 221 200 37
rect:389 6 108 124 57
rect:144 100 269 338 72
rect:345 296 77 84 6
rect:18 4 296 155 30
Chichi1999_22.jpg 0x0
rect:169 142 349 184 10
rect:427 284 19 22 73
rect:282 183 14 25 73
rect:202 264 14 23 73
Chichi1999_23.jpg 0x0
rect:358 189 35 28 27
rect:359 171 44 50 73
rect:134 340 38 92 73
rect:384 370 67 77 73
rect:94 351 52 78 34
rect:103 213 29 19 34
rect:268 220 50 98 34
rect:3 50 585 231 74
rect:108 207 45 50 73
rect:280 243 35 27 26
Chichi1999_24.jpg 0x0
rect:251 142 39 57 46
rect:3 335 225 240 74
rect:210 219 72 56 34
rect:385 317 1 2 46
rect:162 218 98 113 75
Chichi1999_25.jpg 0x0
rect:170 178 123 231 34
rect:187 273 129 287 73
rect:209 253 39 73 26
Chichi1999_26.jpg 0x0
rect:120 409 148 119 27
rect:89 429 170 139 73
rect:208 356 113 428 76
rect:235 14 39 33 73
rect:181 744 85 66 26
rect:147 161 46 115 73
Chichi1999_27.jpg 0x0
rect:175 165 64 269 32
Chichi1999_28.jpg 0x0
rect:267 149 199 241 75
rect:221 250 261 144 77
rect:14 62 361 90 6
rect:101 114 188 240 5
Chichi1999_29.jpg 0x0
rect:184 163 209 279 48
rect:224 315 100 210 52
rect:162 198 107 182 40
Chichi1999_30.jpg 0x0
rect:187 265 149 77 78
rect:234 183 165 71 52
rect:141 108 270 298 40
rect:31 203 93 173 73
Chichi1999_31.jpg 0x0
rect:142 96 91 314 79
rect:675 114 54 242 48
Chichi1999_32.jpg 0x0
rect:210 73 50 204 81
rect:500 169 58 260 39
rect:198 9 104 416 80
rect:172 204 25 171 81
Chichi1999_33.jpg 0x0
rect:207 70 163 393 32
rect:310 84 80 185 56
rect:85 66 104 540 33
rect:317 117 31 137 49
rect:130 121 62 141 49
rect:117 147 100 188 32
Chichi1999_34.jpg 0x0
rect:88 107 480 446 10
Duzce1999_01.jpg 0x0
rect:136 46 114 377 39
rect:137 112 124 159 41
Duzce1999_02.jpg 0x0
rect:103 50 124 277 41
Duzce1999_03.jpg 0x0
rect:99 98 104 204 42
rect:0 230 93 303 31
rect:288 165 85 287 31
Gediz1970_01.jpg 0x0
rect:148 139 276 648 68
rect:165 337 83 239 69
rect:236 385 65 173 69
Guatemala1976_01.jpg 0x0
rect:48 235 57 51 41
rect:506 182 66 72 41
rect:548 177 131 93 48
rect:26 106 755 165 82
rect:61 172 60 43 52
rect:48 165 104 113 48
Guatemala1976_02.jpg 0x0
rect:232 89 265 287 48
rect:215 86 121 93 40
Guatemala1976_03.jpg 0x0
rect:17 105 562 449 75
Guatemala1976_04.jpg 0x0
rect:585 291 120 317 4
rect:54 78 333 228 30
rect:686 188 110 278 4
rect:177 20 445 77 30
Guatemala1976_05.jpg 0x0
rect:200 66 351 375 48
rect:198 169 242 240 40
rect:202 136 379 153 41
Guatemala1976_06.jpg 0x0
rect:135 122 166 372 39
Guatemala1976_07.jpg 0x0
rect:212 436 160 107 83
rect:25 253 55 65 6
rect:27 320 527 529 10
Guatemala1976_08.jpg 0x0
rect:161 30 488 389 48
rect:143 77 254 309 41
rect:341 88 128 253 40
Guatemala1976_09.jpg 0x0
rect:145 237 46 44 85
rect:89 272 27 20 84
rect:420 308 39 57 84
rect:151 298 44 22 84
rect:253 251 94 35 85
rect:119 200 29 34 85
rect:513 329 78 53 85
rect:751 337 40 82 84
Guatemala1976_10.jpg 0x0
rect:239 123 193 175 87
rect:236 195 198 345 86
rect:327 415 27 155 87
Guatemala1976_11.jpg 0x0
rect:221 222 166 294 34
GujaratIndia2001_01.jpg 0x0
rect:153 355 153 68 2
rect:58 376 53 35 2
rect:256 468 61 54 11
rect:25 455 162 125 4
Haiti2010_01.jpg 0x0
rect:339 103 138 426 41
rect:150 52 90 108 7
rect:265 294 27 160 40
rect:559 398 158 276 4
rect:451 307 122 93 4
Haiti2010_02.jpg 0x0
rect:63 84 581 272 88
rect:200 27 192 61 14
Haiti2010_03.jpg 0x0
rect:167 515 48 45 49
rect:470 1 77 659 32
rect:213 722 276 194 89
rect:248 290 253 209 32
Haiti2010_04.jpg 0x0
rect:132 408 383 665 41
rect:242 38 250 317 34
rect:2 187 358 144 6
Haiti2010_05.jpg 0x0
rect:275 233 24 90 40
rect:245 266 147 122 52
rect:196 164 268 627 90
rect:376 220 30 110 40
Haiti2010_06.jpg 0x0
rect:393 143 212 339 33
rect:375 135 84 65 34
rect:269 355 40 42 34
rect:388 156 468 719 91
rect:249 259 338 345 91
rect:468 172 73 200 32
rect:296 225 64 44 6
ImperialValley1979_01.jpg 0x0
rect:68 226 76 113 50
rect:490 344 39 29 32
rect:9 247 127 144 32
rect:428 244 19 21 49
rect:534 320 58 47 32
rect:236 294 59 38 32
rect:572 384 25 37 50
rect:408 275 43 24 49
rect:434 237 23 18 49
rect:267 344 38 45 50
rect:14 282 59 62 49
ImperialValley1979_02.jpg 0x0
rect:308 213 59 100 50
rect:331 266 93 34 49
rect:229 78 235 296 32
rect:198 211 245 47 92
rect:170 123 84 218 50
rect:304 94 82 187 50
ImperialValley1979_03.jpg 0x0
rect:163 261 95 175 50
rect:70 244 89 148 50
rect:103 236 282 249 32
rect:148 548 350 35 92
rect:358 383 86 206 50
rect:204 224 157 157 32
rect:77 458 265 40 92
Izmit1999_01.jpg 0x0
rect:253 73 65 150 27
rect:252 86 414 344 34
rect:380 309 67 81 26
rect:215 234 46 90 27
rect:197 144 30 108 27
Izmit1999_02.jpg 0x0
rect:33 102 634 190 10
Izmit1999_03.jpg 0x0
rect:198 121 37 241 50
rect:346 90 53 219 50
rect:517 69 37 283 50
rect:125 37 460 360 93
rect:389 77 43 397 50
rect:201 175 467 26 92
rect:174 98 50 296 50
rect:287 46 320 270 32
Izmit1999_04.jpg 0x0
rect:353 459 16 49 40
rect:304 58 96 95 48
rect:40 410 50 72 34
rect:74 375 51 107 41
rect:65 565 36 107 42
rect:422 281 104 97 41
rect:103 465 201 114 88
rect:192 228 156 53 88
rect:375 111 69 80 41
rect:419 266 29 68 40
Izmit1999_05.jpg 0x0
rect:75 29 617 377 10
Izmit1999_06.jpg 0x0
rect:147 209 154 317 32
rect:78 303 58 153 50
rect:187 309 186 56 49
rect:208 279 57 136 50
rect:140 235 68 162 50
rect:247 231 53 188 50
Izmit1999_07.jpg 0x0
rect:265 250 36 131 3
rect:338 109 59 67 3
rect:23 84 344 485 2
rect:275 145 40 122 3
rect:130 227 54 118 3
rect:262 231 116 408 4
rect:341 83 97 39 6
Izmit1999_08.jpg 0x0
rect:108 33 75 98 34
rect:188 526 107 118 45
rect:687 93 84 59 41
rect:547 91 53 30 52
rect:178 282 265 123 88
rect:163 95 103 81 41
rect:649 5 71 64 45
Izmit1999_09.jpg 0x0
rect:695 167 56 66 94
rect:349 300 76 119 94
rect:277 318 95 74 41
rect:286 147 56 44 41
rect:710 212 75 60 41
rect:59 195 36 59 41
Izmit1999_10.jpg 0x0
rect:365 690 93 76 40
rect:284 147 162 133 40
rect:89 143 343 358 41
rect:72 171 71 151 40
rect:241 210 73 210 40
rect:212 679 69 36 78
rect:349 353 61 70 40
rect:149 276 72 243 40
rect:173 498 141 28 78
rect:57 167 340 41 78
rect:100 366 190 84 78
Izmit1999_11.jpg 0x0
rect:318 330 90 180 40
rect:187 323 69 130 40
rect:148 279 102 125 41
rect:239 490 81 108 41
rect:223 157 62 166 40
Izmit1999_12.jpg 0x0
rect:273 208 83 152 94
rect:416 189 261 214 91
rect:258 133 41 57 45
rect:587 170 57 74 41
rect:245 135 37 29 6
rect:439 169 34 120 42
rect:328 390 71 146 52
rect:497 35 62 71 34
rect:282 144 48 38 7
rect:129 159 63 82 88
rect:1 196 25 44 41
rect:440 368 86 135 41
rect:62 305 53 72 52
rect:15 85 31 28 6
rect:111 250 25 38 40
rect:491 104 49 111 41
rect:61 243 84 86 94
rect:93 74 31 26 6
Izmit1999_13.jpg 0x0
rect:339 89 149 458 48
rect:185 202 134 141 94
rect:96 173 37 75 41
rect:150 169 72 53 6
rect:452 127 86 252 41
rect:247 214 41 117 41
rect:108 219 65 80 52
rect:214 128 57 131 41
rect:5 67 119 196 42
Izmit1999_14.jpg 0x0
rect:250 402 47 27 34
rect:282 7 139 94 35
rect:324 479 34 23 34
rect:437 149 96 88 35
rect:380 87 84 74 34
rect:514 333 81 50 34
rect:48 184 126 47 34
rect:550 215 87 48 34
rect:467 37 75 59 95
Izmit1999_15.jpg 0x0
rect:179 129 191 387 42
Izmit1999_16.jpg 0x0
rect:111 61 296 268 39
rect:120 55 479 328 33
rect:225 143 33 130 40
rect:120 73 140 141 41
Izmit1999_17.jpg 0x0
rect:123 122 233 327 41
Izmit1999_18.jpg 0x0
rect:183 189 169 239 39
rect:128 186 169 130 41
Izmit1999_19.jpg 0x0
rect:246 90 206 164 32
rect:387 161 25 86 50
rect:234 91 326 333 96
rect:468 172 21 94 50
Kobe1995_01.jpg 0x0
rect:26 125 842 167 63
Kobe1995_02.jpg 0x0
rect:2 78 439 443 68
Kobe1995_03.jpg 0x0
rect:30 72 499 534 10
Kobe1995_04.jpg 0x0
rect:268 328 53 42 41
Kobe1995_05.jpg 0x0
rect:266 109 185 329 40
rect:4 157 110 544 40
rect:85 626 319 137 78
rect:30 287 410 83 78
rect:175 216 265 690 52
Kobe1995_06.jpg 0x0
rect:38 131 530 485 41
rect:191 335 318 417 42
Kobe1995_07.jpg 0x0
rect:303 445 27 38 39
rect:188 169 47 52 39
rect:56 251 44 36 39
rect:216 155 29 48 39
rect:350 250 31 34 39
rect:307 359 41 50 39
rect:90 232 29 56 39
rect:279 153 37 38 39
rect:176 177 29 39 39
rect:153 429 41 42 39
rect:38 184 47 49 39
rect:462 233 32 38 39
rect:542 95 45 42 39
rect:304 261 37 46 39
rect:151 361 26 22 39
rect:184 362 30 27 39
rect:222 143 18 29 39
rect:150 586 51 42 39
rect:444 487 57 29 39
rect:277 326 34 23 39
rect:549 303 49 32 39
rect:469 321 41 28 39
rect:182 306 45 47 39
rect:367 245 33 23 39
rect:287 283 24 38 39
rect:247 222 33 45 39
Kobe1995_08.jpg 0x0
rect:337 59 351 201 97
Kobe1995_09.jpg 0x0
rect:70 406 86 47 88
rect:94 582 100 110 88
rect:241 618 220 56 97
rect:132 455 58 46 88
SanSalvador_1986_01.jpg 0x0
rect:278 209 127 152 41
rect:80 3 97 210 68
SanSalvador_1986_02.jpg 0x0
rect:498 175 39 57 41
rect:367 200 34 50 41
rect:286 335 20 43 41
rect:303 110 13 26 41
rect:156 172 23 40 41
rect:536 217 29 37 42
rect:203 191 36 36 41
rect:246 164 41 32 41
rect:165 355 30 43 41
SikkimIndia2001_01.jpg 0x0
rect:173 202 154 176 34
SikkimIndia2001_02.jpg 0x0
rect:210 253 109 38 16
rect:138 77 182 311 33
rect:-16 2 439 82 33
rect:546 117 113 44 16
rect:551 253 106 15 16
rect:10 6 369 53 16
rect:520 125 90 169 33
rect:9 153 69 58 54
SikkimIndia2001_03.jpg 0x0
rect:160 8 195 618 98
rect:259 206 121 121 70
rect:158 96 56 224 69
SikkimIndia2001_04.jpg 0x0
rect:3 34 269 200 99
rect:224 153 79 141 34
rect:495 159 331 128 99
SumatraInd2009_01.jpg 0x0
rect:324 20 46 340 81
SumatraInd2009_02.jpg 0x0
rect:249 89 224 129 41
WhittierNarrows1987_01.jpg 0x0
rect:13 33 1065 416 10
WhittierNarrows1987_02.jpg 0x0
rect:150 185 103 288 41
WhittierNarrows1987_03.jpg 0x0
rect:299 155 185 187 32
WhittierNarrows1987_04.jpg 0x0
rect:259 14 230 161 100
rect:302 69 101 161 41
rect:218 10 265 93 6
YogyakartaInd2006_01.jpg 0x0
rect:130 -23 291 395 29
rect:385 118 349 93 49
rect:175 44 360 330 32
YogyakartaInd2006_02.jpg 0x0
rect:362 105 59 252 69
rect:326 71 96 453 98
rect:414 113 54 130 70
