Anchorage1964_01.jpg 0x0
rect:116 7 229 219 1
rect:87 262 240 179 1
Anchorage1964_02.jpg 0x0
rect:462 212 32 59 3
rect:545 290 13 71 3
rect:545 150 113 65 4
rect:293 42 176 96 4
rect:111 267 23 19 6
rect:463 226 19 53 3
rect:449 229 23 49 3
rect:230 302 27 59 3
rect:372 238 33 68 3
rect:214 249 259 115 2
rect:167 179 91 70 7
rect:91 26 71 19 6
rect:521 71 142 121 8
rect:274 261 18 88 3
rect:38 238 158 48 5
rect:167 82 114 63 4
rect:422 282 20 57 3
rect:130 280 44 16 6
rect:41 20 182 47 5
Anchorage1964_03.jpg 0x0
rect:176 109 335 234 9
rect:2 188 221 95 9
rect:0 292 727 50 10
Anchorage1964_04.jpg 0x0
rect:165 531 37 23 5
rect:311 249 19 23 1
rect:458 256 32 16 5
rect:311 412 38 18 5
rect:122 28 31 20 5
rect:450 202 39 21 5
rect:344 223 36 18 5
rect:363 86 19 21 1
rect:242 255 14 20 1
rect:226 272 8 1 1
rect:272 161 38 15 5
rect:122 493 42 18 5
rect:120 94 34 16 5
rect:211 149 14 18 1
rect:211 55 24 13 5
rect:229 472 16 22 1
rect:447 374 33 21 5
rect:388 89 39 19 5
rect:212 275 31 14 5
rect:228 262 15 20 1
rect:285 386 16 24 1
rect:383 211 40 26 5
rect:332 56 40 18 5
rect:355 29 33 20 5
rect:248 579 19 24 1
rect:254 331 46 14 2
rect:162 176 29 21 5
rect:422 390 28 24 5
rect:136 136 31 19 5
rect:113 134 26 20 5
rect:336 275 23 16 5
rect:269 251 23 30 8
rect:257 284 18 25 1
rect:190 353 30 15 5
rect:237 296 19 20 1
rect:140 373 43 18 5
rect:144 261 28 16 5
rect:251 398 9 26 1
rect:307 299 22 20 5
Anchorage1964_05.jpg 0x0
rect:168 123 82 18 5
rect:65 68 27 44 1
rect:46 236 19 33 1
rect:356 27 37 47 1
rect:89 241 17 52 1
rect:89 25 20 38 1
rect:464 1 44 56 1
rect:317 224 28 21 11
rect:491 282 53 31 11
rect:183 39 132 48 6
rect:413 284 60 73 1
rect:364 98 37 72 1
rect:676 248 41 17 6
rect:514 126 31 47 1
rect:403 372 51 60 8
rect:120 117 119 42 6
rect:536 274 75 24 5
rect:95 128 15 59 1
rect:112 200 18 40 1
rect:211 34 74 26 5
rect:428 334 48 76 8
rect:516 234 45 72 1
rect:650 307 38 16 6
rect:589 151 51 68 1
rect:48 397 23 40 1
rect:208 133 104 65 2
rect:69 133 17 39 1
rect:39 500 26 48 1
rect:635 168 79 35 5
Anchorage1964_06.jpg 0x0
rect:119 73 264 458 12
rect:170 196 51 69 11
rect:164 155 113 248 3
Anchorage1964_07.jpg 0x0
rect:8 69 531 506 2
rect:7 268 365 34 14
rect:206 99 49 97 3
rect:291 281 259 146 2
rect:517 147 100 113 11
rect:376 142 68 107 13
rect:205 148 121 119 11
rect:14 224 301 41 11
rect:221 2 142 52 2
Anchorage1964_08.jpg 0x0
rect:47 436 72 160 1
rect:332 37 120 122 1
rect:58 100 131 106 1
rect:53 273 83 90 1
rect:265 605 132 133 1
rect:321 252 140 87 1
Anchorage1964_09.jpg 0x0
rect:532 42 105 63 8
rect:644 228 1 1 16
rect:502 208 57 88 1
rect:121 41 71 83 8
rect:624 136 112 19 15
rect:18 182 20 10 16
rect:11 18 299 15 15
rect:619 146 81 77 1
rect:398 9 219 13 15
rect:644 8 83 9 16
rect:71 222 62 67 1
rect:12 18 69 13 16
rect:193 177 262 9 15
rect:74 381 93 69 8
rect:653 310 70 58 8
rect:57 140 49 10 16
rect:253 163 71 64 1
rect:452 118 73 30 15
rect:16 178 99 19 15
Anchorage1964_10.jpg 0x0
rect:73 244 384 250 1
rect:168 240 238 98 18
rect:104 472 263 85 18
rect:249 204 96 96 17
Anchorage1964_11.jpg 0x0
rect:180 147 323 18 15
rect:104 514 641 14 14
rect:274 162 205 35 11
rect:559 94 161 82 1
rect:69 333 549 15 14
rect:98 254 362 61 2
rect:165 73 168 127 4
rect:552 8 121 42 1
Anchorage1964_12.jpg 0x0
rect:12 105 502 368 2
rect:150 147 25 134 3
rect:498 93 150 131 11
rect:312 65 44 216 3
rect:552 110 46 158 3
Anchorage1964_13.jpg 0x0
rect:394 386 138 14 19
rect:419 514 33 146 20
rect:299 597 152 24 2
Anchorage1964_14.jpg 0x0
rect:183 416 43 58 22
rect:62 276 144 30 15
rect:241 597 134 91 23
rect:148 16 94 813 20
rect:17 478 35 42 22
rect:401 197 211 74 15
rect:53 568 60 59 22
rect:279 12 52 203 11
rect:10 596 172 62 11
rect:217 277 60 64 21
rect:522 6 76 150 11
rect:126 741 29 47 22
Anchorage1964_15.jpg 0x0
rect:303 310 79 37 24
rect:239 334 180 68 2
rect:295 246 117 39 11
rect:490 9 70 82 4
rect:204 156 47 73 25
rect:300 11 69 81 4
rect:191 173 213 49 15
rect:248 63 71 432 20
rect:220 174 40 80 11
Anchorage1964_16.jpg 0x0
rect:258 249 351 171 11
rect:472 212 163 218 2
rect:82 386 104 129 11
rect:14 224 75 95 2
rect:13 159 165 167 2
rect:257 90 210 164 2
Anchorage1964_17.jpg 0x0
rect:9 164 604 281 10
rect:214 54 217 147 9
rect:13 84 341 124 9
Anchorage1964_18.jpg 0x0
rect:254 333 35 43 11
rect:512 204 128 94 4
rect:410 228 358 37 15
rect:130 278 15 59 11
rect:191 146 90 118 4
rect:525 145 113 100 4
rect:651 261 45 19 2
rect:100 357 101 40 11
rect:437 331 77 16 2
rect:313 274 107 26 2
Anchorage1964_19.jpg 0x0
rect:316 294 40 71 26
rect:427 171 8 16 26
rect:757 172 6 15 26
rect:491 190 6 7 26
rect:23 185 34 132 27
rect:244 105 44 50 26
rect:298 173 17 38 26
rect:295 69 55 108 29
rect:352 106 24 34 27
rect:5 216 85 160 26
rect:504 105 22 26 26
rect:445 201 22 42 26
rect:645 163 34 42 28
rect:414 118 22 49 29
rect:492 108 43 62 29
rect:382 118 40 28 26
rect:394 192 44 38 28
rect:349 243 10 17 26
Anchorage1964_20.jpg 0x0
rect:247 540 87 125 26
rect:163 105 63 41 27
rect:166 92 121 150 29
rect:224 66 101 55 26
rect:521 451 34 102 26
Anchorage1964_21.jpg 0x0
rect:38 233 37 39 26
rect:124 215 601 115 30
rect:2 117 46 29 26
rect:-5 80 72 205 29
Bingol2003_01.jpg 0x0
rect:34 335 65 64 33
rect:617 408 35 69 34
rect:564 119 94 94 6
rect:917 389 109 65 33
rect:625 82 176 155 31
rect:427 510 77 76 6
rect:721 396 84 30 33
rect:612 180 41 49 6
rect:517 150 64 121 34
rect:462 561 207 94 6
rect:656 54 64 50 6
rect:570 204 128 72 33
rect:2 333 952 239 10
rect:119 179 60 68 33
rect:780 268 88 55 6
rect:533 308 47 264 32
rect:694 268 175 134 31
rect:302 62 81 27 6
rect:207 183 93 50 33
Bingol2003_02.jpg 0x0
rect:414 406 127 79 26
rect:105 449 202 183 32
rect:115 92 524 217 34
rect:245 242 73 403 32
rect:622 234 297 113 35
rect:704 69 117 54 36
rect:319 300 95 86 6
rect:206 290 532 540 31
Bingol2003_03.jpg 0x0
rect:544 -8 202 209 4
rect:544 158 215 78 11
rect:63 31 114 25 2
rect:466 156 499 140 2
rect:556 212 287 538 4
rect:934 459 248 385 2
rect:124 42 153 156 33
Bingol2003_04.jpg 0x0
rect:213 393 27 63 3
rect:72 785 92 74 2
rect:242 422 147 102 2
rect:201 497 234 132 2
rect:204 508 50 89 3
rect:86 671 31 84 3
rect:69 676 22 81 3
rect:353 181 109 125 4
CanterburyNZSeries2010_01.jpg 0x0
rect:69 138 89 338 12
CanterburyNZSeries2010_02.jpg 0x0
rect:54 9 232 299 37
rect:54 37 146 274 6
CanterburyNZSeries2010_03.jpg 0x0
rect:47 81 396 147 38
CanterburyNZSeries2010_04.jpg 0x0
rect:176 482 101 208 41
rect:471 308 20 78 40
rect:218 419 32 74 40
rect:243 296 238 276 39
rect:249 8 109 175 42
rect:289 442 31 44 40
rect:247 356 31 120 40
rect:279 399 63 163 40
CanterburyNZSeries2010_05.jpg 0x0
rect:219 233 103 107 15
rect:241 358 205 438 4
CanterburyNZSeries2010_06.jpg 0x0
rect:84 103 821 651 4
rect:252 232 248 96 2
CanterburyNZSeries2010_08.jpg 0x0
rect:661 101 128 226 43
rect:541 654 25 123 32
rect:642 429 48 146 44
rect:841 490 98 89 44
CanterburyNZSeries2010_09.jpg 0x0
rect:276 97 139 210 45
rect:248 228 133 374 39
CanterburyNZSeries2010_10.jpg 0x0
rect:222 315 211 91 6
rect:389 181 340 143 7
rect:254 349 188 68 46
rect:201 321 398 287 6
CanterburyNZSeries2010_11.jpg 0x0
rect:357 188 374 154 7
rect:286 251 370 225 5
CanterburyNZSeries2010_12.jpg 0x0
rect:67 334 984 250 2
rect:5 315 883 306 47
rect:691 397 165 62 11
rect:226 634 198 61 11
CanterburyNZSeries2010_13.jpg 0x0
rect:408 207 132 415 11
rect:162 14 447 904 12
Caracas1967_01.jpg 0x0
rect:235 173 38 106 48
rect:350 138 100 99 48
rect:282 236 9 56 48
rect:448 52 228 321 48
Caracas1967_02.jpg 0x0
rect:223 258 250 271 51
rect:96 466 38 70 49
rect:281 1 112 215 15
rect:155 430 41 42 50
Caracas1967_03.jpg 0x0
rect:209 370 153 198 34
rect:354 308 47 75 26
rect:11 297 226 96 6
rect:243 474 31 57 27
rect:337 402 41 114 27
rect:342 83 99 85 14
Caracas1967_04.jpg 0x0
rect:135 459 16 113 27
rect:170 470 54 133 26
rect:173 265 187 208 34
Caracas1967_05.jpg 0x0
rect:239 267 107 172 52
rect:107 436 53 290 40
rect:337 230 37 126 40
rect:249 249 52 154 40
rect:289 144 42 223 40
rect:71 240 203 246 52
rect:53 145 411 502 41
rect:39 78 420 502 48
rect:78 227 70 181 40
rect:212 181 58 223 40
Caracas1967_06.jpg 0x0
rect:339 225 70 36 6
rect:421 128 260 238 7
Caracas1967_07.jpg 0x0
rect:164 91 220 219 34
rect:457 259 119 272 34
rect:359 447 99 54 53
rect:507 47 33 238 27
rect:283 137 38 149 27
rect:336 206 87 125 53
rect:455 7 108 246 34
Caracas1967_08.jpg 0x0
rect:148 343 84 75 55
rect:297 224 80 129 54
rect:177 349 80 103 54
Caracas1967_09.jpg 0x0
rect:105 241 69 58 48
rect:425 13 186 177 48
rect:157 118 115 108 48
rect:24 191 57 52 48
Caracas1967_10.jpg 0x0
rect:18 135 433 347 48
rect:32 212 215 421 41
rect:381 226 92 183 40
rect:294 265 50 162 40
Caracas1967_11.jpg 0x0
rect:40 17 429 527 48
rect:62 270 207 456 41
rect:321 13 142 347 41
Caracas1967_12.jpg 0x0
rect:537 213 38 39 34
rect:769 301 18 43 32
rect:253 222 30 54 56
rect:608 462 26 57 32
Caracas1967_13.jpg 0x0
rect:135 397 128 208 55
Caracas1967_14.jpg 0x0
rect:120 137 748 188 57
rect:98 373 262 29 6
Chichi1999_01.jpg 0x0
rect:4 6 932 226 58
rect:423 163 43 219 42
Chichi1999_02.jpg 0x0
rect:6 123 347 173 58
rect:363 102 208 303 59
Chichi1999_03.jpg 0x0
rect:0 121 802 186 58
rect:58 146 46 140 60
Chichi1999_04.jpg 0x0
rect:186 213 93 389 48
rect:234 -15 53 103 48
rect:252 289 36 64 52
Chichi1999_05.jpg 0x0
rect:490 152 47 71 52
rect:356 303 24 37 41
rect:461 144 97 208 48
rect:421 105 56 41 41
Chichi1999_06.jpg 0x0
rect:320 109 48 76 62
rect:241 217 34 70 48
rect:431 237 17 26 52
rect:662 -9 58 85 61
rect:178 21 518 185 10
rect:717 151 31 74 41
Chichi1999_07.jpg 0x0
rect:283 255 38 31 64
rect:134 134 26 50 64
rect:151 167 48 116 48
rect:512 260 48 105 48
rect:67 274 614 128 63
rect:520 291 62 104 48
rect:564 309 13 20 64
Chichi1999_08.jpg 0x0
rect:109 15 482 550 10
Chichi1999_09.jpg 0x0
rect:189 83 141 180 48
rect:244 94 47 72 40
rect:268 96 50 95 40
rect:192 110 118 79 41
Chichi1999_10.jpg 0x0
rect:135 14 386 587 10
Chichi1999_11.jpg 0x0
rect:2 95 197 440 10
rect:138 175 74 68 65
Chichi1999_12.jpg 0x0
rect:10 29 540 482 66
Chichi1999_13.jpg 0x0
rect:35 34 929 389 10
Chichi1999_14.jpg 0x0
rect:233 279 34 65 67
rect:243 296 20 46 67
rect:85 454 41 33 67
rect:468 538 30 41 67
rect:262 371 22 35 39
rect:383 238 26 44 39
rect:123 504 35 35 67
rect:187 181 67 49 67
rect:87 274 37 64 67
rect:322 623 81 78 67
rect:121 236 35 80 67
rect:175 463 21 62 67
rect:297 521 30 39 39
rect:69 475 74 47 67
rect:132 364 27 40 67
rect:71 665 40 47 67
rect:224 426 27 19 39
Chichi1999_15.jpg 0x0
rect:178 36 268 477 41
Chichi1999_16.jpg 0x0
rect:154 149 56 154 32
Chichi1999_17.jpg 0x0
rect:96 394 29 45 32
Chichi1999_18.jpg 0x0
rect:265 211 51 163 70
rect:245 206 37 119 69
rect:296 337 29 120 69
rect:177 233 139 526 68
rect:114 185 25 157 69
rect:157 286 38 123 69
Chichi1999_19.jpg 0x0
rect:167 147 174 338 3
rect:180 15 200 523 2
YogyakartaInd2006_03.jpg 0x0
rect:161 145 67 35 15
rect:250 373 72 20 16
rect:324 163 21 8 16
rect:243 489 198 30 15
rect:243 21 98 2 15
rect:332 75 155 58 15
rect:203 234 341 167 71
rect:312 80 72 29 16
Chichi1999_20.jpg 0x0
rect:213 237 114 363 42
rect:194 423 46 140 41
Chichi1999_21.jpg 0x0
rect:525 6 144 127 57
rect:236 241 94 109 6
rect:259 83 242 195 72
rect:152 355 155 157 37
rect:99 442 189 142 5
rect:335 83 109 119 6
rect:353 31 240 154 37
rect:22 5 242 165 30
Chichi1999_22.jpg 0x0
rect:412 213 14 20 73
rect:193 202 380 132 10
rect:339 270 21 17 73
rect:198 162 16 17 73
Chichi1999_23.jpg 0x0
rect:4 57 624 175 74
rect:292 243 21 27 26
rect:110 282 65 91 73
rect:115 122 24 20 34
rect:377 229 95 116 73
rect:350 220 32 23 27
rect:318 175 53 46 73
rect:226 382 46 73 34
rect:148 163 76 37 73
rect:139 405 54 108 34
Chichi1999_24.jpg 0x0
rect:232 326 1 2 46
rect:186 169 57 60 46
rect:3 301 241 149 74
rect:129 183 99 85 75
rect:224 284 68 62 34
Chichi1999_25.jpg 0x0
rect:231 227 127 180 34
rect:214 426 47 61 26
rect:150 267 184 361 73
Chichi1999_26.jpg 0x0
rect:91 499 137 111 27
rect:208 222 69 128 73
rect:128 416 104 194 73
rect:220 13 45 41 73
rect:129 735 102 78 26
rect:202 322 121 397 76
Chichi1999_27.jpg 0x0
rect:220 162 94 287 32
Chichi1999_28.jpg 0x0
rect:16 59 195 129 6
rect:229 93 121 259 75
rect:189 93 193 258 5
rect:208 336 165 92 77
Chichi1999_29.jpg 0x0
rect:120 190 241 334 48
rect:221 310 53 135 52
rect:179 165 79 141 40
Chichi1999_30.jpg 0x0
rect:29 248 117 176 73
rect:233 121 253 53 52
rect:162 158 131 44 78
rect:237 106 343 274 40
Chichi1999_31.jpg 0x0
rect:208 96 161 230 79
rect:373 89 53 248 48
Chichi1999_32.jpg 0x0
rect:150 8 132 366 80
rect:441 154 63 191 39
rect:233 243 36 120 81
rect:154 79 55 135 81
Chichi1999_33.jpg 0x0
rect:225 75 90 244 32
rect:298 87 76 310 56
rect:99 80 99 321 33
rect:133 107 74 206 32
rect:297 137 49 143 49
rect:121 177 37 150 49
Chichi1999_34.jpg 0x0
rect:116 101 425 377 10
Duzce1999_01.jpg 0x0
rect:158 165 115 99 41
rect:149 66 107 273 39
Duzce1999_02.jpg 0x0
rect:98 70 135 505 41
Duzce1999_03.jpg 0x0
rect:108 89 131 245 42
rect:0 137 76 214 31
rect:243 96 85 241 31
Gediz1970_01.jpg 0x0
rect:151 95 252 424 68
rect:122 365 90 231 69
rect:235 393 72 238 69
Guatemala1976_01.jpg 0x0
rect:516 217 50 54 41
rect:347 177 184 104 48
rect:47 222 78 44 52
rect:73 200 34 37 41
rect:35 159 109 112 48
rect:19 159 631 120 82
Guatemala1976_02.jpg 0x0
rect:241 60 299 199 48
rect:262 54 94 123 40
Guatemala1976_03.jpg 0x0
rect:21 66 913 284 75
Guatemala1976_04.jpg 0x0
rect:346 317 115 246 4
rect:509 176 104 239 4
rect:36 66 515 232 30
rect:96 21 405 98 30
Guatemala1976_05.jpg 0x0
rect:165 135 298 129 41
rect:215 159 384 136 40
rect:145 93 359 384 48
Guatemala1976_06.jpg 0x0
rect:114 95 280 463 39
Guatemala1976_07.jpg 0x0
rect:24 209 305 370 10
rect:247 607 147 86 83
rect:29 292 79 65 6
Guatemala1976_08.jpg 0x0
rect:322 78 160 247 40
rect:177 50 238 279 41
rect:155 36 272 491 48
Guatemala1976_09.jpg 0x0
rect:158 251 46 33 84
rect:91 209 40 18 84
rect:229 259 51 51 85
rect:659 266 55 49 85
rect:653 371 63 69 84
rect:393 293 71 31 85
rect:105 306 35 26 85
rect:465 272 39 74 84
Guatemala1976_10.jpg 0x0
rect:334 441 46 90 87
rect:278 167 259 237 86
rect:199 157 158 127 87
Guatemala1976_11.jpg 0x0
rect:189 312 143 266 34
GujaratIndia2001_01.jpg 0x0
rect:216 519 58 67 11
rect:87 425 79 27 2
rect:187 427 291 102 2
rect:29 278 221 155 4
Haiti2010_01.jpg 0x0
rect:241 159 141 442 41
rect:398 321 223 160 4
rect:309 363 24 107 40
rect:110 44 90 118 7
rect:373 175 83 128 4
Haiti2010_02.jpg 0x0
rect:328 28 194 63 14
rect:37 109 627 157 88
Haiti2010_03.jpg 0x0
rect:296 481 244 195 89
rect:263 1 55 445 32
rect:302 675 84 80 49
rect:240 348 207 219 32
Haiti2010_04.jpg 0x0
rect:288 41 291 229 34
rect:146 313 299 416 41
rect:2 187 187 142 6
Haiti2010_05.jpg 0x0
rect:344 201 25 86 40
rect:190 188 197 335 90
rect:279 328 27 69 40
rect:255 240 150 102 52
Haiti2010_06.jpg 0x0
rect:502 165 498 753 91
rect:591 195 55 110 34
rect:435 167 70 235 32
rect:364 158 75 51 6
rect:257 262 202 379 91
rect:382 174 186 464 33
rect:179 362 29 48 34
ImperialValley1979_01.jpg 0x0
rect:695 326 20 13 49
rect:462 365 40 63 32
rect:415 302 39 27 49
rect:333 302 58 79 50
rect:10 336 83 93 49
rect:421 230 37 42 32
rect:12 213 118 159 32
rect:479 318 35 51 50
rect:387 405 33 27 49
rect:44 434 106 122 50
rect:568 356 35 43 32
ImperialValley1979_02.jpg 0x0
rect:479 160 71 212 50
rect:161 97 83 251 50
rect:169 230 266 67 92
rect:297 204 139 49 49
rect:255 195 37 125 50
rect:263 82 157 202 32
ImperialValley1979_03.jpg 0x0
rect:268 430 69 167 50
rect:131 265 224 228 32
rect:117 257 74 167 50
rect:192 161 216 191 32
rect:378 298 78 190 50
rect:89 371 289 39 92
rect:80 375 337 31 92
Izmit1999_01.jpg 0x0
rect:295 224 39 122 27
rect:363 326 59 53 26
rect:238 67 430 385 34
rect:174 130 51 195 27
rect:250 108 48 170 27
Izmit1999_02.jpg 0x0
rect:29 141 477 251 10
Izmit1999_03.jpg 0x0
rect:583 107 60 263 50
rect:310 87 39 184 50
rect:250 49 295 401 32
rect:311 104 32 257 50
rect:108 47 440 407 93
rect:168 247 390 47 92
rect:496 119 52 218 50
rect:147 95 61 379 50
Izmit1999_04.jpg 0x0
rect:236 274 109 78 41
rect:344 78 60 57 41
rect:286 52 111 108 48
rect:45 387 65 95 41
rect:165 260 127 75 88
rect:60 549 45 71 42
rect:99 575 217 148 88
rect:41 470 47 64 34
rect:365 302 16 45 40
rect:490 373 23 53 40
Izmit1999_05.jpg 0x0
rect:94 25 500 458 10
Izmit1999_06.jpg 0x0
rect:229 255 46 199 50
rect:141 284 185 102 49
rect:97 203 83 127 50
rect:225 310 41 169 50
rect:140 129 202 516 32
rect:170 151 63 286 50
Izmit1999_07.jpg 0x0
rect:364 45 159 41 6
rect:23 99 443 748 2
rect:220 229 63 110 3
rect:346 225 38 121 3
rect:146 376 38 138 3
rect:278 328 108 461 4
rect:347 127 82 91 3
Izmit1999_08.jpg 0x0
rect:618 78 83 69 41
rect:220 301 144 114 88
rect:157 137 79 76 41
rect:494 80 50 38 52
rect:477 7 101 71 45
rect:125 361 85 101 45
rect:155 25 102 110 34
Izmit1999_09.jpg 0x0
rect:63 152 31 70 41
rect:723 290 57 85 94
rect:360 226 86 62 41
rect:244 248 79 78 94
rect:217 248 31 32 41
rect:709 228 59 65 41
Izmit1999_10.jpg 0x0
rect:96 188 419 483 41
rect:101 231 309 73 78
rect:181 192 62 130 40
rect:150 315 160 47 78
rect:44 181 296 45 78
rect:170 280 108 260 40
rect:374 661 78 31 78
rect:63 190 91 192 40
rect:258 375 74 112 40
rect:251 163 156 101 40
rect:219 466 51 96 40
Izmit1999_11.jpg 0x0
rect:340 354 80 180 40
rect:162 180 149 230 41
rect:112 217 89 158 40
rect:256 247 93 208 40
rect:255 569 137 103 41
Izmit1999_12.jpg 0x0
rect:312 28 64 58 34
rect:427 377 92 91 41
rect:119 211 107 45 88
rect:350 342 67 143 52
rect:45 189 44 72 94
rect:1 282 26 33 41
rect:70 225 69 64 52
rect:232 170 54 32 6
rect:110 71 43 24 6
rect:312 362 91 115 94
rect:322 196 51 61 41
rect:370 158 160 238 91
rect:348 109 49 107 41
rect:398 117 47 69 45
rect:439 174 53 39 7
rect:88 332 29 51 40
rect:15 86 44 26 6
rect:445 213 32 115 42
Izmit1999_13.jpg 0x0
rect:181 187 39 79 41
rect:127 317 53 44 52
rect:145 216 83 130 94
rect:235 110 85 75 41
rect:130 279 33 132 41
rect:115 114 45 37 6
rect:366 131 104 232 41
rect:4 84 93 161 42
rect:304 87 170 291 48
Izmit1999_14.jpg 0x0
rect:49 186 92 69 34
rect:474 257 92 46 34
rect:395 95 72 67 34
rect:496 281 50 30 34
rect:425 331 40 20 34
rect:285 61 69 53 95
rect:383 6 113 81 35
rect:276 381 38 37 34
rect:347 112 73 92 35
Izmit1999_15.jpg 0x0
rect:122 223 237 332 42
Izmit1999_16.jpg 0x0
rect:253 117 47 95 40
rect:121 66 481 519 33
rect:169 78 264 267 39
rect:173 136 211 170 41
Izmit1999_17.jpg 0x0
rect:117 103 206 258 41
Izmit1999_18.jpg 0x0
rect:172 194 117 115 41
rect:196 120 175 358 39
Izmit1999_19.jpg 0x0
rect:552 136 28 69 50
rect:263 142 286 280 32
rect:182 71 255 270 96
rect:391 196 19 69 50
Kobe1995_01.jpg 0x0
rect:33 186 974 107 63
Kobe1995_02.jpg 0x0
rect:2 42 653 568 68
Kobe1995_03.jpg 0x0
rect:40 45 340 680 10
Kobe1995_04.jpg 0x0
rect:291 392 66 59 41
Kobe1995_05.jpg 0x0
rect:139 160 165 573 52
rect:364 176 155 329 40
rect:120 697 251 159 78
rect:43 306 535 78 78
rect:4 161 131 697 40
Kobe1995_06.jpg 0x0
rect:147 418 222 416 42
rect:68 127 445 611 41
Kobe1995_07.jpg 0x0
rect:330 479 45 28 39
rect:84 254 45 37 39
rect:257 486 33 42 39
rect:292 268 45 35 39
rect:254 161 40 55 39
rect:129 341 32 48 39
rect:326 198 39 37 39
rect:352 211 34 23 39
rect:321 105 34 44 39
rect:219 118 36 32 39
rect:407 93 35 25 39
rect:362 128 39 37 39
rect:408 343 38 55 39
rect:210 214 42 29 39
rect:215 136 31 35 39
rect:237 550 53 37 39
rect:174 209 28 61 39
rect:352 244 32 43 39
rect:204 369 34 38 39
rect:450 245 24 39 39
rect:168 429 33 44 39
rect:55 181 27 59 39
rect:454 189 38 48 39
rect:504 368 34 27 39
rect:46 394 55 26 39
rect:295 389 32 37 39
Kobe1995_08.jpg 0x0
rect:213 53 417 261 97
Kobe1995_09.jpg 0x0
rect:103 665 59 63 88
rect:100 372 77 81 88
rect:253 413 174 65 97
rect:101 551 67 84 88
SanSalvador_1986_01.jpg 0x0
rect:54 3 145 204 68
rect:251 127 134 153 41
SanSalvador_1986_02.jpg 0x0
rect:539 138 34 35 41
rect:625 322 45 34 41
rect:143 278 35 37 41
rect:608 236 40 58 42
rect:305 105 15 27 41
rect:142 221 28 37 41
rect:292 149 44 45 41
rect:236 302 30 41 41
rect:113 355 25 54 41
SikkimIndia2001_01.jpg 0x0
rect:262 152 137 149 34
SikkimIndia2001_02.jpg 0x0
rect:13 6 297 84 16
rect:246 284 108 44 16
rect:-11 2 379 94 33
rect:405 143 92 27 16
rect:156 88 173 308 33
rect:408 76 81 175 33
rect:347 276 89 20 16
rect:9 183 63 52 54
SikkimIndia2001_03.jpg 0x0
rect:172 9 237 447 98
rect:174 69 61 253 69
rect:254 260 86 172 70
SikkimIndia2001_04.jpg 0x0
rect:3 24 184 326 99
rect:306 163 122 171 34
rect:315 229 271 108 99
SumatraInd2009_01.jpg 0x0
rect:357 20 47 214 81
SumatraInd2009_02.jpg 0x0
rect:216 81 149 214 41
WhittierNarrows1987_01.jpg 0x0
rect:15 24 885 345 10
WhittierNarrows1987_02.jpg 0x0
rect:169 339 139 343 41
WhittierNarrows1987_03.jpg 0x0
rect:352 163 203 350 32
WhittierNarrows1987_04.jpg 0x0
rect:274 17 209 122 100
rect:239 7 342 93 6
rect:163 43 116 237 41
YogyakartaInd2006_01.jpg 0x0
rect:327 141 196 77 49
rect:228 -25 482 408 29
rect:169 48 303 274 32
YogyakartaInd2006_02.jpg 0x0
rect:326 96 64 156 69
rect:452 44 105 373 98
rect:428 103 54 165 70
