Anchorage1964_01.jpg 0x0
rect:96 481 223 239 1
rect:89 7 242 124 1
Anchorage1964_02.jpg 0x0
rect:38 27 191 32 5
rect:256 324 20 55 3
rect:73 26 73 15 6
rect:156 154 80 42 7
rect:476 190 91 54 4
rect:157 77 61 54 4
rect:463 277 19 66 3
rect:545 79 115 104 8
rect:497 308 25 71 3
rect:160 198 258 125 2
rect:285 262 19 71 3
rect:124 291 20 16 6
rect:414 339 11 48 3
rect:416 279 16 58 3
rect:349 290 30 63 3
rect:249 284 29 70 3
rect:158 257 58 16 6
rect:262 28 255 110 4
rect:24 221 128 50 5
Anchorage1964_03.jpg 0x0
rect:0 235 579 66 10
rect:2 168 264 99 9
rect:260 112 354 200 9
Anchorage1964_04.jpg 0x0
rect:187 504 25 14 5
rect:389 394 42 20 5
rect:117 349 31 15 5
rect:287 72 27 23 5
rect:232 147 23 25 1
rect:168 236 20 18 5
rect:121 305 28 20 5
rect:450 189 33 22 5
rect:241 230 20 20 5
rect:302 355 14 29 1
rect:243 332 27 22 5
rect:190 400 15 23 1
rect:236 60 39 17 5
rect:329 173 19 19 5
rect:354 484 24 20 1
rect:129 243 39 19 5
rect:186 127 36 28 5
rect:285 161 34 18 5
rect:178 586 27 15 5
rect:188 328 73 22 2
rect:307 483 34 15 5
rect:253 474 14 30 1
rect:205 326 8 1 1
rect:268 421 22 34 1
rect:289 365 10 18 1
rect:180 49 34 16 5
rect:368 177 13 27 1
rect:418 356 41 19 5
rect:150 86 29 19 5
rect:376 31 23 16 5
rect:201 190 15 22 1
rect:133 86 34 16 5
rect:277 423 28 21 5
rect:387 104 38 12 5
rect:180 25 22 14 5
rect:157 151 24 21 5
rect:229 308 29 22 8
rect:207 164 17 19 1
rect:329 277 20 30 1
Anchorage1964_05.jpg 0x0
rect:451 307 45 22 6
rect:369 1 42 56 1
rect:373 189 51 55 1
rect:184 48 77 36 6
rect:75 367 25 41 1
rect:439 336 45 15 6
rect:429 21 43 58 1
rect:435 234 39 72 1
rect:34 425 17 57 1
rect:33 413 29 52 1
rect:258 58 86 40 5
rect:286 197 158 85 2
rect:796 279 63 37 5
rect:54 171 17 50 1
rect:340 172 29 45 1
rect:607 117 43 47 1
rect:477 334 49 25 5
rect:42 157 24 40 1
rect:456 59 51 67 1
rect:214 161 107 46 6
rect:545 502 50 82 8
rect:109 89 16 42 1
rect:504 310 57 53 8
rect:66 60 27 51 1
rect:109 31 20 37 1
rect:85 275 18 49 1
rect:149 166 117 27 5
rect:270 179 44 20 11
rect:298 220 24 22 11
Anchorage1964_06.jpg 0x0
rect:210 224 82 70 11
rect:95 79 227 357 12
rect:217 171 105 370 3
Anchorage1964_07.jpg 0x0
rect:445 197 78 98 11
rect:6 286 429 33 14
rect:298 110 52 100 13
rect:7 78 902 512 2
rect:204 97 54 153 3
rect:148 2 91 79 2
rect:20 184 240 33 11
rect:273 248 415 182 2
rect:293 158 137 135 11
Anchorage1964_08.jpg 0x0
rect:54 83 123 96 1
rect:300 449 135 91 1
rect:55 395 101 90 1
rect:271 261 116 118 1
rect:55 389 98 78 1
rect:273 29 132 119 1
Anchorage1964_09.jpg 0x0
rect:401 111 95 18 15
rect:19 107 18 10 16
rect:344 7 368 13 15
rect:62 195 75 10 16
rect:127 56 71 55 8
rect:121 118 62 74 1
rect:171 121 204 13 15
rect:592 152 71 52 1
rect:573 152 1 1 16
rect:291 133 67 63 1
rect:277 159 44 71 1
rect:754 115 134 24 15
rect:18 17 57 15 16
rect:637 38 71 47 8
rect:474 9 72 11 16
rect:127 283 95 84 8
rect:14 171 71 18 15
rect:514 215 77 89 8
rect:11 13 335 12 15
Anchorage1964_10.jpg 0x0
rect:82 167 248 235 1
rect:207 368 109 147 17
rect:188 169 216 86 18
rect:53 351 244 117 18
Anchorage1964_11.jpg 0x0
rect:266 206 377 20 15
rect:106 198 646 68 2
rect:68 552 543 15 14
rect:599 7 110 36 1
rect:547 165 120 88 1
rect:136 55 214 144 4
rect:96 531 414 17 14
rect:283 289 300 34 11
Anchorage1964_12.jpg 0x0
rect:10 106 736 273 2
rect:525 89 162 138 11
rect:228 191 20 93 3
rect:522 66 48 154 3
rect:290 67 51 281 3
Anchorage1964_13.jpg 0x0
rect:337 465 198 27 2
rect:445 480 116 13 19
rect:514 416 32 113 20
Anchorage1964_14.jpg 0x0
rect:11 504 137 58 11
rect:170 537 52 75 22
rect:435 663 129 63 23
rect:313 12 63 292 11
rect:214 14 130 578 20
rect:414 6 79 139 11
rect:35 677 42 54 22
rect:127 679 51 79 22
rect:321 283 129 48 15
rect:27 591 22 60 22
rect:90 315 174 25 15
rect:151 360 63 82 21
Anchorage1964_15.jpg 0x0
rect:307 124 54 102 25
rect:197 250 133 37 15
rect:347 223 89 38 24
rect:284 424 266 68 2
rect:193 77 61 356 20
rect:494 302 131 58 11
rect:206 138 36 83 11
rect:432 10 96 76 4
rect:223 9 57 45 4
Anchorage1964_16.jpg 0x0
rect:18 165 157 211 2
rect:18 425 54 109 2
rect:149 62 319 145 2
rect:644 267 134 159 2
rect:147 158 330 252 11
rect:99 241 92 89 11
Anchorage1964_17.jpg 0x0
rect:291 57 162 172 9
rect:9 214 573 234 10
rect:10 108 294 142 9
Anchorage1964_18.jpg 0x0
rect:626 321 44 19 2
rect:329 341 44 54 11
rect:334 352 412 35 15
rect:492 366 77 22 2
rect:400 185 73 62 4
rect:137 197 80 90 4
rect:800 205 51 20 2
rect:703 146 121 67 4
rect:99 297 90 44 11
rect:151 215 23 38 11
Anchorage1964_19.jpg 0x0
rect:330 142 10 28 26
rect:524 174 20 53 29
rect:677 135 34 43 28
rect:268 111 26 24 26
rect:338 77 29 30 27
rect:608 118 9 9 26
rect:604 180 7 19 26
rect:358 303 44 55 26
rect:229 55 69 110 29
rect:293 221 25 49 26
rect:22 357 37 82 27
rect:454 171 19 28 26
rect:719 164 7 13 26
rect:652 211 31 31 28
rect:222 112 69 44 26
rect:6 172 61 133 26
rect:295 212 19 27 26
rect:304 120 34 87 29
Anchorage1964_20.jpg 0x0
rect:231 346 74 158 26
rect:184 62 115 111 29
rect:241 94 82 71 26
rect:284 84 77 48 27
rect:523 531 31 60 26
Anchorage1964_21.jpg 0x0
rect:58 229 25 32 26
rect:2 65 52 35 26
rect:-7 54 104 124 29
rect:182 153 486 139 30
Bingol2003_01.jpg 0x0
rect:420 164 120 89 6
rect:32 264 92 61 33
rect:649 435 52 75 34
rect:541 233 43 175 32
rect:192 194 59 74 33
rect:277 191 54 56 33
rect:2 369 1161 241 10
rect:687 305 49 48 6
rect:545 246 68 112 34
rect:926 223 109 69 33
rect:367 311 94 93 6
rect:258 101 74 30 6
rect:681 310 76 78 6
rect:800 442 70 70 33
rect:486 237 134 122 31
rect:977 572 64 40 33
rect:425 411 171 94 6
rect:362 110 174 211 31
rect:633 78 68 80 6
Bingol2003_02.jpg 0x0
rect:143 85 374 144 34
rect:231 272 85 386 32
rect:271 285 81 61 6
rect:602 366 95 124 26
rect:487 188 349 164 35
rect:1003 71 155 57 36
rect:187 316 736 638 31
rect:113 578 112 278 32
Bingol2003_03.jpg 0x0
rect:532 277 178 60 11
rect:799 -7 240 149 4
rect:731 596 281 263 2
rect:686 259 196 746 4
rect:380 182 381 136 2
rect:127 50 125 143 33
rect:116 20 152 42 2
Bingol2003_04.jpg 0x0
rect:288 295 29 88 3
rect:95 521 34 96 3
rect:177 668 40 67 3
rect:446 551 119 62 2
rect:314 309 185 128 4
rect:93 806 26 83 3
rect:52 740 69 101 2
rect:135 327 263 212 2
CanterburyNZSeries2010_01.jpg 0x0
rect:70 90 109 219 12
CanterburyNZSeries2010_02.jpg 0x0
rect:30 9 148 315 37
rect:44 39 149 159 6
CanterburyNZSeries2010_03.jpg 0x0
rect:32 91 424 132 38
CanterburyNZSeries2010_04.jpg 0x0
rect:247 499 112 226 41
rect:295 307 34 112 40
rect:245 405 22 58 40
rect:247 279 20 44 40
rect:267 345 23 116 40
rect:194 11 85 193 42
rect:264 364 148 399 39
rect:375 541 29 36 40
CanterburyNZSeries2010_05.jpg 0x0
rect:400 397 269 465 4
rect:319 247 154 95 15
CanterburyNZSeries2010_06.jpg 0x0
rect:247 310 189 149 2
rect:87 118 730 711 4
CanterburyNZSeries2010_08.jpg 0x0
rect:552 641 41 126 32
rect:1029 468 52 121 44
rect:378 180 118 219 43
rect:841 303 113 97 44
CanterburyNZSeries2010_09.jpg 0x0
rect:239 349 162 380 39
rect:201 99 207 205 45
CanterburyNZSeries2010_10.jpg 0x0
rect:199 523 286 96 6
rect:456 182 315 142 7
rect:184 242 283 218 6
rect:372 242 257 101 46
CanterburyNZSeries2010_11.jpg 0x0
rect:228 345 244 265 5
rect:225 204 346 107 7
CanterburyNZSeries2010_12.jpg 0x0
rect:586 552 202 65 11
rect:6 304 693 516 47
rect:60 301 813 294 2
rect:216 656 150 58 11
CanterburyNZSeries2010_13.jpg 0x0
rect:186 16 344 502 12
rect:299 156 99 491 11
Caracas1967_01.jpg 0x0
rect:471 90 185 188 48
rect:285 180 9 66 48
rect:219 196 53 73 48
rect:423 176 65 120 48
Caracas1967_02.jpg 0x0
rect:90 396 38 69 49
rect:199 1 100 171 15
rect:131 285 40 44 50
rect:233 204 232 290 51
Caracas1967_03.jpg 0x0
rect:14 489 264 107 6
rect:306 420 54 93 26
rect:426 413 23 86 27
rect:345 81 74 79 14
rect:192 426 25 71 27
rect:244 266 114 115 34
Caracas1967_04.jpg 0x0
rect:175 431 16 95 27
rect:147 318 51 117 26
rect:93 237 165 163 34
Caracas1967_05.jpg 0x0
rect:49 418 170 227 52
rect:76 372 89 270 40
rect:50 123 405 483 41
rect:132 352 41 276 40
rect:368 177 52 141 40
rect:439 212 33 303 40
rect:222 340 39 190 40
rect:328 254 68 291 40
rect:235 319 178 118 52
rect:30 99 295 662 48
Caracas1967_06.jpg 0x0
rect:275 124 324 269 7
rect:462 226 64 68 6
Caracas1967_07.jpg 0x0
rect:174 129 159 262 34
rect:395 353 83 90 53
rect:456 8 66 346 34
rect:391 312 88 139 53
rect:462 55 25 221 27
rect:222 96 37 270 27
rect:492 186 158 256 34
Caracas1967_08.jpg 0x0
rect:282 281 66 114 55
rect:178 266 64 121 54
rect:318 159 86 92 54
Caracas1967_09.jpg 0x0
rect:123 163 116 66 48
rect:20 221 49 53 48
rect:94 209 76 85 48
rect:359 12 283 133 48
Caracas1967_10.jpg 0x0
rect:322 390 61 179 40
rect:310 173 114 247 40
rect:19 153 344 495 48
rect:42 146 271 360 41
Caracas1967_11.jpg 0x0
rect:316 15 120 190 41
rect:61 18 341 512 48
rect:62 305 210 636 41
Caracas1967_12.jpg 0x0
rect:171 376 27 57 56
rect:379 223 32 40 34
rect:580 466 30 44 32
rect:634 208 28 60 32
Caracas1967_13.jpg 0x0
rect:113 311 136 268 55
Caracas1967_14.jpg 0x0
rect:187 357 342 31 6
rect:97 104 414 268 57
Chichi1999_01.jpg 0x0
rect:4 10 511 165 58
rect:403 190 51 203 42
Chichi1999_02.jpg 0x0
rect:381 124 171 426 59
rect:6 122 422 147 58
Chichi1999_03.jpg 0x0
rect:0 122 680 223 58
rect:105 159 50 109 60
Chichi1999_04.jpg 0x0
rect:158 203 66 427 48
rect:177 -18 62 144 48
rect:218 258 37 47 52
Chichi1999_05.jpg 0x0
rect:454 150 70 205 48
rect:446 304 23 34 41
rect:445 92 55 41 41
rect:358 245 32 70 52
Chichi1999_06.jpg 0x0
rect:352 246 15 40 52
rect:451 182 50 72 41
rect:281 155 48 92 48
rect:163 16 485 190 10
rect:322 99 53 84 62
rect:710 -14 89 65 61
Chichi1999_07.jpg 0x0
rect:139 193 29 46 64
rect:332 260 48 128 48
rect:73 252 775 124 63
rect:766 325 16 16 64
rect:640 256 55 95 48
rect:120 210 57 205 48
rect:532 299 32 44 64
Chichi1999_08.jpg 0x0
rect:88 15 530 477 10
Chichi1999_09.jpg 0x0
rect:228 128 129 101 41
rect:187 104 42 92 40
rect:183 63 239 152 48
rect:263 90 40 101 40
Chichi1999_10.jpg 0x0
rect:204 14 548 482 10
Chichi1999_11.jpg 0x0
rect:124 246 84 82 65
rect:2 154 185 425 10
Chichi1999_12.jpg 0x0
rect:10 28 543 721 66
Chichi1999_13.jpg 0x0
rect:35 56 576 385 10
Chichi1999_14.jpg 0x0
rect:273 445 49 37 67
rect:187 252 15 48 67
rect:132 245 100 35 67
rect:137 325 24 54 67
rect:152 194 36 64 67
rect:110 496 50 60 67
rect:213 258 43 38 39
rect:107 379 42 87 67
rect:161 337 30 33 67
rect:84 616 46 52 67
rect:343 597 78 75 67
rect:281 542 25 50 39
rect:75 567 28 45 67
rect:149 219 44 67 67
rect:188 591 31 38 67
rect:311 453 29 26 39
rect:293 384 19 43 39
Chichi1999_15.jpg 0x0
rect:277 27 271 446 41
Chichi1999_16.jpg 0x0
rect:178 118 49 156 32
Chichi1999_17.jpg 0x0
rect:159 437 18 52 32
Chichi1999_18.jpg 0x0
rect:199 417 57 118 70
rect:291 382 25 154 69
rect:212 191 41 112 69
rect:190 306 50 117 69
rect:155 330 28 124 69
rect:207 153 195 599 68
Chichi1999_19.jpg 0x0
rect:158 15 225 411 2
rect:232 143 228 231 3
YogyakartaInd2006_03.jpg 0x0
rect:196 176 21 6 16
rect:323 21 91 2 15
rect:391 74 60 30 16
rect:365 62 135 70 15
rect:361 373 48 37 16
rect:216 218 400 151 71
rect:221 397 204 39 15
rect:182 156 53 29 15
Chichi1999_20.jpg 0x0
rect:182 245 78 288 42
rect:277 283 57 165 41
Chichi1999_21.jpg 0x0
rect:22 5 283 142 30
rect:235 281 102 119 6
rect:75 394 171 86 5
rect:291 8 170 137 57
rect:470 129 116 97 6
rect:477 32 251 210 37
rect:137 133 261 308 72
rect:133 270 165 115 37
Chichi1999_22.jpg 0x0
rect:247 149 311 203 10
rect:279 163 18 16 73
rect:463 270 16 20 73
rect:254 267 10 24 73
Chichi1999_23.jpg 0x0
rect:357 223 44 80 73
rect:157 234 25 25 34
rect:4 71 529 177 74
rect:119 166 49 43 73
rect:81 350 43 91 34
rect:258 187 30 33 26
rect:147 226 52 96 73
rect:266 362 76 99 73
rect:219 144 34 30 27
rect:216 240 36 78 34
Chichi1999_24.jpg 0x0
rect:280 196 38 79 46
rect:397 422 1 2 46
rect:3 376 323 155 74
rect:218 183 177 75 75
rect:199 301 56 61 34
Chichi1999_25.jpg 0x0
rect:219 301 132 270 34
rect:168 382 58 73 26
rect:123 264 206 330 73
Chichi1999_26.jpg 0x0
rect:193 198 41 75 73
rect:262 273 149 401 76
rect:115 707 78 55 26
rect:107 567 137 127 27
rect:160 633 126 143 73
rect:305 17 62 31 73
Chichi1999_27.jpg 0x0
rect:228 271 99 324 32
Chichi1999_28.jpg 0x0
rect:244 233 292 141 77
rect:22 66 361 100 6
rect:224 118 192 289 75
rect:191 102 170 252 5
Chichi1999_29.jpg 0x0
rect:184 184 152 297 48
rect:152 261 100 123 52
rect:299 171 119 153 40
Chichi1999_30.jpg 0x0
rect:23 294 115 158 73
rect:181 78 310 384 40
rect:182 131 140 51 52
rect:232 238 206 45 78
Chichi1999_31.jpg 0x0
rect:590 92 45 168 48
rect:158 73 146 346 79
Chichi1999_32.jpg 0x0
rect:170 54 34 198 81
rect:666 125 38 182 39
rect:228 281 33 162 81
rect:138 9 70 444 80
Chichi1999_33.jpg 0x0
rect:242 118 132 306 32
rect:282 86 124 273 56
rect:68 63 151 478 33
rect:160 111 102 304 32
rect:369 104 34 107 49
rect:117 113 59 90 49
Chichi1999_34.jpg 0x0
rect:126 134 377 434 10
Duzce1999_01.jpg 0x0
rect:147 190 86 154 41
rect:160 78 110 373 39
Duzce1999_02.jpg 0x0
rect:85 40 151 355 41
Duzce1999_03.jpg 0x0
rect:0 171 94 161 31
rect:287 156 112 358 31
rect:118 116 99 193 42
Gediz1970_01.jpg 0x0
rect:200 400 77 248 69
rect:143 416 90 270 69
rect:147 108 210 491 68
Guatemala1976_01.jpg 0x0
rect:24 137 713 138 82
rect:41 125 54 34 41
rect:42 261 52 52 52
rect:40 171 96 128 48
rect:435 116 71 77 41
rect:629 188 109 130 48
Guatemala1976_02.jpg 0x0
rect:227 75 274 245 48
rect:270 61 84 97 40
Guatemala1976_03.jpg 0x0
rect:12 70 680 426 75
Guatemala1976_04.jpg 0x0
rect:47 91 333 250 30
rect:522 343 70 198 4
rect:144 25 325 80 30
rect:652 170 151 372 4
Guatemala1976_05.jpg 0x0
rect:173 171 259 160 40
rect:158 68 311 430 48
rect:215 161 355 156 41
Guatemala1976_06.jpg 0x0
rect:122 104 283 478 39
Guatemala1976_07.jpg 0x0
rect:24 338 82 72 6
rect:24 314 499 267 10
rect:307 481 91 101 83
Guatemala1976_08.jpg 0x0
rect:134 28 481 427 48
rect:380 54 159 325 40
rect:171 42 411 270 41
Guatemala1976_09.jpg 0x0
rect:628 322 69 37 85
rect:593 400 41 71 84
rect:361 375 67 78 84
rect:110 292 33 19 84
rect:144 295 43 29 84
rect:111 252 40 34 85
rect:231 231 58 61 85
rect:379 344 85 26 85
Guatemala1976_10.jpg 0x0
rect:198 168 156 134 87
rect:284 320 39 109 87
rect:176 164 321 272 86
Guatemala1976_11.jpg 0x0
rect:194 179 145 237 34
GujaratIndia2001_01.jpg 0x0
rect:352 379 68 60 11
rect:23 504 187 210 4
rect:211 570 192 102 2
rect:71 476 47 35 2
Haiti2010_01.jpg 0x0
rect:138 39 107 132 7
rect:274 300 25 157 40
rect:583 503 224 174 4
rect:243 103 157 311 41
rect:667 180 101 150 4
Haiti2010_02.jpg 0x0
rect:53 79 322 251 88
rect:284 29 188 59 14
Haiti2010_03.jpg 0x0
rect:184 760 176 239 89
rect:177 433 75 45 49
rect:406 1 87 515 32
rect:199 303 175 209 32
Haiti2010_04.jpg 0x0
rect:2 156 201 177 6
rect:203 45 253 221 34
rect:160 253 230 641 41
Haiti2010_05.jpg 0x0
rect:254 131 297 443 90
rect:208 249 24 96 40
rect:401 281 26 74 40
rect:260 203 174 103 52
Haiti2010_06.jpg 0x0
rect:214 232 308 482 91
rect:421 311 63 299 32
rect:309 131 154 494 33
rect:275 356 31 40 34
rect:523 204 88 44 6
rect:447 178 61 93 34
rect:682 116 774 921 91
ImperialValley1979_01.jpg 0x0
rect:359 379 40 51 50
rect:383 278 24 43 32
rect:14 372 94 69 49
rect:600 390 23 17 49
rect:39 282 97 99 50
rect:434 448 56 23 49
rect:14 344 139 138 32
rect:388 239 22 26 49
rect:355 253 50 51 32
rect:323 336 45 45 32
rect:395 249 29 47 50
ImperialValley1979_02.jpg 0x0
rect:140 139 76 153 50
rect:331 224 50 163 50
rect:257 276 126 63 49
rect:211 85 185 186 32
rect:429 132 80 203 50
rect:134 242 238 59 92
ImperialValley1979_03.jpg 0x0
rect:104 331 70 173 50
rect:121 197 286 227 32
rect:92 393 234 45 92
rect:367 317 48 244 50
rect:172 181 152 146 32
rect:258 304 85 129 50
rect:144 465 292 39 92
Izmit1999_01.jpg 0x0
rect:607 230 61 65 26
rect:248 69 428 366 34
rect:325 71 56 150 27
rect:237 91 41 138 27
rect:286 237 41 79 27
Izmit1999_02.jpg 0x0
rect:35 111 724 330 10
Izmit1999_03.jpg 0x0
rect:215 46 329 443 32
rect:211 252 251 44 92
rect:516 97 44 286 50
rect:157 122 73 317 50
rect:221 100 35 258 50
rect:499 106 33 174 50
rect:110 40 506 296 93
rect:330 100 47 353 50
Izmit1999_04.jpg 0x0
rect:190 189 151 90 88
rect:89 440 243 144 88
rect:50 570 32 77 42
rect:462 427 21 50 40
rect:65 477 56 78 41
rect:373 92 103 92 41
rect:221 64 108 82 48
rect:67 455 47 59 34
rect:402 337 17 82 40
rect:251 449 89 93 41
Izmit1999_05.jpg 0x0
rect:82 24 465 412 10
Izmit1999_06.jpg 0x0
rect:110 193 166 304 32
rect:285 339 58 156 50
rect:118 202 57 186 50
rect:137 228 77 241 50
rect:188 323 189 87 49
rect:250 296 40 121 50
Izmit1999_07.jpg 0x0
rect:396 51 126 52 6
rect:448 217 107 370 4
rect:151 201 62 104 3
rect:19 138 384 688 2
rect:473 85 90 83 3
rect:234 204 39 141 3
rect:147 250 46 108 3
Izmit1999_08.jpg 0x0
rect:172 20 67 131 34
rect:399 108 63 58 41
rect:104 498 86 115 45
rect:527 6 118 70 45
rect:175 116 57 100 41
rect:214 243 244 124 88
rect:395 77 59 26 52
Izmit1999_09.jpg 0x0
rect:257 203 54 42 41
rect:394 271 87 85 41
rect:730 273 62 79 41
rect:342 252 107 125 94
rect:46 274 37 62 41
rect:480 293 64 65 94
Izmit1999_10.jpg 0x0
rect:323 366 108 132 40
rect:57 145 73 209 40
rect:256 327 53 71 40
rect:230 655 89 29 78
rect:144 394 201 63 78
rect:213 113 57 125 40
rect:180 219 102 289 40
rect:104 171 236 649 41
rect:283 127 152 152 40
rect:247 535 151 41 78
rect:46 180 353 47 78
Izmit1999_11.jpg 0x0
rect:142 467 101 113 41
rect:208 389 77 142 40
rect:185 159 50 196 40
rect:228 341 95 167 40
rect:242 217 151 195 41
Izmit1999_12.jpg 0x0
rect:439 146 31 78 42
rect:440 220 258 180 91
rect:146 280 72 85 88
rect:44 291 62 77 52
rect:393 120 48 23 6
rect:386 340 50 124 52
rect:403 304 78 157 94
rect:72 64 35 31 6
rect:1 256 36 32 41
rect:344 169 67 60 7
rect:530 237 61 45 41
rect:546 72 32 83 41
rect:109 219 23 48 40
rect:425 373 76 155 41
rect:58 326 76 85 94
rect:336 33 85 58 34
rect:12 75 35 29 6
rect:231 94 40 80 45
Izmit1999_13.jpg 0x0
rect:391 142 80 164 41
rect:118 116 42 38 6
rect:220 104 206 232 48
rect:170 299 52 77 52
rect:157 271 42 113 41
rect:113 249 36 129 41
rect:141 173 89 180 94
rect:5 81 109 223 42
rect:198 117 59 113 41
Izmit1999_14.jpg 0x0
rect:62 167 94 74 34
rect:441 44 55 43 95
rect:367 258 51 42 34
rect:300 183 116 96 35
rect:344 55 84 60 34
rect:335 269 42 23 34
rect:356 328 44 43 34
rect:302 7 206 73 35
rect:311 342 52 50 34
Izmit1999_15.jpg 0x0
rect:115 134 194 333 42
Izmit1999_16.jpg 0x0
rect:105 82 451 433 33
rect:168 85 271 199 39
rect:193 111 28 133 40
rect:146 116 210 192 41
Izmit1999_17.jpg 0x0
rect:124 122 161 273 41
Izmit1999_18.jpg 0x0
rect:149 178 177 282 39
rect:192 153 170 140 41
Izmit1999_19.jpg 0x0
rect:455 180 21 70 50
rect:245 99 236 275 32
rect:620 109 21 104 50
rect:286 73 325 354 96
Kobe1995_01.jpg 0x0
rect:29 115 622 171 63
Kobe1995_02.jpg 0x0
rect:2 69 449 763 68
Kobe1995_03.jpg 0x0
rect:41 59 617 601 10
Kobe1995_04.jpg 0x0
rect:388 319 69 56 41
Kobe1995_05.jpg 0x0
rect:72 664 381 120 78
rect:44 233 531 54 78
rect:228 112 198 507 40
rect:163 135 210 631 52
rect:4 169 170 450 40
Kobe1995_06.jpg 0x0
rect:56 132 408 426 41
rect:163 463 347 271 42
Kobe1995_07.jpg 0x0
rect:500 138 49 36 39
rect:259 411 26 32 39
rect:167 235 52 39 39
rect:166 207 28 48 39
rect:208 407 28 46 39
rect:152 302 36 29 39
rect:466 207 36 58 39
rect:363 476 21 40 39
rect:358 465 38 30 39
rect:267 350 38 28 39
rect:382 170 36 41 39
rect:208 450 29 37 39
rect:43 282 42 21 39
rect:240 148 34 43 39
rect:451 157 51 37 39
rect:141 184 24 52 39
rect:173 137 38 38 39
rect:299 345 32 39 39
rect:54 297 45 45 39
rect:215 364 46 30 39
rect:366 375 55 39 39
rect:275 253 43 45 39
rect:168 278 38 32 39
rect:561 206 33 31 39
rect:252 284 44 40 39
rect:325 268 35 61 39
Kobe1995_08.jpg 0x0
rect:220 48 408 231 97
Kobe1995_09.jpg 0x0
rect:86 569 69 52 88
rect:123 754 82 91 88
rect:146 626 160 80 97
rect:128 383 95 84 88
SanSalvador_1986_01.jpg 0x0
rect:53 3 128 242 68
rect:211 167 116 170 41
SanSalvador_1986_02.jpg 0x0
rect:343 117 15 24 41
rect:672 131 40 38 42
rect:367 280 33 50 41
rect:198 129 30 38 41
rect:295 199 41 50 41
rect:624 185 32 52 41
rect:209 178 31 27 41
rect:208 347 33 52 41
rect:330 289 31 29 41
SikkimIndia2001_01.jpg 0x0
rect:202 144 94 177 34
SikkimIndia2001_02.jpg 0x0
rect:-17 2 353 125 33
rect:10 6 255 77 16
rect:497 104 121 154 33
rect:412 75 100 33 16
rect:8 173 81 49 54
rect:136 84 245 395 33
rect:537 200 92 20 16
rect:322 185 77 50 16
SikkimIndia2001_03.jpg 0x0
rect:192 215 70 188 70
rect:220 115 73 230 69
rect:224 11 196 395 98
SikkimIndia2001_04.jpg 0x0
rect:261 198 108 195 34
rect:3 29 204 184 99
rect:383 242 353 127 99
SumatraInd2009_01.jpg 0x0
rect:218 20 44 393 81
SumatraInd2009_02.jpg 0x0
rect:254 91 211 232 41
WhittierNarrows1987_01.jpg 0x0
rect:15 28 972 390 10
WhittierNarrows1987_02.jpg 0x0
rect:132 312 145 237 41
WhittierNarrows1987_03.jpg 0x0
rect:273 140 178 263 32
WhittierNarrows1987_04.jpg 0x0
rect:229 41 120 281 41
rect:251 8 286 69 6
rect:269 10 211 176 100
YogyakartaInd2006_01.jpg 0x0
rect:218 28 266 329 32
rect:148 -23 437 444 29
rect:368 141 276 58 49
YogyakartaInd2006_02.jpg 0x0
rect:322 72 82 242 70
rect:252 153 48 194 69
rect:244 59 126 505 98
