Anchorage1964_01.jpg 0x0
rect:99 8 216 191 1
rect:68 355 311 311 1
Anchorage1964_02.jpg 0x0
rect:210 34 214 72 4
rect:435 193 35 49 3
rect:131 149 27 15 6
rect:535 347 23 39 3
rect:367 305 25 49 3
rect:646 233 21 38 3
rect:664 58 122 108 8
rect:345 251 33 50 3
rect:96 47 71 15 6
rect:694 269 18 75 3
rect:553 235 98 69 4
rect:41 273 156 43 5
rect:128 178 58 55 7
rect:254 221 28 85 3
rect:154 78 101 72 4
rect:195 208 421 119 2
rect:340 222 28 61 3
rect:40 30 187 35 5
rect:89 253 42 13 6
Anchorage1964_03.jpg 0x0
rect:2 203 202 102 9
rect:0 262 590 47 10
rect:228 72 295 229 9
Anchorage1964_04.jpg 0x0
rect:324 273 29 32 1
rect:175 163 29 18 5
rect:348 213 38 20 5
rect:156 67 24 18 5
rect:262 237 30 16 5
rect:139 501 36 16 5
rect:155 396 38 18 5
rect:332 439 34 25 5
rect:232 580 24 29 1
rect:351 298 36 19 5
rect:357 36 32 22 5
rect:168 156 22 13 5
rect:194 299 12 25 1
rect:336 94 39 16 5
rect:217 154 33 29 5
rect:200 253 23 28 8
rect:415 76 36 19 5
rect:301 110 25 23 5
rect:310 121 16 23 1
rect:436 315 20 26 5
rect:383 340 31 19 5
rect:258 455 19 33 1
rect:215 383 68 21 2
rect:452 161 22 14 5
rect:393 582 24 19 5
rect:115 25 21 15 5
rect:348 277 14 20 1
rect:349 348 7 1 1
rect:200 397 24 16 5
rect:172 260 23 18 5
rect:205 46 26 12 5
rect:170 250 25 22 1
rect:249 149 16 26 1
rect:265 307 22 26 1
rect:291 133 24 26 1
rect:209 230 19 30 1
rect:237 278 27 21 5
rect:177 135 23 16 5
rect:161 257 27 15 5
Anchorage1964_05.jpg 0x0
rect:312 165 165 58 2
rect:183 47 92 33 6
rect:446 197 39 62 1
rect:500 25 27 68 1
rect:385 260 68 62 1
rect:127 106 166 40 6
rect:474 76 47 44 1
rect:133 156 147 27 5
rect:87 132 14 68 1
rect:539 510 53 69 8
rect:389 1 43 43 1
rect:110 263 21 47 1
rect:28 363 20 71 1
rect:487 246 50 22 11
rect:52 402 18 44 1
rect:72 269 21 58 1
rect:41 234 17 48 1
rect:513 367 52 27 5
rect:79 79 23 38 1
rect:291 186 27 17 11
rect:574 172 38 26 6
rect:504 333 43 72 8
rect:341 206 48 56 1
rect:56 166 16 48 1
rect:431 65 43 60 1
rect:724 190 68 25 5
rect:95 30 29 39 1
rect:183 50 122 27 5
rect:442 441 43 15 6
Anchorage1964_06.jpg 0x0
rect:170 303 62 66 11
rect:79 82 249 496 12
rect:124 135 81 256 3
Anchorage1964_07.jpg 0x0
rect:19 231 220 31 11
rect:224 142 38 140 3
rect:205 2 129 81 2
rect:270 85 129 121 11
rect:7 305 306 23 14
rect:346 187 38 133 13
rect:10 60 838 520 2
rect:367 209 278 212 2
rect:327 243 94 61 11
Anchorage1964_08.jpg 0x0
rect:383 660 149 103 1
rect:58 85 175 104 1
rect:63 316 90 99 1
rect:371 35 82 81 1
rect:33 384 93 168 1
rect:274 254 128 152 1
Anchorage1964_09.jpg 0x0
rect:910 238 1 1 16
rect:444 86 143 23 15
rect:13 16 353 11 15
rect:15 173 18 10 16
rect:90 51 62 53 8
rect:634 11 108 11 16
rect:62 191 63 13 16
rect:381 312 68 64 8
rect:125 131 282 11 15
rect:374 170 88 53 1
rect:93 290 72 52 8
rect:341 185 50 53 1
rect:12 22 78 13 16
rect:685 27 60 87 8
rect:396 158 56 60 1
rect:13 106 76 15 15
rect:314 10 317 13 15
rect:435 107 122 32 15
rect:120 164 85 56 1
Anchorage1964_10.jpg 0x0
rect:85 203 256 399 1
rect:185 177 240 107 18
rect:89 480 366 106 18
rect:219 295 112 99 17
Anchorage1964_11.jpg 0x0
rect:112 149 686 74 2
rect:660 112 169 92 1
rect:59 450 592 18 14
rect:199 196 465 22 15
rect:205 241 197 44 11
rect:599 8 111 34 1
rect:146 65 219 129 4
rect:95 464 480 13 14
Anchorage1964_12.jpg 0x0
rect:458 83 39 207 3
rect:415 83 47 208 3
rect:224 169 36 102 3
rect:12 109 543 254 2
rect:305 69 233 189 11
Anchorage1964_13.jpg 0x0
rect:495 342 38 200 20
rect:277 414 210 29 2
rect:304 531 97 16 19
Anchorage1964_14.jpg 0x0
rect:179 730 43 58 22
rect:110 511 44 66 22
rect:98 322 116 35 15
rect:285 12 48 231 11
rect:384 628 116 91 23
rect:13 480 223 60 11
rect:528 6 73 160 11
rect:15 610 26 68 22
rect:250 241 64 116 21
rect:230 277 168 70 15
rect:31 476 65 66 22
rect:249 13 119 797 20
Anchorage1964_15.jpg 0x0
rect:228 442 240 58 2
rect:341 224 171 34 11
rect:270 109 49 82 25
rect:214 182 188 33 15
rect:473 338 90 30 24
rect:284 9 88 48 4
rect:151 112 28 72 11
rect:294 9 90 51 4
rect:223 80 82 529 20
Anchorage1964_16.jpg 0x0
rect:198 79 259 131 2
rect:113 377 101 125 11
rect:16 299 67 85 2
rect:257 190 220 187 11
rect:493 195 151 149 2
rect:16 93 192 212 2
Anchorage1964_17.jpg 0x0
rect:7 183 638 198 10
rect:221 52 270 269 9
rect:10 151 210 121 9
Anchorage1964_18.jpg 0x0
rect:93 284 74 46 11
rect:668 367 73 23 2
rect:392 185 32 72 11
rect:149 301 19 37 11
rect:423 276 59 22 2
rect:381 142 97 92 4
rect:409 120 140 79 4
rect:427 231 425 22 15
rect:123 195 82 110 4
rect:420 367 28 17 2
Anchorage1964_19.jpg 0x0
rect:212 72 69 45 26
rect:590 139 59 25 28
rect:356 303 18 30 26
rect:324 375 53 66 26
rect:575 273 30 35 28
rect:339 59 89 149 29
rect:632 225 7 9 26
rect:518 246 17 40 26
rect:7 168 69 106 26
rect:500 161 9 7 26
rect:415 100 19 30 26
rect:27 233 25 123 27
rect:383 240 13 28 26
rect:429 97 6 19 26
rect:503 91 33 64 29
rect:352 120 25 56 29
rect:324 119 25 36 26
rect:227 112 34 39 27
Anchorage1964_20.jpg 0x0
rect:265 544 58 96 26
rect:340 651 37 96 26
rect:245 69 127 58 26
rect:132 69 131 179 29
rect:184 92 80 38 27
Anchorage1964_21.jpg 0x0
rect:2 91 46 31 26
rect:137 144 569 137 30
rect:60 223 29 25 26
rect:-6 49 94 117 29
Bingol2003_01.jpg 0x0
rect:439 313 43 63 6
rect:446 142 99 76 6
rect:317 381 99 118 6
rect:2 239 1014 209 10
rect:687 234 167 166 31
rect:219 164 64 63 33
rect:514 534 148 82 6
rect:452 101 84 92 6
rect:614 354 57 59 34
rect:468 248 38 225 32
rect:982 346 124 61 33
rect:378 225 38 87 34
rect:25 214 60 70 33
rect:735 544 74 54 33
rect:270 106 71 26 6
rect:789 214 88 63 33
rect:780 251 103 53 6
rect:419 73 113 221 31
rect:178 179 84 56 33
Bingol2003_02.jpg 0x0
rect:343 408 72 72 6
rect:145 470 163 172 32
rect:640 416 129 92 26
rect:1088 75 171 68 36
rect:493 240 434 168 35
rect:117 88 373 120 34
rect:185 337 75 482 32
rect:312 246 606 361 31
Bingol2003_03.jpg 0x0
rect:1024 554 318 445 2
rect:309 137 291 175 2
rect:865 203 324 472 4
rect:77 19 180 29 2
rect:616 -9 368 155 4
rect:137 38 116 115 33
rect:416 148 163 51 11
Bingol2003_04.jpg 0x0
rect:100 648 21 94 3
rect:66 471 108 103 2
rect:226 471 23 64 3
rect:334 236 173 235 4
rect:181 563 253 164 2
rect:146 519 40 86 3
rect:373 755 130 61 2
rect:188 421 38 94 3
CanterburyNZSeries2010_01.jpg 0x0
rect:107 83 132 245 12
CanterburyNZSeries2010_02.jpg 0x0
rect:43 53 172 208 6
rect:38 10 199 338 37
CanterburyNZSeries2010_03.jpg 0x0
rect:47 85 455 130 38
CanterburyNZSeries2010_04.jpg 0x0
rect:417 281 53 89 40
rect:249 422 21 218 40
rect:326 10 99 188 42
rect:262 200 192 377 39
rect:459 532 15 62 40
rect:228 473 39 72 40
rect:365 320 26 49 40
rect:218 528 118 174 41
CanterburyNZSeries2010_05.jpg 0x0
rect:292 232 185 131 15
rect:224 314 161 373 4
CanterburyNZSeries2010_06.jpg 0x0
rect:323 295 206 132 2
rect:69 100 826 760 4
CanterburyNZSeries2010_08.jpg 0x0
rect:818 441 65 164 44
rect:580 433 122 144 44
rect:364 111 222 210 43
rect:614 415 33 187 32
CanterburyNZSeries2010_09.jpg 0x0
rect:194 278 188 489 39
rect:198 153 229 252 45
CanterburyNZSeries2010_10.jpg 0x0
rect:348 284 185 78 46
rect:400 134 272 89 7
rect:195 238 255 235 6
rect:185 429 208 87 6
CanterburyNZSeries2010_11.jpg 0x0
rect:312 278 400 113 7
rect:305 362 369 236 5
CanterburyNZSeries2010_12.jpg 0x0
rect:584 411 143 79 11
rect:164 608 134 49 11
rect:55 440 583 287 2
rect:5 306 1210 345 47
CanterburyNZSeries2010_13.jpg 0x0
rect:162 18 456 837 12
rect:313 178 108 369 11
Caracas1967_01.jpg 0x0
rect:320 61 225 264 48
rect:295 193 51 104 48
rect:359 233 10 83 48
rect:328 128 66 106 48
Caracas1967_02.jpg 0x0
rect:232 249 231 219 51
rect:167 320 48 45 49
rect:252 1 124 124 15
rect:132 533 30 37 50
Caracas1967_03.jpg 0x0
rect:288 491 77 91 26
rect:338 352 39 116 27
rect:348 67 69 107 14
rect:328 406 94 175 34
rect:326 357 38 62 27
rect:14 490 242 93 6
Caracas1967_04.jpg 0x0
rect:180 381 38 111 26
rect:178 471 25 76 27
rect:151 250 148 150 34
Caracas1967_05.jpg 0x0
rect:32 94 496 457 48
rect:192 348 58 224 40
rect:42 172 365 337 41
rect:75 323 54 342 40
rect:64 319 208 217 52
rect:210 344 71 177 40
rect:243 165 48 205 40
rect:449 207 35 215 40
rect:197 232 151 143 52
rect:204 433 38 228 40
Caracas1967_06.jpg 0x0
rect:349 112 331 219 7
rect:439 338 86 48 6
Caracas1967_07.jpg 0x0
rect:248 141 132 210 34
rect:473 308 134 198 34
rect:403 9 91 291 34
rect:468 282 80 81 53
rect:179 182 57 168 27
rect:527 62 21 289 27
rect:353 405 75 82 53
Caracas1967_08.jpg 0x0
rect:176 253 49 87 54
rect:358 188 80 110 54
rect:280 269 83 76 55
Caracas1967_09.jpg 0x0
rect:24 292 52 38 48
rect:415 13 206 171 48
rect:175 162 70 83 48
rect:84 280 76 58 48
Caracas1967_10.jpg 0x0
rect:19 135 601 368 48
rect:492 336 66 168 40
rect:33 252 237 383 41
rect:408 217 70 190 40
Caracas1967_11.jpg 0x0
rect:366 18 223 331 41
rect:68 307 250 490 41
rect:42 13 367 741 48
Caracas1967_12.jpg 0x0
rect:711 372 27 63 32
rect:163 328 33 56 56
rect:680 253 46 48 34
rect:543 315 22 42 32
Caracas1967_13.jpg 0x0
rect:202 320 99 314 55
Caracas1967_14.jpg 0x0
rect:133 313 333 44 6
rect:109 129 507 166 57
Chichi1999_01.jpg 0x0
rect:3 8 545 129 58
rect:255 145 67 183 42
Chichi1999_02.jpg 0x0
rect:7 97 302 196 58
rect:282 107 167 471 59
Chichi1999_03.jpg 0x0
rect:0 181 638 137 58
rect:56 145 83 91 60
Chichi1999_04.jpg 0x0
rect:186 269 97 403 48
rect:186 291 30 48 52
rect:156 -13 37 156 48
Chichi1999_05.jpg 0x0
rect:360 116 82 148 48
rect:357 153 38 44 41
rect:270 157 31 62 52
rect:312 280 39 33 41
Chichi1999_06.jpg 0x0
rect:261 186 33 69 48
rect:464 -9 83 77 61
rect:478 140 44 51 41
rect:434 299 23 36 52
rect:420 136 76 58 62
rect:164 17 449 200 10
Chichi1999_07.jpg 0x0
rect:209 168 21 43 64
rect:68 245 673 175 63
rect:167 181 36 184 48
rect:563 313 22 23 64
rect:277 169 61 108 48
rect:773 267 59 83 48
rect:333 263 25 43 64
Chichi1999_08.jpg 0x0
rect:89 19 682 526 10
Chichi1999_09.jpg 0x0
rect:255 112 69 71 40
rect:284 95 36 63 40
rect:245 94 99 119 41
rect:241 61 230 204 48
Chichi1999_10.jpg 0x0
rect:148 18 396 331 10
Chichi1999_11.jpg 0x0
rect:183 278 127 128 65
rect:2 185 143 621 10
Chichi1999_12.jpg 0x0
rect:11 24 445 737 66
Chichi1999_13.jpg 0x0
rect:31 61 654 464 10
Chichi1999_14.jpg 0x0
rect:183 597 23 54 67
rect:122 535 37 39 67
rect:486 330 35 69 67
rect:331 461 18 36 39
rect:82 253 58 85 67
rect:244 235 35 40 67
rect:187 492 26 32 67
rect:354 202 36 32 39
rect:101 447 44 61 67
rect:111 213 69 37 67
rect:223 344 23 26 39
rect:115 242 46 66 67
rect:334 489 31 48 39
rect:75 396 58 35 67
rect:308 357 85 71 67
rect:224 283 22 63 67
rect:227 190 17 51 67
Chichi1999_15.jpg 0x0
rect:274 24 202 553 41
Chichi1999_16.jpg 0x0
rect:187 124 74 152 32
Chichi1999_17.jpg 0x0
rect:113 422 27 40 32
Chichi1999_18.jpg 0x0
rect:209 251 18 107 69
rect:196 236 25 118 69
rect:162 216 176 565 68
rect:270 405 50 153 70
rect:243 323 29 106 69
rect:180 268 37 119 69
Chichi1999_19.jpg 0x0
rect:223 20 343 284 2
rect:217 105 128 237 3
YogyakartaInd2006_03.jpg 0x0
rect:229 294 39 21 16
rect:276 289 357 183 71
rect:166 368 203 30 15
rect:350 98 64 43 16
rect:300 21 107 2 15
rect:204 197 23 7 16
rect:281 160 82 24 15
rect:316 65 160 73 15
Chichi1999_20.jpg 0x0
rect:232 218 78 413 42
rect:258 388 61 187 41
Chichi1999_21.jpg 0x0
rect:540 6 172 130 57
rect:264 83 235 303 72
rect:95 480 147 83 5
rect:293 301 119 98 6
rect:436 43 214 182 37
rect:506 153 198 153 6
rect:165 355 152 118 37
rect:16 4 240 203 30
Chichi1999_22.jpg 0x0
rect:208 174 11 18 73
rect:410 165 16 17 73
rect:304 290 15 20 73
rect:247 162 224 183 10
Chichi1999_23.jpg 0x0
rect:109 215 18 26 34
rect:79 264 35 77 34
rect:379 217 35 24 26
rect:246 254 40 89 34
rect:124 204 48 40 73
rect:284 204 31 46 73
rect:117 340 36 74 73
rect:276 246 33 30 27
rect:4 88 432 235 74
rect:222 337 89 120 73
Chichi1999_24.jpg 0x0
rect:135 121 145 104 75
rect:3 250 397 181 74
rect:247 183 57 41 46
rect:285 244 1 2 46
rect:179 301 51 49 34
Chichi1999_25.jpg 0x0
rect:153 283 215 376 73
rect:198 341 35 72 26
rect:153 244 142 232 34
Chichi1999_26.jpg 0x0
rect:196 327 155 508 76
rect:161 529 77 56 26
rect:147 615 123 91 27
rect:122 508 96 159 73
rect:159 192 62 139 73
rect:243 22 63 39 73
Chichi1999_27.jpg 0x0
rect:217 165 84 402 32
Chichi1999_28.jpg 0x0
rect:332 141 165 270 75
rect:139 90 169 185 5
rect:235 340 193 118 77
rect:20 60 339 105 6
Chichi1999_29.jpg 0x0
rect:136 233 167 346 48
rect:255 198 72 216 52
rect:253 251 120 133 40
Chichi1999_30.jpg 0x0
rect:270 247 197 49 78
rect:23 298 90 162 73
rect:249 141 273 284 40
rect:231 145 247 91 52
Chichi1999_31.jpg 0x0
rect:141 81 106 285 79
rect:391 91 39 209 48
Chichi1999_32.jpg 0x0
rect:155 61 34 162 81
rect:184 8 111 253 80
rect:191 176 29 153 81
rect:355 138 38 228 39
Chichi1999_33.jpg 0x0
rect:61 62 97 396 33
rect:92 99 94 256 32
rect:257 70 155 394 32
rect:167 145 52 151 49
rect:256 119 129 184 56
rect:298 159 30 119 49
Chichi1999_34.jpg 0x0
rect:131 74 304 449 10
Duzce1999_01.jpg 0x0
rect:124 113 72 178 41
rect:174 62 128 329 39
Duzce1999_02.jpg 0x0
rect:88 43 112 496 41
Duzce1999_03.jpg 0x0
rect:130 92 148 209 42
rect:0 220 120 286 31
rect:155 147 113 269 31
Gediz1970_01.jpg 0x0
rect:157 136 291 416 68
rect:273 568 78 262 69
rect:143 271 91 297 69
Guatemala1976_01.jpg 0x0
rect:64 147 84 50 52
rect:654 162 65 57 41
rect:66 179 56 50 41
rect:18 162 428 158 82
rect:39 171 123 140 48
rect:381 148 109 121 48
Guatemala1976_02.jpg 0x0
rect:177 72 340 325 48
rect:311 77 86 94 40
Guatemala1976_03.jpg 0x0
rect:17 99 824 362 75
Guatemala1976_04.jpg 0x0
rect:109 26 258 89 30
rect:414 244 100 226 4
rect:41 55 637 174 30
rect:769 227 160 386 4
Guatemala1976_05.jpg 0x0
rect:182 143 314 180 40
rect:163 57 306 350 48
rect:245 184 321 161 41
Guatemala1976_06.jpg 0x0
rect:113 82 183 465 39
Guatemala1976_07.jpg 0x0
rect:203 614 150 107 83
rect:27 315 350 525 10
rect:30 275 82 58 6
Guatemala1976_08.jpg 0x0
rect:163 32 511 345 48
rect:391 98 216 212 40
rect:145 77 242 389 41
Guatemala1976_09.jpg 0x0
rect:160 234 48 27 84
rect:230 176 64 53 85
rect:85 340 41 34 85
rect:533 191 54 57 85
rect:380 367 50 27 85
rect:65 266 29 21 84
rect:423 329 39 68 84
rect:752 418 50 92 84
Guatemala1976_10.jpg 0x0
rect:247 222 272 304 86
rect:299 279 27 128 87
rect:238 136 250 138 87
Guatemala1976_11.jpg 0x0
rect:200 186 116 235 34
GujaratIndia2001_01.jpg 0x0
rect:366 403 62 56 11
rect:166 575 253 71 2
rect:70 383 81 43 2
rect:37 278 207 164 4
Haiti2010_01.jpg 0x0
rect:549 473 264 166 4
rect:201 246 21 143 40
rect:543 191 117 115 4
rect:369 152 231 266 41
rect:172 50 121 86 7
Haiti2010_02.jpg 0x0
rect:66 71 373 183 88
rect:260 30 191 38 14
Haiti2010_03.jpg 0x0
rect:291 302 146 218 32
rect:365 1 81 405 32
rect:324 489 78 69 49
rect:218 529 259 235 89
Haiti2010_04.jpg 0x0
rect:2 178 191 117 6
rect:188 371 252 567 41
rect:307 49 231 304 34
Haiti2010_05.jpg 0x0
rect:240 313 186 132 52
rect:188 128 294 647 90
rect:356 277 43 117 40
rect:269 306 30 84 40
Haiti2010_06.jpg 0x0
rect:437 196 173 446 33
rect:564 118 47 118 34
rect:532 134 679 839 91
rect:205 328 29 60 34
rect:188 306 229 400 91
rect:624 206 64 303 32
rect:413 145 78 57 6
ImperialValley1979_01.jpg 0x0
rect:67 381 98 97 50
rect:306 416 45 28 49
rect:10 331 98 120 32
rect:309 378 36 41 50
rect:16 303 95 60 49
rect:426 335 36 36 32
rect:446 251 71 47 32
rect:401 338 50 30 32
rect:546 326 17 18 49
rect:307 293 54 79 50
rect:439 224 19 15 49
ImperialValley1979_02.jpg 0x0
rect:272 215 114 51 49
rect:416 98 71 190 50
rect:245 80 187 179 32
rect:131 160 66 260 50
rect:267 189 63 171 50
rect:120 171 345 58 92
ImperialValley1979_03.jpg 0x0
rect:171 206 166 175 32
rect:115 452 332 41 92
rect:123 349 97 288 50
rect:74 476 248 34 92
rect:161 214 227 206 32
rect:154 367 87 110 50
rect:396 205 63 230 50
Izmit1999_01.jpg 0x0
rect:360 88 46 155 27
rect:211 64 437 400 34
rect:277 224 48 85 27
rect:493 219 50 81 26
rect:223 114 54 169 27
Izmit1999_02.jpg 0x0
rect:23 153 657 216 10
Izmit1999_03.jpg 0x0
rect:297 62 326 427 32
rect:307 65 31 295 50
rect:294 78 43 211 50
rect:187 54 338 290 93
rect:216 91 67 203 50
rect:217 237 291 33 92
rect:532 71 67 255 50
rect:194 154 39 153 50
Izmit1999_04.jpg 0x0
rect:310 348 21 61 40
rect:218 93 96 99 41
rect:56 598 35 84 42
rect:83 726 251 112 88
rect:40 391 58 64 34
rect:140 308 169 80 88
rect:79 403 67 92 41
rect:353 66 102 124 48
rect:236 282 67 102 41
rect:419 321 22 79 40
Izmit1999_05.jpg 0x0
rect:98 21 691 399 10
Izmit1999_06.jpg 0x0
rect:288 290 44 208 50
rect:140 224 155 88 49
rect:148 225 181 314 32
rect:169 200 83 191 50
rect:79 310 67 147 50
rect:339 192 51 172 50
Izmit1999_07.jpg 0x0
rect:273 252 90 439 4
rect:280 194 34 78 3
rect:426 110 76 72 3
rect:24 101 292 793 2
rect:367 45 153 41 6
rect:247 198 65 108 3
rect:191 314 48 161 3
Izmit1999_08.jpg 0x0
rect:646 107 79 72 41
rect:428 7 101 80 45
rect:715 112 56 32 52
rect:192 125 71 87 41
rect:190 285 81 80 45
rect:135 25 90 92 34
rect:272 226 172 110 88
Izmit1999_09.jpg 0x0
rect:422 302 130 113 41
rect:738 266 62 45 41
rect:48 206 51 69 41
rect:202 271 38 34 41
rect:245 209 110 101 94
rect:618 191 49 79 94
Izmit1999_10.jpg 0x0
rect:334 520 124 107 40
rect:54 126 88 157 40
rect:185 177 98 260 40
rect:53 219 417 35 78
rect:62 187 376 579 41
rect:251 140 49 212 40
rect:92 229 270 57 78
rect:229 392 62 89 40
rect:211 629 99 34 78
rect:261 119 131 102 40
rect:199 446 181 37 78
Izmit1999_11.jpg 0x0
rect:165 262 163 230 41
rect:170 529 113 171 41
rect:394 310 54 141 40
rect:126 363 66 199 40
rect:286 291 78 147 40
Izmit1999_12.jpg 0x0
rect:59 261 54 78 52
rect:163 154 63 78 88
rect:14 72 42 27 6
rect:335 286 48 120 52
rect:313 394 59 122 41
rect:1 203 29 44 41
rect:340 81 41 105 41
rect:312 217 112 183 94
rect:515 130 49 66 7
rect:429 84 44 99 45
rect:423 149 49 94 42
rect:108 230 31 38 40
rect:365 132 43 33 6
rect:38 205 85 101 94
rect:98 61 27 24 6
rect:598 169 167 188 91
rect:561 147 39 75 41
rect:482 31 61 41 34
Izmit1999_13.jpg 0x0
rect:98 254 31 73 41
rect:139 269 41 75 41
rect:135 134 67 41 6
rect:124 245 95 127 94
rect:4 58 100 221 42
rect:365 116 72 108 41
rect:114 320 58 54 52
rect:303 118 112 277 41
rect:232 107 173 287 48
Izmit1999_14.jpg 0x0
rect:441 142 70 93 35
rect:430 277 85 48 34
rect:466 378 71 40 34
rect:72 161 82 70 34
rect:527 7 120 64 35
rect:417 422 34 21 34
rect:210 280 44 43 34
rect:304 56 55 45 95
rect:435 75 57 55 34
Izmit1999_15.jpg 0x0
rect:160 155 254 275 42
Izmit1999_16.jpg 0x0
rect:221 101 28 100 40
rect:202 129 231 142 41
rect:117 68 285 305 39
rect:94 83 334 615 33
Izmit1999_17.jpg 0x0
rect:113 105 258 315 41
Izmit1999_18.jpg 0x0
rect:166 136 125 304 39
rect:130 135 127 106 41
Izmit1999_19.jpg 0x0
rect:574 123 29 51 50
rect:237 138 246 240 32
rect:264 70 314 276 96
rect:565 175 29 74 50
Kobe1995_01.jpg 0x0
rect:19 170 1062 175 63
Kobe1995_02.jpg 0x0
rect:2 51 456 688 68
Kobe1995_03.jpg 0x0
rect:40 77 348 508 10
Kobe1995_04.jpg 0x0
rect:282 381 59 66 41
Kobe1995_05.jpg 0x0
rect:171 130 220 518 52
rect:303 120 187 499 40
rect:4 185 143 600 40
rect:40 192 438 96 78
rect:64 755 279 93 78
Kobe1995_06.jpg 0x0
rect:232 379 264 440 42
rect:52 100 484 479 41
Kobe1995_07.jpg 0x0
rect:217 402 26 47 39
rect:152 263 22 33 39
rect:534 437 45 24 39
rect:467 191 37 29 39
rect:383 224 26 39 39
rect:231 362 29 37 39
rect:479 121 36 29 39
rect:406 200 45 46 39
rect:220 130 28 31 39
rect:237 222 42 45 39
rect:230 338 47 40 39
rect:131 198 40 52 39
rect:49 443 42 36 39
rect:218 288 32 39 39
rect:142 187 40 40 39
rect:227 215 44 26 39
rect:560 190 45 42 39
rect:419 501 27 34 39
rect:340 498 45 42 39
rect:79 391 36 24 39
rect:301 79 20 32 39
rect:283 407 30 59 39
rect:45 292 32 37 39
rect:202 309 43 21 39
rect:176 123 41 44 39
rect:342 254 35 29 39
Kobe1995_08.jpg 0x0
rect:260 49 410 262 97
Kobe1995_09.jpg 0x0
rect:128 356 61 83 88
rect:88 678 76 84 88
rect:115 541 91 108 88
rect:145 752 178 80 97
SanSalvador_1986_01.jpg 0x0
rect:61 3 105 269 68
rect:196 120 132 132 41
SanSalvador_1986_02.jpg 0x0
rect:531 134 34 37 41
rect:138 159 41 38 41
rect:214 207 33 32 41
rect:359 312 30 46 41
rect:503 212 44 42 41
rect:623 200 39 54 42
rect:214 377 37 41 41
rect:267 139 15 33 41
rect:286 234 39 54 41
SikkimIndia2001_01.jpg 0x0
rect:183 193 174 167 34
SikkimIndia2001_02.jpg 0x0
rect:530 259 126 18 16
rect:-18 2 466 122 33
rect:521 114 104 31 16
rect:179 53 132 480 33
rect:7 6 273 84 16
rect:409 131 129 181 33
rect:248 235 96 50 16
rect:10 135 73 53 54
SikkimIndia2001_03.jpg 0x0
rect:163 9 136 460 98
rect:217 68 74 209 69
rect:301 178 94 204 70
SikkimIndia2001_04.jpg 0x0
rect:265 193 315 107 99
rect:3 23 331 273 99
rect:181 177 108 134 34
SumatraInd2009_01.jpg 0x0
rect:361 25 58 329 81
SumatraInd2009_02.jpg 0x0
rect:150 56 235 124 41
WhittierNarrows1987_01.jpg 0x0
rect:18 30 617 349 10
WhittierNarrows1987_02.jpg 0x0
rect:154 242 96 336 41
WhittierNarrows1987_03.jpg 0x0
rect:239 100 199 273 32
WhittierNarrows1987_04.jpg 0x0
rect:264 51 100 151 41
rect:310 17 218 99 100
rect:177 8 319 56 6
YogyakartaInd2006_01.jpg 0x0
rect:198 -24 282 433 29
rect:378 111 270 57 49
rect:245 32 343 206 32
YogyakartaInd2006_02.jpg 0x0
rect:435 53 165 548 98
rect:446 123 52 245 69
rect:282 106 57 138 70
