Anchorage1964_01.jpg 0x0
rect:100 424 300 278 1
rect:74 9 199 185 1
Anchorage1964_02.jpg 0x0
rect:357 354 19 63 3
rect:31 201 130 57 5
rect:266 89 71 86 4
rect:645 345 18 70 3
rect:132 264 31 21 6
rect:125 273 61 14 6
rect:142 110 81 55 7
rect:397 224 11 54 3
rect:226 357 22 74 3
rect:197 187 420 103 2
rect:364 337 22 47 3
rect:434 184 112 46 4
rect:498 290 27 45 3
rect:422 332 18 49 3
rect:26 30 112 35 5
rect:239 42 315 109 4
rect:89 27 73 19 6
rect:432 64 106 140 8
rect:202 212 24 53 3
Anchorage1964_03.jpg 0x0
rect:0 193 751 69 10
rect:2 175 263 62 9
rect:245 112 465 202 9
Anchorage1964_04.jpg 0x0
rect:408 439 32 13 5
rect:278 157 21 27 1
rect:333 431 21 29 1
rect:169 441 38 18 5
rect:289 303 19 24 1
rect:339 482 29 20 5
rect:280 452 24 33 1
rect:198 22 31 14 5
rect:166 284 23 22 5
rect:205 189 14 27 1
rect:216 111 28 27 5
rect:320 242 13 20 1
rect:298 113 29 15 5
rect:248 154 33 15 5
rect:165 263 21 26 8
rect:178 191 21 20 5
rect:243 221 29 13 5
rect:142 425 54 19 2
rect:218 378 30 18 5
rect:333 294 18 34 1
rect:122 68 44 14 5
rect:355 294 33 13 5
rect:305 165 19 26 1
rect:339 127 32 18 5
rect:130 228 20 18 5
rect:238 144 11 27 1
rect:303 239 31 23 5
rect:201 321 38 13 5
rect:120 475 45 18 5
rect:345 37 36 19 5
rect:301 46 46 14 5
rect:181 96 42 15 5
rect:464 400 30 15 5
rect:254 168 36 16 5
rect:152 148 21 17 5
rect:370 381 7 1 1
rect:256 249 17 23 1
rect:229 154 20 24 1
rect:358 336 20 24 5
Anchorage1964_05.jpg 0x0
rect:662 501 40 75 8
rect:203 29 107 59 6
rect:200 36 68 25 5
rect:128 136 21 51 1
rect:66 91 25 49 1
rect:51 206 19 46 1
rect:231 136 141 20 5
rect:390 215 43 58 1
rect:511 74 42 58 1
rect:219 124 91 50 6
rect:469 323 48 56 1
rect:35 348 23 55 1
rect:317 161 182 73 2
rect:704 335 41 26 6
rect:73 161 19 31 1
rect:400 86 32 73 1
rect:428 1 54 49 1
rect:368 199 25 21 11
rect:750 287 73 31 5
rect:544 363 33 49 8
rect:95 391 27 66 1
rect:632 25 30 66 1
rect:43 558 19 64 1
rect:755 307 62 38 5
rect:68 33 22 43 1
rect:101 262 28 57 1
rect:792 431 34 16 6
rect:383 135 39 46 1
rect:399 273 58 22 11
Anchorage1964_06.jpg 0x0
rect:216 146 84 387 3
rect:82 54 271 308 12
rect:229 285 94 81 11
Anchorage1964_07.jpg 0x0
rect:268 301 294 170 2
rect:6 54 834 559 2
rect:260 185 59 75 13
rect:215 88 39 109 3
rect:8 289 378 42 14
rect:193 2 135 72 2
rect:490 200 72 95 11
rect:193 124 181 122 11
rect:19 262 334 27 11
Anchorage1964_08.jpg 0x0
rect:46 472 137 99 1
rect:69 316 90 71 1
rect:439 345 98 149 1
rect:249 30 117 132 1
rect:50 61 104 95 1
rect:241 291 101 133 1
Anchorage1964_09.jpg 0x0
rect:707 158 1 1 16
rect:530 7 272 13 15
rect:493 119 135 23 15
rect:105 221 78 79 8
rect:595 182 93 84 1
rect:12 126 20 10 16
rect:17 13 60 14 16
rect:256 184 59 62 1
rect:59 177 49 8 16
rect:439 201 79 84 1
rect:179 148 328 14 15
rect:510 32 90 78 8
rect:124 36 58 78 8
rect:438 129 118 18 15
rect:538 214 90 75 8
rect:109 122 84 69 1
rect:10 173 115 18 15
rect:643 10 136 12 16
rect:13 15 518 15 15
Anchorage1964_10.jpg 0x0
rect:70 464 372 123 18
rect:50 232 428 335 1
rect:147 321 94 109 17
rect:177 167 170 108 18
Anchorage1964_11.jpg 0x0
rect:135 51 202 134 4
rect:276 254 257 42 11
rect:613 8 96 39 1
rect:76 433 467 13 14
rect:76 208 565 96 2
rect:496 94 178 83 1
rect:240 127 461 15 15
rect:63 522 787 20 14
Anchorage1964_12.jpg 0x0
rect:208 179 30 123 3
rect:250 110 53 195 3
rect:12 59 753 327 2
rect:436 84 148 186 11
rect:330 81 51 216 3
Anchorage1964_13.jpg 0x0
rect:504 643 124 12 19
rect:393 494 246 21 2
rect:348 331 35 210 20
Anchorage1964_14.jpg 0x0
rect:112 730 43 67 22
rect:207 471 55 69 22
rect:160 16 87 785 20
rect:53 566 66 55 22
rect:322 414 124 69 23
rect:12 640 217 104 11
rect:23 440 33 55 22
rect:362 6 75 149 11
rect:270 10 74 292 11
rect:419 255 171 53 15
rect:80 283 180 33 15
rect:165 236 94 64 21
Anchorage1964_15.jpg 0x0
rect:343 9 60 77 4
rect:197 78 61 364 20
rect:480 316 157 35 11
rect:207 149 38 92 25
rect:297 255 210 51 15
rect:194 115 25 73 11
rect:333 9 92 77 4
rect:312 519 197 66 2
rect:513 364 74 34 24
Anchorage1964_16.jpg 0x0
rect:637 209 103 221 2
rect:11 374 59 107 2
rect:93 268 68 122 11
rect:14 89 149 245 2
rect:164 254 187 248 11
rect:242 71 327 172 2
Anchorage1964_17.jpg 0x0
rect:11 228 793 159 10
rect:11 134 300 117 9
rect:202 46 154 185 9
Anchorage1964_18.jpg 0x0
rect:172 373 98 52 11
rect:810 282 55 17 2
rect:460 315 69 21 2
rect:159 185 22 40 11
rect:567 152 125 94 4
rect:401 200 25 77 11
rect:499 290 308 30 15
rect:622 365 38 23 2
rect:689 198 135 97 4
rect:112 134 85 136 4
Anchorage1964_19.jpg 0x0
rect:27 186 41 130 27
rect:524 218 12 28 26
rect:422 71 25 42 27
rect:259 77 87 130 29
rect:516 126 21 29 26
rect:553 161 6 16 26
rect:351 253 24 29 26
rect:565 222 44 43 28
rect:502 136 17 37 29
rect:278 101 47 61 26
rect:351 171 47 32 28
rect:516 155 14 23 26
rect:330 206 57 55 26
rect:5 315 60 125 26
rect:783 181 8 15 26
rect:443 131 40 23 26
rect:632 181 6 9 26
rect:318 81 35 63 29
Anchorage1964_20.jpg 0x0
rect:218 95 88 54 26
rect:229 59 173 134 29
rect:191 101 84 37 27
rect:360 537 43 100 26
rect:190 347 84 150 26
Anchorage1964_21.jpg 0x0
rect:181 163 419 196 30
rect:43 330 31 43 26
rect:2 65 58 30 26
rect:-6 53 66 212 29
Bingol2003_01.jpg 0x0
rect:516 84 80 66 6
rect:542 271 83 69 33
rect:37 273 93 58 33
rect:840 267 69 66 33
rect:530 308 50 53 34
rect:610 168 68 116 34
rect:319 77 93 32 6
rect:519 325 66 162 32
rect:755 322 87 32 33
rect:498 196 60 75 6
rect:693 119 169 232 31
rect:389 142 69 59 33
rect:444 137 91 83 6
rect:680 246 70 48 6
rect:630 338 199 69 6
rect:611 326 135 181 31
rect:167 280 72 82 33
rect:2 431 763 177 10
rect:324 287 91 117 6
Bingol2003_02.jpg 0x0
rect:333 402 100 72 26
rect:232 336 93 353 32
rect:131 113 527 224 34
rect:415 227 563 137 35
rect:241 365 98 59 6
rect:90 625 120 186 32
rect:776 72 122 68 36
rect:309 319 766 421 31
Bingol2003_03.jpg 0x0
rect:401 163 206 87 11
rect:111 30 119 33 2
rect:891 398 340 451 2
rect:874 184 303 684 4
rect:400 121 377 223 2
rect:115 57 159 90 33
rect:773 -6 300 289 4
Bingol2003_04.jpg 0x0
rect:128 350 259 158 2
rect:148 471 32 101 3
rect:120 541 22 67 3
rect:369 210 170 124 4
rect:286 347 46 149 3
rect:68 579 114 106 2
rect:105 679 25 68 3
rect:370 678 112 86 2
CanterburyNZSeries2010_01.jpg 0x0
rect:85 112 112 354 12
CanterburyNZSeries2010_02.jpg 0x0
rect:32 7 188 337 37
rect:49 65 208 191 6
CanterburyNZSeries2010_03.jpg 0x0
rect:42 86 263 113 38
CanterburyNZSeries2010_04.jpg 0x0
rect:297 9 99 210 42
rect:269 327 39 72 40
rect:392 308 15 49 40
rect:290 299 24 37 40
rect:262 316 268 336 39
rect:260 475 32 159 40
rect:155 371 81 179 41
rect:409 481 49 165 40
CanterburyNZSeries2010_05.jpg 0x0
rect:325 374 196 441 4
rect:338 269 127 101 15
CanterburyNZSeries2010_06.jpg 0x0
rect:178 232 182 113 2
rect:50 138 969 404 4
CanterburyNZSeries2010_08.jpg 0x0
rect:619 368 45 178 44
rect:827 637 29 123 32
rect:612 406 82 100 44
rect:521 98 164 253 43
CanterburyNZSeries2010_09.jpg 0x0
rect:282 144 172 172 45
rect:186 287 204 264 39
CanterburyNZSeries2010_10.jpg 0x0
rect:218 316 278 113 6
rect:396 158 184 137 7
rect:197 194 320 157 6
rect:380 226 173 86 46
CanterburyNZSeries2010_11.jpg 0x0
rect:245 384 236 218 5
rect:249 202 362 100 7
CanterburyNZSeries2010_12.jpg 0x0
rect:37 400 639 374 2
rect:448 329 124 50 11
rect:126 563 184 61 11
rect:5 361 638 299 47
CanterburyNZSeries2010_13.jpg 0x0
rect:143 13 314 722 12
rect:318 186 104 504 11
Caracas1967_01.jpg 0x0
rect:346 209 41 81 48
rect:394 197 66 108 48
rect:394 86 182 218 48
rect:250 131 11 71 48
Caracas1967_02.jpg 0x0
rect:189 213 142 358 51
rect:130 287 32 34 50
rect:228 1 144 201 15
rect:121 296 56 81 49
Caracas1967_03.jpg 0x0
rect:13 321 306 84 6
rect:220 261 82 114 34
rect:204 312 79 86 26
rect:199 73 84 102 14
rect:362 331 43 51 27
rect:259 433 27 92 27
Caracas1967_04.jpg 0x0
rect:181 262 41 150 26
rect:166 388 18 98 27
rect:129 327 125 117 34
Caracas1967_05.jpg 0x0
rect:51 98 393 635 41
rect:322 325 65 229 40
rect:278 228 162 142 52
rect:256 219 37 207 40
rect:190 427 56 184 40
rect:145 438 32 170 40
rect:248 225 43 317 40
rect:32 88 434 532 48
rect:55 290 265 201 52
rect:60 320 67 298 40
Caracas1967_06.jpg 0x0
rect:399 286 98 57 6
rect:307 114 314 215 7
Caracas1967_07.jpg 0x0
rect:210 177 58 228 27
rect:415 9 121 243 34
rect:358 266 119 96 53
rect:207 95 134 181 34
rect:496 380 94 61 53
rect:368 52 23 184 27
rect:391 295 159 277 34
Caracas1967_08.jpg 0x0
rect:445 183 80 106 54
rect:206 197 88 84 55
rect:239 396 82 107 54
Caracas1967_09.jpg 0x0
rect:31 294 51 70 48
rect:103 222 61 66 48
rect:503 15 164 183 48
rect:112 141 94 75 48
Caracas1967_10.jpg 0x0
rect:32 173 209 312 41
rect:478 337 80 145 40
rect:16 166 532 389 48
rect:345 220 99 152 40
Caracas1967_11.jpg 0x0
rect:62 315 238 604 41
rect:37 10 330 600 48
rect:210 14 143 348 41
Caracas1967_12.jpg 0x0
rect:666 244 28 31 34
rect:653 271 24 65 32
rect:909 279 29 39 32
rect:229 223 35 38 56
Caracas1967_13.jpg 0x0
rect:157 448 169 181 55
Caracas1967_14.jpg 0x0
rect:99 143 632 146 57
rect:172 332 290 43 6
Chichi1999_01.jpg 0x0
rect:317 167 54 170 42
rect:3 10 910 136 58
Chichi1999_02.jpg 0x0
rect:351 113 204 356 59
rect:7 99 360 117 58
Chichi1999_03.jpg 0x0
rect:0 153 583 156 58
rect:88 134 64 113 60
Chichi1999_04.jpg 0x0
rect:188 -14 56 132 48
rect:262 285 70 236 48
rect:253 329 32 44 52
Chichi1999_05.jpg 0x0
rect:506 136 64 52 41
rect:440 140 35 81 52
rect:319 314 23 27 41
rect:321 150 65 171 48
Chichi1999_06.jpg 0x0
rect:484 253 15 23 52
rect:479 180 29 71 41
rect:201 13 620 213 10
rect:238 228 53 89 48
rect:392 87 62 83 62
rect:392 -12 86 71 61
Chichi1999_07.jpg 0x0
rect:381 148 57 93 48
rect:740 322 17 28 64
rect:490 214 30 35 64
rect:445 223 44 88 48
rect:67 250 530 173 63
rect:190 196 37 142 48
rect:226 135 20 34 64
Chichi1999_08.jpg 0x0
rect:91 11 423 315 10
Chichi1999_09.jpg 0x0
rect:296 135 92 92 41
rect:243 103 40 57 40
rect:230 89 39 77 40
rect:178 74 148 139 48
Chichi1999_10.jpg 0x0
rect:191 24 549 558 10
Chichi1999_11.jpg 0x0
rect:157 192 129 93 65
rect:2 111 182 689 10
Chichi1999_12.jpg 0x0
rect:7 27 546 668 66
Chichi1999_13.jpg 0x0
rect:25 51 740 352 10
Chichi1999_14.jpg 0x0
rect:152 262 41 85 67
rect:136 348 24 34 67
rect:149 369 39 65 67
rect:86 457 37 44 67
rect:126 259 36 68 67
rect:194 376 31 61 67
rect:110 286 73 48 67
rect:253 509 35 43 39
rect:264 219 13 40 67
rect:480 408 29 70 67
rect:182 220 98 40 67
rect:187 565 26 40 39
rect:279 544 51 62 67
rect:270 315 19 26 39
rect:354 374 32 46 39
rect:115 595 38 41 67
rect:155 515 30 40 67
Chichi1999_15.jpg 0x0
rect:241 30 263 494 41
Chichi1999_16.jpg 0x0
rect:215 119 55 126 32
Chichi1999_17.jpg 0x0
rect:105 345 23 39 32
Chichi1999_18.jpg 0x0
rect:209 242 29 105 69
rect:115 185 139 585 68
rect:191 305 39 90 69
rect:219 281 43 153 70
rect:261 254 36 156 69
rect:372 391 38 188 69
Chichi1999_19.jpg 0x0
rect:262 88 128 207 3
rect:216 15 247 287 2
YogyakartaInd2006_03.jpg 0x0
rect:288 88 172 50 15
rect:210 31 79 2 15
rect:506 92 95 37 16
rect:241 114 62 43 15
rect:160 491 225 34 15
rect:348 442 61 23 16
rect:240 143 24 7 16
rect:221 221 265 145 71
Chichi1999_20.jpg 0x0
rect:175 248 94 267 42
rect:243 430 53 152 41
Chichi1999_21.jpg 0x0
rect:22 4 264 147 30
rect:364 35 167 274 37
rect:98 269 154 112 5
rect:241 226 200 183 37
rect:140 127 294 190 72
rect:278 93 208 149 6
rect:338 7 171 147 57
rect:218 243 119 145 6
Chichi1999_22.jpg 0x0
rect:381 180 20 16 73
rect:274 207 13 25 73
rect:157 181 336 133 10
rect:195 195 18 26 73
Chichi1999_23.jpg 0x0
rect:237 301 93 100 73
rect:231 167 33 20 26
rect:163 185 45 54 73
rect:179 179 29 29 34
rect:3 75 378 171 74
rect:119 410 41 79 34
rect:228 264 39 58 34
rect:326 209 36 57 73
rect:372 150 37 22 27
rect:108 283 65 78 73
Chichi1999_24.jpg 0x0
rect:260 288 1 2 46
rect:3 234 318 260 74
rect:218 195 136 74 75
rect:189 206 91 56 34
rect:199 224 40 66 46
Chichi1999_25.jpg 0x0
rect:120 306 120 200 34
rect:138 314 48 92 26
rect:112 234 164 323 73
Chichi1999_26.jpg 0x0
rect:226 321 113 289 76
rect:148 145 50 104 73
rect:106 528 94 90 27
rect:254 13 33 22 73
rect:163 647 163 168 73
rect:187 444 69 59 26
Chichi1999_27.jpg 0x0
rect:165 170 73 428 32
Chichi1999_28.jpg 0x0
rect:299 269 260 115 77
rect:107 97 151 186 5
rect:18 63 331 158 6
rect:224 134 211 295 75
Chichi1999_29.jpg 0x0
rect:152 214 80 217 52
rect:169 224 139 315 48
rect:157 199 146 133 40
Chichi1999_30.jpg 0x0
rect:212 123 213 277 40
rect:218 243 158 40 78
rect:261 133 246 73 52
rect:35 349 113 131 73
Chichi1999_31.jpg 0x0
rect:386 103 49 210 48
rect:204 99 156 330 79
Chichi1999_32.jpg 0x0
rect:138 10 125 433 80
rect:131 64 35 152 81
rect:228 186 25 191 81
rect:451 123 45 198 39
Chichi1999_33.jpg 0x0
rect:63 86 168 516 33
rect:275 120 109 166 56
rect:155 202 55 81 49
rect:293 151 37 102 49
rect:269 77 87 213 32
rect:103 122 116 281 32
Chichi1999_34.jpg 0x0
rect:126 98 464 275 10
Duzce1999_01.jpg 0x0
rect:157 99 134 142 41
rect:114 42 101 349 39
Duzce1999_02.jpg 0x0
rect:63 51 188 299 41
Duzce1999_03.jpg 0x0
rect:261 153 116 286 31
rect:82 78 126 325 42
rect:0 215 85 167 31
Gediz1970_01.jpg 0x0
rect:228 307 68 150 69
rect:168 255 111 198 69
rect:98 93 284 569 68
Guatemala1976_01.jpg 0x0
rect:409 156 171 91 48
rect:54 166 81 127 48
rect:66 140 42 57 41
rect:497 174 45 87 41
rect:74 180 43 55 52
rect:30 104 609 175 82
Guatemala1976_02.jpg 0x0
rect:187 59 131 105 40
rect:128 71 241 198 48
Guatemala1976_03.jpg 0x0
rect:17 94 601 375 75
Guatemala1976_04.jpg 0x0
rect:161 18 336 57 30
rect:557 141 151 364 4
rect:397 209 78 311 4
rect:48 93 376 256 30
Guatemala1976_05.jpg 0x0
rect:191 123 354 228 40
rect:250 203 266 172 41
rect:125 102 315 362 48
Guatemala1976_06.jpg 0x0
rect:132 136 209 483 39
Guatemala1976_07.jpg 0x0
rect:31 377 62 67 6
rect:232 730 163 56 83
rect:30 200 323 428 10
Guatemala1976_08.jpg 0x0
rect:221 46 315 387 41
rect:314 60 218 293 40
rect:110 41 486 553 48
Guatemala1976_09.jpg 0x0
rect:65 302 37 30 84
rect:548 267 50 55 84
rect:194 236 36 29 84
rect:134 311 40 43 85
rect:310 226 74 31 85
rect:259 239 44 79 84
rect:463 290 44 46 85
rect:114 300 31 34 85
Guatemala1976_10.jpg 0x0
rect:205 102 285 186 87
rect:359 270 31 97 87
rect:247 138 200 304 86
Guatemala1976_11.jpg 0x0
rect:192 205 132 208 34
GujaratIndia2001_01.jpg 0x0
rect:53 377 54 32 2
rect:32 403 139 119 4
rect:138 556 249 79 2
rect:227 503 55 44 11
Haiti2010_01.jpg 0x0
rect:100 47 148 102 7
rect:288 266 34 138 40
rect:540 290 97 124 4
rect:350 113 226 439 41
rect:528 560 135 262 4
Haiti2010_02.jpg 0x0
rect:46 74 494 211 88
rect:378 22 189 62 14
Haiti2010_03.jpg 0x0
rect:414 1 81 521 32
rect:163 447 203 247 32
rect:190 476 314 210 89
rect:201 393 89 57 49
Haiti2010_04.jpg 0x0
rect:196 287 220 459 41
rect:2 102 341 119 6
rect:297 62 253 222 34
Haiti2010_05.jpg 0x0
rect:238 206 31 123 40
rect:245 144 259 489 90
rect:310 309 34 75 40
rect:194 252 195 101 52
Haiti2010_06.jpg 0x0
rect:388 211 48 180 32
rect:141 328 31 35 34
rect:166 190 337 329 91
rect:490 190 166 422 33
rect:390 213 480 924 91
rect:560 138 81 116 34
rect:378 243 85 57 6
ImperialValley1979_01.jpg 0x0
rect:423 225 32 81 50
rect:11 377 67 86 49
rect:632 306 26 40 32
rect:572 327 31 33 50
rect:396 406 55 66 32
rect:439 419 33 19 49
rect:13 343 117 112 32
rect:64 291 73 84 50
rect:522 310 14 20 49
rect:404 270 53 22 49
rect:577 355 42 32 32
ImperialValley1979_02.jpg 0x0
rect:183 151 145 38 49
rect:216 149 96 222 50
rect:166 108 184 237 32
rect:180 167 395 78 92
rect:329 132 55 190 50
rect:330 163 66 186 50
ImperialValley1979_03.jpg 0x0
rect:145 316 301 34 92
rect:101 358 274 191 32
rect:347 346 73 153 50
rect:81 340 245 44 92
rect:199 313 96 179 50
rect:199 147 187 112 32
rect:85 189 67 268 50
Izmit1999_01.jpg 0x0
rect:128 72 483 241 34
rect:174 275 50 113 27
rect:268 98 46 147 27
rect:409 190 40 64 26
rect:255 146 39 183 27
Izmit1999_02.jpg 0x0
rect:24 123 487 275 10
Izmit1999_03.jpg 0x0
rect:123 145 322 30 92
rect:171 78 49 375 50
rect:127 42 300 323 93
rect:476 120 38 206 50
rect:239 68 323 444 32
rect:448 99 69 206 50
rect:207 173 48 250 50
rect:316 120 37 279 50
Izmit1999_04.jpg 0x0
rect:85 666 233 131 88
rect:47 530 60 60 34
rect:397 358 29 61 40
rect:77 395 36 81 42
rect:138 319 176 91 88
rect:499 462 15 69 40
rect:341 54 89 83 48
rect:253 102 94 100 41
rect:360 358 113 61 41
rect:66 499 43 124 41
Izmit1999_05.jpg 0x0
rect:124 27 744 393 10
Izmit1999_06.jpg 0x0
rect:178 231 93 180 50
rect:194 218 171 71 49
rect:100 289 86 159 50
rect:111 122 187 314 32
rect:317 220 63 201 50
rect:211 239 40 120 50
Izmit1999_07.jpg 0x0
rect:202 250 50 122 3
rect:343 273 36 122 3
rect:299 162 94 62 3
rect:391 59 179 36 6
rect:430 365 110 422 4
rect:20 80 421 730 2
rect:189 224 54 153 3
Izmit1999_08.jpg 0x0
rect:508 79 73 23 52
rect:542 5 92 52 45
rect:187 528 68 114 45
rect:197 160 85 78 41
rect:362 94 78 62 41
rect:147 34 81 90 34
rect:184 193 201 134 88
Izmit1999_09.jpg 0x0
rect:762 161 44 65 94
rect:237 279 35 42 41
rect:537 279 40 76 41
rect:314 270 142 106 94
rect:347 311 76 75 41
rect:54 193 36 44 41
Izmit1999_10.jpg 0x0
rect:157 369 126 30 78
rect:55 179 315 47 78
rect:78 252 317 70 78
rect:228 169 70 159 40
rect:209 422 56 109 40
rect:204 96 153 191 40
rect:64 122 96 132 40
rect:87 153 309 341 41
rect:146 166 66 307 40
rect:244 474 127 128 40
rect:360 639 79 27 78
Izmit1999_11.jpg 0x0
rect:253 558 129 111 41
rect:284 182 83 133 40
rect:258 183 91 127 41
rect:183 413 67 182 40
rect:224 282 73 208 40
Izmit1999_12.jpg 0x0
rect:412 243 254 152 91
rect:45 266 78 83 52
rect:326 250 70 87 52
rect:420 157 58 56 45
rect:285 317 84 83 41
rect:430 22 109 73 34
rect:597 162 72 66 41
rect:379 228 44 34 6
rect:425 111 52 70 41
rect:1 167 24 42 41
rect:515 177 82 61 7
rect:13 85 47 25 6
rect:43 324 80 122 94
rect:142 215 81 73 88
rect:431 194 34 153 42
rect:77 102 31 30 6
rect:326 195 83 129 94
rect:78 279 30 41 40
Izmit1999_13.jpg 0x0
rect:201 219 50 114 41
rect:103 262 126 96 94
rect:5 82 109 170 42
rect:376 155 106 268 41
rect:279 86 159 250 48
rect:179 301 40 127 41
rect:365 74 79 120 41
rect:198 298 53 78 52
rect:122 130 43 32 6
Izmit1999_14.jpg 0x0
rect:431 7 122 74 35
rect:470 128 98 74 35
rect:286 390 43 38 34
rect:420 471 45 25 34
rect:366 78 67 87 34
rect:57 161 81 67 34
rect:529 429 55 41 34
rect:385 174 89 44 34
rect:450 46 62 51 95
Izmit1999_15.jpg 0x0
rect:157 131 269 398 42
Izmit1999_16.jpg 0x0
rect:178 142 43 90 40
rect:138 79 220 135 41
rect:126 59 321 329 39
rect:117 83 310 488 33
Izmit1999_17.jpg 0x0
rect:100 123 248 212 41
Izmit1999_18.jpg 0x0
rect:225 219 144 164 41
rect:187 191 153 339 39
Izmit1999_19.jpg 0x0
rect:475 217 19 94 50
rect:284 101 185 261 96
rect:186 116 276 205 32
rect:560 153 36 74 50
Kobe1995_01.jpg 0x0
rect:21 189 539 118 63
Kobe1995_02.jpg 0x0
rect:2 43 381 561 68
Kobe1995_03.jpg 0x0
rect:46 70 415 823 10
Kobe1995_04.jpg 0x0
rect:421 253 71 57 41
Kobe1995_05.jpg 0x0
rect:4 172 177 431 40
rect:110 171 255 368 52
rect:37 213 335 75 78
rect:322 170 136 479 40
rect:117 513 394 159 78
Kobe1995_06.jpg 0x0
rect:40 126 496 602 41
rect:214 402 377 341 42
Kobe1995_07.jpg 0x0
rect:151 267 41 28 39
rect:46 191 45 55 39
rect:98 205 37 56 39
rect:140 228 43 52 39
rect:515 304 29 42 39
rect:241 237 43 39 39
rect:385 302 28 43 39
rect:413 220 35 45 39
rect:403 338 39 33 39
rect:272 129 23 45 39
rect:182 120 44 43 39
rect:160 422 35 31 39
rect:240 177 28 51 39
rect:468 569 26 39 39
rect:233 302 39 29 39
rect:146 239 47 23 39
rect:312 366 40 48 39
rect:221 364 31 30 39
rect:287 392 22 37 39
rect:449 188 45 34 39
rect:120 176 41 49 39
rect:531 179 52 43 39
rect:288 359 30 25 39
rect:42 417 54 22 39
rect:377 152 48 35 39
rect:346 526 37 54 39
Kobe1995_08.jpg 0x0
rect:295 57 383 250 97
Kobe1995_09.jpg 0x0
rect:74 435 94 83 88
rect:97 561 77 55 88
rect:101 582 66 65 88
rect:223 747 144 88 97
SanSalvador_1986_01.jpg 0x0
rect:46 3 130 244 68
rect:295 191 100 214 41
SanSalvador_1986_02.jpg 0x0
rect:580 174 40 27 41
rect:162 294 28 41 41
rect:216 156 33 33 41
rect:362 330 49 46 41
rect:459 130 43 41 42
rect:256 214 33 32 41
rect:408 149 14 31 41
rect:223 179 20 32 41
rect:301 307 30 52 41
SikkimIndia2001_01.jpg 0x0
rect:205 129 146 103 34
SikkimIndia2001_02.jpg 0x0
rect:260 310 112 38 16
rect:440 261 111 15 16
rect:395 131 64 31 16
rect:10 5 369 78 16
rect:9 107 58 49 54
rect:141 54 185 351 33
rect:336 120 145 207 33
rect:-12 2 428 69 33
SikkimIndia2001_03.jpg 0x0
rect:220 11 184 398 98
rect:266 209 116 173 70
rect:156 86 56 209 69
SikkimIndia2001_04.jpg 0x0
rect:3 31 202 249 99
rect:501 238 208 99 99
rect:293 133 137 199 34
SumatraInd2009_01.jpg 0x0
rect:335 19 57 408 81
SumatraInd2009_02.jpg 0x0
rect:165 88 208 177 41
WhittierNarrows1987_01.jpg 0x0
rect:16 34 1002 410 10
WhittierNarrows1987_02.jpg 0x0
rect:213 202 122 230 41
WhittierNarrows1987_03.jpg 0x0
rect:302 115 197 218 32
WhittierNarrows1987_04.jpg 0x0
rect:259 14 173 191 100
rect:264 72 122 158 41
rect:194 6 236 72 6
YogyakartaInd2006_01.jpg 0x0
rect:195 -30 465 488 29
rect:271 38 407 229 32
rect:282 168 348 73 49
YogyakartaInd2006_02.jpg 0x0
rect:433 66 158 540 98
rect:484 110 82 178 70
rect:289 151 60 252 69
