Anchorage1964_01.jpg 0x0
rect:96 501 161 263 1
rect:115 7 186 177 1
Anchorage1964_02.jpg 0x0
rect:152 185 64 69 7
rect:235 183 287 85 2
rect:145 159 67 16 6
rect:308 202 20 85 3
rect:222 236 20 76 3
rect:251 78 120 99 4
rect:21 249 105 44 5
rect:509 203 74 41 4
rect:61 33 102 14 6
rect:462 324 28 76 3
rect:47 18 203 39 5
rect:286 304 32 76 3
rect:247 45 280 75 4
rect:622 234 19 42 3
rect:575 307 19 59 3
rect:474 319 19 68 3
rect:623 85 115 105 8
rect:279 261 20 76 3
rect:131 225 23 21 6
Anchorage1964_03.jpg 0x0
rect:0 268 568 91 10
rect:2 226 213 88 9
rect:287 74 438 267 9
Anchorage1964_04.jpg 0x0
rect:398 433 36 23 5
rect:122 92 32 13 5
rect:297 372 36 24 5
rect:341 143 14 25 1
rect:175 109 30 16 5
rect:284 85 42 15 5
rect:334 110 39 16 5
rect:321 375 12 22 1
rect:207 433 27 24 5
rect:368 418 12 25 1
rect:437 345 35 13 5
rect:266 157 20 29 1
rect:135 222 26 18 5
rect:192 354 15 30 1
rect:159 295 44 18 5
rect:316 250 14 28 1
rect:240 181 35 20 5
rect:410 322 30 15 5
rect:245 393 21 17 5
rect:192 239 24 31 8
rect:339 209 18 23 1
rect:345 290 15 30 1
rect:167 247 40 11 5
rect:202 41 34 15 5
rect:334 171 28 14 5
rect:419 288 28 22 5
rect:187 351 51 17 2
rect:117 165 35 23 5
rect:363 428 16 25 1
rect:114 22 25 22 5
rect:209 310 33 19 5
rect:155 151 26 17 5
rect:159 234 24 14 5
rect:315 251 6 1 1
rect:345 37 42 18 5
rect:297 93 25 23 5
rect:391 125 36 18 5
rect:236 237 14 40 1
rect:285 483 29 31 1
Anchorage1964_05.jpg 0x0
rect:46 291 25 62 1
rect:73 240 21 36 1
rect:376 450 54 49 8
rect:357 80 49 52 1
rect:25 376 17 68 1
rect:225 222 134 61 2
rect:231 169 27 17 11
rect:158 215 96 24 5
rect:65 82 25 50 1
rect:71 258 22 66 1
rect:600 398 43 42 5
rect:180 167 134 38 6
rect:658 253 37 28 6
rect:514 1 53 54 1
rect:79 27 24 37 1
rect:146 35 118 29 5
rect:412 149 31 52 1
rect:453 91 29 69 1
rect:385 172 53 79 1
rect:834 308 45 12 6
rect:41 120 15 46 1
rect:577 224 80 45 5
rect:451 224 32 18 11
rect:356 258 46 88 8
rect:106 251 21 41 1
rect:582 25 33 51 1
rect:378 203 59 64 1
rect:73 119 13 45 1
rect:255 34 88 56 6
Anchorage1964_06.jpg 0x0
rect:214 205 68 114 11
rect:94 73 156 351 12
rect:203 105 110 220 3
Anchorage1964_07.jpg 0x0
rect:8 55 520 457 2
rect:7 356 493 32 14
rect:405 195 75 89 11
rect:441 193 58 108 13
rect:383 169 39 118 3
rect:337 268 362 196 2
rect:171 2 125 71 2
rect:18 259 203 37 11
rect:306 127 161 174 11
Anchorage1964_08.jpg 0x0
rect:251 205 100 93 1
rect:52 329 118 133 1
rect:248 37 118 85 1
rect:385 462 135 143 1
rect:52 384 119 171 1
rect:57 88 136 153 1
Anchorage1964_09.jpg 0x0
rect:737 246 88 50 8
rect:12 16 396 14 15
rect:400 6 345 12 15
rect:117 122 320 13 15
rect:752 141 140 15 15
rect:15 157 17 11 16
rect:16 135 101 16 15
rect:61 147 46 10 16
rect:494 127 82 57 1
rect:488 12 86 9 16
rect:18 14 51 13 16
rect:676 154 1 1 16
rect:345 165 85 64 1
rect:84 126 72 52 1
rect:352 143 57 72 1
rect:83 53 86 56 8
rect:396 38 84 60 8
rect:443 85 133 27 15
rect:109 295 78 70 8
Anchorage1964_10.jpg 0x0
rect:270 262 89 152 17
rect:49 170 364 274 1
rect:77 467 333 152 18
rect:182 170 204 66 18
Anchorage1964_11.jpg 0x0
rect:60 381 690 10 14
rect:165 63 149 108 4
rect:105 519 526 24 14
rect:403 8 106 28 1
rect:319 241 313 34 11
rect:141 153 547 54 2
rect:170 202 479 21 15
rect:685 121 152 90 1
Anchorage1964_12.jpg 0x0
rect:359 98 67 280 3
rect:311 64 61 235 3
rect:157 180 23 104 3
rect:10 86 710 203 2
rect:501 85 160 202 11
Anchorage1964_13.jpg 0x0
rect:354 560 143 17 19
rect:479 493 30 178 20
rect:303 401 186 19 2
Anchorage1964_14.jpg 0x0
rect:8 701 158 84 11
rect:142 799 55 47 22
rect:387 218 186 46 15
rect:43 695 57 68 22
rect:112 595 41 66 22
rect:21 766 28 51 22
rect:342 15 87 193 11
rect:82 332 187 35 15
rect:311 567 198 91 23
rect:497 6 99 98 11
rect:164 292 89 90 21
rect:262 14 118 875 20
Anchorage1964_15.jpg 0x0
rect:262 121 26 67 11
rect:270 131 51 120 25
rect:183 11 76 54 4
rect:243 539 249 76 2
rect:201 317 166 45 15
rect:229 70 78 492 20
rect:382 201 138 44 11
rect:334 8 116 64 4
rect:297 188 97 38 24
Anchorage1964_16.jpg 0x0
rect:218 183 213 205 11
rect:88 237 77 114 11
rect:443 169 146 233 2
rect:11 86 216 142 2
rect:154 70 264 91 2
rect:14 358 59 62 2
Anchorage1964_17.jpg 0x0
rect:9 196 534 263 10
rect:10 103 223 113 9
rect:303 54 204 238 9
Anchorage1964_18.jpg 0x0
rect:132 271 13 49 11
rect:554 179 116 79 4
rect:478 344 32 19 2
rect:572 117 73 83 4
rect:581 404 62 21 2
rect:513 363 104 26 2
rect:113 389 63 35 11
rect:139 234 87 116 4
rect:454 295 35 67 11
rect:407 320 299 35 15
Anchorage1964_19.jpg 0x0
rect:581 178 12 34 26
rect:335 172 22 42 26
rect:836 186 6 6 26
rect:457 88 51 76 29
rect:916 206 7 10 26
rect:269 148 31 25 26
rect:527 150 20 55 29
rect:393 138 23 38 27
rect:493 231 8 25 26
rect:314 74 69 51 26
rect:379 64 88 114 29
rect:694 252 34 36 28
rect:498 164 54 35 28
rect:436 122 7 16 26
rect:456 304 23 45 26
rect:204 220 52 98 26
rect:6 185 85 178 26
rect:37 346 39 107 27
Anchorage1964_20.jpg 0x0
rect:189 463 80 98 26
rect:209 74 63 60 27
rect:576 439 34 66 26
rect:141 72 96 140 29
rect:138 85 83 46 26
Anchorage1964_21.jpg 0x0
rect:2 122 56 28 26
rect:-6 70 59 162 29
rect:137 196 673 123 30
rect:53 347 33 29 26
Bingol2003_01.jpg 0x0
rect:695 81 77 83 6
rect:613 249 138 144 31
rect:1050 503 102 50 33
rect:332 423 105 86 6
rect:349 239 66 52 33
rect:929 179 83 48 33
rect:155 161 72 87 33
rect:2 428 693 323 10
rect:20 268 70 83 33
rect:695 335 70 66 33
rect:430 216 50 110 34
rect:210 99 94 27 6
rect:632 455 47 52 34
rect:553 87 129 190 31
rect:707 231 64 49 6
rect:512 560 197 54 6
rect:358 239 55 46 6
rect:512 90 93 86 6
rect:595 374 69 222 32
Bingol2003_02.jpg 0x0
rect:141 339 198 271 32
rect:307 263 850 536 31
rect:207 322 83 439 32
rect:400 325 88 108 6
rect:388 177 563 123 35
rect:389 395 104 95 26
rect:130 113 564 203 34
rect:667 70 145 94 36
Bingol2003_03.jpg 0x0
rect:85 49 156 85 33
rect:1051 617 318 503 2
rect:619 143 146 89 11
rect:917 190 267 746 4
rect:733 -8 241 191 4
rect:118 20 147 37 2
rect:429 195 334 212 2
Bingol2003_04.jpg 0x0
rect:99 472 17 69 3
rect:162 590 35 107 3
rect:264 206 110 172 4
rect:170 446 49 139 3
rect:89 799 27 81 3
rect:292 536 105 101 2
rect:73 479 112 72 2
rect:155 567 213 201 2
CanterburyNZSeries2010_01.jpg 0x0
rect:125 129 161 243 12
CanterburyNZSeries2010_02.jpg 0x0
rect:47 9 242 197 37
rect:39 62 199 192 6
CanterburyNZSeries2010_03.jpg 0x0
rect:50 63 424 169 38
CanterburyNZSeries2010_04.jpg 0x0
rect:393 299 19 60 40
rect:284 273 280 319 39
rect:226 328 36 140 40
rect:202 8 77 170 42
rect:246 280 25 80 40
rect:189 544 64 309 41
rect:423 382 19 53 40
rect:400 356 60 150 40
CanterburyNZSeries2010_05.jpg 0x0
rect:322 275 142 362 4
rect:412 253 114 84 15
CanterburyNZSeries2010_06.jpg 0x0
rect:76 148 560 464 4
rect:294 183 266 79 2
CanterburyNZSeries2010_08.jpg 0x0
rect:818 556 33 128 32
rect:548 162 131 202 43
rect:729 312 129 99 44
rect:598 517 47 134 44
CanterburyNZSeries2010_09.jpg 0x0
rect:233 403 118 442 39
rect:268 159 222 198 45
CanterburyNZSeries2010_10.jpg 0x0
rect:358 382 246 56 46
rect:195 240 331 251 6
rect:243 135 212 132 7
rect:164 338 223 122 6
CanterburyNZSeries2010_11.jpg 0x0
rect:232 420 359 262 5
rect:354 283 287 141 7
CanterburyNZSeries2010_12.jpg 0x0
rect:35 353 824 342 2
rect:5 308 985 417 47
rect:425 623 211 47 11
rect:197 508 123 58 11
CanterburyNZSeries2010_13.jpg 0x0
rect:354 142 129 317 11
rect:115 13 431 517 12
Caracas1967_01.jpg 0x0
rect:334 191 59 126 48
rect:341 131 9 83 48
rect:306 64 178 234 48
rect:292 238 33 86 48
Caracas1967_02.jpg 0x0
rect:203 1 134 156 15
rect:137 292 30 37 50
rect:106 442 45 83 49
rect:127 255 183 335 51
Caracas1967_03.jpg 0x0
rect:15 324 281 91 6
rect:345 63 70 126 14
rect:438 440 40 128 27
rect:338 248 150 136 34
rect:271 379 33 43 27
rect:213 441 68 50 26
Caracas1967_04.jpg 0x0
rect:124 351 24 101 27
rect:102 282 210 209 34
rect:131 453 59 105 26
Caracas1967_05.jpg 0x0
rect:32 105 420 668 48
rect:59 315 53 198 40
rect:199 307 73 200 40
rect:420 233 41 268 40
rect:207 446 69 216 40
rect:43 120 425 538 41
rect:248 177 180 192 52
rect:329 237 36 177 40
rect:196 452 34 293 40
rect:57 437 207 197 52
Caracas1967_06.jpg 0x0
rect:316 357 71 47 6
rect:424 123 372 247 7
Caracas1967_07.jpg 0x0
rect:259 112 55 160 27
rect:556 532 128 59 53
rect:223 142 143 255 34
rect:317 177 155 238 34
rect:382 9 75 212 34
rect:551 265 123 125 53
rect:449 57 38 264 27
Caracas1967_08.jpg 0x0
rect:291 256 68 85 55
rect:341 157 65 161 54
rect:246 276 82 83 54
Caracas1967_09.jpg 0x0
rect:90 220 51 68 48
rect:204 203 69 84 48
rect:23 250 65 39 48
rect:574 10 285 121 48
Caracas1967_10.jpg 0x0
rect:258 203 94 210 40
rect:494 250 98 176 40
rect:46 223 187 242 41
rect:18 152 375 284 48
Caracas1967_11.jpg 0x0
rect:279 18 182 292 41
rect:70 339 253 653 41
rect:43 14 359 841 48
Caracas1967_12.jpg 0x0
rect:556 198 38 37 34
rect:656 386 26 61 32
rect:460 451 28 70 32
rect:211 369 20 46 56
Caracas1967_13.jpg 0x0
rect:139 369 156 269 55
Caracas1967_14.jpg 0x0
rect:85 89 706 184 57
rect:105 226 297 47 6
Chichi1999_01.jpg 0x0
rect:4 6 739 149 58
rect:465 163 49 185 42
Chichi1999_02.jpg 0x0
rect:6 87 442 214 58
rect:418 131 231 448 59
Chichi1999_03.jpg 0x0
rect:0 186 504 134 58
rect:96 139 60 103 60
Chichi1999_04.jpg 0x0
rect:223 -18 65 109 48
rect:168 212 82 356 48
rect:207 325 38 59 52
Chichi1999_05.jpg 0x0
rect:485 134 80 178 48
rect:356 100 51 48 41
rect:288 217 26 39 41
rect:332 150 36 86 52
Chichi1999_06.jpg 0x0
rect:123 16 562 156 10
rect:365 166 66 66 62
rect:570 -9 77 58 61
rect:273 139 43 119 48
rect:831 136 36 60 41
rect:425 261 27 37 52
Chichi1999_07.jpg 0x0
rect:67 186 514 152 63
rect:350 209 34 43 64
rect:193 179 48 171 48
rect:149 215 30 48 64
rect:409 260 35 144 48
rect:501 314 36 73 48
rect:419 264 16 29 64
Chichi1999_08.jpg 0x0
rect:97 19 368 355 10
Chichi1999_09.jpg 0x0
rect:249 76 249 150 48
rect:257 96 65 80 40
rect:169 71 38 58 40
rect:305 124 88 92 41
Chichi1999_10.jpg 0x0
rect:117 24 730 545 10
Chichi1999_11.jpg 0x0
rect:148 260 97 96 65
rect:2 173 173 632 10
Chichi1999_12.jpg 0x0
rect:10 21 438 438 66
Chichi1999_13.jpg 0x0
rect:34 49 748 423 10
Chichi1999_14.jpg 0x0
rect:165 325 21 48 67
rect:386 447 29 24 39
rect:318 370 28 34 39
rect:129 450 31 65 67
rect:180 218 77 56 67
rect:335 312 28 34 39
rect:87 279 44 42 67
rect:110 516 39 41 67
rect:393 537 48 68 67
rect:233 292 43 46 67
rect:313 368 60 54 67
rect:109 616 22 48 67
rect:279 395 24 33 39
rect:62 461 50 47 67
rect:178 360 34 29 67
rect:103 417 43 65 67
rect:90 288 45 47 67
Chichi1999_15.jpg 0x0
rect:281 37 234 303 41
Chichi1999_16.jpg 0x0
rect:134 97 84 175 32
Chichi1999_17.jpg 0x0
rect:159 431 28 32 32
Chichi1999_18.jpg 0x0
rect:325 187 42 164 69
rect:299 298 47 126 70
rect:212 198 32 87 69
rect:188 236 186 334 68
rect:370 304 29 109 69
rect:228 287 31 73 69
Chichi1999_19.jpg 0x0
rect:247 129 133 256 3
rect:190 21 292 408 2
YogyakartaInd2006_03.jpg 0x0
rect:213 460 193 24 15
rect:238 172 51 29 15
rect:339 95 107 51 16
rect:320 550 46 33 16
rect:366 93 180 44 15
rect:186 212 23 8 16
rect:169 368 310 124 71
rect:259 24 98 2 15
Chichi1999_20.jpg 0x0
rect:247 328 64 219 41
rect:142 185 139 384 42
Chichi1999_21.jpg 0x0
rect:483 40 189 217 37
rect:137 302 127 158 37
rect:412 5 170 115 57
rect:314 95 151 105 6
rect:14 4 275 108 30
rect:95 384 177 145 5
rect:226 87 218 211 72
rect:275 339 71 88 6
Chichi1999_22.jpg 0x0
rect:515 266 13 24 73
rect:191 293 17 22 73
rect:280 120 313 171 10
rect:189 223 18 22 73
Chichi1999_23.jpg 0x0
rect:213 209 37 22 26
rect:286 237 24 33 27
rect:100 429 43 75 73
rect:263 222 95 80 73
rect:4 82 440 217 74
rect:349 224 39 61 34
rect:103 177 62 42 73
rect:164 224 23 23 34
rect:98 275 34 108 34
rect:238 152 46 49 73
Chichi1999_24.jpg 0x0
rect:133 282 65 38 34
rect:317 260 1 2 46
rect:195 190 38 60 46
rect:222 120 148 88 75
rect:3 418 302 264 74
Chichi1999_25.jpg 0x0
rect:158 323 52 67 26
rect:135 180 152 220 73
rect:148 280 114 248 34
Chichi1999_26.jpg 0x0
rect:300 216 138 479 76
rect:156 160 68 86 73
rect:162 594 160 98 73
rect:143 362 127 105 27
rect:190 635 100 78 26
rect:192 18 39 31 73
Chichi1999_27.jpg 0x0
rect:166 173 69 437 32
Chichi1999_28.jpg 0x0
rect:20 80 227 112 6
rect:293 98 111 165 75
rect:294 212 281 102 77
rect:163 102 180 165 5
Chichi1999_29.jpg 0x0
rect:173 227 101 221 40
rect:158 273 153 220 48
rect:185 267 78 204 52
Chichi1999_30.jpg 0x0
rect:28 286 134 147 73
rect:185 264 205 67 78
rect:220 112 377 320 40
rect:199 133 134 72 52
Chichi1999_31.jpg 0x0
rect:588 117 45 167 48
rect:150 112 125 287 79
Chichi1999_32.jpg 0x0
rect:168 45 44 183 81
rect:130 8 97 490 80
rect:541 117 47 247 39
rect:155 238 47 170 81
Chichi1999_33.jpg 0x0
rect:244 121 39 105 49
rect:292 79 136 326 32
rect:113 130 79 214 32
rect:106 188 58 137 49
rect:272 125 83 170 56
rect:81 77 137 382 33
Chichi1999_34.jpg 0x0
rect:113 80 281 308 10
Duzce1999_01.jpg 0x0
rect:134 69 74 385 39
rect:139 170 127 107 41
Duzce1999_02.jpg 0x0
rect:103 48 177 299 41
Duzce1999_03.jpg 0x0
rect:296 105 93 280 31
rect:118 127 86 212 42
rect:0 138 78 299 31
Gediz1970_01.jpg 0x0
rect:97 397 98 201 69
rect:269 476 100 250 69
rect:87 103 328 676 68
Guatemala1976_01.jpg 0x0
rect:75 189 47 55 41
rect:462 166 164 127 48
rect:77 182 54 40 52
rect:469 216 52 78 41
rect:37 166 130 134 48
rect:25 119 637 179 82
Guatemala1976_02.jpg 0x0
rect:262 68 80 79 40
rect:173 52 369 285 48
Guatemala1976_03.jpg 0x0
rect:14 61 521 275 75
Guatemala1976_04.jpg 0x0
rect:405 215 128 232 4
rect:53 54 570 297 30
rect:493 195 75 296 4
rect:157 20 380 54 30
Guatemala1976_05.jpg 0x0
rect:180 87 438 374 48
rect:115 137 266 240 40
rect:143 139 372 151 41
Guatemala1976_06.jpg 0x0
rect:110 138 164 352 39
Guatemala1976_07.jpg 0x0
rect:25 362 50 42 6
rect:255 554 101 90 83
rect:27 260 322 278 10
Guatemala1976_08.jpg 0x0
rect:153 47 385 330 41
rect:396 93 154 331 40
rect:192 36 433 330 48
Guatemala1976_09.jpg 0x0
rect:528 262 53 43 85
rect:248 252 78 36 85
rect:89 331 32 24 84
rect:332 277 45 42 84
rect:117 303 34 26 85
rect:225 374 28 34 84
rect:230 192 46 66 85
rect:873 352 57 55 84
Guatemala1976_10.jpg 0x0
rect:241 350 39 136 87
rect:263 245 205 206 86
rect:187 109 240 210 87
Guatemala1976_11.jpg 0x0
rect:158 183 91 152 34
GujaratIndia2001_01.jpg 0x0
rect:233 419 219 113 2
rect:71 389 76 30 2
rect:318 558 64 63 11
rect:38 458 180 124 4
Haiti2010_01.jpg 0x0
rect:324 198 27 108 40
rect:142 52 140 87 7
rect:543 319 131 113 4
rect:204 170 135 380 41
rect:322 603 212 171 4
Haiti2010_02.jpg 0x0
rect:231 32 121 43 14
rect:56 106 391 157 88
Haiti2010_03.jpg 0x0
rect:293 574 184 277 89
rect:248 461 180 187 32
rect:269 1 66 594 32
rect:170 558 83 75 49
Haiti2010_04.jpg 0x0
rect:2 107 201 165 6
rect:188 56 245 246 34
rect:118 374 376 379 41
Haiti2010_05.jpg 0x0
rect:264 310 202 90 52
rect:336 245 33 77 40
rect:194 326 36 71 40
rect:304 161 198 640 90
Haiti2010_06.jpg 0x0
rect:298 210 181 295 33
rect:145 322 315 392 91
rect:617 196 59 85 34
rect:559 164 73 48 6
rect:511 226 773 632 91
rect:398 221 90 273 32
rect:144 288 51 52 34
ImperialValley1979_01.jpg 0x0
rect:226 292 38 49 50
rect:508 237 54 46 32
rect:332 239 28 39 50
rect:466 377 41 38 32
rect:44 283 76 115 50
rect:472 231 43 25 49
rect:441 300 17 19 49
rect:399 260 32 18 49
rect:9 311 100 101 32
rect:421 367 71 50 32
rect:18 460 84 69 49
ImperialValley1979_02.jpg 0x0
rect:184 95 161 257 32
rect:315 144 155 47 49
rect:381 186 63 188 50
rect:220 176 370 57 92
rect:125 113 69 181 50
rect:467 166 75 205 50
ImperialValley1979_03.jpg 0x0
rect:217 259 76 232 50
rect:144 256 239 147 32
rect:82 273 364 31 92
rect:102 329 349 47 92
rect:152 399 87 155 50
rect:129 230 215 191 32
rect:84 185 100 289 50
Izmit1999_01.jpg 0x0
rect:333 65 62 187 27
rect:131 53 344 382 34
rect:203 168 36 147 27
rect:455 290 55 73 26
rect:296 144 50 133 27
Izmit1999_02.jpg 0x0
rect:28 108 659 252 10
Izmit1999_03.jpg 0x0
rect:181 95 69 363 50
rect:241 44 298 425 32
rect:222 106 33 197 50
rect:220 215 441 35 92
rect:180 37 515 265 93
rect:269 99 40 313 50
rect:557 94 46 268 50
rect:464 63 49 292 50
Izmit1999_04.jpg 0x0
rect:304 386 19 64 40
rect:95 511 225 98 88
rect:60 609 74 74 41
rect:358 92 98 57 41
rect:410 57 77 71 48
rect:112 247 182 60 88
rect:60 439 79 61 34
rect:417 322 67 89 41
rect:79 541 43 76 42
rect:333 483 27 61 40
Izmit1999_05.jpg 0x0
rect:123 22 459 488 10
Izmit1999_06.jpg 0x0
rect:142 317 131 92 49
rect:116 156 95 188 50
rect:224 210 44 138 50
rect:224 284 56 123 50
rect:180 225 270 470 32
rect:97 268 90 201 50
Izmit1999_07.jpg 0x0
rect:128 344 50 125 3
rect:26 127 480 799 2
rect:351 167 30 130 3
rect:290 217 73 415 4
rect:233 233 54 97 3
rect:254 163 73 79 3
rect:346 86 146 47 6
Izmit1999_08.jpg 0x0
rect:383 109 96 71 41
rect:214 190 277 132 88
rect:123 151 90 64 41
rect:131 345 68 101 45
rect:484 5 121 81 45
rect:173 34 109 110 34
rect:483 71 40 34 52
Izmit1999_09.jpg 0x0
rect:740 270 58 84 41
rect:248 227 71 102 41
rect:726 294 75 56 94
rect:350 316 93 124 94
rect:205 156 55 39 41
rect:58 196 43 54 41
Izmit1999_10.jpg 0x0
rect:362 479 118 142 40
rect:137 258 338 66 78
rect:309 107 122 134 40
rect:144 179 72 323 40
rect:228 113 73 210 40
rect:228 538 88 29 78
rect:84 102 330 510 41
rect:82 181 77 252 40
rect:182 333 144 45 78
rect:307 454 64 110 40
rect:57 258 301 41 78
Izmit1999_11.jpg 0x0
rect:200 271 52 163 40
rect:242 170 92 119 40
rect:158 189 164 130 41
rect:295 212 95 178 40
rect:151 450 135 168 41
Izmit1999_12.jpg 0x0
rect:352 20 89 77 34
rect:62 208 81 109 94
rect:339 170 74 81 41
rect:293 290 98 105 94
rect:601 110 49 69 41
rect:1 186 23 44 41
rect:207 203 45 38 6
rect:201 218 96 68 88
rect:22 59 52 25 6
rect:62 360 28 36 40
rect:276 356 54 89 41
rect:379 108 53 43 7
rect:307 200 48 137 42
rect:76 81 29 29 6
rect:395 208 198 270 91
rect:43 286 50 78 52
rect:349 274 41 108 52
rect:426 113 46 89 45
Izmit1999_13.jpg 0x0
rect:379 137 66 187 41
rect:103 175 88 166 94
rect:141 227 54 91 41
rect:110 288 32 96 41
rect:78 136 70 51 6
rect:186 297 51 81 52
rect:282 97 68 129 41
rect:262 65 224 410 48
rect:5 97 80 147 42
Izmit1999_14.jpg 0x0
rect:205 429 51 40 34
rect:298 58 42 54 95
rect:489 57 104 100 34
rect:53 140 91 81 34
rect:531 292 58 38 34
rect:535 191 72 80 35
rect:339 7 120 96 35
rect:329 378 71 40 34
rect:262 464 25 20 34
Izmit1999_15.jpg 0x0
rect:119 209 319 327 42
Izmit1999_16.jpg 0x0
rect:76 74 472 353 33
rect:182 135 169 127 41
rect:215 114 34 142 40
rect:157 70 290 282 39
Izmit1999_17.jpg 0x0
rect:94 162 198 254 41
Izmit1999_18.jpg 0x0
rect:198 197 166 191 41
rect:147 131 108 359 39
Izmit1999_19.jpg 0x0
rect:262 71 261 431 96
rect:247 150 292 299 32
rect:612 144 30 97 50
rect:500 127 18 73 50
Kobe1995_01.jpg 0x0
rect:21 204 936 166 63
Kobe1995_02.jpg 0x0
rect:2 69 609 541 68
Kobe1995_03.jpg 0x0
rect:48 46 466 611 10
Kobe1995_04.jpg 0x0
rect:434 269 55 37 41
Kobe1995_05.jpg 0x0
rect:103 539 351 104 78
rect:4 121 170 589 40
rect:43 275 347 69 78
rect:233 157 169 408 40
rect:103 169 204 706 52
Kobe1995_06.jpg 0x0
rect:240 352 322 466 42
rect:52 177 401 551 41
Kobe1995_07.jpg 0x0
rect:285 522 51 45 39
rect:529 508 42 37 39
rect:359 398 23 45 39
rect:435 192 51 50 39
rect:78 366 37 29 39
rect:168 416 36 43 39
rect:129 389 32 52 39
rect:420 480 44 51 39
rect:49 446 51 26 39
rect:351 136 31 37 39
rect:113 201 36 43 39
rect:191 387 23 30 39
rect:253 273 42 37 39
rect:223 87 25 40 39
rect:354 159 54 54 39
rect:542 447 37 27 39
rect:138 174 48 41 39
rect:186 264 46 45 39
rect:308 227 34 39 39
rect:169 290 27 53 39
rect:40 303 49 49 39
rect:338 190 44 57 39
rect:250 357 26 29 39
rect:197 204 26 50 39
rect:558 268 45 29 39
rect:174 136 22 42 39
Kobe1995_08.jpg 0x0
rect:276 76 332 224 97
Kobe1995_09.jpg 0x0
rect:188 553 147 66 97
rect:88 381 86 82 88
rect:112 679 76 69 88
rect:78 780 99 93 88
SanSalvador_1986_01.jpg 0x0
rect:295 112 98 240 41
rect:68 3 134 283 68
SanSalvador_1986_02.jpg 0x0
rect:340 197 52 40 41
rect:402 341 32 42 41
rect:177 220 21 26 41
rect:295 348 37 38 41
rect:224 190 34 42 41
rect:269 141 16 31 41
rect:173 334 22 47 41
rect:629 222 44 28 41
rect:602 232 36 49 42
SikkimIndia2001_01.jpg 0x0
rect:210 188 110 175 34
SikkimIndia2001_02.jpg 0x0
rect:405 99 98 113 33
rect:9 6 297 72 16
rect:364 184 113 17 16
rect:203 241 94 45 16
rect:493 80 100 29 16
rect:7 119 63 49 54
rect:-15 2 421 95 33
rect:140 71 193 367 33
SikkimIndia2001_03.jpg 0x0
rect:230 9 204 487 98
rect:193 253 69 119 70
rect:226 110 97 253 69
SikkimIndia2001_04.jpg 0x0
rect:290 234 348 79 99
rect:3 31 224 227 99
rect:246 126 152 147 34
SumatraInd2009_01.jpg 0x0
rect:311 18 65 396 81
SumatraInd2009_02.jpg 0x0
rect:264 96 164 235 41
WhittierNarrows1987_01.jpg 0x0
rect:18 26 944 253 10
WhittierNarrows1987_02.jpg 0x0
rect:207 286 117 306 41
WhittierNarrows1987_03.jpg 0x0
rect:224 109 149 245 32
WhittierNarrows1987_04.jpg 0x0
rect:206 11 243 118 100
rect:174 63 79 279 41
rect:248 8 255 80 6
YogyakartaInd2006_01.jpg 0x0
rect:273 31 371 247 32
rect:166 -28 395 437 29
rect:314 111 345 101 49
YogyakartaInd2006_02.jpg 0x0
rect:302 44 169 366 98
rect:347 119 90 199 70
rect:315 100 52 147 69
