Anchorage1964_01.jpg 0x0
rect:83 9 267 198 1
rect:78 380 309 191 1
Anchorage1964_02.jpg 0x0
rect:602 66 165 118 8
rect:595 259 16 44 3
rect:361 270 19 54 3
rect:581 355 11 54 3
rect:121 199 47 17 6
rect:107 227 17 18 6
rect:455 147 109 53 4
rect:283 184 31 42 3
rect:31 237 151 31 5
rect:163 58 113 93 4
rect:559 187 24 53 3
rect:214 215 26 82 3
rect:274 227 24 52 3
rect:179 166 58 56 7
rect:41 28 184 35 5
rect:233 256 280 121 2
rect:410 274 30 51 3
rect:72 30 114 12 6
rect:279 34 230 73 4
Anchorage1964_03.jpg 0x0
rect:2 176 274 95 9
rect:334 93 280 238 9
rect:0 268 877 85 10
Anchorage1964_04.jpg 0x0
rect:204 149 22 23 5
rect:288 289 27 16 5
rect:209 431 8 1 1
rect:180 431 67 17 2
rect:219 314 32 14 5
rect:267 489 40 16 5
rect:231 39 27 20 5
rect:125 256 29 15 5
rect:224 213 23 27 1
rect:286 273 38 12 5
rect:206 318 27 23 8
rect:340 162 10 22 1
rect:448 363 29 14 5
rect:257 227 15 24 1
rect:290 410 14 18 1
rect:111 384 23 14 5
rect:221 427 44 16 5
rect:219 184 35 22 5
rect:341 173 32 18 5
rect:356 539 32 21 5
rect:204 522 19 29 1
rect:243 201 20 29 1
rect:316 437 26 19 1
rect:415 222 29 19 5
rect:307 124 17 34 1
rect:112 136 27 16 5
rect:159 198 36 16 5
rect:155 74 37 16 5
rect:260 381 18 23 1
rect:337 158 33 19 5
rect:431 79 28 19 5
rect:194 30 28 12 5
rect:113 89 41 23 5
rect:292 136 26 21 5
rect:165 452 32 19 5
rect:264 252 14 19 1
rect:355 108 29 13 5
rect:179 332 27 28 1
rect:282 254 31 20 5
Anchorage1964_05.jpg 0x0
rect:143 50 83 60 6
rect:792 359 34 15 6
rect:405 204 50 68 1
rect:662 180 38 23 6
rect:387 296 39 48 1
rect:149 179 97 30 5
rect:85 278 23 44 1
rect:228 146 27 21 11
rect:413 1 35 56 1
rect:160 163 90 43 6
rect:109 210 30 59 1
rect:76 265 17 37 1
rect:334 80 41 59 1
rect:587 154 49 79 1
rect:555 495 32 69 8
rect:101 25 25 41 1
rect:143 35 116 26 5
rect:333 18 42 60 1
rect:56 58 28 39 1
rect:477 200 44 26 11
rect:616 270 50 31 5
rect:500 102 43 60 1
rect:368 244 35 72 8
rect:50 102 22 57 1
rect:283 161 131 75 2
rect:77 78 15 52 1
rect:28 291 17 59 1
rect:44 397 23 52 1
rect:714 359 43 40 5
Anchorage1964_06.jpg 0x0
rect:161 172 67 247 3
rect:200 284 76 99 11
rect:88 72 206 294 12
Anchorage1964_07.jpg 0x0
rect:294 196 55 129 13
rect:8 256 271 29 14
rect:312 230 68 96 11
rect:8 54 746 534 2
rect:265 2 126 45 2
rect:15 195 357 44 11
rect:308 135 119 124 11
rect:447 320 424 244 2
rect:319 139 34 136 3
Anchorage1964_08.jpg 0x0
rect:34 677 109 140 1
rect:53 310 76 94 1
rect:277 228 157 96 1
rect:50 60 128 146 1
rect:276 644 134 116 1
rect:295 23 141 85 1
Anchorage1964_09.jpg 0x0
rect:39 184 57 10 16
rect:288 122 70 62 1
rect:571 11 135 11 16
rect:150 123 356 10 15
rect:12 17 76 13 16
rect:275 160 46 72 1
rect:545 153 130 19 15
rect:10 144 122 19 15
rect:680 136 64 56 1
rect:393 157 84 20 15
rect:624 150 1 1 16
rect:526 8 293 11 15
rect:131 363 86 56 8
rect:102 220 90 82 1
rect:79 29 90 57 8
rect:17 118 21 8 16
rect:427 293 89 74 8
rect:693 23 91 56 8
rect:16 15 402 15 15
Anchorage1964_10.jpg 0x0
rect:248 258 90 148 17
rect:189 197 164 58 18
rect:81 352 362 159 18
rect:65 251 430 387 1
Anchorage1964_11.jpg 0x0
rect:106 54 219 93 4
rect:109 411 422 23 14
rect:64 420 433 10 14
rect:152 177 308 18 15
rect:255 168 191 34 11
rect:741 160 155 95 1
rect:479 7 119 48 1
rect:91 171 392 86 2
Anchorage1964_12.jpg 0x0
rect:334 89 38 259 3
rect:421 114 51 234 3
rect:486 83 225 171 11
rect:12 103 482 257 2
rect:249 130 30 109 3
Anchorage1964_13.jpg 0x0
rect:413 351 217 26 2
rect:494 420 97 18 19
rect:447 304 22 190 20
Anchorage1964_14.jpg 0x0
rect:406 210 164 47 15
rect:152 562 30 58 22
rect:25 487 34 70 22
rect:126 781 40 52 22
rect:447 409 171 62 23
rect:354 6 68 118 11
rect:218 14 69 896 20
rect:9 629 204 91 11
rect:194 11 73 202 11
rect:53 695 59 76 22
rect:76 185 120 41 15
rect:223 374 65 77 21
Anchorage1964_15.jpg 0x0
rect:400 241 108 37 24
rect:187 9 57 52 4
rect:274 189 114 33 15
rect:217 129 44 57 11
rect:344 200 118 53 11
rect:359 90 44 100 25
rect:424 7 64 60 4
rect:153 70 87 593 20
rect:292 594 167 41 2
Anchorage1964_16.jpg 0x0
rect:269 81 341 96 2
rect:14 134 170 143 2
rect:82 378 87 143 11
rect:172 201 189 149 11
rect:11 268 64 94 2
rect:533 203 166 216 2
Anchorage1964_17.jpg 0x0
rect:7 186 830 156 10
rect:224 51 293 276 9
rect:15 124 320 151 9
Anchorage1964_18.jpg 0x0
rect:353 294 104 17 2
rect:460 258 306 22 15
rect:576 193 138 118 4
rect:634 234 30 18 2
rect:160 340 19 63 11
rect:325 202 84 59 4
rect:138 233 84 90 4
rect:142 388 84 36 11
rect:310 263 38 51 11
rect:494 284 57 18 2
Anchorage1964_19.jpg 0x0
rect:314 229 12 18 26
rect:6 255 96 123 26
rect:532 292 16 27 26
rect:224 101 46 62 26
rect:764 189 7 8 26
rect:502 102 21 60 29
rect:333 182 19 37 26
rect:581 127 7 19 26
rect:658 292 36 36 28
rect:370 88 56 95 29
rect:25 321 43 119 27
rect:443 158 31 30 26
rect:465 115 41 87 29
rect:368 115 22 34 27
rect:229 211 35 57 26
rect:497 131 7 10 26
rect:425 132 12 42 26
rect:526 193 49 41 28
Anchorage1964_20.jpg 0x0
rect:167 97 79 44 27
rect:237 400 71 102 26
rect:369 397 39 86 26
rect:208 76 119 157 29
rect:158 89 78 57 26
Anchorage1964_21.jpg 0x0
rect:-6 69 94 186 29
rect:134 182 444 117 30
rect:2 99 39 28 26
rect:38 321 39 34 26
Bingol2003_01.jpg 0x0
rect:663 323 90 82 33
rect:635 474 158 72 6
rect:482 71 90 74 6
rect:670 295 183 151 31
rect:527 430 44 46 34
rect:442 486 131 82 6
rect:227 83 54 24 6
rect:538 87 95 82 6
rect:424 185 47 53 6
rect:20 241 83 53 33
rect:354 374 58 201 32
rect:462 198 55 142 34
rect:373 61 137 251 31
rect:741 283 130 85 33
rect:446 236 55 64 6
rect:2 294 887 295 10
rect:329 152 82 75 33
rect:808 412 56 50 33
rect:161 244 65 77 33
Bingol2003_02.jpg 0x0
rect:175 291 690 582 31
rect:1006 82 129 74 36
rect:563 401 93 92 26
rect:126 483 194 284 32
rect:128 265 89 260 32
rect:114 130 484 181 34
rect:384 159 412 155 35
rect:275 428 87 70 6
Bingol2003_03.jpg 0x0
rect:143 34 145 120 33
rect:89 30 161 42 2
rect:473 220 232 84 11
rect:418 186 341 132 2
rect:605 -8 280 198 4
rect:525 258 233 493 4
rect:974 506 312 294 2
Bingol2003_04.jpg 0x0
rect:153 448 23 63 3
rect:315 297 44 143 3
rect:83 741 27 83 3
rect:99 535 29 53 3
rect:305 179 106 128 4
rect:66 409 67 97 2
rect:326 648 141 76 2
rect:135 315 225 155 2
CanterburyNZSeries2010_01.jpg 0x0
rect:81 119 148 344 12
CanterburyNZSeries2010_02.jpg 0x0
rect:55 9 251 239 37
rect:58 49 212 227 6
CanterburyNZSeries2010_03.jpg 0x0
rect:51 52 427 113 38
CanterburyNZSeries2010_04.jpg 0x0
rect:282 7 90 147 42
rect:446 468 63 170 40
rect:242 430 13 58 40
rect:189 402 21 61 40
rect:222 457 26 169 40
rect:248 399 101 197 41
rect:369 300 26 57 40
rect:207 263 193 263 39
CanterburyNZSeries2010_05.jpg 0x0
rect:323 275 255 404 4
rect:278 224 175 99 15
CanterburyNZSeries2010_06.jpg 0x0
rect:234 279 164 151 2
rect:63 110 506 684 4
CanterburyNZSeries2010_08.jpg 0x0
rect:487 158 180 240 43
rect:664 640 47 107 44
rect:530 402 30 214 32
rect:931 326 83 118 44
CanterburyNZSeries2010_09.jpg 0x0
rect:175 122 192 153 45
rect:240 253 215 382 39
CanterburyNZSeries2010_10.jpg 0x0
rect:164 572 219 136 6
rect:409 209 340 158 7
rect:386 380 153 68 46
rect:227 331 438 211 6
CanterburyNZSeries2010_11.jpg 0x0
rect:349 254 302 270 5
rect:316 229 236 148 7
CanterburyNZSeries2010_12.jpg 0x0
rect:49 247 666 392 2
rect:382 455 204 70 11
rect:208 633 143 43 11
rect:4 313 1092 291 47
CanterburyNZSeries2010_13.jpg 0x0
rect:173 17 549 698 12
rect:332 168 120 416 11
Caracas1967_01.jpg 0x0
rect:324 71 167 341 48
rect:410 154 74 88 48
rect:215 226 9 75 48
rect:385 233 47 96 48
Caracas1967_02.jpg 0x0
rect:90 411 37 82 49
rect:159 387 35 31 50
rect:301 1 136 144 15
rect:186 206 146 253 51
Caracas1967_03.jpg 0x0
rect:301 383 59 69 26
rect:15 378 212 110 6
rect:299 55 65 108 14
rect:338 287 157 176 34
rect:431 273 41 99 27
rect:280 463 25 74 27
Caracas1967_04.jpg 0x0
rect:124 276 44 145 26
rect:156 427 150 184 34
rect:194 303 20 114 27
Caracas1967_05.jpg 0x0
rect:348 277 48 195 40
rect:134 310 43 216 40
rect:271 231 35 175 40
rect:139 439 67 211 40
rect:75 391 76 217 40
rect:40 104 367 489 48
rect:57 138 343 345 41
rect:201 309 72 270 40
rect:55 249 182 187 52
rect:260 205 160 116 52
Caracas1967_06.jpg 0x0
rect:420 298 90 64 6
rect:354 103 284 281 7
Caracas1967_07.jpg 0x0
rect:243 133 57 144 27
rect:412 231 130 115 53
rect:466 63 30 220 27
rect:409 229 105 181 34
rect:145 122 168 210 34
rect:545 380 126 80 53
rect:409 10 86 346 34
Caracas1967_08.jpg 0x0
rect:378 179 84 142 54
rect:241 341 77 86 55
rect:280 375 84 80 54
Caracas1967_09.jpg 0x0
rect:111 268 60 49 48
rect:19 191 72 40 48
rect:207 172 105 80 48
rect:515 9 294 171 48
Caracas1967_10.jpg 0x0
rect:19 146 608 322 48
rect:330 286 96 227 40
rect:276 361 71 218 40
rect:40 149 222 423 41
Caracas1967_11.jpg 0x0
rect:46 248 261 439 41
rect:279 10 122 227 41
rect:48 15 433 978 48
Caracas1967_12.jpg 0x0
rect:601 323 29 70 32
rect:533 330 46 45 34
rect:674 253 30 57 32
rect:215 260 31 45 56
Caracas1967_13.jpg 0x0
rect:187 277 109 332 55
Caracas1967_14.jpg 0x0
rect:123 165 776 260 57
rect:114 237 325 45 6
Chichi1999_01.jpg 0x0
rect:413 145 45 156 42
rect:3 9 804 163 58
Chichi1999_02.jpg 0x0
rect:6 82 383 124 58
rect:288 132 234 485 59
Chichi1999_03.jpg 0x0
rect:0 141 958 121 58
rect:85 125 62 92 60
Chichi1999_04.jpg 0x0
rect:195 241 85 268 48
rect:169 319 29 65 52
rect:247 -21 37 142 48
Chichi1999_05.jpg 0x0
rect:451 86 107 191 48
rect:274 179 45 58 41
rect:278 312 23 27 41
rect:427 184 44 61 52
Chichi1999_06.jpg 0x0
rect:397 104 74 66 62
rect:466 276 25 22 52
rect:187 16 372 228 10
rect:489 -9 98 49 61
rect:481 238 51 44 41
rect:381 199 55 103 48
Chichi1999_07.jpg 0x0
rect:302 287 35 44 64
rect:208 206 20 59 64
rect:47 156 672 106 63
rect:196 159 57 113 48
rect:503 280 62 128 48
rect:567 184 35 129 48
rect:748 238 19 22 64
Chichi1999_08.jpg 0x0
rect:87 19 384 389 10
Chichi1999_09.jpg 0x0
rect:286 133 38 89 40
rect:235 121 154 117 41
rect:245 92 225 161 48
rect:189 106 59 68 40
Chichi1999_10.jpg 0x0
rect:216 13 489 430 10
Chichi1999_11.jpg 0x0
rect:2 165 192 660 10
rect:109 208 117 115 65
Chichi1999_12.jpg 0x0
rect:9 19 545 549 66
Chichi1999_13.jpg 0x0
rect:40 38 616 338 10
Chichi1999_14.jpg 0x0
rect:147 254 94 43 67
rect:130 317 63 72 67
rect:67 665 37 59 67
rect:137 407 21 49 67
rect:308 342 40 33 39
rect:148 187 33 49 67
rect:233 422 30 37 67
rect:174 282 32 68 67
rect:236 568 27 30 39
rect:448 357 42 56 67
rect:123 600 20 51 67
rect:194 304 23 42 67
rect:246 402 20 25 39
rect:90 395 73 49 67
rect:81 394 31 52 67
rect:204 440 25 44 39
rect:408 688 82 53 67
Chichi1999_15.jpg 0x0
rect:215 22 195 472 41
Chichi1999_16.jpg 0x0
rect:215 128 82 151 32
Chichi1999_17.jpg 0x0
rect:166 274 23 55 32
Chichi1999_18.jpg 0x0
rect:345 276 42 162 70
rect:258 341 27 190 69
rect:130 249 33 74 69
rect:311 186 30 93 69
rect:219 195 184 451 68
rect:193 212 27 152 69
Chichi1999_19.jpg 0x0
rect:239 15 355 396 2
rect:242 116 177 369 3
YogyakartaInd2006_03.jpg 0x0
rect:247 112 24 7 16
rect:251 28 99 2 15
rect:375 68 101 50 16
rect:301 536 47 24 16
rect:324 83 182 77 15
rect:189 109 78 26 15
rect:227 451 291 22 15
rect:243 204 336 164 71
Chichi1999_20.jpg 0x0
rect:198 278 83 401 42
rect:205 314 64 215 41
Chichi1999_21.jpg 0x0
rect:472 7 120 86 57
rect:197 81 241 356 72
rect:391 143 155 117 6
rect:439 38 267 177 37
rect:18 4 229 167 30
rect:52 429 135 81 5
rect:158 295 120 117 37
rect:181 278 88 134 6
Chichi1999_22.jpg 0x0
rect:247 187 296 159 10
rect:553 179 16 18 73
rect:224 250 10 24 73
rect:192 290 13 25 73
Chichi1999_23.jpg 0x0
rect:124 227 38 117 73
rect:88 146 54 59 73
rect:4 51 602 203 74
rect:292 232 44 63 73
rect:298 161 23 31 27
rect:310 176 21 25 26
rect:320 264 81 105 73
rect:142 336 52 79 34
rect:254 402 33 58 34
rect:128 218 18 23 34
Chichi1999_24.jpg 0x0
rect:356 315 1 2 46
rect:3 396 354 245 74
rect:210 210 96 90 75
rect:174 232 56 41 46
rect:133 259 61 57 34
Chichi1999_25.jpg 0x0
rect:194 227 148 278 34
rect:257 267 43 81 26
rect:116 267 235 330 73
Chichi1999_26.jpg 0x0
rect:297 265 82 453 76
rect:211 123 71 119 73
rect:162 549 101 101 73
rect:162 531 76 85 26
rect:111 454 93 94 27
rect:329 14 62 25 73
Chichi1999_27.jpg 0x0
rect:129 229 93 444 32
Chichi1999_28.jpg 0x0
rect:373 120 115 298 75
rect:314 304 264 81 77
rect:23 64 304 137 6
rect:100 71 136 289 5
Chichi1999_29.jpg 0x0
rect:106 161 238 308 48
rect:192 188 78 220 52
rect:262 179 105 213 40
Chichi1999_30.jpg 0x0
rect:230 207 186 42 78
rect:258 135 253 255 40
rect:30 206 93 195 73
rect:243 123 161 89 52
Chichi1999_31.jpg 0x0
rect:523 96 49 170 48
rect:170 80 91 278 79
Chichi1999_32.jpg 0x0
rect:360 179 66 201 39
rect:144 149 42 125 81
rect:130 81 52 124 81
rect:144 9 123 451 80
Chichi1999_33.jpg 0x0
rect:94 80 157 434 33
rect:353 155 39 129 49
rect:169 140 95 242 32
rect:290 64 116 271 32
rect:265 102 111 165 56
rect:144 156 52 126 49
Chichi1999_34.jpg 0x0
rect:138 121 551 476 10
Duzce1999_01.jpg 0x0
rect:130 122 96 117 41
rect:110 47 135 352 39
Duzce1999_02.jpg 0x0
rect:72 63 156 451 41
Duzce1999_03.jpg 0x0
rect:231 117 127 365 31
rect:0 200 104 277 31
rect:98 99 83 274 42
Gediz1970_01.jpg 0x0
rect:286 458 65 201 69
rect:116 241 114 344 69
rect:151 74 238 459 68
Guatemala1976_01.jpg 0x0
rect:43 190 87 144 48
rect:43 130 47 34 41
rect:77 224 47 45 52
rect:493 100 121 127 48
rect:26 128 467 176 82
rect:448 219 75 88 41
Guatemala1976_02.jpg 0x0
rect:190 91 364 195 48
rect:340 52 97 119 40
Guatemala1976_03.jpg 0x0
rect:13 86 953 330 75
Guatemala1976_04.jpg 0x0
rect:31 61 531 192 30
rect:157 27 405 81 30
rect:521 199 157 313 4
rect:405 349 86 198 4
Guatemala1976_05.jpg 0x0
rect:207 179 392 163 41
rect:128 59 421 403 48
rect:209 114 381 224 40
Guatemala1976_06.jpg 0x0
rect:125 73 209 350 39
Guatemala1976_07.jpg 0x0
rect:27 206 45 57 6
rect:225 410 104 73 83
rect:25 239 602 379 10
Guatemala1976_08.jpg 0x0
rect:326 68 206 210 40
rect:138 47 367 490 41
rect:163 25 388 418 48
Guatemala1976_09.jpg 0x0
rect:153 279 43 38 84
rect:219 206 49 59 85
rect:770 345 61 45 85
rect:252 264 73 41 85
rect:313 315 54 49 84
rect:68 329 31 34 84
rect:550 408 70 81 84
rect:109 224 25 27 85
Guatemala1976_10.jpg 0x0
rect:221 152 193 341 86
rect:220 89 220 130 87
rect:315 340 38 149 87
Guatemala1976_11.jpg 0x0
rect:216 285 148 235 34
GujaratIndia2001_01.jpg 0x0
rect:232 456 241 86 2
rect:347 404 64 62 11
rect:29 278 208 212 4
rect:67 599 87 40 2
Haiti2010_01.jpg 0x0
rect:265 263 27 94 40
rect:144 40 98 108 7
rect:506 378 146 166 4
rect:229 141 125 362 41
rect:405 292 100 86 4
Haiti2010_02.jpg 0x0
rect:299 39 139 53 14
rect:45 82 596 268 88
Haiti2010_03.jpg 0x0
rect:292 292 207 162 32
rect:261 672 273 235 89
rect:472 1 74 724 32
rect:213 618 79 74 49
Haiti2010_04.jpg 0x0
rect:258 59 248 373 34
rect:2 156 252 183 6
rect:133 260 342 513 41
Haiti2010_05.jpg 0x0
rect:292 274 37 103 40
rect:191 304 133 146 52
rect:221 269 27 91 40
rect:260 214 207 549 90
Haiti2010_06.jpg 0x0
rect:298 146 54 38 6
rect:155 190 286 362 91
rect:519 167 620 534 91
rect:505 196 69 166 32
rect:164 246 33 36 34
rect:545 194 82 65 34
rect:278 113 203 364 33
ImperialValley1979_01.jpg 0x0
rect:484 407 32 24 32
rect:458 353 16 20 49
rect:607 215 31 38 32
rect:302 322 61 76 50
rect:11 338 76 55 49
rect:464 406 42 39 32
rect:279 352 34 17 49
rect:512 392 36 39 50
rect:10 235 102 153 32
rect:377 370 20 26 49
rect:42 362 121 109 50
ImperialValley1979_02.jpg 0x0
rect:149 98 84 245 50
rect:142 177 342 73 92
rect:390 144 37 169 50
rect:462 151 91 132 50
rect:281 107 139 211 32
rect:276 187 101 34 49
ImperialValley1979_03.jpg 0x0
rect:97 306 102 275 50
rect:139 358 207 208 32
rect:194 155 197 123 32
rect:291 320 77 134 50
rect:232 283 104 123 50
rect:121 421 275 44 92
rect:124 517 276 31 92
Izmit1999_01.jpg 0x0
rect:164 74 438 385 34
rect:290 183 47 112 27
rect:279 103 44 123 27
rect:192 136 37 100 27
rect:636 210 65 88 26
Izmit1999_02.jpg 0x0
rect:28 121 840 280 10
Izmit1999_03.jpg 0x0
rect:194 127 45 210 50
rect:169 175 316 29 92
rect:572 101 34 160 50
rect:422 112 55 358 50
rect:196 77 77 302 50
rect:423 67 33 177 50
rect:145 39 444 422 93
rect:185 49 310 381 32
Izmit1999_04.jpg 0x0
rect:63 499 78 63 34
rect:52 457 34 118 42
rect:62 446 43 77 41
rect:78 463 241 142 88
rect:413 82 89 99 41
rect:285 57 66 78 48
rect:408 400 84 72 41
rect:360 405 26 77 40
rect:494 472 21 47 40
rect:132 228 113 69 88
Izmit1999_05.jpg 0x0
rect:68 31 439 392 10
Izmit1999_06.jpg 0x0
rect:165 295 38 129 50
rect:148 349 174 89 49
rect:160 129 192 411 32
rect:189 202 106 260 50
rect:98 194 73 249 50
rect:209 178 53 175 50
Izmit1999_07.jpg 0x0
rect:321 356 72 442 4
rect:156 328 35 103 3
rect:326 168 38 118 3
rect:201 285 64 86 3
rect:289 45 144 60 6
rect:29 92 365 509 2
rect:284 96 70 65 3
Izmit1999_08.jpg 0x0
rect:375 6 101 67 45
rect:167 299 89 92 45
rect:242 239 216 126 88
rect:540 87 48 34 52
rect:472 61 90 68 41
rect:159 161 81 65 41
rect:161 32 112 81 34
Izmit1999_09.jpg 0x0
rect:243 189 74 92 41
rect:275 185 54 36 41
rect:39 155 57 37 41
rect:773 177 64 47 41
rect:313 188 136 116 94
rect:812 181 64 58 94
Izmit1999_10.jpg 0x0
rect:214 489 73 27 78
rect:51 156 371 32 78
rect:77 231 193 85 78
rect:201 133 42 182 40
rect:238 162 126 133 40
rect:73 109 86 153 40
rect:190 450 182 30 78
rect:255 371 36 99 40
rect:222 375 123 143 40
rect:73 187 217 450 41
rect:160 277 101 211 40
Izmit1999_11.jpg 0x0
rect:193 263 68 194 40
rect:187 283 91 162 41
rect:252 273 78 200 40
rect:217 220 88 200 40
rect:222 540 106 128 41
Izmit1999_12.jpg 0x0
rect:58 369 70 59 52
rect:67 239 22 33 40
rect:370 144 66 70 45
rect:66 338 74 70 94
rect:519 162 47 71 41
rect:472 80 49 97 41
rect:361 29 106 78 34
rect:373 166 90 50 7
rect:367 227 68 140 41
rect:1 255 22 44 41
rect:367 205 106 195 94
rect:397 276 52 97 52
rect:509 233 182 257 91
rect:21 63 51 26 6
rect:115 89 34 20 6
rect:210 206 37 39 6
rect:444 217 50 103 42
rect:162 199 85 47 88
Izmit1999_13.jpg 0x0
rect:180 282 134 117 94
rect:142 127 39 50 6
rect:4 86 105 171 42
rect:95 214 39 128 41
rect:209 196 73 63 52
rect:247 105 76 93 41
rect:273 87 140 304 48
rect:487 120 78 305 41
rect:261 346 44 101 41
Izmit1999_14.jpg 0x0
rect:554 64 69 95 34
rect:58 172 140 73 34
rect:517 409 64 48 34
rect:332 432 27 19 34
rect:283 394 52 29 34
rect:438 129 101 65 35
rect:561 301 84 48 34
rect:521 7 188 64 35
rect:367 50 64 53 95
Izmit1999_15.jpg 0x0
rect:104 180 280 342 42
Izmit1999_16.jpg 0x0
rect:147 101 42 82 40
rect:118 70 464 526 33
rect:98 75 186 323 39
rect:124 133 251 130 41
Izmit1999_17.jpg 0x0
rect:125 115 171 291 41
Izmit1999_18.jpg 0x0
rect:220 218 148 107 41
rect:130 175 116 312 39
Izmit1999_19.jpg 0x0
rect:319 131 281 304 32
rect:293 68 211 404 96
rect:481 149 36 106 50
rect:328 142 30 70 50
Kobe1995_01.jpg 0x0
rect:31 131 808 113 63
Kobe1995_02.jpg 0x0
rect:2 66 480 518 68
Kobe1995_03.jpg 0x0
rect:28 41 479 784 10
Kobe1995_04.jpg 0x0
rect:455 336 56 57 41
Kobe1995_05.jpg 0x0
rect:4 140 113 682 40
rect:398 189 221 401 40
rect:47 236 515 97 78
rect:120 173 262 646 52
rect:68 383 292 112 78
Kobe1995_06.jpg 0x0
rect:42 163 360 415 41
rect:153 292 321 405 42
Kobe1995_07.jpg 0x0
rect:500 113 31 26 39
rect:492 426 34 42 39
rect:493 228 42 42 39
rect:286 276 38 43 39
rect:159 258 30 41 39
rect:322 361 38 23 39
rect:388 308 51 47 39
rect:163 436 40 45 39
rect:370 455 32 52 39
rect:179 285 54 38 39
rect:319 306 36 25 39
rect:282 214 31 43 39
rect:84 297 31 31 39
rect:298 311 30 26 39
rect:36 234 37 22 39
rect:120 366 31 37 39
rect:185 596 54 40 39
rect:197 126 38 53 39
rect:230 143 29 37 39
rect:409 198 33 39 39
rect:563 539 41 36 39
rect:397 153 54 43 39
rect:43 257 49 50 39
rect:178 402 32 39 39
rect:200 368 42 38 39
rect:140 127 39 39 39
Kobe1995_08.jpg 0x0
rect:296 55 476 203 97
Kobe1995_09.jpg 0x0
rect:108 656 78 89 88
rect:193 443 193 60 97
rect:124 511 78 68 88
rect:99 592 86 74 88
SanSalvador_1986_01.jpg 0x0
rect:329 165 78 185 41
rect:48 3 128 165 68
SanSalvador_1986_02.jpg 0x0
rect:544 323 34 41 41
rect:149 146 22 33 41
rect:487 159 42 29 41
rect:345 248 20 36 41
rect:167 254 29 51 41
rect:148 175 36 31 41
rect:278 161 13 22 41
rect:375 146 29 58 42
rect:332 182 49 36 41
SikkimIndia2001_01.jpg 0x0
rect:212 148 143 160 34
SikkimIndia2001_02.jpg 0x0
rect:165 66 219 298 33
rect:9 204 45 33 54
rect:-12 2 369 76 33
rect:471 297 103 19 16
rect:441 91 94 48 16
rect:11 7 276 54 16
rect:391 142 121 207 33
rect:392 164 80 50 16
SikkimIndia2001_03.jpg 0x0
rect:243 110 60 236 69
rect:244 183 87 156 70
rect:199 12 192 411 98
SikkimIndia2001_04.jpg 0x0
rect:3 33 205 337 99
rect:327 134 185 112 99
rect:307 123 144 163 34
SumatraInd2009_01.jpg 0x0
rect:200 20 78 237 81
SumatraInd2009_02.jpg 0x0
rect:147 98 223 217 41
WhittierNarrows1987_01.jpg 0x0
rect:18 30 986 355 10
WhittierNarrows1987_02.jpg 0x0
rect:159 309 128 198 41
WhittierNarrows1987_03.jpg 0x0
rect:223 173 190 247 32
WhittierNarrows1987_04.jpg 0x0
rect:275 10 393 64 6
rect:289 61 97 156 41
rect:214 14 193 133 100
YogyakartaInd2006_01.jpg 0x0
rect:192 -16 498 343 29
rect:340 159 343 78 49
rect:176 39 367 286 32
YogyakartaInd2006_02.jpg 0x0
rect:279 74 59 167 70
rect:440 63 113 531 98
rect:394 89 61 263 69
