Anchorage1964_01.jpg 0x0
rect:93 9 193 193 1
rect:64 274 234 268 1
Anchorage1964_02.jpg 0x0
rect:302 195 30 71 3
rect:206 334 33 71 3
rect:558 275 14 66 3
rect:256 215 28 71 3
rect:268 225 25 47 3
rect:49 25 161 34 5
rect:194 237 423 108 2
rect:469 228 16 51 3
rect:117 291 41 16 6
rect:325 29 262 101 4
rect:23 247 131 55 5
rect:548 210 73 58 4
rect:120 291 30 25 6
rect:164 59 86 75 4
rect:295 234 33 57 3
rect:69 45 83 17 6
rect:400 317 19 41 3
rect:605 74 133 90 8
rect:171 150 52 72 7
Anchorage1964_03.jpg 0x0
rect:2 157 291 91 9
rect:331 94 291 186 9
rect:0 351 450 50 10
Anchorage1964_04.jpg 0x0
rect:297 139 23 21 5
rect:364 67 31 17 5
rect:241 239 24 30 8
rect:436 391 24 22 5
rect:187 88 24 17 5
rect:413 124 25 16 5
rect:366 130 14 32 1
rect:213 156 19 35 1
rect:132 335 43 17 5
rect:374 61 44 13 5
rect:271 458 7 1 1
rect:120 89 24 19 5
rect:332 141 33 16 5
rect:209 260 15 34 1
rect:131 208 26 20 5
rect:267 29 41 19 5
rect:276 401 27 27 1
rect:193 204 29 16 5
rect:409 177 30 15 5
rect:292 192 24 21 5
rect:466 388 28 21 5
rect:212 52 44 16 5
rect:149 343 47 16 5
rect:184 294 31 16 5
rect:395 343 20 19 5
rect:206 170 32 17 5
rect:345 209 14 31 1
rect:261 490 18 29 1
rect:333 284 14 22 1
rect:189 21 28 13 5
rect:137 205 38 14 5
rect:238 133 19 19 1
rect:427 401 38 20 5
rect:240 304 16 31 1
rect:379 307 30 21 5
rect:286 295 21 17 1
rect:189 543 24 14 5
rect:318 268 15 25 1
rect:245 338 66 16 2
Anchorage1964_05.jpg 0x0
rect:89 208 27 53 1
rect:461 106 39 67 1
rect:318 212 60 72 8
rect:518 1 50 52 1
rect:401 66 31 44 1
rect:95 98 15 43 1
rect:41 210 28 42 1
rect:256 61 74 24 5
rect:559 149 33 69 1
rect:73 239 17 63 1
rect:416 251 62 69 1
rect:750 393 35 14 6
rect:465 262 53 25 11
rect:45 427 20 68 1
rect:354 242 132 90 2
rect:87 67 31 36 1
rect:631 20 28 47 1
rect:668 226 51 44 5
rect:70 190 18 39 1
rect:576 158 37 61 1
rect:234 153 100 41 6
rect:79 26 22 30 1
rect:556 238 66 44 5
rect:219 207 28 26 11
rect:683 346 41 74 8
rect:183 213 101 28 5
rect:748 252 44 23 6
rect:43 481 18 47 1
rect:246 34 134 50 6
Anchorage1964_06.jpg 0x0
rect:199 316 94 111 11
rect:151 82 221 517 12
rect:123 119 99 374 3
Anchorage1964_07.jpg 0x0
rect:248 129 126 181 11
rect:561 217 103 88 11
rect:7 300 422 39 14
rect:406 167 49 143 13
rect:422 339 364 154 2
rect:8 74 744 537 2
rect:165 2 111 79 2
rect:249 116 60 168 3
rect:16 284 332 30 11
Anchorage1964_08.jpg 0x0
rect:382 593 159 121 1
rect:291 254 156 87 1
rect:328 43 87 128 1
rect:58 384 103 97 1
rect:49 61 171 119 1
rect:58 459 132 103 1
Anchorage1964_09.jpg 0x0
rect:572 35 75 56 8
rect:416 94 110 25 15
rect:114 144 284 13 15
rect:829 152 1 1 16
rect:98 131 56 60 1
rect:425 158 69 59 1
rect:378 210 87 65 8
rect:15 17 319 11 15
rect:529 92 122 28 15
rect:16 165 73 25 15
rect:94 45 56 59 8
rect:119 226 89 66 8
rect:403 8 317 10 15
rect:15 100 19 11 16
rect:48 189 65 7 16
rect:531 10 101 11 16
rect:268 108 59 75 1
rect:16 17 49 12 16
rect:724 137 65 94 1
Anchorage1964_10.jpg 0x0
rect:173 245 180 109 18
rect:84 531 351 152 18
rect:50 147 413 317 1
rect:203 296 82 154 17
Anchorage1964_11.jpg 0x0
rect:122 43 187 129 4
rect:511 7 133 36 1
rect:282 159 517 20 15
rect:589 96 192 104 1
rect:217 255 201 40 11
rect:141 211 547 72 2
rect:70 518 540 13 14
rect:78 365 459 22 14
Anchorage1964_12.jpg 0x0
rect:447 74 154 192 11
rect:11 102 514 310 2
rect:228 203 20 117 3
rect:345 70 41 244 3
rect:318 104 67 196 3
Anchorage1964_13.jpg 0x0
rect:603 329 36 158 20
rect:235 681 145 21 2
rect:390 449 99 15 19
Anchorage1964_14.jpg 0x0
rect:25 689 24 46 22
rect:336 253 189 55 15
rect:296 758 115 87 23
rect:10 707 201 68 11
rect:216 12 83 224 11
rect:253 13 79 861 20
rect:176 496 34 52 22
rect:40 628 58 52 22
rect:57 268 141 25 15
rect:243 335 77 99 21
rect:553 6 83 159 11
rect:118 770 46 53 22
Anchorage1964_15.jpg 0x0
rect:423 288 147 39 11
rect:357 7 73 49 4
rect:493 195 107 41 24
rect:255 129 38 77 11
rect:170 87 67 483 20
rect:243 130 38 64 25
rect:263 504 254 76 2
rect:205 10 71 61 4
rect:266 251 186 55 15
Anchorage1964_16.jpg 0x0
rect:280 182 289 217 11
rect:15 151 208 153 2
rect:250 80 342 166 2
rect:15 313 83 86 2
rect:627 182 174 133 2
rect:65 383 67 133 11
Anchorage1964_17.jpg 0x0
rect:253 48 160 207 9
rect:14 140 206 123 9
rect:7 208 712 279 10
Anchorage1964_18.jpg 0x0
rect:141 265 21 49 11
rect:154 202 71 130 4
rect:560 124 126 111 4
rect:315 166 120 79 4
rect:440 214 46 25 2
rect:267 393 57 19 2
rect:825 352 81 23 2
rect:383 386 328 28 15
rect:288 327 44 60 11
rect:116 320 61 47 11
Anchorage1964_19.jpg 0x0
rect:491 95 40 76 29
rect:574 124 18 29 26
rect:401 109 24 28 27
rect:329 83 88 129 29
rect:437 115 27 35 26
rect:25 229 38 100 27
rect:504 164 9 7 26
rect:271 291 59 97 26
rect:575 156 11 24 26
rect:5 207 93 177 26
rect:315 256 20 30 26
rect:445 292 47 32 28
rect:559 208 10 14 26
rect:215 101 38 49 26
rect:491 164 32 27 28
rect:392 203 19 29 26
rect:414 179 6 17 26
rect:449 146 23 51 29
Anchorage1964_20.jpg 0x0
rect:291 349 88 115 26
rect:163 79 84 57 26
rect:161 101 54 38 27
rect:488 513 38 97 26
rect:162 84 123 192 29
Anchorage1964_21.jpg 0x0
rect:2 85 41 32 26
rect:-6 70 99 168 29
rect:164 197 759 160 30
rect:64 212 25 25 26
Bingol2003_01.jpg 0x0
rect:434 274 98 78 6
rect:258 104 69 30 6
rect:714 85 81 105 6
rect:786 356 85 62 6
rect:744 318 92 71 33
rect:444 107 197 166 31
rect:110 200 75 91 33
rect:604 99 98 49 6
rect:1034 416 103 46 33
rect:641 404 126 82 6
rect:379 199 115 225 31
rect:491 256 40 63 34
rect:701 276 99 87 33
rect:679 309 34 62 6
rect:2 279 922 284 10
rect:354 223 42 150 34
rect:501 344 57 195 32
rect:329 234 62 73 33
rect:22 174 70 80 33
Bingol2003_02.jpg 0x0
rect:361 332 87 76 6
rect:523 243 85 109 26
rect:1036 61 136 99 36
rect:583 208 419 162 35
rect:165 359 125 173 32
rect:308 257 717 465 31
rect:208 117 494 177 34
rect:202 281 86 433 32
Bingol2003_03.jpg 0x0
rect:79 22 174 44 2
rect:802 249 319 764 4
rect:481 276 214 58 11
rect:444 177 466 218 2
rect:759 -10 267 244 4
rect:603 471 291 326 2
rect:146 58 114 101 33
Bingol2003_04.jpg 0x0
rect:160 538 290 176 2
rect:57 550 120 64 2
rect:118 558 29 96 3
rect:389 462 102 77 2
rect:61 705 28 67 3
rect:198 473 25 85 3
rect:368 218 209 208 4
rect:295 349 32 103 3
CanterburyNZSeries2010_01.jpg 0x0
rect:70 150 167 324 12
CanterburyNZSeries2010_02.jpg 0x0
rect:54 8 174 195 37
rect:49 49 181 263 6
CanterburyNZSeries2010_03.jpg 0x0
rect:50 96 282 174 38
CanterburyNZSeries2010_04.jpg 0x0
rect:143 310 69 226 41
rect:394 435 49 101 40
rect:275 386 27 49 40
rect:269 192 254 297 39
rect:429 434 13 59 40
rect:281 351 31 134 40
rect:337 427 25 48 40
rect:289 11 126 205 42
CanterburyNZSeries2010_05.jpg 0x0
rect:373 410 167 365 4
rect:308 149 133 143 15
CanterburyNZSeries2010_06.jpg 0x0
rect:70 152 678 732 4
rect:286 300 292 149 2
CanterburyNZSeries2010_08.jpg 0x0
rect:536 166 143 343 43
rect:870 311 89 139 44
rect:972 625 57 149 44
rect:963 502 23 168 32
CanterburyNZSeries2010_09.jpg 0x0
rect:269 367 183 288 39
rect:259 119 141 270 45
CanterburyNZSeries2010_10.jpg 0x0
rect:211 256 152 95 46
rect:290 346 185 107 6
rect:347 172 201 149 7
rect:295 258 338 280 6
CanterburyNZSeries2010_11.jpg 0x0
rect:287 287 346 119 7
rect:295 318 357 222 5
CanterburyNZSeries2010_12.jpg 0x0
rect:380 612 173 87 11
rect:5 251 649 294 47
rect:35 333 607 240 2
rect:146 517 190 58 11
CanterburyNZSeries2010_13.jpg 0x0
rect:179 13 540 625 12
rect:545 137 83 538 11
Caracas1967_01.jpg 0x0
rect:414 238 39 89 48
rect:280 128 62 126 48
rect:475 63 184 250 48
rect:354 235 12 61 48
Caracas1967_02.jpg 0x0
rect:209 154 237 246 51
rect:322 1 120 145 15
rect:100 365 44 37 50
rect:159 264 34 63 49
Caracas1967_03.jpg 0x0
rect:259 333 29 45 27
rect:226 61 81 111 14
rect:16 497 281 106 6
rect:211 285 66 79 26
rect:252 232 156 216 34
rect:454 266 25 102 27
Caracas1967_04.jpg 0x0
rect:98 387 168 152 34
rect:158 364 59 97 26
rect:125 450 22 83 27
Caracas1967_05.jpg 0x0
rect:236 335 53 179 40
rect:55 316 244 138 52
rect:42 84 515 710 48
rect:437 257 43 283 40
rect:44 325 64 302 40
rect:181 447 38 219 40
rect:209 175 46 189 40
rect:37 140 359 526 41
rect:160 398 54 174 40
rect:228 234 149 104 52
Caracas1967_06.jpg 0x0
rect:366 211 92 61 6
rect:414 79 328 264 7
Caracas1967_07.jpg 0x0
rect:317 219 181 240 34
rect:445 245 132 105 53
rect:416 9 89 343 34
rect:241 170 218 181 34
rect:387 333 104 70 53
rect:296 39 36 192 27
rect:274 121 60 241 27
Caracas1967_08.jpg 0x0
rect:163 262 75 102 55
rect:157 339 51 96 54
rect:442 179 93 172 54
Caracas1967_09.jpg 0x0
rect:89 216 71 55 48
rect:524 11 296 184 48
rect:20 166 42 69 48
rect:134 202 101 68 48
Caracas1967_10.jpg 0x0
rect:21 175 329 435 48
rect:37 213 313 449 41
rect:291 424 88 190 40
rect:404 224 107 144 40
Caracas1967_11.jpg 0x0
rect:47 18 501 772 48
rect:48 338 223 626 41
rect:291 10 120 365 41
Caracas1967_12.jpg 0x0
rect:459 281 29 44 32
rect:460 279 19 47 32
rect:249 256 23 37 56
rect:427 181 36 35 34
Caracas1967_13.jpg 0x0
rect:208 268 127 200 55
Caracas1967_14.jpg 0x0
rect:133 119 751 171 57
rect:107 308 263 38 6
Chichi1999_01.jpg 0x0
rect:3 6 898 216 58
rect:476 185 60 261 42
Chichi1999_02.jpg 0x0
rect:5 78 509 127 58
rect:341 97 262 315 59
Chichi1999_03.jpg 0x0
rect:65 180 54 135 60
rect:0 176 979 160 58
Chichi1999_04.jpg 0x0
rect:217 -12 48 105 48
rect:183 216 34 68 52
rect:265 204 69 257 48
Chichi1999_05.jpg 0x0
rect:286 152 37 50 41
rect:320 126 72 193 48
rect:492 234 36 26 41
rect:295 155 38 55 52
Chichi1999_06.jpg 0x0
rect:391 258 18 30 52
rect:212 13 488 176 10
rect:401 125 44 52 62
rect:417 -11 66 79 61
rect:750 228 30 55 41
rect:400 271 52 89 48
Chichi1999_07.jpg 0x0
rect:667 300 63 98 48
rect:737 309 20 19 64
rect:196 182 25 42 64
rect:375 214 24 38 64
rect:279 166 51 100 48
rect:154 135 53 198 48
rect:57 262 455 98 63
Chichi1999_08.jpg 0x0
rect:72 18 685 415 10
Chichi1999_09.jpg 0x0
rect:327 126 40 64 40
rect:243 74 169 118 41
rect:180 51 135 164 48
rect:239 132 31 67 40
Chichi1999_10.jpg 0x0
rect:115 19 634 366 10
Chichi1999_11.jpg 0x0
rect:2 110 184 473 10
rect:150 176 76 78 65
Chichi1999_12.jpg 0x0
rect:8 22 392 611 66
Chichi1999_13.jpg 0x0
rect:31 62 633 486 10
Chichi1999_14.jpg 0x0
rect:221 282 15 56 67
rect:237 492 86 52 67
rect:151 341 53 66 67
rect:104 527 29 44 67
rect:110 261 41 47 67
rect:485 357 44 42 67
rect:223 398 28 37 67
rect:81 558 42 48 67
rect:174 377 44 56 67
rect:204 263 25 30 39
rect:155 508 34 52 67
rect:140 559 19 50 67
rect:198 175 77 34 67
rect:330 271 43 59 39
rect:320 537 25 40 39
rect:133 486 75 34 67
rect:314 427 22 37 39
Chichi1999_15.jpg 0x0
rect:209 25 331 437 41
Chichi1999_16.jpg 0x0
rect:182 135 71 171 32
Chichi1999_17.jpg 0x0
rect:134 451 18 33 32
Chichi1999_18.jpg 0x0
rect:187 258 38 98 69
rect:192 280 21 167 69
rect:275 427 22 141 69
rect:198 343 54 104 70
rect:160 254 142 405 68
rect:230 164 37 124 69
Chichi1999_19.jpg 0x0
rect:233 24 342 505 2
rect:179 80 188 254 3
YogyakartaInd2006_03.jpg 0x0
rect:260 329 255 195 71
rect:166 154 16 6 16
rect:444 90 148 80 15
rect:259 502 47 27 16
rect:301 187 79 24 15
rect:252 333 239 26 15
rect:307 33 72 2 15
rect:357 89 90 42 16
Chichi1999_20.jpg 0x0
rect:343 389 73 149 41
rect:186 263 139 409 42
Chichi1999_21.jpg 0x0
rect:318 35 307 248 37
rect:69 313 145 94 5
rect:204 92 240 313 72
rect:456 88 171 124 6
rect:305 7 145 133 57
rect:245 291 176 196 37
rect:20 3 257 106 30
rect:208 253 77 115 6
Chichi1999_22.jpg 0x0
rect:563 219 11 16 73
rect:216 293 22 20 73
rect:244 204 16 25 73
rect:180 107 303 150 10
Chichi1999_23.jpg 0x0
rect:132 266 52 91 34
rect:268 135 19 27 26
rect:255 219 34 69 34
rect:3 82 437 143 74
rect:102 176 24 26 34
rect:330 203 42 23 27
rect:120 193 60 67 73
rect:111 407 40 132 73
rect:364 138 44 80 73
rect:286 346 82 132 73
Chichi1999_24.jpg 0x0
rect:358 413 1 2 46
rect:131 220 89 62 34
rect:232 238 40 74 46
rect:168 166 169 72 75
rect:3 390 347 172 74
Chichi1999_25.jpg 0x0
rect:123 309 124 259 34
rect:232 342 56 63 26
rect:131 282 203 385 73
Chichi1999_26.jpg 0x0
rect:209 15 34 39 73
rect:179 665 73 71 26
rect:200 326 161 485 76
rect:157 671 146 141 73
rect:173 509 139 132 27
rect:150 222 56 75 73
Chichi1999_27.jpg 0x0
rect:168 184 98 368 32
Chichi1999_28.jpg 0x0
rect:193 98 172 281 5
rect:282 276 245 100 77
rect:381 158 115 284 75
rect:14 50 306 108 6
Chichi1999_29.jpg 0x0
rect:142 216 91 127 52
rect:233 272 141 136 40
rect:114 256 258 229 48
Chichi1999_30.jpg 0x0
rect:229 128 229 230 40
rect:244 203 220 70 78
rect:181 135 143 51 52
rect:24 330 122 140 73
Chichi1999_31.jpg 0x0
rect:112 99 150 324 79
rect:466 104 49 189 48
Chichi1999_32.jpg 0x0
rect:192 64 54 112 81
rect:362 190 57 233 39
rect:140 6 96 403 80
rect:149 253 27 120 81
Chichi1999_33.jpg 0x0
rect:71 74 130 598 33
rect:184 84 90 365 32
rect:149 97 86 214 32
rect:103 168 41 126 49
rect:327 72 107 205 56
rect:281 138 31 118 49
Chichi1999_34.jpg 0x0
rect:153 75 493 344 10
Duzce1999_01.jpg 0x0
rect:115 51 108 323 39
rect:160 193 94 161 41
Duzce1999_02.jpg 0x0
rect:92 38 117 488 41
Duzce1999_03.jpg 0x0
rect:200 133 123 297 31
rect:83 73 118 267 42
rect:0 206 94 264 31
Gediz1970_01.jpg 0x0
rect:208 512 73 200 69
rect:125 132 334 660 68
rect:113 224 72 211 69
Guatemala1976_01.jpg 0x0
rect:63 223 52 35 52
rect:499 145 172 172 48
rect:30 144 706 128 82
rect:30 165 90 85 48
rect:625 122 67 99 41
rect:43 212 33 49 41
Guatemala1976_02.jpg 0x0
rect:254 50 82 117 40
rect:153 82 219 186 48
Guatemala1976_03.jpg 0x0
rect:17 99 910 359 75
Guatemala1976_04.jpg 0x0
rect:131 18 409 60 30
rect:637 207 141 231 4
rect:411 204 91 250 4
rect:28 71 402 312 30
Guatemala1976_05.jpg 0x0
rect:188 58 442 296 48
rect:214 144 369 187 40
rect:166 129 347 174 41
Guatemala1976_06.jpg 0x0
rect:96 81 279 475 39
Guatemala1976_07.jpg 0x0
rect:243 430 133 72 83
rect:28 248 82 56 6
rect:19 168 372 517 10
Guatemala1976_08.jpg 0x0
rect:231 64 236 335 41
rect:203 39 305 443 48
rect:361 75 221 368 40
Guatemala1976_09.jpg 0x0
rect:84 205 37 28 84
rect:615 332 57 62 84
rect:172 265 59 42 85
rect:119 343 34 37 85
rect:441 207 73 55 84
rect:455 223 78 37 85
rect:165 357 39 21 84
rect:533 218 44 37 85
Guatemala1976_10.jpg 0x0
rect:296 472 30 124 87
rect:138 123 216 203 87
rect:289 216 299 309 86
Guatemala1976_11.jpg 0x0
rect:171 275 166 283 34
GujaratIndia2001_01.jpg 0x0
rect:41 269 139 190 4
rect:339 436 43 48 11
rect:90 365 56 40 2
rect:226 331 201 76 2
Haiti2010_01.jpg 0x0
rect:154 52 125 112 7
rect:611 208 118 129 4
rect:411 513 134 203 4
rect:264 267 27 141 40
rect:211 117 192 281 41
Haiti2010_02.jpg 0x0
rect:65 105 621 186 88
rect:267 39 150 39 14
Haiti2010_03.jpg 0x0
rect:241 1 62 395 32
rect:224 706 274 224 89
rect:224 494 166 264 32
rect:184 670 65 62 49
Haiti2010_04.jpg 0x0
rect:208 56 299 276 34
rect:174 383 262 375 41
rect:2 108 356 173 6
Haiti2010_05.jpg 0x0
rect:257 178 262 552 90
rect:253 284 21 95 40
rect:421 175 30 94 40
rect:203 173 222 81 52
Haiti2010_06.jpg 0x0
rect:173 210 207 301 91
rect:585 156 644 532 91
rect:364 202 172 350 33
rect:582 204 90 295 32
rect:143 218 42 49 34
rect:436 235 75 54 6
rect:409 177 49 76 34
ImperialValley1979_01.jpg 0x0
rect:14 269 83 72 49
rect:526 364 24 37 50
rect:595 419 22 24 49
rect:436 386 48 53 32
rect:412 359 37 24 32
rect:11 336 159 141 32
rect:597 270 19 20 49
rect:374 412 39 37 32
rect:390 243 47 66 50
rect:365 275 30 18 49
rect:44 285 81 85 50
ImperialValley1979_02.jpg 0x0
rect:283 147 101 136 50
rect:386 142 48 176 50
rect:205 188 107 53 49
rect:210 213 349 48 92
rect:260 94 241 322 32
rect:202 158 77 142 50
ImperialValley1979_03.jpg 0x0
rect:131 368 251 43 92
rect:191 258 229 178 32
rect:89 226 73 199 50
rect:145 356 345 52 92
rect:207 291 120 105 50
rect:397 242 66 175 50
rect:109 219 171 150 32
Izmit1999_01.jpg 0x0
rect:223 140 43 136 27
rect:288 218 38 96 27
rect:640 222 45 64 26
rect:210 96 308 346 34
rect:252 88 65 142 27
Izmit1999_02.jpg 0x0
rect:33 148 931 197 10
Izmit1999_03.jpg 0x0
rect:502 94 38 184 50
rect:196 205 297 40 92
rect:151 110 56 345 50
rect:488 72 44 294 50
rect:289 154 45 259 50
rect:130 35 462 410 93
rect:498 85 31 192 50
rect:159 79 196 326 32
Izmit1999_04.jpg 0x0
rect:44 469 87 76 34
rect:347 89 77 56 41
rect:515 396 27 51 40
rect:58 378 48 108 41
rect:45 607 40 106 42
rect:113 338 112 89 88
rect:285 299 110 75 41
rect:403 467 24 70 40
rect:86 389 210 113 88
rect:396 77 63 118 48
Izmit1999_05.jpg 0x0
rect:91 31 826 519 10
Izmit1999_06.jpg 0x0
rect:140 219 107 153 50
rect:112 169 211 367 32
rect:199 293 155 85 49
rect:100 197 72 194 50
rect:214 198 40 180 50
rect:196 315 44 175 50
Izmit1999_07.jpg 0x0
rect:219 242 51 72 3
rect:218 295 55 154 3
rect:314 302 97 389 4
rect:329 164 45 134 3
rect:292 54 140 54 6
rect:457 149 89 94 3
rect:18 112 439 585 2
Izmit1999_08.jpg 0x0
rect:512 66 70 32 52
rect:242 295 205 140 88
rect:114 109 94 108 41
rect:128 404 112 76 45
rect:636 100 68 91 41
rect:566 5 92 73 45
rect:164 31 84 98 34
Izmit1999_09.jpg 0x0
rect:452 330 103 70 41
rect:335 299 128 97 94
rect:539 266 45 80 41
rect:49 250 42 55 41
rect:253 223 50 43 41
rect:735 310 72 96 94
Izmit1999_10.jpg 0x0
rect:97 442 205 77 78
rect:102 192 279 647 41
rect:326 391 53 90 40
rect:138 288 178 47 78
rect:262 106 118 103 40
rect:69 108 74 218 40
rect:142 145 70 262 40
rect:314 687 93 29 78
rect:289 124 45 125 40
rect:360 685 83 116 40
rect:46 149 386 59 78
Izmit1999_11.jpg 0x0
rect:407 258 67 145 40
rect:204 256 130 195 41
rect:189 311 93 134 41
rect:147 344 65 128 40
rect:197 177 65 113 40
Izmit1999_12.jpg 0x0
rect:511 155 80 55 7
rect:53 321 47 81 52
rect:255 305 73 91 41
rect:16 51 58 24 6
rect:301 387 72 120 52
rect:1 283 29 32 41
rect:78 228 32 35 40
rect:329 324 98 150 94
rect:538 181 45 70 41
rect:44 324 59 79 94
rect:87 63 37 26 6
rect:276 201 34 33 6
rect:347 155 38 78 42
rect:545 27 62 42 34
rect:670 158 230 159 91
rect:356 121 31 86 41
rect:161 222 74 44 88
rect:322 97 50 98 45
Izmit1999_13.jpg 0x0
rect:182 220 37 72 41
rect:140 174 87 97 94
rect:175 177 25 113 41
rect:333 62 167 435 48
rect:114 262 66 75 52
rect:246 132 117 238 41
rect:345 124 81 97 41
rect:102 111 55 58 6
rect:4 65 71 209 42
Izmit1999_14.jpg 0x0
rect:264 380 36 27 34
rect:431 50 39 44 95
rect:535 342 83 43 34
rect:481 199 69 59 35
rect:192 311 37 26 34
rect:546 298 90 50 34
rect:361 7 106 65 35
rect:45 124 103 80 34
rect:338 68 104 93 34
Izmit1999_15.jpg 0x0
rect:150 232 200 268 42
Izmit1999_16.jpg 0x0
rect:181 127 45 112 40
rect:118 72 183 359 39
rect:70 49 508 431 33
rect:153 111 157 166 41
Izmit1999_17.jpg 0x0
rect:87 136 220 311 41
Izmit1999_18.jpg 0x0
rect:157 125 185 329 39
rect:151 141 97 155 41
Izmit1999_19.jpg 0x0
rect:285 131 258 227 32
rect:515 148 27 71 50
rect:311 87 293 443 96
rect:618 108 23 104 50
Kobe1995_01.jpg 0x0
rect:32 113 965 197 63
Kobe1995_02.jpg 0x0
rect:2 50 670 592 68
Kobe1995_03.jpg 0x0
rect:42 72 584 721 10
Kobe1995_04.jpg 0x0
rect:390 277 59 45 41
Kobe1995_05.jpg 0x0
rect:369 187 154 315 40
rect:38 237 425 97 78
rect:90 383 239 129 78
rect:100 136 173 517 52
rect:4 162 91 435 40
Kobe1995_06.jpg 0x0
rect:204 492 360 427 42
rect:61 105 394 587 41
Kobe1995_07.jpg 0x0
rect:311 114 25 27 39
rect:306 275 38 49 39
rect:185 145 40 31 39
rect:42 217 47 61 39
rect:116 246 33 36 39
rect:137 129 48 44 39
rect:419 453 38 34 39
rect:329 203 41 56 39
rect:441 369 27 29 39
rect:274 506 31 44 39
rect:259 206 34 53 39
rect:229 210 34 44 39
rect:414 306 44 32 39
rect:444 112 54 36 39
rect:210 209 44 26 39
rect:381 171 38 54 39
rect:247 531 37 46 39
rect:243 290 43 33 39
rect:285 382 29 25 39
rect:36 234 46 31 39
rect:521 99 35 38 39
rect:181 393 42 38 39
rect:147 253 34 36 39
rect:531 447 34 40 39
rect:276 372 29 32 39
rect:177 253 44 41 39
Kobe1995_08.jpg 0x0
rect:353 78 437 214 97
Kobe1995_09.jpg 0x0
rect:92 539 64 89 88
rect:93 594 53 71 88
rect:268 695 236 71 97
rect:112 428 83 66 88
SanSalvador_1986_01.jpg 0x0
rect:78 3 104 192 68
rect:336 116 105 156 41
SanSalvador_1986_02.jpg 0x0
rect:413 135 39 45 41
rect:624 201 41 44 42
rect:253 291 38 44 41
rect:361 265 49 61 41
rect:444 118 14 35 41
rect:555 189 41 36 41
rect:225 226 30 25 41
rect:145 159 19 24 41
rect:157 224 39 46 41
SikkimIndia2001_01.jpg 0x0
rect:180 129 115 152 34
SikkimIndia2001_02.jpg 0x0
rect:421 118 80 111 33
rect:8 128 62 31 54
rect:13 7 277 91 16
rect:392 105 82 33 16
rect:-14 2 503 88 33
rect:153 59 206 350 33
rect:318 263 112 51 16
rect:493 293 100 17 16
SikkimIndia2001_03.jpg 0x0
rect:268 227 100 170 70
rect:216 9 150 509 98
rect:139 111 73 156 69
SikkimIndia2001_04.jpg 0x0
rect:3 38 351 290 99
rect:403 218 338 109 99
rect:238 217 100 145 34
SumatraInd2009_01.jpg 0x0
rect:340 25 70 402 81
SumatraInd2009_02.jpg 0x0
rect:215 72 162 229 41
WhittierNarrows1987_01.jpg 0x0
rect:15 39 613 336 10
WhittierNarrows1987_02.jpg 0x0
rect:198 265 93 369 41
WhittierNarrows1987_03.jpg 0x0
rect:220 141 205 327 32
WhittierNarrows1987_04.jpg 0x0
rect:246 8 239 89 6
rect:209 16 256 178 100
rect:256 61 117 253 41
YogyakartaInd2006_01.jpg 0x0
rect:178 49 362 290 32
rect:189 -28 297 645 29
rect:278 106 362 83 49
YogyakartaInd2006_02.jpg 0x0
rect:411 72 135 407 98
rect:439 70 55 179 70
rect:316 144 46 152 69
