Anchorage1964_01.jpg 0x0
rect:99 283 299 208 1
rect:97 5 169 173 1
Anchorage1964_02.jpg 0x0
rect:570 303 20 65 3
rect:335 317 24 85 3
rect:45 27 109 53 5
rect:126 250 57 12 6
rect:57 31 114 17 6
rect:303 42 330 75 4
rect:324 183 21 56 3
rect:161 182 68 66 7
rect:235 232 27 49 3
rect:571 54 146 115 8
rect:155 78 92 63 4
rect:273 314 32 45 3
rect:68 220 31 21 6
rect:24 151 185 56 5
rect:219 221 410 97 2
rect:208 254 18 62 3
rect:540 174 71 67 4
rect:502 234 13 71 3
rect:636 288 16 64 3
Anchorage1964_03.jpg 0x0
rect:0 315 804 81 10
rect:320 117 492 254 9
rect:2 269 262 96 9
Anchorage1964_04.jpg 0x0
rect:279 430 26 29 1
rect:321 244 33 19 5
rect:137 22 28 20 5
rect:263 198 13 32 1
rect:245 312 18 28 1
rect:289 384 22 19 5
rect:179 372 40 21 5
rect:401 188 28 24 5
rect:178 143 35 19 5
rect:249 460 9 1 1
rect:202 150 34 18 5
rect:391 81 40 17 5
rect:298 259 16 37 1
rect:279 410 14 24 1
rect:114 52 33 12 5
rect:178 582 25 22 5
rect:213 76 42 19 5
rect:215 381 10 27 1
rect:322 275 32 22 5
rect:246 96 27 11 5
rect:356 399 22 28 1
rect:343 105 31 17 5
rect:428 389 23 17 5
rect:354 328 27 32 1
rect:284 222 18 26 8
rect:197 154 28 23 5
rect:152 103 37 25 5
rect:207 272 39 18 5
rect:265 500 56 21 2
rect:176 447 33 19 5
rect:299 221 20 15 5
rect:410 194 38 20 5
rect:430 441 31 21 5
rect:209 226 22 23 1
rect:403 130 27 23 5
rect:393 26 38 21 5
rect:166 299 40 11 5
rect:206 221 24 26 1
rect:338 157 18 33 1
Anchorage1964_05.jpg 0x0
rect:436 294 38 84 8
rect:53 236 28 38 1
rect:294 145 146 91 2
rect:215 180 127 31 6
rect:25 289 29 63 1
rect:438 196 44 26 11
rect:246 55 104 35 5
rect:113 30 21 31 1
rect:502 158 44 53 1
rect:499 69 48 78 1
rect:499 141 35 62 1
rect:779 237 55 40 5
rect:89 329 16 43 1
rect:261 260 29 20 11
rect:156 49 101 54 6
rect:521 18 45 42 1
rect:670 346 44 17 6
rect:770 212 72 36 5
rect:143 158 111 19 5
rect:549 405 54 69 8
rect:477 78 33 62 1
rect:71 99 21 30 1
rect:42 195 22 32 1
rect:769 283 51 20 6
rect:92 80 16 53 1
rect:353 290 62 82 1
rect:516 1 47 72 1
rect:108 212 21 58 1
rect:77 53 29 49 1
Anchorage1964_06.jpg 0x0
rect:155 97 66 382 3
rect:112 91 149 491 12
rect:223 280 70 82 11
Anchorage1964_07.jpg 0x0
rect:202 92 148 132 11
rect:332 124 46 146 3
rect:221 2 105 82 2
rect:17 217 259 27 11
rect:7 70 907 489 2
rect:378 346 438 165 2
rect:239 183 51 85 13
rect:8 317 497 42 14
rect:556 232 77 110 11
Anchorage1964_08.jpg 0x0
rect:64 54 128 118 1
rect:57 325 97 113 1
rect:456 596 120 110 1
rect:326 40 114 88 1
rect:238 195 151 98 1
rect:31 483 72 118 1
Anchorage1964_09.jpg 0x0
rect:472 96 119 17 15
rect:362 148 122 23 15
rect:92 54 90 71 8
rect:192 93 318 13 15
rect:281 173 79 89 1
rect:12 18 71 13 16
rect:53 166 57 12 16
rect:13 166 97 25 15
rect:450 193 81 90 1
rect:501 188 1 1 16
rect:16 18 298 19 15
rect:475 6 235 13 15
rect:114 233 72 81 8
rect:467 41 91 64 8
rect:70 154 65 73 1
rect:224 160 85 84 1
rect:17 98 20 12 16
rect:425 12 106 14 16
rect:402 295 88 52 8
Anchorage1964_10.jpg 0x0
rect:63 308 246 150 18
rect:204 298 98 102 17
rect:49 213 312 354 1
rect:206 234 256 77 18
Anchorage1964_11.jpg 0x0
rect:253 214 284 39 11
rect:466 120 160 123 1
rect:563 7 94 28 1
rect:94 591 594 13 14
rect:88 478 520 20 14
rect:118 51 174 114 4
rect:218 143 456 16 15
rect:130 205 560 86 2
Anchorage1964_12.jpg 0x0
rect:283 60 39 266 3
rect:350 59 178 211 11
rect:13 95 439 338 2
rect:151 196 33 130 3
rect:520 90 52 246 3
Anchorage1964_13.jpg 0x0
rect:344 471 155 29 2
rect:319 515 106 12 19
rect:614 500 31 179 20
Anchorage1964_14.jpg 0x0
rect:307 158 204 52 15
rect:219 263 85 80 21
rect:460 6 58 119 11
rect:233 12 48 228 11
rect:425 714 187 89 23
rect:18 659 24 75 22
rect:64 195 134 41 15
rect:87 520 39 80 22
rect:10 445 229 72 11
rect:130 479 42 55 22
rect:44 607 37 77 22
rect:138 10 120 504 20
Anchorage1964_15.jpg 0x0
rect:389 316 99 31 24
rect:231 10 88 58 4
rect:232 50 61 552 20
rect:330 150 52 107 25
rect:279 141 36 77 11
rect:247 606 253 68 2
rect:302 295 136 33 11
rect:281 260 221 36 15
rect:352 7 79 65 4
Anchorage1964_16.jpg 0x0
rect:151 302 212 175 11
rect:14 109 196 232 2
rect:10 375 51 67 2
rect:637 179 112 142 2
rect:161 94 287 88 2
rect:80 295 89 106 11
Anchorage1964_17.jpg 0x0
rect:12 99 247 106 9
rect:9 185 840 189 10
rect:192 60 302 181 9
Anchorage1964_18.jpg 0x0
rect:558 189 116 97 4
rect:132 291 96 58 11
rect:229 261 27 45 11
rect:355 392 80 26 2
rect:605 340 78 18 2
rect:474 327 48 16 2
rect:154 340 21 59 11
rect:590 164 86 62 4
rect:376 339 398 25 15
rect:105 149 85 116 4
Anchorage1964_19.jpg 0x0
rect:6 197 69 123 26
rect:385 358 53 67 26
rect:334 125 26 25 27
rect:669 175 62 30 28
rect:301 78 71 59 26
rect:874 183 8 7 26
rect:297 93 35 27 26
rect:798 133 8 15 26
rect:430 194 8 28 26
rect:497 174 13 26 26
rect:554 120 15 45 26
rect:21 335 33 105 27
rect:394 122 31 82 29
rect:342 178 21 63 29
rect:537 207 31 30 28
rect:342 273 19 45 26
rect:344 182 6 15 26
rect:284 64 56 137 29
Anchorage1964_20.jpg 0x0
rect:225 334 81 127 26
rect:226 74 143 152 29
rect:154 121 59 63 27
rect:427 437 34 93 26
rect:175 121 102 72 26
Anchorage1964_21.jpg 0x0
rect:187 235 714 206 30
rect:-6 53 72 113 29
rect:59 387 27 37 26
rect:2 93 39 33 26
Bingol2003_01.jpg 0x0
rect:479 168 71 88 6
rect:549 303 42 54 6
rect:675 255 162 204 31
rect:2 335 649 200 10
rect:400 462 98 94 6
rect:679 348 93 56 6
rect:218 94 56 23 6
rect:901 458 98 53 33
rect:584 76 166 262 31
rect:372 200 66 84 33
rect:489 456 45 60 34
rect:510 67 73 87 6
rect:374 428 62 218 32
rect:878 470 58 52 33
rect:630 369 121 83 6
rect:22 213 71 59 33
rect:590 215 68 97 34
rect:167 149 79 56 33
rect:796 221 114 86 33
Bingol2003_02.jpg 0x0
rect:517 215 374 140 35
rect:298 292 805 338 31
rect:746 59 131 76 36
rect:318 431 102 104 6
rect:485 311 131 76 26
rect:134 76 449 199 34
rect:224 259 74 441 32
rect:116 642 164 169 32
Bingol2003_03.jpg 0x0
rect:762 -8 286 284 4
rect:92 29 183 36 2
rect:138 45 139 131 33
rect:794 560 247 354 2
rect:614 299 262 676 4
rect:448 171 267 196 2
rect:496 161 175 57 11
Bingol2003_04.jpg 0x0
rect:175 323 28 106 3
rect:298 534 123 94 2
rect:206 674 30 65 3
rect:346 264 140 205 4
rect:169 377 279 182 2
rect:74 433 87 67 2
rect:92 675 30 69 3
rect:69 479 29 55 3
CanterburyNZSeries2010_01.jpg 0x0
rect:107 149 138 380 12
CanterburyNZSeries2010_02.jpg 0x0
rect:42 9 134 274 37
rect:56 64 194 214 6
CanterburyNZSeries2010_03.jpg 0x0
rect:56 57 361 165 38
CanterburyNZSeries2010_04.jpg 0x0
rect:304 364 31 73 40
rect:311 467 19 57 40
rect:327 10 128 228 42
rect:195 476 34 202 40
rect:445 297 18 67 40
rect:243 224 142 272 39
rect:143 572 71 229 41
rect:441 462 34 93 40
CanterburyNZSeries2010_05.jpg 0x0
rect:300 152 180 133 15
rect:209 368 187 441 4
CanterburyNZSeries2010_06.jpg 0x0
rect:223 307 278 122 2
rect:68 83 914 611 4
CanterburyNZSeries2010_08.jpg 0x0
rect:910 684 57 134 44
rect:522 148 170 236 43
rect:784 350 128 162 44
rect:709 406 36 142 32
CanterburyNZSeries2010_09.jpg 0x0
rect:334 362 208 277 39
rect:234 91 228 193 45
CanterburyNZSeries2010_10.jpg 0x0
rect:254 186 330 122 7
rect:202 431 180 91 6
rect:270 298 462 281 6
rect:384 383 179 66 46
CanterburyNZSeries2010_11.jpg 0x0
rect:359 265 294 183 5
rect:389 235 246 162 7
CanterburyNZSeries2010_12.jpg 0x0
rect:41 318 936 347 2
rect:5 224 1101 482 47
rect:523 380 158 51 11
rect:245 478 110 42 11
CanterburyNZSeries2010_13.jpg 0x0
rect:117 15 432 514 12
rect:501 133 86 383 11
Caracas1967_01.jpg 0x0
rect:453 178 60 126 48
rect:488 80 158 232 48
rect:312 135 52 101 48
rect:240 193 11 48 48
Caracas1967_02.jpg 0x0
rect:197 247 234 262 51
rect:91 336 44 34 50
rect:204 1 84 145 15
rect:135 396 33 61 49
Caracas1967_03.jpg 0x0
rect:235 358 94 135 34
rect:16 441 200 110 6
rect:408 402 33 100 27
rect:335 492 29 52 27
rect:288 56 103 128 14
rect:297 346 47 56 26
Caracas1967_04.jpg 0x0
rect:118 223 219 145 34
rect:137 392 18 82 27
rect:136 462 51 93 26
Caracas1967_05.jpg 0x0
rect:294 144 47 184 40
rect:31 135 317 538 41
rect:83 291 169 137 52
rect:27 120 515 612 48
rect:155 240 55 231 40
rect:122 284 48 315 40
rect:187 264 48 261 40
rect:73 229 46 186 40
rect:274 282 48 149 40
rect:330 292 187 153 52
Caracas1967_06.jpg 0x0
rect:440 90 265 238 7
rect:349 216 95 52 6
Caracas1967_07.jpg 0x0
rect:366 378 91 94 53
rect:560 232 81 108 53
rect:350 45 26 239 27
rect:217 154 213 263 34
rect:266 117 52 234 27
rect:362 234 174 180 34
rect:273 8 74 232 34
Caracas1967_08.jpg 0x0
rect:234 335 67 86 54
rect:396 206 89 96 54
rect:186 261 61 85 55
Caracas1967_09.jpg 0x0
rect:565 12 177 196 48
rect:80 259 76 85 48
rect:34 247 54 62 48
rect:220 171 79 96 48
Caracas1967_10.jpg 0x0
rect:278 290 61 155 40
rect:13 218 606 412 48
rect:364 294 89 241 40
rect:29 254 324 319 41
Caracas1967_11.jpg 0x0
rect:58 13 482 966 48
rect:63 171 179 532 41
rect:293 18 188 213 41
Caracas1967_12.jpg 0x0
rect:488 234 37 31 34
rect:296 324 34 55 56
rect:859 353 28 71 32
rect:865 283 25 36 32
Caracas1967_13.jpg 0x0
rect:196 327 156 308 55
Caracas1967_14.jpg 0x0
rect:136 357 199 46 6
rect:156 100 429 221 57
Chichi1999_01.jpg 0x0
rect:362 143 44 144 42
rect:4 8 743 192 58
Chichi1999_02.jpg 0x0
rect:7 113 357 185 58
rect:461 110 190 444 59
Chichi1999_03.jpg 0x0
rect:0 112 978 217 58
rect:99 166 83 80 60
Chichi1999_04.jpg 0x0
rect:171 -18 42 159 48
rect:220 214 71 367 48
rect:281 182 30 45 52
Chichi1999_05.jpg 0x0
rect:369 342 36 35 41
rect:332 125 74 294 48
rect:307 121 61 55 41
rect:351 195 33 75 52
Chichi1999_06.jpg 0x0
rect:110 19 524 165 10
rect:378 163 26 23 52
rect:740 163 42 69 41
rect:557 -12 89 60 61
rect:244 249 43 95 48
rect:397 160 47 74 62
Chichi1999_07.jpg 0x0
rect:195 160 23 47 64
rect:704 214 18 25 64
rect:452 303 38 43 64
rect:46 259 600 142 63
rect:429 181 63 93 48
rect:120 137 56 202 48
rect:594 245 60 107 48
Chichi1999_08.jpg 0x0
rect:80 15 571 550 10
Chichi1999_09.jpg 0x0
rect:279 77 50 71 40
rect:270 59 188 185 48
rect:335 117 64 106 40
rect:215 100 138 66 41
Chichi1999_10.jpg 0x0
rect:122 14 650 325 10
Chichi1999_11.jpg 0x0
rect:125 170 82 67 65
rect:2 162 138 677 10
Chichi1999_12.jpg 0x0
rect:12 27 285 540 66
Chichi1999_13.jpg 0x0
rect:41 37 511 311 10
Chichi1999_14.jpg 0x0
rect:149 139 62 43 67
rect:238 326 35 43 67
rect:200 387 29 22 39
rect:146 377 51 83 67
rect:292 319 20 53 67
rect:90 168 35 52 67
rect:357 302 25 48 39
rect:143 482 27 35 67
rect:236 390 23 56 67
rect:58 497 57 54 67
rect:264 636 30 24 39
rect:107 473 41 32 67
rect:405 596 32 61 67
rect:115 332 81 39 67
rect:328 606 84 83 67
rect:142 565 26 51 67
rect:313 555 38 44 39
Chichi1999_15.jpg 0x0
rect:179 27 287 340 41
Chichi1999_16.jpg 0x0
rect:154 107 66 119 32
Chichi1999_17.jpg 0x0
rect:165 294 24 33 32
Chichi1999_18.jpg 0x0
rect:167 256 21 127 69
rect:243 298 42 150 70
rect:163 304 38 83 69
rect:222 209 192 552 68
rect:192 244 35 96 69
rect:299 396 29 100 69
Chichi1999_19.jpg 0x0
rect:227 93 144 229 3
rect:217 22 191 433 2
YogyakartaInd2006_03.jpg 0x0
rect:279 28 79 2 15
rect:359 66 101 42 15
rect:213 113 18 7 16
rect:214 304 217 135 71
rect:259 119 82 39 15
rect:241 399 227 27 15
rect:216 560 71 20 16
rect:341 59 68 35 16
Chichi1999_20.jpg 0x0
rect:146 262 138 258 42
rect:290 272 56 151 41
Chichi1999_21.jpg 0x0
rect:18 4 192 146 30
rect:157 91 227 195 72
rect:55 393 182 128 5
rect:273 304 65 101 6
rect:367 123 172 117 6
rect:148 256 227 113 37
rect:359 7 158 97 57
rect:261 43 313 147 37
Chichi1999_22.jpg 0x0
rect:296 311 18 16 73
rect:278 307 15 25 73
rect:265 122 299 147 10
rect:536 306 15 15 73
Chichi1999_23.jpg 0x0
rect:348 224 26 32 27
rect:213 299 86 105 73
rect:148 200 52 43 73
rect:135 292 54 122 73
rect:4 65 446 167 74
rect:111 298 52 63 34
rect:280 376 41 98 34
rect:204 207 32 27 26
rect:124 217 21 27 34
rect:355 149 50 65 73
Chichi1999_24.jpg 0x0
rect:168 218 87 43 34
rect:317 280 1 2 46
rect:220 166 177 117 75
rect:243 169 56 71 46
rect:3 247 371 245 74
Chichi1999_25.jpg 0x0
rect:259 287 55 87 26
rect:138 289 130 195 34
rect:163 158 161 330 73
Chichi1999_26.jpg 0x0
rect:127 712 105 80 27
rect:232 224 59 81 73
rect:226 13 36 38 73
rect:230 274 148 489 76
rect:161 621 56 78 26
rect:144 414 122 134 73
Chichi1999_27.jpg 0x0
rect:120 247 110 411 32
Chichi1999_28.jpg 0x0
rect:24 74 224 106 6
rect:305 314 228 112 77
rect:100 109 174 265 5
rect:214 149 149 258 75
Chichi1999_29.jpg 0x0
rect:190 206 248 286 48
rect:226 270 110 132 40
rect:205 322 78 189 52
Chichi1999_30.jpg 0x0
rect:258 151 146 97 52
rect:170 197 227 51 78
rect:216 110 211 307 40
rect:23 310 102 178 73
Chichi1999_31.jpg 0x0
rect:393 123 53 143 48
rect:195 120 136 243 79
Chichi1999_32.jpg 0x0
rect:197 149 46 147 81
rect:476 174 46 155 39
rect:142 8 76 373 80
rect:221 52 50 172 81
Chichi1999_33.jpg 0x0
rect:92 134 90 280 32
rect:82 59 151 427 33
rect:276 89 95 212 56
rect:178 119 61 93 49
rect:274 180 37 99 49
rect:288 118 106 202 32
Chichi1999_34.jpg 0x0
rect:113 91 329 361 10
Duzce1999_01.jpg 0x0
rect:141 53 108 273 39
rect:160 149 90 131 41
Duzce1999_02.jpg 0x0
rect:100 54 122 517 41
Duzce1999_03.jpg 0x0
rect:80 75 100 218 42
rect:0 207 127 282 31
rect:241 106 114 288 31
Gediz1970_01.jpg 0x0
rect:153 135 234 518 68
rect:160 327 110 348 69
rect:246 514 84 174 69
Guatemala1976_01.jpg 0x0
rect:463 182 144 119 48
rect:46 182 82 38 52
rect:74 235 52 46 41
rect:495 165 44 81 41
rect:27 156 699 191 82
rect:52 163 129 123 48
Guatemala1976_02.jpg 0x0
rect:239 60 298 205 48
rect:229 71 79 106 40
Guatemala1976_03.jpg 0x0
rect:13 82 949 406 75
Guatemala1976_04.jpg 0x0
rect:440 343 99 232 4
rect:632 245 114 388 4
rect:41 54 441 301 30
rect:159 33 378 58 30
Guatemala1976_05.jpg 0x0
rect:118 81 348 309 48
rect:209 204 273 168 41
rect:196 106 335 212 40
Guatemala1976_06.jpg 0x0
rect:142 83 197 494 39
Guatemala1976_07.jpg 0x0
rect:158 733 166 104 83
rect:19 200 440 280 10
rect:20 385 54 58 6
Guatemala1976_08.jpg 0x0
rect:255 95 128 254 40
rect:232 49 299 344 41
rect:145 40 336 412 48
Guatemala1976_09.jpg 0x0
rect:144 383 30 29 84
rect:168 308 44 50 85
rect:547 270 54 68 85
rect:418 362 38 45 84
rect:73 287 45 26 85
rect:417 242 71 30 85
rect:584 319 66 50 84
rect:106 270 42 22 84
Guatemala1976_10.jpg 0x0
rect:247 92 183 204 87
rect:290 151 292 249 86
rect:278 260 42 104 87
Guatemala1976_11.jpg 0x0
rect:130 235 146 282 34
GujaratIndia2001_01.jpg 0x0
rect:25 508 199 122 4
rect:61 592 80 26 2
rect:392 354 74 73 11
rect:127 390 294 110 2
Haiti2010_01.jpg 0x0
rect:335 311 22 133 40
rect:315 163 203 407 41
rect:690 178 135 114 4
rect:508 558 199 162 4
rect:97 42 123 104 7
Haiti2010_02.jpg 0x0
rect:39 92 496 159 88
rect:339 23 176 63 14
Haiti2010_03.jpg 0x0
rect:226 412 152 197 32
rect:194 413 88 69 49
rect:426 1 61 668 32
rect:306 772 283 236 89
Haiti2010_04.jpg 0x0
rect:2 167 265 133 6
rect:116 371 345 388 41
rect:259 60 217 298 34
Haiti2010_05.jpg 0x0
rect:174 191 288 336 90
rect:178 299 157 109 52
rect:320 199 24 129 40
rect:310 279 36 118 40
Haiti2010_06.jpg 0x0
rect:540 190 89 53 6
rect:266 362 39 35 34
rect:427 209 230 284 33
rect:577 209 80 121 34
rect:192 182 339 337 91
rect:468 212 796 887 91
rect:359 163 84 285 32
ImperialValley1979_01.jpg 0x0
rect:304 367 59 67 32
rect:624 319 17 19 49
rect:415 394 33 43 32
rect:307 389 38 29 50
rect:682 236 38 24 32
rect:527 417 29 19 49
rect:285 374 37 48 50
rect:13 449 83 65 49
rect:62 283 108 114 50
rect:15 307 120 109 32
rect:269 435 38 21 49
ImperialValley1979_02.jpg 0x0
rect:209 153 224 53 92
rect:256 139 105 176 50
rect:271 92 153 181 32
rect:301 175 90 36 49
rect:315 181 35 141 50
rect:179 99 67 262 50
ImperialValley1979_03.jpg 0x0
rect:83 437 213 32 92
rect:369 373 52 166 50
rect:109 298 201 31 92
rect:77 199 111 283 50
rect:190 328 83 100 50
rect:132 320 221 201 32
rect:206 209 222 103 32
Izmit1999_01.jpg 0x0
rect:225 68 57 231 27
rect:226 55 369 350 34
rect:500 268 41 53 26
rect:224 285 34 119 27
rect:180 149 43 114 27
Izmit1999_02.jpg 0x0
rect:25 114 715 181 10
Izmit1999_03.jpg 0x0
rect:172 62 283 353 32
rect:565 61 51 325 50
rect:198 117 42 138 50
rect:196 35 344 490 93
rect:204 216 287 38 92
rect:309 95 38 305 50
rect:117 102 86 229 50
rect:510 64 39 312 50
Izmit1999_04.jpg 0x0
rect:335 371 21 50 40
rect:73 590 38 78 42
rect:304 252 102 74 41
rect:63 422 72 48 34
rect:62 575 54 120 41
rect:238 70 86 100 41
rect:84 597 223 161 88
rect:115 244 164 65 88
rect:304 317 26 45 40
rect:323 73 59 105 48
Izmit1999_05.jpg 0x0
rect:118 32 607 350 10
Izmit1999_06.jpg 0x0
rect:160 306 155 80 49
rect:331 313 60 203 50
rect:195 198 86 275 50
rect:112 215 70 206 50
rect:143 118 226 459 32
rect:247 344 44 165 50
Izmit1999_07.jpg 0x0
rect:17 136 466 540 2
rect:272 247 53 118 3
rect:330 203 102 301 4
rect:237 205 28 77 3
rect:441 86 67 60 3
rect:202 219 54 159 3
rect:435 52 103 47 6
Izmit1999_08.jpg 0x0
rect:587 95 95 59 41
rect:165 25 65 120 34
rect:177 251 188 89 88
rect:681 6 74 77 45
rect:161 120 86 81 41
rect:173 438 89 74 45
rect:653 95 44 26 52
Izmit1999_09.jpg 0x0
rect:399 218 117 109 94
rect:235 240 114 110 41
rect:495 184 44 59 41
rect:52 229 44 69 41
rect:276 194 52 40 41
rect:560 175 66 76 94
Izmit1999_10.jpg 0x0
rect:305 504 75 130 40
rect:218 523 97 32 78
rect:78 157 66 133 40
rect:106 214 73 218 40
rect:33 216 374 55 78
rect:115 387 345 87 78
rect:326 409 56 69 40
rect:273 751 62 34 78
rect:71 163 380 586 41
rect:346 154 101 139 40
rect:162 171 61 198 40
Izmit1999_11.jpg 0x0
rect:182 177 126 146 41
rect:262 531 115 164 41
rect:197 191 59 198 40
rect:130 272 58 163 40
rect:300 345 84 147 40
Izmit1999_12.jpg 0x0
rect:211 167 43 26 6
rect:41 262 65 66 52
rect:285 306 100 164 94
rect:169 228 75 74 88
rect:537 221 55 49 41
rect:427 19 69 56 34
rect:580 123 50 81 41
rect:13 73 46 25 6
rect:104 360 32 50 40
rect:80 88 42 19 6
rect:56 269 84 87 94
rect:272 241 41 151 42
rect:1 155 41 50 41
rect:286 108 36 54 45
rect:347 219 148 197 91
rect:278 388 80 100 52
rect:257 366 62 90 41
rect:309 190 87 41 7
Izmit1999_13.jpg 0x0
rect:130 206 32 109 41
rect:120 139 60 54 6
rect:5 101 121 213 42
rect:392 118 67 313 41
rect:231 241 31 88 41
rect:342 77 83 125 41
rect:193 58 197 231 48
rect:144 188 115 144 94
rect:169 244 81 60 52
Izmit1999_14.jpg 0x0
rect:299 8 136 69 35
rect:346 262 58 40 34
rect:313 140 75 63 35
rect:425 44 54 65 95
rect:283 415 48 36 34
rect:349 267 68 36 34
rect:256 336 44 29 34
rect:42 192 141 63 34
rect:447 57 104 98 34
Izmit1999_15.jpg 0x0
rect:195 155 334 337 42
Izmit1999_16.jpg 0x0
rect:108 85 335 513 33
rect:161 86 171 320 39
rect:136 138 220 127 41
rect:207 119 40 137 40
Izmit1999_17.jpg 0x0
rect:87 101 215 315 41
Izmit1999_18.jpg 0x0
rect:191 182 89 180 41
rect:128 184 155 305 39
Izmit1999_19.jpg 0x0
rect:293 63 306 385 96
rect:427 198 28 92 50
rect:458 153 25 68 50
rect:249 129 298 290 32
Kobe1995_01.jpg 0x0
rect:26 107 766 173 63
Kobe1995_02.jpg 0x0
rect:2 73 446 665 68
Kobe1995_03.jpg 0x0
rect:27 67 561 564 10
Kobe1995_04.jpg 0x0
rect:448 252 61 52 41
Kobe1995_05.jpg 0x0
rect:91 747 323 152 78
rect:134 117 213 457 52
rect:264 133 142 562 40
rect:31 243 311 95 78
rect:4 158 102 514 40
Kobe1995_06.jpg 0x0
rect:54 127 446 556 41
rect:207 481 227 484 42
Kobe1995_07.jpg 0x0
rect:39 351 45 62 39
rect:363 348 31 35 39
rect:488 317 33 48 39
rect:286 145 49 25 39
rect:278 91 30 25 39
rect:208 178 46 40 39
rect:145 322 36 40 39
rect:278 207 28 44 39
rect:429 450 25 59 39
rect:192 110 40 48 39
rect:202 413 36 33 39
rect:36 418 49 31 39
rect:203 441 25 30 39
rect:146 229 48 38 39
rect:208 275 42 45 39
rect:435 555 42 32 39
rect:310 226 36 46 39
rect:392 102 52 49 39
rect:423 437 49 39 39
rect:197 272 37 36 39
rect:302 158 36 46 39
rect:348 200 37 54 39
rect:347 314 33 34 39
rect:377 370 41 18 39
rect:160 467 39 43 39
rect:225 238 41 50 39
Kobe1995_08.jpg 0x0
rect:369 50 381 205 97
Kobe1995_09.jpg 0x0
rect:72 587 78 59 88
rect:267 608 174 90 97
rect:102 842 80 73 88
rect:80 640 55 69 88
SanSalvador_1986_01.jpg 0x0
rect:271 130 133 160 41
rect:66 3 80 314 68
SanSalvador_1986_02.jpg 0x0
rect:530 178 42 49 41
rect:141 179 32 43 41
rect:170 144 26 31 41
rect:289 168 14 36 41
rect:428 317 24 49 41
rect:555 226 31 48 41
rect:206 207 25 36 41
rect:227 207 47 40 41
rect:502 187 35 54 42
SikkimIndia2001_01.jpg 0x0
rect:258 119 139 158 34
SikkimIndia2001_02.jpg 0x0
rect:341 298 101 52 16
rect:310 90 99 114 33
rect:177 54 157 303 33
rect:485 196 89 18 16
rect:383 87 101 50 16
rect:9 7 360 97 16
rect:-17 2 434 89 33
rect:10 111 45 57 54
SikkimIndia2001_03.jpg 0x0
rect:234 68 74 151 69
rect:212 11 149 590 98
rect:289 249 118 172 70
SikkimIndia2001_04.jpg 0x0
rect:3 34 332 229 99
rect:256 205 132 209 34
rect:420 173 336 95 99
SumatraInd2009_01.jpg 0x0
rect:263 23 72 403 81
SumatraInd2009_02.jpg 0x0
rect:263 76 127 170 41
WhittierNarrows1987_01.jpg 0x0
rect:19 26 683 448 10
WhittierNarrows1987_02.jpg 0x0
rect:166 354 136 204 41
WhittierNarrows1987_03.jpg 0x0
rect:261 116 178 294 32
WhittierNarrows1987_04.jpg 0x0
rect:320 13 275 141 100
rect:208 9 274 80 6
rect:195 61 70 208 41
YogyakartaInd2006_01.jpg 0x0
rect:300 47 257 230 32
rect:281 153 209 67 49
rect:126 -19 512 529 29
YogyakartaInd2006_02.jpg 0x0
rect:387 52 169 323 98
rect:260 93 58 152 69
rect:293 91 74 239 70
