Anchorage1964_01.jpg 0x0
rect:108 7 155 164 1
rect:71 300 308 167 1
Anchorage1964_02.jpg 0x0
rect:325 243 28 56 3
rect:321 326 19 81 3
rect:378 229 18 41 3
rect:137 147 50 16 6
rect:346 299 27 87 3
rect:358 363 32 78 3
rect:438 267 16 58 3
rect:212 284 342 131 2
rect:421 81 161 123 8
rect:575 215 71 64 4
rect:263 214 26 69 3
rect:225 43 182 68 4
rect:119 198 66 58 7
rect:98 251 26 21 6
rect:586 266 16 54 3
rect:160 78 102 60 4
rect:42 24 158 54 5
rect:36 152 103 46 5
rect:91 44 67 13 6
Anchorage1964_03.jpg 0x0
rect:2 150 200 80 9
rect:0 343 827 59 10
rect:261 86 413 207 9
Anchorage1964_04.jpg 0x0
rect:142 348 41 17 5
rect:251 301 20 23 1
rect:330 382 32 19 5
rect:244 184 28 23 5
rect:268 30 42 22 5
rect:179 442 38 16 5
rect:283 234 12 26 1
rect:326 247 22 25 1
rect:158 367 44 16 2
rect:199 267 19 24 1
rect:127 42 38 14 5
rect:437 396 37 13 5
rect:125 163 28 13 5
rect:307 284 22 12 5
rect:193 209 22 16 5
rect:274 464 8 1 1
rect:280 160 14 31 1
rect:203 513 34 25 5
rect:340 465 34 20 5
rect:214 306 31 17 5
rect:408 78 32 17 5
rect:168 285 22 19 8
rect:154 26 31 22 5
rect:215 324 12 23 1
rect:300 148 26 25 1
rect:255 198 30 16 5
rect:386 208 43 22 5
rect:157 189 33 22 5
rect:281 331 15 41 1
rect:201 117 34 15 5
rect:266 453 30 26 5
rect:332 97 22 13 5
rect:391 61 47 13 5
rect:209 345 32 18 5
rect:364 394 17 32 1
rect:241 292 16 19 1
rect:225 164 35 22 5
rect:427 270 21 15 5
rect:229 458 25 25 1
Anchorage1964_05.jpg 0x0
rect:412 70 30 75 1
rect:261 35 73 30 5
rect:116 30 20 27 1
rect:726 308 60 35 5
rect:138 49 135 41 6
rect:488 334 59 77 8
rect:62 268 22 44 1
rect:615 161 37 73 1
rect:351 336 46 86 8
rect:72 89 16 64 1
rect:549 212 38 40 1
rect:807 237 42 17 6
rect:728 193 44 25 6
rect:517 20 32 51 1
rect:530 81 42 59 1
rect:44 119 13 36 1
rect:66 235 24 36 1
rect:576 352 40 50 1
rect:61 335 19 41 1
rect:333 219 29 17 11
rect:521 1 41 56 1
rect:37 463 26 46 1
rect:219 225 101 72 2
rect:211 177 125 54 6
rect:41 416 23 45 1
rect:337 274 55 25 11
rect:145 177 130 22 5
rect:79 70 28 34 1
rect:446 291 61 29 5
Anchorage1964_06.jpg 0x0
rect:149 93 247 412 12
rect:210 172 55 78 11
rect:161 113 108 270 3
Anchorage1964_07.jpg 0x0
rect:429 105 43 92 13
rect:19 264 353 35 11
rect:7 378 412 25 14
rect:458 172 72 68 11
rect:147 2 131 65 2
rect:8 86 665 306 2
rect:331 101 140 178 11
rect:266 163 60 112 3
rect:463 286 443 173 2
Anchorage1964_08.jpg 0x0
rect:34 469 122 99 1
rect:418 31 124 115 1
rect:427 178 104 141 1
rect:53 275 85 122 1
rect:48 83 142 149 1
rect:232 344 144 144 1
Anchorage1964_09.jpg 0x0
rect:334 161 68 56 1
rect:651 142 80 64 1
rect:706 280 98 81 8
rect:594 8 97 8 16
rect:18 105 17 8 16
rect:342 8 300 17 15
rect:135 328 71 67 8
rect:276 168 48 86 1
rect:678 30 74 48 8
rect:15 168 74 18 15
rect:504 171 1 1 16
rect:118 53 92 87 8
rect:14 20 59 14 16
rect:733 120 99 21 15
rect:64 156 72 9 16
rect:117 175 92 78 1
rect:192 148 315 9 15
rect:547 122 95 24 15
rect:13 18 509 15 15
Anchorage1964_10.jpg 0x0
rect:118 250 193 75 18
rect:67 224 262 258 1
rect:76 280 352 142 18
rect:149 212 119 125 17
Anchorage1964_11.jpg 0x0
rect:121 226 594 102 2
rect:53 623 732 13 14
rect:68 367 735 20 14
rect:233 237 360 36 11
rect:719 6 106 47 1
rect:286 174 503 26 15
rect:743 96 120 120 1
rect:97 54 156 132 4
Anchorage1964_12.jpg 0x0
rect:556 108 41 164 3
rect:222 89 41 288 3
rect:15 99 548 272 2
rect:507 81 148 183 11
rect:133 225 22 75 3
Anchorage1964_13.jpg 0x0
rect:519 333 39 180 20
rect:419 437 208 23 2
rect:371 563 91 16 19
Anchorage1964_14.jpg 0x0
rect:9 535 134 90 11
rect:201 230 55 80 21
rect:274 522 142 81 23
rect:429 164 173 58 15
rect:41 538 37 55 22
rect:86 200 115 38 15
rect:185 15 114 557 20
rect:379 7 95 154 11
rect:180 768 42 70 22
rect:254 14 89 244 11
rect:89 698 45 82 22
rect:27 535 24 50 22
Anchorage1964_15.jpg 0x0
rect:294 225 120 57 11
rect:189 10 53 82 4
rect:358 206 120 27 24
rect:150 65 74 434 20
rect:280 601 214 45 2
rect:457 11 83 72 4
rect:274 148 35 45 11
rect:322 111 58 75 25
rect:175 308 171 53 15
Anchorage1964_16.jpg 0x0
rect:461 228 136 215 2
rect:86 402 59 109 11
rect:18 353 68 70 2
rect:174 105 261 133 2
rect:10 126 174 170 2
rect:182 168 186 229 11
Anchorage1964_17.jpg 0x0
rect:8 198 917 160 10
rect:279 65 227 270 9
rect:15 88 254 139 9
Anchorage1964_18.jpg 0x0
rect:430 333 61 22 2
rect:469 266 229 34 15
rect:384 171 116 97 4
rect:315 342 59 18 2
rect:392 384 25 15 2
rect:281 296 29 42 11
rect:561 132 130 95 4
rect:176 234 95 83 4
rect:158 240 15 35 11
rect:114 358 76 53 11
Anchorage1964_19.jpg 0x0
rect:529 166 17 36 26
rect:376 272 48 92 26
rect:559 176 5 13 26
rect:478 81 38 35 26
rect:331 176 22 52 29
rect:493 192 10 6 26
rect:479 205 8 12 26
rect:459 74 40 71 29
rect:338 85 83 121 29
rect:26 355 43 79 27
rect:349 125 18 26 26
rect:503 230 22 47 26
rect:591 183 47 45 28
rect:407 246 32 44 28
rect:376 167 10 28 26
rect:6 169 55 120 26
rect:387 130 64 35 26
rect:333 131 37 27 27
Anchorage1964_20.jpg 0x0
rect:220 98 89 47 27
rect:273 432 53 121 26
rect:244 81 89 46 26
rect:596 547 48 94 26
rect:129 87 104 141 29
Anchorage1964_21.jpg 0x0
rect:42 256 35 33 26
rect:-6 72 106 135 29
rect:155 146 548 144 30
rect:2 103 45 49 26
Bingol2003_01.jpg 0x0
rect:718 215 60 79 6
rect:113 156 86 76 33
rect:20 255 57 74 33
rect:685 106 159 258 31
rect:303 316 129 112 6
rect:792 100 68 65 6
rect:643 81 97 62 6
rect:420 272 55 58 6
rect:504 223 47 139 34
rect:456 461 191 67 6
rect:573 252 54 171 32
rect:906 333 78 66 33
rect:369 309 185 133 31
rect:2 427 1156 286 10
rect:168 87 90 35 6
rect:687 526 105 33 33
rect:1024 293 123 57 33
rect:651 333 43 46 34
rect:254 193 57 87 33
Bingol2003_02.jpg 0x0
rect:296 329 91 93 6
rect:530 187 380 125 35
rect:201 202 107 268 32
rect:184 310 980 497 31
rect:610 81 168 71 36
rect:128 622 179 198 32
rect:453 234 111 127 26
rect:159 120 497 228 34
Bingol2003_03.jpg 0x0
rect:83 26 129 44 2
rect:132 60 125 123 33
rect:462 202 256 50 11
rect:756 246 251 524 4
rect:888 -6 285 190 4
rect:914 601 280 327 2
rect:451 211 440 183 2
Bingol2003_04.jpg 0x0
rect:216 628 35 81 3
rect:175 308 316 191 2
rect:99 528 37 86 3
rect:232 205 144 146 4
rect:77 597 79 63 2
rect:70 662 18 77 3
rect:333 703 90 81 2
rect:182 478 37 143 3
CanterburyNZSeries2010_01.jpg 0x0
rect:85 124 117 354 12
CanterburyNZSeries2010_02.jpg 0x0
rect:47 9 143 326 37
rect:62 48 111 219 6
CanterburyNZSeries2010_03.jpg 0x0
rect:33 52 349 134 38
CanterburyNZSeries2010_04.jpg 0x0
rect:183 304 199 391 39
rect:236 9 113 126 42
rect:249 461 44 135 40
rect:363 417 12 64 40
rect:183 303 23 165 40
rect:273 525 24 33 40
rect:370 498 32 82 40
rect:153 459 105 188 41
CanterburyNZSeries2010_05.jpg 0x0
rect:250 315 191 451 4
rect:381 209 105 106 15
CanterburyNZSeries2010_06.jpg 0x0
rect:174 191 221 132 2
rect:51 145 831 588 4
CanterburyNZSeries2010_08.jpg 0x0
rect:657 473 120 155 44
rect:910 428 27 167 32
rect:513 144 167 259 43
rect:1075 689 72 167 44
CanterburyNZSeries2010_09.jpg 0x0
rect:284 127 220 180 45
rect:261 383 147 356 39
CanterburyNZSeries2010_10.jpg 0x0
rect:396 221 213 120 7
rect:210 565 196 141 6
rect:285 304 357 296 6
rect:305 416 229 61 46
CanterburyNZSeries2010_11.jpg 0x0
rect:262 281 358 143 7
rect:367 240 215 157 5
CanterburyNZSeries2010_12.jpg 0x0
rect:186 403 194 45 11
rect:50 417 1017 353 2
rect:6 267 1232 459 47
rect:714 506 179 86 11
CanterburyNZSeries2010_13.jpg 0x0
rect:128 17 373 651 12
rect:472 133 111 431 11
Caracas1967_01.jpg 0x0
rect:272 207 46 77 48
rect:333 118 68 70 48
rect:411 84 227 260 48
rect:396 208 9 53 48
Caracas1967_02.jpg 0x0
rect:120 376 43 78 49
rect:140 299 28 43 50
rect:158 173 182 262 51
rect:255 1 128 207 15
Caracas1967_03.jpg 0x0
rect:336 493 64 74 26
rect:14 327 306 107 6
rect:260 390 25 152 27
rect:288 340 38 72 27
rect:279 377 103 174 34
rect:189 80 89 105 14
Caracas1967_04.jpg 0x0
rect:98 383 52 99 26
rect:94 432 160 193 34
rect:162 250 15 84 27
Caracas1967_05.jpg 0x0
rect:322 217 46 276 40
rect:214 340 64 248 40
rect:310 230 69 170 40
rect:372 233 46 181 40
rect:199 285 54 175 40
rect:77 316 249 219 52
rect:74 262 67 344 40
rect:51 120 265 516 41
rect:31 88 316 513 48
rect:181 196 157 110 52
Caracas1967_06.jpg 0x0
rect:249 114 379 264 7
rect:393 211 69 52 6
Caracas1967_07.jpg 0x0
rect:146 168 171 221 34
rect:262 167 34 146 27
rect:315 367 114 50 53
rect:390 10 86 291 34
rect:345 295 180 201 34
rect:504 44 23 248 27
rect:562 397 128 82 53
Caracas1967_08.jpg 0x0
rect:300 387 64 112 54
rect:231 345 50 73 55
rect:451 210 63 127 54
Caracas1967_09.jpg 0x0
rect:311 12 274 206 48
rect:21 207 53 55 48
rect:126 177 84 86 48
rect:100 280 80 79 48
Caracas1967_10.jpg 0x0
rect:21 168 525 434 48
rect:278 273 93 242 40
rect:353 282 100 164 40
rect:41 221 327 369 41
Caracas1967_11.jpg 0x0
rect:45 11 317 711 48
rect:47 182 176 604 41
rect:340 17 131 318 41
Caracas1967_12.jpg 0x0
rect:220 269 21 36 56
rect:605 268 37 32 34
rect:570 437 22 56 32
rect:635 277 30 36 32
Caracas1967_13.jpg 0x0
rect:136 298 134 294 55
Caracas1967_14.jpg 0x0
rect:130 115 418 215 57
rect:137 257 260 46 6
Chichi1999_01.jpg 0x0
rect:433 184 42 243 42
rect:4 10 716 167 58
Chichi1999_02.jpg 0x0
rect:392 98 265 310 59
rect:7 86 326 201 58
Chichi1999_03.jpg 0x0
rect:0 153 747 147 58
rect:71 138 62 108 60
Chichi1999_04.jpg 0x0
rect:153 -16 41 93 48
rect:291 291 29 78 52
rect:163 272 101 392 48
Chichi1999_05.jpg 0x0
rect:427 186 24 39 41
rect:402 229 42 95 52
rect:484 102 54 67 41
rect:328 122 112 206 48
Chichi1999_06.jpg 0x0
rect:449 297 26 28 52
rect:694 157 44 47 41
rect:228 165 74 76 62
rect:416 202 46 109 48
rect:552 -11 98 97 61
rect:192 16 551 208 10
Chichi1999_07.jpg 0x0
rect:150 223 48 124 48
rect:218 193 31 57 64
rect:318 210 53 86 48
rect:408 227 35 136 48
rect:399 257 36 25 64
rect:59 212 544 145 63
rect:670 242 19 24 64
Chichi1999_08.jpg 0x0
rect:92 15 394 577 10
Chichi1999_09.jpg 0x0
rect:174 92 60 103 40
rect:282 108 40 67 40
rect:277 129 142 96 41
rect:264 83 174 149 48
Chichi1999_10.jpg 0x0
rect:125 17 439 415 10
Chichi1999_11.jpg 0x0
rect:164 171 69 75 65
rect:2 168 147 508 10
Chichi1999_12.jpg 0x0
rect:11 27 542 481 66
Chichi1999_13.jpg 0x0
rect:41 45 562 398 10
Chichi1999_14.jpg 0x0
rect:195 319 27 35 67
rect:153 406 63 68 67
rect:155 200 65 45 67
rect:134 316 38 54 67
rect:290 511 20 43 39
rect:231 271 25 18 39
rect:300 695 79 89 67
rect:261 298 13 54 67
rect:266 436 45 37 67
rect:208 492 24 40 67
rect:271 346 28 55 39
rect:95 352 32 57 67
rect:80 454 33 38 67
rect:85 423 53 37 67
rect:166 436 30 44 67
rect:229 458 26 43 39
rect:207 221 33 55 67
Chichi1999_15.jpg 0x0
rect:290 38 200 578 41
Chichi1999_16.jpg 0x0
rect:145 167 88 172 32
Chichi1999_17.jpg 0x0
rect:101 307 18 54 32
Chichi1999_18.jpg 0x0
rect:285 344 25 182 69
rect:125 167 29 71 69
rect:120 186 30 152 69
rect:360 374 38 105 70
rect:154 145 117 474 68
rect:169 293 33 124 69
Chichi1999_19.jpg 0x0
rect:188 146 144 301 3
rect:260 24 209 315 2
YogyakartaInd2006_03.jpg 0x0
rect:236 114 52 37 15
rect:174 20 100 2 15
rect:258 191 349 165 71
rect:469 105 64 40 16
rect:424 88 130 65 15
rect:300 179 22 7 16
rect:150 295 215 31 15
rect:284 379 68 24 16
Chichi1999_20.jpg 0x0
rect:260 391 39 237 41
rect:137 167 86 449 42
Chichi1999_21.jpg 0x0
rect:211 204 166 153 37
rect:251 112 297 261 72
rect:502 112 176 147 6
rect:531 7 89 87 57
rect:89 298 168 145 5
rect:299 349 96 148 6
rect:409 29 300 185 37
rect:23 4 267 168 30
Chichi1999_22.jpg 0x0
rect:231 202 12 21 73
rect:461 266 20 21 73
rect:184 184 13 22 73
rect:175 119 328 110 10
Chichi1999_23.jpg 0x0
rect:137 353 41 62 34
rect:300 298 74 97 73
rect:141 222 28 35 34
rect:237 232 50 62 73
rect:4 78 340 161 74
rect:249 129 23 22 26
rect:255 135 28 29 27
rect:132 330 49 78 73
rect:373 363 40 92 34
rect:159 121 61 59 73
Chichi1999_24.jpg 0x0
rect:3 286 335 251 74
rect:127 147 96 85 75
rect:241 193 91 41 34
rect:294 399 1 2 46
rect:162 149 33 57 46
Chichi1999_25.jpg 0x0
rect:191 211 127 245 34
rect:221 344 39 67 26
rect:143 192 144 380 73
Chichi1999_26.jpg 0x0
rect:182 20 34 25 73
rect:105 593 64 60 26
rect:87 384 127 159 73
rect:207 293 126 418 76
rect:102 661 144 140 27
rect:276 123 42 107 73
Chichi1999_27.jpg 0x0
rect:219 262 111 461 32
Chichi1999_28.jpg 0x0
rect:259 161 184 245 75
rect:180 133 155 253 5
rect:219 325 238 108 77
rect:26 66 265 111 6
Chichi1999_29.jpg 0x0
rect:172 210 150 248 48
rect:245 206 131 155 40
rect:156 266 89 211 52
Chichi1999_30.jpg 0x0
rect:31 274 121 214 73
rect:198 122 215 388 40
rect:269 162 192 55 52
rect:162 232 212 77 78
Chichi1999_31.jpg 0x0
rect:142 82 113 312 79
rect:390 98 48 224 48
Chichi1999_32.jpg 0x0
rect:536 101 66 157 39
rect:129 68 54 178 81
rect:201 154 26 120 81
rect:162 9 87 489 80
Chichi1999_33.jpg 0x0
rect:231 117 119 313 32
rect:351 165 51 116 49
rect:267 113 96 281 56
rect:135 153 112 313 32
rect:157 206 38 136 49
rect:71 80 168 536 33
Chichi1999_34.jpg 0x0
rect:133 72 550 405 10
Duzce1999_01.jpg 0x0
rect:129 70 116 431 39
rect:110 146 92 127 41
Duzce1999_02.jpg 0x0
rect:80 70 172 377 41
Duzce1999_03.jpg 0x0
rect:0 230 91 216 31
rect:83 118 107 291 42
rect:213 142 77 364 31
Gediz1970_01.jpg 0x0
rect:208 526 92 238 69
rect:146 73 209 632 68
rect:128 419 77 258 69
Guatemala1976_01.jpg 0x0
rect:72 192 58 42 52
rect:421 206 64 86 41
rect:37 146 98 105 48
rect:59 227 47 39 41
rect:20 132 709 204 82
rect:513 106 104 90 48
Guatemala1976_02.jpg 0x0
rect:282 71 106 106 40
rect:201 91 343 195 48
Guatemala1976_03.jpg 0x0
rect:12 74 802 412 75
Guatemala1976_04.jpg 0x0
rect:693 250 104 409 4
rect:43 78 518 293 30
rect:146 22 400 99 30
rect:397 277 83 320 4
Guatemala1976_05.jpg 0x0
rect:123 109 383 344 48
rect:190 143 466 174 40
rect:228 182 216 159 41
Guatemala1976_06.jpg 0x0
rect:149 121 224 575 39
Guatemala1976_07.jpg 0x0
rect:27 208 71 74 6
rect:244 667 130 76 83
rect:30 302 552 532 10
Guatemala1976_08.jpg 0x0
rect:177 60 340 373 41
rect:425 67 176 288 40
rect:212 29 316 503 48
Guatemala1976_09.jpg 0x0
rect:487 286 63 63 85
rect:431 350 91 39 85
rect:168 250 72 53 85
rect:98 228 41 31 84
rect:209 369 38 28 84
rect:430 299 43 68 84
rect:106 270 27 33 85
rect:779 368 66 50 84
Guatemala1976_10.jpg 0x0
rect:252 162 205 251 86
rect:189 153 224 126 87
rect:416 284 44 123 87
Guatemala1976_11.jpg 0x0
rect:233 194 102 218 34
GujaratIndia2001_01.jpg 0x0
rect:31 489 159 142 4
rect:70 550 80 45 2
rect:194 428 196 98 2
rect:392 459 48 68 11
Haiti2010_01.jpg 0x0
rect:532 577 169 204 4
rect:147 39 114 88 7
rect:642 261 86 119 4
rect:245 167 224 331 41
rect:389 275 23 133 40
Haiti2010_02.jpg 0x0
rect:55 79 620 175 88
rect:353 37 189 48 14
Haiti2010_03.jpg 0x0
rect:223 807 192 161 89
rect:304 433 72 49 49
rect:166 449 189 148 32
rect:358 1 47 414 32
Haiti2010_04.jpg 0x0
rect:148 319 293 585 41
rect:2 196 277 112 6
rect:182 37 160 333 34
Haiti2010_05.jpg 0x0
rect:344 285 223 150 52
rect:321 160 346 379 90
rect:398 327 43 92 40
rect:320 204 23 75 40
Haiti2010_06.jpg 0x0
rect:246 342 239 342 91
rect:496 204 91 46 6
rect:454 313 86 161 32
rect:452 202 210 464 33
rect:495 193 714 746 91
rect:386 119 90 112 34
rect:191 371 40 37 34
ImperialValley1979_01.jpg 0x0
rect:680 369 29 27 32
rect:14 336 87 78 49
rect:73 281 86 115 50
rect:13 296 182 171 32
rect:455 275 20 13 49
rect:456 227 56 49 32
rect:538 278 57 44 32
rect:336 233 36 41 50
rect:344 386 29 27 49
rect:296 289 39 18 49
rect:290 256 36 51 50
ImperialValley1979_02.jpg 0x0
rect:282 278 147 36 49
rect:336 167 46 155 50
rect:361 137 70 166 50
rect:282 70 155 255 32
rect:202 170 359 84 92
rect:124 88 74 138 50
ImperialValley1979_03.jpg 0x0
rect:123 295 327 41 92
rect:177 237 294 193 32
rect:85 295 239 42 92
rect:160 454 120 149 50
rect:130 217 102 237 50
rect:194 231 171 192 32
rect:229 227 51 220 50
Izmit1999_01.jpg 0x0
rect:216 62 264 271 34
rect:637 233 52 61 26
rect:285 81 56 205 27
rect:227 278 45 150 27
rect:185 149 55 131 27
Izmit1999_02.jpg 0x0
rect:35 81 504 312 10
Izmit1999_03.jpg 0x0
rect:241 97 51 157 50
rect:184 42 362 257 93
rect:491 107 65 251 50
rect:428 63 27 228 50
rect:148 83 46 318 50
rect:210 51 335 283 32
rect:195 205 270 34 92
rect:534 97 44 302 50
Izmit1999_04.jpg 0x0
rect:122 337 177 49 88
rect:290 353 74 81 41
rect:372 73 111 118 48
rect:76 430 71 132 41
rect:276 264 23 74 40
rect:287 324 29 50 40
rect:109 588 225 139 88
rect:43 303 71 63 34
rect:244 63 73 94 41
rect:47 467 28 70 42
Izmit1999_05.jpg 0x0
rect:116 26 730 479 10
Izmit1999_06.jpg 0x0
rect:267 281 32 183 50
rect:116 326 106 79 49
rect:108 149 101 158 50
rect:360 169 55 105 50
rect:131 171 153 485 32
rect:95 324 67 226 50
Izmit1999_07.jpg 0x0
rect:170 275 51 166 3
rect:298 287 108 453 4
rect:20 82 458 613 2
rect:247 49 103 38 6
rect:451 85 70 101 3
rect:280 176 57 114 3
rect:344 213 37 77 3
Izmit1999_08.jpg 0x0
rect:175 137 110 107 41
rect:169 188 163 98 88
rect:401 83 72 88 41
rect:628 5 120 56 45
rect:187 482 104 75 45
rect:159 30 117 104 34
rect:498 85 74 38 52
Izmit1999_09.jpg 0x0
rect:244 293 78 97 94
rect:58 196 41 68 41
rect:395 204 105 110 41
rect:750 170 60 57 94
rect:348 216 31 30 41
rect:716 321 64 66 41
Izmit1999_10.jpg 0x0
rect:302 454 44 100 40
rect:56 125 64 172 40
rect:335 373 110 98 40
rect:103 111 286 578 41
rect:259 91 104 193 40
rect:210 114 58 195 40
rect:81 312 301 78 78
rect:144 277 83 285 40
rect:233 355 102 27 78
rect:60 249 444 54 78
rect:306 620 65 35 78
Izmit1999_11.jpg 0x0
rect:202 372 87 115 41
rect:169 284 54 175 40
rect:251 185 90 151 41
rect:403 229 96 204 40
rect:270 198 84 119 40
Izmit1999_12.jpg 0x0
rect:1 222 40 51 41
rect:57 278 68 52 52
rect:465 27 93 53 34
rect:485 120 55 50 7
rect:110 297 24 34 40
rect:143 239 79 52 88
rect:88 99 46 19 6
rect:459 213 42 117 42
rect:22 91 57 23 6
rect:476 72 36 83 41
rect:303 359 82 153 41
rect:67 256 52 118 94
rect:326 176 50 82 41
rect:269 99 53 91 45
rect:274 367 126 173 94
rect:638 134 262 168 91
rect:308 402 60 109 52
rect:313 165 46 33 6
Izmit1999_13.jpg 0x0
rect:274 108 54 111 41
rect:96 280 121 120 94
rect:377 116 100 275 41
rect:136 297 78 76 52
rect:4 97 116 218 42
rect:330 65 237 304 48
rect:140 170 23 103 41
rect:106 109 42 34 6
rect:191 325 35 97 41
Izmit1999_14.jpg 0x0
rect:194 449 36 41 34
rect:336 318 65 36 34
rect:488 44 75 52 95
rect:391 204 93 79 35
rect:567 85 80 83 34
rect:360 6 178 74 35
rect:58 110 112 66 34
rect:249 431 42 22 34
rect:441 237 53 50 34
Izmit1999_15.jpg 0x0
rect:118 213 180 359 42
Izmit1999_16.jpg 0x0
rect:247 100 46 77 40
rect:185 77 231 157 41
rect:73 79 497 519 33
rect:148 66 218 276 39
Izmit1999_17.jpg 0x0
rect:124 102 242 255 41
Izmit1999_18.jpg 0x0
rect:169 147 122 346 39
rect:239 198 165 115 41
Izmit1999_19.jpg 0x0
rect:176 98 256 254 96
rect:250 113 172 238 32
rect:492 113 29 84 50
rect:621 127 30 110 50
Kobe1995_01.jpg 0x0
rect:24 171 985 142 63
Kobe1995_02.jpg 0x0
rect:2 71 532 400 68
Kobe1995_03.jpg 0x0
rect:43 75 530 702 10
Kobe1995_04.jpg 0x0
rect:456 312 57 52 41
Kobe1995_05.jpg 0x0
rect:44 319 352 67 78
rect:64 673 317 146 78
rect:3 168 137 540 40
rect:132 163 198 601 52
rect:365 142 169 458 40
Kobe1995_06.jpg 0x0
rect:209 451 281 296 42
rect:43 152 498 595 41
Kobe1995_07.jpg 0x0
rect:360 299 34 41 39
rect:198 302 44 32 39
rect:216 224 38 36 39
rect:82 336 31 44 39
rect:455 240 55 37 39
rect:459 321 35 37 39
rect:398 494 52 42 39
rect:338 249 29 45 39
rect:160 156 32 35 39
rect:310 209 48 47 39
rect:370 152 36 33 39
rect:331 299 53 48 39
rect:42 345 41 25 39
rect:226 304 37 62 39
rect:180 139 49 38 39
rect:309 226 32 29 39
rect:322 165 35 33 39
rect:275 461 53 40 39
rect:375 255 35 35 39
rect:192 446 23 28 39
rect:257 353 26 51 39
rect:59 340 42 43 39
rect:82 298 37 20 39
rect:304 141 28 35 39
rect:249 237 34 35 39
rect:456 423 43 29 39
Kobe1995_08.jpg 0x0
rect:312 78 308 232 97
Kobe1995_09.jpg 0x0
rect:142 606 164 96 97
rect:67 689 63 89 88
rect:82 747 94 50 88
rect:104 661 63 78 88
SanSalvador_1986_01.jpg 0x0
rect:247 130 139 183 41
rect:55 3 91 168 68
SanSalvador_1986_02.jpg 0x0
rect:121 288 39 45 41
rect:542 128 36 45 42
rect:598 257 31 42 41
rect:181 252 25 29 41
rect:573 209 25 33 41
rect:212 196 43 39 41
rect:141 197 33 38 41
rect:419 307 32 41 41
rect:318 157 14 26 41
SikkimIndia2001_01.jpg 0x0
rect:229 195 156 104 34
SikkimIndia2001_02.jpg 0x0
rect:490 74 91 157 33
rect:289 294 92 51 16
rect:525 98 120 32 16
rect:395 327 129 14 16
rect:-12 2 256 125 33
rect:154 96 202 346 33
rect:12 7 267 69 16
rect:7 128 62 52 54
SikkimIndia2001_03.jpg 0x0
rect:261 112 72 259 69
rect:190 247 73 187 70
rect:187 9 179 403 98
SikkimIndia2001_04.jpg 0x0
rect:3 37 201 258 99
rect:232 201 85 210 34
rect:417 188 223 114 99
SumatraInd2009_01.jpg 0x0
rect:337 23 83 224 81
SumatraInd2009_02.jpg 0x0
rect:167 63 170 153 41
WhittierNarrows1987_01.jpg 0x0
rect:12 33 985 302 10
WhittierNarrows1987_02.jpg 0x0
rect:181 339 103 214 41
WhittierNarrows1987_03.jpg 0x0
rect:303 159 115 328 32
WhittierNarrows1987_04.jpg 0x0
rect:184 39 84 191 41
rect:197 16 301 172 100
rect:150 10 308 92 6
YogyakartaInd2006_01.jpg 0x0
rect:155 -24 471 528 29
rect:199 41 281 333 32
rect:365 133 274 102 49
YogyakartaInd2006_02.jpg 0x0
rect:290 56 169 349 98
rect:325 88 40 217 69
rect:353 99 67 176 70
