Anchorage1964_01.jpg 0x0
rect:80 8 175 157 1
rect:80 338 192 181 1
Anchorage1964_02.jpg 0x0
rect:36 24 113 41 5
rect:596 337 12 40 3
rect:131 197 19 18 6
rect:215 91 96 90 4
rect:55 37 61 18 6
rect:125 226 65 16 6
rect:414 78 109 142 8
rect:182 345 21 86 3
rect:321 263 18 50 3
rect:210 217 21 54 3
rect:28 269 146 55 5
rect:352 222 65 70 4
rect:432 244 26 48 3
rect:184 293 396 127 2
rect:439 354 11 71 3
rect:102 156 63 69 7
rect:244 38 319 61 4
rect:318 290 26 67 3
rect:494 190 27 62 3
Anchorage1964_03.jpg 0x0
rect:184 69 501 189 9
rect:0 293 641 69 10
rect:2 209 168 72 9
Anchorage1964_04.jpg 0x0
rect:351 30 27 19 5
rect:156 107 32 19 5
rect:391 336 38 15 5
rect:335 520 31 17 5
rect:217 337 13 16 1
rect:365 127 25 14 5
rect:167 81 30 21 5
rect:258 421 9 25 1
rect:345 257 36 16 5
rect:328 323 7 1 1
rect:141 185 28 18 5
rect:201 153 14 29 1
rect:229 294 25 24 8
rect:336 139 16 27 1
rect:189 63 44 14 5
rect:141 552 45 14 2
rect:187 19 36 20 5
rect:352 169 38 25 5
rect:384 216 36 21 5
rect:246 344 22 29 1
rect:359 232 21 28 1
rect:218 240 20 14 5
rect:236 225 28 18 5
rect:127 357 42 16 5
rect:118 369 35 20 5
rect:428 255 26 20 5
rect:183 350 34 15 5
rect:370 228 36 20 5
rect:180 275 28 22 5
rect:319 242 20 26 1
rect:227 473 11 20 1
rect:138 105 30 15 5
rect:362 50 47 16 5
rect:249 240 24 13 5
rect:209 505 34 16 5
rect:278 280 26 24 1
rect:278 98 36 13 5
rect:294 583 23 34 1
rect:368 160 23 19 1
Anchorage1964_05.jpg 0x0
rect:633 278 77 25 5
rect:262 61 107 29 5
rect:645 464 50 87 8
rect:491 95 47 80 1
rect:151 149 97 22 5
rect:616 397 52 17 6
rect:263 202 20 15 11
rect:73 152 19 52 1
rect:153 184 97 53 6
rect:219 170 100 64 2
rect:554 293 42 52 8
rect:88 19 18 29 1
rect:391 134 46 47 1
rect:370 190 40 75 1
rect:453 22 29 57 1
rect:199 37 108 51 6
rect:288 209 47 17 11
rect:724 186 40 19 6
rect:451 1 34 70 1
rect:59 354 15 66 1
rect:41 337 24 72 1
rect:124 95 19 36 1
rect:41 171 21 37 1
rect:474 299 67 36 5
rect:54 88 23 43 1
rect:364 112 41 45 1
rect:114 221 28 48 1
rect:601 253 48 60 1
rect:53 243 23 68 1
Anchorage1964_06.jpg 0x0
rect:207 222 75 67 11
rect:78 103 207 386 12
rect:121 168 98 383 3
Anchorage1964_07.jpg 0x0
rect:16 242 299 40 11
rect:335 102 40 132 3
rect:240 187 294 206 2
rect:399 146 53 84 13
rect:227 128 206 140 11
rect:193 2 133 64 2
rect:8 78 572 453 2
rect:5 403 459 37 14
rect:413 155 62 90 11
Anchorage1964_08.jpg 0x0
rect:226 39 87 121 1
rect:53 325 119 121 1
rect:42 59 128 98 1
rect:53 378 82 97 1
rect:276 335 102 88 1
rect:250 624 162 110 1
Anchorage1964_09.jpg 0x0
rect:735 171 1 1 16
rect:12 98 27 10 16
rect:554 37 87 75 8
rect:10 93 74 15 15
rect:268 142 87 66 1
rect:557 125 87 69 1
rect:580 7 370 10 15
rect:681 120 151 22 15
rect:109 122 78 90 1
rect:16 13 444 13 15
rect:522 105 120 18 15
rect:676 240 73 52 8
rect:57 112 57 9 16
rect:117 53 76 88 8
rect:465 10 111 11 16
rect:140 284 62 56 8
rect:18 18 64 12 16
rect:151 144 307 11 15
rect:474 154 52 54 1
Anchorage1964_10.jpg 0x0
rect:98 371 244 88 18
rect:267 344 126 114 17
rect:88 260 289 413 1
rect:157 137 204 101 18
Anchorage1964_11.jpg 0x0
rect:81 555 758 13 14
rect:661 98 160 115 1
rect:167 133 283 22 15
rect:458 6 137 43 1
rect:266 186 199 43 11
rect:114 179 560 68 2
rect:89 573 724 19 14
rect:125 76 133 133 4
Anchorage1964_12.jpg 0x0
rect:235 211 33 103 3
rect:340 102 61 213 3
rect:227 103 53 281 3
rect:277 86 148 136 11
rect:11 71 748 248 2
Anchorage1964_13.jpg 0x0
rect:396 474 28 125 20
rect:421 457 190 34 2
rect:257 387 90 17 19
Anchorage1964_14.jpg 0x0
rect:23 676 19 49 22
rect:304 183 121 66 15
rect:219 322 85 60 21
rect:12 765 262 63 11
rect:480 6 93 102 11
rect:109 428 31 68 22
rect:166 551 43 72 22
rect:32 653 36 90 22
rect:101 250 139 34 15
rect:392 412 126 80 23
rect:258 11 69 304 11
rect:245 16 102 733 20
Anchorage1964_15.jpg 0x0
rect:230 152 61 68 25
rect:287 458 230 72 2
rect:141 74 69 532 20
rect:200 306 180 46 15
rect:271 183 30 67 11
rect:237 11 101 80 4
rect:297 211 171 60 11
rect:348 269 126 29 24
rect:540 11 113 64 4
Anchorage1964_16.jpg 0x0
rect:14 400 87 106 2
rect:16 100 238 191 2
rect:246 220 271 257 11
rect:103 413 98 79 11
rect:487 199 176 134 2
rect:171 110 345 91 2
Anchorage1964_17.jpg 0x0
rect:7 257 552 150 10
rect:12 128 218 121 9
rect:296 50 295 220 9
Anchorage1964_18.jpg 0x0
rect:262 358 59 16 2
rect:435 307 41 20 2
rect:111 342 54 41 11
rect:306 322 35 42 11
rect:549 139 139 82 4
rect:398 290 351 35 15
rect:684 243 49 16 2
rect:660 144 136 79 4
rect:105 309 17 62 11
rect:150 205 66 110 4
Anchorage1964_19.jpg 0x0
rect:304 105 65 63 26
rect:329 101 36 101 29
rect:565 213 10 17 26
rect:343 81 22 29 27
rect:341 327 50 89 26
rect:520 112 7 16 26
rect:350 110 22 65 29
rect:6 219 99 142 26
rect:323 295 12 26 26
rect:34 346 44 69 27
rect:548 148 18 39 26
rect:380 134 21 23 26
rect:302 62 55 100 29
rect:849 129 6 15 26
rect:655 179 45 38 28
rect:496 111 8 7 26
rect:546 296 37 35 28
rect:282 281 16 45 26
Anchorage1964_20.jpg 0x0
rect:237 110 115 65 26
rect:247 435 82 161 26
rect:230 61 183 149 29
rect:277 76 79 56 27
rect:611 653 34 97 26
Anchorage1964_21.jpg 0x0
rect:-6 70 115 142 29
rect:156 189 588 171 30
rect:2 107 46 39 26
rect:60 302 38 23 26
Bingol2003_01.jpg 0x0
rect:209 257 70 72 33
rect:646 264 49 120 34
rect:739 303 92 29 33
rect:403 353 55 178 32
rect:36 200 60 70 33
rect:480 82 179 208 31
rect:698 116 85 67 6
rect:249 465 80 111 6
rect:480 422 61 73 34
rect:356 387 211 197 31
rect:530 79 56 52 6
rect:256 121 67 19 6
rect:734 306 72 75 6
rect:839 401 110 80 33
rect:867 224 76 57 33
rect:230 149 53 71 33
rect:2 406 709 216 10
rect:518 237 39 47 6
rect:533 331 228 95 6
Bingol2003_02.jpg 0x0
rect:224 262 90 395 32
rect:156 639 129 207 32
rect:949 64 114 95 36
rect:452 277 109 90 26
rect:600 281 558 116 35
rect:330 254 79 85 6
rect:230 293 818 448 31
rect:130 94 458 156 34
Bingol2003_03.jpg 0x0
rect:862 503 280 310 2
rect:105 48 102 116 33
rect:505 325 226 690 4
rect:350 262 274 73 11
rect:104 20 204 45 2
rect:781 -8 289 237 4
rect:423 205 467 172 2
Bingol2003_04.jpg 0x0
rect:165 368 260 134 2
rect:378 210 192 149 4
rect:87 542 27 65 3
rect:68 674 127 71 2
rect:298 652 153 60 2
rect:148 507 30 93 3
rect:250 491 49 96 3
rect:96 406 27 68 3
CanterburyNZSeries2010_01.jpg 0x0
rect:123 150 152 233 12
CanterburyNZSeries2010_02.jpg 0x0
rect:40 9 168 268 37
rect:39 38 114 267 6
CanterburyNZSeries2010_03.jpg 0x0
rect:48 78 269 143 38
CanterburyNZSeries2010_04.jpg 0x0
rect:319 401 12 50 40
rect:288 10 120 121 42
rect:150 295 228 287 39
rect:248 455 20 114 40
rect:236 495 23 54 40
rect:135 382 88 297 41
rect:454 304 37 118 40
rect:252 413 28 63 40
CanterburyNZSeries2010_05.jpg 0x0
rect:303 276 135 135 15
rect:232 399 191 487 4
CanterburyNZSeries2010_06.jpg 0x0
rect:247 296 270 137 2
rect:46 151 655 672 4
CanterburyNZSeries2010_08.jpg 0x0
rect:869 405 63 130 44
rect:538 394 29 214 32
rect:628 395 84 156 44
rect:472 125 196 305 43
CanterburyNZSeries2010_09.jpg 0x0
rect:249 316 124 287 39
rect:221 157 137 268 45
CanterburyNZSeries2010_10.jpg 0x0
rect:373 189 315 156 7
rect:280 442 275 82 6
rect:290 226 469 152 6
rect:282 302 147 90 46
CanterburyNZSeries2010_11.jpg 0x0
rect:315 271 354 127 7
rect:309 312 247 175 5
CanterburyNZSeries2010_12.jpg 0x0
rect:220 550 201 33 11
rect:5 311 1227 351 47
rect:66 346 909 253 2
rect:472 541 193 66 11
CanterburyNZSeries2010_13.jpg 0x0
rect:208 21 500 784 12
rect:385 162 81 543 11
Caracas1967_01.jpg 0x0
rect:337 125 81 122 48
rect:226 164 12 53 48
rect:323 85 221 197 48
rect:353 216 41 101 48
Caracas1967_02.jpg 0x0
rect:173 1 81 171 15
rect:127 441 56 58 49
rect:235 185 197 258 51
rect:100 320 40 38 50
Caracas1967_03.jpg 0x0
rect:11 317 262 89 6
rect:316 471 27 130 27
rect:210 292 33 45 27
rect:223 351 97 201 34
rect:287 68 67 111 14
rect:366 451 47 76 26
Caracas1967_04.jpg 0x0
rect:140 419 191 160 34
rect:170 413 56 144 26
rect:159 325 21 103 27
Caracas1967_05.jpg 0x0
rect:32 122 296 446 41
rect:62 292 190 260 52
rect:214 345 50 246 40
rect:227 190 153 184 52
rect:41 101 502 707 48
rect:299 244 42 205 40
rect:379 198 57 162 40
rect:232 277 45 306 40
rect:106 419 38 285 40
rect:70 226 57 225 40
Caracas1967_06.jpg 0x0
rect:368 251 55 50 6
rect:370 77 222 166 7
Caracas1967_07.jpg 0x0
rect:196 122 35 265 27
rect:474 319 100 117 53
rect:437 482 128 82 53
rect:240 156 168 239 34
rect:257 8 94 273 34
rect:339 58 28 199 27
rect:556 298 167 262 34
Caracas1967_08.jpg 0x0
rect:250 210 46 112 54
rect:232 226 79 104 55
rect:329 208 56 132 54
Caracas1967_09.jpg 0x0
rect:25 264 59 65 48
rect:454 12 287 191 48
rect:155 176 74 84 48
rect:104 189 59 79 48
Caracas1967_10.jpg 0x0
rect:265 240 88 157 40
rect:499 319 68 233 40
rect:21 213 416 454 48
rect:42 145 263 255 41
Caracas1967_11.jpg 0x0
rect:39 13 309 933 48
rect:60 283 180 636 41
rect:332 14 170 189 41
Caracas1967_12.jpg 0x0
rect:192 369 31 47 56
rect:495 373 23 35 32
rect:589 301 42 46 34
rect:622 397 22 70 32
Caracas1967_13.jpg 0x0
rect:146 504 96 274 55
Caracas1967_14.jpg 0x0
rect:150 139 738 162 57
rect:133 197 277 50 6
Chichi1999_01.jpg 0x0
rect:4 8 914 185 58
rect:405 152 40 248 42
Chichi1999_02.jpg 0x0
rect:6 101 311 166 58
rect:437 79 228 345 59
Chichi1999_03.jpg 0x0
rect:0 138 908 175 58
rect:84 142 52 84 60
Chichi1999_04.jpg 0x0
rect:133 246 78 422 48
rect:236 -13 39 101 48
rect:174 241 34 60 52
Chichi1999_05.jpg 0x0
rect:339 250 32 39 41
rect:324 96 46 69 41
rect:406 105 109 239 48
rect:478 245 35 96 52
Chichi1999_06.jpg 0x0
rect:439 -11 102 86 61
rect:187 17 402 232 10
rect:222 158 55 47 62
rect:435 241 48 95 48
rect:354 190 26 32 52
rect:624 238 51 62 41
Chichi1999_07.jpg 0x0
rect:478 216 40 92 48
rect:172 112 22 46 64
rect:160 212 48 165 48
rect:477 198 36 162 48
rect:64 147 579 123 63
rect:423 186 17 20 64
rect:393 275 37 41 64
Chichi1999_08.jpg 0x0
rect:130 19 517 480 10
Chichi1999_09.jpg 0x0
rect:166 81 208 211 48
rect:243 125 38 99 40
rect:227 99 64 91 40
rect:222 74 163 107 41
Chichi1999_10.jpg 0x0
rect:225 20 542 461 10
Chichi1999_11.jpg 0x0
rect:109 197 105 127 65
rect:2 134 215 506 10
Chichi1999_12.jpg 0x0
rect:10 20 338 712 66
Chichi1999_13.jpg 0x0
rect:28 57 671 282 10
Chichi1999_14.jpg 0x0
rect:262 457 29 27 39
rect:145 150 75 60 67
rect:87 354 64 50 67
rect:266 597 33 28 39
rect:144 203 37 54 67
rect:106 356 42 42 67
rect:118 301 61 49 67
rect:436 504 31 53 67
rect:283 422 79 55 67
rect:160 518 21 37 67
rect:175 364 22 51 67
rect:256 318 47 53 39
rect:167 311 20 42 67
rect:331 493 22 23 39
rect:63 616 46 59 67
rect:205 486 31 44 67
rect:185 363 43 65 67
Chichi1999_15.jpg 0x0
rect:305 35 253 301 41
Chichi1999_16.jpg 0x0
rect:199 132 57 124 32
Chichi1999_17.jpg 0x0
rect:132 434 30 42 32
Chichi1999_18.jpg 0x0
rect:193 212 24 171 69
rect:122 249 37 73 69
rect:128 169 168 495 68
rect:327 408 35 102 69
rect:317 409 43 158 70
rect:210 224 28 91 69
Chichi1999_19.jpg 0x0
rect:168 130 185 259 3
rect:138 20 294 405 2
YogyakartaInd2006_03.jpg 0x0
rect:303 142 83 28 15
rect:391 357 38 37 16
rect:236 22 73 2 15
rect:192 483 230 30 15
rect:458 59 121 60 15
rect:150 217 243 120 71
rect:233 132 17 5 16
rect:298 57 84 50 16
Chichi1999_20.jpg 0x0
rect:180 356 61 146 41
rect:133 167 123 301 42
Chichi1999_21.jpg 0x0
rect:293 7 88 108 57
rect:245 280 112 97 6
rect:313 37 283 167 37
rect:84 368 190 128 5
rect:230 130 227 345 72
rect:340 116 143 88 6
rect:187 360 209 143 37
rect:15 4 200 132 30
Chichi1999_22.jpg 0x0
rect:239 194 11 20 73
rect:470 178 17 21 73
rect:195 281 18 19 73
rect:174 148 334 155 10
Chichi1999_23.jpg 0x0
rect:359 328 87 105 73
rect:101 348 28 92 34
rect:213 218 29 87 34
rect:162 134 21 21 34
rect:365 172 54 70 73
rect:128 114 75 61 73
rect:355 207 30 25 26
rect:5 76 540 180 74
rect:289 147 36 30 27
rect:91 250 64 111 73
Chichi1999_24.jpg 0x0
rect:3 435 238 235 74
rect:237 250 90 54 34
rect:398 335 1 2 46
rect:213 180 45 53 46
rect:201 203 146 126 75
Chichi1999_25.jpg 0x0
rect:148 255 180 309 73
rect:133 269 122 287 34
rect:173 362 35 71 26
Chichi1999_26.jpg 0x0
rect:131 514 131 141 27
rect:331 19 61 35 73
rect:118 402 61 88 26
rect:145 422 178 118 73
rect:234 307 114 483 76
rect:183 168 59 126 73
Chichi1999_27.jpg 0x0
rect:195 243 70 440 32
Chichi1999_28.jpg 0x0
rect:383 104 164 295 75
rect:261 351 306 132 77
rect:23 59 271 126 6
rect:150 98 153 201 5
Chichi1999_29.jpg 0x0
rect:137 259 148 365 48
rect:177 170 95 167 52
rect:237 224 128 197 40
Chichi1999_30.jpg 0x0
rect:30 266 82 207 73
rect:154 115 305 269 40
rect:220 262 188 64 78
rect:267 135 182 94 52
Chichi1999_31.jpg 0x0
rect:549 101 39 175 48
rect:111 112 135 242 79
Chichi1999_32.jpg 0x0
rect:139 8 88 358 80
rect:200 225 28 161 81
rect:640 145 43 249 39
rect:190 45 39 185 81
Chichi1999_33.jpg 0x0
rect:206 122 45 130 49
rect:260 106 115 373 32
rect:159 144 118 200 32
rect:165 114 46 124 49
rect:51 69 154 496 33
rect:226 78 111 324 56
Chichi1999_34.jpg 0x0
rect:162 97 288 296 10
Duzce1999_01.jpg 0x0
rect:126 47 126 401 39
rect:105 99 99 167 41
Duzce1999_02.jpg 0x0
rect:69 40 150 326 41
Duzce1999_03.jpg 0x0
rect:245 152 106 224 31
rect:93 86 141 303 42
rect:0 130 123 264 31
Gediz1970_01.jpg 0x0
rect:239 400 101 162 69
rect:107 361 135 271 69
rect:148 117 235 718 68
Guatemala1976_01.jpg 0x0
rect:56 158 36 60 41
rect:655 201 49 72 41
rect:485 170 101 147 48
rect:31 90 779 178 82
rect:54 192 111 119 48
rect:75 208 55 37 52
Guatemala1976_02.jpg 0x0
rect:269 87 131 126 40
rect:183 93 211 347 48
Guatemala1976_03.jpg 0x0
rect:13 113 824 311 75
Guatemala1976_04.jpg 0x0
rect:95 22 443 97 30
rect:610 255 94 308 4
rect:680 146 98 364 4
rect:33 85 368 219 30
Guatemala1976_05.jpg 0x0
rect:213 169 422 214 40
rect:152 110 380 171 41
rect:172 88 393 373 48
Guatemala1976_06.jpg 0x0
rect:103 123 155 401 39
Guatemala1976_07.jpg 0x0
rect:20 339 48 65 6
rect:220 398 170 57 83
rect:17 245 537 270 10
Guatemala1976_08.jpg 0x0
rect:176 28 528 342 48
rect:275 66 182 325 40
rect:185 51 463 447 41
Guatemala1976_09.jpg 0x0
rect:200 230 77 58 85
rect:297 309 54 23 85
rect:415 278 57 42 84
rect:88 293 31 24 85
rect:94 194 33 26 84
rect:717 386 57 76 84
rect:181 377 32 29 84
rect:565 330 76 64 85
Guatemala1976_10.jpg 0x0
rect:161 165 263 283 86
rect:234 371 34 118 87
rect:256 111 234 168 87
Guatemala1976_11.jpg 0x0
rect:155 176 107 164 34
GujaratIndia2001_01.jpg 0x0
rect:38 272 235 146 4
rect:209 537 278 60 2
rect:78 317 63 35 2
rect:259 421 41 60 11
Haiti2010_01.jpg 0x0
rect:101 51 106 84 7
rect:474 466 264 289 4
rect:334 159 188 381 41
rect:286 368 30 165 40
rect:585 242 92 93 4
Haiti2010_02.jpg 0x0
rect:252 26 174 64 14
rect:57 129 533 158 88
Haiti2010_03.jpg 0x0
rect:260 428 87 72 49
rect:179 279 170 242 32
rect:239 514 248 219 89
rect:362 1 45 525 32
Haiti2010_04.jpg 0x0
rect:2 139 306 181 6
rect:177 42 169 343 34
rect:113 289 379 500 41
Haiti2010_05.jpg 0x0
rect:188 295 162 116 52
rect:238 204 37 73 40
rect:173 166 302 335 90
rect:258 270 30 108 40
Haiti2010_06.jpg 0x0
rect:201 196 47 52 34
rect:376 191 76 94 34
rect:525 173 89 40 6
rect:263 227 226 501 91
rect:364 112 226 367 33
rect:691 146 723 569 91
rect:411 279 49 228 32
ImperialValley1979_01.jpg 0x0
rect:564 345 45 29 32
rect:428 402 31 25 49
rect:591 370 31 39 32
rect:13 425 87 72 49
rect:520 369 20 18 49
rect:647 409 15 15 49
rect:263 245 44 59 32
rect:60 404 88 114 50
rect:467 404 23 41 50
rect:12 303 170 132 32
rect:374 343 53 69 50
ImperialValley1979_02.jpg 0x0
rect:223 110 234 250 32
rect:189 130 316 49 92
rect:309 197 94 39 49
rect:419 134 92 197 50
rect:121 94 92 147 50
rect:312 222 39 137 50
ImperialValley1979_03.jpg 0x0
rect:78 411 180 30 92
rect:202 204 229 183 32
rect:105 468 212 46 92
rect:103 284 113 163 50
rect:241 255 65 121 50
rect:290 283 72 156 50
rect:112 376 163 189 32
Izmit1999_01.jpg 0x0
rect:183 133 47 134 27
rect:192 306 38 123 27
rect:335 100 43 190 27
rect:197 93 393 231 34
rect:566 204 40 58 26
Izmit1999_02.jpg 0x0
rect:27 80 578 339 10
Izmit1999_03.jpg 0x0
rect:156 91 65 286 50
rect:435 110 41 173 50
rect:138 199 390 41 92
rect:198 63 202 380 32
rect:148 30 399 415 93
rect:600 102 41 317 50
rect:317 66 45 253 50
rect:266 158 47 224 50
Izmit1999_04.jpg 0x0
rect:421 369 90 107 41
rect:481 404 26 70 40
rect:226 101 102 63 41
rect:37 534 58 42 34
rect:266 417 20 43 40
rect:382 73 105 110 48
rect:51 365 59 125 41
rect:91 537 284 140 88
rect:80 490 33 91 42
rect:143 225 162 90 88
Izmit1999_05.jpg 0x0
rect:80 26 505 388 10
Izmit1999_06.jpg 0x0
rect:174 259 62 260 50
rect:165 361 50 201 50
rect:89 242 76 238 50
rect:329 211 65 116 50
rect:100 144 237 481 32
rect:154 274 187 58 49
Izmit1999_07.jpg 0x0
rect:146 221 43 153 3
rect:448 268 116 317 4
rect:332 99 73 103 3
rect:310 174 43 105 3
rect:271 187 37 94 3
rect:347 66 155 45 6
rect:23 81 437 472 2
Izmit1999_08.jpg 0x0
rect:247 272 153 98 88
rect:161 297 90 116 45
rect:122 34 61 103 34
rect:513 74 81 54 41
rect:456 98 42 39 52
rect:678 6 123 49 45
rect:179 157 96 63 41
Izmit1999_09.jpg 0x0
rect:380 279 118 102 94
rect:439 274 75 103 94
rect:358 271 73 118 41
rect:182 184 48 34 41
rect:42 163 31 67 41
rect:686 332 48 47 41
Izmit1999_10.jpg 0x0
rect:184 127 48 116 40
rect:237 442 179 47 78
rect:252 532 41 85 40
rect:59 164 252 58 78
rect:164 165 91 302 40
rect:80 407 239 76 78
rect:186 163 106 159 40
rect:69 131 314 522 41
rect:324 535 86 22 78
rect:265 410 129 97 40
rect:51 181 68 198 40
Izmit1999_11.jpg 0x0
rect:145 245 81 131 40
rect:277 586 99 102 41
rect:359 343 96 174 40
rect:247 259 94 114 40
rect:134 174 136 121 41
Izmit1999_12.jpg 0x0
rect:14 65 45 17 6
rect:93 101 36 17 6
rect:605 257 51 53 41
rect:203 202 53 26 6
rect:424 266 99 151 41
rect:531 244 140 154 91
rect:1 181 38 40 41
rect:255 150 55 148 42
rect:396 99 55 105 41
rect:205 277 79 48 88
rect:52 233 44 59 52
rect:253 302 89 119 94
rect:64 306 24 60 40
rect:423 345 45 145 52
rect:483 212 72 49 7
rect:52 244 66 82 94
rect:548 21 111 55 34
rect:447 137 57 71 45
Izmit1999_13.jpg 0x0
rect:84 146 49 55 6
rect:189 269 79 47 52
rect:438 212 114 201 41
rect:184 164 136 93 94
rect:167 253 47 91 41
rect:375 70 58 78 41
rect:315 101 238 372 48
rect:6 86 83 181 42
rect:148 330 30 82 41
Izmit1999_14.jpg 0x0
rect:284 193 63 58 35
rect:500 318 82 30 34
rect:503 7 129 75 35
rect:53 191 93 59 34
rect:498 81 102 81 34
rect:296 439 49 35 34
rect:445 47 45 66 95
rect:556 391 55 50 34
rect:260 485 37 16 34
Izmit1999_15.jpg 0x0
rect:172 220 253 393 42
Izmit1999_16.jpg 0x0
rect:234 111 34 92 40
rect:141 87 262 321 39
rect:83 84 319 611 33
rect:165 77 218 132 41
Izmit1999_17.jpg 0x0
rect:109 99 230 224 41
Izmit1999_18.jpg 0x0
rect:211 187 122 323 39
rect:227 119 166 178 41
Izmit1999_19.jpg 0x0
rect:413 140 20 51 50
rect:325 187 27 66 50
rect:269 111 205 431 96
rect:189 96 312 193 32
Kobe1995_01.jpg 0x0
rect:25 114 915 200 63
Kobe1995_02.jpg 0x0
rect:2 72 638 761 68
Kobe1995_03.jpg 0x0
rect:48 46 386 511 10
Kobe1995_04.jpg 0x0
rect:359 301 39 64 41
Kobe1995_05.jpg 0x0
rect:236 141 152 361 40
rect:174 127 263 515 52
rect:54 278 377 88 78
rect:4 121 131 648 40
rect:93 663 276 148 78
Kobe1995_06.jpg 0x0
rect:238 295 371 328 42
rect:55 178 406 314 41
Kobe1995_07.jpg 0x0
rect:331 99 33 43 39
rect:367 330 38 53 39
rect:257 320 51 30 39
rect:340 182 39 42 39
rect:97 179 28 45 39
rect:329 455 27 42 39
rect:310 117 18 42 39
rect:224 107 38 47 39
rect:52 355 46 44 39
rect:119 179 47 40 39
rect:195 187 46 53 39
rect:495 437 26 24 39
rect:382 264 36 39 39
rect:270 279 35 33 39
rect:46 393 48 34 39
rect:277 545 33 36 39
rect:297 149 51 40 39
rect:124 325 33 23 39
rect:254 291 36 52 39
rect:256 445 35 47 39
rect:339 336 55 42 39
rect:477 255 36 44 39
rect:395 367 28 33 39
rect:181 365 46 40 39
rect:173 297 33 41 39
rect:175 430 37 38 39
Kobe1995_08.jpg 0x0
rect:262 61 435 264 97
Kobe1995_09.jpg 0x0
rect:93 843 87 91 88
rect:125 517 71 81 88
rect:181 474 190 67 97
rect:80 683 89 70 88
SanSalvador_1986_01.jpg 0x0
rect:184 166 120 149 41
rect:75 3 120 259 68
SanSalvador_1986_02.jpg 0x0
rect:313 158 18 25 41
rect:139 370 24 51 41
rect:534 229 38 51 41
rect:421 160 36 44 41
rect:199 147 31 37 41
rect:308 206 47 55 41
rect:222 222 27 31 41
rect:560 157 39 41 42
rect:343 188 33 36 41
SikkimIndia2001_01.jpg 0x0
rect:191 116 140 174 34
SikkimIndia2001_02.jpg 0x0
rect:513 277 100 17 16
rect:-18 2 444 69 33
rect:11 192 59 48 54
rect:591 87 83 212 33
rect:313 247 63 54 16
rect:443 116 110 37 16
rect:211 58 162 297 33
rect:12 6 251 53 16
SikkimIndia2001_03.jpg 0x0
rect:277 274 87 157 70
rect:197 114 74 173 69
rect:236 8 176 600 98
SikkimIndia2001_04.jpg 0x0
rect:215 215 145 202 34
rect:3 35 204 306 99
rect:459 130 245 100 99
SumatraInd2009_01.jpg 0x0
rect:311 21 65 368 81
SumatraInd2009_02.jpg 0x0
rect:244 93 189 163 41
WhittierNarrows1987_01.jpg 0x0
rect:15 25 578 283 10
WhittierNarrows1987_02.jpg 0x0
rect:134 265 131 251 41
WhittierNarrows1987_03.jpg 0x0
rect:302 99 203 318 32
WhittierNarrows1987_04.jpg 0x0
rect:272 8 370 59 6
rect:223 17 181 101 100
rect:233 50 85 240 41
YogyakartaInd2006_01.jpg 0x0
rect:331 154 383 72 49
rect:135 -17 488 477 29
rect:195 36 434 215 32
YogyakartaInd2006_02.jpg 0x0
rect:357 99 70 264 69
rect:291 44 177 538 98
rect:382 108 64 225 70
