Anchorage1964_01.jpg 0x0
rect:90 357 272 217 1
rect:124 7 263 156 1
Anchorage1964_02.jpg 0x0
rect:147 186 57 15 6
rect:505 182 65 73 4
rect:162 209 20 67 3
rect:59 39 95 13 6
rect:117 290 30 18 6
rect:99 178 71 55 7
rect:332 257 24 61 3
rect:208 242 317 101 2
rect:255 34 281 71 4
rect:344 268 29 55 3
rect:28 23 107 50 5
rect:286 68 106 76 4
rect:435 323 29 65 3
rect:473 307 15 65 3
rect:233 192 27 56 3
rect:30 203 165 30 5
rect:442 239 21 38 3
rect:514 46 161 137 8
rect:691 295 15 75 3
Anchorage1964_03.jpg 0x0
rect:2 225 303 86 9
rect:290 61 298 153 9
rect:0 203 851 85 10
Anchorage1964_04.jpg 0x0
rect:199 385 27 29 1
rect:201 156 31 16 5
rect:279 274 18 28 1
rect:129 19 23 16 5
rect:250 198 13 31 1
rect:212 336 33 14 5
rect:390 39 26 15 5
rect:284 314 30 16 5
rect:301 369 22 17 5
rect:392 317 23 15 5
rect:165 289 32 14 5
rect:313 437 9 16 1
rect:373 196 27 13 5
rect:137 203 30 20 5
rect:215 124 31 16 5
rect:336 362 17 32 1
rect:350 239 17 26 1
rect:253 476 55 13 2
rect:401 106 27 18 5
rect:187 381 30 17 5
rect:122 66 32 12 5
rect:343 418 21 21 1
rect:295 206 32 20 5
rect:258 102 21 25 1
rect:402 158 28 16 5
rect:317 332 18 33 1
rect:146 476 33 15 5
rect:233 242 16 33 8
rect:364 222 26 14 5
rect:300 69 25 17 5
rect:407 352 39 21 5
rect:237 357 26 25 1
rect:113 109 31 14 5
rect:271 242 9 1 1
rect:417 407 34 22 5
rect:374 108 32 19 5
rect:115 139 19 24 5
rect:188 223 16 30 1
rect:138 347 26 18 5
Anchorage1964_05.jpg 0x0
rect:547 113 50 76 1
rect:300 241 51 24 11
rect:631 293 54 80 1
rect:33 392 23 43 1
rect:457 254 36 21 6
rect:135 53 64 21 5
rect:370 235 35 48 1
rect:431 21 29 67 1
rect:430 74 30 74 1
rect:437 296 53 63 8
rect:123 122 22 44 1
rect:671 445 39 19 6
rect:85 260 26 50 1
rect:222 216 163 95 2
rect:41 538 23 65 1
rect:315 1 29 43 1
rect:123 33 24 50 1
rect:308 233 30 26 11
rect:644 391 35 87 8
rect:102 322 25 53 1
rect:73 162 17 31 1
rect:653 292 57 39 5
rect:449 298 63 32 5
rect:183 185 152 27 5
rect:227 53 134 47 6
rect:63 75 20 33 1
rect:57 255 16 47 1
rect:184 104 137 53 6
rect:400 131 43 64 1
Anchorage1964_06.jpg 0x0
rect:128 65 258 389 12
rect:201 106 71 267 3
rect:130 204 49 109 11
Anchorage1964_07.jpg 0x0
rect:359 186 85 60 11
rect:12 301 267 25 11
rect:151 2 115 72 2
rect:307 156 161 179 11
rect:453 328 364 217 2
rect:244 137 40 73 13
rect:8 317 452 33 14
rect:10 60 711 506 2
rect:346 122 56 154 3
Anchorage1964_08.jpg 0x0
rect:332 439 107 140 1
rect:314 25 134 109 1
rect:36 467 79 93 1
rect:296 248 133 147 1
rect:50 72 150 87 1
rect:44 284 129 79 1
Anchorage1964_09.jpg 0x0
rect:13 150 73 22 15
rect:197 117 366 13 15
rect:402 363 73 66 8
rect:72 48 74 65 8
rect:641 181 1 1 16
rect:437 6 320 15 15
rect:283 162 52 48 1
rect:544 173 92 84 1
rect:11 17 275 19 15
rect:567 94 151 17 15
rect:14 19 50 16 16
rect:417 35 68 46 8
rect:13 108 23 12 16
rect:72 157 93 81 1
rect:810 10 108 10 16
rect:40 190 45 9 16
rect:464 98 77 25 15
rect:106 284 93 67 8
rect:401 196 80 53 1
Anchorage1964_10.jpg 0x0
rect:69 166 349 249 1
rect:213 245 259 109 18
rect:214 230 114 95 17
rect:89 401 401 86 18
Anchorage1964_11.jpg 0x0
rect:152 130 457 23 15
rect:160 77 139 100 4
rect:333 154 352 45 11
rect:412 9 133 33 1
rect:603 88 150 119 1
rect:72 541 769 19 14
rect:113 241 563 78 2
rect:80 534 451 13 14
Anchorage1964_12.jpg 0x0
rect:236 233 34 92 3
rect:12 88 525 225 2
rect:572 62 38 237 3
rect:299 78 207 130 11
rect:397 88 64 234 3
Anchorage1964_13.jpg 0x0
rect:317 562 105 16 19
rect:369 521 237 26 2
rect:431 484 30 134 20
Anchorage1964_14.jpg 0x0
rect:11 637 212 82 11
rect:15 717 27 63 22
rect:166 13 77 779 20
rect:272 11 49 264 11
rect:107 297 152 27 15
rect:99 697 36 72 22
rect:41 568 62 66 22
rect:316 159 178 38 15
rect:283 6 81 121 11
rect:167 446 51 65 22
rect:436 654 178 84 23
rect:223 336 84 61 21
Anchorage1964_15.jpg 0x0
rect:439 10 121 78 4
rect:201 622 160 76 2
rect:361 116 42 108 25
rect:145 128 30 80 11
rect:294 305 121 30 15
rect:215 70 83 365 20
rect:320 7 80 56 4
rect:451 185 118 41 11
rect:406 277 109 38 24
Anchorage1964_16.jpg 0x0
rect:17 354 75 96 2
rect:18 154 141 160 2
rect:233 275 181 267 11
rect:103 323 86 96 11
rect:156 73 265 89 2
rect:398 177 181 251 2
Anchorage1964_17.jpg 0x0
rect:8 217 883 246 10
rect:10 113 251 151 9
rect:255 54 293 234 9
Anchorage1964_18.jpg 0x0
rect:477 366 435 28 15
rect:298 240 104 18 2
rect:443 191 35 45 11
rect:689 157 114 118 4
rect:659 223 29 24 2
rect:513 295 64 18 2
rect:105 166 71 141 4
rect:137 366 77 61 11
rect:158 187 24 49 11
rect:575 117 114 95 4
Anchorage1964_19.jpg 0x0
rect:346 130 8 16 26
rect:271 326 39 76 26
rect:539 177 53 32 28
rect:294 192 17 50 26
rect:282 105 43 51 26
rect:353 123 21 24 27
rect:741 180 8 16 26
rect:389 88 40 91 29
rect:491 175 20 69 29
rect:753 113 6 6 26
rect:6 310 80 148 26
rect:371 119 19 32 26
rect:536 239 28 43 28
rect:25 344 34 95 27
rect:480 149 29 30 26
rect:358 225 17 38 26
rect:283 55 71 159 29
rect:509 251 8 28 26
Anchorage1964_20.jpg 0x0
rect:199 83 84 49 27
rect:209 88 154 177 29
rect:161 559 66 113 26
rect:339 674 49 80 26
rect:201 105 84 83 26
Anchorage1964_21.jpg 0x0
rect:56 275 24 26 26
rect:2 102 55 35 26
rect:123 227 780 205 30
rect:-5 67 103 131 29
Bingol2003_01.jpg 0x0
rect:528 351 170 212 31
rect:394 383 57 146 32
rect:530 208 61 139 34
rect:500 112 212 220 31
rect:810 315 68 47 33
rect:357 175 90 54 33
rect:623 430 37 65 34
rect:25 204 86 72 33
rect:615 108 104 62 6
rect:996 173 84 54 33
rect:468 82 99 73 6
rect:668 278 55 62 6
rect:135 167 64 72 33
rect:602 292 34 63 6
rect:1054 479 87 43 33
rect:2 244 925 336 10
rect:254 104 71 20 6
rect:603 493 223 74 6
rect:361 436 102 78 6
Bingol2003_02.jpg 0x0
rect:540 436 93 133 26
rect:743 52 164 66 36
rect:146 99 329 158 34
rect:102 474 210 314 32
rect:449 372 94 100 6
rect:567 300 549 136 35
rect:171 255 86 270 32
rect:305 253 908 481 31
Bingol2003_03.jpg 0x0
rect:131 60 156 82 33
rect:107 27 171 26 2
rect:351 119 385 154 2
rect:616 -8 221 174 4
rect:839 560 312 460 2
rect:421 225 153 52 11
rect:575 300 277 620 4
Bingol2003_04.jpg 0x0
rect:204 484 282 188 2
rect:83 672 125 77 2
rect:159 634 30 106 3
rect:323 443 48 149 3
rect:246 264 178 199 4
rect:428 485 148 74 2
rect:99 636 31 89 3
rect:109 623 28 61 3
CanterburyNZSeries2010_01.jpg 0x0
rect:120 83 104 281 12
CanterburyNZSeries2010_02.jpg 0x0
rect:39 63 161 211 6
rect:47 10 219 298 37
CanterburyNZSeries2010_03.jpg 0x0
rect:53 72 251 146 38
CanterburyNZSeries2010_04.jpg 0x0
rect:252 263 168 302 39
rect:352 429 31 58 40
rect:407 314 18 72 40
rect:324 460 53 146 40
rect:234 10 105 189 42
rect:303 352 19 54 40
rect:253 557 120 168 41
rect:324 248 34 199 40
CanterburyNZSeries2010_05.jpg 0x0
rect:288 281 185 105 15
rect:399 472 270 248 4
CanterburyNZSeries2010_06.jpg 0x0
rect:60 122 723 554 4
rect:229 278 167 145 2
CanterburyNZSeries2010_08.jpg 0x0
rect:608 518 36 187 32
rect:663 315 77 126 44
rect:356 167 164 217 43
rect:590 455 49 145 44
CanterburyNZSeries2010_09.jpg 0x0
rect:256 318 178 443 39
rect:205 93 133 216 45
CanterburyNZSeries2010_10.jpg 0x0
rect:362 226 219 103 46
rect:173 309 410 278 6
rect:301 559 203 142 6
rect:421 194 272 96 7
CanterburyNZSeries2010_11.jpg 0x0
rect:338 191 222 131 7
rect:345 265 214 199 5
CanterburyNZSeries2010_12.jpg 0x0
rect:37 297 1042 393 2
rect:137 639 179 34 11
rect:377 592 175 51 11
rect:5 281 725 460 47
CanterburyNZSeries2010_13.jpg 0x0
rect:538 198 85 586 11
rect:162 18 439 733 12
Caracas1967_01.jpg 0x0
rect:251 176 70 78 48
rect:377 177 38 67 48
rect:358 138 11 74 48
rect:448 92 220 316 48
Caracas1967_02.jpg 0x0
rect:158 220 142 257 51
rect:296 1 154 157 15
rect:114 353 53 47 50
rect:145 504 34 65 49
Caracas1967_03.jpg 0x0
rect:243 251 70 79 26
rect:279 311 41 135 27
rect:268 379 31 71 27
rect:12 405 172 118 6
rect:288 95 66 128 14
rect:322 382 157 127 34
Caracas1967_04.jpg 0x0
rect:125 421 209 146 34
rect:106 367 25 85 27
rect:139 429 48 141 26
Caracas1967_05.jpg 0x0
rect:168 318 45 228 40
rect:36 175 268 629 41
rect:174 292 192 187 52
rect:278 280 63 142 40
rect:408 148 58 342 40
rect:24 69 314 709 48
rect:93 397 291 176 52
rect:164 278 64 213 40
rect:45 326 56 261 40
rect:283 220 74 211 40
Caracas1967_06.jpg 0x0
rect:338 286 68 68 6
rect:371 85 202 311 7
Caracas1967_07.jpg 0x0
rect:364 283 134 110 53
rect:201 135 119 169 34
rect:411 236 127 307 34
rect:431 6 96 338 34
rect:528 314 101 77 53
rect:295 60 37 296 27
rect:204 116 49 229 27
Caracas1967_08.jpg 0x0
rect:287 205 66 105 55
rect:331 212 95 150 54
rect:272 326 62 131 54
Caracas1967_09.jpg 0x0
rect:398 12 172 154 48
rect:24 210 69 60 48
rect:214 177 92 92 48
rect:97 182 78 61 48
Caracas1967_10.jpg 0x0
rect:15 166 330 421 48
rect:389 256 104 195 40
rect:354 248 89 161 40
rect:38 245 194 291 41
Caracas1967_11.jpg 0x0
rect:51 322 265 519 41
rect:41 12 512 590 48
rect:298 11 168 317 41
Caracas1967_12.jpg 0x0
rect:573 205 26 58 32
rect:216 380 29 36 56
rect:440 302 35 41 34
rect:611 344 21 54 32
Caracas1967_13.jpg 0x0
rect:166 395 99 192 55
Caracas1967_14.jpg 0x0
rect:109 167 703 225 57
rect:115 254 190 35 6
Chichi1999_01.jpg 0x0
rect:345 167 51 262 42
rect:4 9 717 168 58
Chichi1999_02.jpg 0x0
rect:442 89 166 375 59
rect:7 109 418 205 58
Chichi1999_03.jpg 0x0
rect:0 129 681 178 58
rect:95 164 46 108 60
Chichi1999_04.jpg 0x0
rect:275 -18 45 146 48
rect:262 212 23 72 52
rect:140 284 90 446 48
Chichi1999_05.jpg 0x0
rect:466 169 30 103 52
rect:318 123 37 39 41
rect:422 154 116 154 48
rect:456 228 38 34 41
Chichi1999_06.jpg 0x0
rect:403 241 24 23 52
rect:121 14 575 232 10
rect:343 89 54 57 62
rect:803 174 43 51 41
rect:330 251 63 69 48
rect:609 -15 83 50 61
Chichi1999_07.jpg 0x0
rect:748 331 13 22 64
rect:171 204 46 152 48
rect:165 121 30 45 64
rect:399 269 53 76 48
rect:269 156 60 89 48
rect:46 177 415 155 63
rect:304 258 37 44 64
Chichi1999_08.jpg 0x0
rect:121 11 504 564 10
Chichi1999_09.jpg 0x0
rect:240 111 121 121 41
rect:273 132 38 74 40
rect:346 88 59 66 40
rect:230 62 132 229 48
Chichi1999_10.jpg 0x0
rect:221 24 542 591 10
Chichi1999_11.jpg 0x0
rect:183 274 91 111 65
rect:2 164 127 574 10
Chichi1999_12.jpg 0x0
rect:10 26 307 520 66
Chichi1999_13.jpg 0x0
rect:42 42 779 505 10
Chichi1999_14.jpg 0x0
rect:122 659 32 35 67
rect:307 451 31 29 39
rect:89 316 37 48 67
rect:91 347 59 41 67
rect:261 361 36 46 39
rect:237 452 91 82 67
rect:318 347 42 41 67
rect:173 260 28 68 67
rect:65 462 43 61 67
rect:199 220 65 45 67
rect:279 408 25 25 39
rect:104 532 45 43 67
rect:246 298 41 66 67
rect:94 235 63 45 67
rect:195 498 27 40 67
rect:183 291 15 35 67
rect:200 396 23 25 39
Chichi1999_15.jpg 0x0
rect:267 24 321 515 41
Chichi1999_16.jpg 0x0
rect:136 91 75 117 32
Chichi1999_17.jpg 0x0
rect:140 454 20 41 32
Chichi1999_18.jpg 0x0
rect:157 194 44 84 69
rect:345 356 24 133 69
rect:359 240 40 162 70
rect:170 136 153 512 68
rect:251 307 38 156 69
rect:136 263 19 151 69
Chichi1999_19.jpg 0x0
rect:221 114 202 210 3
rect:205 19 218 328 2
YogyakartaInd2006_03.jpg 0x0
rect:292 124 28 8 16
rect:287 106 66 33 15
rect:283 328 371 143 71
rect:284 294 222 34 15
rect:416 56 161 42 15
rect:265 22 102 2 15
rect:385 487 39 20 16
rect:463 85 113 42 16
Chichi1999_20.jpg 0x0
rect:220 249 129 393 42
rect:211 526 72 207 41
Chichi1999_21.jpg 0x0
rect:99 495 189 142 5
rect:340 37 279 214 37
rect:261 228 83 123 6
rect:404 5 170 93 57
rect:285 81 149 81 6
rect:178 367 169 132 37
rect:167 109 220 318 72
rect:23 4 213 131 30
Chichi1999_22.jpg 0x0
rect:477 185 14 24 73
rect:195 175 374 173 10
rect:278 260 14 24 73
rect:219 199 13 25 73
Chichi1999_23.jpg 0x0
rect:250 208 51 61 73
rect:357 164 37 30 27
rect:91 127 75 53 73
rect:134 369 28 101 34
rect:360 240 34 27 26
rect:150 230 25 23 34
rect:127 335 52 125 73
rect:220 371 28 95 34
rect:4 75 645 150 74
rect:352 340 79 105 73
Chichi1999_24.jpg 0x0
rect:3 448 324 262 74
rect:237 140 50 69 46
rect:226 138 131 107 75
rect:184 258 57 55 34
rect:328 308 1 2 46
Chichi1999_25.jpg 0x0
rect:199 267 183 347 73
rect:167 421 49 87 26
rect:144 303 156 208 34
Chichi1999_26.jpg 0x0
rect:181 126 69 89 73
rect:199 289 109 474 76
rect:310 22 46 39 73
rect:138 549 82 92 27
rect:174 542 57 88 26
rect:126 409 161 155 73
Chichi1999_27.jpg 0x0
rect:175 175 68 272 32
Chichi1999_28.jpg 0x0
rect:213 191 208 106 77
rect:26 72 307 124 6
rect:105 71 152 270 5
rect:224 166 189 237 75
Chichi1999_29.jpg 0x0
rect:98 173 140 261 48
rect:243 245 77 127 40
rect:236 261 70 218 52
Chichi1999_30.jpg 0x0
rect:139 228 143 63 78
rect:220 124 204 51 52
rect:231 78 202 356 40
rect:38 242 134 178 73
Chichi1999_31.jpg 0x0
rect:200 98 127 296 79
rect:406 82 38 164 48
Chichi1999_32.jpg 0x0
rect:195 77 59 126 81
rect:126 8 130 412 80
rect:667 193 59 140 39
rect:146 162 44 171 81
Chichi1999_33.jpg 0x0
rect:189 83 99 386 32
rect:221 153 42 150 49
rect:138 110 37 106 49
rect:247 96 113 253 56
rect:161 123 90 183 32
rect:82 87 165 340 33
Chichi1999_34.jpg 0x0
rect:120 73 354 457 10
Duzce1999_01.jpg 0x0
rect:128 53 117 394 39
rect:129 169 105 100 41
Duzce1999_02.jpg 0x0
rect:75 47 108 480 41
Duzce1999_03.jpg 0x0
rect:139 68 120 266 42
rect:0 155 118 309 31
rect:235 163 112 298 31
Gediz1970_01.jpg 0x0
rect:163 111 233 660 68
rect:284 289 62 234 69
rect:153 427 91 294 69
Guatemala1976_01.jpg 0x0
rect:17 162 671 221 82
rect:410 169 134 107 48
rect:44 117 90 138 48
rect:554 199 69 88 41
rect:60 157 53 63 52
rect:53 189 32 34 41
Guatemala1976_02.jpg 0x0
rect:239 54 272 244 48
rect:226 64 71 130 40
Guatemala1976_03.jpg 0x0
rect:17 70 597 446 75
Guatemala1976_04.jpg 0x0
rect:124 21 299 92 30
rect:32 78 602 199 30
rect:590 184 167 410 4
rect:410 238 94 315 4
Guatemala1976_05.jpg 0x0
rect:165 58 270 377 48
rect:148 153 314 187 40
rect:138 192 401 101 41
Guatemala1976_06.jpg 0x0
rect:115 78 264 474 39
Guatemala1976_07.jpg 0x0
rect:29 302 74 55 6
rect:299 474 97 91 83
rect:29 205 452 381 10
Guatemala1976_08.jpg 0x0
rect:167 61 459 346 41
rect:204 40 488 339 48
rect:430 81 131 359 40
Guatemala1976_09.jpg 0x0
rect:327 217 59 55 84
rect:818 333 49 56 84
rect:65 278 42 20 85
rect:224 279 27 25 84
rect:156 244 61 76 85
rect:257 280 74 36 85
rect:802 321 74 39 85
rect:62 350 38 23 84
Guatemala1976_10.jpg 0x0
rect:137 119 201 170 87
rect:260 217 182 230 86
rect:238 331 36 111 87
Guatemala1976_11.jpg 0x0
rect:243 204 117 188 34
GujaratIndia2001_01.jpg 0x0
rect:183 424 255 102 2
rect:52 332 53 45 2
rect:27 297 229 217 4
rect:312 396 62 63 11
Haiti2010_01.jpg 0x0
rect:316 261 24 104 40
rect:354 165 128 247 41
rect:134 41 93 99 7
rect:709 184 94 81 4
rect:395 608 226 189 4
Haiti2010_02.jpg 0x0
rect:240 38 144 62 14
rect:48 117 386 233 88
Haiti2010_03.jpg 0x0
rect:285 1 69 691 32
rect:176 407 253 205 89
rect:282 371 205 170 32
rect:189 570 81 68 49
Haiti2010_04.jpg 0x0
rect:149 374 358 575 41
rect:225 33 224 231 34
rect:2 179 239 136 6
Haiti2010_05.jpg 0x0
rect:239 312 37 127 40
rect:224 164 253 531 90
rect:459 307 36 107 40
rect:204 213 126 134 52
Haiti2010_06.jpg 0x0
rect:576 191 72 41 6
rect:249 211 47 34 34
rect:407 167 47 85 34
rect:179 189 216 288 91
rect:436 272 57 171 32
rect:698 201 522 765 91
rect:403 120 137 283 33
ImperialValley1979_01.jpg 0x0
rect:295 327 35 57 50
rect:401 397 39 40 32
rect:448 354 19 14 49
rect:302 434 33 19 49
rect:321 349 23 49 50
rect:332 242 25 25 49
rect:269 261 52 60 32
rect:13 309 119 117 32
rect:42 243 91 103 50
rect:16 279 74 54 49
rect:353 298 46 48 32
ImperialValley1979_02.jpg 0x0
rect:299 217 65 141 50
rect:280 170 128 38 49
rect:290 131 103 162 50
rect:172 146 375 61 92
rect:245 77 146 201 32
rect:156 126 87 164 50
ImperialValley1979_03.jpg 0x0
rect:428 366 81 167 50
rect:114 291 62 264 50
rect:104 316 269 31 92
rect:115 140 172 132 32
rect:157 454 64 108 50
rect:166 255 156 169 32
rect:120 306 251 37 92
Izmit1999_01.jpg 0x0
rect:519 304 72 71 26
rect:305 160 44 141 27
rect:309 111 31 103 27
rect:214 84 270 364 34
rect:334 88 51 162 27
Izmit1999_02.jpg 0x0
rect:20 157 720 288 10
Izmit1999_03.jpg 0x0
rect:263 61 197 360 32
rect:172 123 68 196 50
rect:412 64 45 249 50
rect:507 71 55 159 50
rect:147 163 386 37 92
rect:397 94 35 263 50
rect:184 51 281 315 93
rect:298 181 43 206 50
Izmit1999_04.jpg 0x0
rect:161 281 172 82 88
rect:490 315 28 53 40
rect:39 371 64 56 34
rect:366 315 14 72 40
rect:336 73 71 73 41
rect:419 64 104 92 48
rect:116 657 202 164 88
rect:84 497 43 88 42
rect:70 563 48 79 41
rect:274 419 97 81 41
Izmit1999_05.jpg 0x0
rect:88 33 793 482 10
Izmit1999_06.jpg 0x0
rect:129 233 160 76 49
rect:110 211 63 284 50
rect:306 212 55 138 50
rect:290 190 47 200 50
rect:122 222 266 407 32
rect:78 284 74 159 50
Izmit1999_07.jpg 0x0
rect:245 134 66 89 3
rect:281 253 37 111 3
rect:257 208 62 73 3
rect:24 147 315 502 2
rect:416 206 86 322 4
rect:272 84 102 43 6
rect:141 351 40 167 3
Izmit1999_08.jpg 0x0
rect:115 156 70 95 41
rect:180 238 228 79 88
rect:189 280 76 121 45
rect:116 35 66 122 34
rect:624 6 82 86 45
rect:450 60 58 26 52
rect:412 88 77 71 41
Izmit1999_09.jpg 0x0
rect:542 261 56 83 94
rect:37 173 46 70 41
rect:230 271 91 61 41
rect:426 244 63 45 41
rect:229 307 76 129 94
rect:195 174 44 35 41
Izmit1999_10.jpg 0x0
rect:238 539 55 31 78
rect:174 203 65 203 40
rect:309 602 97 79 40
rect:167 148 79 302 40
rect:35 285 483 51 78
rect:254 539 48 85 40
rect:230 315 102 34 78
rect:46 185 72 185 40
rect:134 228 316 47 78
rect:351 112 158 122 40
rect:66 181 225 340 41
Izmit1999_11.jpg 0x0
rect:244 281 155 141 41
rect:193 526 103 113 41
rect:337 352 95 176 40
rect:172 209 98 134 40
rect:115 352 56 166 40
Izmit1999_12.jpg 0x0
rect:60 315 52 79 52
rect:340 132 37 38 6
rect:21 79 38 30 6
rect:280 255 90 106 41
rect:128 198 98 71 88
rect:1 172 41 48 41
rect:76 85 33 20 6
rect:349 255 47 46 41
rect:450 392 64 140 52
rect:283 247 55 143 42
rect:455 123 42 105 41
rect:67 210 24 49 40
rect:496 29 77 59 34
rect:57 262 47 119 94
rect:496 172 176 270 91
rect:292 130 80 47 7
rect:410 148 36 56 45
rect:343 211 127 122 94
Izmit1999_13.jpg 0x0
rect:5 89 93 204 42
rect:105 104 60 49 6
rect:223 77 253 247 48
rect:390 154 119 231 41
rect:196 202 85 48 52
rect:237 112 77 139 41
rect:199 355 51 116 41
rect:101 212 33 72 41
rect:112 217 86 107 94
Izmit1999_14.jpg 0x0
rect:379 7 150 82 35
rect:363 94 61 87 34
rect:406 199 93 58 35
rect:361 515 26 23 34
rect:201 261 46 36 34
rect:537 38 43 61 95
rect:591 222 82 42 34
rect:507 273 58 47 34
rect:65 106 76 65 34
Izmit1999_15.jpg 0x0
rect:171 190 289 262 42
Izmit1999_16.jpg 0x0
rect:175 122 214 162 41
rect:230 93 38 85 40
rect:93 52 239 240 39
rect:101 65 479 464 33
Izmit1999_17.jpg 0x0
rect:143 91 216 326 41
Izmit1999_18.jpg 0x0
rect:199 197 94 100 41
rect:179 173 120 362 39
Izmit1999_19.jpg 0x0
rect:255 96 331 365 96
rect:479 179 30 59 50
rect:620 196 25 67 50
rect:235 146 327 250 32
Kobe1995_01.jpg 0x0
rect:26 121 628 106 63
Kobe1995_02.jpg 0x0
rect:2 51 482 555 68
Kobe1995_03.jpg 0x0
rect:47 72 511 701 10
Kobe1995_04.jpg 0x0
rect:442 303 47 64 41
Kobe1995_05.jpg 0x0
rect:43 361 387 68 78
rect:80 520 296 174 78
rect:281 126 162 327 40
rect:120 150 287 440 52
rect:4 156 104 525 40
Kobe1995_06.jpg 0x0
rect:148 285 331 279 42
rect:65 176 407 563 41
Kobe1995_07.jpg 0x0
rect:345 511 48 54 39
rect:357 172 48 51 39
rect:135 313 33 39 39
rect:37 265 46 61 39
rect:419 436 24 45 39
rect:451 265 43 40 39
rect:238 379 26 25 39
rect:348 211 39 36 39
rect:491 152 40 42 39
rect:192 149 38 31 39
rect:181 397 41 36 39
rect:330 351 27 54 39
rect:416 109 29 36 39
rect:111 369 36 35 39
rect:203 127 33 30 39
rect:157 385 23 42 39
rect:411 302 48 27 39
rect:509 449 33 24 39
rect:325 103 29 29 39
rect:202 414 36 36 39
rect:191 215 54 35 39
rect:57 277 42 33 39
rect:191 265 42 48 39
rect:424 215 53 47 39
rect:248 244 32 40 39
rect:137 373 31 38 39
Kobe1995_08.jpg 0x0
rect:267 59 515 190 97
Kobe1995_09.jpg 0x0
rect:117 378 69 45 88
rect:119 727 93 49 88
rect:221 768 191 85 97
rect:94 614 91 112 88
SanSalvador_1986_01.jpg 0x0
rect:87 3 129 178 68
rect:331 117 91 129 41
SanSalvador_1986_02.jpg 0x0
rect:278 304 32 40 41
rect:199 166 19 23 41
rect:548 190 54 47 42
rect:659 156 40 33 41
rect:137 284 31 30 41
rect:500 296 45 62 41
rect:233 190 47 51 41
rect:242 133 18 36 41
rect:176 303 26 40 41
SikkimIndia2001_01.jpg 0x0
rect:239 124 119 143 34
SikkimIndia2001_02.jpg 0x0
rect:566 110 104 37 16
rect:448 75 113 121 33
rect:7 130 49 34 54
rect:10 7 321 78 16
rect:174 64 227 282 33
rect:424 265 79 21 16
rect:-19 2 303 126 33
rect:217 238 81 53 16
SikkimIndia2001_03.jpg 0x0
rect:175 69 73 155 69
rect:174 13 122 530 98
rect:197 210 110 185 70
SikkimIndia2001_04.jpg 0x0
rect:185 158 129 208 34
rect:3 21 299 296 99
rect:368 226 303 132 99
SumatraInd2009_01.jpg 0x0
rect:252 21 71 223 81
SumatraInd2009_02.jpg 0x0
rect:170 76 229 166 41
WhittierNarrows1987_01.jpg 0x0
rect:17 32 608 358 10
WhittierNarrows1987_02.jpg 0x0
rect:138 199 116 309 41
WhittierNarrows1987_03.jpg 0x0
rect:298 159 142 250 32
WhittierNarrows1987_04.jpg 0x0
rect:323 10 301 121 100
rect:263 6 386 65 6
rect:230 48 98 204 41
YogyakartaInd2006_01.jpg 0x0
rect:357 119 277 79 49
rect:326 32 294 356 32
rect:146 -29 515 393 29
YogyakartaInd2006_02.jpg 0x0
rect:412 122 41 179 69
rect:294 117 55 159 70
rect:306 49 137 497 98
