Anchorage1964_01.jpg 0x0
rect:88 367 243 207 1
rect:117 7 255 126 1
Anchorage1964_02.jpg 0x0
rect:92 39 93 11 6
rect:570 64 152 86 8
rect:299 335 21 73 3
rect:72 197 19 17 6
rect:352 302 28 81 3
rect:272 41 287 60 4
rect:609 240 20 60 3
rect:374 211 70 52 4
rect:395 324 17 74 3
rect:405 210 21 37 3
rect:136 217 49 14 6
rect:383 297 25 76 3
rect:28 24 200 42 5
rect:284 316 19 45 3
rect:146 192 98 47 7
rect:220 299 291 96 2
rect:40 181 195 35 5
rect:196 59 103 63 4
rect:234 248 24 81 3
Anchorage1964_03.jpg 0x0
rect:273 104 396 212 9
rect:0 191 817 63 10
rect:2 297 259 57 9
Anchorage1964_04.jpg 0x0
rect:219 547 39 25 5
rect:124 339 39 15 5
rect:378 127 39 15 5
rect:192 56 40 18 5
rect:219 121 29 23 5
rect:350 116 32 23 5
rect:193 256 33 13 5
rect:260 438 28 20 5
rect:134 300 21 22 5
rect:259 30 42 14 5
rect:287 413 17 27 1
rect:402 366 38 13 5
rect:295 289 35 20 5
rect:393 443 20 23 5
rect:186 181 28 16 5
rect:320 222 19 25 1
rect:266 289 29 14 5
rect:191 26 22 20 5
rect:341 330 8 1 1
rect:440 74 43 20 5
rect:338 469 16 26 1
rect:291 362 23 29 1
rect:424 241 25 19 5
rect:465 472 26 25 5
rect:355 380 9 17 1
rect:357 186 18 30 1
rect:318 207 22 31 1
rect:237 143 24 21 1
rect:116 246 21 14 5
rect:351 371 26 21 5
rect:236 207 36 24 5
rect:321 205 16 22 1
rect:148 270 28 21 5
rect:211 302 29 21 8
rect:336 297 12 17 1
rect:195 104 31 14 5
rect:300 510 22 37 1
rect:113 502 25 21 5
rect:139 319 53 14 2
Anchorage1964_05.jpg 0x0
rect:400 188 23 19 11
rect:597 88 31 52 1
rect:660 168 63 26 5
rect:829 272 31 29 6
rect:68 27 24 43 1
rect:159 40 120 33 5
rect:86 288 16 52 1
rect:495 286 51 27 11
rect:797 404 75 35 5
rect:191 193 149 22 5
rect:640 158 54 49 1
rect:78 79 23 51 1
rect:393 1 33 38 1
rect:102 163 25 42 1
rect:58 113 14 51 1
rect:53 303 26 46 1
rect:244 45 78 62 6
rect:124 171 112 48 6
rect:545 415 34 71 8
rect:296 110 44 62 1
rect:560 156 46 63 1
rect:414 319 54 65 1
rect:591 389 56 18 6
rect:26 343 24 44 1
rect:512 30 34 46 1
rect:47 411 22 44 1
rect:397 194 48 59 8
rect:355 215 117 66 2
rect:84 75 17 46 1
Anchorage1964_06.jpg 0x0
rect:98 63 159 359 12
rect:176 263 53 107 11
rect:157 140 117 234 3
Anchorage1964_07.jpg 0x0
rect:252 2 104 69 2
rect:442 147 53 138 13
rect:8 47 797 319 2
rect:236 88 137 165 11
rect:271 146 62 162 3
rect:7 329 359 25 14
rect:15 228 247 44 11
rect:409 260 68 85 11
rect:356 298 333 208 2
Anchorage1964_08.jpg 0x0
rect:284 302 149 151 1
rect:55 389 105 111 1
rect:43 91 98 89 1
rect:234 27 78 120 1
rect:45 205 103 74 1
rect:415 598 159 139 1
Anchorage1964_09.jpg 0x0
rect:16 100 93 21 15
rect:390 123 115 25 15
rect:13 140 24 10 16
rect:81 359 93 68 8
rect:823 120 92 19 15
rect:69 149 52 70 1
rect:383 171 44 95 1
rect:123 47 67 85 8
rect:395 185 82 93 1
rect:14 17 64 15 16
rect:502 28 87 47 8
rect:663 339 97 81 8
rect:58 129 63 7 16
rect:727 148 1 1 16
rect:405 7 253 11 15
rect:655 10 102 11 16
rect:115 118 262 9 15
rect:202 168 64 85 1
rect:12 16 298 14 15
Anchorage1964_10.jpg 0x0
rect:170 200 93 107 17
rect:64 531 306 94 18
rect:68 173 390 313 1
rect:177 226 258 83 18
Anchorage1964_11.jpg 0x0
rect:249 204 348 20 15
rect:614 9 124 28 1
rect:788 126 121 86 1
rect:103 323 731 26 14
rect:119 41 207 119 4
rect:73 619 518 13 14
rect:73 225 548 61 2
rect:370 179 202 34 11
Anchorage1964_12.jpg 0x0
rect:214 232 25 109 3
rect:12 82 526 233 2
rect:512 58 56 149 3
rect:440 58 144 139 11
rect:347 107 57 206 3
Anchorage1964_13.jpg 0x0
rect:347 502 220 33 2
rect:504 403 119 13 19
rect:567 443 37 130 20
Anchorage1964_14.jpg 0x0
rect:95 214 125 30 15
rect:374 752 208 56 23
rect:340 11 79 297 11
rect:8 424 212 97 11
rect:296 6 79 139 11
rect:378 297 140 54 15
rect:168 261 57 105 21
rect:49 718 62 83 22
rect:184 16 102 597 20
rect:17 427 27 42 22
rect:137 750 42 73 22
rect:86 459 28 77 22
Anchorage1964_15.jpg 0x0
rect:513 266 102 28 24
rect:252 550 285 71 2
rect:238 250 115 29 15
rect:128 80 72 580 20
rect:289 311 149 38 11
rect:299 96 42 113 25
rect:364 11 81 46 4
rect:270 11 77 80 4
rect:263 148 33 53 11
Anchorage1964_16.jpg 0x0
rect:103 324 87 111 11
rect:169 101 284 100 2
rect:16 132 212 160 2
rect:11 223 74 60 2
rect:387 212 190 153 2
rect:254 278 287 157 11
Anchorage1964_17.jpg 0x0
rect:15 86 290 132 9
rect:8 228 735 185 10
rect:221 45 230 271 9
Anchorage1964_18.jpg 0x0
rect:330 241 28 79 11
rect:546 334 48 17 2
rect:117 216 52 91 4
rect:489 316 305 20 15
rect:435 197 118 110 4
rect:376 362 56 24 2
rect:593 316 47 15 2
rect:335 200 133 81 4
rect:147 336 24 63 11
rect:127 318 59 58 11
Anchorage1964_19.jpg 0x0
rect:7 323 93 136 26
rect:485 162 36 31 28
rect:482 168 7 13 26
rect:311 301 40 71 26
rect:29 317 32 97 27
rect:305 74 60 156 29
rect:378 105 67 42 26
rect:317 124 30 33 26
rect:413 110 29 27 27
rect:871 196 7 13 26
rect:486 113 22 59 29
rect:378 237 11 24 26
rect:420 81 28 69 29
rect:488 104 38 31 28
rect:820 140 6 7 26
rect:312 190 24 27 26
rect:510 177 16 33 26
rect:567 247 16 37 26
Anchorage1964_20.jpg 0x0
rect:185 112 77 75 26
rect:162 301 80 162 26
rect:608 540 55 77 26
rect:191 62 117 157 29
rect:171 110 61 41 27
Anchorage1964_21.jpg 0x0
rect:2 80 34 40 26
rect:170 169 733 187 30
rect:-5 54 101 139 29
rect:46 252 22 35 26
Bingol2003_01.jpg 0x0
rect:2 403 858 229 10
rect:240 97 82 26 6
rect:489 346 37 244 32
rect:29 175 54 60 33
rect:705 548 213 86 6
rect:812 476 75 33 33
rect:715 258 122 77 33
rect:584 245 57 59 6
rect:422 89 82 77 6
rect:575 395 53 43 34
rect:628 115 143 166 31
rect:337 505 69 89 6
rect:196 205 69 60 33
rect:303 158 63 79 33
rect:614 287 122 221 31
rect:731 294 128 73 33
rect:435 112 108 92 6
rect:439 172 38 115 34
rect:642 277 51 60 6
Bingol2003_02.jpg 0x0
rect:506 255 126 72 26
rect:94 480 150 281 32
rect:569 187 494 138 35
rect:739 79 102 73 36
rect:191 209 95 439 32
rect:333 214 977 483 31
rect:162 102 306 167 34
rect:334 456 97 77 6
Bingol2003_03.jpg 0x0
rect:497 197 177 81 11
rect:128 33 119 100 33
rect:819 -9 309 176 4
rect:690 532 196 460 2
rect:416 233 376 120 2
rect:96 24 126 29 2
rect:499 236 353 605 4
Bingol2003_04.jpg 0x0
rect:195 528 24 65 3
rect:124 680 36 51 3
rect:94 430 96 69 2
rect:256 311 51 158 3
rect:341 260 163 160 4
rect:70 514 23 85 3
rect:192 491 248 130 2
rect:291 538 87 56 2
CanterburyNZSeries2010_01.jpg 0x0
rect:95 109 103 338 12
CanterburyNZSeries2010_02.jpg 0x0
rect:72 37 204 164 6
rect:56 11 217 353 37
CanterburyNZSeries2010_03.jpg 0x0
rect:35 90 289 102 38
CanterburyNZSeries2010_04.jpg 0x0
rect:195 7 87 231 42
rect:192 284 167 411 39
rect:241 486 20 45 40
rect:304 406 38 87 40
rect:314 406 36 145 40
rect:227 327 22 117 40
rect:305 285 24 45 40
rect:214 492 106 175 41
CanterburyNZSeries2010_05.jpg 0x0
rect:412 157 109 113 15
rect:247 359 170 297 4
CanterburyNZSeries2010_06.jpg 0x0
rect:71 81 620 463 4
rect:279 172 258 127 2
CanterburyNZSeries2010_08.jpg 0x0
rect:627 451 31 213 32
rect:598 108 207 262 43
rect:924 270 99 94 44
rect:954 600 52 122 44
CanterburyNZSeries2010_09.jpg 0x0
rect:329 313 188 484 39
rect:164 115 185 232 45
CanterburyNZSeries2010_10.jpg 0x0
rect:305 346 208 130 6
rect:238 308 267 172 6
rect:247 345 246 87 46
rect:315 174 220 82 7
CanterburyNZSeries2010_11.jpg 0x0
rect:287 206 228 119 7
rect:262 348 205 248 5
CanterburyNZSeries2010_12.jpg 0x0
rect:175 435 120 59 11
rect:37 333 681 293 2
rect:5 202 1088 532 47
rect:732 558 169 65 11
CanterburyNZSeries2010_13.jpg 0x0
rect:327 141 135 581 11
rect:195 19 290 740 12
Caracas1967_01.jpg 0x0
rect:326 90 120 229 48
rect:214 179 46 113 48
rect:427 155 58 121 48
rect:311 233 12 44 48
Caracas1967_02.jpg 0x0
rect:267 1 104 161 15
rect:200 142 217 320 51
rect:97 321 52 29 50
rect:110 433 52 44 49
Caracas1967_03.jpg 0x0
rect:225 356 41 61 27
rect:348 72 77 105 14
rect:296 252 72 92 26
rect:295 252 136 193 34
rect:415 456 23 140 27
rect:15 451 229 95 6
Caracas1967_04.jpg 0x0
rect:177 332 219 204 34
rect:104 281 43 122 26
rect:186 416 20 75 27
Caracas1967_05.jpg 0x0
rect:231 194 135 117 52
rect:40 159 327 450 41
rect:77 349 238 162 52
rect:29 86 283 601 48
rect:402 171 61 210 40
rect:212 304 70 172 40
rect:280 298 62 132 40
rect:154 418 48 280 40
rect:137 430 60 199 40
rect:76 288 68 266 40
Caracas1967_06.jpg 0x0
rect:349 100 245 264 7
rect:271 290 94 48 6
Caracas1967_07.jpg 0x0
rect:141 91 135 249 34
rect:584 309 82 139 53
rect:327 220 142 333 34
rect:464 9 108 355 34
rect:377 381 106 58 53
rect:224 104 34 145 27
rect:388 49 35 296 27
Caracas1967_08.jpg 0x0
rect:185 263 68 104 54
rect:462 262 68 140 54
rect:224 327 55 123 55
Caracas1967_09.jpg 0x0
rect:221 171 122 73 48
rect:29 253 60 54 48
rect:531 10 288 195 48
rect:86 193 69 82 48
Caracas1967_10.jpg 0x0
rect:45 204 260 427 41
rect:23 155 351 535 48
rect:400 236 80 184 40
rect:295 305 76 194 40
Caracas1967_11.jpg 0x0
rect:374 16 125 201 41
rect:71 295 222 367 41
rect:53 11 308 861 48
Caracas1967_12.jpg 0x0
rect:719 451 27 58 32
rect:511 267 23 40 32
rect:501 183 42 45 34
rect:217 326 30 58 56
Caracas1967_13.jpg 0x0
rect:140 401 139 310 55
Caracas1967_14.jpg 0x0
rect:186 199 316 42 6
rect:143 91 569 187 57
Chichi1999_01.jpg 0x0
rect:460 115 51 228 42
rect:4 6 524 201 58
Chichi1999_02.jpg 0x0
rect:479 86 189 397 59
rect:6 96 290 200 58
Chichi1999_03.jpg 0x0
rect:67 167 46 76 60
rect:0 168 606 136 58
Chichi1999_04.jpg 0x0
rect:187 188 91 292 48
rect:299 280 21 58 52
rect:250 -17 42 89 48
Chichi1999_05.jpg 0x0
rect:486 160 67 67 41
rect:357 216 43 78 52
rect:323 271 39 39 41
rect:334 162 89 178 48
Chichi1999_06.jpg 0x0
rect:402 88 76 63 62
rect:672 238 36 67 41
rect:404 -12 81 59 61
rect:293 190 45 81 48
rect:483 202 20 27 52
rect:172 21 635 244 10
Chichi1999_07.jpg 0x0
rect:742 290 13 17 64
rect:70 172 410 103 63
rect:649 272 41 85 48
rect:285 249 39 46 64
rect:162 166 28 48 64
rect:138 211 60 116 48
rect:462 281 50 110 48
Chichi1999_08.jpg 0x0
rect:97 19 518 477 10
Chichi1999_09.jpg 0x0
rect:203 69 87 75 41
rect:223 117 43 107 40
rect:232 67 39 79 40
rect:231 54 174 230 48
Chichi1999_10.jpg 0x0
rect:156 19 562 558 10
Chichi1999_11.jpg 0x0
rect:183 168 112 80 65
rect:2 141 185 686 10
Chichi1999_12.jpg 0x0
rect:12 20 502 481 66
Chichi1999_13.jpg 0x0
rect:44 48 809 387 10
Chichi1999_14.jpg 0x0
rect:459 651 73 78 67
rect:345 480 32 34 39
rect:244 250 27 56 67
rect:108 250 62 48 67
rect:125 429 29 49 67
rect:331 308 31 58 67
rect:241 287 19 34 67
rect:119 389 26 44 67
rect:164 303 26 49 67
rect:314 483 32 48 39
rect:194 156 76 40 67
rect:128 282 25 37 67
rect:72 311 48 58 67
rect:221 268 24 20 39
rect:64 529 38 44 67
rect:267 382 33 51 39
rect:95 444 55 64 67
Chichi1999_15.jpg 0x0
rect:289 30 187 336 41
Chichi1999_16.jpg 0x0
rect:217 110 78 176 32
Chichi1999_17.jpg 0x0
rect:121 367 18 46 32
Chichi1999_18.jpg 0x0
rect:256 312 32 145 69
rect:152 228 101 409 68
rect:177 320 18 106 69
rect:210 291 32 146 69
rect:266 314 41 140 70
rect:128 221 28 103 69
Chichi1999_19.jpg 0x0
rect:159 19 189 298 2
rect:171 121 121 315 3
YogyakartaInd2006_03.jpg 0x0
rect:249 30 102 2 15
rect:363 66 80 48 16
rect:245 170 78 32 15
rect:203 204 19 7 16
rect:259 50 180 74 15
rect:217 193 266 124 71
rect:195 557 299 31 15
rect:385 498 48 35 16
Chichi1999_20.jpg 0x0
rect:155 200 79 464 42
rect:272 369 48 215 41
Chichi1999_21.jpg 0x0
rect:161 136 166 188 72
rect:22 4 240 159 30
rect:71 510 141 94 5
rect:283 36 301 182 37
rect:323 6 110 98 57
rect:292 407 113 114 6
rect:240 333 174 192 37
rect:412 113 198 102 6
Chichi1999_22.jpg 0x0
rect:158 131 360 184 10
rect:292 251 16 26 73
rect:360 216 15 16 73
rect:460 167 19 18 73
Chichi1999_23.jpg 0x0
rect:99 392 54 97 73
rect:147 228 28 32 34
rect:92 155 66 63 73
rect:282 222 56 50 73
rect:374 317 36 78 34
rect:346 375 62 77 73
rect:4 74 471 175 74
rect:347 244 23 32 26
rect:135 325 53 79 34
rect:202 126 43 23 27
Chichi1999_24.jpg 0x0
rect:287 148 49 44 46
rect:164 113 145 87 75
rect:377 240 1 2 46
rect:3 270 338 198 74
rect:168 224 57 40 34
Chichi1999_25.jpg 0x0
rect:207 219 164 241 73
rect:156 199 115 163 34
rect:159 311 49 74 26
Chichi1999_26.jpg 0x0
rect:282 17 48 23 73
rect:139 544 87 81 26
rect:167 156 64 100 73
rect:90 526 93 101 27
rect:93 681 179 182 73
rect:266 184 148 309 76
Chichi1999_27.jpg 0x0
rect:168 176 79 254 32
Chichi1999_28.jpg 0x0
rect:20 72 251 117 6
rect:239 238 197 155 77
rect:165 125 171 188 5
rect:339 119 159 217 75
Chichi1999_29.jpg 0x0
rect:282 189 126 217 40
rect:242 263 56 217 52
rect:132 168 242 221 48
Chichi1999_30.jpg 0x0
rect:210 137 202 309 40
rect:189 164 192 52 52
rect:32 337 77 135 73
rect:148 233 147 43 78
Chichi1999_31.jpg 0x0
rect:106 113 146 363 79
rect:536 135 37 228 48
Chichi1999_32.jpg 0x0
rect:169 65 46 175 81
rect:232 205 33 167 81
rect:146 9 130 264 80
rect:618 180 46 185 39
Chichi1999_33.jpg 0x0
rect:317 89 126 296 32
rect:200 118 124 197 56
rect:112 181 63 124 49
rect:291 164 40 92 49
rect:103 100 117 180 32
rect:60 66 103 620 33
Chichi1999_34.jpg 0x0
rect:102 134 283 328 10
Duzce1999_01.jpg 0x0
rect:126 164 97 158 41
rect:116 48 123 250 39
Duzce1999_02.jpg 0x0
rect:96 58 162 521 41
Duzce1999_03.jpg 0x0
rect:133 107 151 215 42
rect:0 156 91 228 31
rect:223 92 127 207 31
Gediz1970_01.jpg 0x0
rect:148 107 247 709 68
rect:202 352 90 148 69
rect:174 230 107 225 69
Guatemala1976_01.jpg 0x0
rect:55 221 57 58 41
rect:72 180 70 43 52
rect:664 179 63 55 41
rect:356 168 142 118 48
rect:54 150 78 122 48
rect:26 114 474 177 82
Guatemala1976_02.jpg 0x0
rect:307 65 82 111 40
rect:141 57 376 279 48
Guatemala1976_03.jpg 0x0
rect:19 111 862 447 75
Guatemala1976_04.jpg 0x0
rect:168 21 475 85 30
rect:634 232 169 311 4
rect:31 82 401 249 30
rect:511 265 84 330 4
Guatemala1976_05.jpg 0x0
rect:167 85 318 322 48
rect:239 195 274 98 41
rect:212 151 317 181 40
Guatemala1976_06.jpg 0x0
rect:138 94 274 538 39
Guatemala1976_07.jpg 0x0
rect:29 375 70 66 6
rect:24 239 371 410 10
rect:232 437 129 75 83
Guatemala1976_08.jpg 0x0
rect:206 61 245 381 41
rect:369 79 209 378 40
rect:205 36 395 368 48
Guatemala1976_09.jpg 0x0
rect:591 271 49 54 85
rect:79 276 23 27 84
rect:385 259 92 22 85
rect:230 320 60 69 85
rect:222 337 47 21 84
rect:647 251 48 92 84
rect:106 315 44 28 85
rect:289 292 63 46 84
Guatemala1976_10.jpg 0x0
rect:242 247 299 266 86
rect:227 170 194 144 87
rect:288 387 39 79 87
Guatemala1976_11.jpg 0x0
rect:213 309 112 289 34
GujaratIndia2001_01.jpg 0x0
rect:34 336 156 151 4
rect:301 335 76 50 11
rect:175 475 192 113 2
rect:97 322 47 24 2
Haiti2010_01.jpg 0x0
rect:487 342 133 110 4
rect:309 346 34 103 40
rect:451 463 155 168 4
rect:109 61 160 97 7
rect:370 124 179 371 41
Haiti2010_02.jpg 0x0
rect:57 124 476 255 88
rect:370 22 230 53 14
Haiti2010_03.jpg 0x0
rect:224 780 266 260 89
rect:321 1 82 548 32
rect:257 366 67 58 49
rect:241 440 229 270 32
Haiti2010_04.jpg 0x0
rect:131 292 209 458 41
rect:2 141 318 154 6
rect:179 56 183 272 34
Haiti2010_05.jpg 0x0
rect:343 265 130 128 52
rect:293 292 26 90 40
rect:254 149 360 328 90
rect:434 255 27 104 40
Haiti2010_06.jpg 0x0
rect:527 191 81 35 6
rect:480 162 221 467 33
rect:166 264 256 386 91
rect:627 160 525 669 91
rect:209 274 27 42 34
rect:607 119 87 76 34
rect:557 312 70 203 32
ImperialValley1979_01.jpg 0x0
rect:445 385 44 33 32
rect:413 252 61 54 50
rect:381 375 53 29 49
rect:385 410 24 21 49
rect:394 227 50 69 32
rect:421 412 23 44 50
rect:16 314 94 74 49
rect:51 306 95 119 50
rect:15 256 108 99 32
rect:657 338 21 13 49
rect:498 250 33 43 32
ImperialValley1979_02.jpg 0x0
rect:233 150 71 197 50
rect:414 124 86 213 50
rect:173 182 293 83 92
rect:275 116 233 287 32
rect:296 192 111 61 49
rect:277 146 40 122 50
ImperialValley1979_03.jpg 0x0
rect:155 208 277 247 32
rect:124 413 252 41 92
rect:193 189 261 170 32
rect:208 387 109 124 50
rect:112 358 258 54 92
rect:93 181 88 223 50
rect:235 226 81 133 50
Izmit1999_01.jpg 0x0
rect:131 71 338 348 34
rect:265 76 48 189 27
rect:478 234 44 54 26
rect:194 161 56 139 27
rect:269 233 46 141 27
Izmit1999_02.jpg 0x0
rect:20 130 559 319 10
Izmit1999_03.jpg 0x0
rect:130 198 285 35 92
rect:599 100 59 353 50
rect:221 96 57 381 50
rect:205 100 54 147 50
rect:151 48 342 314 93
rect:245 57 252 444 32
rect:408 117 26 169 50
rect:478 118 42 168 50
Izmit1999_04.jpg 0x0
rect:301 312 24 62 40
rect:44 412 67 72 34
rect:321 433 94 110 41
rect:276 80 96 103 41
rect:67 397 61 78 41
rect:119 733 259 124 88
rect:155 275 136 59 88
rect:340 415 14 65 40
rect:72 370 47 66 42
rect:371 80 84 126 48
Izmit1999_05.jpg 0x0
rect:128 34 676 431 10
Izmit1999_06.jpg 0x0
rect:115 150 222 517 32
rect:386 272 60 184 50
rect:279 299 47 210 50
rect:109 237 81 175 50
rect:183 314 166 89 49
rect:134 184 89 263 50
Izmit1999_07.jpg 0x0
rect:21 95 409 562 2
rect:260 118 55 94 3
rect:414 209 64 328 4
rect:228 279 40 82 3
rect:162 352 46 143 3
rect:367 85 160 53 6
rect:318 256 28 110 3
Izmit1999_08.jpg 0x0
rect:130 132 101 111 41
rect:258 163 259 109 88
rect:698 86 72 54 41
rect:155 279 92 64 45
rect:151 31 100 112 34
rect:477 104 74 21 52
rect:395 6 127 69 45
Izmit1999_09.jpg 0x0
rect:722 290 53 86 94
rect:435 228 122 104 41
rect:552 189 58 64 41
rect:342 208 52 27 41
rect:354 199 80 96 94
rect:49 242 54 47 41
Izmit1999_10.jpg 0x0
rect:297 158 161 173 40
rect:280 207 53 172 40
rect:164 205 92 300 40
rect:50 259 253 43 78
rect:393 593 82 124 40
rect:245 572 70 24 78
rect:84 176 113 177 40
rect:176 510 119 29 78
rect:139 389 209 85 78
rect:227 358 53 93 40
rect:103 105 255 431 41
Izmit1999_11.jpg 0x0
rect:198 170 102 208 41
rect:253 560 114 137 41
rect:232 327 98 145 40
rect:227 272 92 154 40
rect:166 250 63 191 40
Izmit1999_12.jpg 0x0
rect:58 243 83 65 94
rect:12 52 55 23 6
rect:368 20 90 65 34
rect:1 168 29 40 41
rect:254 304 129 135 94
rect:88 211 25 40 40
rect:327 375 86 149 41
rect:369 158 45 57 45
rect:70 287 45 46 52
rect:505 190 91 54 7
rect:562 97 53 92 41
rect:85 100 36 31 6
rect:401 268 66 141 52
rect:136 236 89 70 88
rect:346 162 73 83 41
rect:309 230 41 137 42
rect:280 208 47 34 6
rect:607 217 249 169 91
Izmit1999_13.jpg 0x0
rect:113 315 60 83 52
rect:6 85 111 119 42
rect:141 250 88 123 94
rect:294 75 164 440 48
rect:115 180 30 122 41
rect:253 184 31 61 41
rect:416 158 78 282 41
rect:209 67 76 118 41
rect:90 160 57 31 6
Izmit1999_14.jpg 0x0
rect:557 286 64 46 34
rect:53 158 117 74 34
rect:434 8 143 59 35
rect:415 390 46 23 34
rect:390 209 71 49 34
rect:528 90 83 91 34
rect:226 303 37 25 34
rect:367 55 74 55 95
rect:376 115 91 100 35
Izmit1999_15.jpg 0x0
rect:119 231 333 505 42
Izmit1999_16.jpg 0x0
rect:99 62 275 331 39
rect:79 71 409 575 33
rect:176 115 166 156 41
rect:244 103 50 137 40
Izmit1999_17.jpg 0x0
rect:94 165 189 316 41
Izmit1999_18.jpg 0x0
rect:186 224 165 109 41
rect:145 143 146 340 39
Izmit1999_19.jpg 0x0
rect:279 171 296 191 32
rect:442 170 33 96 50
rect:366 175 23 61 50
rect:253 97 273 246 96
Kobe1995_01.jpg 0x0
rect:31 179 706 166 63
Kobe1995_02.jpg 0x0
rect:2 57 590 550 68
Kobe1995_03.jpg 0x0
rect:28 65 396 496 10
Kobe1995_04.jpg 0x0
rect:449 274 75 40 41
Kobe1995_05.jpg 0x0
rect:329 155 173 418 40
rect:39 278 507 63 78
rect:157 187 258 626 52
rect:101 457 425 103 78
rect:4 113 138 690 40
Kobe1995_06.jpg 0x0
rect:66 113 333 565 41
rect:212 442 218 452 42
Kobe1995_07.jpg 0x0
rect:329 144 46 43 39
rect:170 405 29 51 39
rect:210 325 29 32 39
rect:182 112 45 34 39
rect:440 167 33 37 39
rect:180 250 24 28 39
rect:192 208 36 39 39
rect:193 205 49 53 39
rect:230 282 30 41 39
rect:386 210 47 38 39
rect:304 455 25 39 39
rect:417 313 21 54 39
rect:281 106 32 30 39
rect:201 202 45 32 39
rect:385 373 35 34 39
rect:104 248 35 35 39
rect:328 385 24 34 39
rect:502 285 29 36 39
rect:448 169 36 47 39
rect:452 590 44 40 39
rect:44 249 52 30 39
rect:273 374 31 32 39
rect:194 226 34 55 39
rect:396 128 44 48 39
rect:105 331 34 44 39
rect:50 313 32 36 39
Kobe1995_08.jpg 0x0
rect:279 76 342 276 97
Kobe1995_09.jpg 0x0
rect:127 448 62 48 88
rect:145 568 236 98 97
rect:111 392 53 48 88
rect:110 439 88 77 88
SanSalvador_1986_01.jpg 0x0
rect:252 121 141 160 41
rect:71 3 102 312 68
SanSalvador_1986_02.jpg 0x0
rect:609 138 32 57 42
rect:194 273 24 49 41
rect:332 123 14 28 41
rect:131 224 23 32 41
rect:562 125 29 36 41
rect:397 238 36 49 41
rect:399 339 38 53 41
rect:317 154 59 43 41
rect:152 247 24 32 41
SikkimIndia2001_01.jpg 0x0
rect:191 210 94 99 34
SikkimIndia2001_02.jpg 0x0
rect:301 118 143 131 33
rect:9 175 77 53 54
rect:496 139 97 43 16
rect:-11 2 449 78 33
rect:11 7 255 54 16
rect:307 224 103 55 16
rect:130 78 140 361 33
rect:357 271 120 18 16
SikkimIndia2001_03.jpg 0x0
rect:237 157 92 146 70
rect:159 9 173 593 98
rect:227 71 72 150 69
SikkimIndia2001_04.jpg 0x0
rect:213 182 95 165 34
rect:3 31 313 296 99
rect:378 248 308 81 99
SumatraInd2009_01.jpg 0x0
rect:344 25 54 277 81
SumatraInd2009_02.jpg 0x0
rect:224 92 184 228 41
WhittierNarrows1987_01.jpg 0x0
rect:16 29 1028 469 10
WhittierNarrows1987_02.jpg 0x0
rect:184 188 100 329 41
WhittierNarrows1987_03.jpg 0x0
rect:308 110 117 264 32
WhittierNarrows1987_04.jpg 0x0
rect:262 56 80 197 41
rect:160 10 346 101 6
rect:346 11 316 129 100
YogyakartaInd2006_01.jpg 0x0
rect:193 -18 437 493 29
rect:281 186 343 64 49
rect:313 45 441 326 32
YogyakartaInd2006_02.jpg 0x0
rect:292 96 70 215 69
rect:386 63 142 412 98
rect:359 99 95 162 70
