Anchorage1964_01.jpg 0x0
rect:85 404 273 157 1
rect:117 7 268 181 1
Anchorage1964_02.jpg 0x0
rect:520 235 19 43 3
rect:108 270 69 20 6
rect:25 252 103 55 5
rect:332 35 325 60 4
rect:342 169 73 62 4
rect:500 309 24 79 3
rect:238 350 24 48 3
rect:512 295 15 68 3
rect:161 84 117 78 4
rect:560 198 14 65 3
rect:412 336 27 77 3
rect:92 175 30 17 6
rect:47 24 151 33 5
rect:132 196 55 67 7
rect:62 49 78 15 6
rect:230 209 32 71 3
rect:130 181 413 98 2
rect:642 53 161 89 8
rect:302 229 27 76 3
Anchorage1964_03.jpg 0x0
rect:0 212 867 80 10
rect:2 289 221 76 9
rect:319 96 349 263 9
Anchorage1964_04.jpg 0x0
rect:127 306 33 16 5
rect:246 34 33 20 5
rect:333 176 37 16 5
rect:187 92 39 18 5
rect:393 264 23 18 5
rect:352 122 30 17 5
rect:270 71 31 15 5
rect:404 254 26 18 5
rect:344 233 29 19 5
rect:214 244 9 1 1
rect:461 273 34 16 5
rect:114 109 31 19 5
rect:284 418 15 33 1
rect:190 189 15 19 1
rect:303 128 38 25 5
rect:275 513 38 21 5
rect:260 283 13 29 1
rect:243 365 11 23 1
rect:220 396 42 21 5
rect:334 396 29 14 5
rect:182 212 27 21 5
rect:133 240 33 19 5
rect:240 367 16 23 1
rect:216 150 19 21 1
rect:387 66 31 12 5
rect:188 140 35 21 5
rect:173 474 66 17 2
rect:205 181 37 28 5
rect:123 71 26 12 5
rect:227 414 26 27 1
rect:319 120 15 21 1
rect:302 321 16 21 1
rect:223 279 26 27 8
rect:327 588 24 19 5
rect:289 216 20 25 1
rect:366 241 14 31 1
rect:199 32 27 16 5
rect:135 319 32 20 5
rect:191 317 37 13 5
Anchorage1964_05.jpg 0x0
rect:31 381 18 66 1
rect:244 47 64 37 5
rect:81 178 23 46 1
rect:782 391 44 43 5
rect:641 375 45 19 6
rect:220 142 181 79 2
rect:419 176 36 60 1
rect:359 417 32 91 8
rect:45 80 32 42 1
rect:100 303 21 62 1
rect:141 35 115 46 6
rect:195 181 147 33 6
rect:568 258 33 83 8
rect:549 375 61 73 1
rect:474 1 35 47 1
rect:828 208 52 28 6
rect:419 19 31 50 1
rect:131 80 20 44 1
rect:146 145 132 28 5
rect:62 284 22 30 1
rect:53 180 13 32 1
rect:208 253 29 26 11
rect:60 402 23 44 1
rect:518 81 31 63 1
rect:281 274 37 30 11
rect:811 181 52 39 5
rect:117 23 24 39 1
rect:520 201 47 48 1
rect:514 95 41 43 1
Anchorage1964_06.jpg 0x0
rect:185 216 54 71 11
rect:84 67 178 335 12
rect:205 127 96 251 3
Anchorage1964_07.jpg 0x0
rect:206 106 59 102 3
rect:350 162 100 93 11
rect:451 166 44 83 13
rect:18 239 284 40 11
rect:464 296 371 230 2
rect:221 103 147 103 11
rect:6 331 487 27 14
rect:190 2 105 51 2
rect:10 74 892 342 2
Anchorage1964_08.jpg 0x0
rect:225 248 117 94 1
rect:38 537 104 141 1
rect:51 82 92 126 1
rect:334 33 94 110 1
rect:59 299 102 122 1
rect:447 458 118 121 1
Anchorage1964_09.jpg 0x0
rect:112 145 80 60 1
rect:401 169 70 72 1
rect:641 132 170 23 15
rect:513 333 83 75 8
rect:13 12 349 15 15
rect:122 46 97 62 8
rect:13 12 70 16 16
rect:185 157 61 60 1
rect:49 187 44 8 16
rect:12 185 24 12 16
rect:102 153 331 9 15
rect:16 123 92 21 15
rect:108 238 87 64 8
rect:314 131 127 22 15
rect:717 12 86 8 16
rect:950 241 1 1 16
rect:656 116 79 80 1
rect:444 8 303 16 15
rect:400 26 100 45 8
Anchorage1964_10.jpg 0x0
rect:58 204 314 402 1
rect:120 214 250 79 18
rect:68 452 345 118 18
rect:223 299 69 143 17
Anchorage1964_11.jpg 0x0
rect:77 445 577 15 14
rect:171 188 431 16 15
rect:110 350 520 21 14
rect:476 8 126 29 1
rect:346 250 234 36 11
rect:748 139 191 73 1
rect:124 47 219 133 4
rect:87 160 589 54 2
Anchorage1964_12.jpg 0x0
rect:477 98 52 214 3
rect:184 184 27 124 3
rect:307 108 50 247 3
rect:294 65 135 216 11
rect:15 60 586 363 2
Anchorage1964_13.jpg 0x0
rect:563 493 40 161 20
rect:437 420 102 13 19
rect:282 354 135 27 2
Anchorage1964_14.jpg 0x0
rect:83 522 50 77 22
rect:157 446 50 44 22
rect:161 369 85 90 21
rect:36 521 47 80 22
rect:80 261 175 24 15
rect:440 7 58 174 11
rect:326 189 175 64 15
rect:411 410 180 93 23
rect:310 15 73 240 11
rect:10 536 141 83 11
rect:181 13 73 678 20
rect:21 780 35 44 22
Anchorage1964_15.jpg 0x0
rect:352 94 44 95 25
rect:208 262 201 34 15
rect:496 9 102 84 4
rect:469 298 86 42 24
rect:190 11 84 57 4
rect:240 66 67 605 20
rect:244 128 36 68 11
rect:297 518 237 62 2
rect:314 304 126 33 11
Anchorage1964_16.jpg 0x0
rect:87 305 98 80 11
rect:600 148 173 180 2
rect:16 378 79 62 2
rect:10 101 192 199 2
rect:250 119 337 153 2
rect:148 240 308 208 11
Anchorage1964_17.jpg 0x0
rect:293 64 173 237 9
rect:12 143 227 137 9
rect:11 205 910 210 10
Anchorage1964_18.jpg 0x0
rect:151 234 14 36 11
rect:632 251 52 17 2
rect:350 280 79 21 2
rect:449 198 99 63 4
rect:577 290 28 25 2
rect:147 303 56 54 11
rect:640 206 109 66 4
rect:244 224 32 76 11
rect:317 265 419 28 15
rect:111 166 98 84 4
Anchorage1964_19.jpg 0x0
rect:5 198 90 148 26
rect:559 116 62 44 28
rect:326 117 7 15 26
rect:508 294 15 29 26
rect:889 192 10 6 26
rect:23 205 40 128 27
rect:306 123 36 21 26
rect:585 105 27 70 29
rect:485 299 18 28 26
rect:323 57 66 163 29
rect:403 159 22 31 26
rect:501 229 10 18 26
rect:313 328 55 57 26
rect:421 75 38 89 29
rect:223 88 67 62 26
rect:820 244 10 9 26
rect:219 95 37 29 27
rect:548 192 27 38 28
Anchorage1964_20.jpg 0x0
rect:135 84 106 69 26
rect:161 95 171 181 29
rect:205 104 98 33 27
rect:239 519 61 175 26
rect:565 510 32 68 26
Anchorage1964_21.jpg 0x0
rect:-6 91 101 188 29
rect:113 190 667 126 30
rect:53 305 35 40 26
rect:2 99 40 37 26
Bingol2003_01.jpg 0x0
rect:396 91 57 48 6
rect:210 116 80 35 6
rect:451 235 68 85 34
rect:457 477 50 72 34
rect:147 245 82 64 33
rect:588 279 52 54 6
rect:644 328 196 50 6
rect:648 229 134 73 33
rect:2 346 1031 217 10
rect:650 377 53 46 6
rect:730 390 103 39 33
rect:425 87 179 234 31
rect:902 326 67 85 33
rect:395 228 57 60 33
rect:30 277 71 76 33
rect:547 101 81 59 6
rect:303 513 67 80 6
rect:520 274 163 192 31
rect:345 366 54 254 32
Bingol2003_02.jpg 0x0
rect:945 79 114 94 36
rect:104 362 153 267 32
rect:192 199 716 355 31
rect:399 212 468 129 35
rect:142 68 510 199 34
rect:297 455 108 74 6
rect:567 268 81 134 26
rect:190 272 83 278 32
Bingol2003_03.jpg 0x0
rect:448 120 416 193 2
rect:507 -8 293 219 4
rect:96 25 122 29 2
rect:1025 526 328 328 2
rect:116 39 121 127 33
rect:544 224 160 71 11
rect:841 183 352 616 4
Bingol2003_04.jpg 0x0
rect:77 531 96 69 2
rect:301 375 32 148 3
rect:85 511 35 84 3
rect:207 597 22 57 3
rect:140 485 187 123 2
rect:231 187 106 231 4
rect:110 501 32 65 3
rect:383 756 108 64 2
CanterburyNZSeries2010_01.jpg 0x0
rect:114 82 96 254 12
CanterburyNZSeries2010_02.jpg 0x0
rect:67 37 148 214 6
rect:51 9 189 249 37
CanterburyNZSeries2010_03.jpg 0x0
rect:32 52 327 106 38
CanterburyNZSeries2010_04.jpg 0x0
rect:347 483 18 39 40
rect:301 8 78 118 42
rect:278 340 193 337 39
rect:169 401 36 218 40
rect:283 448 14 46 40
rect:260 351 108 221 41
rect:462 397 62 93 40
rect:262 310 34 88 40
CanterburyNZSeries2010_05.jpg 0x0
rect:281 245 252 277 4
rect:291 178 171 111 15
CanterburyNZSeries2010_06.jpg 0x0
rect:168 301 303 99 2
rect:46 91 800 775 4
CanterburyNZSeries2010_08.jpg 0x0
rect:733 395 85 124 44
rect:832 683 40 167 32
rect:651 107 226 251 43
rect:696 401 103 104 44
CanterburyNZSeries2010_09.jpg 0x0
rect:204 127 211 184 45
rect:201 237 138 306 39
CanterburyNZSeries2010_10.jpg 0x0
rect:317 223 275 122 7
rect:275 533 205 87 6
rect:229 274 151 71 46
rect:288 328 340 251 6
CanterburyNZSeries2010_11.jpg 0x0
rect:259 257 283 205 5
rect:327 256 236 84 7
CanterburyNZSeries2010_12.jpg 0x0
rect:46 447 1008 231 2
rect:173 411 125 52 11
rect:5 216 1083 424 47
rect:665 405 134 49 11
CanterburyNZSeries2010_13.jpg 0x0
rect:132 18 404 783 12
rect:449 222 77 467 11
Caracas1967_01.jpg 0x0
rect:388 61 198 216 48
rect:229 160 11 77 48
rect:294 186 86 103 48
rect:351 133 41 118 48
Caracas1967_02.jpg 0x0
rect:152 393 58 47 49
rect:131 163 240 288 51
rect:281 1 101 128 15
rect:115 421 34 40 50
Caracas1967_03.jpg 0x0
rect:344 321 25 64 27
rect:321 426 144 222 34
rect:318 358 39 140 27
rect:17 385 266 123 6
rect:201 69 93 67 14
rect:249 345 77 81 26
Caracas1967_04.jpg 0x0
rect:122 349 184 125 34
rect:164 406 20 92 27
rect:121 265 58 129 26
Caracas1967_05.jpg 0x0
rect:227 314 58 299 40
rect:258 191 39 266 40
rect:41 64 451 792 48
rect:295 216 111 109 52
rect:154 253 32 171 40
rect:50 167 317 589 41
rect:251 206 35 180 40
rect:61 427 70 329 40
rect:73 250 196 140 52
rect:158 293 38 282 40
Caracas1967_06.jpg 0x0
rect:473 197 75 54 6
rect:270 92 311 224 7
Caracas1967_07.jpg 0x0
rect:577 351 130 133 53
rect:173 187 58 170 27
rect:406 7 85 277 34
rect:219 115 170 251 34
rect:300 249 173 185 34
rect:451 398 106 62 53
rect:526 44 25 244 27
Caracas1967_08.jpg 0x0
rect:213 379 82 93 54
rect:221 386 80 102 55
rect:479 188 73 173 54
Caracas1967_09.jpg 0x0
rect:130 204 100 72 48
rect:426 12 220 193 48
rect:27 179 69 50 48
rect:100 162 75 57 48
Caracas1967_10.jpg 0x0
rect:419 363 51 238 40
rect:37 252 228 236 41
rect:16 164 480 512 48
rect:352 173 98 222 40
Caracas1967_11.jpg 0x0
rect:48 13 355 796 48
rect:331 14 180 196 41
rect:48 327 241 504 41
Caracas1967_12.jpg 0x0
rect:560 285 29 52 32
rect:174 209 31 40 56
rect:641 267 19 62 32
rect:581 198 27 49 34
Caracas1967_13.jpg 0x0
rect:140 403 107 246 55
Caracas1967_14.jpg 0x0
rect:126 312 292 47 6
rect:129 145 661 153 57
Chichi1999_01.jpg 0x0
rect:4 9 677 166 58
rect:321 143 43 231 42
Chichi1999_02.jpg 0x0
rect:6 108 513 150 58
rect:437 125 161 377 59
Chichi1999_03.jpg 0x0
rect:65 166 67 74 60
rect:0 132 776 188 58
Chichi1999_04.jpg 0x0
rect:166 187 29 53 52
rect:284 -14 54 132 48
rect:229 150 77 238 48
Chichi1999_05.jpg 0x0
rect:449 140 39 83 52
rect:469 115 88 273 48
rect:460 135 46 50 41
rect:343 210 28 36 41
Chichi1999_06.jpg 0x0
rect:280 192 54 84 48
rect:297 185 23 30 52
rect:140 17 442 207 10
rect:471 -13 66 72 61
rect:225 101 60 58 62
rect:844 129 49 58 41
Chichi1999_07.jpg 0x0
rect:151 226 39 183 48
rect:376 171 39 47 64
rect:323 243 47 114 48
rect:760 288 37 132 48
rect:72 178 534 173 63
rect:209 204 33 47 64
rect:737 334 13 22 64
Chichi1999_08.jpg 0x0
rect:96 17 707 587 10
Chichi1999_09.jpg 0x0
rect:144 93 206 209 48
rect:238 116 61 84 40
rect:197 77 157 86 41
rect:189 91 44 84 40
Chichi1999_10.jpg 0x0
rect:173 21 577 416 10
Chichi1999_11.jpg 0x0
rect:142 157 80 112 65
rect:2 186 154 686 10
Chichi1999_12.jpg 0x0
rect:8 30 438 511 66
Chichi1999_13.jpg 0x0
rect:39 50 829 308 10
Chichi1999_14.jpg 0x0
rect:121 446 23 41 67
rect:92 612 40 37 67
rect:225 209 44 60 67
rect:181 497 32 51 67
rect:258 381 24 38 39
rect:240 439 31 43 39
rect:235 396 29 26 39
rect:204 232 32 44 39
rect:94 578 35 29 67
rect:117 286 53 56 67
rect:160 345 23 43 67
rect:351 362 73 79 67
rect:229 186 20 53 67
rect:81 290 44 55 67
rect:472 446 29 69 67
rect:162 160 92 39 67
rect:132 274 29 56 67
Chichi1999_15.jpg 0x0
rect:223 21 237 438 41
Chichi1999_16.jpg 0x0
rect:143 94 56 153 32
Chichi1999_17.jpg 0x0
rect:113 239 25 39 32
Chichi1999_18.jpg 0x0
rect:299 266 59 99 70
rect:199 305 40 77 69
rect:211 205 28 135 69
rect:279 259 40 183 69
rect:172 230 32 183 69
rect:179 266 151 347 68
Chichi1999_19.jpg 0x0
rect:239 153 198 259 3
rect:252 20 358 465 2
YogyakartaInd2006_03.jpg 0x0
rect:179 273 305 139 71
rect:221 154 74 27 15
rect:165 202 26 8 16
rect:285 544 50 36 16
rect:255 53 164 44 15
rect:288 554 160 29 15
rect:297 91 72 39 16
rect:262 24 102 2 15
Chichi1999_20.jpg 0x0
rect:227 535 43 147 41
rect:218 154 130 311 42
Chichi1999_21.jpg 0x0
rect:358 116 140 139 6
rect:456 7 104 94 57
rect:19 4 235 116 30
rect:94 362 114 130 5
rect:361 44 215 226 37
rect:296 317 83 151 6
rect:175 222 210 174 37
rect:141 109 149 298 72
Chichi1999_22.jpg 0x0
rect:194 187 20 20 73
rect:258 163 304 138 10
rect:305 208 11 16 73
rect:293 185 17 28 73
Chichi1999_23.jpg 0x0
rect:117 311 49 128 73
rect:180 144 27 35 34
rect:215 135 24 19 27
rect:222 151 36 31 26
rect:99 369 50 105 34
rect:145 120 40 66 73
rect:3 81 494 146 74
rect:326 281 35 64 34
rect:217 371 92 105 73
rect:197 158 42 51 73
Chichi1999_24.jpg 0x0
rect:148 186 124 119 75
rect:3 282 373 149 74
rect:391 418 1 2 46
rect:222 342 82 47 34
rect:266 174 49 66 46
Chichi1999_25.jpg 0x0
rect:202 255 237 341 73
rect:226 169 125 174 34
rect:159 375 48 86 26
Chichi1999_26.jpg 0x0
rect:124 519 102 65 26
rect:149 711 94 99 73
rect:227 12 60 40 73
rect:179 220 133 288 76
rect:145 669 156 90 27
rect:245 196 37 87 73
Chichi1999_27.jpg 0x0
rect:189 192 78 425 32
Chichi1999_28.jpg 0x0
rect:258 200 223 131 77
rect:146 137 188 151 5
rect:409 104 125 260 75
rect:24 91 234 102 6
Chichi1999_29.jpg 0x0
rect:189 236 143 231 48
rect:172 252 91 208 40
rect:158 300 89 148 52
Chichi1999_30.jpg 0x0
rect:22 260 78 216 73
rect:189 127 339 203 40
rect:212 190 249 43 78
rect:172 103 190 53 52
Chichi1999_31.jpg 0x0
rect:158 108 87 287 79
rect:437 102 60 154 48
Chichi1999_32.jpg 0x0
rect:143 81 58 144 81
rect:227 217 27 177 81
rect:447 181 63 224 39
rect:108 8 88 372 80
Chichi1999_33.jpg 0x0
rect:216 114 87 212 56
rect:271 68 100 290 32
rect:366 116 48 153 49
rect:67 81 143 504 33
rect:121 81 78 256 32
rect:130 156 57 87 49
Chichi1999_34.jpg 0x0
rect:135 70 305 436 10
Duzce1999_01.jpg 0x0
rect:149 64 119 420 39
rect:89 174 84 92 41
Duzce1999_02.jpg 0x0
rect:73 66 134 455 41
Duzce1999_03.jpg 0x0
rect:0 178 77 299 31
rect:258 109 70 191 31
rect:87 73 136 246 42
Gediz1970_01.jpg 0x0
rect:99 94 198 477 68
rect:166 387 72 311 69
rect:183 367 98 151 69
Guatemala1976_01.jpg 0x0
rect:37 129 125 85 48
rect:452 163 127 142 48
rect:585 151 78 54 41
rect:61 209 44 36 41
rect:77 241 83 45 52
rect:21 166 809 147 82
Guatemala1976_02.jpg 0x0
rect:172 77 284 325 48
rect:322 62 93 98 40
Guatemala1976_03.jpg 0x0
rect:12 88 818 314 75
Guatemala1976_04.jpg 0x0
rect:527 276 124 261 4
rect:430 158 159 437 4
rect:128 21 385 66 30
rect:35 56 581 186 30
Guatemala1976_05.jpg 0x0
rect:235 136 335 170 41
rect:158 157 277 156 40
rect:131 85 322 256 48
Guatemala1976_06.jpg 0x0
rect:147 82 242 366 39
Guatemala1976_07.jpg 0x0
rect:26 185 513 469 10
rect:249 667 100 94 83
rect:29 376 63 52 6
Guatemala1976_08.jpg 0x0
rect:131 59 465 428 41
rect:432 56 220 342 40
rect:207 35 468 542 48
Guatemala1976_09.jpg 0x0
rect:140 317 51 37 84
rect:275 376 45 49 84
rect:837 409 52 83 84
rect:666 256 51 71 85
rect:88 293 28 29 84
rect:135 233 62 50 85
rect:371 209 80 29 85
rect:90 260 31 26 85
Guatemala1976_10.jpg 0x0
rect:373 472 39 155 87
rect:258 225 299 313 86
rect:146 128 167 149 87
Guatemala1976_11.jpg 0x0
rect:147 261 85 259 34
GujaratIndia2001_01.jpg 0x0
rect:59 458 68 40 2
rect:39 316 166 147 4
rect:209 376 181 60 2
rect:426 361 63 62 11
Haiti2010_01.jpg 0x0
rect:528 341 144 225 4
rect:339 150 227 451 41
rect:179 40 104 92 7
rect:210 264 27 121 40
rect:531 184 92 116 4
Haiti2010_02.jpg 0x0
rect:388 36 145 61 14
rect:49 97 589 199 88
Haiti2010_03.jpg 0x0
rect:253 1 76 534 32
rect:312 419 220 259 89
rect:331 418 86 68 49
rect:195 498 271 174 32
Haiti2010_04.jpg 0x0
rect:2 170 290 198 6
rect:173 63 274 193 34
rect:216 404 335 640 41
Haiti2010_05.jpg 0x0
rect:254 327 27 121 40
rect:344 225 192 133 52
rect:324 216 217 569 90
rect:237 321 35 93 40
Haiti2010_06.jpg 0x0
rect:448 135 199 341 33
rect:423 208 53 196 32
rect:531 134 618 840 91
rect:147 248 27 48 34
rect:228 328 363 428 91
rect:481 160 52 113 34
rect:525 183 88 30 6
ImperialValley1979_01.jpg 0x0
rect:408 298 36 44 32
rect:612 335 33 27 49
rect:455 289 24 27 50
rect:515 225 32 28 32
rect:41 292 112 114 50
rect:345 350 68 62 32
rect:11 279 74 58 49
rect:409 332 57 74 50
rect:327 409 42 28 49
rect:644 356 21 19 49
rect:13 311 134 94 32
ImperialValley1979_02.jpg 0x0
rect:154 138 93 245 50
rect:186 70 233 278 32
rect:226 148 291 74 92
rect:373 134 78 152 50
rect:216 225 103 59 49
rect:216 126 57 168 50
ImperialValley1979_03.jpg 0x0
rect:116 435 235 33 92
rect:82 263 349 25 92
rect:112 272 103 271 50
rect:205 255 102 138 50
rect:346 207 59 168 50
rect:172 152 158 165 32
rect:130 241 274 221 32
Izmit1999_01.jpg 0x0
rect:585 272 39 71 26
rect:247 119 46 190 27
rect:287 122 69 208 27
rect:208 218 44 128 27
rect:236 82 424 426 34
Izmit1999_02.jpg 0x0
rect:24 135 703 262 10
Izmit1999_03.jpg 0x0
rect:120 29 334 347 93
rect:224 142 402 35 92
rect:470 122 27 213 50
rect:446 80 41 316 50
rect:231 52 262 468 32
rect:362 94 41 204 50
rect:173 80 81 254 50
rect:166 168 41 174 50
Izmit1999_04.jpg 0x0
rect:320 75 103 61 41
rect:503 284 17 65 40
rect:373 49 83 90 48
rect:76 602 64 73 41
rect:88 690 181 120 88
rect:134 252 156 78 88
rect:347 454 15 58 40
rect:51 346 61 78 34
rect:60 425 25 75 42
rect:244 318 111 85 41
Izmit1999_05.jpg 0x0
rect:73 24 507 468 10
Izmit1999_06.jpg 0x0
rect:252 243 39 133 50
rect:246 226 42 173 50
rect:66 187 51 142 50
rect:155 175 98 160 50
rect:206 228 131 95 49
rect:118 189 147 451 32
Izmit1999_07.jpg 0x0
rect:413 267 113 454 4
rect:128 355 34 112 3
rect:329 253 31 80 3
rect:18 87 436 738 2
rect:277 91 63 103 3
rect:230 218 65 83 3
rect:465 61 142 54 6
Izmit1999_08.jpg 0x0
rect:166 23 109 76 34
rect:663 63 62 39 52
rect:509 114 87 72 41
rect:120 384 88 125 45
rect:367 6 115 88 45
rect:174 88 83 82 41
rect:247 306 180 117 88
Izmit1999_09.jpg 0x0
rect:671 192 49 79 94
rect:428 314 58 74 41
rect:203 229 39 39 41
rect:46 226 45 45 41
rect:424 167 130 99 94
rect:279 181 117 63 41
Izmit1999_10.jpg 0x0
rect:90 151 419 340 41
rect:138 259 96 320 40
rect:123 332 235 76 78
rect:235 181 70 216 40
rect:82 165 75 174 40
rect:387 397 69 92 40
rect:41 197 286 41 78
rect:196 505 116 49 78
rect:256 549 69 72 40
rect:290 595 69 31 78
rect:250 158 171 175 40
Izmit1999_11.jpg 0x0
rect:289 284 89 164 40
rect:126 228 57 198 40
rect:381 273 63 221 40
rect:205 473 80 105 41
rect:189 269 115 144 41
Izmit1999_12.jpg 0x0
rect:1 269 23 47 41
rect:406 141 40 96 45
rect:372 214 52 147 42
rect:327 100 33 100 41
rect:172 283 95 85 88
rect:498 26 100 73 34
rect:356 192 38 33 6
rect:537 233 50 73 41
rect:324 240 79 156 41
rect:16 50 37 22 6
rect:70 216 47 64 52
rect:331 215 56 139 52
rect:114 95 36 29 6
rect:385 245 149 143 91
rect:310 203 103 111 94
rect:547 116 53 43 7
rect:61 335 34 52 40
rect:43 326 50 98 94
Izmit1999_13.jpg 0x0
rect:202 202 45 68 41
rect:348 65 240 330 48
rect:310 117 93 111 41
rect:166 176 134 125 94
rect:211 282 68 77 52
rect:5 59 105 142 42
rect:101 302 39 81 41
rect:110 147 44 35 6
rect:312 193 113 218 41
Izmit1999_14.jpg 0x0
rect:285 130 94 96 35
rect:540 80 84 71 34
rect:241 329 50 42 34
rect:503 225 97 44 34
rect:443 307 57 36 34
rect:290 7 134 79 35
rect:347 489 34 19 34
rect:539 46 66 60 95
rect:44 127 115 50 34
Izmit1999_15.jpg 0x0
rect:148 227 231 462 42
Izmit1999_16.jpg 0x0
rect:98 63 278 571 33
rect:267 126 30 79 40
rect:158 78 194 102 41
rect:157 73 285 308 39
Izmit1999_17.jpg 0x0
rect:93 161 130 270 41
Izmit1999_18.jpg 0x0
rect:223 199 94 192 41
rect:217 130 163 242 39
Izmit1999_19.jpg 0x0
rect:282 119 277 287 32
rect:377 149 24 53 50
rect:406 189 34 90 50
rect:250 89 255 443 96
Kobe1995_01.jpg 0x0
rect:31 160 593 162 63
Kobe1995_02.jpg 0x0
rect:2 61 505 575 68
Kobe1995_03.jpg 0x0
rect:34 51 520 441 10
Kobe1995_04.jpg 0x0
rect:454 394 43 59 41
Kobe1995_05.jpg 0x0
rect:96 622 422 89 78
rect:146 151 190 366 52
rect:394 149 135 370 40
rect:4 187 171 585 40
rect:39 341 521 100 78
Kobe1995_06.jpg 0x0
rect:65 136 443 436 41
rect:159 479 346 269 42
Kobe1995_07.jpg 0x0
rect:378 240 26 38 39
rect:207 271 39 26 39
rect:306 240 43 40 39
rect:31 433 55 25 39
rect:421 271 36 32 39
rect:223 309 35 35 39
rect:212 490 43 39 39
rect:229 355 35 30 39
rect:131 153 32 39 39
rect:176 339 40 31 39
rect:151 366 48 29 39
rect:43 275 29 49 39
rect:508 163 52 57 39
rect:198 281 35 37 39
rect:205 264 44 25 39
rect:270 399 42 31 39
rect:206 99 32 34 39
rect:257 168 46 43 39
rect:129 189 30 31 39
rect:86 273 44 37 39
rect:437 146 49 54 39
rect:468 406 39 33 39
rect:207 263 29 49 39
rect:480 114 32 45 39
rect:524 431 35 43 39
rect:168 288 36 47 39
Kobe1995_08.jpg 0x0
rect:307 64 391 159 97
Kobe1995_09.jpg 0x0
rect:98 756 67 45 88
rect:94 356 80 64 88
rect:97 840 98 113 88
rect:199 676 145 85 97
SanSalvador_1986_01.jpg 0x0
rect:66 3 85 168 68
rect:258 212 135 174 41
SanSalvador_1986_02.jpg 0x0
rect:317 345 27 55 41
rect:398 135 38 46 42
rect:198 298 35 34 41
rect:472 234 35 32 41
rect:148 371 30 39 41
rect:467 228 31 54 41
rect:273 159 41 53 41
rect:213 232 31 36 41
rect:325 110 12 20 41
SikkimIndia2001_01.jpg 0x0
rect:187 110 113 93 34
SikkimIndia2001_02.jpg 0x0
rect:478 85 136 165 33
rect:385 190 99 18 16
rect:-11 2 416 129 33
rect:10 7 320 75 16
rect:362 256 73 56 16
rect:573 112 122 40 16
rect:9 119 51 45 54
rect:207 60 180 254 33
SikkimIndia2001_03.jpg 0x0
rect:226 124 51 267 69
rect:217 11 146 558 98
rect:194 139 116 129 70
SikkimIndia2001_04.jpg 0x0
rect:3 31 273 293 99
rect:265 146 354 105 99
rect:341 119 106 186 34
SumatraInd2009_01.jpg 0x0
rect:244 22 45 405 81
SumatraInd2009_02.jpg 0x0
rect:211 83 180 219 41
WhittierNarrows1987_01.jpg 0x0
rect:11 39 721 488 10
WhittierNarrows1987_02.jpg 0x0
rect:220 260 75 303 41
WhittierNarrows1987_03.jpg 0x0
rect:267 127 154 230 32
WhittierNarrows1987_04.jpg 0x0
rect:260 8 366 71 6
rect:301 42 79 178 41
rect:303 17 197 182 100
YogyakartaInd2006_01.jpg 0x0
rect:143 -25 411 547 29
rect:262 163 283 52 49
rect:239 26 424 350 32
YogyakartaInd2006_02.jpg 0x0
rect:336 116 65 242 69
rect:456 118 70 204 70
rect:427 74 134 426 98
