Anchorage1964_01.jpg 0x0
rect:93 413 178 270 1
rect:94 6 252 212 1
Anchorage1964_02.jpg 0x0
rect:552 265 26 46 3
rect:288 293 23 72 3
rect:36 251 180 54 5
rect:91 224 31 23 6
rect:26 29 154 54 5
rect:248 227 29 47 3
rect:381 302 11 40 3
rect:193 301 25 68 3
rect:351 335 15 53 3
rect:511 85 95 135 8
rect:91 44 61 18 6
rect:208 221 243 125 2
rect:92 252 57 20 6
rect:256 39 223 102 4
rect:221 68 120 57 4
rect:361 229 34 56 3
rect:148 112 91 70 7
rect:483 229 91 48 4
rect:410 249 28 46 3
Anchorage1964_03.jpg 0x0
rect:0 360 873 59 10
rect:325 82 474 141 9
rect:2 179 229 63 9
Anchorage1964_04.jpg 0x0
rect:137 23 25 13 5
rect:422 288 30 17 5
rect:363 154 22 30 1
rect:405 215 36 16 5
rect:383 108 31 18 5
rect:197 388 13 21 1
rect:236 351 21 14 5
rect:135 47 32 10 5
rect:247 526 20 29 1
rect:204 386 25 20 5
rect:202 146 35 13 5
rect:139 92 38 14 5
rect:335 186 24 17 5
rect:179 185 35 17 5
rect:293 447 7 1 1
rect:188 151 32 22 5
rect:375 483 29 20 5
rect:245 613 65 13 2
rect:429 359 28 18 5
rect:159 421 28 16 5
rect:350 517 27 25 1
rect:184 292 26 18 5
rect:250 183 32 21 5
rect:286 250 20 24 1
rect:334 279 23 34 1
rect:219 205 36 19 5
rect:427 319 20 22 5
rect:169 234 27 15 5
rect:299 414 34 21 5
rect:189 184 26 19 8
rect:200 303 45 14 5
rect:417 45 26 12 5
rect:199 268 14 31 1
rect:270 134 40 15 5
rect:276 391 17 24 1
rect:333 23 34 23 5
rect:264 224 17 25 1
rect:348 122 12 25 1
rect:254 239 21 23 1
Anchorage1964_05.jpg 0x0
rect:252 41 110 47 6
rect:440 106 29 65 1
rect:602 326 71 43 5
rect:657 418 52 15 6
rect:71 77 20 35 1
rect:472 1 41 50 1
rect:340 171 44 55 1
rect:529 153 45 81 1
rect:110 124 20 53 1
rect:119 31 21 37 1
rect:62 126 18 37 1
rect:395 148 28 24 11
rect:574 30 31 40 1
rect:64 230 23 40 1
rect:39 517 18 60 1
rect:365 116 35 67 1
rect:513 305 51 51 1
rect:75 227 19 38 1
rect:825 255 31 22 6
rect:199 216 155 27 5
rect:217 193 123 56 6
rect:591 378 45 82 8
rect:443 202 37 22 11
rect:91 300 16 42 1
rect:44 381 21 47 1
rect:728 252 42 27 5
rect:231 162 117 52 2
rect:324 368 50 89 8
rect:138 58 76 24 5
Anchorage1964_06.jpg 0x0
rect:187 171 71 211 3
rect:121 70 247 375 12
rect:229 287 80 86 11
Anchorage1964_07.jpg 0x0
rect:494 140 63 104 11
rect:347 128 192 104 11
rect:276 2 75 72 2
rect:15 216 235 32 11
rect:9 279 354 35 14
rect:8 50 849 420 2
rect:415 106 39 103 13
rect:333 177 425 166 2
rect:318 132 57 109 3
Anchorage1964_08.jpg 0x0
rect:376 231 128 127 1
rect:45 84 176 125 1
rect:295 41 103 85 1
rect:384 578 136 85 1
rect:43 392 87 113 1
rect:34 513 103 147 1
Anchorage1964_09.jpg 0x0
rect:443 8 251 12 15
rect:103 385 62 63 8
rect:297 149 70 95 1
rect:806 105 139 20 15
rect:13 13 463 19 15
rect:124 144 277 10 15
rect:84 47 63 66 8
rect:13 91 88 16 15
rect:81 115 95 93 1
rect:484 139 138 20 15
rect:611 191 1 1 16
rect:200 188 63 79 1
rect:13 173 22 12 16
rect:17 21 79 11 16
rect:421 38 85 52 8
rect:62 189 72 9 16
rect:642 261 86 75 8
rect:457 10 89 11 16
rect:664 165 76 99 1
Anchorage1964_10.jpg 0x0
rect:170 239 152 79 18
rect:101 279 386 98 18
rect:62 227 409 239 1
rect:210 207 109 118 17
Anchorage1964_11.jpg 0x0
rect:137 49 162 78 4
rect:180 138 357 17 15
rect:131 142 572 93 2
rect:62 384 455 22 14
rect:75 373 646 13 14
rect:236 264 207 26 11
rect:692 7 134 46 1
rect:572 155 129 103 1
Anchorage1964_12.jpg 0x0
rect:128 186 28 127 3
rect:449 59 218 138 11
rect:384 86 55 257 3
rect:450 61 53 239 3
rect:11 57 758 304 2
Anchorage1964_13.jpg 0x0
rect:418 325 24 166 20
rect:252 496 158 21 2
rect:361 582 105 16 19
Anchorage1964_14.jpg 0x0
rect:35 782 55 75 22
rect:442 583 132 105 23
rect:15 746 22 53 22
rect:9 552 164 88 11
rect:100 566 44 45 22
rect:145 233 66 79 21
rect:266 17 128 488 20
rect:234 12 78 217 11
rect:447 6 106 131 11
rect:207 516 31 65 22
rect:267 178 183 54 15
rect:96 284 104 37 15
Anchorage1964_15.jpg 0x0
rect:544 11 84 61 4
rect:168 172 130 31 15
rect:214 103 38 85 11
rect:258 246 101 46 11
rect:131 62 80 505 20
rect:227 9 83 80 4
rect:213 502 276 69 2
rect:276 88 34 85 25
rect:279 295 75 35 24
Anchorage1964_16.jpg 0x0
rect:16 158 194 135 2
rect:215 161 320 226 11
rect:230 103 323 99 2
rect:517 261 165 187 2
rect:101 401 62 130 11
rect:14 259 51 95 2
Anchorage1964_17.jpg 0x0
rect:9 201 878 238 10
rect:9 83 232 111 9
rect:361 36 209 179 9
Anchorage1964_18.jpg 0x0
rect:583 393 56 13 2
rect:152 228 24 44 11
rect:172 263 101 41 11
rect:581 284 48 16 2
rect:501 163 87 63 4
rect:142 181 57 102 4
rect:398 357 46 68 11
rect:318 215 324 24 15
rect:342 151 72 72 4
rect:396 295 63 27 2
Anchorage1964_19.jpg 0x0
rect:484 127 21 32 26
rect:538 195 10 24 26
rect:514 119 26 23 26
rect:277 305 24 30 26
rect:479 236 12 30 26
rect:396 113 60 45 28
rect:359 78 40 91 29
rect:225 370 52 67 26
rect:590 178 7 16 26
rect:840 206 9 13 26
rect:327 87 65 103 29
rect:21 297 35 127 27
rect:387 123 31 32 27
rect:869 103 6 6 26
rect:210 71 66 36 26
rect:658 193 28 26 28
rect:6 185 62 170 26
rect:535 157 24 71 29
Anchorage1964_20.jpg 0x0
rect:223 495 55 161 26
rect:178 84 96 53 27
rect:555 678 38 62 26
rect:139 106 67 50 26
rect:161 85 111 124 29
Anchorage1964_21.jpg 0x0
rect:47 322 36 24 26
rect:2 123 33 42 26
rect:208 128 478 168 30
rect:-5 71 77 153 29
Bingol2003_01.jpg 0x0
rect:700 113 89 73 6
rect:36 308 69 76 33
rect:617 396 48 72 34
rect:909 500 106 30 33
rect:431 61 132 173 31
rect:2 349 1073 230 10
rect:760 249 88 72 6
rect:334 309 42 221 32
rect:211 120 91 19 6
rect:662 300 65 84 33
rect:669 200 171 137 31
rect:692 297 90 49 33
rect:515 483 190 52 6
rect:394 205 46 147 34
rect:607 70 54 92 6
rect:268 217 85 80 33
rect:152 208 91 73 33
rect:575 164 36 61 6
rect:417 430 115 77 6
Bingol2003_02.jpg 0x0
rect:273 177 807 497 31
rect:1109 58 121 90 36
rect:356 297 533 169 35
rect:151 73 405 168 34
rect:391 424 105 107 6
rect:452 421 113 79 26
rect:146 343 144 218 32
rect:207 307 70 455 32
Bingol2003_03.jpg 0x0
rect:756 -9 219 266 4
rect:82 44 101 117 33
rect:424 140 276 119 2
rect:328 192 157 85 11
rect:115 26 194 29 2
rect:830 173 204 732 4
rect:547 580 338 380 2
Bingol2003_04.jpg 0x0
rect:67 637 70 78 2
rect:369 337 139 134 4
rect:335 357 45 102 3
rect:91 617 19 93 3
rect:133 368 23 69 3
rect:353 444 123 81 2
rect:83 682 29 56 3
rect:158 458 249 228 2
CanterburyNZSeries2010_01.jpg 0x0
rect:66 85 140 289 12
CanterburyNZSeries2010_02.jpg 0x0
rect:51 54 127 260 6
rect:43 8 138 282 37
CanterburyNZSeries2010_03.jpg 0x0
rect:50 97 373 104 38
CanterburyNZSeries2010_04.jpg 0x0
rect:298 523 32 56 40
rect:326 11 97 207 42
rect:432 408 16 79 40
rect:346 470 53 99 40
rect:221 313 27 157 40
rect:185 273 158 281 39
rect:157 520 118 164 41
rect:323 467 31 46 40
CanterburyNZSeries2010_05.jpg 0x0
rect:235 181 108 133 15
rect:262 267 231 418 4
CanterburyNZSeries2010_06.jpg 0x0
rect:219 307 274 145 2
rect:76 118 662 551 4
CanterburyNZSeries2010_08.jpg 0x0
rect:943 393 95 160 44
rect:600 165 172 243 43
rect:658 381 25 125 32
rect:602 667 55 118 44
CanterburyNZSeries2010_09.jpg 0x0
rect:343 337 190 430 39
rect:288 123 152 158 45
CanterburyNZSeries2010_10.jpg 0x0
rect:240 507 239 107 6
rect:229 293 405 236 6
rect:274 306 146 74 46
rect:248 159 304 103 7
CanterburyNZSeries2010_11.jpg 0x0
rect:298 248 213 170 5
rect:329 211 409 146 7
CanterburyNZSeries2010_12.jpg 0x0
rect:52 356 647 380 2
rect:556 580 176 55 11
rect:5 202 883 405 47
rect:235 472 104 49 11
CanterburyNZSeries2010_13.jpg 0x0
rect:458 118 85 386 11
rect:127 17 517 658 12
Caracas1967_01.jpg 0x0
rect:300 226 38 110 48
rect:260 231 13 72 48
rect:491 83 224 273 48
rect:443 143 92 110 48
Caracas1967_02.jpg 0x0
rect:152 223 234 285 51
rect:106 363 52 62 49
rect:271 1 121 168 15
rect:139 393 47 37 50
Caracas1967_03.jpg 0x0
rect:186 305 92 151 34
rect:235 311 45 93 26
rect:334 282 24 73 27
rect:328 465 31 116 27
rect:271 72 101 78 14
rect:15 379 218 126 6
Caracas1967_04.jpg 0x0
rect:182 421 141 187 34
rect:175 248 44 77 26
rect:171 281 14 68 27
Caracas1967_05.jpg 0x0
rect:387 200 35 140 40
rect:34 109 344 765 48
rect:43 236 59 219 40
rect:291 284 183 108 52
rect:271 278 51 179 40
rect:179 450 39 158 40
rect:62 458 223 214 52
rect:382 193 37 273 40
rect:137 281 40 278 40
rect:35 109 400 635 41
Caracas1967_06.jpg 0x0
rect:324 317 54 55 6
rect:383 89 237 161 7
Caracas1967_07.jpg 0x0
rect:374 290 71 107 53
rect:231 109 46 178 27
rect:273 9 81 287 34
rect:560 280 126 297 34
rect:603 288 126 62 53
rect:153 167 120 204 34
rect:418 41 35 279 27
Caracas1967_08.jpg 0x0
rect:214 307 59 103 54
rect:281 345 76 78 55
rect:344 242 80 165 54
Caracas1967_09.jpg 0x0
rect:201 158 70 83 48
rect:109 240 55 71 48
rect:27 254 65 66 48
rect:387 12 273 130 48
Caracas1967_10.jpg 0x0
rect:314 237 58 221 40
rect:17 120 493 322 48
rect:40 178 258 232 41
rect:271 192 78 165 40
Caracas1967_11.jpg 0x0
rect:209 14 215 226 41
rect:65 305 232 627 41
rect:50 16 472 959 48
Caracas1967_12.jpg 0x0
rect:360 208 36 32 34
rect:910 300 28 54 32
rect:552 482 22 44 32
rect:301 226 27 46 56
Caracas1967_13.jpg 0x0
rect:198 406 143 225 55
Caracas1967_14.jpg 0x0
rect:146 320 262 40 6
rect:88 153 419 152 57
Chichi1999_01.jpg 0x0
rect:340 128 47 167 42
rect:4 6 861 224 58
Chichi1999_02.jpg 0x0
rect:382 108 213 478 59
rect:5 98 296 146 58
Chichi1999_03.jpg 0x0
rect:0 188 885 171 58
rect:66 215 65 74 60
Chichi1999_04.jpg 0x0
rect:232 243 25 70 52
rect:170 -16 56 145 48
rect:240 252 87 379 48
Chichi1999_05.jpg 0x0
rect:320 344 26 33 41
rect:296 158 119 164 48
rect:485 158 37 45 41
rect:369 203 38 56 52
Chichi1999_06.jpg 0x0
rect:184 14 494 168 10
rect:432 164 41 94 48
rect:746 142 45 63 41
rect:446 171 21 26 52
rect:330 115 41 84 62
rect:673 -12 86 61 61
Chichi1999_07.jpg 0x0
rect:781 264 13 17 64
rect:148 138 21 58 64
rect:490 155 36 27 64
rect:42 159 476 108 63
rect:388 161 45 161 48
rect:127 136 51 169 48
rect:786 290 52 105 48
Chichi1999_08.jpg 0x0
rect:103 18 491 539 10
Chichi1999_09.jpg 0x0
rect:185 73 48 79 40
rect:273 79 28 62 40
rect:223 71 116 110 41
rect:153 60 143 131 48
Chichi1999_10.jpg 0x0
rect:220 14 450 386 10
Chichi1999_11.jpg 0x0
rect:122 271 120 81 65
rect:2 161 132 445 10
Chichi1999_12.jpg 0x0
rect:10 20 472 540 66
Chichi1999_13.jpg 0x0
rect:25 40 549 344 10
Chichi1999_14.jpg 0x0
rect:148 319 47 87 67
rect:152 235 29 76 67
rect:85 319 80 58 67
rect:116 484 27 33 67
rect:186 434 25 34 39
rect:302 317 21 29 39
rect:230 368 37 48 67
rect:74 445 39 36 67
rect:373 590 48 48 67
rect:264 236 16 49 67
rect:204 498 38 30 67
rect:243 306 22 18 39
rect:226 476 23 47 67
rect:393 329 31 31 39
rect:189 386 25 49 67
rect:119 196 72 48 67
rect:370 521 76 93 67
Chichi1999_15.jpg 0x0
rect:269 33 284 478 41
Chichi1999_16.jpg 0x0
rect:137 159 75 105 32
Chichi1999_17.jpg 0x0
rect:174 440 31 57 32
Chichi1999_18.jpg 0x0
rect:128 283 45 99 69
rect:204 430 33 97 69
rect:213 222 147 544 68
rect:310 180 36 115 69
rect:353 301 36 83 70
rect:193 202 20 100 69
Chichi1999_19.jpg 0x0
rect:238 150 221 319 3
rect:194 22 321 307 2
YogyakartaInd2006_03.jpg 0x0
rect:269 140 46 25 15
rect:271 471 73 23 16
rect:295 89 72 33 16
rect:259 175 20 9 16
rect:254 57 144 73 15
rect:280 31 100 2 15
rect:273 452 291 31 15
rect:292 264 319 138 71
Chichi1999_20.jpg 0x0
rect:229 141 90 351 42
rect:202 420 68 146 41
Chichi1999_21.jpg 0x0
rect:74 389 128 94 5
rect:201 105 240 347 72
rect:15 4 297 167 30
rect:241 390 65 102 6
rect:256 26 295 190 37
rect:221 247 165 148 37
rect:392 6 131 116 57
rect:499 144 202 147 6
Chichi1999_22.jpg 0x0
rect:212 169 13 17 73
rect:367 288 20 20 73
rect:191 168 13 15 73
rect:211 150 225 116 10
Chichi1999_23.jpg 0x0
rect:133 141 49 45 73
rect:216 227 31 69 34
rect:198 126 45 62 73
rect:4 60 526 226 74
rect:111 385 51 95 73
rect:100 252 49 104 34
rect:361 187 35 26 26
rect:173 181 26 30 34
rect:251 292 66 72 73
rect:347 242 28 22 27
Chichi1999_24.jpg 0x0
rect:209 190 170 97 75
rect:245 318 79 68 34
rect:167 236 41 77 46
rect:418 445 1 2 46
rect:3 284 327 185 74
Chichi1999_25.jpg 0x0
rect:143 287 96 303 34
rect:133 160 198 311 73
rect:177 361 33 71 26
Chichi1999_26.jpg 0x0
rect:190 580 91 79 26
rect:175 182 49 113 73
rect:102 409 127 83 27
rect:190 12 41 31 73
rect:222 240 84 511 76
rect:163 576 127 106 73
Chichi1999_27.jpg 0x0
rect:129 249 122 365 32
Chichi1999_28.jpg 0x0
rect:370 121 138 297 75
rect:357 181 251 106 77
rect:152 126 111 158 5
rect:23 68 319 124 6
Chichi1999_29.jpg 0x0
rect:280 173 124 185 40
rect:182 295 87 154 52
rect:183 235 232 282 48
Chichi1999_30.jpg 0x0
rect:184 123 354 337 40
rect:220 178 145 80 52
rect:25 351 125 184 73
rect:230 255 169 48 78
Chichi1999_31.jpg 0x0
rect:158 110 116 371 79
rect:642 87 55 130 48
Chichi1999_32.jpg 0x0
rect:576 161 63 209 39
rect:160 8 121 482 80
rect:146 54 32 134 81
rect:175 218 46 146 81
Chichi1999_33.jpg 0x0
rect:221 70 142 376 32
rect:383 181 36 97 49
rect:132 105 57 102 49
rect:231 98 127 292 56
rect:76 75 123 620 33
rect:154 124 68 186 32
Chichi1999_34.jpg 0x0
rect:116 69 336 468 10
Duzce1999_01.jpg 0x0
rect:140 55 137 251 39
rect:140 102 90 174 41
Duzce1999_02.jpg 0x0
rect:75 52 187 301 41
Duzce1999_03.jpg 0x0
rect:136 100 144 320 42
rect:0 131 126 173 31
rect:181 128 116 311 31
Gediz1970_01.jpg 0x0
rect:162 343 100 251 69
rect:153 248 124 313 69
rect:103 138 332 680 68
Guatemala1976_01.jpg 0x0
rect:423 112 129 155 48
rect:628 131 82 76 41
rect:37 124 123 148 48
rect:59 234 66 58 52
rect:60 174 53 53 41
rect:24 136 803 194 82
Guatemala1976_02.jpg 0x0
rect:188 52 377 265 48
rect:327 87 73 123 40
Guatemala1976_03.jpg 0x0
rect:17 96 791 240 75
Guatemala1976_04.jpg 0x0
rect:48 82 631 197 30
rect:474 216 92 228 4
rect:568 250 127 334 4
rect:127 34 476 83 30
Guatemala1976_05.jpg 0x0
rect:181 200 224 158 41
rect:122 87 389 244 48
rect:222 135 406 131 40
Guatemala1976_06.jpg 0x0
rect:115 137 178 607 39
Guatemala1976_07.jpg 0x0
rect:24 268 48 47 6
rect:18 184 365 411 10
rect:229 491 135 97 83
Guatemala1976_08.jpg 0x0
rect:218 54 279 332 41
rect:331 66 193 406 40
rect:214 23 426 351 48
Guatemala1976_09.jpg 0x0
rect:743 360 62 92 84
rect:786 247 65 57 85
rect:130 329 38 25 84
rect:168 228 47 46 85
rect:115 348 29 31 84
rect:326 332 73 29 85
rect:435 207 69 57 84
rect:81 355 29 34 85
Guatemala1976_10.jpg 0x0
rect:166 138 265 230 86
rect:227 369 29 114 87
rect:193 158 180 167 87
Guatemala1976_11.jpg 0x0
rect:169 265 108 157 34
GujaratIndia2001_01.jpg 0x0
rect:171 492 201 63 2
rect:90 588 65 41 2
rect:23 348 178 215 4
rect:283 305 52 69 11
Haiti2010_01.jpg 0x0
rect:306 524 187 266 4
rect:207 201 23 139 40
rect:126 51 140 121 7
rect:636 256 77 127 4
rect:329 123 144 367 41
Haiti2010_02.jpg 0x0
rect:62 76 497 195 88
rect:333 27 162 56 14
Haiti2010_03.jpg 0x0
rect:331 503 89 64 49
rect:228 757 281 196 89
rect:279 1 79 473 32
rect:295 452 244 203 32
Haiti2010_04.jpg 0x0
rect:2 179 317 176 6
rect:176 39 196 240 34
rect:210 306 399 367 41
Haiti2010_05.jpg 0x0
rect:215 237 155 110 52
rect:184 193 29 91 40
rect:223 139 233 562 90
rect:440 207 44 111 40
Haiti2010_06.jpg 0x0
rect:564 128 533 685 91
rect:400 141 169 279 33
rect:552 265 80 40 6
rect:142 205 290 341 91
rect:345 127 84 75 34
rect:260 334 36 35 34
rect:381 236 81 270 32
ImperialValley1979_01.jpg 0x0
rect:495 401 21 25 49
rect:15 407 75 80 49
rect:227 398 43 66 50
rect:552 364 49 33 32
rect:577 409 30 45 50
rect:421 421 38 41 32
rect:72 245 75 112 50
rect:13 227 117 167 32
rect:678 251 21 15 49
rect:427 290 36 33 49
rect:474 388 43 28 32
ImperialValley1979_02.jpg 0x0
rect:252 204 58 192 50
rect:186 185 347 66 92
rect:222 160 64 165 50
rect:284 160 92 214 50
rect:185 282 161 44 49
rect:168 95 133 242 32
ImperialValley1979_03.jpg 0x0
rect:144 209 246 136 32
rect:114 306 85 164 50
rect:219 328 70 194 50
rect:127 307 185 224 32
rect:115 478 311 26 92
rect:92 338 199 33 92
rect:226 366 87 108 50
Izmit1999_01.jpg 0x0
rect:146 92 404 401 34
rect:548 319 71 78 26
rect:300 155 50 174 27
rect:266 77 64 172 27
rect:170 241 41 103 27
Izmit1999_02.jpg 0x0
rect:26 151 871 273 10
Izmit1999_03.jpg 0x0
rect:330 77 46 222 50
rect:169 52 314 242 32
rect:163 153 364 45 92
rect:162 143 38 191 50
rect:123 38 308 369 93
rect:202 75 67 357 50
rect:509 116 50 259 50
rect:433 91 44 166 50
Izmit1999_04.jpg 0x0
rect:348 304 24 47 40
rect:56 586 65 77 41
rect:306 75 102 61 41
rect:189 294 151 51 88
rect:307 83 107 72 48
rect:223 440 63 78 41
rect:108 434 179 152 88
rect:383 362 25 44 40
rect:70 563 27 60 42
rect:56 441 77 76 34
Izmit1999_05.jpg 0x0
rect:104 27 447 553 10
Izmit1999_06.jpg 0x0
rect:154 141 178 346 32
rect:372 210 45 156 50
rect:204 196 75 279 50
rect:300 266 56 130 50
rect:167 332 163 90 49
rect:83 216 64 143 50
Izmit1999_07.jpg 0x0
rect:210 244 37 97 3
rect:418 109 71 71 3
rect:393 391 109 420 4
rect:380 56 176 50 6
rect:154 227 63 78 3
rect:24 121 457 627 2
rect:338 156 37 143 3
Izmit1999_08.jpg 0x0
rect:432 5 113 89 45
rect:159 157 99 95 41
rect:468 60 51 100 41
rect:120 31 92 126 34
rect:156 191 218 112 88
rect:115 504 61 64 45
rect:683 89 47 30 52
Izmit1999_09.jpg 0x0
rect:675 236 63 81 41
rect:280 215 54 32 41
rect:34 269 31 71 41
rect:435 348 78 93 41
rect:279 264 145 86 94
rect:518 194 48 65 94
Izmit1999_10.jpg 0x0
rect:247 305 62 63 40
rect:37 157 319 54 78
rect:326 166 124 188 40
rect:96 385 302 48 78
rect:169 224 101 232 40
rect:360 550 80 126 40
rect:178 148 72 218 40
rect:55 186 107 154 40
rect:216 380 188 38 78
rect:304 466 102 29 78
rect:78 105 408 398 41
Izmit1999_11.jpg 0x0
rect:257 257 70 181 40
rect:223 228 82 162 40
rect:170 252 122 141 41
rect:133 317 59 184 40
rect:174 351 95 143 41
Izmit1999_12.jpg 0x0
rect:228 155 58 21 6
rect:1 216 35 38 41
rect:21 88 58 30 6
rect:553 160 68 54 7
rect:327 20 65 59 34
rect:381 260 61 112 52
rect:75 76 33 19 6
rect:94 310 38 42 40
rect:145 253 77 73 88
rect:61 244 74 62 52
rect:243 361 127 113 94
rect:585 127 241 142 91
rect:277 157 38 77 45
rect:40 215 53 119 94
rect:429 76 52 116 41
rect:533 279 71 72 41
rect:346 137 35 126 42
rect:395 246 52 128 41
Izmit1999_13.jpg 0x0
rect:187 213 32 131 41
rect:272 82 82 82 41
rect:200 358 77 48 52
rect:252 218 38 118 41
rect:150 221 143 96 94
rect:373 77 224 356 48
rect:5 56 122 226 42
rect:485 139 88 284 41
rect:95 90 75 37 6
Izmit1999_14.jpg 0x0
rect:343 465 57 41 34
rect:435 74 87 54 34
rect:434 208 77 104 35
rect:336 441 25 17 34
rect:64 113 125 52 34
rect:496 5 182 86 35
rect:302 43 70 47 95
rect:400 180 81 54 34
rect:342 327 64 49 34
Izmit1999_15.jpg 0x0
rect:123 216 276 316 42
Izmit1999_16.jpg 0x0
rect:207 76 52 90 40
rect:120 65 346 425 33
rect:152 48 341 306 39
rect:104 121 193 123 41
Izmit1999_17.jpg 0x0
rect:118 125 218 260 41
Izmit1999_18.jpg 0x0
rect:144 115 113 359 39
rect:135 133 126 160 41
Izmit1999_19.jpg 0x0
rect:467 208 30 66 50
rect:218 98 180 179 32
rect:280 113 220 283 96
rect:587 175 34 92 50
Kobe1995_01.jpg 0x0
rect:23 133 713 138 63
Kobe1995_02.jpg 0x0
rect:2 63 369 567 68
Kobe1995_03.jpg 0x0
rect:35 74 574 435 10
Kobe1995_04.jpg 0x0
rect:349 309 45 58 41
Kobe1995_05.jpg 0x0
rect:272 194 158 485 40
rect:148 134 200 375 52
rect:3 168 175 573 40
rect:30 236 456 90 78
rect:121 533 408 107 78
Kobe1995_06.jpg 0x0
rect:56 159 422 526 41
rect:151 400 343 414 42
Kobe1995_07.jpg 0x0
rect:194 292 29 47 39
rect:337 288 37 42 39
rect:297 129 21 44 39
rect:288 121 49 42 39
rect:136 311 37 34 39
rect:246 308 49 42 39
rect:303 250 27 32 39
rect:530 228 54 35 39
rect:249 396 41 32 39
rect:332 284 58 37 39
rect:351 522 42 42 39
rect:367 166 31 45 39
rect:230 379 25 24 39
rect:167 492 27 40 39
rect:344 288 41 33 39
rect:369 272 49 33 39
rect:184 134 46 43 39
rect:40 362 55 20 39
rect:356 123 32 35 39
rect:54 326 39 53 39
rect:219 143 32 32 39
rect:107 249 27 34 39
rect:335 208 49 48 39
rect:417 389 39 60 39
rect:111 428 29 52 39
rect:169 339 34 31 39
Kobe1995_08.jpg 0x0
rect:328 53 330 216 97
Kobe1995_09.jpg 0x0
rect:77 625 61 51 88
rect:80 849 66 103 88
rect:78 644 95 56 88
rect:154 564 250 62 97
SanSalvador_1986_01.jpg 0x0
rect:64 3 128 307 68
rect:197 206 94 186 41
SanSalvador_1986_02.jpg 0x0
rect:369 278 49 58 41
rect:139 121 19 39 41
rect:155 238 32 30 41
rect:189 230 32 32 41
rect:312 198 36 47 41
rect:414 183 17 28 41
rect:287 187 37 54 41
rect:361 125 37 59 42
rect:456 232 27 52 41
SikkimIndia2001_01.jpg 0x0
rect:205 120 169 162 34
SikkimIndia2001_02.jpg 0x0
rect:362 292 85 47 16
rect:325 142 85 43 16
rect:-15 2 321 103 33
rect:232 74 201 417 33
rect:7 7 383 58 16
rect:515 264 74 21 16
rect:421 73 103 182 33
rect:8 170 67 45 54
SikkimIndia2001_03.jpg 0x0
rect:216 9 128 403 98
rect:257 266 93 122 70
rect:211 65 79 202 69
SikkimIndia2001_04.jpg 0x0
rect:327 246 293 131 99
rect:3 37 255 238 99
rect:277 117 143 140 34
SumatraInd2009_01.jpg 0x0
rect:367 25 55 361 81
SumatraInd2009_02.jpg 0x0
rect:170 67 220 196 41
WhittierNarrows1987_01.jpg 0x0
rect:17 37 1042 334 10
WhittierNarrows1987_02.jpg 0x0
rect:217 210 120 267 41
WhittierNarrows1987_03.jpg 0x0
rect:274 162 204 306 32
WhittierNarrows1987_04.jpg 0x0
rect:269 8 241 64 6
rect:215 62 83 147 41
rect:344 11 247 155 100
YogyakartaInd2006_01.jpg 0x0
rect:222 -17 400 574 29
rect:285 46 349 276 32
rect:252 183 245 95 49
YogyakartaInd2006_02.jpg 0x0
rect:413 107 37 220 69
rect:487 112 55 128 70
rect:360 61 171 520 98
