Anchorage1964_01.jpg 0x0
rect:93 402 169 167 1
rect:67 7 245 206 1
Anchorage1964_02.jpg 0x0
rect:124 156 29 22 6
rect:400 315 24 47 3
rect:204 29 281 98 4
rect:93 32 117 14 6
rect:109 205 68 19 6
rect:220 90 115 87 4
rect:591 267 16 61 3
rect:144 203 335 74 2
rect:337 337 27 69 3
rect:40 190 139 38 5
rect:175 189 93 68 7
rect:536 307 18 60 3
rect:449 271 21 53 3
rect:282 352 27 51 3
rect:29 18 112 52 5
rect:381 152 90 47 4
rect:585 227 17 66 3
rect:196 339 34 58 3
rect:675 59 128 102 8
Anchorage1964_03.jpg 0x0
rect:178 62 258 223 9
rect:2 281 273 58 9
rect:0 310 612 47 10
Anchorage1964_04.jpg 0x0
rect:390 212 29 19 5
rect:382 401 8 1 1
rect:406 425 28 21 5
rect:184 184 23 26 5
rect:457 197 38 14 5
rect:268 300 19 25 1
rect:359 361 29 17 5
rect:421 76 39 18 5
rect:257 37 26 13 5
rect:331 207 24 22 5
rect:282 369 20 25 1
rect:167 340 30 15 5
rect:143 483 34 16 5
rect:158 303 19 14 5
rect:213 434 39 14 5
rect:220 147 22 24 5
rect:313 229 23 33 1
rect:164 347 37 13 5
rect:284 306 9 24 1
rect:322 264 28 19 8
rect:308 134 32 17 5
rect:352 130 25 14 5
rect:157 93 32 17 5
rect:234 550 26 29 1
rect:201 43 42 15 5
rect:444 487 32 19 5
rect:198 178 17 25 1
rect:146 72 32 18 5
rect:237 158 21 21 1
rect:245 427 18 30 1
rect:305 279 40 19 5
rect:343 223 22 25 1
rect:181 397 62 18 2
rect:150 30 24 20 5
rect:412 340 32 13 5
rect:431 121 41 18 5
rect:239 254 15 27 1
rect:290 219 12 20 1
rect:207 274 39 21 5
Anchorage1964_05.jpg 0x0
rect:72 25 27 37 1
rect:52 418 25 36 1
rect:422 81 49 46 1
rect:67 173 17 52 1
rect:229 36 105 36 5
rect:392 283 30 22 11
rect:784 194 79 39 5
rect:532 149 48 46 1
rect:455 1 55 57 1
rect:73 373 27 67 1
rect:235 53 78 60 6
rect:566 356 37 61 8
rect:699 362 33 12 6
rect:385 225 20 15 11
rect:496 411 41 62 8
rect:94 251 29 53 1
rect:566 30 34 60 1
rect:644 253 41 18 6
rect:58 258 24 35 1
rect:45 495 24 66 1
rect:109 74 14 60 1
rect:530 82 34 82 1
rect:217 177 131 19 5
rect:347 128 131 98 2
rect:461 314 54 48 1
rect:167 129 89 41 6
rect:758 364 57 37 5
rect:463 218 44 64 1
rect:74 59 32 45 1
Anchorage1964_06.jpg 0x0
rect:105 86 154 398 12
rect:120 193 64 60 11
rect:206 182 65 280 3
Anchorage1964_07.jpg 0x0
rect:12 286 276 33 11
rect:401 187 401 223 2
rect:411 156 52 75 13
rect:325 170 95 99 11
rect:169 2 94 73 2
rect:8 56 707 452 2
rect:234 90 133 141 11
rect:7 397 447 42 14
rect:344 98 46 88 3
Anchorage1964_08.jpg 0x0
rect:59 350 100 92 1
rect:244 230 148 95 1
rect:53 619 131 106 1
rect:371 449 161 111 1
rect:50 64 108 135 1
rect:279 41 108 124 1
Anchorage1964_09.jpg 0x0
rect:132 125 61 90 1
rect:699 118 74 61 1
rect:20 106 27 10 16
rect:659 9 74 14 16
rect:373 89 119 26 15
rect:126 35 85 82 8
rect:334 152 67 56 1
rect:11 22 64 12 16
rect:612 109 126 16 15
rect:14 15 344 19 15
rect:798 151 1 1 16
rect:13 177 94 20 15
rect:662 244 63 66 8
rect:390 9 328 15 15
rect:76 267 61 47 8
rect:39 107 71 13 16
rect:339 207 67 57 1
rect:152 160 362 13 15
rect:686 35 81 57 8
Anchorage1964_10.jpg 0x0
rect:75 217 353 336 1
rect:59 311 247 116 18
rect:183 181 173 83 18
rect:220 318 81 142 17
Anchorage1964_11.jpg 0x0
rect:774 141 173 99 1
rect:53 529 643 10 14
rect:296 238 306 27 11
rect:109 521 569 21 14
rect:142 67 163 80 4
rect:168 190 423 20 15
rect:103 166 677 93 2
rect:566 7 108 31 1
Anchorage1964_12.jpg 0x0
rect:438 84 62 232 3
rect:13 108 455 210 2
rect:446 64 154 170 11
rect:129 236 30 99 3
rect:366 114 52 260 3
Anchorage1964_13.jpg 0x0
rect:616 391 24 184 20
rect:239 357 221 21 2
rect:328 678 130 11 19
Anchorage1964_14.jpg 0x0
rect:10 620 169 79 11
rect:15 573 24 69 22
rect:232 290 71 101 21
rect:422 179 117 70 15
rect:227 453 126 59 23
rect:125 666 44 82 22
rect:232 12 82 177 11
rect:442 7 56 136 11
rect:224 10 77 652 20
rect:36 521 34 88 22
rect:78 308 146 34 15
rect:159 586 40 66 22
Anchorage1964_15.jpg 0x0
rect:167 85 85 407 20
rect:242 197 136 38 15
rect:367 10 85 77 4
rect:244 120 59 74 25
rect:311 304 134 46 11
rect:340 9 82 82 4
rect:233 380 248 46 2
rect:223 103 39 70 11
rect:467 262 120 29 24
Anchorage1964_16.jpg 0x0
rect:600 220 184 150 2
rect:112 248 104 83 11
rect:18 124 207 227 2
rect:193 91 227 89 2
rect:11 316 78 56 2
rect:214 256 358 155 11
Anchorage1964_17.jpg 0x0
rect:14 130 215 147 9
rect:346 48 215 244 9
rect:9 219 515 280 10
Anchorage1964_18.jpg 0x0
rect:103 250 52 49 11
rect:105 276 19 40 11
rect:335 229 75 17 2
rect:439 369 41 18 2
rect:228 207 43 74 11
rect:194 152 60 94 4
rect:411 117 126 101 4
rect:449 373 55 18 2
rect:550 117 121 87 4
rect:491 357 347 25 15
Anchorage1964_19.jpg 0x0
rect:364 130 29 33 27
rect:351 118 32 21 26
rect:508 234 17 27 26
rect:245 120 62 35 26
rect:24 315 43 94 27
rect:328 75 60 163 29
rect:381 184 57 28 28
rect:5 310 82 153 26
rect:776 112 6 6 26
rect:596 171 40 45 28
rect:313 332 16 42 26
rect:419 118 7 17 26
rect:289 83 52 64 29
rect:300 96 14 28 26
rect:356 235 58 81 26
rect:492 159 7 11 26
rect:464 169 10 18 26
rect:440 172 28 49 29
Anchorage1964_20.jpg 0x0
rect:161 588 87 114 26
rect:194 76 64 51 27
rect:184 120 81 49 26
rect:214 63 135 106 29
rect:603 356 49 75 26
Anchorage1964_21.jpg 0x0
rect:-5 87 59 144 29
rect:213 191 468 116 30
rect:62 341 42 34 26
rect:2 100 37 27 26
Bingol2003_01.jpg 0x0
rect:688 92 71 99 6
rect:635 508 220 92 6
rect:805 263 100 78 33
rect:672 94 174 185 31
rect:570 231 167 118 31
rect:2 402 1188 311 10
rect:301 252 94 87 33
rect:726 451 83 67 33
rect:486 73 100 64 6
rect:401 260 44 267 32
rect:578 256 54 146 34
rect:431 411 32 47 34
rect:301 118 83 23 6
rect:488 386 98 79 6
rect:162 190 53 81 33
rect:37 232 89 61 33
rect:675 389 63 51 33
rect:622 339 79 55 6
rect:458 266 53 41 6
Bingol2003_02.jpg 0x0
rect:140 559 163 273 32
rect:496 316 79 137 26
rect:341 179 953 621 31
rect:150 72 353 129 34
rect:536 310 439 174 35
rect:658 66 94 70 36
rect:128 212 81 483 32
rect:442 261 113 101 6
Bingol2003_03.jpg 0x0
rect:630 563 298 282 2
rect:139 54 84 109 33
rect:487 -7 355 269 4
rect:553 269 158 81 11
rect:736 233 199 611 4
rect:431 170 419 145 2
rect:106 33 159 37 2
Bingol2003_04.jpg 0x0
rect:139 514 23 98 3
rect:72 576 21 95 3
rect:432 741 84 92 2
rect:359 214 199 211 4
rect:141 450 272 140 2
rect:189 479 52 111 3
rect:116 749 38 75 3
rect:85 566 72 99 2
CanterburyNZSeries2010_01.jpg 0x0
rect:73 105 100 361 12
CanterburyNZSeries2010_02.jpg 0x0
rect:42 9 202 192 37
rect:62 48 188 225 6
CanterburyNZSeries2010_03.jpg 0x0
rect:56 97 440 111 38
CanterburyNZSeries2010_04.jpg 0x0
rect:203 371 36 208 40
rect:316 11 70 218 42
rect:180 461 112 212 41
rect:323 272 63 147 40
rect:279 249 178 426 39
rect:277 421 22 52 40
rect:366 350 16 44 40
rect:271 507 21 83 40
CanterburyNZSeries2010_05.jpg 0x0
rect:264 171 141 141 15
rect:213 374 180 308 4
CanterburyNZSeries2010_06.jpg 0x0
rect:168 299 187 93 2
rect:50 104 938 737 4
CanterburyNZSeries2010_08.jpg 0x0
rect:533 116 129 330 43
rect:892 394 34 180 32
rect:578 481 134 126 44
rect:831 461 44 151 44
CanterburyNZSeries2010_09.jpg 0x0
rect:218 151 172 196 45
rect:220 267 174 506 39
CanterburyNZSeries2010_10.jpg 0x0
rect:345 139 329 115 7
rect:180 426 196 147 6
rect:302 422 185 87 46
rect:193 239 322 159 6
CanterburyNZSeries2010_11.jpg 0x0
rect:287 271 315 138 7
rect:374 387 303 239 5
CanterburyNZSeries2010_12.jpg 0x0
rect:6 339 936 307 47
rect:630 594 193 57 11
rect:204 610 121 56 11
rect:52 329 821 265 2
CanterburyNZSeries2010_13.jpg 0x0
rect:302 114 83 593 11
rect:162 16 504 666 12
Caracas1967_01.jpg 0x0
rect:428 52 177 208 48
rect:404 233 29 77 48
rect:311 211 12 52 48
rect:386 195 65 75 48
Caracas1967_02.jpg 0x0
rect:175 1 123 173 15
rect:167 268 222 206 51
rect:101 280 35 49 49
rect:165 465 34 36 50
Caracas1967_03.jpg 0x0
rect:19 285 281 98 6
rect:456 387 28 131 27
rect:327 493 49 81 26
rect:244 335 38 56 27
rect:254 234 82 147 34
rect:279 86 79 107 14
Caracas1967_04.jpg 0x0
rect:103 453 18 101 27
rect:181 413 43 118 26
rect:174 272 202 187 34
Caracas1967_05.jpg 0x0
rect:291 301 39 300 40
rect:132 422 46 260 40
rect:32 124 419 579 48
rect:92 259 286 234 52
rect:345 273 48 177 40
rect:241 297 63 149 40
rect:302 192 174 179 52
rect:53 314 71 278 40
rect:48 146 247 389 41
rect:374 215 52 201 40
Caracas1967_06.jpg 0x0
rect:403 120 210 250 7
rect:271 262 95 39 6
Caracas1967_07.jpg 0x0
rect:278 177 46 263 27
rect:279 9 83 387 34
rect:450 284 186 192 34
rect:345 227 96 114 53
rect:135 125 136 166 34
rect:591 286 96 58 53
rect:292 38 27 230 27
Caracas1967_08.jpg 0x0
rect:249 298 84 88 54
rect:175 371 67 69 55
rect:465 183 107 90 54
Caracas1967_09.jpg 0x0
rect:156 165 75 89 48
rect:110 260 54 57 48
rect:19 187 70 72 48
rect:343 15 295 148 48
Caracas1967_10.jpg 0x0
rect:38 208 213 365 41
rect:16 230 430 422 48
rect:397 231 98 126 40
rect:462 316 72 187 40
Caracas1967_11.jpg 0x0
rect:73 267 226 491 41
rect:56 13 538 825 48
rect:332 14 180 244 41
Caracas1967_12.jpg 0x0
rect:698 397 25 61 32
rect:218 364 27 35 56
rect:519 361 19 47 32
rect:369 297 35 49 34
Caracas1967_13.jpg 0x0
rect:195 390 136 299 55
Caracas1967_14.jpg 0x0
rect:88 105 798 156 57
rect:130 221 355 46 6
Chichi1999_01.jpg 0x0
rect:262 176 61 193 42
rect:4 9 889 192 58
Chichi1999_02.jpg 0x0
rect:360 145 242 445 59
rect:5 98 393 170 58
Chichi1999_03.jpg 0x0
rect:0 142 888 227 58
rect:87 156 45 116 60
Chichi1999_04.jpg 0x0
rect:213 252 38 59 52
rect:195 -19 48 158 48
rect:137 177 79 317 48
Chichi1999_05.jpg 0x0
rect:391 342 28 29 41
rect:355 220 39 61 52
rect:501 113 51 40 41
rect:330 122 64 200 48
Chichi1999_06.jpg 0x0
rect:467 179 18 38 52
rect:240 162 69 51 62
rect:386 194 60 68 48
rect:536 -15 98 56 61
rect:157 17 486 134 10
rect:774 186 52 67 41
Chichi1999_07.jpg 0x0
rect:173 122 41 174 48
rect:141 179 19 32 64
rect:678 228 13 17 64
rect:407 165 39 25 64
rect:499 261 56 108 48
rect:64 196 396 179 63
rect:653 314 38 107 48
Chichi1999_08.jpg 0x0
rect:95 15 601 547 10
Chichi1999_09.jpg 0x0
rect:192 72 39 78 40
rect:180 100 60 93 40
rect:206 112 114 80 41
rect:213 59 248 181 48
Chichi1999_10.jpg 0x0
rect:200 17 661 590 10
Chichi1999_11.jpg 0x0
rect:120 233 91 125 65
rect:2 151 242 631 10
Chichi1999_12.jpg 0x0
rect:11 27 374 675 66
Chichi1999_13.jpg 0x0
rect:30 55 529 346 10
Chichi1999_14.jpg 0x0
rect:188 515 18 24 39
rect:258 343 25 20 39
rect:88 613 50 63 67
rect:126 174 79 45 67
rect:82 399 28 35 67
rect:168 225 38 54 67
rect:162 267 23 48 67
rect:332 293 33 32 39
rect:132 478 56 47 67
rect:176 374 27 46 67
rect:88 371 65 87 67
rect:165 278 33 57 67
rect:306 443 67 82 67
rect:269 458 38 57 67
rect:248 311 28 47 39
rect:202 355 31 49 67
rect:297 304 18 48 67
Chichi1999_15.jpg 0x0
rect:275 36 333 469 41
Chichi1999_16.jpg 0x0
rect:154 91 63 122 32
Chichi1999_17.jpg 0x0
rect:133 322 31 45 32
Chichi1999_18.jpg 0x0
rect:332 217 41 177 69
rect:285 413 40 135 70
rect:162 235 32 115 69
rect:225 186 101 361 68
rect:141 184 51 127 69
rect:309 296 27 122 69
Chichi1999_19.jpg 0x0
rect:223 16 220 482 2
rect:227 155 143 260 3
YogyakartaInd2006_03.jpg 0x0
rect:420 92 105 74 15
rect:358 476 71 27 16
rect:191 175 62 25 15
rect:284 506 240 32 15
rect:227 138 27 7 16
rect:258 210 405 163 71
rect:308 77 92 40 16
rect:311 33 82 2 15
Chichi1999_20.jpg 0x0
rect:308 343 46 169 41
rect:155 220 84 284 42
Chichi1999_21.jpg 0x0
rect:235 83 161 202 72
rect:68 297 126 116 5
rect:18 4 265 128 30
rect:407 114 111 99 6
rect:318 35 312 203 37
rect:457 7 118 128 57
rect:244 219 170 126 37
rect:235 291 88 150 6
Chichi1999_22.jpg 0x0
rect:343 226 15 25 73
rect:363 244 12 15 73
rect:176 303 18 22 73
rect:217 204 345 190 10
Chichi1999_23.jpg 0x0
rect:261 381 49 56 34
rect:117 177 25 29 34
rect:313 225 58 59 73
rect:99 132 73 58 73
rect:3 79 363 199 74
rect:330 175 28 19 26
rect:258 137 28 22 27
rect:315 388 80 116 73
rect:124 307 68 101 73
rect:135 360 29 79 34
Chichi1999_24.jpg 0x0
rect:223 325 69 36 34
rect:3 232 376 153 74
rect:265 324 1 2 46
rect:218 187 111 87 75
rect:278 169 31 49 46
Chichi1999_25.jpg 0x0
rect:136 240 130 335 73
rect:203 299 81 264 34
rect:229 362 58 85 26
Chichi1999_26.jpg 0x0
rect:162 319 118 438 76
rect:321 12 53 28 73
rect:218 218 70 82 73
rect:140 652 130 146 27
rect:151 439 86 49 26
rect:126 425 144 185 73
Chichi1999_27.jpg 0x0
rect:164 247 93 388 32
Chichi1999_28.jpg 0x0
rect:257 191 192 83 77
rect:207 163 164 201 75
rect:20 77 217 159 6
rect:132 115 178 253 5
Chichi1999_29.jpg 0x0
rect:300 218 140 157 40
rect:136 234 90 157 52
rect:166 214 256 362 48
Chichi1999_30.jpg 0x0
rect:37 338 130 145 73
rect:258 125 219 325 40
rect:235 121 150 97 52
rect:203 260 181 64 78
Chichi1999_31.jpg 0x0
rect:490 84 43 195 48
rect:124 92 128 217 79
Chichi1999_32.jpg 0x0
rect:209 44 42 176 81
rect:375 147 39 193 39
rect:211 8 127 450 80
rect:137 214 43 100 81
Chichi1999_33.jpg 0x0
rect:296 64 127 218 32
rect:154 134 65 308 32
rect:385 175 39 92 49
rect:72 75 90 474 33
rect:323 73 122 277 56
rect:163 157 42 126 49
Chichi1999_34.jpg 0x0
rect:128 78 506 491 10
Duzce1999_01.jpg 0x0
rect:118 108 75 110 41
rect:116 54 114 289 39
Duzce1999_02.jpg 0x0
rect:66 61 137 468 41
Duzce1999_03.jpg 0x0
rect:266 99 107 324 31
rect:78 121 140 229 42
rect:0 188 100 315 31
Gediz1970_01.jpg 0x0
rect:117 428 73 365 69
rect:138 98 295 683 68
rect:236 435 104 145 69
Guatemala1976_01.jpg 0x0
rect:595 140 77 92 41
rect:20 152 802 211 82
rect:64 235 74 37 52
rect:35 184 89 140 48
rect:62 165 38 46 41
rect:623 108 155 168 48
Guatemala1976_02.jpg 0x0
rect:312 66 105 81 40
rect:134 73 389 200 48
Guatemala1976_03.jpg 0x0
rect:19 86 595 241 75
Guatemala1976_04.jpg 0x0
rect:647 348 95 199 4
rect:419 143 116 261 4
rect:29 81 391 171 30
rect:180 26 268 63 30
Guatemala1976_05.jpg 0x0
rect:229 157 297 96 41
rect:143 75 490 376 48
rect:186 106 247 164 40
Guatemala1976_06.jpg 0x0
rect:89 87 225 458 39
Guatemala1976_07.jpg 0x0
rect:250 538 163 96 83
rect:26 174 319 442 10
rect:19 376 77 76 6
Guatemala1976_08.jpg 0x0
rect:162 47 285 496 41
rect:122 27 339 524 48
rect:371 93 150 224 40
Guatemala1976_09.jpg 0x0
rect:656 388 60 67 84
rect:203 240 43 34 84
rect:195 316 76 51 85
rect:63 349 38 29 84
rect:721 270 51 67 85
rect:465 271 72 61 84
rect:108 245 45 27 85
rect:301 268 74 35 85
Guatemala1976_10.jpg 0x0
rect:188 244 227 303 86
rect:419 437 48 134 87
rect:178 111 251 192 87
Guatemala1976_11.jpg 0x0
rect:196 230 117 159 34
GujaratIndia2001_01.jpg 0x0
rect:187 492 294 107 2
rect:401 345 47 69 11
rect:25 441 141 213 4
rect:61 411 83 35 2
Haiti2010_01.jpg 0x0
rect:510 277 108 81 4
rect:317 234 19 179 40
rect:174 57 115 102 7
rect:372 99 148 290 41
rect:394 486 235 177 4
Haiti2010_02.jpg 0x0
rect:275 40 176 49 14
rect:40 71 533 245 88
Haiti2010_03.jpg 0x0
rect:278 637 82 74 49
rect:293 1 69 695 32
rect:207 569 279 157 89
rect:233 373 183 208 32
Haiti2010_04.jpg 0x0
rect:2 154 196 196 6
rect:169 44 198 339 34
rect:144 293 408 606 41
Haiti2010_05.jpg 0x0
rect:224 283 24 90 40
rect:317 128 369 518 90
rect:293 218 34 116 40
rect:277 222 236 126 52
Haiti2010_06.jpg 0x0
rect:372 216 67 251 32
rect:221 239 300 315 91
rect:304 170 91 42 6
rect:400 154 227 421 33
rect:145 339 30 44 34
rect:500 141 68 107 34
rect:550 227 615 537 91
ImperialValley1979_01.jpg 0x0
rect:423 427 50 56 32
rect:57 393 121 115 50
rect:603 378 29 33 32
rect:514 209 34 30 32
rect:15 344 140 95 32
rect:539 423 18 21 49
rect:281 364 51 28 49
rect:495 282 33 34 50
rect:415 345 41 79 50
rect:467 382 29 15 49
rect:15 413 85 58 49
ImperialValley1979_02.jpg 0x0
rect:353 120 96 223 50
rect:387 207 44 149 50
rect:191 88 94 163 50
rect:279 152 94 62 49
rect:190 90 192 304 32
rect:138 185 392 78 92
ImperialValley1979_03.jpg 0x0
rect:179 216 266 212 32
rect:137 406 218 43 92
rect:98 267 62 255 50
rect:125 390 192 34 92
rect:155 178 182 128 32
rect:217 259 53 216 50
rect:242 339 120 111 50
Izmit1999_01.jpg 0x0
rect:292 92 60 132 27
rect:296 101 43 168 27
rect:297 248 38 134 27
rect:334 229 57 66 26
rect:135 59 259 278 34
Izmit1999_02.jpg 0x0
rect:30 110 665 248 10
Izmit1999_03.jpg 0x0
rect:499 102 45 205 50
rect:187 30 512 312 93
rect:388 82 45 400 50
rect:203 46 241 393 32
rect:378 111 37 248 50
rect:199 109 71 313 50
rect:209 122 51 160 50
rect:119 216 271 38 92
Izmit1999_04.jpg 0x0
rect:321 349 14 79 40
rect:64 354 66 135 41
rect:37 283 82 54 34
rect:448 283 25 85 40
rect:239 47 58 70 48
rect:66 389 42 114 42
rect:413 106 81 104 41
rect:125 380 244 133 88
rect:405 303 94 74 41
rect:188 272 141 69 88
Izmit1999_05.jpg 0x0
rect:83 21 701 554 10
Izmit1999_06.jpg 0x0
rect:313 240 53 144 50
rect:119 172 56 175 50
rect:166 250 132 79 49
rect:164 216 173 339 32
rect:144 157 73 198 50
rect:295 263 32 200 50
Izmit1999_07.jpg 0x0
rect:22 118 448 740 2
rect:180 249 59 87 3
rect:125 255 44 106 3
rect:429 278 118 427 4
rect:360 230 30 112 3
rect:344 49 104 32 6
rect:388 135 62 63 3
Izmit1999_08.jpg 0x0
rect:193 215 252 81 88
rect:115 393 89 112 45
rect:456 85 61 38 52
rect:355 6 87 94 45
rect:152 133 100 108 41
rect:100 25 105 137 34
rect:360 97 72 78 41
Izmit1999_09.jpg 0x0
rect:438 215 53 49 41
rect:58 156 47 41 41
rect:273 230 127 91 41
rect:440 192 69 80 94
rect:245 201 50 34 41
rect:390 274 80 120 94
Izmit1999_10.jpg 0x0
rect:45 286 440 51 78
rect:63 167 237 556 41
rect:216 363 76 78 40
rect:104 211 94 178 40
rect:87 102 108 137 40
rect:257 576 61 22 78
rect:204 119 46 201 40
rect:91 316 310 77 78
rect:311 525 44 88 40
rect:207 400 126 47 78
rect:236 93 121 131 40
Izmit1999_11.jpg 0x0
rect:119 241 65 136 40
rect:329 341 87 233 40
rect:231 434 126 113 41
rect:255 236 113 202 41
rect:187 154 83 159 40
Izmit1999_12.jpg 0x0
rect:244 234 40 115 42
rect:1 194 23 43 41
rect:290 224 55 99 41
rect:17 93 31 24 6
rect:371 206 48 37 6
rect:69 372 38 39 40
rect:372 204 69 44 7
rect:617 182 45 64 41
rect:572 77 43 92 41
rect:233 155 53 55 45
rect:115 65 47 29 6
rect:348 21 83 58 34
rect:52 269 73 93 94
rect:261 198 116 181 94
rect:588 216 158 234 91
rect:48 288 53 50 52
rect:126 192 68 60 88
rect:262 222 51 108 52
Izmit1999_13.jpg 0x0
rect:96 248 98 100 94
rect:416 212 86 205 41
rect:283 77 75 102 41
rect:130 291 42 118 41
rect:170 331 41 83 41
rect:6 58 113 233 42
rect:327 65 164 249 48
rect:114 114 42 50 6
rect:115 313 73 71 52
Izmit1999_14.jpg 0x0
rect:47 206 117 66 34
rect:355 484 28 16 34
rect:337 182 69 48 34
rect:452 68 86 91 34
rect:324 157 67 66 35
rect:445 8 129 89 35
rect:279 35 39 69 95
rect:249 358 59 32 34
rect:528 364 60 37 34
Izmit1999_15.jpg 0x0
rect:143 183 304 358 42
Izmit1999_16.jpg 0x0
rect:120 65 338 376 39
rect:104 49 490 461 33
rect:167 132 32 122 40
rect:142 131 161 172 41
Izmit1999_17.jpg 0x0
rect:95 120 188 286 41
Izmit1999_18.jpg 0x0
rect:182 156 155 272 39
rect:210 213 101 111 41
Izmit1999_19.jpg 0x0
rect:430 138 18 61 50
rect:243 99 321 323 96
rect:253 141 229 302 32
rect:312 169 24 90 50
Kobe1995_01.jpg 0x0
rect:22 139 821 106 63
Kobe1995_02.jpg 0x0
rect:2 54 348 719 68
Kobe1995_03.jpg 0x0
rect:37 54 354 464 10
Kobe1995_04.jpg 0x0
rect:232 296 39 57 41
Kobe1995_05.jpg 0x0
rect:70 386 278 126 78
rect:3 156 91 554 40
rect:45 348 449 66 78
rect:317 128 146 295 40
rect:134 185 213 497 52
Kobe1995_06.jpg 0x0
rect:56 120 553 326 41
rect:233 257 358 453 42
Kobe1995_07.jpg 0x0
rect:478 505 39 38 39
rect:121 284 25 31 39
rect:400 221 40 60 39
rect:337 381 43 33 39
rect:30 273 53 21 39
rect:219 199 49 61 39
rect:268 282 35 55 39
rect:171 291 25 37 39
rect:241 163 56 42 39
rect:311 220 27 33 39
rect:374 103 30 40 39
rect:169 218 35 40 39
rect:253 148 32 40 39
rect:302 274 29 31 39
rect:173 296 40 30 39
rect:310 339 57 53 39
rect:428 216 44 37 39
rect:78 187 24 34 39
rect:220 158 27 51 39
rect:46 357 31 53 39
rect:240 218 32 40 39
rect:289 191 44 53 39
rect:244 317 38 47 39
rect:452 302 26 53 39
rect:190 484 40 51 39
rect:146 142 28 49 39
Kobe1995_08.jpg 0x0
rect:327 44 531 166 97
Kobe1995_09.jpg 0x0
rect:96 523 96 69 88
rect:103 799 79 83 88
rect:150 431 143 65 97
rect:136 363 73 65 88
SanSalvador_1986_01.jpg 0x0
rect:55 3 144 314 68
rect:270 203 120 183 41
SanSalvador_1986_02.jpg 0x0
rect:178 224 27 26 41
rect:616 204 45 37 42
rect:405 149 14 32 41
rect:243 186 20 36 41
rect:467 159 34 32 41
rect:655 229 53 41 41
rect:328 202 33 32 41
rect:126 273 23 41 41
rect:203 209 38 40 41
SikkimIndia2001_01.jpg 0x0
rect:185 172 103 114 34
SikkimIndia2001_02.jpg 0x0
rect:10 7 362 80 16
rect:9 207 74 41 54
rect:201 79 150 411 33
rect:619 182 104 15 16
rect:-15 2 473 99 33
rect:423 126 143 210 33
rect:361 92 75 40 16
rect:382 316 63 39 16
SikkimIndia2001_03.jpg 0x0
rect:239 13 222 583 98
rect:146 69 65 195 69
rect:285 224 94 162 70
SikkimIndia2001_04.jpg 0x0
rect:3 25 278 287 99
rect:277 140 290 77 99
rect:256 174 134 119 34
SumatraInd2009_01.jpg 0x0
rect:260 25 79 399 81
SumatraInd2009_02.jpg 0x0
rect:207 87 217 142 41
WhittierNarrows1987_01.jpg 0x0
rect:12 29 592 317 10
WhittierNarrows1987_02.jpg 0x0
rect:138 248 130 208 41
WhittierNarrows1987_03.jpg 0x0
rect:242 156 157 330 32
WhittierNarrows1987_04.jpg 0x0
rect:289 17 217 188 100
rect:193 9 223 63 6
rect:170 64 128 147 41
YogyakartaInd2006_01.jpg 0x0
rect:185 32 270 245 32
rect:246 129 327 96 49
rect:127 -27 293 390 29
YogyakartaInd2006_02.jpg 0x0
rect:247 40 105 344 98
rect:329 158 56 190 69
rect:425 130 96 168 70
