Anchorage1964_01.jpg 0x0
rect:84 7 168 174 1
rect:56 352 165 238 1
Anchorage1964_02.jpg 0x0
rect:275 192 21 54 3
rect:233 266 476 75 2
rect:486 260 21 55 3
rect:467 64 104 136 8
rect:288 227 34 76 3
rect:44 18 162 38 5
rect:638 234 20 61 3
rect:131 165 69 56 7
rect:218 53 83 57 4
rect:35 164 116 52 5
rect:304 180 71 67 4
rect:289 29 234 99 4
rect:145 189 43 13 6
rect:286 313 30 82 3
rect:102 150 22 23 6
rect:410 314 17 52 3
rect:436 268 19 54 3
rect:270 273 21 65 3
rect:52 43 82 11 6
Anchorage1964_03.jpg 0x0
rect:2 195 217 83 9
rect:0 307 454 83 10
rect:228 89 498 217 9
Anchorage1964_04.jpg 0x0
rect:114 426 30 19 5
rect:137 338 26 18 5
rect:179 252 28 15 5
rect:316 265 15 27 1
rect:225 95 21 31 1
rect:453 507 24 22 5
rect:231 147 38 21 5
rect:301 197 34 17 5
rect:117 56 40 18 5
rect:389 32 35 19 5
rect:207 119 23 20 5
rect:347 263 15 16 1
rect:347 191 29 13 5
rect:218 262 23 26 8
rect:245 279 28 19 5
rect:174 25 29 12 5
rect:319 243 7 1 1
rect:183 258 30 19 5
rect:201 173 22 19 5
rect:217 408 30 15 5
rect:240 320 14 28 1
rect:319 171 14 21 1
rect:303 296 33 20 5
rect:272 405 27 21 5
rect:373 253 15 30 1
rect:213 515 19 27 1
rect:313 57 26 13 5
rect:383 370 30 22 5
rect:114 251 32 14 5
rect:299 104 39 19 5
rect:258 398 17 30 1
rect:308 312 13 24 1
rect:189 319 20 24 1
rect:251 166 29 14 5
rect:248 351 64 17 2
rect:328 140 37 18 5
rect:158 155 27 18 5
rect:220 88 22 16 5
rect:302 146 18 24 1
Anchorage1964_05.jpg 0x0
rect:55 71 18 56 1
rect:324 202 34 21 11
rect:123 109 103 51 6
rect:587 284 38 65 8
rect:375 164 163 58 2
rect:632 261 60 54 1
rect:129 148 110 23 5
rect:50 184 26 28 1
rect:363 1 51 47 1
rect:44 238 22 44 1
rect:624 198 39 45 1
rect:24 425 25 58 1
rect:108 33 27 31 1
rect:553 20 32 68 1
rect:679 450 49 12 6
rect:345 122 40 62 1
rect:246 57 121 24 5
rect:498 94 52 66 1
rect:539 387 57 35 5
rect:453 193 77 37 5
rect:194 37 91 54 6
rect:742 198 45 25 6
rect:543 270 54 75 8
rect:80 236 16 44 1
rect:477 238 45 70 1
rect:67 123 15 57 1
rect:70 155 25 34 1
rect:332 152 20 22 11
rect:63 153 17 54 1
Anchorage1964_06.jpg 0x0
rect:159 287 73 100 11
rect:117 127 119 202 3
rect:150 78 170 481 12
Anchorage1964_07.jpg 0x0
rect:376 241 89 88 11
rect:433 244 450 259 2
rect:232 161 58 79 13
rect:176 2 146 61 2
rect:212 153 50 116 3
rect:9 52 783 407 2
rect:7 350 365 30 14
rect:20 292 308 40 11
rect:217 99 146 108 11
Anchorage1964_08.jpg 0x0
rect:55 52 157 123 1
rect:54 421 100 100 1
rect:371 236 157 117 1
rect:351 33 121 129 1
rect:374 614 116 142 1
rect:43 315 107 134 1
Anchorage1964_09.jpg 0x0
rect:15 149 23 10 16
rect:621 128 60 100 1
rect:330 8 360 11 15
rect:269 163 84 56 1
rect:627 141 1 1 16
rect:134 304 67 52 8
rect:65 161 67 11 16
rect:179 154 226 11 15
rect:15 17 67 12 16
rect:119 47 91 67 8
rect:13 173 67 19 15
rect:356 131 93 20 15
rect:453 124 107 17 15
rect:540 31 93 72 8
rect:124 200 94 88 1
rect:693 11 89 14 16
rect:742 242 70 55 8
rect:13 17 317 19 15
rect:383 118 65 65 1
Anchorage1964_10.jpg 0x0
rect:52 199 397 390 1
rect:143 142 195 74 18
rect:225 267 80 90 17
rect:97 422 278 148 18
Anchorage1964_11.jpg 0x0
rect:603 124 135 102 1
rect:49 641 585 15 14
rect:111 156 353 65 2
rect:95 436 505 19 14
rect:342 177 216 34 11
rect:433 6 119 31 1
rect:279 177 382 19 15
rect:158 62 182 139 4
Anchorage1964_12.jpg 0x0
rect:252 103 69 238 3
rect:13 78 656 260 2
rect:185 181 34 100 3
rect:308 69 143 113 11
rect:421 109 39 170 3
Anchorage1964_13.jpg 0x0
rect:460 438 21 127 20
rect:410 388 119 14 19
rect:217 692 149 26 2
Anchorage1964_14.jpg 0x0
rect:311 214 168 70 15
rect:322 614 180 74 23
rect:302 15 81 209 11
rect:10 515 223 106 11
rect:529 6 98 117 11
rect:22 571 25 73 22
rect:84 259 122 40 15
rect:241 10 71 871 20
rect:36 455 37 93 22
rect:192 266 49 72 21
rect:204 789 40 48 22
rect:86 711 29 49 22
Anchorage1964_15.jpg 0x0
rect:340 7 115 73 4
rect:208 85 86 465 20
rect:241 135 36 58 11
rect:248 196 217 47 15
rect:258 156 61 77 25
rect:259 373 282 41 2
rect:290 10 58 60 4
rect:258 259 127 52 11
rect:354 253 73 46 24
Anchorage1964_16.jpg 0x0
rect:182 218 301 171 11
rect:12 133 242 202 2
rect:566 197 137 160 2
rect:16 388 75 106 2
rect:84 368 109 74 11
rect:154 82 274 129 2
Anchorage1964_17.jpg 0x0
rect:10 228 845 262 10
rect:9 113 281 162 9
rect:204 50 206 223 9
Anchorage1964_18.jpg 0x0
rect:136 350 92 44 11
rect:560 148 98 69 4
rect:341 172 109 106 4
rect:119 340 24 47 11
rect:339 359 101 15 2
rect:436 322 45 21 2
rect:635 331 35 17 2
rect:133 225 56 92 4
rect:297 236 287 32 15
rect:426 303 30 49 11
Anchorage1964_19.jpg 0x0
rect:267 98 27 104 29
rect:388 160 27 27 28
rect:447 135 22 58 29
rect:5 256 91 190 26
rect:500 125 36 30 26
rect:727 230 9 14 26
rect:361 86 25 37 27
rect:394 293 20 34 26
rect:219 96 42 61 26
rect:558 167 12 29 26
rect:631 185 8 7 26
rect:37 282 36 97 27
rect:572 154 9 31 26
rect:198 66 91 124 29
rect:456 241 15 28 26
rect:359 180 7 15 26
rect:586 99 50 33 28
rect:259 325 48 51 26
Anchorage1964_20.jpg 0x0
rect:222 70 82 61 27
rect:229 532 58 95 26
rect:613 445 49 66 26
rect:143 96 110 56 26
rect:216 70 95 118 29
Anchorage1964_21.jpg 0x0
rect:-6 52 97 213 29
rect:154 176 450 190 30
rect:2 91 48 45 26
rect:42 386 32 30 26
Bingol2003_01.jpg 0x0
rect:639 106 199 196 31
rect:616 466 36 66 34
rect:151 260 55 56 33
rect:2 456 710 280 10
rect:357 239 56 243 32
rect:814 127 71 55 6
rect:26 198 51 64 33
rect:416 135 44 81 34
rect:371 589 197 53 6
rect:188 65 85 34 6
rect:434 390 87 68 6
rect:432 291 93 47 6
rect:648 319 107 79 33
rect:370 204 53 48 6
rect:908 247 130 79 33
rect:204 235 73 61 33
rect:651 366 150 170 31
rect:587 343 92 30 33
rect:531 79 89 56 6
Bingol2003_02.jpg 0x0
rect:135 604 181 289 32
rect:160 114 496 170 34
rect:407 369 63 65 6
rect:277 185 555 463 31
rect:1047 54 134 64 36
rect:398 390 105 74 26
rect:184 240 92 431 32
rect:363 206 461 125 35
Bingol2003_03.jpg 0x0
rect:829 350 313 425 2
rect:405 265 163 67 11
rect:113 23 114 38 2
rect:403 213 270 146 2
rect:639 -8 317 256 4
rect:904 248 246 453 4
rect:112 60 129 154 33
Bingol2003_04.jpg 0x0
rect:295 238 204 139 4
rect:118 642 28 76 3
rect:85 656 28 59 3
rect:332 555 36 96 3
rect:113 529 249 214 2
rect:167 373 23 71 3
rect:66 494 109 58 2
rect:343 657 127 83 2
CanterburyNZSeries2010_01.jpg 0x0
rect:122 102 100 220 12
CanterburyNZSeries2010_02.jpg 0x0
rect:70 41 145 231 6
rect:37 11 156 207 37
CanterburyNZSeries2010_03.jpg 0x0
rect:44 73 346 119 38
CanterburyNZSeries2010_04.jpg 0x0
rect:422 400 28 49 40
rect:171 242 220 320 39
rect:195 589 85 225 41
rect:247 8 85 184 42
rect:386 417 43 102 40
rect:244 284 29 129 40
rect:461 435 16 46 40
rect:311 536 28 59 40
CanterburyNZSeries2010_05.jpg 0x0
rect:362 279 103 136 15
rect:272 371 234 271 4
CanterburyNZSeries2010_06.jpg 0x0
rect:61 82 829 604 4
rect:285 172 257 140 2
CanterburyNZSeries2010_08.jpg 0x0
rect:850 375 41 144 32
rect:458 152 218 257 43
rect:795 378 125 133 44
rect:1064 409 71 156 44
CanterburyNZSeries2010_09.jpg 0x0
rect:303 106 218 226 45
rect:208 216 155 481 39
CanterburyNZSeries2010_10.jpg 0x0
rect:226 340 217 112 6
rect:254 315 322 265 6
rect:331 145 230 104 7
rect:230 222 218 98 46
CanterburyNZSeries2010_11.jpg 0x0
rect:244 341 294 208 5
rect:219 262 304 129 7
CanterburyNZSeries2010_12.jpg 0x0
rect:46 414 684 305 2
rect:5 341 977 481 47
rect:539 604 117 85 11
rect:156 657 197 51 11
CanterburyNZSeries2010_13.jpg 0x0
rect:328 179 90 421 11
rect:144 16 453 698 12
Caracas1967_01.jpg 0x0
rect:385 147 40 78 48
rect:322 72 177 266 48
rect:328 139 84 99 48
rect:213 142 12 74 48
Caracas1967_02.jpg 0x0
rect:175 187 248 289 51
rect:139 378 54 66 49
rect:127 329 44 48 50
rect:317 1 80 167 15
Caracas1967_03.jpg 0x0
rect:188 51 67 106 14
rect:321 443 42 95 27
rect:228 433 134 186 34
rect:357 475 23 51 27
rect:262 335 82 95 26
rect:16 443 246 82 6
Caracas1967_04.jpg 0x0
rect:185 285 42 93 26
rect:193 369 18 125 27
rect:133 252 177 114 34
Caracas1967_05.jpg 0x0
rect:266 233 66 212 40
rect:279 217 52 225 40
rect:57 278 83 323 40
rect:217 238 195 109 52
rect:50 377 245 148 52
rect:26 106 452 664 48
rect:46 124 373 578 41
rect:117 298 36 264 40
rect:343 182 40 231 40
rect:361 208 34 188 40
Caracas1967_06.jpg 0x0
rect:419 89 290 187 7
rect:293 248 62 46 6
Caracas1967_07.jpg 0x0
rect:423 9 94 332 34
rect:247 115 33 153 27
rect:231 90 204 186 34
rect:546 433 124 89 53
rect:433 202 142 218 34
rect:430 302 79 108 53
rect:455 50 33 156 27
Caracas1967_08.jpg 0x0
rect:239 365 86 89 55
rect:256 335 66 76 54
rect:376 151 70 128 54
Caracas1967_09.jpg 0x0
rect:26 182 53 41 48
rect:190 159 111 73 48
rect:561 14 273 184 48
rect:61 148 58 55 48
Caracas1967_10.jpg 0x0
rect:13 184 492 433 48
rect:46 209 317 333 41
rect:318 272 113 245 40
rect:447 365 90 162 40
Caracas1967_11.jpg 0x0
rect:310 13 228 329 41
rect:60 13 417 805 48
rect:57 326 296 588 41
Caracas1967_12.jpg 0x0
rect:476 254 21 46 32
rect:781 252 24 42 32
rect:260 277 20 56 56
rect:491 281 37 45 34
Caracas1967_13.jpg 0x0
rect:201 452 142 328 55
Caracas1967_14.jpg 0x0
rect:132 167 527 258 57
rect:155 279 291 44 6
Chichi1999_01.jpg 0x0
rect:263 121 60 224 42
rect:4 9 916 182 58
Chichi1999_02.jpg 0x0
rect:435 81 243 380 59
rect:6 71 496 203 58
Chichi1999_03.jpg 0x0
rect:102 143 74 129 60
rect:0 121 516 223 58
Chichi1999_04.jpg 0x0
rect:220 215 32 75 52
rect:289 -12 68 146 48
rect:167 148 54 312 48
Chichi1999_05.jpg 0x0
rect:310 108 68 150 48
rect:295 259 32 39 41
rect:400 146 64 51 41
rect:460 146 38 97 52
Chichi1999_06.jpg 0x0
rect:406 206 24 22 52
rect:706 -11 80 91 61
rect:190 13 573 228 10
rect:257 243 33 80 48
rect:325 162 65 83 62
rect:638 233 44 46 41
Chichi1999_07.jpg 0x0
rect:189 197 22 50 64
rect:488 227 33 26 64
rect:317 206 49 150 48
rect:183 142 49 153 48
rect:58 258 575 143 63
rect:701 330 48 87 48
rect:580 314 21 29 64
Chichi1999_08.jpg 0x0
rect:109 16 538 557 10
Chichi1999_09.jpg 0x0
rect:253 72 185 233 48
rect:244 127 49 81 40
rect:229 106 27 88 40
rect:270 90 98 87 41
Chichi1999_10.jpg 0x0
rect:225 17 658 425 10
Chichi1999_11.jpg 0x0
rect:2 103 159 439 10
rect:183 149 73 131 65
Chichi1999_12.jpg 0x0
rect:10 30 400 805 66
Chichi1999_13.jpg 0x0
rect:27 40 868 389 10
Chichi1999_14.jpg 0x0
rect:419 462 38 37 67
rect:276 226 30 32 39
rect:112 229 63 53 67
rect:207 167 24 54 67
rect:79 397 73 65 67
rect:258 296 32 47 67
rect:139 616 27 49 67
rect:73 553 43 63 67
rect:138 250 34 63 67
rect:187 492 39 32 39
rect:154 155 107 56 67
rect:153 299 29 66 67
rect:291 430 28 26 39
rect:177 490 25 37 67
rect:322 423 89 85 67
rect:300 457 24 24 39
rect:85 322 30 29 67
Chichi1999_15.jpg 0x0
rect:306 37 262 331 41
Chichi1999_16.jpg 0x0
rect:162 109 49 182 32
Chichi1999_17.jpg 0x0
rect:174 288 29 57 32
Chichi1999_18.jpg 0x0
rect:185 228 25 91 69
rect:217 349 35 145 69
rect:213 310 37 181 69
rect:149 210 127 522 68
rect:333 261 31 106 70
rect:133 294 31 110 69
Chichi1999_19.jpg 0x0
rect:170 24 341 501 2
rect:303 131 163 204 3
YogyakartaInd2006_03.jpg 0x0
rect:226 402 231 38 15
rect:233 193 48 38 15
rect:262 57 150 77 15
rect:334 94 72 40 16
rect:288 33 107 2 15
rect:308 379 62 33 16
rect:318 142 22 7 16
rect:218 304 396 158 71
Chichi1999_20.jpg 0x0
rect:193 222 135 342 42
rect:224 529 65 143 41
Chichi1999_21.jpg 0x0
rect:182 316 179 193 37
rect:21 4 282 126 30
rect:490 110 151 93 6
rect:500 5 152 83 57
rect:84 277 130 100 5
rect:229 292 87 163 6
rect:393 27 277 241 37
rect:234 111 239 277 72
Chichi1999_22.jpg 0x0
rect:257 240 18 23 73
rect:169 263 13 22 73
rect:278 211 210 120 10
rect:526 267 19 16 73
Chichi1999_23.jpg 0x0
rect:204 314 32 71 34
rect:259 223 20 19 26
rect:3 71 348 198 74
rect:119 253 61 100 73
rect:163 124 69 42 73
rect:262 156 54 64 73
rect:123 359 50 92 34
rect:222 190 25 20 27
rect:117 131 21 28 34
rect:378 325 89 109 73
Chichi1999_24.jpg 0x0
rect:366 237 1 2 46
rect:244 212 81 49 34
rect:3 403 253 203 74
rect:252 228 57 74 46
rect:140 221 162 108 75
Chichi1999_25.jpg 0x0
rect:150 170 96 270 34
rect:139 204 186 385 73
rect:233 227 44 50 26
Chichi1999_26.jpg 0x0
rect:101 587 104 48 26
rect:172 13 44 36 73
rect:164 735 125 114 73
rect:264 203 155 396 76
rect:131 390 102 104 27
rect:253 120 55 107 73
Chichi1999_27.jpg 0x0
rect:126 220 64 358 32
Chichi1999_28.jpg 0x0
rect:367 177 141 178 75
rect:219 242 190 88 77
rect:130 134 179 176 5
rect:24 78 220 112 6
Chichi1999_29.jpg 0x0
rect:169 278 75 179 40
rect:202 245 65 158 52
rect:128 203 146 222 48
Chichi1999_30.jpg 0x0
rect:156 162 134 58 52
rect:26 306 128 161 73
rect:232 139 281 366 40
rect:238 161 205 41 78
Chichi1999_31.jpg 0x0
rect:189 98 108 249 79
rect:442 133 62 169 48
Chichi1999_32.jpg 0x0
rect:184 73 43 166 81
rect:616 188 45 166 39
rect:148 8 114 263 80
rect:223 204 41 152 81
Chichi1999_33.jpg 0x0
rect:54 49 125 554 33
rect:143 105 81 244 32
rect:200 106 115 299 32
rect:179 119 57 119 49
rect:278 78 84 225 56
rect:382 152 47 88 49
Chichi1999_34.jpg 0x0
rect:121 102 315 461 10
Duzce1999_01.jpg 0x0
rect:94 175 129 143 41
rect:91 69 99 231 39
Duzce1999_02.jpg 0x0
rect:83 65 111 464 41
Duzce1999_03.jpg 0x0
rect:276 139 71 262 31
rect:128 92 83 316 42
rect:0 156 117 199 31
Gediz1970_01.jpg 0x0
rect:149 127 244 658 68
rect:129 368 135 210 69
rect:234 349 102 138 69
Guatemala1976_01.jpg 0x0
rect:564 135 72 70 41
rect:41 165 103 154 48
rect:621 191 121 161 48
rect:74 152 49 53 41
rect:65 162 62 41 52
rect:21 138 612 156 82
Guatemala1976_02.jpg 0x0
rect:180 88 358 272 48
rect:202 68 104 121 40
Guatemala1976_03.jpg 0x0
rect:18 97 493 296 75
Guatemala1976_04.jpg 0x0
rect:507 337 125 253 4
rect:152 19 418 74 30
rect:657 205 146 345 4
rect:41 54 577 207 30
Guatemala1976_05.jpg 0x0
rect:213 148 342 162 40
rect:258 167 227 171 41
rect:205 61 506 290 48
Guatemala1976_06.jpg 0x0
rect:86 77 225 431 39
Guatemala1976_07.jpg 0x0
rect:26 201 439 376 10
rect:283 391 105 64 83
rect:20 286 72 57 6
Guatemala1976_08.jpg 0x0
rect:338 83 174 294 40
rect:134 43 422 494 41
rect:123 30 393 370 48
Guatemala1976_09.jpg 0x0
rect:399 315 71 71 84
rect:513 191 63 43 85
rect:145 320 44 23 84
rect:88 220 29 26 84
rect:109 198 29 34 85
rect:197 206 53 44 85
rect:701 293 66 56 84
rect:377 197 86 35 85
Guatemala1976_10.jpg 0x0
rect:281 178 244 241 86
rect:328 326 50 120 87
rect:246 136 225 143 87
Guatemala1976_11.jpg 0x0
rect:214 190 162 266 34
GujaratIndia2001_01.jpg 0x0
rect:122 293 243 78 2
rect:38 434 236 176 4
rect:73 422 67 31 2
rect:418 348 49 63 11
Haiti2010_01.jpg 0x0
rect:209 218 29 97 40
rect:310 126 220 272 41
rect:551 208 122 152 4
rect:131 58 132 121 7
rect:532 428 244 279 4
Haiti2010_02.jpg 0x0
rect:299 23 144 40 14
rect:36 75 496 248 88
Haiti2010_03.jpg 0x0
rect:235 261 224 165 32
rect:296 561 307 213 89
rect:281 1 60 644 32
rect:321 418 87 80 49
Haiti2010_04.jpg 0x0
rect:273 42 189 301 34
rect:163 266 364 687 41
rect:2 163 304 175 6
Haiti2010_05.jpg 0x0
rect:339 283 149 79 52
rect:296 191 253 434 90
rect:250 241 30 67 40
rect:416 322 39 105 40
Haiti2010_06.jpg 0x0
rect:218 325 47 33 34
rect:231 299 291 410 91
rect:580 179 60 96 34
rect:397 172 779 859 91
rect:315 247 78 54 6
rect:525 277 80 193 32
rect:437 167 246 520 33
ImperialValley1979_01.jpg 0x0
rect:422 273 44 31 49
rect:479 274 14 16 49
rect:12 340 100 144 32
rect:568 256 44 49 32
rect:366 232 51 70 50
rect:453 414 31 19 49
rect:49 336 106 95 50
rect:557 311 32 29 32
rect:355 260 52 41 32
rect:583 363 27 44 50
rect:16 417 68 56 49
ImperialValley1979_02.jpg 0x0
rect:192 168 360 79 92
rect:307 97 82 141 50
rect:255 173 67 137 50
rect:195 125 52 192 50
rect:254 282 155 33 49
rect:192 94 156 177 32
ImperialValley1979_03.jpg 0x0
rect:121 153 225 111 32
rect:103 276 251 44 92
rect:333 203 69 204 50
rect:132 333 205 41 92
rect:143 273 176 208 32
rect:239 280 86 105 50
rect:108 322 98 159 50
Izmit1999_01.jpg 0x0
rect:310 117 55 105 27
rect:570 320 53 62 26
rect:226 120 49 238 27
rect:220 70 361 408 34
rect:224 251 42 122 27
Izmit1999_02.jpg 0x0
rect:23 140 731 301 10
Izmit1999_03.jpg 0x0
rect:157 49 369 382 93
rect:149 119 64 305 50
rect:540 62 61 278 50
rect:521 114 50 297 50
rect:182 182 35 193 50
rect:360 118 34 189 50
rect:228 73 192 361 32
rect:220 194 356 27 92
Izmit1999_04.jpg 0x0
rect:44 508 35 88 42
rect:108 583 197 105 88
rect:222 67 84 100 41
rect:332 54 62 103 48
rect:54 294 76 52 34
rect:467 378 14 59 40
rect:187 287 183 73 88
rect:61 576 72 72 41
rect:348 310 65 69 41
rect:457 342 23 63 40
Izmit1999_05.jpg 0x0
rect:94 23 809 504 10
Izmit1999_06.jpg 0x0
rect:209 232 49 184 50
rect:194 190 113 98 49
rect:123 172 164 484 32
rect:237 251 42 132 50
rect:105 250 63 247 50
rect:182 210 90 192 50
Izmit1999_07.jpg 0x0
rect:229 210 63 91 3
rect:340 142 57 54 3
rect:18 155 331 762 2
rect:438 67 166 48 6
rect:125 318 38 167 3
rect:454 350 98 465 4
rect:190 179 44 144 3
Izmit1999_08.jpg 0x0
rect:158 30 92 73 34
rect:599 6 96 77 45
rect:365 103 73 26 52
rect:643 69 69 73 41
rect:166 381 110 108 45
rect:120 118 74 68 41
rect:272 175 247 97 88
Izmit1999_09.jpg 0x0
rect:460 217 57 62 41
rect:184 161 34 45 41
rect:720 265 49 88 94
rect:295 242 85 114 94
rect:268 264 130 66 41
rect:55 214 32 65 41
Izmit1999_10.jpg 0x0
rect:193 194 68 136 40
rect:238 429 122 29 78
rect:302 414 99 80 40
rect:296 137 113 107 40
rect:68 123 404 417 41
rect:52 136 101 249 40
rect:153 255 83 203 40
rect:225 387 54 29 78
rect:340 352 56 58 40
rect:146 275 275 54 78
rect:46 289 332 46 78
Izmit1999_11.jpg 0x0
rect:164 186 92 123 40
rect:197 177 169 152 41
rect:180 355 91 130 41
rect:317 242 89 129 40
rect:127 303 65 171 40
Izmit1999_12.jpg 0x0
rect:96 329 34 60 40
rect:524 192 39 77 41
rect:95 59 26 26 6
rect:116 157 74 60 88
rect:261 230 52 90 42
rect:45 305 71 62 52
rect:1 192 40 47 41
rect:507 20 82 67 34
rect:290 98 68 60 45
rect:21 77 45 25 6
rect:261 275 42 88 52
rect:50 279 79 89 94
rect:365 215 58 120 41
rect:377 214 110 137 94
rect:338 191 47 29 6
rect:432 64 33 103 41
rect:510 241 194 148 91
rect:331 110 91 38 7
Izmit1999_13.jpg 0x0
rect:5 53 118 199 42
rect:148 200 44 92 41
rect:113 228 40 84 41
rect:291 108 52 122 41
rect:134 125 67 58 6
rect:385 145 83 287 41
rect:271 97 192 282 48
rect:130 298 112 139 94
rect:190 293 51 45 52
Izmit1999_14.jpg 0x0
rect:512 98 97 80 34
rect:308 6 132 82 35
rect:522 242 86 35 34
rect:63 139 83 74 34
rect:256 438 34 36 34
rect:532 47 70 46 95
rect:347 288 67 42 34
rect:286 182 99 68 35
rect:416 401 29 24 34
Izmit1999_15.jpg 0x0
rect:149 154 314 418 42
Izmit1999_16.jpg 0x0
rect:163 114 42 106 40
rect:121 122 136 113 41
rect:154 50 268 304 39
rect:97 73 436 573 33
Izmit1999_17.jpg 0x0
rect:142 115 224 273 41
Izmit1999_18.jpg 0x0
rect:175 190 120 194 41
rect:138 140 102 321 39
Izmit1999_19.jpg 0x0
rect:239 131 270 186 32
rect:239 114 325 437 96
rect:310 119 27 86 50
rect:484 139 39 112 50
Kobe1995_01.jpg 0x0
rect:29 169 686 166 63
Kobe1995_02.jpg 0x0
rect:2 71 480 499 68
Kobe1995_03.jpg 0x0
rect:29 62 348 717 10
Kobe1995_04.jpg 0x0
rect:406 250 75 40 41
Kobe1995_05.jpg 0x0
rect:4 115 133 512 40
rect:33 314 442 78 78
rect:380 175 188 319 40
rect:163 176 242 388 52
rect:108 575 350 134 78
Kobe1995_06.jpg 0x0
rect:45 103 419 479 41
rect:221 303 259 387 42
Kobe1995_07.jpg 0x0
rect:339 219 38 32 39
rect:56 213 27 58 39
rect:351 378 37 32 39
rect:354 235 34 22 39
rect:509 202 37 51 39
rect:226 133 32 28 39
rect:384 112 41 28 39
rect:281 404 33 23 39
rect:98 226 48 29 39
rect:269 326 29 43 39
rect:219 275 35 45 39
rect:447 278 30 32 39
rect:205 150 23 48 39
rect:162 380 26 40 39
rect:369 421 57 36 39
rect:116 320 33 49 39
rect:241 469 21 48 39
rect:136 315 29 59 39
rect:423 267 32 51 39
rect:471 268 42 35 39
rect:444 285 47 32 39
rect:51 308 52 24 39
rect:377 272 27 38 39
rect:264 112 53 42 39
rect:309 231 35 34 39
rect:161 194 49 49 39
Kobe1995_08.jpg 0x0
rect:349 69 535 274 97
Kobe1995_09.jpg 0x0
rect:216 543 258 84 97
rect:73 786 67 90 88
rect:109 460 92 66 88
rect:113 472 97 80 88
SanSalvador_1986_01.jpg 0x0
rect:71 3 98 183 68
rect:199 203 93 189 41
SanSalvador_1986_02.jpg 0x0
rect:156 180 30 41 41
rect:209 239 25 30 41
rect:610 221 47 64 41
rect:663 195 34 34 42
rect:136 220 21 43 41
rect:355 220 24 29 41
rect:648 137 33 40 41
rect:331 177 41 47 41
rect:231 165 20 27 41
SikkimIndia2001_01.jpg 0x0
rect:264 113 112 170 34
SikkimIndia2001_02.jpg 0x0
rect:396 196 98 34 16
rect:442 179 124 22 16
rect:122 87 229 258 33
rect:9 7 266 54 16
rect:-17 2 384 114 33
rect:494 130 99 175 33
rect:387 112 86 41 16
rect:9 108 75 34 54
SikkimIndia2001_03.jpg 0x0
rect:183 10 124 372 98
rect:145 73 78 255 69
rect:194 147 87 166 70
SikkimIndia2001_04.jpg 0x0
rect:242 115 87 126 34
rect:333 213 291 106 99
rect:3 38 271 298 99
SumatraInd2009_01.jpg 0x0
rect:365 24 46 422 81
SumatraInd2009_02.jpg 0x0
rect:248 93 198 228 41
WhittierNarrows1987_01.jpg 0x0
rect:18 37 611 367 10
WhittierNarrows1987_02.jpg 0x0
rect:173 319 88 349 41
WhittierNarrows1987_03.jpg 0x0
rect:188 122 173 318 32
WhittierNarrows1987_04.jpg 0x0
rect:251 8 266 66 6
rect:254 57 87 211 41
rect:341 12 214 178 100
YogyakartaInd2006_01.jpg 0x0
rect:167 -28 276 630 29
rect:255 44 303 213 32
rect:322 142 282 89 49
YogyakartaInd2006_02.jpg 0x0
rect:403 40 113 448 98
rect:270 116 48 157 69
rect:257 83 91 160 70
