Anchorage1964_01.jpg 0x0
rect:73 7 205 134 1
rect:98 403 216 249 1
Anchorage1964_02.jpg 0x0
rect:532 250 61 43 4
rect:116 156 62 62 7
rect:503 235 12 67 3
rect:264 351 22 56 3
rect:307 235 24 68 3
rect:33 25 114 51 5
rect:53 48 68 15 6
rect:101 261 42 13 6
rect:682 310 12 70 3
rect:350 65 107 144 8
rect:252 41 333 89 4
rect:80 185 22 19 6
rect:216 241 423 89 2
rect:150 81 99 95 4
rect:26 193 118 48 5
rect:424 303 30 70 3
rect:406 282 33 68 3
rect:225 247 31 76 3
rect:454 315 24 49 3
Anchorage1964_03.jpg 0x0
rect:2 196 278 91 9
rect:0 214 649 71 10
rect:241 90 371 264 9
Anchorage1964_04.jpg 0x0
rect:222 363 20 29 1
rect:408 101 29 21 5
rect:334 134 14 31 1
rect:202 293 21 32 1
rect:246 314 8 1 1
rect:221 567 38 17 5
rect:267 253 26 15 5
rect:147 27 24 15 5
rect:328 29 33 22 5
rect:304 489 15 26 1
rect:273 132 16 36 1
rect:362 269 13 25 1
rect:210 483 50 21 2
rect:438 321 26 12 5
rect:159 255 32 15 5
rect:183 76 37 17 5
rect:284 343 30 14 5
rect:278 211 34 16 5
rect:191 254 20 25 1
rect:174 74 38 16 5
rect:302 156 27 17 5
rect:437 317 37 20 5
rect:231 283 23 32 8
rect:405 489 37 15 5
rect:182 465 34 14 5
rect:214 113 27 23 5
rect:193 92 36 12 5
rect:141 237 28 18 5
rect:163 288 32 13 5
rect:252 336 16 26 1
rect:146 231 30 19 5
rect:369 294 28 17 5
rect:309 249 17 29 1
rect:276 304 21 25 1
rect:376 150 26 16 5
rect:252 249 17 31 1
rect:280 72 30 15 5
rect:407 460 28 25 5
rect:197 367 28 18 5
Anchorage1964_05.jpg 0x0
rect:657 309 48 25 6
rect:89 237 24 60 1
rect:543 252 66 42 5
rect:421 77 44 45 1
rect:512 69 38 44 1
rect:466 400 33 16 6
rect:801 235 77 37 5
rect:490 124 52 58 1
rect:474 281 48 24 11
rect:72 158 21 46 1
rect:385 199 58 55 8
rect:123 78 17 67 1
rect:54 264 16 46 1
rect:486 30 35 65 1
rect:243 229 113 98 2
rect:649 332 40 60 1
rect:88 30 19 39 1
rect:638 407 41 69 8
rect:34 565 25 40 1
rect:136 33 94 34 6
rect:77 49 23 51 1
rect:213 35 65 28 5
rect:142 119 81 27 5
rect:442 1 35 56 1
rect:94 225 28 52 1
rect:370 229 35 67 1
rect:271 266 23 26 11
rect:73 157 28 38 1
rect:224 168 101 53 6
Anchorage1964_06.jpg 0x0
rect:115 103 208 481 12
rect:160 182 95 269 3
rect:197 208 83 76 11
Anchorage1964_07.jpg 0x0
rect:256 146 201 127 11
rect:201 2 118 62 2
rect:9 83 594 467 2
rect:7 297 423 42 14
rect:420 113 60 93 13
rect:365 209 249 188 2
rect:18 296 268 40 11
rect:386 139 40 108 3
rect:350 148 82 106 11
Anchorage1964_08.jpg 0x0
rect:69 255 120 91 1
rect:271 662 128 86 1
rect:47 76 108 95 1
rect:384 202 114 133 1
rect:50 389 71 111 1
rect:274 35 117 138 1
Anchorage1964_09.jpg 0x0
rect:121 141 223 12 15
rect:16 15 308 15 15
rect:657 154 170 13 15
rect:596 8 288 15 15
rect:577 186 89 52 1
rect:345 136 86 48 1
rect:611 183 1 1 16
rect:67 43 82 52 8
rect:9 134 75 19 15
rect:445 13 135 10 16
rect:72 313 86 78 8
rect:651 283 65 52 8
rect:513 111 122 25 15
rect:437 38 56 82 8
rect:272 138 66 65 1
rect:133 184 73 72 1
rect:11 21 62 14 16
rect:13 166 17 10 16
rect:57 117 56 9 16
Anchorage1964_10.jpg 0x0
rect:76 246 339 293 1
rect:203 224 92 141 17
rect:100 442 337 158 18
rect:118 261 169 83 18
Anchorage1964_11.jpg 0x0
rect:89 543 760 12 14
rect:111 72 163 128 4
rect:118 144 450 79 2
rect:70 475 717 20 14
rect:172 217 346 19 15
rect:661 111 183 89 1
rect:561 7 98 39 1
rect:280 246 204 28 11
Anchorage1964_12.jpg 0x0
rect:362 88 71 243 3
rect:519 78 124 133 11
rect:309 105 57 261 3
rect:238 186 24 115 3
rect:11 93 683 282 2
Anchorage1964_13.jpg 0x0
rect:468 632 97 11 19
rect:509 330 24 144 20
rect:375 596 192 21 2
Anchorage1964_14.jpg 0x0
rect:171 811 39 75 22
rect:242 17 128 772 20
rect:518 7 103 111 11
rect:220 358 92 90 21
rect:423 286 121 47 15
rect:15 456 35 45 22
rect:312 569 133 103 23
rect:100 286 119 38 15
rect:45 466 48 93 22
rect:80 777 47 56 22
rect:233 12 88 170 11
rect:7 560 261 60 11
Anchorage1964_15.jpg 0x0
rect:286 617 259 43 2
rect:151 156 38 83 11
rect:473 253 114 60 11
rect:265 87 53 106 25
rect:156 83 75 336 20
rect:430 10 74 75 4
rect:205 8 86 70 4
rect:465 205 80 33 24
rect:226 196 152 49 15
Anchorage1964_16.jpg 0x0
rect:102 247 89 111 11
rect:15 128 165 149 2
rect:241 83 196 136 2
rect:486 218 124 138 2
rect:179 277 339 197 11
rect:12 300 50 93 2
Anchorage1964_17.jpg 0x0
rect:365 56 160 201 9
rect:9 144 524 213 10
rect:15 141 339 101 9
Anchorage1964_18.jpg 0x0
rect:286 215 428 27 15
rect:533 155 123 94 4
rect:145 342 13 45 11
rect:171 242 91 122 4
rect:158 283 92 53 11
rect:498 296 30 21 2
rect:649 233 60 20 2
rect:487 130 112 97 4
rect:237 242 41 60 11
rect:466 315 100 21 2
Anchorage1964_19.jpg 0x0
rect:403 293 17 48 26
rect:331 77 57 39 26
rect:472 165 19 45 29
rect:500 122 36 19 26
rect:383 106 24 23 27
rect:424 293 13 25 26
rect:6 207 69 185 26
rect:594 169 10 24 26
rect:672 197 8 7 26
rect:211 99 69 147 29
rect:648 238 26 46 28
rect:331 111 31 68 29
rect:609 115 56 42 28
rect:217 206 52 99 26
rect:409 155 18 27 26
rect:487 214 9 16 26
rect:348 184 5 14 26
rect:28 229 30 105 27
Anchorage1964_20.jpg 0x0
rect:240 480 87 128 26
rect:203 107 84 61 27
rect:518 584 37 97 26
rect:257 108 83 47 26
rect:182 87 134 161 29
Anchorage1964_21.jpg 0x0
rect:49 296 25 43 26
rect:2 91 45 34 26
rect:165 121 451 182 30
rect:-6 80 61 111 29
Bingol2003_01.jpg 0x0
rect:689 373 187 168 31
rect:607 104 88 101 6
rect:440 492 217 73 6
rect:522 90 163 158 31
rect:571 522 70 45 33
rect:206 262 72 72 33
rect:295 161 67 89 33
rect:454 332 82 78 6
rect:654 259 68 143 34
rect:243 92 82 31 6
rect:984 156 107 60 33
rect:2 444 1137 251 10
rect:418 472 39 71 34
rect:381 302 43 247 32
rect:868 326 106 60 33
rect:32 273 91 72 33
rect:432 285 59 66 6
rect:698 74 61 92 6
rect:588 204 44 67 6
Bingol2003_02.jpg 0x0
rect:516 401 137 73 26
rect:458 292 66 75 6
rect:635 69 158 102 36
rect:90 431 142 179 32
rect:124 109 568 227 34
rect:322 198 539 123 35
rect:229 281 759 349 31
rect:205 231 84 337 32
Bingol2003_03.jpg 0x0
rect:602 570 246 323 2
rect:81 19 127 42 2
rect:804 -9 344 171 4
rect:434 262 146 50 11
rect:87 55 112 126 33
rect:740 186 316 412 4
rect:337 209 319 117 2
Bingol2003_04.jpg 0x0
rect:63 408 21 66 3
rect:386 430 134 102 2
rect:254 435 47 112 3
rect:162 494 39 98 3
rect:112 534 33 92 3
rect:110 487 227 161 2
rect:95 643 121 100 2
rect:368 326 136 128 4
CanterburyNZSeries2010_01.jpg 0x0
rect:95 145 152 369 12
CanterburyNZSeries2010_02.jpg 0x0
rect:44 7 208 222 37
rect:65 55 138 153 6
CanterburyNZSeries2010_03.jpg 0x0
rect:60 80 260 133 38
CanterburyNZSeries2010_04.jpg 0x0
rect:219 308 220 363 39
rect:257 399 20 47 40
rect:490 338 61 132 40
rect:286 260 28 130 40
rect:334 374 32 49 40
rect:413 422 18 34 40
rect:316 8 104 193 42
rect:224 433 69 307 41
CanterburyNZSeries2010_05.jpg 0x0
rect:302 296 143 402 4
rect:215 186 106 97 15
CanterburyNZSeries2010_06.jpg 0x0
rect:66 87 627 473 4
rect:259 196 252 140 2
CanterburyNZSeries2010_08.jpg 0x0
rect:1004 487 49 120 44
rect:693 337 133 135 44
rect:804 404 29 209 32
rect:428 171 207 286 43
CanterburyNZSeries2010_09.jpg 0x0
rect:313 131 207 263 45
rect:330 370 166 314 39
CanterburyNZSeries2010_10.jpg 0x0
rect:362 224 202 66 46
rect:207 280 359 209 6
rect:316 225 272 158 7
rect:301 529 295 105 6
CanterburyNZSeries2010_11.jpg 0x0
rect:241 228 234 181 5
rect:390 164 333 119 7
CanterburyNZSeries2010_12.jpg 0x0
rect:204 486 106 53 11
rect:553 419 221 84 11
rect:39 268 766 354 2
rect:5 318 953 385 47
CanterburyNZSeries2010_13.jpg 0x0
rect:495 217 109 460 11
rect:127 17 353 877 12
Caracas1967_01.jpg 0x0
rect:411 94 210 218 48
rect:297 221 12 69 48
rect:302 164 52 115 48
rect:243 156 92 76 48
Caracas1967_02.jpg 0x0
rect:119 490 31 60 49
rect:145 273 194 201 51
rect:314 1 136 173 15
rect:164 453 52 30 50
Caracas1967_03.jpg 0x0
rect:239 369 156 152 34
rect:355 75 61 97 14
rect:14 422 175 67 6
rect:313 475 35 67 27
rect:264 375 75 72 26
rect:417 416 30 154 27
Caracas1967_04.jpg 0x0
rect:106 248 39 147 26
rect:149 411 179 155 34
rect:147 296 18 119 27
Caracas1967_05.jpg 0x0
rect:38 107 245 394 41
rect:183 307 69 298 40
rect:218 377 44 241 40
rect:178 438 43 168 40
rect:34 101 418 409 48
rect:253 234 163 133 52
rect:280 284 44 156 40
rect:391 178 47 218 40
rect:75 314 57 194 40
rect:51 386 187 164 52
Caracas1967_06.jpg 0x0
rect:242 66 221 211 7
rect:433 245 86 53 6
Caracas1967_07.jpg 0x0
rect:420 9 84 250 34
rect:346 246 129 98 53
rect:325 387 71 51 53
rect:136 93 135 151 34
rect:307 35 21 304 27
rect:205 166 34 272 27
rect:556 318 138 335 34
Caracas1967_08.jpg 0x0
rect:155 227 54 118 55
rect:274 313 86 82 54
rect:499 195 93 142 54
Caracas1967_09.jpg 0x0
rect:82 208 77 84 48
rect:411 14 172 183 48
rect:32 312 67 66 48
rect:220 145 99 73 48
Caracas1967_10.jpg 0x0
rect:50 253 277 428 41
rect:18 180 328 539 48
rect:372 343 82 135 40
rect:335 241 74 222 40
Caracas1967_11.jpg 0x0
rect:74 293 254 616 41
rect:43 15 537 635 48
rect:251 18 210 191 41
Caracas1967_12.jpg 0x0
rect:662 179 36 50 34
rect:844 310 20 41 32
rect:688 403 30 62 32
rect:189 207 21 52 56
Caracas1967_13.jpg 0x0
rect:111 288 111 181 55
Caracas1967_14.jpg 0x0
rect:147 287 239 43 6
rect:107 100 490 244 57
Chichi1999_01.jpg 0x0
rect:4 7 904 168 58
rect:271 139 60 214 42
Chichi1999_02.jpg 0x0
rect:7 123 263 181 58
rect:293 134 174 317 59
Chichi1999_03.jpg 0x0
rect:0 162 979 200 58
rect:76 116 64 103 60
Chichi1999_04.jpg 0x0
rect:270 304 29 43 52
rect:204 -16 55 120 48
rect:233 223 71 370 48
Chichi1999_05.jpg 0x0
rect:364 238 26 62 52
rect:388 143 63 41 41
rect:402 184 25 31 41
rect:440 95 93 245 48
Chichi1999_06.jpg 0x0
rect:278 264 63 80 48
rect:562 -13 74 83 61
rect:306 105 58 81 62
rect:292 294 15 37 52
rect:534 125 53 72 41
rect:200 14 636 199 10
Chichi1999_07.jpg 0x0
rect:162 220 51 174 48
rect:418 195 54 86 48
rect:415 191 48 150 48
rect:162 198 19 33 64
rect:62 205 648 103 63
rect:726 242 15 25 64
rect:373 190 26 41 64
Chichi1999_08.jpg 0x0
rect:125 13 518 590 10
Chichi1999_09.jpg 0x0
rect:254 69 206 218 48
rect:259 102 46 78 40
rect:213 121 165 87 41
rect:203 86 66 91 40
Chichi1999_10.jpg 0x0
rect:224 19 625 487 10
Chichi1999_11.jpg 0x0
rect:142 235 133 125 65
rect:2 119 163 672 10
Chichi1999_12.jpg 0x0
rect:11 27 545 558 66
Chichi1999_13.jpg 0x0
rect:37 50 841 556 10
Chichi1999_14.jpg 0x0
rect:80 391 39 51 67
rect:281 252 17 40 67
rect:260 485 19 30 39
rect:196 473 36 43 67
rect:110 246 86 53 67
rect:158 232 55 66 67
rect:389 444 30 17 39
rect:470 453 28 47 67
rect:147 556 37 35 67
rect:346 377 32 35 39
rect:127 188 37 78 67
rect:61 597 55 49 67
rect:187 298 39 70 67
rect:119 264 43 50 67
rect:148 644 34 56 67
rect:312 692 61 79 67
rect:337 242 38 41 39
Chichi1999_15.jpg 0x0
rect:210 30 274 362 41
Chichi1999_16.jpg 0x0
rect:162 132 55 180 32
Chichi1999_17.jpg 0x0
rect:131 403 31 37 32
Chichi1999_18.jpg 0x0
rect:320 406 59 160 70
rect:215 218 161 326 68
rect:317 260 27 159 69
rect:112 177 25 90 69
rect:141 283 39 73 69
rect:298 267 25 107 69
Chichi1999_19.jpg 0x0
rect:249 27 292 459 2
rect:188 139 162 270 3
YogyakartaInd2006_03.jpg 0x0
rect:189 181 48 36 15
rect:327 488 45 27 16
rect:225 530 163 26 15
rect:501 76 68 33 16
rect:271 83 131 48 15
rect:170 180 15 5 16
rect:215 23 122 2 15
rect:160 331 393 162 71
Chichi1999_20.jpg 0x0
rect:193 275 133 313 42
rect:177 520 48 247 41
Chichi1999_21.jpg 0x0
rect:275 89 141 143 6
rect:353 37 325 223 37
rect:251 356 161 129 37
rect:137 77 203 203 72
rect:364 8 115 79 57
rect:21 4 215 203 30
rect:63 270 157 105 5
rect:348 215 69 99 6
Chichi1999_22.jpg 0x0
rect:268 188 17 22 73
rect:252 155 277 207 10
rect:313 191 22 15 73
rect:372 297 20 23 73
Chichi1999_23.jpg 0x0
rect:139 146 74 44 73
rect:259 163 37 80 73
rect:373 217 34 26 27
rect:277 184 27 28 26
rect:286 309 80 106 73
rect:143 419 50 93 34
rect:105 322 41 89 73
rect:172 183 31 33 34
rect:373 261 29 91 34
rect:4 69 367 221 74
Chichi1999_24.jpg 0x0
rect:242 334 1 2 46
rect:255 226 30 70 46
rect:198 125 171 76 75
rect:157 186 51 52 34
rect:3 305 315 202 74
Chichi1999_25.jpg 0x0
rect:146 291 122 198 34
rect:139 407 45 72 26
rect:122 234 131 270 73
Chichi1999_26.jpg 0x0
rect:169 735 149 159 73
rect:251 210 66 97 73
rect:181 226 103 381 76
rect:116 562 93 56 26
rect:333 20 59 28 73
rect:141 526 154 143 27
Chichi1999_27.jpg 0x0
rect:170 305 72 268 32
Chichi1999_28.jpg 0x0
rect:17 74 286 139 6
rect:179 116 164 161 5
rect:353 134 213 223 75
rect:267 321 245 124 77
Chichi1999_29.jpg 0x0
rect:159 212 174 294 48
rect:225 266 80 172 40
rect:178 226 80 158 52
Chichi1999_30.jpg 0x0
rect:207 182 201 59 78
rect:185 142 210 68 52
rect:175 125 332 384 40
rect:29 250 110 200 73
Chichi1999_31.jpg 0x0
rect:386 119 48 181 48
rect:206 63 148 288 79
Chichi1999_32.jpg 0x0
rect:224 64 38 108 81
rect:437 150 59 172 39
rect:115 9 113 391 80
rect:150 221 45 144 81
Chichi1999_33.jpg 0x0
rect:171 184 36 128 49
rect:130 127 93 163 32
rect:293 97 150 362 32
rect:231 117 39 131 49
rect:354 108 88 295 56
rect:75 78 119 359 33
Chichi1999_34.jpg 0x0
rect:154 77 379 465 10
Duzce1999_01.jpg 0x0
rect:159 54 94 334 39
rect:165 138 105 171 41
Duzce1999_02.jpg 0x0
rect:87 42 179 503 41
Duzce1999_03.jpg 0x0
rect:249 152 96 301 31
rect:0 163 101 221 31
rect:87 130 145 244 42
Gediz1970_01.jpg 0x0
rect:101 418 134 197 69
rect:311 430 81 158 69
rect:135 126 284 558 68
Guatemala1976_01.jpg 0x0
rect:495 102 196 112 48
rect:67 254 79 35 52
rect:646 200 55 72 41
rect:33 163 86 85 48
rect:65 182 53 37 41
rect:19 139 468 137 82
Guatemala1976_02.jpg 0x0
rect:204 84 201 239 48
rect:203 70 76 75 40
Guatemala1976_03.jpg 0x0
rect:21 100 751 262 75
Guatemala1976_04.jpg 0x0
rect:719 161 130 325 4
rect:129 20 458 103 30
rect:34 60 597 247 30
rect:543 209 120 227 4
Guatemala1976_05.jpg 0x0
rect:216 104 320 237 40
rect:220 122 235 128 41
rect:162 62 342 293 48
Guatemala1976_06.jpg 0x0
rect:135 129 215 333 39
Guatemala1976_07.jpg 0x0
rect:181 715 108 98 83
rect:30 264 79 71 6
rect:17 179 529 345 10
Guatemala1976_08.jpg 0x0
rect:395 88 153 371 40
rect:134 59 305 367 41
rect:169 40 324 397 48
Guatemala1976_09.jpg 0x0
rect:131 246 69 41 85
rect:669 237 44 63 84
rect:309 195 64 32 85
rect:95 215 36 26 85
rect:160 306 38 34 84
rect:118 207 28 26 84
rect:373 334 56 55 84
rect:847 364 76 59 85
Guatemala1976_10.jpg 0x0
rect:240 159 173 168 87
rect:165 143 293 284 86
rect:305 403 38 114 87
Guatemala1976_11.jpg 0x0
rect:193 252 139 262 34
GujaratIndia2001_01.jpg 0x0
rect:348 558 75 56 11
rect:121 450 248 70 2
rect:23 293 209 201 4
rect:79 558 52 30 2
Haiti2010_01.jpg 0x0
rect:359 149 125 374 41
rect:146 47 126 112 7
rect:363 592 235 273 4
rect:581 211 94 128 4
rect:213 294 22 99 40
Haiti2010_02.jpg 0x0
rect:57 107 417 261 88
rect:312 31 190 65 14
Haiti2010_03.jpg 0x0
rect:302 560 304 201 89
rect:256 1 48 771 32
rect:297 418 77 59 49
rect:157 311 237 169 32
Haiti2010_04.jpg 0x0
rect:225 35 200 275 34
rect:201 304 409 463 41
rect:2 160 219 130 6
Haiti2010_05.jpg 0x0
rect:203 227 135 91 52
rect:446 223 43 94 40
rect:178 115 338 385 90
rect:351 203 37 107 40
Haiti2010_06.jpg 0x0
rect:384 177 80 34 6
rect:513 274 86 177 32
rect:353 119 261 498 33
rect:154 290 256 469 91
rect:222 278 51 55 34
rect:503 147 662 566 91
rect:625 133 85 87 34
ImperialValley1979_01.jpg 0x0
rect:367 363 40 32 32
rect:302 241 73 67 32
rect:75 288 98 116 50
rect:529 396 31 26 32
rect:12 242 78 71 49
rect:391 448 35 21 49
rect:475 331 27 49 50
rect:14 224 152 122 32
rect:291 226 62 52 50
rect:558 277 21 20 49
rect:394 293 22 25 49
ImperialValley1979_02.jpg 0x0
rect:397 153 106 213 50
rect:130 223 248 65 92
rect:252 105 194 188 32
rect:337 154 152 56 49
rect:179 133 84 212 50
rect:216 149 43 104 50
ImperialValley1979_03.jpg 0x0
rect:127 350 68 275 50
rect:294 367 69 142 50
rect:109 234 243 175 32
rect:143 401 286 32 92
rect:105 390 354 33 92
rect:110 219 159 131 32
rect:373 281 65 206 50
Izmit1999_01.jpg 0x0
rect:187 115 55 188 27
rect:170 255 41 120 27
rect:184 64 378 282 34
rect:569 345 51 72 26
rect:344 93 71 233 27
Izmit1999_02.jpg 0x0
rect:33 111 815 303 10
Izmit1999_03.jpg 0x0
rect:178 87 64 287 50
rect:237 144 36 258 50
rect:227 74 305 342 32
rect:304 92 43 180 50
rect:138 197 246 30 92
rect:447 64 53 224 50
rect:424 101 50 280 50
rect:180 47 525 275 93
Izmit1999_04.jpg 0x0
rect:275 76 64 122 48
rect:79 489 57 88 41
rect:273 103 59 76 41
rect:91 556 244 103 88
rect:178 283 150 72 88
rect:49 498 32 87 42
rect:303 369 25 70 40
rect:276 302 93 72 41
rect:294 398 22 70 40
rect:47 509 71 64 34
Izmit1999_05.jpg 0x0
rect:74 25 489 310 10
Izmit1999_06.jpg 0x0
rect:191 258 45 142 50
rect:106 130 184 421 32
rect:141 211 60 242 50
rect:316 274 48 181 50
rect:131 257 168 60 49
rect:108 220 66 138 50
Izmit1999_07.jpg 0x0
rect:285 387 122 422 4
rect:23 146 333 451 2
rect:317 251 47 83 3
rect:197 184 51 121 3
rect:260 57 178 38 6
rect:150 314 55 100 3
rect:329 132 74 57 3
Izmit1999_08.jpg 0x0
rect:360 86 89 65 41
rect:290 252 243 85 88
rect:163 287 66 105 45
rect:116 25 118 128 34
rect:166 98 74 106 41
rect:678 61 75 26 52
rect:605 7 84 56 45
Izmit1999_09.jpg 0x0
rect:301 281 89 113 41
rect:338 259 45 37 41
rect:814 239 71 54 94
rect:43 229 47 66 41
rect:296 316 102 133 94
rect:468 187 67 73 41
Izmit1999_10.jpg 0x0
rect:92 413 277 57 78
rect:203 585 57 99 40
rect:49 186 414 47 78
rect:347 473 110 98 40
rect:106 177 77 295 40
rect:227 420 115 45 78
rect:258 141 96 155 40
rect:302 441 87 32 78
rect:66 158 104 256 40
rect:76 137 296 441 41
rect:188 191 56 171 40
Izmit1999_11.jpg 0x0
rect:188 292 79 117 40
rect:138 190 127 146 41
rect:151 343 59 200 40
rect:216 552 115 130 41
rect:214 234 100 181 40
Izmit1999_12.jpg 0x0
rect:358 242 55 141 42
rect:306 335 93 102 41
rect:91 210 29 51 40
rect:454 297 63 115 52
rect:1 216 39 30 41
rect:539 26 100 54 34
rect:22 74 58 25 6
rect:40 301 77 105 94
rect:48 370 51 75 52
rect:552 90 31 76 41
rect:284 188 49 32 6
rect:344 155 51 74 41
rect:425 154 90 69 7
rect:101 103 32 17 6
rect:243 155 59 74 45
rect:377 335 79 128 94
rect:135 287 95 81 88
rect:359 200 218 237 91
Izmit1999_13.jpg 0x0
rect:192 241 70 82 52
rect:106 103 61 52 6
rect:157 290 108 140 94
rect:373 69 134 350 48
rect:400 170 96 217 41
rect:4 97 96 129 42
rect:165 263 29 81 41
rect:179 266 46 69 41
rect:363 78 85 109 41
Izmit1999_14.jpg 0x0
rect:72 155 101 77 34
rect:561 177 71 46 34
rect:421 150 118 58 35
rect:294 324 50 37 34
rect:520 96 82 76 34
rect:252 285 30 29 34
rect:505 39 75 68 95
rect:385 7 137 81 35
rect:336 404 81 30 34
Izmit1999_15.jpg 0x0
rect:121 167 208 307 42
Izmit1999_16.jpg 0x0
rect:181 99 127 148 41
rect:154 88 194 309 39
rect:247 81 47 100 40
rect:83 67 444 517 33
Izmit1999_17.jpg 0x0
rect:87 146 185 187 41
Izmit1999_18.jpg 0x0
rect:129 142 159 285 39
rect:222 135 169 141 41
Izmit1999_19.jpg 0x0
rect:195 170 171 217 32
rect:227 69 332 322 96
rect:388 188 26 93 50
rect:298 166 24 93 50
Kobe1995_01.jpg 0x0
rect:25 128 708 156 63
Kobe1995_02.jpg 0x0
rect:2 54 436 449 68
Kobe1995_03.jpg 0x0
rect:30 46 343 782 10
Kobe1995_04.jpg 0x0
rect:434 381 65 42 41
Kobe1995_05.jpg 0x0
rect:51 280 372 82 78
rect:298 104 173 417 40
rect:115 653 374 111 78
rect:4 159 105 357 40
rect:128 137 281 635 52
Kobe1995_06.jpg 0x0
rect:55 178 463 382 41
rect:239 265 360 420 42
Kobe1995_07.jpg 0x0
rect:113 334 34 36 39
rect:459 268 27 52 39
rect:158 154 42 39 39
rect:109 262 27 37 39
rect:304 342 26 28 39
rect:184 249 37 36 39
rect:322 137 43 45 39
rect:335 525 28 39 39
rect:130 227 40 42 39
rect:54 232 42 24 39
rect:245 219 39 32 39
rect:319 383 30 34 39
rect:177 215 52 45 39
rect:233 151 20 35 39
rect:268 303 38 30 39
rect:39 343 30 57 39
rect:100 384 35 32 39
rect:405 202 37 50 39
rect:186 219 42 31 39
rect:388 284 32 37 39
rect:507 312 47 40 39
rect:323 223 54 47 39
rect:393 176 36 44 39
rect:237 263 35 40 39
rect:435 547 37 39 39
rect:256 548 33 41 39
Kobe1995_08.jpg 0x0
rect:247 55 575 185 97
Kobe1995_09.jpg 0x0
rect:98 633 78 85 88
rect:183 387 234 92 97
rect:63 439 88 84 88
rect:136 429 58 74 88
SanSalvador_1986_01.jpg 0x0
rect:331 152 130 151 41
rect:47 3 130 171 68
SanSalvador_1986_02.jpg 0x0
rect:340 185 28 38 42
rect:196 144 24 34 41
rect:217 245 23 52 41
rect:591 223 50 52 41
rect:367 351 30 30 41
rect:360 176 44 40 41
rect:336 215 46 34 41
rect:365 143 12 31 41
rect:187 212 24 39 41
SikkimIndia2001_01.jpg 0x0
rect:216 124 106 147 34
SikkimIndia2001_02.jpg 0x0
rect:435 78 88 127 33
rect:12 5 380 73 16
rect:473 327 128 18 16
rect:427 121 71 46 16
rect:205 99 251 255 33
rect:209 224 76 41 16
rect:-11 2 386 77 33
rect:8 155 61 49 54
SikkimIndia2001_03.jpg 0x0
rect:217 11 127 378 98
rect:209 261 114 208 70
rect:250 125 72 186 69
SikkimIndia2001_04.jpg 0x0
rect:286 178 114 127 34
rect:259 147 190 130 99
rect:3 31 194 280 99
SumatraInd2009_01.jpg 0x0
rect:280 26 52 235 81
SumatraInd2009_02.jpg 0x0
rect:160 59 209 196 41
WhittierNarrows1987_01.jpg 0x0
rect:17 37 684 286 10
WhittierNarrows1987_02.jpg 0x0
rect:140 351 77 309 41
WhittierNarrows1987_03.jpg 0x0
rect:336 171 173 314 32
WhittierNarrows1987_04.jpg 0x0
rect:205 16 280 136 100
rect:181 59 98 217 41
rect:148 8 244 59 6
YogyakartaInd2006_01.jpg 0x0
rect:252 100 216 89 49
rect:136 -28 295 508 29
rect:169 27 407 318 32
YogyakartaInd2006_02.jpg 0x0
rect:261 93 51 227 69
rect:341 68 153 462 98
rect:326 124 67 209 70
