Anchorage1964_01.jpg 0x0
rect:100 411 179 251 1
rect:74 6 261 214 1
Anchorage1964_02.jpg 0x0
rect:389 346 21 76 3
rect:314 280 20 75 3
rect:406 264 16 47 3
rect:251 77 92 87 4
rect:107 161 42 14 6
rect:512 236 69 51 4
rect:305 305 23 72 3
rect:238 24 205 87 4
rect:236 260 17 54 3
rect:133 192 79 44 7
rect:82 42 81 16 6
rect:33 217 114 34 5
rect:185 312 303 121 2
rect:420 278 19 62 3
rect:500 188 17 61 3
rect:592 56 94 94 8
rect:311 184 32 44 3
rect:49 27 150 56 5
rect:120 244 30 18 6
Anchorage1964_03.jpg 0x0
rect:199 83 342 231 9
rect:0 271 766 79 10
rect:2 289 159 68 9
Anchorage1964_04.jpg 0x0
rect:315 356 13 21 1
rect:119 341 27 20 5
rect:229 106 19 36 1
rect:175 83 36 20 5
rect:182 245 21 17 5
rect:182 154 29 16 5
rect:246 385 13 21 1
rect:283 390 37 16 5
rect:242 159 15 32 1
rect:385 46 41 16 5
rect:294 343 14 32 1
rect:219 245 24 29 1
rect:351 501 19 33 1
rect:120 20 34 19 5
rect:347 235 35 22 5
rect:248 533 64 18 2
rect:308 131 27 14 5
rect:452 298 41 13 5
rect:410 21 33 17 5
rect:131 241 23 16 5
rect:329 384 30 12 5
rect:233 284 26 24 1
rect:200 310 24 26 5
rect:164 55 40 15 5
rect:248 126 39 20 5
rect:432 443 35 22 5
rect:203 286 9 1 1
rect:218 445 37 12 5
rect:253 465 17 33 1
rect:279 294 19 33 1
rect:334 165 36 18 5
rect:198 137 32 18 5
rect:356 269 33 15 5
rect:358 213 22 24 1
rect:454 292 21 23 5
rect:120 271 35 13 5
rect:192 302 23 22 8
rect:301 185 38 20 5
rect:162 333 30 15 5
Anchorage1964_05.jpg 0x0
rect:395 190 49 78 8
rect:69 321 26 39 1
rect:122 130 17 64 1
rect:437 152 56 57 1
rect:646 299 66 40 5
rect:503 1 51 56 1
rect:387 176 54 25 11
rect:68 182 16 33 1
rect:69 48 23 36 1
rect:212 48 97 29 5
rect:415 114 37 51 1
rect:64 145 14 43 1
rect:623 275 46 19 6
rect:132 151 148 47 6
rect:190 47 87 35 6
rect:50 253 27 61 1
rect:501 197 28 64 1
rect:531 289 57 26 6
rect:70 237 28 41 1
rect:219 131 85 23 5
rect:364 70 39 46 1
rect:390 231 128 51 2
rect:358 333 67 72 1
rect:388 28 32 50 1
rect:86 30 24 29 1
rect:44 318 26 56 1
rect:498 411 48 42 5
rect:543 356 38 80 8
rect:306 261 21 15 11
Anchorage1964_06.jpg 0x0
rect:153 168 109 375 3
rect:155 278 52 84 11
rect:124 67 212 397 12
Anchorage1964_07.jpg 0x0
rect:276 128 59 119 13
rect:443 230 396 187 2
rect:201 2 109 70 2
rect:6 350 299 40 14
rect:9 70 626 358 2
rect:254 151 38 152 3
rect:547 148 99 103 11
rect:15 235 212 37 11
rect:304 105 180 142 11
Anchorage1964_08.jpg 0x0
rect:291 33 100 143 1
rect:41 606 80 95 1
rect:47 52 150 145 1
rect:365 649 134 95 1
rect:306 216 146 88 1
rect:58 281 97 80 1
Anchorage1964_09.jpg 0x0
rect:100 193 73 77 1
rect:18 165 20 7 16
rect:108 35 89 59 8
rect:500 273 91 93 8
rect:341 9 347 15 15
rect:565 163 76 57 1
rect:18 15 66 13 16
rect:188 184 81 53 1
rect:669 9 123 11 16
rect:72 180 64 12 16
rect:13 137 124 15 15
rect:704 28 92 76 8
rect:441 117 105 14 15
rect:109 394 71 51 8
rect:757 193 1 1 16
rect:430 187 54 74 1
rect:9 18 287 19 15
rect:467 105 135 31 15
rect:146 136 282 13 15
Anchorage1964_10.jpg 0x0
rect:103 484 336 99 18
rect:68 177 413 254 1
rect:154 196 148 64 18
rect:217 335 89 135 17
Anchorage1964_11.jpg 0x0
rect:256 128 496 19 15
rect:337 292 322 32 11
rect:409 7 105 45 1
rect:157 76 171 123 4
rect:447 106 181 105 1
rect:104 321 770 20 14
rect:112 208 527 65 2
rect:68 522 763 16 14
Anchorage1964_12.jpg 0x0
rect:9 94 621 285 2
rect:295 102 42 151 3
rect:215 112 44 208 3
rect:396 102 171 221 11
rect:216 130 37 117 3
Anchorage1964_13.jpg 0x0
rect:458 537 83 14 19
rect:468 266 31 164 20
rect:317 655 172 29 2
Anchorage1964_14.jpg 0x0
rect:503 6 71 147 11
rect:200 712 48 75 22
rect:12 753 167 61 11
rect:261 220 72 91 21
rect:164 14 109 713 20
rect:432 156 121 45 15
rect:447 470 193 63 23
rect:49 456 42 57 22
rect:95 214 139 26 15
rect:25 479 29 58 22
rect:94 424 28 54 22
rect:313 14 82 208 11
Anchorage1964_15.jpg 0x0
rect:297 8 62 73 4
rect:222 570 167 44 2
rect:288 297 147 34 15
rect:511 190 136 27 24
rect:222 69 83 408 20
rect:490 10 87 71 4
rect:400 174 117 47 11
rect:184 177 31 61 11
rect:259 112 43 117 25
Anchorage1964_16.jpg 0x0
rect:184 114 185 122 2
rect:166 202 342 257 11
rect:15 165 133 205 2
rect:73 393 77 123 11
rect:14 307 89 109 2
rect:338 275 145 144 2
Anchorage1964_17.jpg 0x0
rect:354 65 234 275 9
rect:12 144 266 87 9
rect:8 221 640 195 10
Anchorage1964_18.jpg 0x0
rect:173 241 61 62 11
rect:640 384 30 15 2
rect:167 325 14 36 11
rect:736 205 70 23 2
rect:283 245 67 24 2
rect:475 173 122 109 4
rect:284 235 46 61 11
rect:485 211 266 29 15
rect:331 212 119 100 4
rect:190 200 86 127 4
Anchorage1964_19.jpg 0x0
rect:904 201 9 10 26
rect:515 182 7 16 26
rect:630 273 29 28 28
rect:7 219 76 103 26
rect:933 157 8 7 26
rect:370 90 25 23 26
rect:426 159 20 47 26
rect:346 128 50 37 26
rect:371 376 47 62 26
rect:396 174 18 55 29
rect:390 86 49 91 29
rect:244 73 48 136 29
rect:500 286 19 25 26
rect:367 203 22 42 26
rect:30 345 30 100 27
rect:255 106 23 34 27
rect:492 224 10 17 26
rect:608 177 50 42 28
Anchorage1964_20.jpg 0x0
rect:177 81 132 187 29
rect:272 84 59 41 27
rect:233 423 64 135 26
rect:252 82 93 55 26
rect:597 452 42 65 26
Anchorage1964_21.jpg 0x0
rect:2 114 36 43 26
rect:212 166 611 144 30
rect:65 294 28 27 26
rect:-6 59 69 154 29
Bingol2003_01.jpg 0x0
rect:238 101 83 26 6
rect:563 307 67 182 32
rect:2 353 674 308 10
rect:113 159 89 77 33
rect:524 232 73 76 6
rect:30 245 80 57 33
rect:640 229 84 51 33
rect:1058 409 81 55 33
rect:566 449 174 57 6
rect:463 371 161 166 31
rect:936 418 100 53 33
rect:531 147 52 127 34
rect:569 88 105 79 6
rect:581 71 203 138 31
rect:571 395 40 76 34
rect:315 140 93 49 33
rect:396 403 128 98 6
rect:572 88 80 66 6
rect:385 205 59 39 6
Bingol2003_02.jpg 0x0
rect:310 386 63 102 6
rect:229 306 113 325 32
rect:121 456 177 296 32
rect:445 338 101 130 26
rect:409 201 560 120 35
rect:187 130 471 171 34
rect:1045 66 120 102 36
rect:279 239 886 474 31
Bingol2003_03.jpg 0x0
rect:131 43 136 111 33
rect:367 157 283 125 2
rect:346 227 206 55 11
rect:633 450 214 433 2
rect:798 -8 386 277 4
rect:639 219 249 558 4
rect:109 28 182 24 2
Bingol2003_04.jpg 0x0
rect:209 296 45 152 3
rect:224 607 31 65 3
rect:264 339 197 144 4
rect:337 567 131 59 2
rect:141 632 28 96 3
rect:58 693 25 86 3
rect:155 427 260 152 2
rect:59 495 69 106 2
CanterburyNZSeries2010_01.jpg 0x0
rect:104 123 125 398 12
CanterburyNZSeries2010_02.jpg 0x0
rect:42 63 145 193 6
rect:39 7 163 354 37
CanterburyNZSeries2010_03.jpg 0x0
rect:38 62 431 112 38
CanterburyNZSeries2010_04.jpg 0x0
rect:161 342 83 222 41
rect:334 398 28 84 40
rect:249 519 27 49 40
rect:285 362 24 125 40
rect:256 9 107 190 42
rect:355 345 44 106 40
rect:290 241 256 285 39
rect:405 472 15 59 40
CanterburyNZSeries2010_05.jpg 0x0
rect:402 332 222 392 4
rect:318 246 109 107 15
CanterburyNZSeries2010_06.jpg 0x0
rect:209 207 253 136 2
rect:74 153 706 510 4
CanterburyNZSeries2010_08.jpg 0x0
rect:533 414 94 132 44
rect:796 667 23 227 32
rect:625 641 61 105 44
rect:399 101 155 277 43
CanterburyNZSeries2010_09.jpg 0x0
rect:292 161 150 215 45
rect:241 326 134 437 39
CanterburyNZSeries2010_10.jpg 0x0
rect:237 208 205 136 7
rect:258 383 245 88 46
rect:206 317 246 102 6
rect:290 296 317 158 6
CanterburyNZSeries2010_11.jpg 0x0
rect:298 384 276 171 5
rect:377 216 366 140 7
CanterburyNZSeries2010_12.jpg 0x0
rect:42 273 714 315 2
rect:5 218 1128 292 47
rect:480 537 133 55 11
rect:195 552 193 32 11
CanterburyNZSeries2010_13.jpg 0x0
rect:163 21 440 576 12
rect:353 149 113 451 11
Caracas1967_01.jpg 0x0
rect:395 189 12 70 48
rect:276 171 64 110 48
rect:514 72 130 215 48
rect:309 152 43 68 48
Caracas1967_02.jpg 0x0
rect:86 466 56 56 49
rect:178 234 254 211 51
rect:145 278 52 37 50
rect:333 1 89 197 15
Caracas1967_03.jpg 0x0
rect:19 428 258 80 6
rect:290 73 67 108 14
rect:251 435 110 171 34
rect:199 383 77 70 26
rect:312 289 37 114 27
rect:269 354 36 77 27
Caracas1967_04.jpg 0x0
rect:169 292 64 145 26
rect:144 239 184 179 34
rect:192 298 26 117 27
Caracas1967_05.jpg 0x0
rect:65 456 167 168 52
rect:23 75 524 527 48
rect:36 169 237 506 41
rect:264 298 48 239 40
rect:302 244 101 102 52
rect:323 236 58 229 40
rect:180 457 58 166 40
rect:143 273 42 192 40
rect:71 233 59 319 40
rect:337 208 50 118 40
Caracas1967_06.jpg 0x0
rect:308 84 264 163 7
rect:251 321 96 58 6
Caracas1967_07.jpg 0x0
rect:337 349 133 139 53
rect:276 7 116 222 34
rect:350 197 140 253 34
rect:446 357 126 84 53
rect:285 134 60 213 27
rect:236 137 151 245 34
rect:476 49 24 205 27
Caracas1967_08.jpg 0x0
rect:282 289 45 94 54
rect:476 165 92 111 54
rect:166 331 94 71 55
Caracas1967_09.jpg 0x0
rect:30 247 59 61 48
rect:117 130 87 87 48
rect:409 13 253 208 48
rect:80 148 51 67 48
Caracas1967_10.jpg 0x0
rect:349 262 103 203 40
rect:45 205 306 390 41
rect:23 223 464 537 48
rect:367 290 74 222 40
Caracas1967_11.jpg 0x0
rect:66 325 258 482 41
rect:44 12 353 965 48
rect:306 16 149 340 41
Caracas1967_12.jpg 0x0
rect:669 331 42 54 34
rect:892 446 25 72 32
rect:171 254 27 43 56
rect:502 313 18 37 32
Caracas1967_13.jpg 0x0
rect:128 458 135 259 55
Caracas1967_14.jpg 0x0
rect:154 279 336 34 6
rect:120 126 800 184 57
Chichi1999_01.jpg 0x0
rect:4 10 783 195 58
rect:358 159 60 184 42
Chichi1999_02.jpg 0x0
rect:5 97 442 158 58
rect:443 107 262 467 59
Chichi1999_03.jpg 0x0
rect:83 120 60 108 60
rect:0 135 962 226 58
Chichi1999_04.jpg 0x0
rect:226 175 90 270 48
rect:190 284 26 71 52
rect:153 -14 37 122 48
Chichi1999_05.jpg 0x0
rect:301 137 88 164 48
rect:410 139 41 61 41
rect:376 185 30 68 52
rect:374 333 31 24 41
Chichi1999_06.jpg 0x0
rect:519 180 28 44 41
rect:447 228 25 21 52
rect:118 18 540 240 10
rect:386 144 49 73 62
rect:330 238 36 82 48
rect:485 -9 77 96 61
Chichi1999_07.jpg 0x0
rect:696 259 13 16 64
rect:333 262 60 106 48
rect:75 210 653 159 63
rect:193 162 55 162 48
rect:742 305 47 84 48
rect:199 140 20 38 64
rect:343 221 31 42 64
Chichi1999_08.jpg 0x0
rect:111 11 516 593 10
Chichi1999_09.jpg 0x0
rect:172 77 31 81 40
rect:289 123 61 56 40
rect:238 71 214 187 48
rect:229 82 132 103 41
Chichi1999_10.jpg 0x0
rect:126 16 723 342 10
Chichi1999_11.jpg 0x0
rect:103 274 76 110 65
rect:2 124 209 477 10
Chichi1999_12.jpg 0x0
rect:7 20 388 519 66
Chichi1999_13.jpg 0x0
rect:42 43 886 489 10
Chichi1999_14.jpg 0x0
rect:116 277 35 87 67
rect:229 263 16 29 39
rect:139 173 106 59 67
rect:290 333 31 43 39
rect:130 491 32 65 67
rect:403 472 38 63 67
rect:301 192 20 53 67
rect:52 392 55 34 67
rect:92 496 65 34 67
rect:236 232 43 38 39
rect:69 562 37 39 67
rect:337 694 73 67 67
rect:181 484 21 39 39
rect:133 195 27 50 67
rect:220 406 38 35 67
rect:201 576 32 37 67
rect:240 284 42 62 67
Chichi1999_15.jpg 0x0
rect:204 36 185 520 41
Chichi1999_16.jpg 0x0
rect:217 171 82 121 32
Chichi1999_17.jpg 0x0
rect:94 281 19 41 32
Chichi1999_18.jpg 0x0
rect:224 368 43 152 70
rect:383 314 29 141 69
rect:228 228 27 82 69
rect:161 270 23 90 69
rect:184 188 123 547 68
rect:237 269 37 167 69
Chichi1999_19.jpg 0x0
rect:183 18 366 319 2
rect:240 100 157 300 3
YogyakartaInd2006_03.jpg 0x0
rect:511 80 102 51 16
rect:173 139 63 37 15
rect:369 63 116 71 15
rect:169 169 16 5 16
rect:259 456 262 32 15
rect:238 372 336 189 71
rect:258 489 69 27 16
rect:175 25 103 2 15
Chichi1999_20.jpg 0x0
rect:124 245 125 345 42
rect:261 338 61 165 41
Chichi1999_21.jpg 0x0
rect:499 109 176 84 6
rect:560 7 96 106 57
rect:23 4 223 165 30
rect:178 387 177 124 37
rect:155 85 171 235 72
rect:324 333 116 120 6
rect:409 45 197 167 37
rect:88 453 148 101 5
Chichi1999_22.jpg 0x0
rect:329 179 15 21 73
rect:289 214 14 29 73
rect:160 148 256 189 10
rect:555 296 20 18 73
Chichi1999_23.jpg 0x0
rect:289 228 34 26 27
rect:263 191 22 23 26
rect:153 393 41 100 34
rect:151 127 49 37 73
rect:309 151 36 72 73
rect:154 219 17 33 34
rect:316 360 47 66 34
rect:288 237 78 108 73
rect:4 67 560 208 74
rect:148 365 55 110 73
Chichi1999_24.jpg 0x0
rect:233 154 139 65 75
rect:326 405 1 2 46
rect:3 343 302 148 74
rect:293 159 43 54 46
rect:225 247 92 61 34
Chichi1999_25.jpg 0x0
rect:212 375 35 78 26
rect:233 209 151 159 34
rect:204 164 145 255 73
Chichi1999_26.jpg 0x0
rect:258 16 39 31 73
rect:171 154 52 80 73
rect:264 357 124 401 76
rect:160 535 159 150 27
rect:146 704 163 135 73
rect:172 744 83 71 26
Chichi1999_27.jpg 0x0
rect:167 187 93 368 32
Chichi1999_28.jpg 0x0
rect:20 77 330 157 6
rect:303 100 190 227 75
rect:248 323 222 88 77
rect:146 114 177 280 5
Chichi1999_29.jpg 0x0
rect:184 233 229 263 48
rect:163 333 78 188 52
rect:154 150 79 161 40
Chichi1999_30.jpg 0x0
rect:255 130 291 363 40
rect:227 146 141 62 52
rect:33 201 113 213 73
rect:245 181 152 69 78
Chichi1999_31.jpg 0x0
rect:157 72 134 342 79
rect:646 141 51 229 48
Chichi1999_32.jpg 0x0
rect:250 45 38 182 81
rect:201 267 36 133 81
rect:151 8 123 457 80
rect:365 178 49 136 39
Chichi1999_33.jpg 0x0
rect:335 105 123 233 32
rect:211 148 38 152 49
rect:289 123 68 190 56
rect:169 120 55 90 49
rect:89 78 89 334 33
rect:126 117 116 171 32
Chichi1999_34.jpg 0x0
rect:163 122 328 458 10
Duzce1999_01.jpg 0x0
rect:109 104 121 167 41
rect:111 75 104 221 39
Duzce1999_02.jpg 0x0
rect:59 54 179 434 41
Duzce1999_03.jpg 0x0
rect:288 128 75 336 31
rect:0 127 92 264 31
rect:90 116 82 189 42
Gediz1970_01.jpg 0x0
rect:183 317 76 203 69
rect:138 106 287 455 68
rect:142 398 128 343 69
Guatemala1976_01.jpg 0x0
rect:38 139 70 130 48
rect:20 112 426 218 82
rect:624 183 102 136 48
rect:486 211 75 63 41
rect:63 232 39 32 41
rect:68 273 57 51 52
Guatemala1976_02.jpg 0x0
rect:176 51 129 110 40
rect:158 85 245 330 48
Guatemala1976_03.jpg 0x0
rect:21 79 968 417 75
Guatemala1976_04.jpg 0x0
rect:568 201 140 316 4
rect:33 87 359 234 30
rect:117 33 267 97 30
rect:450 240 75 205 4
Guatemala1976_05.jpg 0x0
rect:181 100 374 379 48
rect:196 160 420 169 40
rect:139 114 267 107 41
Guatemala1976_06.jpg 0x0
rect:111 133 260 429 39
Guatemala1976_07.jpg 0x0
rect:307 377 138 62 83
rect:26 240 63 72 6
rect:29 304 591 371 10
Guatemala1976_08.jpg 0x0
rect:119 33 271 456 48
rect:142 69 382 330 41
rect:320 81 155 283 40
Guatemala1976_09.jpg 0x0
rect:64 347 28 26 85
rect:821 282 76 71 85
rect:149 251 41 72 85
rect:232 211 31 20 84
rect:244 330 57 74 84
rect:91 308 36 23 84
rect:244 242 93 34 85
rect:481 340 61 78 84
Guatemala1976_10.jpg 0x0
rect:168 244 181 364 86
rect:159 111 253 113 87
rect:225 335 46 85 87
Guatemala1976_11.jpg 0x0
rect:214 191 117 231 34
GujaratIndia2001_01.jpg 0x0
rect:91 613 53 45 2
rect:233 431 53 67 11
rect:193 467 248 90 2
rect:32 492 166 134 4
Haiti2010_01.jpg 0x0
rect:256 268 30 134 40
rect:343 444 240 167 4
rect:128 57 111 105 7
rect:305 163 163 248 41
rect:448 287 97 121 4
Haiti2010_02.jpg 0x0
rect:266 36 145 58 14
rect:41 82 436 186 88
Haiti2010_03.jpg 0x0
rect:286 583 191 265 89
rect:319 563 55 55 49
rect:261 479 149 238 32
rect:264 1 80 501 32
Haiti2010_04.jpg 0x0
rect:180 52 271 199 34
rect:2 108 289 159 6
rect:134 339 309 693 41
Haiti2010_05.jpg 0x0
rect:471 284 27 104 40
rect:258 185 333 490 90
rect:249 181 34 131 40
rect:246 176 187 136 52
Haiti2010_06.jpg 0x0
rect:371 140 794 545 91
rect:539 155 77 46 6
rect:289 137 154 487 33
rect:213 353 342 340 91
rect:231 255 36 57 34
rect:375 199 48 80 34
rect:544 210 58 201 32
ImperialValley1979_01.jpg 0x0
rect:316 347 59 39 32
rect:532 375 26 37 50
rect:253 381 44 81 50
rect:263 231 47 23 49
rect:597 305 22 18 49
rect:18 339 77 58 49
rect:574 320 36 33 32
rect:335 308 29 19 49
rect:13 313 154 95 32
rect:57 308 84 131 50
rect:387 353 59 66 32
ImperialValley1979_02.jpg 0x0
rect:142 209 249 61 92
rect:151 99 167 242 32
rect:382 161 81 142 50
rect:233 123 61 194 50
rect:252 236 159 36 49
rect:248 127 40 135 50
ImperialValley1979_03.jpg 0x0
rect:294 245 77 107 50
rect:100 429 203 33 92
rect:173 291 208 213 32
rect:272 353 87 145 50
rect:129 336 208 26 92
rect:121 299 91 165 50
rect:171 155 274 169 32
Izmit1999_01.jpg 0x0
rect:202 55 254 327 34
rect:279 116 56 123 27
rect:240 123 31 115 27
rect:162 182 42 86 27
rect:384 267 51 74 26
Izmit1999_02.jpg 0x0
rect:25 113 776 311 10
Izmit1999_03.jpg 0x0
rect:182 65 84 216 50
rect:495 75 34 313 50
rect:280 67 180 446 32
rect:178 33 377 435 93
rect:481 119 48 285 50
rect:559 78 55 401 50
rect:281 147 36 197 50
rect:143 228 442 41 92
Izmit1999_04.jpg 0x0
rect:44 472 71 45 34
rect:177 322 120 56 88
rect:269 49 99 103 48
rect:431 367 21 62 40
rect:78 569 27 113 42
rect:44 338 55 120 41
rect:369 318 23 78 40
rect:132 417 220 105 88
rect:357 323 91 89 41
rect:321 98 98 93 41
Izmit1999_05.jpg 0x0
rect:106 22 662 336 10
Izmit1999_06.jpg 0x0
rect:102 338 63 152 50
rect:317 311 40 154 50
rect:152 177 240 571 32
rect:185 181 136 68 49
rect:206 287 37 193 50
rect:182 210 75 217 50
Izmit1999_07.jpg 0x0
rect:458 145 85 79 3
rect:19 87 328 534 2
rect:266 226 36 73 3
rect:177 391 46 110 3
rect:295 259 27 78 3
rect:459 65 157 44 6
rect:392 321 97 444 4
Izmit1999_08.jpg 0x0
rect:443 6 99 88 45
rect:189 303 61 76 45
rect:417 83 55 38 52
rect:150 124 104 61 41
rect:227 305 218 128 88
rect:619 107 62 68 41
rect:136 29 79 104 34
Izmit1999_09.jpg 0x0
rect:239 212 99 75 41
rect:46 160 55 45 41
rect:440 296 56 84 41
rect:397 222 95 124 94
rect:538 243 69 90 94
rect:275 269 36 39 41
Izmit1999_10.jpg 0x0
rect:116 219 58 304 40
rect:86 102 217 449 41
rect:234 90 171 164 40
rect:48 226 449 58 78
rect:200 524 63 28 78
rect:70 160 75 256 40
rect:327 551 66 65 40
rect:104 339 342 66 78
rect:161 438 115 38 78
rect:269 643 74 114 40
rect:184 124 50 136 40
Izmit1999_11.jpg 0x0
rect:247 244 74 115 40
rect:179 158 168 136 41
rect:379 280 88 211 40
rect:166 384 91 170 41
rect:197 305 46 147 40
Izmit1999_12.jpg 0x0
rect:423 379 55 115 52
rect:389 188 49 82 42
rect:112 152 95 53 88
rect:47 370 60 72 52
rect:116 257 22 63 40
rect:15 67 50 19 6
rect:389 125 42 78 45
rect:301 284 84 141 41
rect:506 35 102 56 34
rect:316 108 52 53 7
rect:373 145 52 30 6
rect:558 66 36 100 41
rect:647 156 263 254 91
rect:280 272 92 184 94
rect:117 68 28 27 6
rect:1 296 32 39 41
rect:605 218 41 44 41
rect:46 181 72 109 94
Izmit1999_13.jpg 0x0
rect:143 203 88 50 52
rect:82 167 45 42 6
rect:221 208 49 81 41
rect:143 324 34 72 41
rect:460 168 76 225 41
rect:196 123 90 111 41
rect:5 73 122 194 42
rect:117 284 106 170 94
rect:266 73 157 379 48
Izmit1999_14.jpg 0x0
rect:279 164 78 90 35
rect:294 6 181 92 35
rect:507 59 63 51 95
rect:413 516 30 23 34
rect:507 382 80 54 34
rect:588 73 97 85 34
rect:376 235 58 44 34
rect:63 183 127 81 34
rect:303 401 51 31 34
Izmit1999_15.jpg 0x0
rect:184 187 213 377 42
Izmit1999_16.jpg 0x0
rect:102 65 367 466 33
rect:200 94 41 115 40
rect:112 89 332 335 39
rect:160 117 247 126 41
Izmit1999_17.jpg 0x0
rect:73 165 162 191 41
Izmit1999_18.jpg 0x0
rect:158 107 105 352 39
rect:156 175 132 178 41
Izmit1999_19.jpg 0x0
rect:204 101 296 281 32
rect:557 180 38 118 50
rect:499 195 29 61 50
rect:187 103 284 389 96
Kobe1995_01.jpg 0x0
rect:31 197 938 145 63
Kobe1995_02.jpg 0x0
rect:2 62 475 720 68
Kobe1995_03.jpg 0x0
rect:46 41 344 834 10
Kobe1995_04.jpg 0x0
rect:458 254 51 42 41
Kobe1995_05.jpg 0x0
rect:53 314 404 76 78
rect:96 733 301 145 78
rect:149 122 177 437 52
rect:5 173 146 402 40
rect:240 191 186 366 40
Kobe1995_06.jpg 0x0
rect:194 341 225 396 42
rect:53 116 420 392 41
Kobe1995_07.jpg 0x0
rect:79 205 40 41 39
rect:355 251 24 38 39
rect:292 167 40 58 39
rect:213 152 21 26 39
rect:48 293 29 62 39
rect:334 392 34 39 39
rect:146 337 35 30 39
rect:160 259 39 47 39
rect:216 170 32 56 39
rect:276 278 28 48 39
rect:281 548 36 42 39
rect:368 140 43 36 39
rect:169 220 31 26 39
rect:370 250 43 37 39
rect:253 308 39 34 39
rect:167 293 28 28 39
rect:202 139 24 34 39
rect:374 284 30 41 39
rect:213 188 28 42 39
rect:280 262 26 55 39
rect:210 285 29 18 39
rect:172 344 36 24 39
rect:39 384 34 20 39
rect:445 395 25 24 39
rect:434 263 32 27 39
rect:547 123 41 32 39
Kobe1995_08.jpg 0x0
rect:376 75 531 170 97
Kobe1995_09.jpg 0x0
rect:108 372 63 81 88
rect:107 722 90 86 88
rect:114 693 62 70 88
rect:265 404 212 64 97
SanSalvador_1986_01.jpg 0x0
rect:86 3 98 308 68
rect:210 157 139 138 41
SanSalvador_1986_02.jpg 0x0
rect:218 121 21 31 41
rect:348 304 52 52 41
rect:562 231 54 53 42
rect:187 200 32 34 41
rect:639 185 36 40 41
rect:323 205 38 33 41
rect:137 302 36 41 41
rect:353 134 20 26 41
rect:366 153 49 45 41
SikkimIndia2001_01.jpg 0x0
rect:167 202 145 96 34
SikkimIndia2001_02.jpg 0x0
rect:8 123 45 55 54
rect:419 202 112 22 16
rect:402 240 78 46 16
rect:444 140 128 216 33
rect:213 56 151 366 33
rect:350 87 67 44 16
rect:12 7 239 69 16
rect:-14 2 338 72 33
SikkimIndia2001_03.jpg 0x0
rect:254 199 111 165 70
rect:266 11 168 517 98
rect:148 117 78 172 69
SikkimIndia2001_04.jpg 0x0
rect:272 207 130 128 34
rect:285 179 204 82 99
rect:3 40 275 285 99
SumatraInd2009_01.jpg 0x0
rect:284 32 69 223 81
SumatraInd2009_02.jpg 0x0
rect:252 78 227 162 41
WhittierNarrows1987_01.jpg 0x0
rect:11 26 689 257 10
WhittierNarrows1987_02.jpg 0x0
rect:146 225 92 254 41
WhittierNarrows1987_03.jpg 0x0
rect:264 129 160 265 32
WhittierNarrows1987_04.jpg 0x0
rect:248 49 84 225 41
rect:157 8 214 71 6
rect:208 11 287 180 100
YogyakartaInd2006_01.jpg 0x0
rect:277 33 252 255 32
rect:285 98 324 100 49
rect:211 -30 484 378 29
YogyakartaInd2006_02.jpg 0x0
rect:249 44 140 426 98
rect:241 124 48 177 69
rect:340 88 55 177 70
