Anchorage1964_01.jpg 0x0
rect:102 259 166 275 1
rect:92 7 263 148 1
Anchorage1964_02.jpg 0x0
rect:380 261 30 71 3
rect:390 342 20 49 3
rect:546 198 82 69 4
rect:102 268 17 21 6
rect:167 257 404 89 2
rect:67 30 107 11 6
rect:125 172 66 15 6
rect:308 219 30 72 3
rect:251 69 101 81 4
rect:347 341 24 65 3
rect:28 26 157 39 5
rect:424 221 13 63 3
rect:39 179 188 33 5
rect:221 43 298 81 4
rect:264 199 22 75 3
rect:269 191 32 54 3
rect:538 195 12 38 3
rect:409 66 154 124 8
rect:116 122 92 46 7
Anchorage1964_03.jpg 0x0
rect:0 233 640 72 10
rect:263 88 312 178 9
rect:2 208 172 91 9
Anchorage1964_04.jpg 0x0
rect:244 318 35 23 5
rect:447 161 41 13 5
rect:312 234 25 21 5
rect:335 244 24 24 5
rect:343 157 43 15 5
rect:197 32 24 19 5
rect:148 71 25 17 5
rect:305 189 26 25 5
rect:115 132 28 20 5
rect:328 411 22 31 1
rect:254 163 17 29 1
rect:170 169 32 24 5
rect:301 292 15 31 1
rect:336 29 22 15 5
rect:301 114 24 33 1
rect:295 369 16 26 1
rect:165 134 27 18 5
rect:347 310 10 1 1
rect:413 294 34 17 5
rect:413 363 35 15 5
rect:210 290 20 21 1
rect:209 358 35 18 5
rect:152 582 52 14 2
rect:211 284 21 25 8
rect:168 223 41 19 5
rect:219 290 32 22 5
rect:356 370 14 33 1
rect:453 338 34 16 5
rect:411 53 33 15 5
rect:302 381 9 18 1
rect:231 118 26 21 5
rect:116 279 24 16 5
rect:328 450 26 22 1
rect:152 512 34 12 5
rect:224 357 26 31 1
rect:180 381 38 18 5
rect:150 43 34 14 5
rect:328 266 29 20 5
rect:243 234 20 31 1
Anchorage1964_05.jpg 0x0
rect:219 166 28 26 11
rect:533 1 45 73 1
rect:343 196 62 90 8
rect:593 312 50 24 5
rect:753 277 45 34 5
rect:758 189 45 23 6
rect:52 326 29 39 1
rect:65 69 31 51 1
rect:628 200 50 63 1
rect:119 112 13 59 1
rect:74 387 24 45 1
rect:571 96 46 58 1
rect:119 33 19 36 1
rect:61 158 18 33 1
rect:338 165 36 28 11
rect:121 194 136 40 6
rect:275 134 175 56 2
rect:43 391 26 47 1
rect:192 47 86 56 6
rect:344 95 38 77 1
rect:254 43 106 25 5
rect:465 358 42 50 8
rect:569 298 35 14 6
rect:620 376 45 70 1
rect:72 232 23 42 1
rect:608 20 40 52 1
rect:365 144 28 41 1
rect:61 170 17 42 1
rect:232 116 152 28 5
Anchorage1964_06.jpg 0x0
rect:93 87 272 481 12
rect:190 178 63 242 3
rect:200 298 81 108 11
Anchorage1964_07.jpg 0x0
rect:6 340 495 33 14
rect:6 54 815 524 2
rect:294 264 250 212 2
rect:441 236 104 88 11
rect:228 2 139 53 2
rect:395 155 33 111 3
rect:12 230 234 43 11
rect:292 125 67 141 13
rect:281 100 112 180 11
Anchorage1964_08.jpg 0x0
rect:46 87 121 106 1
rect:42 258 127 104 1
rect:268 229 86 139 1
rect:414 28 83 117 1
rect:36 452 84 157 1
rect:298 512 123 125 1
Anchorage1964_09.jpg 0x0
rect:539 10 115 11 16
rect:16 113 18 12 16
rect:643 212 85 49 8
rect:98 159 72 92 1
rect:52 166 51 10 16
rect:323 129 64 76 1
rect:293 213 61 67 1
rect:446 147 90 71 1
rect:14 12 61 11 16
rect:672 34 65 52 8
rect:531 93 123 22 15
rect:566 160 75 20 15
rect:359 10 296 13 15
rect:145 123 310 13 15
rect:94 273 79 68 8
rect:9 18 527 14 15
rect:14 158 115 19 15
rect:888 181 1 1 16
rect:87 39 86 98 8
Anchorage1964_10.jpg 0x0
rect:115 183 191 84 18
rect:69 224 259 264 1
rect:94 316 394 117 18
rect:252 326 127 97 17
Anchorage1964_11.jpg 0x0
rect:365 179 356 33 11
rect:471 147 138 87 1
rect:599 5 101 32 1
rect:63 622 603 12 14
rect:115 169 394 79 2
rect:228 209 403 15 15
rect:74 410 709 18 14
rect:109 60 190 85 4
Anchorage1964_12.jpg 0x0
rect:468 59 236 208 11
rect:435 111 60 145 3
rect:159 194 33 122 3
rect:12 95 599 201 2
rect:338 109 55 151 3
Anchorage1964_13.jpg 0x0
rect:420 455 146 31 2
rect:628 426 30 197 20
rect:417 512 144 14 19
Anchorage1964_14.jpg 0x0
rect:36 690 51 51 22
rect:130 702 41 62 22
rect:133 664 48 65 22
rect:152 335 87 114 21
rect:338 472 214 77 23
rect:72 211 146 33 15
rect:211 13 73 758 20
rect:8 444 183 99 11
rect:22 615 24 60 22
rect:545 7 94 155 11
rect:387 256 137 44 15
rect:207 12 53 197 11
Anchorage1964_15.jpg 0x0
rect:330 444 188 43 2
rect:394 9 70 71 4
rect:195 7 65 45 4
rect:184 137 37 64 11
rect:162 54 63 325 20
rect:164 214 156 44 15
rect:257 103 43 81 25
rect:310 262 136 48 24
rect:391 236 148 49 11
Anchorage1964_16.jpg 0x0
rect:13 241 74 60 2
rect:180 282 348 166 11
rect:15 121 148 205 2
rect:73 236 85 109 11
rect:632 275 117 222 2
rect:201 72 279 136 2
Anchorage1964_17.jpg 0x0
rect:15 143 281 125 9
rect:197 35 254 260 9
rect:10 250 823 205 10
Anchorage1964_18.jpg 0x0
rect:509 294 64 13 2
rect:123 198 20 35 11
rect:142 222 86 78 4
rect:404 201 37 45 11
rect:381 363 93 17 2
rect:138 401 92 53 11
rect:269 211 389 22 15
rect:373 150 102 95 4
rect:669 230 29 26 2
rect:345 136 114 82 4
Anchorage1964_19.jpg 0x0
rect:263 83 68 97 29
rect:404 212 10 21 26
rect:214 281 44 84 26
rect:603 163 7 16 26
rect:300 288 18 32 26
rect:33 284 31 117 27
rect:487 147 20 28 26
rect:333 143 32 19 26
rect:513 157 8 8 26
rect:301 80 29 69 29
rect:380 104 47 42 28
rect:480 286 31 35 28
rect:5 202 78 132 26
rect:338 108 42 52 26
rect:482 166 18 67 29
rect:269 96 20 25 27
rect:527 266 15 26 26
rect:845 208 8 13 26
Anchorage1964_20.jpg 0x0
rect:184 542 56 104 26
rect:583 460 39 93 26
rect:187 70 108 161 29
rect:158 99 86 47 26
rect:175 115 51 42 27
Anchorage1964_21.jpg 0x0
rect:-6 78 85 189 29
rect:137 127 611 207 30
rect:66 288 24 26 26
rect:2 73 57 46 26
Bingol2003_01.jpg 0x0
rect:858 391 62 47 33
rect:433 262 54 64 6
rect:430 280 147 220 31
rect:394 553 137 57 6
rect:398 175 59 70 33
rect:368 313 65 193 32
rect:506 320 84 67 6
rect:142 152 58 55 33
rect:968 178 117 81 33
rect:504 80 189 176 31
rect:29 229 90 67 33
rect:428 422 99 98 6
rect:388 215 41 141 34
rect:536 78 99 79 6
rect:392 416 37 44 34
rect:717 368 116 47 33
rect:805 112 96 96 6
rect:199 86 94 30 6
rect:2 230 898 203 10
Bingol2003_02.jpg 0x0
rect:403 260 481 119 35
rect:603 299 87 140 26
rect:210 76 306 160 34
rect:204 233 74 456 32
rect:757 53 138 101 36
rect:163 400 171 223 32
rect:210 305 646 346 31
rect:244 287 64 99 6
Bingol2003_03.jpg 0x0
rect:144 61 119 101 33
rect:576 -8 366 168 4
rect:641 305 281 588 4
rect:88 33 201 36 2
rect:435 159 408 222 2
rect:535 596 217 433 2
rect:457 179 161 83 11
Bingol2003_04.jpg 0x0
rect:268 538 36 158 3
rect:250 396 26 85 3
rect:75 676 25 57 3
rect:73 695 89 106 2
rect:330 406 122 79 2
rect:151 690 28 87 3
rect:350 207 108 236 4
rect:193 447 192 171 2
CanterburyNZSeries2010_01.jpg 0x0
rect:65 125 161 213 12
CanterburyNZSeries2010_02.jpg 0x0
rect:62 40 179 266 6
rect:35 9 216 193 37
CanterburyNZSeries2010_03.jpg 0x0
rect:42 71 288 167 38
CanterburyNZSeries2010_04.jpg 0x0
rect:199 519 100 176 41
rect:213 476 21 179 40
rect:228 328 31 59 40
rect:416 357 33 151 40
rect:325 8 71 144 42
rect:267 337 28 76 40
rect:248 420 21 64 40
rect:235 327 175 447 39
CanterburyNZSeries2010_05.jpg 0x0
rect:341 374 158 267 4
rect:364 153 112 101 15
CanterburyNZSeries2010_06.jpg 0x0
rect:86 93 812 623 4
rect:173 187 249 119 2
CanterburyNZSeries2010_08.jpg 0x0
rect:817 472 56 94 44
rect:502 426 118 122 44
rect:606 101 151 192 43
rect:644 366 23 171 32
CanterburyNZSeries2010_09.jpg 0x0
rect:213 96 126 254 45
rect:213 222 189 299 39
CanterburyNZSeries2010_10.jpg 0x0
rect:248 169 288 96 7
rect:245 312 177 87 46
rect:285 538 325 104 6
rect:285 231 329 165 6
CanterburyNZSeries2010_11.jpg 0x0
rect:404 421 399 185 5
rect:313 152 379 96 7
CanterburyNZSeries2010_12.jpg 0x0
rect:384 530 178 80 11
rect:135 565 189 60 11
rect:5 205 1105 425 47
rect:43 253 800 390 2
CanterburyNZSeries2010_13.jpg 0x0
rect:189 13 381 584 12
rect:348 151 117 464 11
Caracas1967_01.jpg 0x0
rect:409 153 49 63 48
rect:376 64 141 308 48
rect:342 236 12 83 48
rect:316 124 91 123 48
Caracas1967_02.jpg 0x0
rect:221 1 105 188 15
rect:150 254 159 300 51
rect:132 310 48 39 50
rect:94 281 50 82 49
Caracas1967_03.jpg 0x0
rect:251 413 66 89 26
rect:288 92 96 104 14
rect:16 438 246 70 6
rect:272 441 32 46 27
rect:270 396 42 90 27
rect:296 451 105 159 34
Caracas1967_04.jpg 0x0
rect:156 268 67 137 26
rect:95 244 212 121 34
rect:120 418 14 76 27
Caracas1967_05.jpg 0x0
rect:55 140 305 493 41
rect:29 117 364 611 48
rect:84 312 256 259 52
rect:177 393 60 175 40
rect:189 169 157 141 52
rect:42 392 67 284 40
rect:184 224 56 155 40
rect:153 320 46 222 40
rect:261 209 56 170 40
rect:319 259 51 194 40
Caracas1967_06.jpg 0x0
rect:272 292 93 49 6
rect:403 83 345 312 7
Caracas1967_07.jpg 0x0
rect:223 156 54 177 27
rect:488 339 125 83 53
rect:364 7 109 307 34
rect:161 91 220 157 34
rect:540 320 108 65 53
rect:355 199 187 251 34
rect:541 56 28 257 27
Caracas1967_08.jpg 0x0
rect:458 255 69 114 54
rect:289 361 93 68 55
rect:255 236 73 108 54
Caracas1967_09.jpg 0x0
rect:24 244 69 39 48
rect:168 164 111 57 48
rect:483 15 268 149 48
rect:113 207 67 88 48
Caracas1967_10.jpg 0x0
rect:364 299 64 139 40
rect:334 170 111 192 40
rect:49 178 207 300 41
rect:20 184 331 514 48
Caracas1967_11.jpg 0x0
rect:296 14 167 185 41
rect:40 13 517 808 48
rect:51 297 209 654 41
Caracas1967_12.jpg 0x0
rect:725 264 25 42 32
rect:637 265 40 35 34
rect:162 380 22 51 56
rect:637 352 16 59 32
Caracas1967_13.jpg 0x0
rect:168 461 146 221 55
Caracas1967_14.jpg 0x0
rect:111 135 586 141 57
rect:136 300 198 34 6
Chichi1999_01.jpg 0x0
rect:3 8 737 132 58
rect:465 100 43 266 42
Chichi1999_02.jpg 0x0
rect:7 119 468 213 58
rect:379 146 252 367 59
Chichi1999_03.jpg 0x0
rect:0 203 904 225 58
rect:87 119 48 127 60
Chichi1999_04.jpg 0x0
rect:241 263 30 72 52
rect:221 254 76 266 48
rect:154 -19 46 143 48
Chichi1999_05.jpg 0x0
rect:412 204 33 74 52
rect:313 118 49 65 41
rect:458 90 101 155 48
rect:279 307 26 32 41
Chichi1999_06.jpg 0x0
rect:265 127 73 75 62
rect:163 22 481 159 10
rect:452 146 52 70 41
rect:340 234 59 113 48
rect:407 -10 105 72 61
rect:474 221 25 37 52
Chichi1999_07.jpg 0x0
rect:784 177 54 71 48
rect:377 263 58 157 48
rect:64 252 397 112 63
rect:437 287 13 19 64
rect:194 161 45 202 48
rect:144 204 31 33 64
rect:502 282 25 30 64
Chichi1999_08.jpg 0x0
rect:98 14 564 399 10
Chichi1999_09.jpg 0x0
rect:299 76 123 103 41
rect:287 119 43 107 40
rect:253 58 142 124 48
rect:237 84 56 80 40
Chichi1999_10.jpg 0x0
rect:208 20 562 450 10
Chichi1999_11.jpg 0x0
rect:2 130 154 519 10
rect:183 264 121 94 65
Chichi1999_12.jpg 0x0
rect:12 23 344 693 66
Chichi1999_13.jpg 0x0
rect:34 52 632 291 10
Chichi1999_14.jpg 0x0
rect:121 414 74 43 67
rect:320 308 27 24 39
rect:288 680 97 81 67
rect:371 376 46 33 39
rect:193 503 29 34 67
rect:249 258 40 48 67
rect:275 298 20 52 67
rect:89 578 35 43 67
rect:228 429 30 37 67
rect:161 174 35 49 67
rect:316 497 28 30 39
rect:99 392 38 62 67
rect:130 160 69 39 67
rect:303 619 18 25 39
rect:56 547 58 37 67
rect:252 489 49 67 67
rect:216 442 23 46 67
Chichi1999_15.jpg 0x0
rect:340 25 331 397 41
Chichi1999_16.jpg 0x0
rect:166 162 56 97 32
Chichi1999_17.jpg 0x0
rect:112 331 25 50 32
Chichi1999_18.jpg 0x0
rect:170 207 35 133 69
rect:207 188 139 466 68
rect:385 330 31 101 69
rect:178 285 24 129 69
rect:121 233 41 90 69
rect:278 418 45 123 70
Chichi1999_19.jpg 0x0
rect:287 100 205 213 3
rect:198 22 315 273 2
YogyakartaInd2006_03.jpg 0x0
rect:166 275 254 102 71
rect:409 315 46 30 16
rect:458 52 158 55 15
rect:307 212 20 9 16
rect:258 119 69 35 15
rect:288 477 182 33 15
rect:507 96 110 44 16
rect:206 20 90 2 15
Chichi1999_20.jpg 0x0
rect:157 257 126 400 42
rect:229 402 44 136 41
Chichi1999_21.jpg 0x0
rect:315 42 271 167 37
rect:373 135 159 101 6
rect:17 4 156 142 30
rect:318 347 64 125 6
rect:93 422 180 98 5
rect:162 128 191 356 72
rect:194 390 156 130 37
rect:411 6 127 123 57
Chichi1999_22.jpg 0x0
rect:301 317 10 28 73
rect:182 149 383 149 10
rect:260 169 16 24 73
rect:360 245 14 18 73
Chichi1999_23.jpg 0x0
rect:103 120 25 35 34
rect:3 61 582 139 74
rect:364 158 28 21 26
rect:277 332 81 135 73
rect:292 168 41 78 73
rect:134 144 53 57 73
rect:311 393 28 89 34
rect:113 295 60 87 73
rect:299 161 36 26 27
rect:118 315 45 104 34
Chichi1999_24.jpg 0x0
rect:187 213 44 57 46
rect:212 132 164 126 75
rect:181 201 56 53 34
rect:432 243 1 2 46
rect:3 441 233 259 74
Chichi1999_25.jpg 0x0
rect:192 146 209 362 73
rect:173 287 52 52 26
rect:125 235 126 284 34
Chichi1999_26.jpg 0x0
rect:133 485 96 131 73
rect:121 650 82 55 26
rect:91 385 119 116 27
rect:184 19 49 29 73
rect:251 358 153 279 76
rect:233 121 71 83 73
Chichi1999_27.jpg 0x0
rect:180 291 117 266 32
Chichi1999_28.jpg 0x0
rect:19 85 305 113 6
rect:229 117 111 213 75
rect:108 89 159 225 5
rect:282 246 162 92 77
Chichi1999_29.jpg 0x0
rect:131 262 188 278 48
rect:186 266 94 169 52
rect:239 157 81 176 40
Chichi1999_30.jpg 0x0
rect:138 151 236 52 78
rect:223 111 132 86 52
rect:146 122 249 267 40
rect:25 295 112 116 73
Chichi1999_31.jpg 0x0
rect:430 99 57 152 48
rect:190 94 95 233 79
Chichi1999_32.jpg 0x0
rect:468 138 48 260 39
rect:164 9 83 496 80
rect:226 59 39 138 81
rect:135 253 43 100 81
Chichi1999_33.jpg 0x0
rect:94 200 49 80 49
rect:228 138 36 146 49
rect:147 136 119 238 32
rect:77 85 93 481 33
rect:292 108 99 254 56
rect:251 110 134 393 32
Chichi1999_34.jpg 0x0
rect:97 87 421 290 10
Duzce1999_01.jpg 0x0
rect:89 151 76 162 41
rect:139 55 105 270 39
Duzce1999_02.jpg 0x0
rect:108 42 176 283 41
Duzce1999_03.jpg 0x0
rect:0 130 89 208 31
rect:99 68 127 281 42
rect:178 88 76 336 31
Gediz1970_01.jpg 0x0
rect:182 553 64 160 69
rect:145 105 168 574 68
rect:157 393 80 304 69
Guatemala1976_01.jpg 0x0
rect:583 216 64 77 41
rect:42 172 80 43 52
rect:67 177 43 39 41
rect:53 151 115 94 48
rect:604 163 145 145 48
rect:17 164 523 123 82
Guatemala1976_02.jpg 0x0
rect:297 83 120 98 40
rect:152 69 356 202 48
Guatemala1976_03.jpg 0x0
rect:15 103 800 231 75
Guatemala1976_04.jpg 0x0
rect:637 179 89 289 4
rect:445 277 101 277 4
rect:40 70 635 263 30
rect:170 22 466 89 30
Guatemala1976_05.jpg 0x0
rect:189 83 388 421 48
rect:135 118 323 104 41
rect:187 120 431 191 40
Guatemala1976_06.jpg 0x0
rect:95 108 227 574 39
Guatemala1976_07.jpg 0x0
rect:25 351 43 47 6
rect:232 550 153 86 83
rect:21 239 472 319 10
Guatemala1976_08.jpg 0x0
rect:124 31 291 495 48
rect:314 74 153 404 40
rect:129 53 347 369 41
Guatemala1976_09.jpg 0x0
rect:96 196 44 28 85
rect:193 395 39 28 84
rect:720 270 54 58 84
rect:105 319 39 30 84
rect:153 174 60 70 85
rect:409 224 59 49 84
rect:253 298 54 36 85
rect:613 252 60 67 85
Guatemala1976_10.jpg 0x0
rect:230 144 169 157 87
rect:341 402 33 82 87
rect:282 136 297 208 86
Guatemala1976_11.jpg 0x0
rect:197 281 95 225 34
GujaratIndia2001_01.jpg 0x0
rect:221 457 160 86 2
rect:96 585 56 40 2
rect:40 348 130 187 4
rect:340 347 69 67 11
Haiti2010_01.jpg 0x0
rect:217 227 20 151 40
rect:134 51 92 139 7
rect:548 319 131 96 4
rect:314 449 157 283 4
rect:259 159 225 337 41
Haiti2010_02.jpg 0x0
rect:53 108 441 229 88
rect:292 38 138 42 14
Haiti2010_03.jpg 0x0
rect:283 709 311 192 89
rect:362 1 87 578 32
rect:155 509 270 189 32
rect:297 563 64 83 49
Haiti2010_04.jpg 0x0
rect:2 182 294 198 6
rect:275 56 303 271 34
rect:205 223 265 663 41
Haiti2010_05.jpg 0x0
rect:316 195 31 104 40
rect:381 298 24 85 40
rect:255 302 208 98 52
rect:190 217 224 554 90
Haiti2010_06.jpg 0x0
rect:366 224 821 659 91
rect:167 223 340 389 91
rect:330 217 71 46 6
rect:526 209 176 342 33
rect:605 158 69 97 34
rect:568 229 61 222 32
rect:269 231 34 56 34
ImperialValley1979_01.jpg 0x0
rect:11 448 53 93 49
rect:12 335 177 147 32
rect:364 304 48 64 32
rect:43 275 115 80 50
rect:606 415 26 42 32
rect:601 397 52 47 32
rect:347 384 36 38 50
rect:448 263 50 22 49
rect:315 274 36 49 50
rect:543 238 13 17 49
rect:363 405 23 23 49
ImperialValley1979_02.jpg 0x0
rect:325 156 57 191 50
rect:182 163 65 194 50
rect:349 90 77 206 50
rect:174 144 247 65 92
rect:326 263 122 59 49
rect:174 66 143 262 32
ImperialValley1979_03.jpg 0x0
rect:268 326 120 187 50
rect:95 286 284 140 32
rect:195 154 180 193 32
rect:108 272 106 254 50
rect:254 284 74 165 50
rect:84 358 235 27 92
rect:134 312 203 40 92
Izmit1999_01.jpg 0x0
rect:220 107 41 130 27
rect:185 86 313 358 34
rect:476 324 46 70 26
rect:176 146 48 192 27
rect:304 252 38 136 27
Izmit1999_02.jpg 0x0
rect:24 155 803 205 10
Izmit1999_03.jpg 0x0
rect:380 82 54 294 50
rect:542 71 46 227 50
rect:128 162 434 45 92
rect:265 42 272 437 32
rect:278 184 55 191 50
rect:385 114 30 315 50
rect:158 50 428 402 93
rect:222 83 67 269 50
Izmit1999_04.jpg 0x0
rect:56 311 47 50 34
rect:232 74 92 74 41
rect:362 364 30 44 40
rect:252 49 74 102 48
rect:110 282 147 86 88
rect:354 293 26 56 40
rect:79 608 43 90 42
rect:136 663 173 131 88
rect:56 405 64 115 41
rect:366 450 76 75 41
Izmit1999_05.jpg 0x0
rect:127 20 653 411 10
Izmit1999_06.jpg 0x0
rect:308 181 45 126 50
rect:204 177 70 229 50
rect:144 241 198 87 49
rect:179 177 215 446 32
rect:74 234 76 184 50
rect:195 367 38 126 50
Izmit1999_07.jpg 0x0
rect:17 123 321 430 2
rect:263 259 45 132 3
rect:277 258 103 262 4
rect:236 193 42 82 3
rect:333 56 95 48 6
rect:202 219 33 102 3
rect:333 106 59 62 3
Izmit1999_08.jpg 0x0
rect:195 147 96 69 41
rect:197 176 162 113 88
rect:156 34 82 73 34
rect:473 66 60 60 41
rect:443 7 83 50 45
rect:641 60 57 23 52
rect:101 317 73 76 45
Izmit1999_09.jpg 0x0
rect:426 267 92 108 94
rect:45 203 54 43 41
rect:463 243 66 95 94
rect:370 261 126 97 41
rect:223 264 55 30 41
rect:810 209 56 75 41
Izmit1999_10.jpg 0x0
rect:148 319 101 39 78
rect:45 185 294 34 78
rect:168 217 80 281 40
rect:84 169 414 644 41
rect:260 105 88 165 40
rect:255 363 67 97 40
rect:223 133 43 188 40
rect:250 391 68 90 40
rect:84 119 101 172 40
rect:99 381 354 84 78
rect:344 436 68 36 78
Izmit1999_11.jpg 0x0
rect:176 235 163 170 41
rect:147 455 151 100 41
rect:132 356 76 128 40
rect:247 270 57 111 40
rect:297 216 73 211 40
Izmit1999_12.jpg 0x0
rect:355 351 113 117 94
rect:54 188 79 83 52
rect:18 75 32 21 6
rect:204 143 56 39 6
rect:596 25 110 63 34
rect:119 180 81 59 88
rect:421 176 86 55 7
rect:361 401 57 108 52
rect:394 185 34 126 42
rect:1 193 27 36 41
rect:353 355 68 131 41
rect:430 118 63 93 45
rect:561 162 58 80 41
rect:60 317 28 49 40
rect:487 94 55 84 41
rect:66 283 81 72 94
rect:79 80 32 23 6
rect:348 199 259 266 91
Izmit1999_13.jpg 0x0
rect:142 256 104 97 94
rect:79 92 61 38 6
rect:114 302 41 86 41
rect:5 63 70 151 42
rect:240 81 77 79 41
rect:141 315 33 109 41
rect:264 93 165 368 48
rect:141 299 79 65 52
rect:348 132 95 204 41
Izmit1999_14.jpg 0x0
rect:355 61 71 72 95
rect:257 260 46 32 34
rect:425 297 26 29 34
rect:41 172 82 81 34
rect:404 60 91 80 34
rect:382 297 65 37 34
rect:463 7 119 68 35
rect:417 327 48 46 34
rect:415 190 77 105 35
Izmit1999_15.jpg 0x0
rect:170 236 328 347 42
Izmit1999_16.jpg 0x0
rect:163 123 222 132 41
rect:169 69 247 304 39
rect:195 116 31 86 40
rect:64 80 476 414 33
Izmit1999_17.jpg 0x0
rect:83 122 215 263 41
Izmit1999_18.jpg 0x0
rect:233 152 119 349 39
rect:218 114 157 195 41
Izmit1999_19.jpg 0x0
rect:275 149 262 281 32
rect:467 174 31 72 50
rect:369 172 38 116 50
rect:222 114 299 245 96
Kobe1995_01.jpg 0x0
rect:19 130 794 106 63
Kobe1995_02.jpg 0x0
rect:2 55 526 552 68
Kobe1995_03.jpg 0x0
rect:26 66 574 663 10
Kobe1995_04.jpg 0x0
rect:233 223 63 48 41
Kobe1995_05.jpg 0x0
rect:66 425 318 99 78
rect:4 122 147 488 40
rect:93 176 159 603 52
rect:54 192 356 56 78
rect:287 149 159 340 40
Kobe1995_06.jpg 0x0
rect:42 136 543 388 41
rect:241 428 298 405 42
Kobe1995_07.jpg 0x0
rect:315 169 32 37 39
rect:469 349 39 41 39
rect:217 319 32 40 39
rect:222 427 43 29 39
rect:315 279 44 44 39
rect:283 103 41 42 39
rect:140 119 23 26 39
rect:238 405 45 24 39
rect:281 271 39 42 39
rect:471 105 45 35 39
rect:113 251 44 22 39
rect:154 269 44 58 39
rect:41 389 38 25 39
rect:363 300 35 42 39
rect:386 364 41 36 39
rect:258 141 20 30 39
rect:400 361 47 35 39
rect:169 249 36 44 39
rect:36 217 38 54 39
rect:457 353 25 26 39
rect:125 331 28 43 39
rect:281 255 44 43 39
rect:194 404 31 28 39
rect:168 203 48 47 39
rect:357 314 34 20 39
rect:124 482 22 38 39
Kobe1995_08.jpg 0x0
rect:263 42 431 164 97
Kobe1995_09.jpg 0x0
rect:94 582 87 82 88
rect:167 759 167 87 97
rect:82 733 81 96 88
rect:96 410 59 61 88
SanSalvador_1986_01.jpg 0x0
rect:69 3 84 256 68
rect:259 153 98 128 41
SanSalvador_1986_02.jpg 0x0
rect:230 190 21 54 41
rect:495 342 54 51 41
rect:198 212 23 31 41
rect:324 166 43 43 41
rect:445 167 17 26 41
rect:443 202 40 51 41
rect:508 204 38 58 42
rect:162 222 38 40 41
rect:114 326 36 30 41
SikkimIndia2001_01.jpg 0x0
rect:295 140 165 158 34
SikkimIndia2001_02.jpg 0x0
rect:324 293 112 19 16
rect:10 6 306 92 16
rect:286 233 85 32 16
rect:9 147 71 34 54
rect:556 89 85 217 33
rect:493 110 98 49 16
rect:-19 2 334 130 33
rect:237 94 211 396 33
SikkimIndia2001_03.jpg 0x0
rect:145 117 71 151 69
rect:235 11 149 549 98
rect:196 189 78 206 70
SikkimIndia2001_04.jpg 0x0
rect:356 249 319 84 99
rect:242 185 130 183 34
rect:3 40 199 241 99
SumatraInd2009_01.jpg 0x0
rect:346 30 64 359 81
SumatraInd2009_02.jpg 0x0
rect:232 105 197 120 41
WhittierNarrows1987_01.jpg 0x0
rect:18 39 733 484 10
WhittierNarrows1987_02.jpg 0x0
rect:228 259 89 224 41
WhittierNarrows1987_03.jpg 0x0
rect:272 122 173 312 32
WhittierNarrows1987_04.jpg 0x0
rect:226 54 118 220 41
rect:231 6 365 77 6
rect:268 14 229 176 100
YogyakartaInd2006_01.jpg 0x0
rect:337 184 330 74 49
rect:144 -30 462 648 29
rect:316 45 324 184 32
YogyakartaInd2006_02.jpg 0x0
rect:303 41 142 388 98
rect:389 122 68 131 70
rect:287 112 69 183 69
