Anchorage1964_01.jpg 0x0
rect:63 406 217 188 1
rect:73 8 146 200 1
Anchorage1964_02.jpg 0x0
rect:77 29 81 14 6
rect:566 207 12 57 3
rect:43 24 151 30 5
rect:40 213 152 46 5
rect:155 289 47 19 6
rect:463 217 31 64 3
rect:524 320 25 44 3
rect:634 242 16 65 3
rect:268 322 22 52 3
rect:305 44 222 107 4
rect:589 72 156 137 8
rect:100 178 17 24 6
rect:130 335 260 79 2
rect:357 225 33 56 3
rect:446 233 34 64 3
rect:429 179 95 43 4
rect:167 114 70 47 7
rect:283 97 113 72 4
rect:360 334 26 72 3
Anchorage1964_03.jpg 0x0
rect:2 172 289 86 9
rect:0 262 751 47 10
rect:184 88 490 175 9
Anchorage1964_04.jpg 0x0
rect:352 370 32 23 5
rect:135 412 32 18 5
rect:210 264 36 14 5
rect:284 74 38 18 5
rect:272 209 20 21 1
rect:234 39 30 16 5
rect:270 341 29 29 8
rect:295 147 16 27 1
rect:369 272 39 21 5
rect:456 118 31 13 5
rect:299 102 20 38 1
rect:337 150 22 16 5
rect:224 356 18 21 1
rect:240 599 71 12 2
rect:242 412 19 21 1
rect:444 577 39 12 5
rect:190 240 27 17 5
rect:374 104 35 13 5
rect:152 77 44 15 5
rect:363 216 32 24 5
rect:331 318 30 17 5
rect:330 267 19 21 1
rect:351 371 8 1 1
rect:176 19 27 15 5
rect:286 377 15 27 1
rect:176 100 30 18 5
rect:168 150 34 15 5
rect:333 201 24 13 5
rect:216 203 12 29 1
rect:249 274 36 19 5
rect:439 348 34 20 5
rect:133 272 24 16 5
rect:172 452 31 15 5
rect:124 380 41 17 5
rect:278 325 17 19 1
rect:195 245 12 35 1
rect:131 221 35 15 5
rect:222 149 22 22 5
rect:226 244 13 21 1
Anchorage1964_05.jpg 0x0
rect:615 281 58 44 5
rect:433 148 56 59 1
rect:570 103 37 72 1
rect:118 168 150 56 6
rect:128 100 19 64 1
rect:133 53 137 58 6
rect:325 183 19 21 11
rect:556 1 51 38 1
rect:412 484 55 90 8
rect:68 229 24 47 1
rect:301 301 57 51 8
rect:55 171 17 41 1
rect:33 290 20 38 1
rect:500 267 56 29 11
rect:151 214 100 29 5
rect:610 402 50 18 6
rect:59 180 28 40 1
rect:243 188 138 54 2
rect:384 180 42 53 1
rect:117 26 16 47 1
rect:508 88 45 58 1
rect:34 331 16 61 1
rect:762 297 53 17 6
rect:188 51 123 28 5
rect:102 299 25 68 1
rect:518 267 56 75 1
rect:77 67 22 47 1
rect:524 371 50 37 5
rect:645 30 32 46 1
Anchorage1964_06.jpg 0x0
rect:103 100 232 408 12
rect:155 155 74 243 3
rect:133 223 59 101 11
Anchorage1964_07.jpg 0x0
rect:273 114 62 97 3
rect:13 258 221 25 11
rect:281 117 57 135 13
rect:290 227 358 241 2
rect:287 146 75 106 11
rect:259 90 157 141 11
rect:258 2 143 47 2
rect:6 247 488 36 14
rect:8 81 663 324 2
Anchorage1964_08.jpg 0x0
rect:403 40 117 103 1
rect:59 375 84 115 1
rect:37 68 93 98 1
rect:50 437 101 156 1
rect:429 298 97 99 1
rect:429 479 90 105 1
Anchorage1964_09.jpg 0x0
rect:615 317 98 84 8
rect:13 13 43 14 16
rect:752 134 142 20 15
rect:21 116 17 8 16
rect:74 179 57 7 16
rect:610 199 1 1 16
rect:117 49 92 85 8
rect:490 125 100 74 1
rect:314 8 337 11 15
rect:283 200 56 85 1
rect:685 9 90 14 16
rect:499 35 96 75 8
rect:80 359 56 78 8
rect:170 93 304 12 15
rect:278 150 72 55 1
rect:16 174 84 25 15
rect:134 216 90 67 1
rect:438 92 91 27 15
rect:14 11 478 18 15
Anchorage1964_10.jpg 0x0
rect:58 172 291 429 1
rect:274 251 126 116 17
rect:87 338 262 104 18
rect:129 210 251 64 18
Anchorage1964_11.jpg 0x0
rect:241 221 330 31 11
rect:428 128 118 74 1
rect:105 476 424 23 14
rect:180 164 305 21 15
rect:677 9 135 27 1
rect:78 230 414 57 2
rect:146 67 150 94 4
rect:78 556 817 13 14
Anchorage1964_12.jpg 0x0
rect:227 63 65 236 3
rect:370 109 150 183 11
rect:153 229 31 87 3
rect:13 83 489 303 2
rect:412 87 47 266 3
Anchorage1964_13.jpg 0x0
rect:550 466 22 202 20
rect:334 675 131 22 2
rect:333 381 83 15 19
Anchorage1964_14.jpg 0x0
rect:343 460 190 102 23
rect:548 6 82 170 11
rect:140 496 32 86 22
rect:246 14 65 213 11
rect:147 626 39 68 22
rect:146 366 62 95 21
rect:12 652 182 94 11
rect:22 485 36 50 22
rect:44 719 58 82 22
rect:423 287 170 46 15
rect:63 268 168 38 15
rect:151 13 70 473 20
Anchorage1964_15.jpg 0x0
rect:215 390 273 53 2
rect:276 8 86 83 4
rect:236 149 65 99 25
rect:508 10 103 85 4
rect:461 268 80 47 24
rect:455 292 151 58 11
rect:282 291 184 53 15
rect:221 125 28 77 11
rect:237 55 58 562 20
Anchorage1964_16.jpg 0x0
rect:553 207 162 140 2
rect:79 232 78 107 11
rect:17 89 170 203 2
rect:162 302 273 190 11
rect:190 67 338 130 2
rect:14 268 75 63 2
Anchorage1964_17.jpg 0x0
rect:377 66 288 226 9
rect:7 226 719 148 10
rect:12 106 194 110 9
Anchorage1964_18.jpg 0x0
rect:184 223 59 85 4
rect:502 242 82 17 2
rect:277 287 27 64 11
rect:371 366 83 23 2
rect:588 189 83 90 4
rect:152 387 86 54 11
rect:364 127 117 96 4
rect:547 298 25 25 2
rect:501 327 294 22 15
rect:93 211 20 57 11
Anchorage1964_19.jpg 0x0
rect:456 191 36 39 28
rect:539 196 8 21 26
rect:504 126 19 72 29
rect:783 126 8 7 26
rect:527 146 6 16 26
rect:300 65 49 128 29
rect:30 292 34 73 27
rect:722 155 8 14 26
rect:394 88 32 31 27
rect:550 222 40 29 28
rect:337 112 31 37 26
rect:454 219 19 26 26
rect:490 272 26 50 26
rect:354 386 36 84 26
rect:6 328 99 187 26
rect:326 102 29 58 29
rect:496 96 19 28 26
rect:379 87 60 48 26
Anchorage1964_20.jpg 0x0
rect:242 356 83 129 26
rect:169 75 153 183 29
rect:166 112 74 72 26
rect:604 616 39 63 26
rect:269 115 55 55 27
Anchorage1964_21.jpg 0x0
rect:-7 90 114 215 29
rect:197 129 528 157 30
rect:2 86 50 41 26
rect:37 277 35 29 26
Bingol2003_01.jpg 0x0
rect:130 193 59 78 33
rect:870 399 121 71 33
rect:266 106 94 27 6
rect:598 233 149 153 31
rect:2 296 896 170 10
rect:376 206 95 72 33
rect:267 485 73 75 6
rect:656 88 88 50 6
rect:760 227 80 62 6
rect:492 364 137 61 6
rect:658 285 87 91 33
rect:681 112 90 79 6
rect:404 353 59 66 34
rect:37 232 49 83 33
rect:595 64 148 155 31
rect:924 553 63 54 33
rect:449 281 37 148 32
rect:599 316 38 48 6
rect:441 226 64 105 34
Bingol2003_02.jpg 0x0
rect:158 498 193 243 32
rect:956 81 101 77 36
rect:256 202 957 617 31
rect:456 265 103 86 6
rect:568 230 422 95 35
rect:154 279 109 283 32
rect:370 365 116 127 26
rect:125 105 534 149 34
Bingol2003_03.jpg 0x0
rect:441 276 255 62 11
rect:387 173 501 185 2
rect:95 59 97 103 33
rect:552 -8 314 227 4
rect:96 28 152 37 2
rect:918 199 270 706 4
rect:916 463 331 398 2
Bingol2003_04.jpg 0x0
rect:230 174 154 151 4
rect:64 561 28 54 3
rect:158 409 218 212 2
rect:169 352 26 111 3
rect:421 626 145 66 2
rect:249 311 39 116 3
rect:149 548 32 66 3
rect:73 712 116 63 2
CanterburyNZSeries2010_01.jpg 0x0
rect:116 121 161 313 12
CanterburyNZSeries2010_02.jpg 0x0
rect:39 49 157 214 6
rect:29 9 140 269 37
CanterburyNZSeries2010_03.jpg 0x0
rect:59 80 268 115 38
CanterburyNZSeries2010_04.jpg 0x0
rect:232 7 106 224 42
rect:283 237 189 446 39
rect:306 464 22 39 40
rect:344 440 25 84 40
rect:246 351 63 196 41
rect:294 321 12 49 40
rect:299 366 22 133 40
rect:380 289 33 99 40
CanterburyNZSeries2010_05.jpg 0x0
rect:342 412 259 255 4
rect:272 278 130 86 15
CanterburyNZSeries2010_06.jpg 0x0
rect:316 295 237 130 2
rect:86 131 659 565 4
CanterburyNZSeries2010_08.jpg 0x0
rect:600 156 181 285 43
rect:946 469 117 87 44
rect:592 514 36 163 32
rect:899 357 76 108 44
CanterburyNZSeries2010_09.jpg 0x0
rect:208 129 140 249 45
rect:214 331 145 407 39
CanterburyNZSeries2010_10.jpg 0x0
rect:220 373 261 104 6
rect:300 248 238 77 46
rect:279 185 345 120 7
rect:289 288 356 188 6
CanterburyNZSeries2010_11.jpg 0x0
rect:315 315 313 266 5
rect:219 159 361 94 7
CanterburyNZSeries2010_12.jpg 0x0
rect:5 274 1221 388 47
rect:171 660 176 46 11
rect:37 295 1037 373 2
rect:546 382 144 49 11
CanterburyNZSeries2010_13.jpg 0x0
rect:172 17 295 688 12
rect:341 188 128 406 11
Caracas1967_01.jpg 0x0
rect:392 95 225 257 48
rect:424 154 92 99 48
rect:356 130 41 100 48
rect:239 232 12 47 48
Caracas1967_02.jpg 0x0
rect:167 357 33 26 50
rect:167 391 56 44 49
rect:194 1 146 124 15
rect:197 191 206 376 51
Caracas1967_03.jpg 0x0
rect:254 238 37 125 27
rect:266 252 82 88 26
rect:12 489 300 122 6
rect:295 78 64 72 14
rect:271 382 35 66 27
rect:220 308 120 218 34
Caracas1967_04.jpg 0x0
rect:178 354 201 190 34
rect:187 255 43 134 26
rect:115 337 25 92 27
Caracas1967_05.jpg 0x0
rect:199 357 48 259 40
rect:245 279 59 211 40
rect:76 245 61 309 40
rect:306 282 64 203 40
rect:209 277 36 208 40
rect:184 250 105 183 52
rect:34 89 318 575 48
rect:245 143 55 235 40
rect:58 367 183 256 52
rect:44 178 236 493 41
Caracas1967_06.jpg 0x0
rect:303 214 61 60 6
rect:244 123 255 207 7
Caracas1967_07.jpg 0x0
rect:269 166 53 247 27
rect:482 207 128 122 53
rect:467 10 74 333 34
rect:309 382 132 57 53
rect:293 34 27 177 27
rect:136 121 118 147 34
rect:385 215 180 193 34
Caracas1967_08.jpg 0x0
rect:246 280 79 77 54
rect:287 220 55 120 54
rect:193 245 71 81 55
Caracas1967_09.jpg 0x0
rect:437 10 197 165 48
rect:32 271 53 63 48
rect:131 173 92 103 48
rect:69 209 60 52 48
Caracas1967_10.jpg 0x0
rect:15 117 327 391 48
rect:46 148 318 360 41
rect:269 283 65 197 40
rect:275 266 50 164 40
Caracas1967_11.jpg 0x0
rect:75 205 223 541 41
rect:59 10 486 611 48
rect:351 18 172 337 41
Caracas1967_12.jpg 0x0
rect:467 303 32 48 34
rect:183 231 19 61 56
rect:625 249 17 40 32
rect:610 477 19 63 32
Caracas1967_13.jpg 0x0
rect:172 304 89 201 55
Caracas1967_14.jpg 0x0
rect:161 138 605 161 57
rect:135 284 312 56 6
Chichi1999_01.jpg 0x0
rect:401 183 54 214 42
rect:4 8 514 168 58
Chichi1999_02.jpg 0x0
rect:5 95 331 158 58
rect:395 112 173 291 59
Chichi1999_03.jpg 0x0
rect:0 163 795 181 58
rect:67 199 82 121 60
Chichi1999_04.jpg 0x0
rect:226 256 53 412 48
rect:274 251 23 55 52
rect:230 -13 43 153 48
Chichi1999_05.jpg 0x0
rect:407 183 42 95 52
rect:411 296 26 40 41
rect:251 120 104 157 48
rect:343 159 64 71 41
Chichi1999_06.jpg 0x0
rect:716 -11 97 72 61
rect:140 20 433 197 10
rect:253 149 42 95 48
rect:771 174 52 54 41
rect:471 270 19 33 52
rect:297 134 45 82 62
Chichi1999_07.jpg 0x0
rect:492 184 38 134 48
rect:278 190 30 31 64
rect:365 285 56 113 48
rect:119 143 61 130 48
rect:45 148 396 152 63
rect:139 217 30 48 64
rect:819 338 20 15 64
Chichi1999_08.jpg 0x0
rect:78 12 442 442 10
Chichi1999_09.jpg 0x0
rect:178 84 37 75 40
rect:194 58 166 227 48
rect:253 97 69 73 40
rect:294 72 93 67 41
Chichi1999_10.jpg 0x0
rect:136 13 416 528 10
Chichi1999_11.jpg 0x0
rect:191 172 103 99 65
rect:2 99 186 603 10
Chichi1999_12.jpg 0x0
rect:11 24 548 742 66
Chichi1999_13.jpg 0x0
rect:42 40 609 342 10
Chichi1999_14.jpg 0x0
rect:348 264 38 35 39
rect:234 289 25 26 39
rect:77 539 31 31 67
rect:97 556 36 59 67
rect:160 244 77 64 67
rect:258 677 52 51 67
rect:111 291 54 47 67
rect:206 492 33 47 67
rect:179 298 23 43 67
rect:330 534 22 37 39
rect:117 690 21 53 67
rect:202 292 28 49 39
rect:376 564 38 56 67
rect:83 319 62 58 67
rect:244 242 31 58 67
rect:170 256 30 51 67
rect:108 230 44 62 67
Chichi1999_15.jpg 0x0
rect:236 30 311 434 41
Chichi1999_16.jpg 0x0
rect:222 148 74 124 32
Chichi1999_17.jpg 0x0
rect:140 320 25 53 32
Chichi1999_18.jpg 0x0
rect:330 187 40 97 69
rect:229 278 38 90 70
rect:299 281 31 124 69
rect:112 224 24 100 69
rect:201 266 39 97 69
rect:117 202 185 387 68
Chichi1999_19.jpg 0x0
rect:205 117 127 214 3
rect:211 20 332 378 2
YogyakartaInd2006_03.jpg 0x0
rect:213 185 26 7 16
rect:181 153 82 37 15
rect:214 424 189 26 15
rect:231 26 98 2 15
rect:269 437 64 20 16
rect:206 258 275 128 71
rect:345 64 105 28 16
rect:376 65 112 61 15
Chichi1999_20.jpg 0x0
rect:200 231 111 294 42
rect:243 350 69 161 41
Chichi1999_21.jpg 0x0
rect:268 387 84 124 6
rect:75 488 213 101 5
rect:162 365 138 175 37
rect:329 7 99 104 57
rect:482 42 175 170 37
rect:178 128 230 306 72
rect:19 3 158 118 30
rect:302 83 188 127 6
Chichi1999_22.jpg 0x0
rect:290 165 334 206 10
rect:288 221 15 18 73
rect:198 290 16 26 73
rect:530 228 20 16 73
Chichi1999_23.jpg 0x0
rect:215 270 28 62 34
rect:145 421 51 76 34
rect:237 331 79 132 73
rect:4 58 650 128 74
rect:133 206 45 59 73
rect:295 233 36 27 26
rect:125 417 43 86 73
rect:159 221 28 21 34
rect:270 223 52 59 73
rect:272 147 32 22 27
Chichi1999_24.jpg 0x0
rect:218 353 93 40 34
rect:3 273 309 186 74
rect:264 141 29 75 46
rect:150 218 166 102 75
rect:239 311 1 2 46
Chichi1999_25.jpg 0x0
rect:159 178 181 340 73
rect:218 347 55 85 26
rect:211 168 150 290 34
Chichi1999_26.jpg 0x0
rect:121 462 98 132 27
rect:156 524 76 67 26
rect:236 141 66 110 73
rect:152 655 92 166 73
rect:296 13 54 22 73
rect:249 282 131 482 76
Chichi1999_27.jpg 0x0
rect:138 298 86 404 32
Chichi1999_28.jpg 0x0
rect:20 54 259 125 6
rect:117 132 182 243 5
rect:345 159 138 290 75
rect:212 340 276 141 77
Chichi1999_29.jpg 0x0
rect:255 189 141 123 40
rect:240 297 68 150 52
rect:147 178 169 359 48
Chichi1999_30.jpg 0x0
rect:161 203 202 50 78
rect:30 235 83 113 73
rect:246 145 223 289 40
rect:222 118 135 90 52
Chichi1999_31.jpg 0x0
rect:515 92 36 147 48
rect:207 73 87 248 79
Chichi1999_32.jpg 0x0
rect:125 6 114 434 80
rect:538 115 44 214 39
rect:138 194 31 173 81
rect:192 79 41 130 81
Chichi1999_33.jpg 0x0
rect:100 196 36 134 49
rect:308 80 85 214 32
rect:254 120 106 313 56
rect:360 117 31 97 49
rect:99 85 98 594 33
rect:154 147 66 248 32
Chichi1999_34.jpg 0x0
rect:160 109 373 477 10
Duzce1999_01.jpg 0x0
rect:180 66 104 392 39
rect:106 139 128 109 41
Duzce1999_02.jpg 0x0
rect:81 44 106 539 41
Duzce1999_03.jpg 0x0
rect:0 149 114 285 31
rect:259 97 109 338 31
rect:82 114 120 250 42
Gediz1970_01.jpg 0x0
rect:146 385 87 312 69
rect:126 85 219 631 68
rect:281 408 98 176 69
Guatemala1976_01.jpg 0x0
rect:529 159 71 81 41
rect:339 99 128 169 48
rect:78 242 84 45 52
rect:58 160 51 48 41
rect:25 116 503 173 82
rect:53 197 82 121 48
Guatemala1976_02.jpg 0x0
rect:208 96 336 225 48
rect:229 65 76 109 40
Guatemala1976_03.jpg 0x0
rect:21 102 731 246 75
Guatemala1976_04.jpg 0x0
rect:161 19 487 88 30
rect:625 201 101 218 4
rect:571 166 169 269 4
rect:39 50 398 214 30
Guatemala1976_05.jpg 0x0
rect:132 167 444 226 40
rect:249 149 357 102 41
rect:191 95 427 335 48
Guatemala1976_06.jpg 0x0
rect:123 98 199 510 39
Guatemala1976_07.jpg 0x0
rect:22 308 80 65 6
rect:304 493 95 66 83
rect:24 189 572 499 10
Guatemala1976_08.jpg 0x0
rect:161 27 514 361 48
rect:133 55 263 276 41
rect:448 56 231 272 40
Guatemala1976_09.jpg 0x0
rect:739 250 56 93 84
rect:100 193 29 21 85
rect:88 240 32 34 84
rect:507 353 49 42 85
rect:242 198 54 78 84
rect:135 233 50 70 85
rect:406 353 68 40 85
rect:199 303 43 32 84
Guatemala1976_10.jpg 0x0
rect:244 160 175 191 87
rect:310 248 48 107 87
rect:214 218 243 331 86
Guatemala1976_11.jpg 0x0
rect:229 298 103 191 34
GujaratIndia2001_01.jpg 0x0
rect:31 411 225 134 4
rect:346 545 43 69 11
rect:63 539 66 30 2
rect:120 313 249 60 2
Haiti2010_01.jpg 0x0
rect:664 175 98 150 4
rect:382 377 179 280 4
rect:243 174 206 247 41
rect:348 318 25 139 40
rect:150 57 106 101 7
Haiti2010_02.jpg 0x0
rect:341 28 201 34 14
rect:55 114 367 152 88
Haiti2010_03.jpg 0x0
rect:266 613 82 85 49
rect:296 672 267 201 89
rect:412 1 69 464 32
rect:238 418 246 177 32
Haiti2010_04.jpg 0x0
rect:233 35 170 358 34
rect:210 404 323 432 41
rect:2 114 213 111 6
Haiti2010_05.jpg 0x0
rect:262 216 316 530 90
rect:339 275 35 73 40
rect:345 302 219 116 52
rect:277 190 36 107 40
Haiti2010_06.jpg 0x0
rect:221 285 236 426 91
rect:187 196 32 39 34
rect:369 184 167 485 33
rect:367 234 48 157 32
rect:584 190 89 81 34
rect:518 204 66 49 6
rect:427 138 545 912 91
ImperialValley1979_01.jpg 0x0
rect:11 280 166 97 32
rect:71 320 79 93 50
rect:544 390 27 17 49
rect:425 247 22 17 49
rect:282 351 61 50 50
rect:14 321 73 82 49
rect:289 256 38 67 32
rect:592 372 36 26 32
rect:278 350 32 31 49
rect:437 345 31 29 32
rect:364 328 29 34 50
ImperialValley1979_02.jpg 0x0
rect:265 142 104 155 50
rect:145 188 283 60 92
rect:260 142 37 100 50
rect:211 149 105 50 49
rect:278 82 230 331 32
rect:178 161 68 180 50
ImperialValley1979_03.jpg 0x0
rect:260 287 83 163 50
rect:105 286 89 163 50
rect:138 543 266 41 92
rect:94 275 250 133 32
rect:142 247 147 126 32
rect:300 244 73 144 50
rect:85 390 344 46 92
Izmit1999_01.jpg 0x0
rect:187 96 301 367 34
rect:446 207 64 79 26
rect:224 64 74 203 27
rect:190 187 37 79 27
rect:202 157 42 154 27
Izmit1999_02.jpg 0x0
rect:25 84 833 212 10
Izmit1999_03.jpg 0x0
rect:273 183 47 245 50
rect:182 43 222 270 32
rect:138 35 439 467 93
rect:433 73 31 188 50
rect:302 82 43 266 50
rect:139 210 405 31 92
rect:218 70 76 209 50
rect:488 94 42 350 50
Izmit1999_04.jpg 0x0
rect:388 393 114 72 41
rect:332 432 21 68 40
rect:56 536 44 85 42
rect:377 63 96 86 48
rect:45 504 55 77 34
rect:337 102 97 54 41
rect:519 273 18 85 40
rect:71 459 47 96 41
rect:185 272 120 77 88
rect:88 586 192 89 88
Izmit1999_05.jpg 0x0
rect:112 26 755 496 10
Izmit1999_06.jpg 0x0
rect:272 233 34 148 50
rect:119 162 87 281 50
rect:158 145 168 315 32
rect:107 267 55 227 50
rect:148 301 183 92 49
rect:358 191 64 188 50
Izmit1999_07.jpg 0x0
rect:152 315 48 132 3
rect:428 53 127 60 6
rect:27 108 398 509 2
rect:465 114 92 104 3
rect:192 251 38 142 3
rect:261 206 67 106 3
rect:405 288 67 379 4
Izmit1999_08.jpg 0x0
rect:187 422 67 94 45
rect:664 6 109 88 45
rect:397 84 46 30 52
rect:424 104 64 88 41
rect:189 90 83 61 41
rect:119 21 70 98 34
rect:192 307 190 98 88
Izmit1999_09.jpg 0x0
rect:375 249 121 81 41
rect:384 312 87 120 94
rect:52 269 32 37 41
rect:659 226 59 71 41
rect:273 153 50 32 41
rect:472 249 77 100 94
Izmit1999_10.jpg 0x0
rect:129 455 114 39 78
rect:355 698 95 96 40
rect:320 134 111 172 40
rect:159 177 55 119 40
rect:110 230 347 51 78
rect:206 445 70 61 40
rect:107 277 70 210 40
rect:50 177 97 195 40
rect:207 732 103 21 78
rect:50 249 342 39 78
rect:86 155 303 469 41
Izmit1999_11.jpg 0x0
rect:180 325 82 139 41
rect:293 243 103 172 40
rect:260 237 60 195 40
rect:215 151 139 161 41
rect:156 246 51 177 40
Izmit1999_12.jpg 0x0
rect:138 208 73 66 88
rect:406 104 64 64 45
rect:268 259 118 121 94
rect:370 211 67 103 52
rect:437 132 68 69 7
rect:387 330 61 133 41
rect:532 156 45 50 41
rect:536 159 224 153 91
rect:57 217 62 83 52
rect:105 70 43 23 6
rect:437 80 32 70 41
rect:415 251 33 142 42
rect:12 64 52 24 6
rect:537 32 59 58 34
rect:1 269 37 48 41
rect:36 222 82 76 94
rect:90 394 30 35 40
rect:357 172 52 24 6
Izmit1999_13.jpg 0x0
rect:318 150 76 176 41
rect:246 96 90 92 41
rect:169 292 31 90 41
rect:183 284 81 59 52
rect:114 119 49 38 6
rect:5 89 84 150 42
rect:168 168 81 179 94
rect:245 330 46 118 41
rect:223 70 133 446 48
Izmit1999_14.jpg 0x0
rect:421 125 66 78 35
rect:39 107 117 47 34
rect:292 60 74 70 95
rect:364 264 101 52 34
rect:496 62 92 52 34
rect:337 471 28 23 34
rect:284 456 40 43 34
rect:459 7 186 67 35
rect:351 297 57 33 34
Izmit1999_15.jpg 0x0
rect:167 220 279 281 42
Izmit1999_16.jpg 0x0
rect:136 76 204 141 41
rect:126 68 300 315 39
rect:80 84 434 345 33
rect:173 145 46 110 40
Izmit1999_17.jpg 0x0
rect:139 153 172 222 41
Izmit1999_18.jpg 0x0
rect:164 166 102 206 39
rect:212 150 89 131 41
Izmit1999_19.jpg 0x0
rect:519 169 35 77 50
rect:514 169 26 87 50
rect:284 117 238 170 32
rect:291 87 228 224 96
Kobe1995_01.jpg 0x0
rect:34 105 773 111 63
Kobe1995_02.jpg 0x0
rect:2 70 603 549 68
Kobe1995_03.jpg 0x0
rect:43 57 634 543 10
Kobe1995_04.jpg 0x0
rect:232 328 74 44 41
Kobe1995_05.jpg 0x0
rect:4 128 172 391 40
rect:147 129 273 651 52
rect:39 207 553 96 78
rect:76 752 238 150 78
rect:425 193 215 348 40
Kobe1995_06.jpg 0x0
rect:165 426 211 332 42
rect:49 144 349 326 41
Kobe1995_07.jpg 0x0
rect:301 293 29 26 39
rect:118 245 42 28 39
rect:296 365 33 43 39
rect:448 119 29 44 39
rect:197 206 39 47 39
rect:199 385 42 45 39
rect:353 467 38 40 39
rect:176 167 42 39 39
rect:275 105 43 44 39
rect:247 540 62 34 39
rect:291 388 41 29 39
rect:209 137 35 47 39
rect:258 429 36 42 39
rect:278 122 18 42 39
rect:43 407 48 26 39
rect:185 254 50 40 39
rect:143 251 34 25 39
rect:140 181 42 43 39
rect:231 243 28 46 39
rect:438 304 36 54 39
rect:57 272 41 60 39
rect:360 256 47 43 39
rect:161 406 23 32 39
rect:259 235 42 44 39
rect:526 548 29 37 39
rect:556 336 44 49 39
Kobe1995_08.jpg 0x0
rect:308 64 542 198 97
Kobe1995_09.jpg 0x0
rect:115 716 108 81 88
rect:88 569 91 68 88
rect:138 544 240 66 97
rect:93 674 93 65 88
SanSalvador_1986_01.jpg 0x0
rect:51 3 132 189 68
rect:245 119 111 142 41
SanSalvador_1986_02.jpg 0x0
rect:379 160 28 38 41
rect:210 275 37 34 41
rect:309 207 32 48 41
rect:169 148 32 27 41
rect:389 151 56 31 41
rect:122 378 40 39 41
rect:418 100 20 34 41
rect:590 232 32 35 42
rect:443 292 43 48 41
SikkimIndia2001_01.jpg 0x0
rect:244 124 94 95 34
SikkimIndia2001_02.jpg 0x0
rect:327 216 98 33 16
rect:-15 2 453 83 33
rect:9 117 43 31 54
rect:144 60 197 452 33
rect:359 120 66 33 16
rect:426 108 90 178 33
rect:8 5 275 71 16
rect:423 314 121 23 16
SikkimIndia2001_03.jpg 0x0
rect:234 214 110 187 70
rect:234 93 69 250 69
rect:263 9 169 619 98
SikkimIndia2001_04.jpg 0x0
rect:297 178 94 124 34
rect:257 229 317 77 99
rect:3 27 342 269 99
SumatraInd2009_01.jpg 0x0
rect:241 18 85 226 81
SumatraInd2009_02.jpg 0x0
rect:184 57 186 175 41
WhittierNarrows1987_01.jpg 0x0
rect:18 23 756 262 10
WhittierNarrows1987_02.jpg 0x0
rect:216 275 144 250 41
WhittierNarrows1987_03.jpg 0x0
rect:349 138 153 231 32
WhittierNarrows1987_04.jpg 0x0
rect:156 51 84 280 41
rect:183 16 196 168 100
rect:250 8 216 54 6
YogyakartaInd2006_01.jpg 0x0
rect:212 -23 459 496 29
rect:267 136 277 82 49
rect:312 28 240 260 32
YogyakartaInd2006_02.jpg 0x0
rect:493 73 63 225 70
rect:279 125 47 257 69
rect:402 66 177 567 98
