Anchorage1964_01.jpg 0x0
rect:93 441 232 309 1
rect:122 8 258 163 1
Anchorage1964_02.jpg 0x0
rect:105 240 21 22 6
rect:482 296 28 52 3
rect:219 63 76 70 4
rect:620 253 19 62 3
rect:184 41 310 58 4
rect:237 219 280 85 2
rect:251 274 30 63 3
rect:163 148 80 66 7
rect:296 233 88 67 4
rect:656 46 145 141 8
rect:382 263 26 64 3
rect:53 25 79 16 6
rect:39 172 197 33 5
rect:410 277 11 62 3
rect:303 226 18 37 3
rect:121 231 62 15 6
rect:43 24 124 51 5
rect:231 229 19 76 3
rect:268 224 31 55 3
Anchorage1964_03.jpg 0x0
rect:0 208 779 69 10
rect:2 289 210 85 9
rect:214 116 482 137 9
Anchorage1964_04.jpg 0x0
rect:229 157 21 27 1
rect:160 122 41 16 5
rect:285 32 29 21 5
rect:126 148 32 22 5
rect:289 210 14 28 1
rect:132 45 28 10 5
rect:130 126 31 16 5
rect:249 238 35 14 5
rect:197 209 34 15 5
rect:426 121 39 16 5
rect:304 113 24 22 1
rect:129 258 32 12 5
rect:357 417 7 1 1
rect:336 486 18 21 1
rect:210 228 22 18 8
rect:182 231 17 25 1
rect:352 455 27 15 5
rect:446 81 37 15 5
rect:402 313 24 12 5
rect:144 479 64 17 2
rect:326 374 12 26 1
rect:392 420 35 18 5
rect:366 144 28 17 5
rect:124 343 35 14 5
rect:147 153 20 19 5
rect:405 78 47 19 5
rect:118 30 24 15 5
rect:317 180 25 16 5
rect:261 436 16 27 1
rect:322 242 18 19 1
rect:287 515 26 25 1
rect:204 328 36 17 5
rect:215 387 19 21 1
rect:416 417 32 22 5
rect:354 287 19 27 1
rect:443 131 28 15 5
rect:195 246 20 21 5
rect:177 264 41 22 5
rect:380 366 22 17 5
Anchorage1964_05.jpg 0x0
rect:507 252 51 83 1
rect:427 1 45 55 1
rect:146 121 169 56 6
rect:32 301 30 38 1
rect:235 162 144 63 2
rect:600 280 58 46 1
rect:243 41 71 36 5
rect:34 406 29 61 1
rect:47 285 25 37 1
rect:607 29 34 65 1
rect:407 177 38 63 1
rect:454 431 41 61 8
rect:41 136 16 33 1
rect:65 255 25 43 1
rect:392 76 51 77 1
rect:618 362 37 17 6
rect:118 116 16 52 1
rect:120 28 20 46 1
rect:428 335 41 60 8
rect:427 261 51 26 6
rect:110 224 18 60 1
rect:601 195 61 25 5
rect:194 42 99 51 6
rect:622 133 29 51 1
rect:554 304 39 32 5
rect:85 48 20 43 1
rect:241 142 145 26 5
rect:329 155 22 27 11
rect:487 184 47 30 11
Anchorage1964_06.jpg 0x0
rect:151 313 72 113 11
rect:147 59 166 393 12
rect:157 157 92 365 3
Anchorage1964_07.jpg 0x0
rect:429 170 40 134 13
rect:14 239 218 28 11
rect:8 319 313 27 14
rect:364 126 43 89 3
rect:203 2 75 71 2
rect:490 210 75 72 11
rect:252 159 134 136 11
rect:8 75 607 422 2
rect:266 275 339 246 2
Anchorage1964_08.jpg 0x0
rect:50 327 85 98 1
rect:37 53 128 87 1
rect:327 367 83 121 1
rect:42 675 128 136 1
rect:341 287 126 102 1
rect:363 42 122 134 1
Anchorage1964_09.jpg 0x0
rect:106 230 80 66 8
rect:449 23 97 48 8
rect:167 174 253 12 15
rect:480 317 64 81 8
rect:14 15 53 14 16
rect:450 195 74 49 1
rect:911 198 1 1 16
rect:256 142 85 59 1
rect:130 55 82 90 8
rect:601 176 92 78 1
rect:511 155 107 27 15
rect:547 9 117 12 16
rect:319 8 355 14 15
rect:493 140 142 17 15
rect:16 172 21 8 16
rect:11 15 534 16 15
rect:63 137 48 12 16
rect:15 124 118 20 15
rect:93 185 72 93 1
Anchorage1964_10.jpg 0x0
rect:90 254 286 255 1
rect:193 228 77 110 17
rect:89 313 380 163 18
rect:158 218 215 95 18
Anchorage1964_11.jpg 0x0
rect:103 366 671 20 14
rect:100 142 486 62 2
rect:502 112 131 124 1
rect:541 8 120 38 1
rect:109 49 116 105 4
rect:210 216 310 44 11
rect:84 623 787 11 14
rect:284 174 452 22 15
Anchorage1964_12.jpg 0x0
rect:370 111 40 208 3
rect:323 86 37 185 3
rect:12 72 611 240 2
rect:386 78 171 168 11
rect:158 166 22 71 3
Anchorage1964_13.jpg 0x0
rect:487 378 87 11 19
rect:288 594 192 31 2
rect:389 321 29 202 20
Anchorage1964_14.jpg 0x0
rect:524 6 92 106 11
rect:200 245 73 93 21
rect:8 725 234 107 11
rect:56 461 61 82 22
rect:21 709 27 60 22
rect:252 9 65 219 11
rect:78 466 50 65 22
rect:185 477 39 58 22
rect:383 180 118 50 15
rect:75 224 111 26 15
rect:199 17 99 715 20
rect:332 723 182 85 23
Anchorage1964_15.jpg 0x0
rect:256 206 164 49 11
rect:269 148 55 90 25
rect:134 58 79 540 20
rect:201 387 239 64 2
rect:354 277 76 36 24
rect:497 10 121 65 4
rect:279 10 90 67 4
rect:278 281 116 34 15
rect:273 168 38 60 11
Anchorage1964_16.jpg 0x0
rect:17 375 82 68 2
rect:172 81 348 124 2
rect:108 409 94 140 11
rect:543 152 147 162 2
rect:11 148 174 148 2
rect:239 159 293 161 11
Anchorage1964_17.jpg 0x0
rect:8 188 717 158 10
rect:12 133 280 159 9
rect:299 55 250 279 9
Anchorage1964_18.jpg 0x0
rect:100 360 70 32 11
rect:345 348 103 26 2
rect:350 215 40 44 11
rect:821 305 45 13 2
rect:693 145 126 70 4
rect:192 181 64 132 4
rect:285 263 309 21 15
rect:375 234 33 24 2
rect:114 268 17 41 11
rect:429 207 110 64 4
Anchorage1964_19.jpg 0x0
rect:768 168 6 7 26
rect:425 121 28 49 29
rect:422 194 8 18 26
rect:357 109 36 33 27
rect:369 119 34 72 29
rect:406 123 15 29 26
rect:495 246 16 30 26
rect:819 211 9 12 26
rect:22 255 28 119 27
rect:354 91 90 102 29
rect:7 259 85 116 26
rect:267 87 32 32 26
rect:289 248 55 56 26
rect:467 127 8 19 26
rect:497 246 15 32 26
rect:472 277 30 43 28
rect:513 131 40 45 28
rect:390 128 62 46 26
Anchorage1964_20.jpg 0x0
rect:277 83 76 48 27
rect:220 84 115 72 26
rect:158 497 53 146 26
rect:609 553 39 58 26
rect:229 72 171 157 29
Anchorage1964_21.jpg 0x0
rect:41 248 34 31 26
rect:136 134 491 132 30
rect:-6 68 108 162 29
rect:2 75 40 37 26
Bingol2003_01.jpg 0x0
rect:757 445 70 56 33
rect:449 120 122 103 6
rect:645 358 95 33 33
rect:699 376 71 48 6
rect:28 216 71 55 33
rect:522 339 43 62 34
rect:823 169 86 55 33
rect:115 181 68 68 33
rect:422 117 209 179 31
rect:543 207 57 104 34
rect:703 383 201 81 6
rect:638 388 139 182 31
rect:331 207 70 59 33
rect:426 350 74 91 6
rect:430 408 60 225 32
rect:246 115 60 33 6
rect:361 300 37 61 6
rect:2 296 625 194 10
rect:511 89 65 76 6
Bingol2003_02.jpg 0x0
rect:150 68 362 161 34
rect:639 444 113 107 26
rect:342 340 90 74 6
rect:573 231 492 159 35
rect:149 345 69 253 32
rect:97 442 170 253 32
rect:224 201 852 643 31
rect:617 53 118 89 36
Bingol2003_03.jpg 0x0
rect:124 48 108 138 33
rect:972 460 185 274 2
rect:413 192 487 224 2
rect:109 20 139 38 2
rect:547 223 273 604 4
rect:403 276 221 86 11
rect:827 -8 307 254 4
Bingol2003_04.jpg 0x0
rect:308 221 117 222 4
rect:57 710 25 93 3
rect:196 483 263 233 2
rect:52 797 84 110 2
rect:273 489 27 130 3
rect:159 467 24 95 3
rect:133 681 31 97 3
rect:336 567 99 84 2
CanterburyNZSeries2010_01.jpg 0x0
rect:77 111 132 235 12
CanterburyNZSeries2010_02.jpg 0x0
rect:54 38 126 152 6
rect:42 9 147 203 37
CanterburyNZSeries2010_03.jpg 0x0
rect:46 69 298 165 38
CanterburyNZSeries2010_04.jpg 0x0
rect:277 418 43 158 40
rect:233 309 70 192 41
rect:422 329 15 64 40
rect:299 426 28 57 40
rect:309 313 34 205 40
rect:202 9 119 166 42
rect:373 532 30 46 40
rect:174 218 276 250 39
CanterburyNZSeries2010_05.jpg 0x0
rect:390 344 265 360 4
rect:297 230 104 114 15
CanterburyNZSeries2010_06.jpg 0x0
rect:275 260 308 96 2
rect:85 83 974 669 4
CanterburyNZSeries2010_08.jpg 0x0
rect:563 627 28 160 32
rect:585 118 175 181 43
rect:570 382 100 123 44
rect:1061 608 74 146 44
CanterburyNZSeries2010_09.jpg 0x0
rect:213 274 213 265 39
rect:242 135 133 260 45
CanterburyNZSeries2010_10.jpg 0x0
rect:214 366 226 73 46
rect:177 250 374 183 6
rect:342 171 348 103 7
rect:301 333 321 147 6
CanterburyNZSeries2010_11.jpg 0x0
rect:246 403 349 213 5
rect:346 263 340 101 7
CanterburyNZSeries2010_12.jpg 0x0
rect:165 477 185 58 11
rect:63 352 889 280 2
rect:5 254 1094 392 47
rect:594 412 168 87 11
CanterburyNZSeries2010_13.jpg 0x0
rect:137 14 415 687 12
rect:564 168 119 440 11
Caracas1967_01.jpg 0x0
rect:295 200 39 101 48
rect:308 76 147 293 48
rect:362 191 56 98 48
rect:343 132 10 63 48
Caracas1967_02.jpg 0x0
rect:140 156 199 287 51
rect:141 468 38 43 49
rect:172 278 37 30 50
rect:241 1 85 175 15
Caracas1967_03.jpg 0x0
rect:261 338 51 78 26
rect:320 413 42 64 27
rect:267 59 96 100 14
rect:253 342 109 162 34
rect:435 464 28 83 27
rect:13 487 246 91 6
Caracas1967_04.jpg 0x0
rect:144 411 65 88 26
rect:139 228 195 177 34
rect:129 283 25 93 27
Caracas1967_05.jpg 0x0
rect:24 69 326 719 48
rect:70 320 293 225 52
rect:331 301 117 112 52
rect:102 447 59 248 40
rect:46 150 293 502 41
rect:252 234 41 127 40
rect:228 401 71 237 40
rect:216 273 53 252 40
rect:54 409 74 226 40
rect:303 164 38 284 40
Caracas1967_06.jpg 0x0
rect:327 272 72 57 6
rect:447 106 246 190 7
Caracas1967_07.jpg 0x0
rect:510 243 169 203 34
rect:437 321 101 55 53
rect:279 9 83 310 34
rect:271 123 32 224 27
rect:388 40 28 223 27
rect:178 153 199 214 34
rect:593 359 110 89 53
Caracas1967_08.jpg 0x0
rect:499 207 70 147 54
rect:271 332 84 94 54
rect:262 305 86 114 55
Caracas1967_09.jpg 0x0
rect:171 147 121 64 48
rect:28 173 55 72 48
rect:71 153 78 51 48
rect:465 10 162 197 48
Caracas1967_10.jpg 0x0
rect:22 140 497 494 48
rect:386 266 92 243 40
rect:43 254 305 433 41
rect:278 183 65 133 40
Caracas1967_11.jpg 0x0
rect:312 14 221 222 41
rect:55 301 244 621 41
rect:52 15 290 502 48
Caracas1967_12.jpg 0x0
rect:570 310 30 32 34
rect:266 315 30 52 56
rect:784 336 27 34 32
rect:508 414 22 55 32
Caracas1967_13.jpg 0x0
rect:198 485 110 221 55
Caracas1967_14.jpg 0x0
rect:169 340 219 52 6
rect:162 118 741 168 57
Chichi1999_01.jpg 0x0
rect:270 124 64 176 42
rect:4 7 897 115 58
Chichi1999_02.jpg 0x0
rect:432 75 263 509 59
rect:7 116 474 150 58
Chichi1999_03.jpg 0x0
rect:86 117 80 84 60
rect:0 185 769 213 58
Chichi1999_04.jpg 0x0
rect:220 239 58 306 48
rect:215 194 27 46 52
rect:166 -13 66 130 48
Chichi1999_05.jpg 0x0
rect:410 246 45 82 52
rect:278 168 39 54 41
rect:268 148 77 166 48
rect:468 197 24 39 41
Chichi1999_06.jpg 0x0
rect:419 142 58 53 62
rect:112 15 465 166 10
rect:510 -9 64 94 61
rect:743 129 34 60 41
rect:425 201 44 114 48
rect:478 296 21 23 52
Chichi1999_07.jpg 0x0
rect:465 199 24 34 64
rect:445 225 34 103 48
rect:124 138 55 134 48
rect:135 164 20 36 64
rect:44 204 500 175 63
rect:794 319 15 23 64
rect:382 183 55 130 48
Chichi1999_08.jpg 0x0
rect:116 13 592 331 10
Chichi1999_09.jpg 0x0
rect:199 69 49 66 40
rect:192 71 140 143 48
rect:296 131 138 112 41
rect:287 80 31 96 40
Chichi1999_10.jpg 0x0
rect:157 18 730 549 10
Chichi1999_11.jpg 0x0
rect:2 113 204 579 10
rect:144 206 104 130 65
Chichi1999_12.jpg 0x0
rect:13 28 396 803 66
Chichi1999_13.jpg 0x0
rect:33 48 535 324 10
Chichi1999_14.jpg 0x0
rect:207 419 25 45 67
rect:124 461 35 30 67
rect:240 375 29 62 67
rect:266 285 21 56 67
rect:282 477 27 18 39
rect:278 364 86 55 67
rect:206 471 25 38 39
rect:100 421 31 31 67
rect:243 362 33 28 39
rect:411 533 30 69 67
rect:162 221 110 41 67
rect:61 537 55 38 67
rect:357 394 46 55 39
rect:157 181 48 46 67
rect:109 363 80 44 67
rect:202 382 23 65 67
rect:122 378 56 57 67
Chichi1999_15.jpg 0x0
rect:210 35 216 395 41
Chichi1999_16.jpg 0x0
rect:199 106 74 135 32
Chichi1999_17.jpg 0x0
rect:92 435 25 53 32
Chichi1999_18.jpg 0x0
rect:198 342 37 126 70
rect:165 241 163 397 68
rect:259 230 22 169 69
rect:172 274 39 113 69
rect:202 225 39 138 69
rect:145 251 25 110 69
Chichi1999_19.jpg 0x0
rect:298 122 171 291 3
rect:163 25 302 444 2
YogyakartaInd2006_03.jpg 0x0
rect:214 158 62 33 15
rect:180 27 112 2 15
rect:240 164 26 8 16
rect:239 263 344 172 71
rect:230 467 44 25 16
rect:281 432 207 38 15
rect:312 98 110 41 16
rect:465 74 170 43 15
Chichi1999_20.jpg 0x0
rect:265 476 59 177 41
rect:145 251 123 274 42
Chichi1999_21.jpg 0x0
rect:472 29 247 250 37
rect:146 300 232 164 37
rect:409 9 117 89 57
rect:18 4 184 163 30
rect:225 371 64 152 6
rect:93 324 178 109 5
rect:293 144 127 110 6
rect:164 137 294 307 72
Chichi1999_22.jpg 0x0
rect:511 285 17 22 73
rect:202 185 230 161 10
rect:317 235 13 19 73
rect:208 212 16 16 73
Chichi1999_23.jpg 0x0
rect:222 285 77 91 73
rect:274 202 27 31 26
rect:296 175 31 18 27
rect:345 128 57 71 73
rect:257 254 39 89 34
rect:112 190 25 29 34
rect:126 156 70 36 73
rect:4 86 396 204 74
rect:144 434 44 108 34
rect:145 250 68 79 73
Chichi1999_24.jpg 0x0
rect:3 407 212 145 74
rect:180 145 120 86 75
rect:251 240 1 2 46
rect:172 351 94 41 34
rect:159 133 57 48 46
Chichi1999_25.jpg 0x0
rect:202 169 173 315 73
rect:139 279 55 56 26
rect:134 242 89 281 34
Chichi1999_26.jpg 0x0
rect:86 398 97 174 73
rect:97 387 136 134 27
rect:183 21 49 36 73
rect:197 685 105 73 26
rect:280 215 44 80 73
rect:204 204 117 331 76
Chichi1999_27.jpg 0x0
rect:221 238 105 278 32
Chichi1999_28.jpg 0x0
rect:224 339 162 106 77
rect:146 89 174 277 5
rect:14 70 326 90 6
rect:347 150 156 274 75
Chichi1999_29.jpg 0x0
rect:278 159 123 198 40
rect:178 196 176 365 48
rect:165 315 68 123 52
Chichi1999_30.jpg 0x0
rect:264 113 165 60 52
rect:204 144 239 226 40
rect:233 221 212 50 78
rect:26 254 131 141 73
Chichi1999_31.jpg 0x0
rect:176 117 98 334 79
rect:697 83 36 136 48
Chichi1999_32.jpg 0x0
rect:143 8 70 360 80
rect:606 193 42 151 39
rect:158 162 25 143 81
rect:160 52 35 160 81
Chichi1999_33.jpg 0x0
rect:86 68 142 465 33
rect:384 182 30 88 49
rect:287 102 126 323 56
rect:92 199 40 97 49
rect:165 139 98 255 32
rect:328 68 126 206 32
Chichi1999_34.jpg 0x0
rect:88 113 429 464 10
Duzce1999_01.jpg 0x0
rect:101 168 94 124 41
rect:131 54 89 325 39
Duzce1999_02.jpg 0x0
rect:84 69 156 293 41
Duzce1999_03.jpg 0x0
rect:137 122 116 307 42
rect:0 122 77 268 31
rect:180 162 110 269 31
Gediz1970_01.jpg 0x0
rect:118 221 102 202 69
rect:202 389 61 141 69
rect:100 80 202 479 68
Guatemala1976_01.jpg 0x0
rect:50 123 109 158 48
rect:46 145 77 44 52
rect:19 166 806 149 82
rect:513 159 124 129 48
rect:544 177 80 95 41
rect:66 130 36 32 41
Guatemala1976_02.jpg 0x0
rect:228 52 86 121 40
rect:204 96 276 308 48
Guatemala1976_03.jpg 0x0
rect:17 110 808 365 75
Guatemala1976_04.jpg 0x0
rect:720 176 96 275 4
rect:462 317 86 176 4
rect:53 90 407 193 30
rect:100 24 460 64 30
Guatemala1976_05.jpg 0x0
rect:200 103 494 419 48
rect:153 131 311 190 40
rect:203 147 288 158 41
Guatemala1976_06.jpg 0x0
rect:95 75 191 515 39
Guatemala1976_07.jpg 0x0
rect:20 243 529 370 10
rect:236 477 152 105 83
rect:17 328 57 59 6
Guatemala1976_08.jpg 0x0
rect:242 62 205 352 40
rect:179 41 284 382 41
rect:138 32 274 551 48
Guatemala1976_09.jpg 0x0
rect:128 219 27 23 84
rect:815 236 52 87 84
rect:335 266 80 24 85
rect:111 270 31 26 84
rect:82 212 31 28 85
rect:209 291 43 41 85
rect:306 350 42 54 84
rect:696 214 73 39 85
Guatemala1976_10.jpg 0x0
rect:244 128 250 219 86
rect:417 462 50 102 87
rect:184 149 176 185 87
Guatemala1976_11.jpg 0x0
rect:177 250 156 236 34
GujaratIndia2001_01.jpg 0x0
rect:229 467 156 87 2
rect:32 278 209 130 4
rect:94 571 68 28 2
rect:267 391 68 38 11
Haiti2010_01.jpg 0x0
rect:490 340 109 132 4
rect:414 449 237 166 4
rect:216 227 27 167 40
rect:372 168 130 409 41
rect:134 37 144 131 7
Haiti2010_02.jpg 0x0
rect:275 37 226 41 14
rect:56 71 525 173 88
Haiti2010_03.jpg 0x0
rect:277 1 48 458 32
rect:189 687 251 268 89
rect:270 432 153 235 32
rect:237 629 76 46 49
Haiti2010_04.jpg 0x0
rect:159 38 274 300 34
rect:211 275 264 595 41
rect:2 150 266 119 6
Haiti2010_05.jpg 0x0
rect:247 271 25 67 40
rect:256 225 38 64 40
rect:241 217 231 108 52
rect:267 113 313 427 90
Haiti2010_06.jpg 0x0
rect:468 167 57 121 34
rect:367 218 97 44 6
rect:177 340 362 286 91
rect:435 215 222 422 33
rect:559 121 724 895 91
rect:490 270 78 274 32
rect:263 273 50 60 34
ImperialValley1979_01.jpg 0x0
rect:591 258 24 32 32
rect:384 318 47 73 50
rect:364 307 29 39 50
rect:14 342 58 83 49
rect:449 288 59 44 32
rect:439 384 22 17 49
rect:40 341 66 103 50
rect:391 279 49 28 49
rect:412 281 45 44 32
rect:480 257 27 21 49
rect:11 367 185 92 32
ImperialValley1979_02.jpg 0x0
rect:263 210 88 56 49
rect:146 246 326 58 92
rect:210 69 233 185 32
rect:325 216 35 182 50
rect:367 130 86 207 50
rect:206 127 77 142 50
ImperialValley1979_03.jpg 0x0
rect:200 308 65 114 50
rect:117 525 289 30 92
rect:73 361 303 35 92
rect:117 230 113 196 50
rect:151 221 218 192 32
rect:105 167 170 142 32
rect:391 264 70 238 50
Izmit1999_01.jpg 0x0
rect:290 128 56 134 27
rect:212 122 68 124 27
rect:621 213 64 52 26
rect:265 258 31 107 27
rect:218 91 412 402 34
Izmit1999_02.jpg 0x0
rect:34 101 706 307 10
Izmit1999_03.jpg 0x0
rect:260 117 33 226 50
rect:554 76 30 301 50
rect:354 105 40 242 50
rect:593 60 59 323 50
rect:151 75 62 266 50
rect:282 69 261 301 32
rect:151 42 485 487 93
rect:210 228 374 40 92
Izmit1999_04.jpg 0x0
rect:70 346 58 120 41
rect:356 302 76 108 41
rect:61 535 35 96 42
rect:422 57 99 99 48
rect:287 99 85 89 41
rect:259 274 22 46 40
rect:37 430 77 46 34
rect:139 461 213 122 88
rect:295 326 20 74 40
rect:182 329 122 53 88
Izmit1999_05.jpg 0x0
rect:80 35 586 358 10
Izmit1999_06.jpg 0x0
rect:146 297 128 82 49
rect:175 164 277 450 32
rect:260 229 35 143 50
rect:68 254 70 131 50
rect:322 247 58 103 50
rect:117 213 74 176 50
Izmit1999_07.jpg 0x0
rect:478 125 71 80 3
rect:363 322 100 474 4
rect:17 102 295 609 2
rect:285 60 138 52 6
rect:195 401 36 119 3
rect:215 221 51 130 3
rect:264 226 48 144 3
Izmit1999_08.jpg 0x0
rect:191 227 266 150 88
rect:398 6 108 87 45
rect:181 293 70 83 45
rect:121 20 73 134 34
rect:405 64 58 30 52
rect:176 101 84 101 41
rect:483 69 78 101 41
Izmit1999_09.jpg 0x0
rect:445 312 84 98 94
rect:217 238 41 24 41
rect:340 267 118 64 41
rect:738 319 63 77 41
rect:63 139 42 39 41
rect:652 286 50 60 94
Izmit1999_10.jpg 0x0
rect:227 418 93 35 78
rect:202 157 126 140 40
rect:32 222 324 58 78
rect:56 194 96 168 40
rect:301 118 44 117 40
rect:387 646 97 112 40
rect:176 447 121 40 78
rect:95 329 265 82 78
rect:82 98 421 354 41
rect:130 166 58 229 40
rect:214 349 59 98 40
Izmit1999_11.jpg 0x0
rect:266 209 66 199 40
rect:215 173 77 133 40
rect:158 228 90 125 41
rect:166 326 79 111 40
rect:182 598 88 89 41
Izmit1999_12.jpg 0x0
rect:562 81 55 103 41
rect:570 148 209 270 91
rect:408 119 51 81 45
rect:263 268 78 153 41
rect:112 227 76 53 88
rect:43 193 66 90 94
rect:416 21 64 46 34
rect:103 78 29 20 6
rect:1 292 34 46 41
rect:107 395 29 33 40
rect:350 165 84 69 7
rect:367 183 65 57 41
rect:17 89 54 19 6
rect:384 127 44 126 42
rect:293 345 59 112 52
rect:52 298 79 48 52
rect:291 344 111 133 94
rect:272 219 53 23 6
Izmit1999_13.jpg 0x0
rect:441 135 113 279 41
rect:261 188 31 91 41
rect:104 153 60 34 6
rect:4 73 67 160 42
rect:297 56 251 246 48
rect:359 91 93 119 41
rect:150 308 127 103 94
rect:141 332 34 70 41
rect:148 279 82 62 52
Izmit1999_14.jpg 0x0
rect:417 191 118 60 35
rect:343 328 35 22 34
rect:513 84 92 73 34
rect:309 187 75 40 34
rect:348 47 60 49 95
rect:359 331 84 39 34
rect:39 132 127 53 34
rect:319 6 199 75 35
rect:240 353 35 32 34
Izmit1999_15.jpg 0x0
rect:135 180 191 397 42
Izmit1999_16.jpg 0x0
rect:99 73 364 458 33
rect:190 137 51 103 40
rect:170 134 228 99 41
rect:152 83 335 210 39
Izmit1999_17.jpg 0x0
rect:89 115 191 204 41
Izmit1999_18.jpg 0x0
rect:202 192 110 288 39
rect:172 185 103 177 41
Izmit1999_19.jpg 0x0
rect:539 143 28 118 50
rect:277 76 302 321 96
rect:208 90 206 314 32
rect:340 207 20 88 50
Kobe1995_01.jpg 0x0
rect:22 127 1038 152 63
Kobe1995_02.jpg 0x0
rect:2 45 429 613 68
Kobe1995_03.jpg 0x0
rect:37 72 408 739 10
Kobe1995_04.jpg 0x0
rect:371 316 58 63 41
Kobe1995_05.jpg 0x0
rect:43 189 390 91 78
rect:4 146 103 367 40
rect:386 178 137 463 40
rect:139 162 203 704 52
rect:70 551 238 114 78
Kobe1995_06.jpg 0x0
rect:61 126 329 510 41
rect:175 391 318 358 42
Kobe1995_07.jpg 0x0
rect:46 193 40 54 39
rect:237 216 40 48 39
rect:195 191 29 46 39
rect:381 251 31 38 39
rect:496 156 45 39 39
rect:283 222 31 31 39
rect:331 338 42 29 39
rect:98 270 41 31 39
rect:523 476 31 31 39
rect:242 440 44 48 39
rect:149 97 29 46 39
rect:437 266 32 49 39
rect:207 385 40 49 39
rect:139 345 40 31 39
rect:117 308 44 53 39
rect:396 353 30 30 39
rect:496 151 36 49 39
rect:403 587 41 54 39
rect:343 228 31 43 39
rect:201 128 26 44 39
rect:234 320 31 33 39
rect:53 277 41 30 39
rect:404 177 38 38 39
rect:190 175 38 51 39
rect:151 316 38 33 39
rect:336 220 29 26 39
Kobe1995_08.jpg 0x0
rect:317 76 436 147 97
Kobe1995_09.jpg 0x0
rect:231 512 190 59 97
rect:74 648 64 54 88
rect:68 634 89 108 88
rect:109 568 88 74 88
SanSalvador_1986_01.jpg 0x0
rect:220 137 125 147 41
rect:69 3 91 174 68
SanSalvador_1986_02.jpg 0x0
rect:400 187 43 39 41
rect:386 127 20 28 41
rect:420 179 54 55 42
rect:167 217 19 32 41
rect:187 228 29 30 41
rect:169 378 32 35 41
rect:287 355 36 30 41
rect:473 237 36 32 41
rect:306 261 41 46 41
SikkimIndia2001_01.jpg 0x0
rect:298 155 135 133 34
SikkimIndia2001_02.jpg 0x0
rect:551 126 81 171 33
rect:525 134 82 34 16
rect:9 164 55 56 54
rect:383 188 109 46 16
rect:8 7 341 84 16
rect:-17 2 395 83 33
rect:138 85 201 265 33
rect:359 231 111 17 16
SikkimIndia2001_03.jpg 0x0
rect:301 183 95 132 70
rect:141 9 165 440 98
rect:153 95 62 224 69
SikkimIndia2001_04.jpg 0x0
rect:213 135 146 156 34
rect:3 31 267 207 99
rect:499 133 224 82 99
SumatraInd2009_01.jpg 0x0
rect:228 26 56 350 81
SumatraInd2009_02.jpg 0x0
rect:156 71 244 207 41
WhittierNarrows1987_01.jpg 0x0
rect:15 22 950 308 10
WhittierNarrows1987_02.jpg 0x0
rect:222 273 136 197 41
WhittierNarrows1987_03.jpg 0x0
rect:276 147 181 345 32
WhittierNarrows1987_04.jpg 0x0
rect:217 14 327 155 100
rect:176 49 130 276 41
rect:257 9 333 71 6
YogyakartaInd2006_01.jpg 0x0
rect:296 29 410 354 32
rect:192 -16 529 450 29
rect:248 119 288 60 49
YogyakartaInd2006_02.jpg 0x0
rect:450 88 86 175 70
rect:400 112 52 274 69
rect:390 61 94 392 98
