Anchorage1964_01.jpg 0x0
rect:103 470 283 272 1
rect:66 8 196 232 1
Anchorage1964_02.jpg 0x0
rect:33 206 144 51 5
rect:332 314 25 76 3
rect:157 327 32 80 3
rect:167 199 52 43 7
rect:31 20 110 44 5
rect:54 41 68 17 6
rect:632 349 18 69 3
rect:101 219 26 25 6
rect:517 56 117 94 8
rect:314 25 169 80 4
rect:196 248 428 117 2
rect:146 278 37 13 6
rect:411 231 16 54 3
rect:214 284 26 68 3
rect:384 163 116 72 4
rect:290 89 119 80 4
rect:445 181 21 52 3
rect:333 343 27 76 3
rect:271 310 30 42 3
Anchorage1964_03.jpg 0x0
rect:0 208 581 64 10
rect:2 238 182 86 9
rect:305 114 365 162 9
Anchorage1964_04.jpg 0x0
rect:441 248 27 16 5
rect:148 214 24 20 5
rect:187 234 17 18 1
rect:405 462 36 22 5
rect:172 28 21 15 5
rect:375 262 24 16 5
rect:349 286 21 22 1
rect:270 157 28 20 5
rect:273 119 14 25 1
rect:235 373 24 15 5
rect:168 418 24 18 5
rect:142 564 32 18 5
rect:447 37 28 13 5
rect:231 63 34 12 5
rect:324 301 17 31 1
rect:271 249 17 25 1
rect:179 43 34 18 5
rect:367 455 24 26 1
rect:159 98 39 17 5
rect:171 151 30 25 5
rect:283 358 31 19 5
rect:237 246 13 28 1
rect:223 185 27 18 8
rect:193 436 73 17 2
rect:451 303 30 18 5
rect:325 392 12 28 1
rect:321 156 39 21 5
rect:415 84 29 22 5
rect:418 279 25 17 5
rect:319 338 9 1 1
rect:228 141 10 27 1
rect:281 220 17 29 1
rect:114 480 40 13 5
rect:348 100 38 15 5
rect:205 386 27 14 5
rect:212 83 28 18 5
rect:148 224 27 23 5
rect:118 326 37 13 5
rect:365 360 14 21 1
Anchorage1964_05.jpg 0x0
rect:441 1 35 53 1
rect:436 162 50 77 1
rect:373 349 32 69 8
rect:122 110 92 40 6
rect:61 221 19 29 1
rect:63 153 13 43 1
rect:468 136 32 64 1
rect:615 24 28 51 1
rect:387 235 116 73 2
rect:74 70 20 53 1
rect:834 394 60 17 6
rect:52 272 16 40 1
rect:489 200 42 58 1
rect:93 19 28 32 1
rect:96 268 23 53 1
rect:260 196 38 24 11
rect:296 241 22 16 11
rect:812 318 78 42 5
rect:468 310 58 58 1
rect:724 260 72 25 5
rect:789 306 45 19 6
rect:217 39 99 22 5
rect:459 76 52 64 1
rect:99 281 27 52 1
rect:559 326 55 57 8
rect:184 202 127 23 5
rect:245 39 137 50 6
rect:34 353 23 39 1
rect:97 93 15 53 1
Anchorage1964_06.jpg 0x0
rect:114 72 198 285 12
rect:175 128 68 307 3
rect:221 305 60 61 11
Anchorage1964_07.jpg 0x0
rect:8 81 713 433 2
rect:7 435 493 23 14
rect:292 171 67 83 13
rect:540 211 107 96 11
rect:205 2 132 47 2
rect:16 265 205 23 11
rect:236 144 206 156 11
rect:322 183 461 170 2
rect:327 145 49 145 3
Anchorage1964_08.jpg 0x0
rect:269 40 92 121 1
rect:47 511 101 113 1
rect:285 325 94 126 1
rect:69 374 79 133 1
rect:313 462 89 165 1
rect:52 93 105 128 1
Anchorage1964_09.jpg 0x0
rect:644 190 91 68 8
rect:832 175 1 1 16
rect:235 151 83 84 1
rect:95 43 89 93 8
rect:172 171 264 13 15
rect:14 18 65 16 16
rect:101 182 85 89 1
rect:466 201 63 70 1
rect:613 150 132 24 15
rect:523 35 81 84 8
rect:305 129 129 24 15
rect:48 110 63 12 16
rect:16 142 17 8 16
rect:444 168 83 86 1
rect:12 146 86 18 15
rect:10 17 316 11 15
rect:543 8 106 9 16
rect:132 383 68 53 8
rect:593 6 302 14 15
Anchorage1964_10.jpg 0x0
rect:146 358 115 116 17
rect:169 142 256 68 18
rect:70 175 392 404 1
rect:59 486 309 132 18
Anchorage1964_11.jpg 0x0
rect:606 6 89 27 1
rect:114 49 195 135 4
rect:219 184 211 27 11
rect:67 499 612 21 14
rect:74 415 460 12 14
rect:281 161 317 21 15
rect:113 162 418 104 2
rect:728 95 163 112 1
Anchorage1964_12.jpg 0x0
rect:369 90 39 234 3
rect:431 93 50 206 3
rect:457 84 178 137 11
rect:158 173 23 115 3
rect:12 65 570 285 2
Anchorage1964_13.jpg 0x0
rect:502 464 27 204 20
rect:274 563 240 20 2
rect:482 569 147 14 19
Anchorage1964_14.jpg 0x0
rect:94 246 102 35 15
rect:176 9 95 879 20
rect:46 451 55 54 22
rect:16 600 23 58 22
rect:404 597 193 77 23
rect:133 429 43 48 22
rect:203 14 55 212 11
rect:12 716 255 57 11
rect:210 312 53 71 21
rect:305 6 100 133 11
rect:332 265 192 58 15
rect:156 752 35 73 22
Anchorage1964_15.jpg 0x0
rect:283 184 167 33 15
rect:296 302 104 33 24
rect:242 380 179 77 2
rect:281 9 94 59 4
rect:182 160 28 84 11
rect:340 113 49 67 25
rect:315 10 71 78 4
rect:331 317 170 44 11
rect:174 70 87 499 20
Anchorage1964_16.jpg 0x0
rect:276 120 308 137 2
rect:145 253 248 168 11
rect:95 393 77 107 11
rect:18 131 238 135 2
rect:597 250 157 214 2
rect:15 333 55 102 2
Anchorage1964_17.jpg 0x0
rect:15 98 183 156 9
rect:9 239 729 158 10
rect:236 45 281 163 9
Anchorage1964_18.jpg 0x0
rect:412 119 89 100 4
rect:119 160 73 129 4
rect:370 194 88 80 4
rect:139 223 62 59 11
rect:166 336 20 34 11
rect:483 280 81 21 2
rect:408 323 28 47 11
rect:554 285 28 21 2
rect:551 285 55 15 2
rect:268 285 422 28 15
Anchorage1964_19.jpg 0x0
rect:413 128 54 46 28
rect:495 161 15 35 26
rect:284 66 74 46 26
rect:347 388 55 58 26
rect:570 171 9 16 26
rect:387 107 34 98 29
rect:589 137 17 53 29
rect:314 251 24 34 26
rect:258 130 29 26 27
rect:357 161 21 42 26
rect:37 255 36 89 27
rect:232 97 77 167 29
rect:854 181 9 7 26
rect:6 304 93 107 26
rect:339 110 6 19 26
rect:436 164 40 36 28
rect:454 265 12 20 26
rect:370 84 29 27 26
Anchorage1964_20.jpg 0x0
rect:200 81 67 71 26
rect:245 108 78 38 27
rect:150 61 108 107 29
rect:394 676 36 63 26
rect:295 316 92 141 26
Anchorage1964_21.jpg 0x0
rect:114 168 405 130 30
rect:66 301 37 31 26
rect:-6 75 76 144 29
rect:2 109 34 42 26
Bingol2003_01.jpg 0x0
rect:724 276 111 77 33
rect:429 200 38 47 6
rect:385 218 87 50 33
rect:2 389 828 279 10
rect:541 114 125 259 31
rect:388 428 64 228 32
rect:633 79 70 75 6
rect:547 363 40 61 34
rect:656 144 48 148 34
rect:635 141 73 55 6
rect:520 362 129 209 31
rect:243 70 59 34 6
rect:310 503 84 69 6
rect:804 367 78 73 6
rect:126 243 53 56 33
rect:28 169 78 65 33
rect:1004 319 61 43 33
rect:927 282 94 79 33
rect:568 496 127 72 6
Bingol2003_02.jpg 0x0
rect:162 439 117 282 32
rect:276 382 94 84 6
rect:158 103 320 220 34
rect:533 206 364 130 35
rect:751 52 131 77 36
rect:232 297 541 538 31
rect:656 292 74 79 26
rect:178 338 97 434 32
Bingol2003_03.jpg 0x0
rect:1049 421 233 273 2
rect:371 202 442 130 2
rect:426 142 151 53 11
rect:91 43 99 114 33
rect:689 -7 243 277 4
rect:655 302 212 634 4
rect:106 28 150 37 2
Bingol2003_04.jpg 0x0
rect:64 610 84 102 2
rect:142 531 162 238 2
rect:90 425 19 57 3
rect:234 590 39 108 3
rect:142 537 33 91 3
rect:425 689 142 67 2
rect:344 236 179 227 4
rect:297 505 52 133 3
CanterburyNZSeries2010_01.jpg 0x0
rect:97 136 128 278 12
CanterburyNZSeries2010_02.jpg 0x0
rect:57 34 168 169 6
rect:43 9 199 250 37
CanterburyNZSeries2010_03.jpg 0x0
rect:39 49 241 106 38
CanterburyNZSeries2010_04.jpg 0x0
rect:334 439 49 154 40
rect:249 360 118 287 41
rect:292 289 189 432 39
rect:325 11 131 157 42
rect:252 383 16 68 40
rect:306 347 30 59 40
rect:211 260 21 183 40
rect:287 482 23 75 40
CanterburyNZSeries2010_05.jpg 0x0
rect:328 222 121 144 15
rect:378 445 153 444 4
CanterburyNZSeries2010_06.jpg 0x0
rect:210 306 239 105 2
rect:87 120 698 537 4
CanterburyNZSeries2010_08.jpg 0x0
rect:642 611 57 140 44
rect:920 415 131 141 44
rect:582 128 182 254 43
rect:795 388 39 218 32
CanterburyNZSeries2010_09.jpg 0x0
rect:249 155 161 257 45
rect:249 347 195 499 39
CanterburyNZSeries2010_10.jpg 0x0
rect:241 281 207 57 46
rect:296 520 205 78 6
rect:281 138 279 100 7
rect:202 233 354 179 6
CanterburyNZSeries2010_11.jpg 0x0
rect:400 242 279 229 5
rect:352 179 336 101 7
CanterburyNZSeries2010_12.jpg 0x0
rect:6 359 877 415 47
rect:653 467 223 53 11
rect:35 408 918 297 2
rect:233 419 115 42 11
CanterburyNZSeries2010_13.jpg 0x0
rect:215 17 495 775 12
rect:471 125 126 536 11
Caracas1967_01.jpg 0x0
rect:349 189 36 94 48
rect:397 78 162 249 48
rect:352 160 9 82 48
rect:283 111 93 110 48
Caracas1967_02.jpg 0x0
rect:186 1 108 215 15
rect:154 412 48 76 49
rect:164 143 170 304 51
rect:114 327 54 40 50
Caracas1967_03.jpg 0x0
rect:13 307 187 97 6
rect:276 405 33 76 27
rect:436 347 29 121 27
rect:278 499 48 91 26
rect:353 88 93 110 14
rect:194 351 105 188 34
Caracas1967_04.jpg 0x0
rect:151 276 19 87 27
rect:140 277 166 192 34
rect:177 413 65 149 26
Caracas1967_05.jpg 0x0
rect:173 297 44 209 40
rect:367 204 52 203 40
rect:54 306 248 256 52
rect:55 146 435 545 41
rect:170 384 66 272 40
rect:302 183 144 164 52
rect:223 320 71 176 40
rect:24 124 485 781 48
rect:56 302 84 264 40
rect:346 163 43 253 40
Caracas1967_06.jpg 0x0
rect:394 79 205 237 7
rect:300 357 74 52 6
Caracas1967_07.jpg 0x0
rect:275 117 52 269 27
rect:297 48 22 190 27
rect:280 10 108 286 34
rect:554 435 88 84 53
rect:415 210 119 133 53
rect:387 319 162 312 34
rect:208 159 143 287 34
Caracas1967_08.jpg 0x0
rect:389 247 58 106 54
rect:308 338 62 116 54
rect:222 234 69 101 55
Caracas1967_09.jpg 0x0
rect:21 182 55 67 48
rect:480 12 235 128 48
rect:213 184 97 104 48
rect:103 201 68 70 48
Caracas1967_10.jpg 0x0
rect:295 409 68 235 40
rect:17 122 513 344 48
rect:246 227 74 171 40
rect:30 243 189 321 41
Caracas1967_11.jpg 0x0
rect:40 14 289 989 48
rect:75 200 250 466 41
rect:210 16 146 215 41
Caracas1967_12.jpg 0x0
rect:239 350 30 35 56
rect:850 271 24 54 32
rect:758 376 20 51 32
rect:576 253 34 43 34
Caracas1967_13.jpg 0x0
rect:154 495 152 234 55
Caracas1967_14.jpg 0x0
rect:131 336 286 33 6
rect:152 117 455 206 57
Chichi1999_01.jpg 0x0
rect:391 107 39 172 42
rect:5 7 979 203 58
Chichi1999_02.jpg 0x0
rect:5 124 339 195 58
rect:486 106 230 320 59
Chichi1999_03.jpg 0x0
rect:70 193 45 139 60
rect:0 168 911 164 58
Chichi1999_04.jpg 0x0
rect:214 232 93 419 48
rect:286 331 29 49 52
rect:273 -11 44 125 48
Chichi1999_05.jpg 0x0
rect:275 116 56 54 41
rect:295 342 39 39 41
rect:389 100 87 180 48
rect:376 139 40 95 52
Chichi1999_06.jpg 0x0
rect:150 21 403 199 10
rect:435 -12 78 60 61
rect:277 97 63 48 62
rect:514 132 48 56 41
rect:246 209 35 99 48
rect:260 254 21 21 52
Chichi1999_07.jpg 0x0
rect:445 259 52 139 48
rect:520 173 56 77 48
rect:153 141 62 166 48
rect:64 181 747 179 63
rect:476 240 30 44 64
rect:602 231 19 24 64
rect:215 144 26 58 64
Chichi1999_08.jpg 0x0
rect:102 14 677 497 10
Chichi1999_09.jpg 0x0
rect:248 86 46 59 40
rect:227 134 161 80 41
rect:150 70 225 121 48
rect:169 100 42 69 40
Chichi1999_10.jpg 0x0
rect:183 25 503 472 10
Chichi1999_11.jpg 0x0
rect:2 99 222 531 10
rect:173 263 127 101 65
Chichi1999_12.jpg 0x0
rect:13 25 324 693 66
Chichi1999_13.jpg 0x0
rect:35 34 485 381 10
Chichi1999_14.jpg 0x0
rect:90 285 80 60 67
rect:424 471 37 68 67
rect:347 345 16 19 39
rect:251 198 16 32 67
rect:221 277 30 63 67
rect:132 280 49 69 67
rect:299 514 65 53 67
rect:121 208 80 51 67
rect:157 339 27 43 67
rect:113 259 31 56 67
rect:201 449 25 37 67
rect:235 465 20 27 39
rect:361 382 41 46 39
rect:54 650 49 44 67
rect:277 561 29 38 39
rect:205 674 33 53 67
rect:70 524 35 32 67
Chichi1999_15.jpg 0x0
rect:271 28 297 492 41
Chichi1999_16.jpg 0x0
rect:151 134 71 161 32
Chichi1999_17.jpg 0x0
rect:133 335 30 40 32
Chichi1999_18.jpg 0x0
rect:117 243 167 312 68
rect:183 238 45 121 69
rect:337 228 35 88 70
rect:188 213 43 181 69
rect:139 290 28 133 69
rect:250 307 34 176 69
Chichi1999_19.jpg 0x0
rect:166 21 265 328 2
rect:252 151 209 316 3
YogyakartaInd2006_03.jpg 0x0
rect:292 514 276 22 15
rect:231 107 67 30 15
rect:219 213 20 7 16
rect:213 280 308 133 71
rect:379 64 105 80 15
rect:291 343 61 30 16
rect:304 65 98 43 16
rect:271 32 97 2 15
Chichi1999_20.jpg 0x0
rect:177 474 57 153 41
rect:227 191 88 403 42
Chichi1999_21.jpg 0x0
rect:500 138 207 113 6
rect:99 322 130 76 5
rect:218 122 192 263 72
rect:21 4 270 157 30
rect:230 318 109 134 6
rect:358 46 324 262 37
rect:198 334 211 117 37
rect:397 7 91 114 57
Chichi1999_22.jpg 0x0
rect:293 315 12 22 73
rect:219 212 22 18 73
rect:248 177 364 182 10
rect:317 230 15 22 73
Chichi1999_23.jpg 0x0
rect:296 238 58 46 73
rect:324 129 33 30 26
rect:120 413 62 87 73
rect:234 417 32 78 34
rect:4 77 376 161 74
rect:135 172 67 45 73
rect:381 172 39 31 27
rect:148 342 48 79 34
rect:181 233 18 33 34
rect:307 251 83 120 73
Chichi1999_24.jpg 0x0
rect:3 453 344 254 74
rect:240 305 1 2 46
rect:240 163 43 74 46
rect:242 358 66 66 34
rect:158 204 177 81 75
Chichi1999_25.jpg 0x0
rect:142 274 100 181 34
rect:156 196 168 378 73
rect:183 364 51 74 26
Chichi1999_26.jpg 0x0
rect:221 12 40 28 73
rect:211 238 141 456 76
rect:90 555 133 146 73
rect:106 677 103 135 27
rect:101 743 87 54 26
rect:251 129 52 142 73
Chichi1999_27.jpg 0x0
rect:172 202 65 245 32
Chichi1999_28.jpg 0x0
rect:276 127 211 189 75
rect:16 51 248 158 6
rect:124 106 180 293 5
rect:217 281 256 126 77
Chichi1999_29.jpg 0x0
rect:158 279 90 152 40
rect:181 156 178 284 48
rect:233 174 61 146 52
Chichi1999_30.jpg 0x0
rect:37 217 107 109 73
rect:259 223 232 65 78
rect:152 132 227 74 52
rect:248 110 239 254 40
Chichi1999_31.jpg 0x0
rect:457 141 55 193 48
rect:148 78 99 221 79
Chichi1999_32.jpg 0x0
rect:203 7 125 382 80
rect:495 139 39 211 39
rect:146 237 30 128 81
rect:230 42 47 140 81
Chichi1999_33.jpg 0x0
rect:225 74 83 283 56
rect:382 170 39 132 49
rect:302 104 84 396 32
rect:76 75 168 631 33
rect:117 152 79 277 32
rect:96 207 42 94 49
Chichi1999_34.jpg 0x0
rect:126 110 357 374 10
Duzce1999_01.jpg 0x0
rect:134 77 82 232 39
rect:151 124 130 162 41
Duzce1999_02.jpg 0x0
rect:92 67 125 470 41
Duzce1999_03.jpg 0x0
rect:135 128 135 268 42
rect:0 223 89 211 31
rect:203 156 96 228 31
Gediz1970_01.jpg 0x0
rect:157 373 93 246 69
rect:231 409 88 172 69
rect:113 140 209 378 68
Guatemala1976_01.jpg 0x0
rect:49 147 65 38 52
rect:23 170 799 129 82
rect:564 181 64 60 41
rect:47 158 105 100 48
rect:552 180 132 90 48
rect:73 201 32 32 41
Guatemala1976_02.jpg 0x0
rect:222 89 232 328 48
rect:204 51 90 103 40
Guatemala1976_03.jpg 0x0
rect:15 105 589 434 75
Guatemala1976_04.jpg 0x0
rect:499 187 166 410 4
rect:50 62 365 249 30
rect:143 32 458 84 30
rect:420 300 108 291 4
Guatemala1976_05.jpg 0x0
rect:234 180 391 135 41
rect:198 131 262 174 40
rect:179 107 450 291 48
Guatemala1976_06.jpg 0x0
rect:141 138 229 335 39
Guatemala1976_07.jpg 0x0
rect:20 278 68 67 6
rect:239 563 142 103 83
rect:31 305 575 427 10
Guatemala1976_08.jpg 0x0
rect:212 45 386 378 41
rect:289 55 234 369 40
rect:114 36 496 445 48
Guatemala1976_09.jpg 0x0
rect:268 258 85 32 85
rect:215 336 43 34 84
rect:82 347 27 28 84
rect:188 184 56 50 85
rect:833 318 38 47 84
rect:110 292 29 19 85
rect:398 244 40 50 84
rect:838 302 69 65 85
Guatemala1976_10.jpg 0x0
rect:217 159 236 125 87
rect:288 160 224 247 86
rect:366 486 40 133 87
Guatemala1976_11.jpg 0x0
rect:216 298 107 207 34
GujaratIndia2001_01.jpg 0x0
rect:34 408 222 133 4
rect:95 564 58 24 2
rect:307 576 74 62 11
rect:164 541 211 82 2
Haiti2010_01.jpg 0x0
rect:576 592 147 272 4
rect:353 143 130 237 41
rect:214 285 35 98 40
rect:116 39 148 134 7
rect:662 345 97 87 4
Haiti2010_02.jpg 0x0
rect:47 99 583 189 88
rect:315 40 134 66 14
Haiti2010_03.jpg 0x0
rect:302 601 247 228 89
rect:302 1 58 702 32
rect:200 436 73 45 49
rect:202 388 257 197 32
Haiti2010_04.jpg 0x0
rect:2 175 233 188 6
rect:151 213 251 494 41
rect:218 44 228 343 34
Haiti2010_05.jpg 0x0
rect:194 170 254 403 90
rect:319 314 32 97 40
rect:459 249 27 89 40
rect:286 242 137 84 52
Haiti2010_06.jpg 0x0
rect:450 268 93 304 32
rect:181 286 368 488 91
rect:275 237 42 53 34
rect:640 133 67 68 34
rect:289 156 217 313 33
rect:556 210 81 43 6
rect:366 226 707 521 91
ImperialValley1979_01.jpg 0x0
rect:439 269 33 27 32
rect:13 393 136 128 32
rect:306 273 31 34 50
rect:15 339 78 50 49
rect:246 329 43 46 32
rect:425 408 17 17 49
rect:582 301 34 21 49
rect:361 237 29 18 49
rect:57 260 80 149 50
rect:233 312 49 55 50
rect:400 305 43 42 32
ImperialValley1979_02.jpg 0x0
rect:453 122 63 223 50
rect:185 190 378 81 92
rect:179 117 56 262 50
rect:237 94 156 180 32
rect:263 188 38 164 50
rect:335 248 114 57 49
ImperialValley1979_03.jpg 0x0
rect:126 230 293 253 32
rect:88 268 97 197 50
rect:183 208 181 146 32
rect:380 302 68 163 50
rect:129 412 302 37 92
rect:134 408 273 38 92
rect:257 259 96 187 50
Izmit1999_01.jpg 0x0
rect:173 86 257 380 34
rect:164 109 50 167 27
rect:276 66 65 164 27
rect:553 252 54 81 26
rect:288 172 29 107 27
Izmit1999_02.jpg 0x0
rect:35 96 571 221 10
Izmit1999_03.jpg 0x0
rect:189 31 311 426 93
rect:186 228 365 28 92
rect:287 46 339 355 32
rect:168 97 45 215 50
rect:510 80 41 270 50
rect:567 108 45 361 50
rect:300 104 53 173 50
rect:481 109 34 239 50
Izmit1999_04.jpg 0x0
rect:448 465 23 67 40
rect:132 284 118 70 88
rect:74 448 171 121 88
rect:275 306 67 68 41
rect:69 447 56 123 41
rect:343 75 93 77 48
rect:299 68 77 57 41
rect:57 414 53 72 34
rect:60 352 37 63 42
rect:500 463 26 71 40
Izmit1999_05.jpg 0x0
rect:103 20 720 343 10
Izmit1999_06.jpg 0x0
rect:171 191 195 462 32
rect:269 273 46 184 50
rect:140 222 101 245 50
rect:191 308 184 70 49
rect:238 302 36 180 50
rect:115 214 92 138 50
Izmit1999_07.jpg 0x0
rect:333 66 160 62 6
rect:308 170 27 109 3
rect:26 99 357 616 2
rect:176 283 45 101 3
rect:151 323 39 121 3
rect:459 123 71 78 3
rect:235 239 95 357 4
Izmit1999_08.jpg 0x0
rect:622 81 94 59 41
rect:189 33 86 128 34
rect:373 6 82 75 45
rect:130 126 76 94 41
rect:205 307 243 146 88
rect:156 357 81 94 45
rect:652 112 40 35 52
Izmit1999_09.jpg 0x0
rect:341 149 46 38 41
rect:49 231 34 65 41
rect:793 218 74 100 94
rect:263 213 112 61 41
rect:500 197 48 66 41
rect:430 255 85 114 94
Izmit1999_10.jpg 0x0
rect:64 105 246 513 41
rect:280 509 112 127 40
rect:360 139 167 129 40
rect:84 174 61 151 40
rect:246 712 75 34 78
rect:119 401 323 76 78
rect:127 407 178 31 78
rect:193 195 95 304 40
rect:193 165 61 209 40
rect:38 160 328 48 78
rect:265 385 49 91 40
Izmit1999_11.jpg 0x0
rect:290 271 75 138 40
rect:247 179 126 156 41
rect:291 150 88 112 40
rect:266 597 124 121 41
rect:205 297 53 150 40
Izmit1999_12.jpg 0x0
rect:1 214 22 42 41
rect:378 284 75 106 41
rect:55 221 70 49 52
rect:21 61 58 21 6
rect:262 297 75 121 52
rect:244 154 38 22 6
rect:341 185 33 110 42
rect:488 213 44 54 41
rect:145 263 71 76 88
rect:301 196 79 122 94
rect:353 19 91 41 34
rect:63 265 57 98 94
rect:110 202 26 48 40
rect:515 209 69 63 7
rect:122 96 47 29 6
rect:233 86 56 91 45
rect:340 114 49 99 41
rect:670 189 194 233 91
Izmit1999_13.jpg 0x0
rect:96 172 75 53 6
rect:157 208 124 120 94
rect:237 127 67 102 41
rect:336 119 87 311 41
rect:192 241 64 54 52
rect:5 66 87 120 42
rect:209 284 35 78 41
rect:104 330 33 130 41
rect:267 89 248 456 48
Izmit1999_14.jpg 0x0
rect:404 212 111 56 35
rect:216 398 56 36 34
rect:352 410 43 25 34
rect:470 237 76 44 34
rect:378 54 50 53 95
rect:498 227 45 44 34
rect:576 100 87 99 34
rect:51 172 80 53 34
rect:385 7 120 55 35
Izmit1999_15.jpg 0x0
rect:190 237 207 447 42
Izmit1999_16.jpg 0x0
rect:69 68 352 367 33
rect:92 70 246 393 39
rect:118 125 156 190 41
rect:231 80 45 83 40
Izmit1999_17.jpg 0x0
rect:127 128 195 253 41
Izmit1999_18.jpg 0x0
rect:172 103 104 336 39
rect:182 142 100 130 41
Izmit1999_19.jpg 0x0
rect:244 90 312 300 96
rect:616 118 24 88 50
rect:320 168 206 215 32
rect:392 188 30 52 50
Kobe1995_01.jpg 0x0
rect:18 125 608 158 63
Kobe1995_02.jpg 0x0
rect:2 74 346 521 68
Kobe1995_03.jpg 0x0
rect:38 42 340 705 10
Kobe1995_04.jpg 0x0
rect:354 370 46 38 41
Kobe1995_05.jpg 0x0
rect:238 181 191 307 40
rect:43 321 551 83 78
rect:80 597 241 100 78
rect:4 201 116 446 40
rect:162 176 250 616 52
Kobe1995_06.jpg 0x0
rect:194 436 382 458 42
rect:69 132 398 447 41
Kobe1995_07.jpg 0x0
rect:296 96 23 31 39
rect:94 248 48 33 39
rect:315 132 50 25 39
rect:116 180 39 29 39
rect:216 313 35 35 39
rect:461 230 40 41 39
rect:241 204 46 29 39
rect:531 343 36 35 39
rect:556 394 29 43 39
rect:435 278 25 55 39
rect:325 537 37 34 39
rect:206 402 36 36 39
rect:48 214 41 57 39
rect:161 82 31 46 39
rect:200 231 47 50 39
rect:167 336 21 51 39
rect:211 520 24 38 39
rect:286 503 32 37 39
rect:247 171 38 59 39
rect:47 404 37 27 39
rect:150 273 34 33 39
rect:266 115 44 34 39
rect:422 280 33 33 39
rect:262 184 34 51 39
rect:296 506 34 27 39
rect:414 254 37 38 39
Kobe1995_08.jpg 0x0
rect:202 47 487 210 97
Kobe1995_09.jpg 0x0
rect:139 455 75 84 88
rect:105 533 81 87 88
rect:189 547 205 71 97
rect:74 380 51 81 88
SanSalvador_1986_01.jpg 0x0
rect:280 118 83 139 41
rect:76 3 128 171 68
SanSalvador_1986_02.jpg 0x0
rect:432 112 17 23 41
rect:534 145 34 31 42
rect:346 254 25 35 41
rect:525 346 37 38 41
rect:143 134 19 32 41
rect:407 197 58 39 41
rect:192 271 31 37 41
rect:211 213 36 31 41
rect:658 126 31 44 41
SikkimIndia2001_01.jpg 0x0
rect:215 126 121 126 34
SikkimIndia2001_02.jpg 0x0
rect:-19 2 305 76 33
rect:123 61 148 358 33
rect:10 129 67 45 54
rect:454 111 81 29 16
rect:303 107 80 194 33
rect:332 266 99 20 16
rect:10 5 351 63 16
rect:292 259 74 42 16
SikkimIndia2001_03.jpg 0x0
rect:228 12 166 456 98
rect:141 102 76 208 69
rect:177 214 86 137 70
SikkimIndia2001_04.jpg 0x0
rect:375 206 302 127 99
rect:3 32 257 233 99
rect:183 131 82 176 34
SumatraInd2009_01.jpg 0x0
rect:280 25 73 363 81
SumatraInd2009_02.jpg 0x0
rect:218 93 140 176 41
WhittierNarrows1987_01.jpg 0x0
rect:14 37 646 451 10
WhittierNarrows1987_02.jpg 0x0
rect:170 307 116 257 41
WhittierNarrows1987_03.jpg 0x0
rect:349 95 125 279 32
WhittierNarrows1987_04.jpg 0x0
rect:320 12 182 186 100
rect:277 8 303 74 6
rect:255 69 119 253 41
YogyakartaInd2006_01.jpg 0x0
rect:361 165 382 58 49
rect:210 -27 272 619 29
rect:316 35 370 273 32
YogyakartaInd2006_02.jpg 0x0
rect:254 52 122 423 98
rect:483 86 78 248 70
rect:397 97 37 199 69
