Anchorage1964_01.jpg 0x0
rect:59 372 183 292 1
rect:92 6 240 128 1
Anchorage1964_02.jpg 0x0
rect:329 296 27 42 3
rect:439 242 90 74 4
rect:138 196 84 70 7
rect:72 37 92 12 6
rect:196 66 115 86 4
rect:274 343 20 60 3
rect:257 315 18 75 3
rect:441 305 14 68 3
rect:45 19 167 31 5
rect:377 271 25 65 3
rect:79 159 31 15 6
rect:32 247 167 53 5
rect:116 232 65 12 6
rect:335 217 16 51 3
rect:427 72 154 109 8
rect:434 257 19 51 3
rect:313 230 33 72 3
rect:230 259 264 128 2
rect:237 35 184 85 4
Anchorage1964_03.jpg 0x0
rect:0 287 527 52 10
rect:2 278 179 100 9
rect:241 91 323 140 9
Anchorage1964_04.jpg 0x0
rect:293 347 19 28 1
rect:150 29 25 13 5
rect:229 199 21 26 1
rect:113 557 24 23 5
rect:165 171 27 13 5
rect:115 52 30 17 5
rect:190 288 25 32 1
rect:355 174 31 16 5
rect:183 210 31 15 5
rect:264 118 37 20 5
rect:405 197 22 16 5
rect:183 211 24 11 5
rect:165 307 26 19 5
rect:400 318 23 27 5
rect:298 395 36 18 5
rect:150 462 44 13 5
rect:409 275 23 21 5
rect:204 374 12 22 1
rect:264 261 20 21 8
rect:219 111 27 22 5
rect:367 149 42 25 5
rect:301 359 19 33 1
rect:304 343 26 31 1
rect:202 100 28 16 5
rect:172 480 53 17 2
rect:190 202 12 32 1
rect:121 319 24 16 5
rect:407 502 41 18 5
rect:440 260 35 13 5
rect:160 169 31 19 5
rect:330 248 36 23 5
rect:364 265 7 1 1
rect:396 368 31 18 5
rect:323 91 19 27 1
rect:368 321 20 36 1
rect:246 228 11 27 1
rect:293 55 25 21 5
rect:270 433 20 35 1
rect:421 37 25 24 5
Anchorage1964_05.jpg 0x0
rect:315 346 60 83 8
rect:430 155 36 27 11
rect:486 235 72 31 5
rect:89 294 24 61 1
rect:312 1 33 56 1
rect:236 211 107 67 2
rect:410 27 47 52 1
rect:549 374 42 81 1
rect:146 49 120 45 6
rect:506 239 45 46 1
rect:796 208 46 43 5
rect:268 245 16 24 11
rect:203 132 123 25 5
rect:62 143 17 43 1
rect:71 184 22 52 1
rect:83 111 14 41 1
rect:307 84 30 63 1
rect:46 346 19 43 1
rect:64 300 23 46 1
rect:503 196 53 74 1
rect:227 47 89 40 5
rect:74 19 22 46 1
rect:486 295 53 13 6
rect:81 63 26 44 1
rect:206 132 127 52 6
rect:42 395 18 40 1
rect:707 221 34 20 6
rect:379 106 41 44 1
rect:424 341 58 69 8
Anchorage1964_06.jpg 0x0
rect:121 92 91 303 3
rect:169 288 56 69 11
rect:132 87 187 382 12
Anchorage1964_07.jpg 0x0
rect:305 224 273 239 2
rect:558 146 91 115 11
rect:12 305 220 44 11
rect:267 2 145 85 2
rect:7 393 412 29 14
rect:245 141 132 149 11
rect:9 68 536 550 2
rect:396 147 62 164 3
rect:241 110 69 125 13
Anchorage1964_08.jpg 0x0
rect:233 321 122 111 1
rect:359 33 105 119 1
rect:405 592 130 112 1
rect:63 96 96 137 1
rect:55 247 101 112 1
rect:41 536 136 133 1
Anchorage1964_09.jpg 0x0
rect:109 54 73 96 8
rect:460 116 80 62 1
rect:755 156 1 1 16
rect:443 367 53 62 8
rect:185 147 204 15 15
rect:58 165 45 10 16
rect:439 115 81 29 15
rect:212 145 67 70 1
rect:422 202 85 60 1
rect:87 126 71 80 1
rect:88 250 79 64 8
rect:595 82 150 18 15
rect:733 10 115 10 16
rect:458 9 221 12 15
rect:14 19 75 12 16
rect:16 15 406 13 15
rect:525 31 79 80 8
rect:11 173 17 11 16
rect:14 134 99 23 15
Anchorage1964_10.jpg 0x0
rect:208 251 215 99 18
rect:222 274 90 91 17
rect:65 513 220 112 18
rect:57 139 296 418 1
Anchorage1964_11.jpg 0x0
rect:60 388 586 20 14
rect:124 178 505 60 2
rect:202 181 273 22 15
rect:249 195 288 41 11
rect:69 459 643 10 14
rect:682 150 157 89 1
rect:676 5 77 39 1
rect:100 52 137 83 4
Anchorage1964_12.jpg 0x0
rect:456 90 58 202 3
rect:15 78 742 371 2
rect:405 79 50 153 3
rect:245 227 34 97 3
rect:420 79 121 209 11
Anchorage1964_13.jpg 0x0
rect:498 335 26 184 20
rect:235 619 242 24 2
rect:285 662 126 12 19
Anchorage1964_14.jpg 0x0
rect:215 12 88 841 20
rect:95 418 53 61 22
rect:422 524 125 80 23
rect:80 328 122 34 15
rect:427 286 213 63 15
rect:164 506 44 54 22
rect:58 712 49 56 22
rect:411 6 95 158 11
rect:335 12 67 301 11
rect:11 722 205 88 11
rect:25 606 34 64 22
rect:211 256 58 88 21
Anchorage1964_15.jpg 0x0
rect:337 367 283 51 2
rect:414 308 139 34 11
rect:334 10 93 45 4
rect:369 110 59 120 25
rect:260 307 218 50 15
rect:442 250 116 32 24
rect:279 9 95 72 4
rect:217 78 56 578 20
rect:255 132 30 67 11
Anchorage1964_16.jpg 0x0
rect:177 67 286 102 2
rect:110 327 79 80 11
rect:525 162 124 174 2
rect:12 157 203 221 2
rect:203 261 215 148 11
rect:16 304 63 68 2
Anchorage1964_17.jpg 0x0
rect:10 125 218 137 9
rect:232 54 289 159 9
rect:9 162 765 195 10
Anchorage1964_18.jpg 0x0
rect:586 183 90 103 4
rect:320 302 39 49 11
rect:258 293 420 33 15
rect:733 405 72 14 2
rect:169 218 99 47 11
rect:445 169 73 63 4
rect:160 206 93 141 4
rect:350 380 32 26 2
rect:362 232 98 19 2
rect:131 303 14 45 11
Anchorage1964_19.jpg 0x0
rect:287 88 33 86 29
rect:5 193 79 183 26
rect:242 77 80 107 29
rect:389 114 17 37 26
rect:337 339 53 92 26
rect:422 123 22 43 29
rect:305 92 24 33 27
rect:37 217 41 69 27
rect:640 180 27 30 28
rect:503 131 30 23 26
rect:403 151 55 28 28
rect:450 202 12 40 26
rect:373 218 21 41 26
rect:882 164 8 13 26
rect:382 176 7 18 26
rect:404 217 7 18 26
rect:597 162 9 8 26
rect:202 66 41 33 26
Anchorage1964_20.jpg 0x0
rect:206 68 170 182 29
rect:166 96 65 49 27
rect:218 71 68 50 26
rect:192 361 77 114 26
rect:524 367 42 96 26
Anchorage1964_21.jpg 0x0
rect:-6 75 82 142 29
rect:2 91 47 38 26
rect:133 139 503 205 30
rect:53 355 35 33 26
Bingol2003_01.jpg 0x0
rect:617 294 199 208 31
rect:237 143 89 82 33
rect:599 433 41 56 34
rect:22 307 82 69 33
rect:545 292 81 67 33
rect:388 87 92 81 6
rect:645 116 179 169 31
rect:712 571 61 43 33
rect:401 460 132 83 6
rect:1003 190 104 66 33
rect:546 396 174 89 6
rect:460 150 36 97 34
rect:650 166 88 102 6
rect:380 269 68 173 32
rect:2 291 699 230 10
rect:372 160 47 48 6
rect:301 70 83 25 6
rect:463 290 65 76 6
rect:165 256 77 62 33
Bingol2003_02.jpg 0x0
rect:175 302 84 247 32
rect:249 466 87 68 6
rect:261 195 709 361 31
rect:102 345 183 258 32
rect:782 57 119 80 36
rect:110 103 480 126 34
rect:510 230 529 154 35
rect:522 264 77 87 26
Bingol2003_03.jpg 0x0
rect:523 217 145 88 11
rect:579 532 308 419 2
rect:722 -7 328 148 4
rect:137 46 135 108 33
rect:639 234 181 480 4
rect:116 34 189 43 2
rect:326 233 365 159 2
Bingol2003_04.jpg 0x0
rect:81 653 38 56 3
rect:143 655 25 82 3
rect:97 610 96 58 2
rect:310 533 47 93 3
rect:190 565 238 240 2
rect:388 524 93 74 2
rect:97 576 21 92 3
rect:305 230 148 216 4
CanterburyNZSeries2010_01.jpg 0x0
rect:81 134 150 333 12
CanterburyNZSeries2010_02.jpg 0x0
rect:48 8 162 341 37
rect:39 41 168 207 6
CanterburyNZSeries2010_03.jpg 0x0
rect:53 94 295 180 38
CanterburyNZSeries2010_04.jpg 0x0
rect:256 439 16 55 40
rect:203 384 35 85 40
rect:204 380 33 179 40
rect:324 478 57 172 40
rect:195 7 122 213 42
rect:231 338 186 462 39
rect:248 386 17 48 40
rect:189 430 71 253 41
CanterburyNZSeries2010_05.jpg 0x0
rect:236 212 124 101 15
rect:335 329 203 336 4
CanterburyNZSeries2010_06.jpg 0x0
rect:53 112 813 638 4
rect:269 206 243 109 2
CanterburyNZSeries2010_08.jpg 0x0
rect:988 327 115 122 44
rect:422 106 128 335 43
rect:703 550 35 223 32
rect:814 389 47 135 44
CanterburyNZSeries2010_09.jpg 0x0
rect:331 395 143 328 39
rect:170 127 241 200 45
CanterburyNZSeries2010_10.jpg 0x0
rect:212 460 330 97 6
rect:236 179 421 283 6
rect:327 216 319 104 7
rect:252 406 216 54 46
CanterburyNZSeries2010_11.jpg 0x0
rect:247 234 266 152 7
rect:401 220 395 169 5
CanterburyNZSeries2010_12.jpg 0x0
rect:35 329 790 342 2
rect:5 255 846 276 47
rect:159 663 150 58 11
rect:735 526 144 49 11
CanterburyNZSeries2010_13.jpg 0x0
rect:146 17 484 977 12
rect:402 151 115 601 11
Caracas1967_01.jpg 0x0
rect:428 173 79 114 48
rect:362 235 47 63 48
rect:241 168 12 74 48
rect:463 89 217 227 48
Caracas1967_02.jpg 0x0
rect:174 162 217 212 51
rect:97 417 51 82 49
rect:301 1 122 217 15
rect:94 380 31 40 50
Caracas1967_03.jpg 0x0
rect:297 474 34 59 27
rect:268 259 77 80 26
rect:242 342 37 119 27
rect:15 436 180 81 6
rect:195 247 110 121 34
rect:190 73 81 106 14
Caracas1967_04.jpg 0x0
rect:119 250 21 91 27
rect:166 414 234 191 34
rect:134 344 39 135 26
Caracas1967_05.jpg 0x0
rect:67 353 256 202 52
rect:218 206 60 242 40
rect:55 116 467 465 41
rect:440 247 44 188 40
rect:243 280 113 194 52
rect:23 124 475 417 48
rect:135 422 52 287 40
rect:260 196 38 164 40
rect:52 426 69 178 40
rect:204 267 59 209 40
Caracas1967_06.jpg 0x0
rect:451 110 354 281 7
rect:323 289 55 40 6
Caracas1967_07.jpg 0x0
rect:253 170 57 174 27
rect:203 108 199 161 34
rect:345 8 71 277 34
rect:426 380 128 138 53
rect:504 64 34 263 27
rect:408 274 156 328 34
rect:382 418 103 62 53
Caracas1967_08.jpg 0x0
rect:205 259 64 96 55
rect:246 250 76 75 54
rect:329 147 60 169 54
Caracas1967_09.jpg 0x0
rect:92 163 48 63 48
rect:161 189 114 102 48
rect:33 164 44 70 48
rect:390 13 218 204 48
Caracas1967_10.jpg 0x0
rect:15 150 329 378 48
rect:50 191 341 442 41
rect:245 191 96 206 40
rect:526 348 52 163 40
Caracas1967_11.jpg 0x0
rect:47 14 385 682 48
rect:348 18 151 281 41
rect:67 194 316 424 41
Caracas1967_12.jpg 0x0
rect:606 396 21 65 32
rect:278 260 27 32 56
rect:714 225 18 42 32
rect:361 184 36 44 34
Caracas1967_13.jpg 0x0
rect:181 371 144 294 55
Caracas1967_14.jpg 0x0
rect:98 318 249 41 6
rect:86 156 749 200 57
Chichi1999_01.jpg 0x0
rect:3 9 905 215 58
rect:436 142 46 247 42
Chichi1999_02.jpg 0x0
rect:7 71 287 145 58
rect:329 94 205 334 59
Chichi1999_03.jpg 0x0
rect:100 191 84 91 60
rect:0 118 761 142 58
Chichi1999_04.jpg 0x0
rect:265 183 25 47 52
rect:211 -18 63 165 48
rect:217 247 72 286 48
Chichi1999_05.jpg 0x0
rect:427 163 37 55 52
rect:265 107 81 252 48
rect:424 113 59 46 41
rect:275 322 24 27 41
Chichi1999_06.jpg 0x0
rect:380 165 47 83 62
rect:326 211 51 87 48
rect:714 212 31 51 41
rect:141 20 469 187 10
rect:390 -9 83 53 61
rect:372 190 21 30 52
Chichi1999_07.jpg 0x0
rect:682 209 17 22 64
rect:296 237 26 26 64
rect:607 268 36 116 48
rect:200 139 25 54 64
rect:340 206 35 166 48
rect:58 281 427 144 63
rect:186 160 59 212 48
Chichi1999_08.jpg 0x0
rect:120 13 674 582 10
Chichi1999_09.jpg 0x0
rect:306 102 26 75 40
rect:281 112 109 98 41
rect:251 99 53 102 40
rect:183 72 169 124 48
Chichi1999_10.jpg 0x0
rect:181 22 390 461 10
Chichi1999_11.jpg 0x0
rect:2 106 131 531 10
rect:142 272 122 87 65
Chichi1999_12.jpg 0x0
rect:11 33 549 481 66
Chichi1999_13.jpg 0x0
rect:40 42 923 480 10
Chichi1999_14.jpg 0x0
rect:81 479 71 59 67
rect:389 371 47 38 67
rect:159 405 28 45 67
rect:363 225 47 33 39
rect:202 169 72 50 67
rect:407 437 75 66 67
rect:90 668 42 36 67
rect:203 513 29 38 39
rect:109 251 38 76 67
rect:243 467 30 18 39
rect:246 373 27 58 67
rect:145 631 23 45 67
rect:271 654 20 33 39
rect:131 263 56 77 67
rect:254 249 18 38 67
rect:147 362 32 51 67
rect:89 477 27 32 67
Chichi1999_15.jpg 0x0
rect:183 30 207 548 41
Chichi1999_16.jpg 0x0
rect:210 145 61 174 32
Chichi1999_17.jpg 0x0
rect:100 256 20 38 32
Chichi1999_18.jpg 0x0
rect:171 180 142 475 68
rect:188 162 28 79 69
rect:314 226 55 127 70
rect:297 266 27 149 69
rect:164 214 20 112 69
rect:326 250 36 104 69
Chichi1999_19.jpg 0x0
rect:228 21 247 482 2
rect:297 87 218 290 3
YogyakartaInd2006_03.jpg 0x0
rect:401 71 151 51 15
rect:283 515 171 36 15
rect:253 233 242 172 71
rect:459 82 90 48 16
rect:186 162 17 7 16
rect:411 416 41 26 16
rect:176 27 79 2 15
rect:186 153 52 39 15
Chichi1999_20.jpg 0x0
rect:275 377 42 169 41
rect:213 172 125 430 42
Chichi1999_21.jpg 0x0
rect:349 27 221 235 37
rect:70 268 130 141 5
rect:18 4 191 126 30
rect:231 333 221 191 37
rect:138 129 232 331 72
rect:335 331 102 140 6
rect:430 6 118 148 57
rect:498 107 157 130 6
Chichi1999_22.jpg 0x0
rect:251 256 13 22 73
rect:550 283 13 22 73
rect:209 198 270 204 10
rect:246 226 11 16 73
Chichi1999_23.jpg 0x0
rect:306 299 75 91 73
rect:275 216 48 65 73
rect:141 357 64 77 73
rect:114 218 18 32 34
rect:261 183 22 28 26
rect:4 56 595 220 74
rect:211 417 29 97 34
rect:128 150 72 46 73
rect:96 422 49 97 34
rect:213 132 33 20 27
Chichi1999_24.jpg 0x0
rect:187 115 107 71 75
rect:402 269 1 2 46
rect:225 134 55 63 46
rect:141 233 73 65 34
rect:3 444 266 254 74
Chichi1999_25.jpg 0x0
rect:155 194 154 311 73
rect:211 230 46 68 26
rect:215 317 138 242 34
Chichi1999_26.jpg 0x0
rect:117 677 149 109 27
rect:167 237 136 296 76
rect:267 213 54 120 73
rect:129 667 168 146 73
rect:106 627 92 54 26
rect:248 17 59 38 73
Chichi1999_27.jpg 0x0
rect:129 215 89 364 32
Chichi1999_28.jpg 0x0
rect:223 271 224 148 77
rect:337 113 180 197 75
rect:122 98 174 153 5
rect:21 91 288 100 6
Chichi1999_29.jpg 0x0
rect:96 231 179 366 48
rect:226 243 146 167 40
rect:214 286 93 157 52
Chichi1999_30.jpg 0x0
rect:264 146 226 66 52
rect:37 234 89 169 73
rect:152 99 319 388 40
rect:185 144 180 71 78
Chichi1999_31.jpg 0x0
rect:111 105 153 262 79
rect:708 131 55 163 48
Chichi1999_32.jpg 0x0
rect:227 59 45 204 81
rect:108 7 98 311 80
rect:204 275 36 133 81
rect:445 126 42 157 39
Chichi1999_33.jpg 0x0
rect:282 117 29 139 49
rect:337 94 124 396 32
rect:142 147 80 257 32
rect:92 205 44 130 49
rect:189 90 100 280 56
rect:89 49 174 387 33
Chichi1999_34.jpg 0x0
rect:116 110 379 443 10
Duzce1999_01.jpg 0x0
rect:145 58 121 414 39
rect:108 158 108 146 41
Duzce1999_02.jpg 0x0
rect:77 69 102 493 41
Duzce1999_03.jpg 0x0
rect:0 156 106 171 31
rect:85 129 143 263 42
rect:254 119 109 200 31
Gediz1970_01.jpg 0x0
rect:186 441 85 148 69
rect:93 119 234 585 68
rect:96 419 135 342 69
Guatemala1976_01.jpg 0x0
rect:557 116 181 156 48
rect:371 194 45 60 41
rect:67 268 52 40 52
rect:55 133 114 114 48
rect:53 148 47 59 41
rect:21 122 790 122 82
Guatemala1976_02.jpg 0x0
rect:256 46 98 135 40
rect:194 53 200 343 48
Guatemala1976_03.jpg 0x0
rect:22 65 956 434 75
Guatemala1976_04.jpg 0x0
rect:480 240 92 321 4
rect:40 94 560 180 30
rect:730 153 158 311 4
rect:161 28 483 99 30
Guatemala1976_05.jpg 0x0
rect:143 180 343 127 41
rect:175 56 276 396 48
rect:200 143 288 197 40
Guatemala1976_06.jpg 0x0
rect:88 73 171 436 39
Guatemala1976_07.jpg 0x0
rect:31 199 307 278 10
rect:19 336 78 55 6
rect:244 410 147 107 83
Guatemala1976_08.jpg 0x0
rect:184 32 398 338 48
rect:239 44 336 268 41
rect:349 61 238 381 40
Guatemala1976_09.jpg 0x0
rect:111 310 23 19 84
rect:288 391 72 63 84
rect:591 220 80 54 85
rect:105 353 43 21 85
rect:801 342 51 71 84
rect:137 219 57 62 85
rect:182 352 41 28 84
rect:440 350 92 34 85
Guatemala1976_10.jpg 0x0
rect:211 228 322 297 86
rect:152 118 282 137 87
rect:314 362 32 105 87
Guatemala1976_11.jpg 0x0
rect:215 164 110 291 34
GujaratIndia2001_01.jpg 0x0
rect:158 455 186 113 2
rect:399 441 52 54 11
rect:84 534 86 29 2
rect:23 478 202 223 4
Haiti2010_01.jpg 0x0
rect:346 340 259 223 4
rect:261 218 23 122 40
rect:167 43 153 124 7
rect:689 190 105 133 4
rect:316 154 195 284 41
Haiti2010_02.jpg 0x0
rect:36 111 617 269 88
rect:268 39 172 65 14
Haiti2010_03.jpg 0x0
rect:473 1 61 645 32
rect:204 810 296 269 89
rect:178 429 66 45 49
rect:280 419 184 268 32
Haiti2010_04.jpg 0x0
rect:2 159 288 147 6
rect:121 315 327 572 41
rect:287 45 242 190 34
Haiti2010_05.jpg 0x0
rect:333 279 211 116 52
rect:315 242 37 96 40
rect:255 262 32 70 40
rect:272 161 358 349 90
Haiti2010_06.jpg 0x0
rect:222 350 229 431 91
rect:160 281 51 36 34
rect:361 197 61 112 34
rect:373 193 60 34 6
rect:397 300 57 247 32
rect:667 130 722 524 91
rect:524 204 153 387 33
ImperialValley1979_01.jpg 0x0
rect:14 309 177 108 32
rect:339 289 50 47 32
rect:694 418 19 20 49
rect:491 312 24 28 32
rect:54 360 107 77 50
rect:376 296 31 44 50
rect:275 324 47 60 50
rect:395 408 61 53 32
rect:17 398 54 87 49
rect:307 377 42 22 49
rect:472 394 25 21 49
ImperialValley1979_02.jpg 0x0
rect:193 159 57 247 50
rect:346 141 88 171 50
rect:287 99 180 297 32
rect:293 266 125 58 49
rect:166 213 313 62 92
rect:325 226 35 117 50
ImperialValley1979_03.jpg 0x0
rect:134 327 178 174 32
rect:81 297 82 153 50
rect:108 511 247 43 92
rect:414 319 55 253 50
rect:189 141 229 175 32
rect:217 333 62 174 50
rect:92 263 203 33 92
Izmit1999_01.jpg 0x0
rect:306 205 41 101 27
rect:191 110 42 164 27
rect:255 107 47 229 27
rect:341 279 42 52 26
rect:222 80 360 394 34
Izmit1999_02.jpg 0x0
rect:25 113 677 281 10
Izmit1999_03.jpg 0x0
rect:116 105 84 271 50
rect:268 63 215 415 32
rect:403 101 32 312 50
rect:451 79 38 235 50
rect:200 268 375 34 92
rect:329 63 70 334 50
rect:159 50 332 457 93
rect:288 143 38 156 50
Izmit1999_04.jpg 0x0
rect:177 337 172 65 88
rect:127 618 177 119 88
rect:370 376 61 58 41
rect:410 57 111 59 41
rect:334 69 106 98 48
rect:387 451 28 60 40
rect:42 406 69 43 34
rect:302 313 19 70 40
rect:62 587 50 90 41
rect:55 375 41 77 42
Izmit1999_05.jpg 0x0
rect:120 31 485 324 10
Izmit1999_06.jpg 0x0
rect:146 144 162 486 32
rect:116 254 83 135 50
rect:160 286 51 124 50
rect:134 268 101 73 49
rect:135 200 89 169 50
rect:308 214 54 148 50
Izmit1999_07.jpg 0x0
rect:222 324 50 135 3
rect:465 125 53 59 3
rect:394 272 78 249 4
rect:208 264 33 128 3
rect:353 81 153 34 6
rect:222 163 65 76 3
rect:27 131 319 605 2
Izmit1999_08.jpg 0x0
rect:701 6 71 63 45
rect:149 482 99 88 45
rect:189 139 95 89 41
rect:646 60 82 77 41
rect:186 179 257 139 88
rect:102 20 69 78 34
rect:456 93 77 28 52
Izmit1999_09.jpg 0x0
rect:629 247 70 63 41
rect:356 311 86 80 94
rect:376 197 76 111 41
rect:325 211 40 35 41
rect:60 243 48 69 41
rect:525 182 78 59 94
Izmit1999_10.jpg 0x0
rect:133 433 150 39 78
rect:260 137 108 188 40
rect:312 406 56 90 40
rect:231 704 102 115 40
rect:66 133 275 641 41
rect:109 416 368 63 78
rect:267 394 93 23 78
rect:78 173 80 251 40
rect:34 185 401 46 78
rect:215 174 59 138 40
rect:158 186 93 190 40
Izmit1999_11.jpg 0x0
rect:167 262 88 193 40
rect:244 308 136 159 41
rect:166 183 95 152 41
rect:277 224 90 137 40
rect:179 342 56 182 40
Izmit1999_12.jpg 0x0
rect:425 331 43 128 52
rect:543 117 31 71 41
rect:67 314 54 84 94
rect:458 212 87 47 7
rect:301 97 60 90 45
rect:97 373 26 57 40
rect:451 194 72 53 41
rect:1 253 37 35 41
rect:362 240 59 118 41
rect:477 19 78 51 34
rect:132 152 81 58 88
rect:41 285 46 76 52
rect:512 126 147 240 91
rect:19 87 33 25 6
rect:90 91 29 31 6
rect:260 169 53 25 6
rect:256 181 40 89 42
rect:330 260 112 100 94
Izmit1999_13.jpg 0x0
rect:5 62 83 130 42
rect:97 171 36 95 41
rect:380 220 70 247 41
rect:222 274 48 67 41
rect:311 63 149 449 48
rect:140 90 73 31 6
rect:130 182 92 144 94
rect:161 260 81 62 52
rect:291 70 57 114 41
Izmit1999_14.jpg 0x0
rect:272 514 45 26 34
rect:53 127 133 60 34
rect:307 7 128 71 35
rect:296 122 90 72 35
rect:223 448 33 33 34
rect:316 173 53 30 34
rect:477 60 52 67 95
rect:463 67 102 95 34
rect:534 317 77 47 34
Izmit1999_15.jpg 0x0
rect:109 207 265 349 42
Izmit1999_16.jpg 0x0
rect:125 102 127 158 41
rect:153 53 187 233 39
rect:95 53 398 416 33
rect:232 76 42 76 40
Izmit1999_17.jpg 0x0
rect:108 114 200 323 41
Izmit1999_18.jpg 0x0
rect:183 142 144 192 41
rect:179 120 109 193 39
Izmit1999_19.jpg 0x0
rect:259 93 317 309 32
rect:423 137 24 71 50
rect:361 134 38 99 50
rect:222 115 241 272 96
Kobe1995_01.jpg 0x0
rect:20 185 629 177 63
Kobe1995_02.jpg 0x0
rect:2 52 546 602 68
Kobe1995_03.jpg 0x0
rect:47 65 542 518 10
Kobe1995_04.jpg 0x0
rect:398 383 65 49 41
Kobe1995_05.jpg 0x0
rect:30 263 388 79 78
rect:119 469 347 165 78
rect:271 185 188 563 40
rect:123 194 183 530 52
rect:4 178 130 600 40
Kobe1995_06.jpg 0x0
rect:210 467 336 388 42
rect:43 97 458 371 41
Kobe1995_07.jpg 0x0
rect:247 499 53 47 39
rect:333 119 41 30 39
rect:136 448 32 46 39
rect:216 92 33 41 39
rect:386 317 48 44 39
rect:168 194 36 38 39
rect:119 232 44 50 39
rect:37 237 45 27 39
rect:300 293 24 37 39
rect:525 236 54 54 39
rect:150 430 46 29 39
rect:294 204 36 44 39
rect:263 436 35 48 39
rect:472 97 31 34 39
rect:127 184 40 55 39
rect:48 297 42 53 39
rect:227 371 28 26 39
rect:225 151 23 59 39
rect:362 347 48 34 39
rect:379 373 38 29 39
rect:219 443 28 41 39
rect:298 152 53 32 39
rect:547 515 28 35 39
rect:179 132 23 24 39
rect:227 250 42 38 39
rect:415 542 39 55 39
Kobe1995_08.jpg 0x0
rect:253 72 529 254 97
Kobe1995_09.jpg 0x0
rect:89 629 92 45 88
rect:244 546 225 90 97
rect:115 579 86 109 88
rect:125 440 51 82 88
SanSalvador_1986_01.jpg 0x0
rect:84 3 91 235 68
rect:302 158 103 135 41
SanSalvador_1986_02.jpg 0x0
rect:431 139 37 36 41
rect:401 246 56 48 41
rect:113 225 31 36 41
rect:219 260 28 23 41
rect:422 169 30 36 42
rect:241 181 35 45 41
rect:158 225 25 35 41
rect:613 240 56 50 41
rect:380 105 21 33 41
SikkimIndia2001_01.jpg 0x0
rect:152 162 127 131 34
SikkimIndia2001_02.jpg 0x0
rect:11 178 77 37 54
rect:517 97 96 159 33
rect:-15 2 310 100 33
rect:460 131 118 47 16
rect:315 182 92 57 16
rect:12 7 346 96 16
rect:494 225 93 23 16
rect:199 60 249 314 33
SikkimIndia2001_03.jpg 0x0
rect:243 145 108 167 70
rect:248 10 202 628 98
rect:156 123 78 245 69
SikkimIndia2001_04.jpg 0x0
rect:184 147 148 162 34
rect:3 28 254 298 99
rect:465 133 314 108 99
SumatraInd2009_01.jpg 0x0
rect:266 29 84 292 81
SumatraInd2009_02.jpg 0x0
rect:254 86 225 162 41
WhittierNarrows1987_01.jpg 0x0
rect:13 39 746 450 10
WhittierNarrows1987_02.jpg 0x0
rect:205 244 122 227 41
WhittierNarrows1987_03.jpg 0x0
rect:325 171 202 337 32
WhittierNarrows1987_04.jpg 0x0
rect:304 14 225 113 100
rect:193 47 122 146 41
rect:154 9 224 76 6
YogyakartaInd2006_01.jpg 0x0
rect:263 168 374 61 49
rect:237 -17 498 451 29
rect:229 38 268 225 32
YogyakartaInd2006_02.jpg 0x0
rect:476 133 63 180 70
rect:308 133 44 218 69
rect:366 57 96 377 98
