Anchorage1964_01.jpg 0x0
rect:114 6 227 131 1
rect:93 424 274 240 1
Anchorage1964_02.jpg 0x0
rect:408 307 17 68 3
rect:100 193 25 23 6
rect:311 191 28 49 3
rect:74 36 68 15 6
rect:149 90 88 64 4
rect:37 155 160 34 5
rect:409 80 155 101 8
rect:351 262 31 56 3
rect:206 34 315 95 4
rect:39 30 185 57 5
rect:183 120 92 72 7
rect:517 282 16 64 3
rect:248 272 384 88 2
rect:139 235 37 12 6
rect:475 257 91 68 4
rect:268 362 18 51 3
rect:405 277 34 69 3
rect:398 275 27 75 3
rect:526 185 14 66 3
Anchorage1964_03.jpg 0x0
rect:187 77 474 167 9
rect:0 228 713 56 10
rect:2 270 198 87 9
Anchorage1964_04.jpg 0x0
rect:246 290 30 16 5
rect:261 296 38 15 5
rect:284 424 36 21 5
rect:184 25 21 16 5
rect:205 228 17 18 1
rect:264 416 15 29 1
rect:426 78 39 13 5
rect:234 166 22 19 5
rect:304 24 27 14 5
rect:163 154 26 27 5
rect:244 357 15 19 1
rect:351 160 14 28 1
rect:140 172 22 22 5
rect:205 242 20 25 1
rect:259 253 21 24 1
rect:348 139 38 16 5
rect:164 182 32 18 5
rect:169 454 51 17 2
rect:233 185 11 31 1
rect:217 420 38 16 5
rect:155 573 23 25 5
rect:197 528 17 26 1
rect:290 275 8 1 1
rect:239 186 16 27 8
rect:313 302 23 31 1
rect:326 423 31 17 5
rect:158 76 35 16 5
rect:159 393 36 21 5
rect:215 127 25 13 5
rect:218 304 14 31 1
rect:209 76 32 19 5
rect:335 121 41 22 5
rect:402 289 29 20 5
rect:279 428 18 27 1
rect:236 141 28 18 5
rect:117 369 24 18 5
rect:276 306 22 17 5
rect:397 323 27 23 5
rect:112 229 27 21 5
Anchorage1964_05.jpg 0x0
rect:640 25 45 68 1
rect:440 131 31 46 1
rect:161 61 110 37 5
rect:74 71 24 41 1
rect:69 120 19 45 1
rect:441 248 47 17 11
rect:833 347 55 35 5
rect:100 32 17 42 1
rect:34 334 27 49 1
rect:315 60 47 68 1
rect:355 175 49 55 1
rect:608 300 55 16 6
rect:445 308 68 72 1
rect:823 279 47 30 5
rect:214 146 109 30 5
rect:51 332 24 44 1
rect:435 278 50 29 6
rect:300 214 27 24 11
rect:380 241 55 67 1
rect:258 52 102 57 6
rect:41 183 16 29 1
rect:60 222 23 63 1
rect:133 137 98 54 6
rect:466 261 53 91 8
rect:88 193 30 38 1
rect:532 1 30 73 1
rect:473 511 31 81 8
rect:113 108 18 67 1
rect:299 199 163 61 2
Anchorage1964_06.jpg 0x0
rect:190 195 75 110 11
rect:209 151 108 392 3
rect:130 81 241 492 12
Anchorage1964_07.jpg 0x0
rect:10 49 702 466 2
rect:338 156 203 167 11
rect:462 162 79 67 11
rect:235 108 46 124 3
rect:16 185 344 36 11
rect:163 2 129 80 2
rect:381 223 379 235 2
rect:297 126 48 94 13
rect:7 231 309 25 14
Anchorage1964_08.jpg 0x0
rect:229 28 81 91 1
rect:41 527 89 116 1
rect:45 306 124 116 1
rect:422 370 144 98 1
rect:271 305 112 129 1
rect:48 59 142 81 1
Anchorage1964_09.jpg 0x0
rect:51 152 40 9 16
rect:17 15 44 15 16
rect:14 105 15 11 16
rect:468 179 73 58 1
rect:282 162 90 71 1
rect:553 170 1 1 16
rect:375 6 314 12 15
rect:478 12 131 8 16
rect:186 135 227 10 15
rect:333 203 54 49 1
rect:461 28 61 63 8
rect:90 266 70 83 8
rect:364 88 91 20 15
rect:705 197 75 58 8
rect:528 128 123 20 15
rect:129 33 78 61 8
rect:14 18 327 13 15
rect:14 159 67 18 15
rect:75 188 56 84 1
Anchorage1964_10.jpg 0x0
rect:104 372 283 133 18
rect:207 140 196 72 18
rect:172 308 75 138 17
rect:72 254 242 306 1
Anchorage1964_11.jpg 0x0
rect:165 132 418 21 15
rect:107 61 159 114 4
rect:64 392 476 16 14
rect:212 283 208 38 11
rect:93 237 578 80 2
rect:594 7 92 41 1
rect:638 105 154 76 1
rect:68 639 758 11 14
Anchorage1964_12.jpg 0x0
rect:337 80 57 220 3
rect:248 169 29 136 3
rect:14 104 503 265 2
rect:326 60 155 207 11
rect:222 66 66 201 3
Anchorage1964_13.jpg 0x0
rect:373 581 131 10 19
rect:408 292 36 158 20
rect:259 660 202 22 2
Anchorage1964_14.jpg 0x0
rect:308 13 63 193 11
rect:228 14 106 696 20
rect:335 649 131 90 23
rect:302 6 78 118 11
rect:38 499 62 70 22
rect:87 348 174 36 15
rect:186 486 55 67 22
rect:256 283 168 51 15
rect:20 403 27 61 22
rect:244 200 64 104 21
rect:120 792 51 52 22
rect:9 721 160 110 11
Anchorage1964_15.jpg 0x0
rect:429 8 92 76 4
rect:206 145 48 107 25
rect:166 180 27 80 11
rect:195 10 86 57 4
rect:246 93 79 541 20
rect:451 209 84 27 24
rect:283 423 226 50 2
rect:448 278 139 60 11
rect:282 262 192 46 15
Anchorage1964_16.jpg 0x0
rect:108 387 104 144 11
rect:276 120 347 143 2
rect:149 185 356 168 11
rect:13 112 197 236 2
rect:11 341 62 67 2
rect:465 165 102 191 2
Anchorage1964_17.jpg 0x0
rect:13 125 213 109 9
rect:9 208 807 201 10
rect:324 46 286 146 9
Anchorage1964_18.jpg 0x0
rect:181 229 66 117 4
rect:682 200 113 89 4
rect:440 292 74 20 2
rect:117 218 19 60 11
rect:428 171 89 75 4
rect:465 339 39 22 2
rect:157 396 92 33 11
rect:270 240 323 25 15
rect:419 300 93 21 2
rect:234 270 38 60 11
Anchorage1964_19.jpg 0x0
rect:593 153 6 16 26
rect:401 126 22 26 27
rect:209 63 54 152 29
rect:891 108 8 5 26
rect:468 227 46 44 28
rect:445 180 12 30 26
rect:431 124 40 105 29
rect:399 134 20 55 29
rect:228 308 41 84 26
rect:220 76 67 54 26
rect:675 172 43 30 28
rect:494 172 14 31 26
rect:690 183 8 13 26
rect:564 156 17 36 26
rect:5 190 52 145 26
rect:505 92 22 23 26
rect:31 227 39 116 27
rect:397 213 21 47 26
Anchorage1964_20.jpg 0x0
rect:177 76 70 49 27
rect:205 471 51 152 26
rect:354 622 41 79 26
rect:260 119 91 81 26
rect:163 69 122 158 29
Anchorage1964_21.jpg 0x0
rect:2 75 40 40 26
rect:173 177 456 144 30
rect:58 348 24 40 26
rect:-6 61 104 110 29
Bingol2003_01.jpg 0x0
rect:582 310 74 45 33
rect:659 124 100 77 6
rect:611 118 139 220 31
rect:484 159 53 131 34
rect:35 187 69 67 33
rect:907 178 118 76 33
rect:221 211 64 68 33
rect:2 377 1014 183 10
rect:430 492 167 86 6
rect:311 358 82 112 6
rect:564 226 207 119 31
rect:233 104 94 28 6
rect:594 360 35 65 34
rect:327 415 44 158 32
rect:688 338 90 54 6
rect:155 202 86 84 33
rect:425 85 92 68 6
rect:427 274 47 57 6
rect:1001 364 80 54 33
Bingol2003_02.jpg 0x0
rect:867 70 162 55 36
rect:315 281 94 109 6
rect:145 68 414 173 34
rect:460 280 440 100 35
rect:176 283 931 431 31
rect:513 273 116 82 26
rect:88 543 175 290 32
rect:126 304 91 427 32
Bingol2003_03.jpg 0x0
rect:851 -10 320 249 4
rect:567 250 248 54 11
rect:858 187 336 513 4
rect:648 594 300 406 2
rect:103 60 156 81 33
rect:450 181 431 153 2
rect:113 28 197 29 2
Bingol2003_04.jpg 0x0
rect:65 410 28 68 3
rect:269 698 118 104 2
rect:286 316 147 216 4
rect:182 419 300 212 2
rect:97 464 27 60 3
rect:97 497 117 73 2
rect:295 461 30 105 3
rect:238 554 31 95 3
CanterburyNZSeries2010_01.jpg 0x0
rect:89 113 168 375 12
CanterburyNZSeries2010_02.jpg 0x0
rect:50 9 202 319 37
rect:64 43 174 246 6
CanterburyNZSeries2010_03.jpg 0x0
rect:60 82 313 142 38
CanterburyNZSeries2010_04.jpg 0x0
rect:208 412 29 172 40
rect:144 450 93 301 41
rect:292 385 33 120 40
rect:251 363 24 60 40
rect:289 229 207 253 39
rect:356 445 18 41 40
rect:255 9 114 119 42
rect:394 516 16 58 40
CanterburyNZSeries2010_05.jpg 0x0
rect:311 286 201 358 4
rect:310 206 178 118 15
CanterburyNZSeries2010_06.jpg 0x0
rect:277 185 184 101 2
rect:52 151 874 462 4
CanterburyNZSeries2010_08.jpg 0x0
rect:628 189 155 285 43
rect:762 384 32 176 32
rect:579 272 97 98 44
rect:1153 589 61 117 44
CanterburyNZSeries2010_09.jpg 0x0
rect:247 377 206 498 39
rect:227 132 176 227 45
CanterburyNZSeries2010_10.jpg 0x0
rect:214 412 273 128 6
rect:257 294 238 103 46
rect:282 171 287 103 7
rect:182 240 403 234 6
CanterburyNZSeries2010_11.jpg 0x0
rect:354 253 329 161 5
rect:261 295 267 97 7
CanterburyNZSeries2010_12.jpg 0x0
rect:51 238 595 275 2
rect:5 248 650 367 47
rect:746 344 187 72 11
rect:139 520 163 59 11
CanterburyNZSeries2010_13.jpg 0x0
rect:169 15 358 831 12
rect:498 155 112 400 11
Caracas1967_01.jpg 0x0
rect:382 171 12 49 48
rect:289 155 98 98 48
rect:252 170 36 79 48
rect:392 95 181 238 48
Caracas1967_02.jpg 0x0
rect:96 285 57 52 49
rect:264 1 145 123 15
rect:122 181 191 205 51
rect:97 291 51 27 50
Caracas1967_03.jpg 0x0
rect:358 295 48 77 26
rect:392 254 25 155 27
rect:189 66 94 106 14
rect:274 261 83 114 34
rect:208 263 32 70 27
rect:14 411 171 78 6
Caracas1967_04.jpg 0x0
rect:150 356 21 73 27
rect:173 261 196 154 34
rect:109 355 39 121 26
Caracas1967_05.jpg 0x0
rect:61 365 66 191 40
rect:49 110 414 350 41
rect:255 429 65 169 40
rect:209 293 54 208 40
rect:298 221 183 169 52
rect:389 245 34 167 40
rect:440 247 52 204 40
rect:79 427 296 260 52
rect:151 386 32 179 40
rect:31 92 486 617 48
Caracas1967_06.jpg 0x0
rect:381 237 60 64 6
rect:272 73 376 195 7
Caracas1967_07.jpg 0x0
rect:495 8 124 248 34
rect:164 156 53 206 27
rect:246 143 150 256 34
rect:294 49 23 299 27
rect:370 372 118 92 53
rect:502 352 92 101 53
rect:521 275 163 277 34
Caracas1967_08.jpg 0x0
rect:171 361 87 77 54
rect:203 369 81 121 55
rect:517 203 72 150 54
Caracas1967_09.jpg 0x0
rect:160 127 70 81 48
rect:30 189 42 45 48
rect:567 11 307 170 48
rect:113 173 81 50 48
Caracas1967_10.jpg 0x0
rect:55 161 178 310 41
rect:402 441 64 188 40
rect:16 162 343 512 48
rect:338 279 91 226 40
Caracas1967_11.jpg 0x0
rect:317 10 195 236 41
rect:72 228 282 480 41
rect:55 11 539 558 48
Caracas1967_12.jpg 0x0
rect:314 336 25 34 56
rect:841 448 27 67 32
rect:508 261 27 36 34
rect:779 379 23 56 32
Caracas1967_13.jpg 0x0
rect:140 351 167 220 55
Caracas1967_14.jpg 0x0
rect:98 160 411 215 57
rect:129 350 251 39 6
Chichi1999_01.jpg 0x0
rect:345 131 49 188 42
rect:4 8 945 184 58
Chichi1999_02.jpg 0x0
rect:6 125 449 196 58
rect:329 118 176 377 59
Chichi1999_03.jpg 0x0
rect:0 202 594 166 58
rect:87 150 59 116 60
Chichi1999_04.jpg 0x0
rect:289 -19 54 121 48
rect:163 213 30 60 52
rect:250 209 89 322 48
Chichi1999_05.jpg 0x0
rect:281 347 32 39 41
rect:393 165 65 61 41
rect:316 154 37 75 52
rect:455 89 82 273 48
Chichi1999_06.jpg 0x0
rect:435 -10 63 82 61
rect:203 20 597 149 10
rect:429 140 58 73 62
rect:447 186 51 64 48
rect:327 185 18 37 52
rect:666 177 40 66 41
Chichi1999_07.jpg 0x0
rect:130 195 28 46 64
rect:374 255 35 37 64
rect:554 299 18 26 64
rect:183 196 37 143 48
rect:494 209 47 153 48
rect:71 275 686 180 63
rect:407 249 60 113 48
Chichi1999_08.jpg 0x0
rect:110 16 682 470 10
Chichi1999_09.jpg 0x0
rect:274 82 138 174 48
rect:266 110 161 101 41
rect:206 89 50 96 40
rect:217 96 50 64 40
Chichi1999_10.jpg 0x0
rect:184 16 415 318 10
Chichi1999_11.jpg 0x0
rect:2 109 220 434 10
rect:152 170 120 80 65
Chichi1999_12.jpg 0x0
rect:10 26 368 787 66
Chichi1999_13.jpg 0x0
rect:41 53 733 302 10
Chichi1999_14.jpg 0x0
rect:105 479 72 40 67
rect:364 421 76 52 67
rect:226 313 41 48 39
rect:457 395 36 39 67
rect:74 470 40 59 67
rect:217 684 25 39 39
rect:239 213 31 61 67
rect:155 205 86 61 67
rect:240 282 19 54 67
rect:107 370 58 52 67
rect:308 464 34 46 39
rect:142 351 27 47 67
rect:204 464 30 50 67
rect:159 302 39 61 67
rect:142 279 35 37 67
rect:384 357 20 29 39
rect:103 582 29 38 67
Chichi1999_15.jpg 0x0
rect:336 35 183 438 41
Chichi1999_16.jpg 0x0
rect:181 111 60 136 32
Chichi1999_17.jpg 0x0
rect:141 380 29 47 32
Chichi1999_18.jpg 0x0
rect:339 331 34 120 69
rect:193 235 33 124 70
rect:197 213 38 165 69
rect:153 238 32 162 69
rect:207 211 179 356 68
rect:234 255 33 134 69
Chichi1999_19.jpg 0x0
rect:175 18 224 524 2
rect:266 89 134 209 3
YogyakartaInd2006_03.jpg 0x0
rect:224 333 279 39 15
rect:207 268 253 160 71
rect:309 102 106 46 16
rect:312 26 113 2 15
rect:335 285 66 34 16
rect:293 120 81 29 15
rect:247 78 120 77 15
rect:305 156 25 7 16
Chichi1999_20.jpg 0x0
rect:197 188 81 414 42
rect:318 527 72 177 41
Chichi1999_21.jpg 0x0
rect:188 379 94 111 6
rect:227 124 294 261 72
rect:316 144 212 127 6
rect:408 7 107 131 57
rect:232 204 229 149 37
rect:14 4 248 104 30
rect:261 34 245 168 37
rect:57 376 154 135 5
Chichi1999_22.jpg 0x0
rect:371 274 18 16 73
rect:226 211 258 156 10
rect:255 313 14 19 73
rect:216 300 22 20 73
Chichi1999_23.jpg 0x0
rect:306 174 34 69 73
rect:369 229 49 74 34
rect:125 216 23 22 34
rect:249 226 83 134 73
rect:214 223 34 19 27
rect:4 68 628 143 74
rect:97 253 42 67 34
rect:128 357 40 86 73
rect:157 215 57 56 73
rect:334 230 29 31 26
Chichi1999_24.jpg 0x0
rect:224 132 113 124 75
rect:166 162 46 47 46
rect:3 457 360 219 74
rect:183 256 79 51 34
rect:252 263 1 2 46
Chichi1999_25.jpg 0x0
rect:174 280 115 255 34
rect:127 214 127 314 73
rect:265 265 55 79 26
Chichi1999_26.jpg 0x0
rect:230 335 99 433 76
rect:119 524 81 58 26
rect:220 117 59 80 73
rect:95 621 116 91 27
rect:231 17 61 30 73
rect:123 522 159 129 73
Chichi1999_27.jpg 0x0
rect:232 227 114 444 32
Chichi1999_28.jpg 0x0
rect:368 162 181 284 75
rect:101 71 193 282 5
rect:18 85 370 132 6
rect:191 179 271 113 77
Chichi1999_29.jpg 0x0
rect:143 176 185 366 48
rect:270 153 87 174 40
rect:252 180 93 130 52
Chichi1999_30.jpg 0x0
rect:175 182 169 58 52
rect:258 221 152 71 78
rect:193 94 336 359 40
rect:32 276 125 119 73
Chichi1999_31.jpg 0x0
rect:155 102 112 203 79
rect:549 124 44 134 48
Chichi1999_32.jpg 0x0
rect:190 60 46 119 81
rect:228 274 31 184 81
rect:132 7 80 436 80
rect:466 152 55 189 39
Chichi1999_33.jpg 0x0
rect:55 62 100 457 33
rect:148 87 112 284 32
rect:199 184 27 92 49
rect:140 146 48 96 49
rect:256 105 145 371 32
rect:276 119 81 304 56
Chichi1999_34.jpg 0x0
rect:98 125 505 445 10
Duzce1999_01.jpg 0x0
rect:145 47 97 249 39
rect:89 148 103 129 41
Duzce1999_02.jpg 0x0
rect:100 42 194 274 41
Duzce1999_03.jpg 0x0
rect:101 98 136 334 42
rect:0 159 108 301 31
rect:241 156 122 287 31
Gediz1970_01.jpg 0x0
rect:91 320 81 254 69
rect:171 386 74 210 69
rect:113 81 240 685 68
Guatemala1976_01.jpg 0x0
rect:56 166 55 44 41
rect:631 118 83 64 41
rect:30 134 78 111 48
rect:17 125 451 225 82
rect:58 233 72 62 52
rect:491 183 185 105 48
Guatemala1976_02.jpg 0x0
rect:215 90 308 327 48
rect:234 66 123 92 40
Guatemala1976_03.jpg 0x0
rect:16 85 943 313 75
Guatemala1976_04.jpg 0x0
rect:530 188 118 244 4
rect:482 140 142 390 4
rect:31 83 504 250 30
rect:179 31 469 95 30
Guatemala1976_05.jpg 0x0
rect:190 61 379 427 48
rect:175 150 234 120 41
rect:160 122 350 185 40
Guatemala1976_06.jpg 0x0
rect:98 135 254 502 39
Guatemala1976_07.jpg 0x0
rect:177 456 155 66 83
rect:22 378 53 47 6
rect:22 301 551 426 10
Guatemala1976_08.jpg 0x0
rect:362 92 200 397 40
rect:169 40 397 489 41
rect:215 34 303 353 48
Guatemala1976_09.jpg 0x0
rect:469 293 55 75 84
rect:245 324 81 42 85
rect:141 381 39 37 84
rect:200 249 56 53 85
rect:79 317 34 31 84
rect:73 196 43 24 85
rect:685 260 66 70 85
rect:301 250 50 58 84
Guatemala1976_10.jpg 0x0
rect:187 126 256 287 86
rect:181 121 260 124 87
rect:390 304 48 143 87
Guatemala1976_11.jpg 0x0
rect:192 251 101 267 34
GujaratIndia2001_01.jpg 0x0
rect:227 335 268 65 2
rect:56 369 47 32 2
rect:413 398 48 39 11
rect:30 318 174 168 4
Haiti2010_01.jpg 0x0
rect:275 254 30 168 40
rect:236 172 206 441 41
rect:381 514 178 223 4
rect:163 38 149 147 7
rect:505 199 117 134 4
Haiti2010_02.jpg 0x0
rect:51 112 323 164 88
rect:310 35 224 61 14
Haiti2010_03.jpg 0x0
rect:191 764 171 177 89
rect:251 1 66 718 32
rect:322 688 62 85 49
rect:153 383 255 235 32
Haiti2010_04.jpg 0x0
rect:176 36 237 260 34
rect:2 162 262 145 6
rect:217 375 348 612 41
Haiti2010_05.jpg 0x0
rect:257 234 37 122 40
rect:204 312 32 87 40
rect:303 299 140 141 52
rect:273 192 204 344 90
Haiti2010_06.jpg 0x0
rect:214 257 51 49 34
rect:243 322 202 473 91
rect:639 152 436 500 91
rect:375 177 77 255 32
rect:657 149 70 116 34
rect:442 148 77 42 6
rect:478 120 234 406 33
ImperialValley1979_01.jpg 0x0
rect:421 385 29 38 50
rect:656 250 18 19 49
rect:16 466 77 51 49
rect:322 393 51 24 49
rect:334 336 43 37 32
rect:9 313 121 135 32
rect:553 304 38 34 32
rect:62 342 127 149 50
rect:410 232 44 53 32
rect:455 312 22 15 49
rect:284 337 61 44 50
ImperialValley1979_02.jpg 0x0
rect:171 101 240 313 32
rect:319 203 51 175 50
rect:191 132 72 140 50
rect:244 167 163 43 49
rect:203 204 322 50 92
rect:325 146 100 210 50
ImperialValley1979_03.jpg 0x0
rect:85 417 344 45 92
rect:111 405 220 32 92
rect:173 349 63 138 50
rect:100 316 99 275 50
rect:111 335 248 212 32
rect:125 159 217 194 32
rect:217 289 59 218 50
Izmit1999_01.jpg 0x0
rect:625 185 63 47 26
rect:286 169 43 110 27
rect:373 81 63 175 27
rect:172 79 425 217 34
rect:198 189 32 144 27
Izmit1999_02.jpg 0x0
rect:25 85 522 202 10
Izmit1999_03.jpg 0x0
rect:321 76 46 294 50
rect:172 75 77 249 50
rect:575 102 52 300 50
rect:136 33 372 273 93
rect:116 259 289 41 92
rect:443 77 43 179 50
rect:161 161 53 206 50
rect:264 58 299 379 32
Izmit1999_04.jpg 0x0
rect:278 48 65 77 48
rect:133 188 172 54 88
rect:45 324 67 48 34
rect:64 369 39 89 41
rect:78 671 162 144 88
rect:406 483 19 50 40
rect:332 84 90 78 41
rect:80 428 25 61 42
rect:474 393 20 68 40
rect:383 410 67 73 41
Izmit1999_05.jpg 0x0
rect:103 34 579 463 10
Izmit1999_06.jpg 0x0
rect:158 264 197 73 49
rect:294 298 33 147 50
rect:174 125 220 545 32
rect:380 205 48 174 50
rect:78 190 50 241 50
rect:153 180 100 213 50
Izmit1999_07.jpg 0x0
rect:440 281 93 242 4
rect:247 127 79 64 3
rect:152 332 31 144 3
rect:205 247 47 129 3
rect:468 82 96 53 6
rect:16 156 349 559 2
rect:219 268 37 107 3
Izmit1999_08.jpg 0x0
rect:117 150 94 74 41
rect:195 24 65 112 34
rect:659 101 50 23 52
rect:546 109 75 87 41
rect:548 7 121 93 45
rect:287 292 232 86 88
rect:133 515 63 72 45
Izmit1999_09.jpg 0x0
rect:565 236 70 69 41
rect:771 225 79 86 94
rect:326 208 33 43 41
rect:47 254 47 53 41
rect:434 185 122 79 94
rect:257 293 68 78 41
Izmit1999_10.jpg 0x0
rect:247 95 123 187 40
rect:308 454 69 76 40
rect:192 154 86 295 40
rect:85 185 68 195 40
rect:329 433 79 36 78
rect:142 412 110 27 78
rect:138 379 318 56 78
rect:267 213 56 157 40
rect:33 222 439 38 78
rect:98 144 321 411 41
rect:200 567 81 100 40
Izmit1999_11.jpg 0x0
rect:290 257 58 220 40
rect:166 437 99 159 41
rect:149 271 69 117 40
rect:183 366 62 200 40
rect:181 253 125 217 41
Izmit1999_12.jpg 0x0
rect:308 142 50 70 45
rect:100 252 24 52 40
rect:19 81 33 22 6
rect:323 256 87 155 94
rect:64 236 64 85 94
rect:368 192 163 189 91
rect:1 153 29 29 41
rect:318 26 93 56 34
rect:423 151 51 41 7
rect:265 263 77 122 52
rect:334 219 64 52 41
rect:452 198 34 120 42
rect:137 265 71 52 88
rect:450 67 35 116 41
rect:346 258 84 105 41
rect:119 88 33 17 6
rect:56 310 76 69 52
rect:371 219 40 30 6
Izmit1999_13.jpg 0x0
rect:197 253 45 71 41
rect:131 284 137 112 94
rect:201 89 173 350 48
rect:120 170 65 57 6
rect:316 201 109 264 41
rect:123 300 79 47 52
rect:124 211 36 101 41
rect:350 82 60 132 41
rect:5 85 85 125 42
Izmit1999_14.jpg 0x0
rect:438 102 64 91 34
rect:410 353 39 19 34
rect:351 271 54 43 34
rect:247 434 60 37 34
rect:470 7 168 94 35
rect:529 43 74 78 95
rect:350 123 116 96 35
rect:464 432 68 42 34
rect:72 149 104 55 34
Izmit1999_15.jpg 0x0
rect:104 133 322 322 42
Izmit1999_16.jpg 0x0
rect:144 124 250 146 41
rect:73 68 386 557 33
rect:270 84 41 136 40
rect:126 80 174 309 39
Izmit1999_17.jpg 0x0
rect:92 151 146 332 41
Izmit1999_18.jpg 0x0
rect:213 182 144 220 39
rect:202 221 106 109 41
Izmit1999_19.jpg 0x0
rect:519 207 29 78 50
rect:294 166 311 250 32
rect:184 91 242 266 96
rect:470 175 33 78 50
Kobe1995_01.jpg 0x0
rect:26 142 782 161 63
Kobe1995_02.jpg 0x0
rect:2 44 634 505 68
Kobe1995_03.jpg 0x0
rect:38 73 547 692 10
Kobe1995_04.jpg 0x0
rect:316 406 50 66 41
Kobe1995_05.jpg 0x0
rect:312 110 122 491 40
rect:155 207 282 431 52
rect:4 150 108 687 40
rect:114 694 279 95 78
rect:31 257 495 92 78
Kobe1995_06.jpg 0x0
rect:127 450 287 294 42
rect:69 115 303 471 41
Kobe1995_07.jpg 0x0
rect:184 498 28 38 39
rect:373 204 42 28 39
rect:387 105 50 26 39
rect:37 296 49 25 39
rect:316 275 33 51 39
rect:173 295 48 35 39
rect:288 194 39 30 39
rect:307 285 24 29 39
rect:496 231 54 46 39
rect:285 220 26 24 39
rect:537 487 31 51 39
rect:40 276 30 56 39
rect:200 174 34 48 39
rect:180 472 22 43 39
rect:409 479 38 29 39
rect:429 381 38 37 39
rect:387 142 38 34 39
rect:264 244 30 47 39
rect:450 435 34 27 39
rect:266 553 35 46 39
rect:274 85 21 27 39
rect:286 276 24 36 39
rect:145 393 29 23 39
rect:135 294 28 56 39
rect:165 324 29 31 39
rect:171 118 31 49 39
Kobe1995_08.jpg 0x0
rect:374 51 300 178 97
Kobe1995_09.jpg 0x0
rect:118 508 59 49 88
rect:209 571 238 57 97
rect:99 737 62 95 88
rect:118 462 60 51 88
SanSalvador_1986_01.jpg 0x0
rect:321 138 142 178 41
rect:46 3 88 247 68
SanSalvador_1986_02.jpg 0x0
rect:342 128 24 47 41
rect:342 164 58 43 41
rect:225 235 39 39 41
rect:162 210 24 41 41
rect:393 129 46 50 42
rect:392 345 23 36 41
rect:339 105 18 20 41
rect:128 250 21 46 41
rect:445 310 50 38 41
SikkimIndia2001_01.jpg 0x0
rect:172 206 91 114 34
SikkimIndia2001_02.jpg 0x0
rect:10 110 55 58 54
rect:602 313 69 22 16
rect:296 262 64 41 16
rect:236 80 174 356 33
rect:319 139 93 124 33
rect:468 126 99 40 16
rect:9 6 328 57 16
rect:-17 2 347 71 33
SikkimIndia2001_03.jpg 0x0
rect:254 171 123 179 70
rect:258 11 170 358 98
rect:225 74 52 205 69
SikkimIndia2001_04.jpg 0x0
rect:337 225 304 95 99
rect:3 26 251 255 99
rect:292 225 145 158 34
SumatraInd2009_01.jpg 0x0
rect:237 31 74 386 81
SumatraInd2009_02.jpg 0x0
rect:187 67 242 153 41
WhittierNarrows1987_01.jpg 0x0
rect:19 30 805 346 10
WhittierNarrows1987_02.jpg 0x0
rect:149 234 134 261 41
WhittierNarrows1987_03.jpg 0x0
rect:310 95 168 349 32
WhittierNarrows1987_04.jpg 0x0
rect:211 8 311 70 6
rect:288 64 113 199 41
rect:326 17 217 156 100
YogyakartaInd2006_01.jpg 0x0
rect:129 -22 479 340 29
rect:243 37 291 286 32
rect:347 151 319 54 49
YogyakartaInd2006_02.jpg 0x0
rect:398 136 45 240 69
rect:365 75 81 180 70
rect:300 46 118 375 98
