Anchorage1964_01.jpg 0x0
rect:71 9 236 218 1
rect:91 292 208 196 1
Anchorage1964_02.jpg 0x0
rect:131 152 31 16 6
rect:276 72 69 58 4
rect:52 27 100 16 6
rect:228 178 459 126 2
rect:357 265 13 52 3
rect:44 20 140 46 5
rect:130 167 98 50 7
rect:373 49 163 141 8
rect:537 325 19 53 3
rect:471 211 27 78 3
rect:265 185 30 74 3
rect:331 36 252 79 4
rect:407 191 31 64 3
rect:317 291 31 53 3
rect:498 349 19 62 3
rect:427 169 91 73 4
rect:119 204 59 18 6
rect:260 356 27 87 3
rect:28 166 156 40 5
Anchorage1964_03.jpg 0x0
rect:305 116 459 182 9
rect:0 242 495 88 10
rect:2 223 188 82 9
Anchorage1964_04.jpg 0x0
rect:444 113 33 15 5
rect:302 109 19 33 1
rect:202 477 15 29 1
rect:231 72 26 17 5
rect:122 485 30 16 5
rect:240 389 22 30 1
rect:226 27 24 16 5
rect:182 344 18 28 1
rect:298 351 10 1 1
rect:278 91 27 18 5
rect:318 352 19 24 1
rect:256 140 42 16 5
rect:112 313 22 15 5
rect:239 139 25 16 5
rect:463 297 37 17 5
rect:375 313 19 23 1
rect:304 467 31 18 5
rect:152 488 22 20 5
rect:194 402 47 18 5
rect:316 339 15 28 1
rect:358 396 36 17 5
rect:212 109 25 22 5
rect:219 214 29 31 8
rect:171 108 25 16 5
rect:135 164 34 20 5
rect:153 54 34 14 5
rect:453 350 17 22 5
rect:340 158 19 21 1
rect:201 110 38 24 5
rect:266 200 11 21 1
rect:130 19 27 18 5
rect:136 325 27 19 5
rect:333 287 20 17 5
rect:136 174 20 23 5
rect:322 419 14 16 1
rect:149 579 41 13 2
rect:386 266 21 20 5
rect:288 439 29 18 5
rect:209 271 25 23 1
Anchorage1964_05.jpg 0x0
rect:177 34 131 38 6
rect:279 211 26 21 11
rect:328 249 46 86 8
rect:107 18 18 49 1
rect:183 213 93 18 5
rect:134 118 114 30 6
rect:733 393 53 35 5
rect:289 232 157 54 2
rect:350 24 26 54 1
rect:59 264 17 62 1
rect:276 220 46 21 11
rect:783 204 58 26 5
rect:457 91 35 57 1
rect:57 115 12 40 1
rect:231 54 86 32 5
rect:383 1 34 57 1
rect:667 446 49 11 6
rect:430 253 56 55 1
rect:774 263 32 21 6
rect:44 430 17 68 1
rect:67 201 20 35 1
rect:72 296 22 46 1
rect:571 155 30 70 1
rect:61 59 25 39 1
rect:82 106 14 66 1
rect:431 204 45 53 1
rect:491 293 54 81 8
rect:24 295 26 47 1
rect:523 69 41 66 1
Anchorage1964_06.jpg 0x0
rect:114 159 77 229 3
rect:78 78 151 500 12
rect:160 301 48 82 11
Anchorage1964_07.jpg 0x0
rect:20 250 202 38 11
rect:226 2 132 48 2
rect:10 45 543 371 2
rect:6 244 379 43 14
rect:432 117 44 138 13
rect:423 264 375 220 2
rect:236 128 164 174 11
rect:360 201 93 90 11
rect:356 94 37 138 3
Anchorage1964_08.jpg 0x0
rect:432 589 135 166 1
rect:42 56 113 85 1
rect:55 217 99 104 1
rect:330 175 140 105 1
rect:42 408 129 91 1
rect:263 37 103 111 1
Anchorage1964_09.jpg 0x0
rect:390 117 97 23 15
rect:152 135 330 13 15
rect:795 12 75 12 16
rect:432 128 93 19 15
rect:11 19 514 12 15
rect:441 7 205 16 15
rect:12 168 16 13 16
rect:75 278 95 83 8
rect:810 142 1 1 16
rect:39 153 70 12 16
rect:11 140 125 24 15
rect:12 18 64 11 16
rect:108 174 70 87 1
rect:194 171 65 81 1
rect:101 42 53 58 8
rect:578 361 76 71 8
rect:666 176 84 79 1
rect:643 25 91 59 8
rect:318 170 66 89 1
Anchorage1964_10.jpg 0x0
rect:77 481 345 166 18
rect:161 308 84 131 17
rect:198 187 246 75 18
rect:55 208 386 290 1
Anchorage1964_11.jpg 0x0
rect:96 507 527 25 14
rect:318 273 371 28 11
rect:91 335 631 11 14
rect:210 129 461 15 15
rect:708 8 82 27 1
rect:143 80 147 126 4
rect:79 163 624 103 2
rect:444 141 139 113 1
Anchorage1964_12.jpg 0x0
rect:11 83 687 339 2
rect:367 100 45 216 3
rect:268 108 136 129 11
rect:232 188 36 78 3
rect:259 65 47 180 3
Anchorage1964_13.jpg 0x0
rect:265 609 121 16 19
rect:375 401 184 20 2
rect:342 503 24 114 20
Anchorage1964_14.jpg 0x0
rect:188 10 121 844 20
rect:134 756 36 46 22
rect:357 12 58 189 11
rect:228 689 216 103 23
rect:33 562 56 48 22
rect:9 712 168 92 11
rect:191 653 55 46 22
rect:401 262 185 69 15
rect:106 270 99 31 15
rect:26 566 20 66 22
rect:361 6 73 169 11
rect:192 221 70 111 21
Anchorage1964_15.jpg 0x0
rect:547 7 114 80 4
rect:178 146 38 46 11
rect:201 149 38 83 25
rect:489 224 90 46 24
rect:263 571 223 42 2
rect:305 10 99 43 4
rect:274 251 106 33 11
rect:127 54 68 529 20
rect:237 187 134 50 15
Anchorage1964_16.jpg 0x0
rect:17 368 73 108 2
rect:10 122 247 233 2
rect:64 247 59 130 11
rect:344 225 167 156 2
rect:278 112 277 159 2
rect:193 264 330 272 11
Anchorage1964_17.jpg 0x0
rect:10 140 230 155 9
rect:282 58 218 209 9
rect:11 192 714 200 10
Anchorage1964_18.jpg 0x0
rect:404 276 33 79 11
rect:509 227 65 18 2
rect:176 212 19 60 11
rect:499 178 124 88 4
rect:174 193 92 128 4
rect:495 339 59 18 2
rect:150 308 101 56 11
rect:461 299 39 19 2
rect:386 188 82 106 4
rect:334 266 421 32 15
Anchorage1964_19.jpg 0x0
rect:33 336 42 83 27
rect:435 172 24 42 26
rect:423 184 32 35 28
rect:532 291 15 32 26
rect:570 156 18 47 26
rect:562 126 27 45 29
rect:377 180 32 32 28
rect:902 124 7 9 26
rect:383 220 40 76 26
rect:310 87 52 96 29
rect:239 52 80 121 29
rect:457 133 33 34 26
rect:473 240 9 21 26
rect:221 94 38 51 26
rect:5 293 93 189 26
rect:218 106 26 25 27
rect:389 182 7 16 26
rect:901 132 8 10 26
Anchorage1964_20.jpg 0x0
rect:184 85 180 139 29
rect:542 405 36 83 26
rect:266 125 60 35 27
rect:159 123 115 56 26
rect:267 398 60 115 26
Anchorage1964_21.jpg 0x0
rect:-5 72 96 147 29
rect:60 286 38 25 26
rect:165 215 458 127 30
rect:2 87 48 42 26
Bingol2003_01.jpg 0x0
rect:421 285 41 58 6
rect:945 367 122 86 33
rect:522 267 218 208 31
rect:271 130 61 85 33
rect:824 90 66 65 6
rect:299 379 81 77 6
rect:901 460 56 47 33
rect:694 63 188 237 31
rect:322 86 102 32 6
rect:416 362 63 232 32
rect:611 367 87 56 6
rect:35 202 52 79 33
rect:2 320 1122 262 10
rect:604 136 43 104 34
rect:147 177 91 97 33
rect:380 61 83 48 6
rect:671 565 153 61 6
rect:336 379 48 59 34
rect:996 198 116 59 33
Bingol2003_02.jpg 0x0
rect:581 210 314 106 35
rect:150 122 532 148 34
rect:164 577 156 254 32
rect:375 303 108 90 6
rect:386 358 95 93 26
rect:266 208 495 351 31
rect:167 219 69 313 32
rect:991 65 106 89 36
Bingol2003_03.jpg 0x0
rect:557 221 286 52 11
rect:115 22 129 28 2
rect:794 254 281 561 4
rect:100 40 149 124 33
rect:573 -7 293 232 4
rect:846 477 273 432 2
rect:315 149 352 231 2
Bingol2003_04.jpg 0x0
rect:72 647 27 59 3
rect:272 301 33 140 3
rect:131 563 288 186 2
rect:89 776 87 102 2
rect:444 703 132 88 2
rect:154 449 41 87 3
rect:265 327 124 180 4
rect:232 449 25 96 3
CanterburyNZSeries2010_01.jpg 0x0
rect:115 116 113 231 12
CanterburyNZSeries2010_02.jpg 0x0
rect:36 8 162 282 37
rect:64 55 154 154 6
CanterburyNZSeries2010_03.jpg 0x0
rect:51 51 333 163 38
CanterburyNZSeries2010_04.jpg 0x0
rect:290 385 19 71 40
rect:398 357 45 133 40
rect:208 10 129 188 42
rect:162 311 68 222 41
rect:283 413 37 79 40
rect:167 328 28 210 40
rect:276 271 278 268 39
rect:341 485 25 45 40
CanterburyNZSeries2010_05.jpg 0x0
rect:348 356 143 418 4
rect:284 236 96 74 15
CanterburyNZSeries2010_06.jpg 0x0
rect:187 255 202 141 2
rect:49 139 921 427 4
CanterburyNZSeries2010_08.jpg 0x0
rect:448 147 136 334 43
rect:677 458 98 149 44
rect:730 400 39 183 32
rect:1117 376 73 135 44
CanterburyNZSeries2010_09.jpg 0x0
rect:272 133 168 218 45
rect:282 396 136 392 39
CanterburyNZSeries2010_10.jpg 0x0
rect:297 203 413 296 6
rect:178 568 252 139 6
rect:208 325 144 83 46
rect:405 229 178 100 7
CanterburyNZSeries2010_11.jpg 0x0
rect:303 282 380 154 5
rect:313 176 331 110 7
CanterburyNZSeries2010_12.jpg 0x0
rect:603 592 139 48 11
rect:5 197 857 395 47
rect:65 362 531 312 2
rect:224 650 177 54 11
CanterburyNZSeries2010_13.jpg 0x0
rect:427 219 147 389 11
rect:212 13 392 541 12
Caracas1967_01.jpg 0x0
rect:356 210 8 62 48
rect:411 90 225 204 48
rect:437 188 71 91 48
rect:309 153 41 114 48
Caracas1967_02.jpg 0x0
rect:239 1 129 154 15
rect:147 251 243 220 51
rect:141 529 37 48 50
rect:115 293 33 45 49
Caracas1967_03.jpg 0x0
rect:281 415 56 66 26
rect:267 460 34 49 27
rect:234 75 74 81 14
rect:11 300 323 79 6
rect:175 357 152 122 34
rect:346 258 23 102 27
Caracas1967_04.jpg 0x0
rect:186 433 63 113 26
rect:193 422 20 112 27
rect:120 394 194 135 34
Caracas1967_05.jpg 0x0
rect:446 235 35 260 40
rect:327 260 63 258 40
rect:234 304 148 200 52
rect:52 163 293 400 41
rect:347 183 36 120 40
rect:146 276 54 286 40
rect:45 423 67 286 40
rect:34 74 479 704 48
rect:197 268 53 271 40
rect:70 344 244 168 52
Caracas1967_06.jpg 0x0
rect:341 128 331 174 7
rect:415 266 96 57 6
Caracas1967_07.jpg 0x0
rect:210 124 115 288 34
rect:273 184 44 257 27
rect:350 60 34 243 27
rect:284 7 108 386 34
rect:575 238 132 189 34
rect:393 425 85 57 53
rect:462 397 82 132 53
Caracas1967_08.jpg 0x0
rect:151 313 55 117 55
rect:442 145 74 139 54
rect:209 355 46 135 54
Caracas1967_09.jpg 0x0
rect:129 182 67 65 48
rect:540 10 224 156 48
rect:61 189 59 54 48
rect:27 278 51 53 48
Caracas1967_10.jpg 0x0
rect:293 337 75 215 40
rect:334 165 115 209 40
rect:51 260 204 345 41
rect:20 158 484 346 48
Caracas1967_11.jpg 0x0
rect:49 17 462 523 48
rect:222 12 153 248 41
rect:59 179 264 645 41
Caracas1967_12.jpg 0x0
rect:260 365 30 61 56
rect:744 313 18 61 32
rect:597 470 19 54 32
rect:523 185 25 43 34
Caracas1967_13.jpg 0x0
rect:152 307 111 303 55
Caracas1967_14.jpg 0x0
rect:157 103 518 259 57
rect:112 217 276 33 6
Chichi1999_01.jpg 0x0
rect:4 10 784 222 58
rect:356 160 52 195 42
Chichi1999_02.jpg 0x0
rect:6 119 451 177 58
rect:262 87 177 402 59
Chichi1999_03.jpg 0x0
rect:0 194 802 183 58
rect:56 219 46 135 60
Chichi1999_04.jpg 0x0
rect:263 239 35 57 52
rect:241 263 87 329 48
rect:214 -13 39 165 48
Chichi1999_05.jpg 0x0
rect:381 331 31 32 41
rect:404 111 47 58 41
rect:434 143 42 89 52
rect:440 112 90 195 48
Chichi1999_06.jpg 0x0
rect:285 222 37 89 48
rect:130 14 637 193 10
rect:228 124 57 79 62
rect:394 -14 83 87 61
rect:529 184 31 68 41
rect:245 281 27 36 52
Chichi1999_07.jpg 0x0
rect:526 241 33 28 64
rect:729 314 40 86 48
rect:130 184 51 154 48
rect:195 178 28 45 64
rect:61 225 667 184 63
rect:532 241 57 88 48
rect:510 319 15 27 64
Chichi1999_08.jpg 0x0
rect:119 14 454 374 10
Chichi1999_09.jpg 0x0
rect:221 61 171 203 48
rect:169 133 142 79 41
rect:222 114 44 89 40
rect:325 89 53 90 40
Chichi1999_10.jpg 0x0
rect:213 22 671 571 10
Chichi1999_11.jpg 0x0
rect:2 158 164 408 10
rect:185 189 71 116 65
Chichi1999_12.jpg 0x0
rect:12 33 541 522 66
Chichi1999_13.jpg 0x0
rect:30 49 850 537 10
Chichi1999_14.jpg 0x0
rect:110 413 42 39 67
rect:198 294 22 67 67
rect:443 688 79 72 67
rect:132 308 65 76 67
rect:92 536 42 40 67
rect:107 222 37 61 67
rect:251 347 38 58 39
rect:271 248 18 47 67
rect:368 342 29 30 39
rect:117 479 37 46 67
rect:87 620 32 48 67
rect:192 215 30 62 67
rect:462 447 49 41 67
rect:127 462 36 52 67
rect:200 399 18 21 39
rect:141 190 111 37 67
rect:306 358 25 40 39
Chichi1999_15.jpg 0x0
rect:291 39 212 515 41
Chichi1999_16.jpg 0x0
rect:125 120 82 120 32
Chichi1999_17.jpg 0x0
rect:128 230 18 46 32
Chichi1999_18.jpg 0x0
rect:286 397 45 139 70
rect:314 337 30 97 69
rect:128 239 103 580 68
rect:125 283 30 113 69
rect:235 197 30 100 69
rect:220 355 34 154 69
Chichi1999_19.jpg 0x0
rect:279 141 198 188 3
rect:182 19 202 337 2
YogyakartaInd2006_03.jpg 0x0
rect:202 153 61 29 15
rect:164 33 119 2 15
rect:316 207 15 5 16
rect:221 304 275 190 71
rect:408 304 53 32 16
rect:331 82 167 56 15
rect:173 380 226 27 15
rect:330 55 59 37 16
Chichi1999_20.jpg 0x0
rect:232 328 39 208 41
rect:230 268 126 381 42
Chichi1999_21.jpg 0x0
rect:152 386 144 175 37
rect:18 4 164 174 30
rect:208 239 100 109 6
rect:189 115 287 325 72
rect:374 104 118 139 6
rect:432 7 111 138 57
rect:85 374 118 90 5
rect:307 40 301 147 37
Chichi1999_22.jpg 0x0
rect:178 110 342 110 10
rect:223 199 14 25 73
rect:310 180 21 21 73
rect:220 295 18 23 73
Chichi1999_23.jpg 0x0
rect:103 237 46 61 34
rect:4 69 551 158 74
rect:85 306 65 129 73
rect:185 169 24 33 34
rect:263 151 41 29 27
rect:164 186 51 61 73
rect:354 347 99 129 73
rect:263 198 29 34 26
rect:283 251 48 85 34
rect:310 203 38 59 73
Chichi1999_24.jpg 0x0
rect:125 165 121 78 75
rect:241 295 84 42 34
rect:3 391 218 186 74
rect:453 237 1 2 46
rect:187 222 46 73 46
Chichi1999_25.jpg 0x0
rect:145 306 81 192 34
rect:165 170 240 285 73
rect:210 259 39 78 26
Chichi1999_26.jpg 0x0
rect:150 475 76 56 26
rect:131 680 111 136 27
rect:309 22 46 24 73
rect:160 469 153 155 73
rect:215 250 149 357 76
rect:170 159 62 141 73
Chichi1999_27.jpg 0x0
rect:133 216 93 409 32
Chichi1999_28.jpg 0x0
rect:252 197 300 139 77
rect:146 130 159 292 5
rect:18 90 331 172 6
rect:235 109 212 291 75
Chichi1999_29.jpg 0x0
rect:114 214 170 229 48
rect:191 187 103 185 52
rect:285 222 111 207 40
Chichi1999_30.jpg 0x0
rect:257 117 227 332 40
rect:25 320 93 177 73
rect:208 114 157 66 52
rect:170 227 189 48 78
Chichi1999_31.jpg 0x0
rect:154 105 105 301 79
rect:601 127 39 194 48
Chichi1999_32.jpg 0x0
rect:179 181 36 154 81
rect:217 57 43 177 81
rect:466 136 67 244 39
rect:157 8 131 492 80
Chichi1999_33.jpg 0x0
rect:62 82 165 461 33
rect:129 79 62 175 32
rect:280 74 147 316 32
rect:180 95 88 293 56
rect:94 115 57 146 49
rect:384 122 38 156 49
Chichi1999_34.jpg 0x0
rect:89 90 534 484 10
Duzce1999_01.jpg 0x0
rect:148 53 131 277 39
rect:123 101 111 146 41
Duzce1999_02.jpg 0x0
rect:70 37 196 383 41
Duzce1999_03.jpg 0x0
rect:174 120 96 198 31
rect:105 75 144 199 42
rect:0 198 71 193 31
Gediz1970_01.jpg 0x0
rect:112 265 103 204 69
rect:131 133 266 640 68
rect:198 453 66 185 69
Guatemala1976_01.jpg 0x0
rect:24 117 621 120 82
rect:61 241 55 54 52
rect:41 125 83 135 48
rect:520 121 75 80 41
rect:70 150 39 43 41
rect:579 154 122 120 48
Guatemala1976_02.jpg 0x0
rect:227 98 308 188 48
rect:178 61 89 132 40
Guatemala1976_03.jpg 0x0
rect:13 70 696 334 75
Guatemala1976_04.jpg 0x0
rect:157 26 407 82 30
rect:521 360 125 211 4
rect:31 52 486 162 30
rect:754 132 120 438 4
Guatemala1976_05.jpg 0x0
rect:150 118 316 102 41
rect:129 60 319 280 48
rect:124 99 248 156 40
Guatemala1976_06.jpg 0x0
rect:121 96 263 430 39
Guatemala1976_07.jpg 0x0
rect:24 279 560 366 10
rect:220 379 90 96 83
rect:18 366 70 58 6
Guatemala1976_08.jpg 0x0
rect:116 29 424 577 48
rect:310 73 207 224 40
rect:216 66 237 407 41
Guatemala1976_09.jpg 0x0
rect:365 241 68 39 85
rect:115 347 33 20 84
rect:205 279 43 31 84
rect:874 297 64 61 85
rect:90 278 26 36 85
rect:175 283 64 51 85
rect:357 267 72 65 84
rect:549 308 52 82 84
Guatemala1976_10.jpg 0x0
rect:271 199 202 190 86
rect:133 92 162 158 87
rect:338 406 31 129 87
Guatemala1976_11.jpg 0x0
rect:197 218 126 252 34
GujaratIndia2001_01.jpg 0x0
rect:419 396 63 63 11
rect:40 509 230 179 4
rect:84 361 55 43 2
rect:175 420 221 112 2
Haiti2010_01.jpg 0x0
rect:339 141 211 426 41
rect:549 280 85 109 4
rect:165 38 91 117 7
rect:349 538 180 262 4
rect:277 354 27 125 40
Haiti2010_02.jpg 0x0
rect:316 31 118 50 14
rect:37 98 526 250 88
Haiti2010_03.jpg 0x0
rect:452 1 53 659 32
rect:261 702 240 221 89
rect:212 440 65 46 49
rect:276 394 248 152 32
Haiti2010_04.jpg 0x0
rect:2 199 218 179 6
rect:222 47 214 359 34
rect:187 333 274 394 41
Haiti2010_05.jpg 0x0
rect:186 324 24 101 40
rect:334 255 42 122 40
rect:244 184 124 86 52
rect:318 188 289 466 90
Haiti2010_06.jpg 0x0
rect:193 289 39 35 34
rect:399 182 806 777 91
rect:512 127 141 336 33
rect:185 222 297 466 91
rect:491 260 70 211 32
rect:468 207 91 57 6
rect:483 167 59 119 34
ImperialValley1979_01.jpg 0x0
rect:354 402 23 12 49
rect:635 240 27 26 32
rect:404 329 59 44 32
rect:12 251 82 56 49
rect:72 432 106 106 50
rect:403 269 56 25 49
rect:326 280 46 82 50
rect:580 404 21 39 50
rect:12 318 109 145 32
rect:551 280 19 21 49
rect:407 349 64 57 32
ImperialValley1979_02.jpg 0x0
rect:248 108 70 256 50
rect:189 62 154 202 32
rect:269 193 103 61 49
rect:356 139 50 136 50
rect:190 243 276 85 92
rect:120 144 88 218 50
ImperialValley1979_03.jpg 0x0
rect:353 300 72 230 50
rect:67 208 110 268 50
rect:148 210 181 129 32
rect:85 254 200 28 92
rect:102 210 277 138 32
rect:139 343 207 49 92
rect:221 300 64 156 50
Izmit1999_01.jpg 0x0
rect:244 84 306 272 34
rect:227 297 48 119 27
rect:288 84 48 211 27
rect:171 129 37 116 27
rect:498 328 53 66 26
Izmit1999_02.jpg 0x0
rect:24 101 623 225 10
Izmit1999_03.jpg 0x0
rect:202 33 458 322 93
rect:288 124 42 252 50
rect:153 268 249 44 92
rect:191 120 76 341 50
rect:511 78 44 175 50
rect:338 90 27 213 50
rect:413 85 55 380 50
rect:304 74 265 415 32
Izmit1999_04.jpg 0x0
rect:324 439 20 73 40
rect:357 329 78 85 41
rect:142 286 173 64 88
rect:49 291 50 58 34
rect:281 85 103 111 48
rect:222 87 60 100 41
rect:82 457 40 66 42
rect:77 536 44 119 41
rect:105 642 188 103 88
rect:435 461 28 74 40
Izmit1999_05.jpg 0x0
rect:95 25 477 502 10
Izmit1999_06.jpg 0x0
rect:68 173 55 243 50
rect:135 222 100 188 50
rect:188 287 32 121 50
rect:176 195 200 469 32
rect:126 208 113 75 49
rect:374 309 47 104 50
Izmit1999_07.jpg 0x0
rect:256 122 78 83 3
rect:310 306 70 316 4
rect:466 61 153 42 6
rect:214 315 38 111 3
rect:28 127 408 523 2
rect:156 256 46 112 3
rect:319 148 30 141 3
Izmit1999_08.jpg 0x0
rect:177 171 151 83 88
rect:552 6 101 64 45
rect:187 19 88 105 34
rect:104 297 94 84 45
rect:175 154 90 88 41
rect:408 64 49 34 52
rect:375 83 83 52 41
Izmit1999_09.jpg 0x0
rect:198 249 33 32 41
rect:507 246 56 76 94
rect:61 216 48 52 41
rect:353 298 100 130 94
rect:570 184 53 53 41
rect:331 250 99 93 41
Izmit1999_10.jpg 0x0
rect:253 701 93 98 40
rect:39 233 467 55 78
rect:342 150 104 126 40
rect:206 432 101 34 78
rect:183 215 88 214 40
rect:64 148 83 166 40
rect:77 125 368 507 41
rect:219 559 57 70 40
rect:128 375 225 83 78
rect:251 183 65 155 40
rect:233 384 83 25 78
Izmit1999_11.jpg 0x0
rect:151 243 75 178 40
rect:205 570 144 93 41
rect:247 303 93 158 40
rect:259 249 101 150 41
rect:181 334 58 171 40
Izmit1999_12.jpg 0x0
rect:603 184 221 260 91
rect:453 110 46 87 41
rect:1 220 32 39 41
rect:388 111 71 65 7
rect:140 227 81 65 88
rect:322 201 91 158 41
rect:69 238 34 35 40
rect:21 58 37 30 6
rect:584 185 40 55 41
rect:52 241 63 67 94
rect:368 90 37 98 45
rect:369 252 42 133 52
rect:98 83 38 31 6
rect:295 224 35 32 6
rect:340 182 52 139 42
rect:343 27 92 48 34
rect:232 255 111 119 94
rect:60 356 64 50 52
Izmit1999_13.jpg 0x0
rect:438 130 77 219 41
rect:171 197 70 64 52
rect:5 99 71 208 42
rect:125 137 45 58 6
rect:185 256 38 73 41
rect:333 84 247 373 48
rect:126 257 111 139 94
rect:260 341 42 94 41
rect:303 93 65 141 41
Izmit1999_14.jpg 0x0
rect:597 335 67 49 34
rect:308 318 27 22 34
rect:293 7 159 71 35
rect:342 114 90 80 35
rect:286 389 54 33 34
rect:472 362 62 51 34
rect:462 67 98 55 34
rect:45 135 104 57 34
rect:496 51 49 78 95
Izmit1999_15.jpg 0x0
rect:183 144 214 316 42
Izmit1999_16.jpg 0x0
rect:201 137 220 174 41
rect:245 81 34 128 40
rect:149 72 215 293 39
rect:109 63 425 468 33
Izmit1999_17.jpg 0x0
rect:119 148 187 243 41
Izmit1999_18.jpg 0x0
rect:217 182 193 210 39
rect:217 134 120 120 41
Izmit1999_19.jpg 0x0
rect:322 187 29 60 50
rect:198 70 261 259 96
rect:484 112 33 103 50
rect:207 150 244 313 32
Kobe1995_01.jpg 0x0
rect:26 132 843 153 63
Kobe1995_02.jpg 0x0
rect:2 73 376 647 68
Kobe1995_03.jpg 0x0
rect:49 77 602 543 10
Kobe1995_04.jpg 0x0
rect:313 350 61 40 41
Kobe1995_05.jpg 0x0
rect:404 163 191 416 40
rect:3 177 158 575 40
rect:120 185 192 609 52
rect:40 357 322 99 78
rect:123 680 398 114 78
Kobe1995_06.jpg 0x0
rect:236 273 206 421 42
rect:68 184 480 437 41
Kobe1995_07.jpg 0x0
rect:228 195 47 59 39
rect:238 295 32 40 39
rect:138 141 31 34 39
rect:357 474 31 39 39
rect:356 356 31 33 39
rect:183 317 32 35 39
rect:306 245 40 24 39
rect:194 161 47 49 39
rect:365 201 38 30 39
rect:317 399 44 37 39
rect:244 198 53 55 39
rect:160 323 36 27 39
rect:271 200 39 34 39
rect:526 116 38 45 39
rect:236 217 35 31 39
rect:174 272 33 31 39
rect:196 100 31 25 39
rect:80 284 31 57 39
rect:352 245 49 40 39
rect:385 116 32 32 39
rect:81 224 42 20 39
rect:36 292 33 61 39
rect:434 508 42 46 39
rect:165 311 40 39 39
rect:371 147 36 48 39
rect:55 252 36 27 39
Kobe1995_08.jpg 0x0
rect:383 78 554 168 97
Kobe1995_09.jpg 0x0
rect:80 576 90 73 88
rect:147 496 236 57 97
rect:82 785 66 104 88
rect:126 473 93 54 88
SanSalvador_1986_01.jpg 0x0
rect:73 3 121 293 68
rect:280 174 119 229 41
SanSalvador_1986_02.jpg 0x0
rect:615 150 39 39 41
rect:314 218 45 30 41
rect:280 220 36 42 41
rect:264 144 20 30 41
rect:143 220 26 52 41
rect:420 267 39 60 41
rect:192 167 40 41 41
rect:139 158 31 24 41
rect:511 179 41 44 42
SikkimIndia2001_01.jpg 0x0
rect:261 158 130 105 34
SikkimIndia2001_02.jpg 0x0
rect:11 7 400 74 16
rect:535 133 72 48 16
rect:556 108 109 219 33
rect:-19 2 430 80 33
rect:226 72 197 343 33
rect:359 211 73 33 16
rect:470 224 98 18 16
rect:9 114 55 53 54
SikkimIndia2001_03.jpg 0x0
rect:289 246 69 174 70
rect:212 9 193 474 98
rect:176 76 80 240 69
SikkimIndia2001_04.jpg 0x0
rect:3 38 185 266 99
rect:322 215 186 100 99
rect:287 181 110 196 34
SumatraInd2009_01.jpg 0x0
rect:292 32 50 370 81
SumatraInd2009_02.jpg 0x0
rect:219 82 130 188 41
WhittierNarrows1987_01.jpg 0x0
rect:17 30 720 467 10
WhittierNarrows1987_02.jpg 0x0
rect:185 358 74 214 41
WhittierNarrows1987_03.jpg 0x0
rect:219 161 125 347 32
WhittierNarrows1987_04.jpg 0x0
rect:167 8 391 57 6
rect:273 62 121 243 41
rect:335 18 237 141 100
YogyakartaInd2006_01.jpg 0x0
rect:329 146 339 78 49
rect:232 -23 467 591 29
rect:206 41 230 325 32
YogyakartaInd2006_02.jpg 0x0
rect:331 52 172 487 98
rect:383 123 46 258 69
rect:287 101 80 128 70
