Anchorage1964_01.jpg 0x0
rect:113 7 176 215 1
rect:91 261 233 228 1
Anchorage1964_02.jpg 0x0
rect:28 244 172 51 5
rect:133 201 93 38 7
rect:510 64 98 116 8
rect:620 255 20 40 3
rect:394 237 32 67 3
rect:203 42 291 95 4
rect:508 270 19 52 3
rect:58 47 116 18 6
rect:86 277 47 16 6
rect:369 270 25 71 3
rect:183 276 25 68 3
rect:79 282 25 20 6
rect:184 218 24 88 3
rect:174 312 336 112 2
rect:27 21 122 41 5
rect:307 307 32 60 3
rect:252 65 83 65 4
rect:380 198 17 39 3
rect:519 158 81 56 4
Anchorage1964_03.jpg 0x0
rect:0 256 461 82 10
rect:2 223 164 70 9
rect:275 114 281 241 9
Anchorage1964_04.jpg 0x0
rect:309 437 26 31 1
rect:426 450 39 25 5
rect:310 367 26 27 1
rect:218 225 23 15 5
rect:426 346 29 14 5
rect:156 92 39 18 5
rect:238 287 19 18 1
rect:295 251 30 16 5
rect:125 185 21 22 5
rect:121 285 32 16 5
rect:217 390 30 22 5
rect:215 225 35 18 5
rect:434 384 23 16 5
rect:261 413 13 18 1
rect:190 452 25 17 5
rect:184 299 27 24 8
rect:433 86 32 22 5
rect:379 266 26 20 5
rect:216 369 7 1 1
rect:369 200 23 25 5
rect:370 265 22 31 1
rect:289 189 14 19 1
rect:436 251 31 18 5
rect:375 227 26 19 5
rect:216 383 23 20 5
rect:166 293 31 16 5
rect:275 173 12 26 1
rect:217 32 32 15 5
rect:408 138 38 18 5
rect:448 311 25 17 5
rect:371 90 40 17 5
rect:209 340 57 18 2
rect:254 38 39 16 5
rect:344 304 22 22 1
rect:327 160 17 26 1
rect:217 57 25 10 5
rect:226 437 20 23 1
rect:184 65 24 18 5
rect:263 128 18 30 1
Anchorage1964_05.jpg 0x0
rect:325 86 41 45 1
rect:569 161 28 39 1
rect:408 269 40 85 8
rect:187 172 98 38 6
rect:222 144 105 18 5
rect:822 459 39 17 6
rect:391 261 29 16 11
rect:577 18 36 71 1
rect:61 166 26 43 1
rect:243 161 97 88 2
rect:71 285 24 57 1
rect:555 288 63 90 8
rect:538 335 40 32 5
rect:197 37 117 25 5
rect:129 99 20 53 1
rect:459 179 46 76 1
rect:73 151 16 49 1
rect:598 242 68 42 5
rect:349 234 51 30 11
rect:198 53 118 33 6
rect:490 371 45 75 1
rect:67 26 18 44 1
rect:54 169 18 56 1
rect:66 67 23 49 1
rect:491 1 51 39 1
rect:28 341 20 64 1
rect:440 96 34 80 1
rect:40 384 28 44 1
rect:557 273 46 24 6
Anchorage1964_06.jpg 0x0
rect:154 241 67 65 11
rect:216 150 114 304 3
rect:116 91 157 499 12
Anchorage1964_07.jpg 0x0
rect:10 82 875 370 2
rect:467 273 446 159 2
rect:8 299 468 33 14
rect:19 307 260 37 11
rect:381 139 59 93 13
rect:224 94 53 105 3
rect:184 89 201 117 11
rect:281 2 140 73 2
rect:295 234 61 81 11
Anchorage1964_08.jpg 0x0
rect:332 34 96 145 1
rect:63 294 119 104 1
rect:262 200 142 123 1
rect:59 536 103 112 1
rect:347 454 110 96 1
rect:50 66 121 126 1
Anchorage1964_09.jpg 0x0
rect:690 139 90 15 15
rect:11 13 405 16 15
rect:110 126 227 11 15
rect:445 9 92 11 16
rect:869 192 1 1 16
rect:286 183 51 76 1
rect:83 56 79 74 8
rect:472 236 85 95 8
rect:11 91 117 24 15
rect:659 37 62 71 8
rect:50 163 61 10 16
rect:409 128 113 24 15
rect:587 8 284 16 15
rect:104 215 85 93 1
rect:715 115 56 93 1
rect:137 293 78 78 8
rect:181 116 79 49 1
rect:14 17 45 15 16
rect:18 174 16 9 16
Anchorage1964_10.jpg 0x0
rect:177 362 116 110 17
rect:157 213 200 97 18
rect:90 299 323 162 18
rect:71 156 368 460 1
Anchorage1964_11.jpg 0x0
rect:274 123 368 24 15
rect:461 85 163 106 1
rect:148 48 125 131 4
rect:77 484 501 21 14
rect:101 235 543 96 2
rect:69 592 592 17 14
rect:547 5 109 44 1
rect:275 288 203 39 11
Anchorage1964_12.jpg 0x0
rect:408 88 45 247 3
rect:15 107 496 300 2
rect:372 88 187 164 11
rect:499 111 48 152 3
rect:135 240 33 71 3
Anchorage1964_13.jpg 0x0
rect:538 291 41 125 20
rect:236 549 198 27 2
rect:404 587 154 16 19
Anchorage1964_14.jpg 0x0
rect:237 407 149 85 23
rect:10 399 227 102 11
rect:25 433 35 63 22
rect:504 6 90 99 11
rect:85 290 184 38 15
rect:185 726 42 59 22
rect:86 568 33 78 22
rect:259 340 61 78 21
rect:38 721 55 51 22
rect:253 10 109 562 20
rect:362 11 85 156 11
rect:432 273 136 41 15
Anchorage1964_15.jpg 0x0
rect:311 9 125 79 4
rect:336 108 60 97 25
rect:295 178 181 45 15
rect:355 160 156 38 11
rect:223 595 215 56 2
rect:174 69 60 548 20
rect:209 10 77 78 4
rect:495 325 82 47 24
rect:276 128 36 73 11
Anchorage1964_16.jpg 0x0
rect:216 204 260 262 11
rect:160 76 308 92 2
rect:550 222 134 148 2
rect:10 422 58 57 2
rect:76 261 97 140 11
rect:14 115 254 148 2
Anchorage1964_17.jpg 0x0
rect:15 91 248 142 9
rect:367 45 273 215 9
rect:8 157 516 254 10
Anchorage1964_18.jpg 0x0
rect:196 208 54 124 4
rect:318 282 307 24 15
rect:330 274 38 41 11
rect:540 145 120 72 4
rect:552 326 45 20 2
rect:551 148 83 62 4
rect:113 397 95 60 11
rect:131 264 16 38 11
rect:467 235 66 15 2
rect:609 373 47 16 2
Anchorage1964_19.jpg 0x0
rect:579 269 45 30 28
rect:508 100 9 16 26
rect:590 226 8 12 26
rect:569 144 15 35 26
rect:29 206 44 101 27
rect:6 205 86 128 26
rect:316 70 61 93 29
rect:402 307 25 48 26
rect:550 105 48 39 28
rect:223 93 62 54 26
rect:374 145 34 24 26
rect:845 149 9 8 26
rect:319 131 31 32 27
rect:435 159 11 20 26
rect:318 68 39 92 29
rect:361 345 35 73 26
rect:558 168 17 53 29
rect:539 267 14 34 26
Anchorage1964_20.jpg 0x0
rect:270 545 69 135 26
rect:259 75 98 56 27
rect:179 64 126 156 29
rect:137 94 109 47 26
rect:546 663 39 57 26
Anchorage1964_21.jpg 0x0
rect:2 75 40 50 26
rect:121 143 572 143 30
rect:-5 52 80 179 29
rect:50 288 22 25 26
Bingol2003_01.jpg 0x0
rect:735 240 87 73 6
rect:507 151 40 131 34
rect:191 116 83 23 6
rect:690 361 90 46 33
rect:547 59 97 52 6
rect:532 597 191 61 6
rect:467 532 94 76 6
rect:2 277 605 272 10
rect:1020 249 84 71 33
rect:676 321 170 116 31
rect:479 133 85 94 6
rect:28 288 76 69 33
rect:617 383 54 204 32
rect:1030 487 65 33 33
rect:241 247 77 70 33
rect:400 201 52 69 6
rect:144 260 51 63 33
rect:572 84 160 141 31
rect:600 442 35 79 34
Bingol2003_02.jpg 0x0
rect:264 267 575 451 31
rect:166 96 444 190 34
rect:343 240 450 93 35
rect:106 613 200 286 32
rect:432 406 84 116 26
rect:1134 69 121 59 36
rect:196 200 60 471 32
rect:337 398 101 96 6
Bingol2003_03.jpg 0x0
rect:152 40 106 88 33
rect:121 20 193 26 2
rect:817 -9 247 283 4
rect:495 306 184 418 4
rect:728 398 215 293 2
rect:401 181 424 126 2
rect:569 225 159 50 11
Bingol2003_04.jpg 0x0
rect:161 426 205 149 2
rect:131 616 39 96 3
rect:69 785 67 105 2
rect:85 733 23 58 3
rect:328 261 132 156 4
rect:196 570 47 137 3
rect:350 411 89 73 2
rect:145 524 35 91 3
CanterburyNZSeries2010_01.jpg 0x0
rect:111 128 129 322 12
CanterburyNZSeries2010_02.jpg 0x0
rect:39 57 132 182 6
rect:34 10 127 327 37
CanterburyNZSeries2010_03.jpg 0x0
rect:59 57 287 138 38
CanterburyNZSeries2010_04.jpg 0x0
rect:326 387 35 63 40
rect:265 235 178 437 39
rect:397 276 13 72 40
rect:301 420 47 100 40
rect:344 303 30 57 40
rect:244 475 123 312 41
rect:176 246 27 184 40
rect:210 9 129 126 42
CanterburyNZSeries2010_05.jpg 0x0
rect:382 427 247 442 4
rect:214 153 125 107 15
CanterburyNZSeries2010_06.jpg 0x0
rect:282 199 301 87 2
rect:71 135 723 639 4
CanterburyNZSeries2010_08.jpg 0x0
rect:973 637 34 171 32
rect:759 529 46 120 44
rect:504 101 141 269 43
rect:543 399 82 118 44
CanterburyNZSeries2010_09.jpg 0x0
rect:170 117 230 206 45
rect:227 334 134 344 39
CanterburyNZSeries2010_10.jpg 0x0
rect:277 222 336 205 6
rect:270 398 319 130 6
rect:285 342 201 100 46
rect:407 172 253 106 7
CanterburyNZSeries2010_11.jpg 0x0
rect:234 273 326 164 5
rect:433 159 267 114 7
CanterburyNZSeries2010_12.jpg 0x0
rect:6 259 901 370 47
rect:379 443 159 60 11
rect:66 357 710 373 2
rect:146 678 202 47 11
CanterburyNZSeries2010_13.jpg 0x0
rect:147 22 458 709 12
rect:502 191 114 354 11
Caracas1967_01.jpg 0x0
rect:342 131 12 50 48
rect:517 78 185 333 48
rect:347 187 51 72 48
rect:414 181 82 129 48
Caracas1967_02.jpg 0x0
rect:316 1 119 190 15
rect:178 256 160 328 51
rect:101 399 36 38 50
rect:87 465 31 73 49
Caracas1967_03.jpg 0x0
rect:276 412 127 205 34
rect:15 361 274 113 6
rect:291 304 69 69 26
rect:248 344 38 50 27
rect:321 80 84 83 14
rect:423 359 32 96 27
Caracas1967_04.jpg 0x0
rect:172 321 18 102 27
rect:124 294 46 144 26
rect:138 377 201 212 34
Caracas1967_05.jpg 0x0
rect:272 246 61 121 40
rect:246 184 67 265 40
rect:309 259 37 326 40
rect:43 152 385 540 41
rect:212 311 153 149 52
rect:71 329 50 235 40
rect:22 79 314 612 48
rect:57 301 278 162 52
rect:123 408 51 305 40
rect:226 369 51 180 40
Caracas1967_06.jpg 0x0
rect:333 124 205 280 7
rect:462 284 68 62 6
Caracas1967_07.jpg 0x0
rect:565 353 86 97 53
rect:304 8 98 255 34
rect:541 66 30 286 27
rect:544 305 162 281 34
rect:162 187 39 167 27
rect:176 164 179 171 34
rect:455 475 104 76 53
Caracas1967_08.jpg 0x0
rect:268 236 62 122 54
rect:233 361 88 108 55
rect:390 215 93 131 54
Caracas1967_09.jpg 0x0
rect:196 171 121 99 48
rect:28 261 45 43 48
rect:312 13 225 179 48
rect:82 236 55 81 48
Caracas1967_10.jpg 0x0
rect:529 256 73 132 40
rect:229 271 110 174 40
rect:37 204 327 396 41
rect:23 203 491 401 48
Caracas1967_11.jpg 0x0
rect:277 10 157 344 41
rect:50 177 269 535 41
rect:60 11 496 880 48
Caracas1967_12.jpg 0x0
rect:568 317 25 59 32
rect:556 234 44 45 34
rect:736 367 26 39 32
rect:269 287 25 57 56
Caracas1967_13.jpg 0x0
rect:130 307 98 287 55
Caracas1967_14.jpg 0x0
rect:108 371 305 46 6
rect:110 88 740 238 57
Chichi1999_01.jpg 0x0
rect:4 8 497 177 58
rect:428 134 66 184 42
Chichi1999_02.jpg 0x0
rect:5 88 472 181 58
rect:262 85 193 349 59
Chichi1999_03.jpg 0x0
rect:0 158 868 137 58
rect:89 172 58 86 60
Chichi1999_04.jpg 0x0
rect:280 276 27 47 52
rect:146 186 94 287 48
rect:235 -16 41 137 48
Chichi1999_05.jpg 0x0
rect:297 193 26 24 41
rect:258 259 38 89 52
rect:481 95 125 169 48
rect:487 130 40 54 41
Chichi1999_06.jpg 0x0
rect:435 86 58 69 62
rect:448 124 29 44 41
rect:574 -13 100 85 61
rect:194 14 344 176 10
rect:323 224 17 40 52
rect:252 187 51 74 48
Chichi1999_07.jpg 0x0
rect:68 233 476 158 63
rect:400 192 45 164 48
rect:164 176 30 40 64
rect:534 179 15 23 64
rect:160 192 53 128 48
rect:638 294 44 79 48
rect:437 247 25 43 64
Chichi1999_08.jpg 0x0
rect:103 16 647 362 10
Chichi1999_09.jpg 0x0
rect:278 129 144 69 41
rect:189 81 194 198 48
rect:270 80 62 63 40
rect:227 116 40 82 40
Chichi1999_10.jpg 0x0
rect:197 15 577 550 10
Chichi1999_11.jpg 0x0
rect:132 253 96 129 65
rect:2 96 202 538 10
Chichi1999_12.jpg 0x0
rect:12 26 447 445 66
Chichi1999_13.jpg 0x0
rect:31 38 821 283 10
Chichi1999_14.jpg 0x0
rect:82 297 51 59 67
rect:233 314 32 30 39
rect:125 310 36 42 67
rect:139 313 33 37 67
rect:178 368 28 49 67
rect:273 273 21 35 67
rect:77 513 25 32 67
rect:76 484 59 55 67
rect:216 382 35 45 67
rect:172 191 102 46 67
rect:144 431 30 46 67
rect:263 410 61 51 67
rect:118 413 63 48 67
rect:297 550 20 41 39
rect:372 329 24 28 39
rect:346 236 29 42 39
rect:448 560 34 46 67
Chichi1999_15.jpg 0x0
rect:256 25 317 484 41
Chichi1999_16.jpg 0x0
rect:191 145 64 127 32
Chichi1999_17.jpg 0x0
rect:158 395 27 36 32
Chichi1999_18.jpg 0x0
rect:254 237 48 152 70
rect:336 303 35 174 69
rect:140 240 39 70 69
rect:326 174 38 134 69
rect:168 306 18 151 69
rect:126 170 146 531 68
Chichi1999_19.jpg 0x0
rect:307 156 124 352 3
rect:173 24 188 451 2
YogyakartaInd2006_03.jpg 0x0
rect:469 81 76 46 16
rect:188 257 344 138 71
rect:296 424 226 34 15
rect:224 550 62 36 16
rect:160 129 49 36 15
rect:189 150 24 9 16
rect:394 92 125 55 15
rect:229 19 110 2 15
Chichi1999_20.jpg 0x0
rect:281 330 72 161 41
rect:154 242 140 421 42
Chichi1999_21.jpg 0x0
rect:59 352 196 132 5
rect:267 26 181 242 37
rect:158 135 223 285 72
rect:480 127 207 142 6
rect:215 298 102 124 6
rect:469 6 110 114 57
rect:138 336 131 192 37
rect:15 5 157 153 30
Chichi1999_22.jpg 0x0
rect:207 286 19 18 73
rect:294 154 392 115 10
rect:208 161 10 17 73
rect:377 271 19 16 73
Chichi1999_23.jpg 0x0
rect:295 249 67 138 73
rect:373 139 33 29 26
rect:354 152 34 28 27
rect:78 427 61 80 73
rect:177 223 20 24 34
rect:109 213 41 62 73
rect:155 239 31 73 34
rect:3 48 451 134 74
rect:238 158 33 65 73
rect:328 244 34 94 34
Chichi1999_24.jpg 0x0
rect:224 143 167 77 75
rect:458 268 1 2 46
rect:3 423 214 248 74
rect:290 134 41 41 46
rect:182 344 81 48 34
Chichi1999_25.jpg 0x0
rect:159 229 161 216 73
rect:218 427 40 72 26
rect:211 299 137 170 34
Chichi1999_26.jpg 0x0
rect:188 734 86 90 26
rect:123 389 134 89 27
rect:239 20 51 27 73
rect:240 222 63 127 73
rect:289 333 90 423 76
rect:127 509 174 111 73
Chichi1999_27.jpg 0x0
rect:207 207 104 317 32
Chichi1999_28.jpg 0x0
rect:156 139 139 222 5
rect:17 48 331 152 6
rect:221 111 156 256 75
rect:196 288 164 130 77
Chichi1999_29.jpg 0x0
rect:178 168 209 308 48
rect:204 210 85 150 52
rect:159 281 116 138 40
Chichi1999_30.jpg 0x0
rect:21 292 92 146 73
rect:176 262 158 65 78
rect:195 121 206 73 52
rect:155 123 218 209 40
Chichi1999_31.jpg 0x0
rect:127 74 109 359 79
rect:592 125 55 138 48
Chichi1999_32.jpg 0x0
rect:453 190 50 144 39
rect:140 167 38 131 81
rect:135 47 44 177 81
rect:151 9 93 405 80
Chichi1999_33.jpg 0x0
rect:170 170 46 124 49
rect:311 183 36 131 49
rect:93 81 90 160 32
rect:219 122 96 211 56
rect:261 73 127 346 32
rect:85 46 161 627 33
Chichi1999_34.jpg 0x0
rect:97 105 376 390 10
Duzce1999_01.jpg 0x0
rect:103 138 98 148 41
rect:99 69 73 296 39
Duzce1999_02.jpg 0x0
rect:64 63 101 457 41
Duzce1999_03.jpg 0x0
rect:237 166 104 352 31
rect:128 73 126 236 42
rect:0 222 74 167 31
Gediz1970_01.jpg 0x0
rect:217 312 106 180 69
rect:137 346 94 263 69
rect:152 82 216 635 68
Guatemala1976_01.jpg 0x0
rect:31 181 88 160 48
rect:30 128 815 142 82
rect:43 219 49 57 52
rect:46 217 58 33 41
rect:457 179 151 122 48
rect:661 189 79 80 41
Guatemala1976_02.jpg 0x0
rect:220 66 99 81 40
rect:208 85 333 351 48
Guatemala1976_03.jpg 0x0
rect:16 59 967 414 75
Guatemala1976_04.jpg 0x0
rect:31 50 458 176 30
rect:147 21 289 74 30
rect:613 239 103 231 4
rect:521 243 171 380 4
Guatemala1976_05.jpg 0x0
rect:198 100 285 157 40
rect:163 69 468 237 48
rect:142 194 248 169 41
Guatemala1976_06.jpg 0x0
rect:89 99 212 457 39
Guatemala1976_07.jpg 0x0
rect:25 332 49 57 6
rect:24 228 338 379 10
rect:179 545 159 69 83
Guatemala1976_08.jpg 0x0
rect:136 59 287 394 41
rect:344 58 153 279 40
rect:206 41 335 381 48
Guatemala1976_09.jpg 0x0
rect:502 227 64 83 84
rect:127 270 76 47 85
rect:450 331 75 37 85
rect:245 230 46 29 84
rect:64 346 31 19 85
rect:319 268 70 66 84
rect:112 320 43 31 84
rect:448 214 60 65 85
Guatemala1976_10.jpg 0x0
rect:284 189 276 295 86
rect:237 462 27 152 87
rect:145 168 282 163 87
Guatemala1976_11.jpg 0x0
rect:220 173 135 224 34
GujaratIndia2001_01.jpg 0x0
rect:182 382 206 76 2
rect:22 402 168 138 4
rect:321 475 74 47 11
rect:66 338 90 31 2
Haiti2010_01.jpg 0x0
rect:320 143 147 425 41
rect:107 40 96 75 7
rect:387 343 75 139 4
rect:576 435 153 203 4
rect:368 316 32 103 40
Haiti2010_02.jpg 0x0
rect:47 110 559 158 88
rect:393 29 142 64 14
Haiti2010_03.jpg 0x0
rect:249 582 167 228 89
rect:413 1 83 712 32
rect:244 466 259 222 32
rect:227 585 50 68 49
Haiti2010_04.jpg 0x0
rect:2 166 252 182 6
rect:259 37 300 241 34
rect:157 305 403 399 41
Haiti2010_05.jpg 0x0
rect:262 278 44 116 40
rect:310 269 26 115 40
rect:330 168 354 481 90
rect:293 282 214 86 52
Haiti2010_06.jpg 0x0
rect:626 160 625 792 91
rect:431 212 52 82 34
rect:203 274 228 279 91
rect:428 114 249 471 33
rect:498 235 81 46 6
rect:338 189 73 256 32
rect:163 306 50 42 34
ImperialValley1979_01.jpg 0x0
rect:49 314 110 150 50
rect:552 210 45 40 32
rect:523 297 22 17 49
rect:415 276 39 25 49
rect:17 449 76 61 49
rect:609 303 56 48 32
rect:483 412 27 20 49
rect:466 293 73 62 32
rect:15 399 182 142 32
rect:306 252 36 37 50
rect:314 282 44 55 50
ImperialValley1979_02.jpg 0x0
rect:238 108 159 220 32
rect:234 222 155 48 49
rect:202 188 203 86 92
rect:492 92 64 131 50
rect:241 130 67 137 50
rect:132 158 60 186 50
ImperialValley1979_03.jpg 0x0
rect:126 399 364 39 92
rect:119 251 166 150 32
rect:143 412 354 50 92
rect:276 368 68 149 50
rect:187 379 67 160 50
rect:203 224 195 154 32
rect:114 191 117 178 50
Izmit1999_01.jpg 0x0
rect:197 51 336 379 34
rect:395 226 72 76 26
rect:264 87 59 172 27
rect:203 154 40 114 27
rect:304 287 47 96 27
Izmit1999_02.jpg 0x0
rect:25 147 503 251 10
Izmit1999_03.jpg 0x0
rect:209 200 315 39 92
rect:151 66 46 259 50
rect:233 57 280 307 32
rect:401 82 37 174 50
rect:424 107 34 241 50
rect:204 54 353 322 93
rect:374 93 72 317 50
rect:286 166 50 240 50
Izmit1999_04.jpg 0x0
rect:36 302 49 58 34
rect:478 303 26 70 40
rect:410 363 20 57 40
rect:399 444 108 94 41
rect:47 429 45 131 41
rect:64 493 26 96 42
rect:73 646 191 145 88
rect:98 184 97 75 88
rect:277 62 86 123 48
rect:297 108 80 86 41
Izmit1999_05.jpg 0x0
rect:90 35 556 398 10
Izmit1999_06.jpg 0x0
rect:111 158 188 410 32
rect:178 230 174 77 49
rect:299 179 58 195 50
rect:253 289 37 155 50
rect:120 195 82 258 50
rect:72 215 67 193 50
Izmit1999_07.jpg 0x0
rect:208 315 33 173 3
rect:262 75 153 53 6
rect:264 178 28 92 3
rect:173 213 38 89 3
rect:23 90 315 754 2
rect:268 85 69 53 3
rect:305 291 97 343 4
Izmit1999_08.jpg 0x0
rect:140 21 117 76 34
rect:196 205 272 98 88
rect:610 86 60 89 41
rect:584 6 117 91 45
rect:181 377 99 106 45
rect:445 109 66 31 52
rect:160 88 92 75 41
Izmit1999_09.jpg 0x0
rect:767 215 45 84 41
rect:707 236 58 94 94
rect:35 252 49 67 41
rect:274 322 94 87 94
rect:445 289 94 84 41
rect:205 218 35 39 41
Izmit1999_10.jpg 0x0
rect:61 211 423 32 78
rect:231 446 97 43 78
rect:260 364 65 102 40
rect:259 138 66 165 40
rect:265 165 121 97 40
rect:161 211 114 185 40
rect:314 684 131 146 40
rect:135 302 189 60 78
rect:198 626 81 20 78
rect:59 148 370 489 41
rect:78 184 84 236 40
Izmit1999_11.jpg 0x0
rect:289 253 53 133 40
rect:327 195 90 177 40
rect:222 334 110 92 41
rect:162 148 92 230 41
rect:150 383 59 183 40
Izmit1999_12.jpg 0x0
rect:353 213 66 118 52
rect:71 268 35 48 40
rect:66 294 58 62 52
rect:303 187 42 37 6
rect:308 304 127 139 94
rect:1 273 33 32 41
rect:562 35 95 77 34
rect:449 118 85 43 7
rect:156 254 95 48 88
rect:62 224 68 80 94
rect:547 245 234 255 91
rect:486 275 74 50 41
rect:312 104 45 73 45
rect:570 99 43 62 41
rect:277 265 76 130 41
rect:15 72 43 28 6
rect:72 92 36 27 6
rect:331 174 52 79 42
Izmit1999_13.jpg 0x0
rect:5 94 104 214 42
rect:137 184 41 84 41
rect:101 246 37 111 41
rect:378 120 70 214 41
rect:96 182 131 106 94
rect:232 105 52 87 41
rect:257 84 149 370 48
rect:124 157 72 38 6
rect:194 301 63 45 52
Izmit1999_14.jpg 0x0
rect:44 137 120 62 34
rect:536 6 144 72 35
rect:324 58 102 64 34
rect:370 265 88 40 34
rect:309 420 37 42 34
rect:479 130 71 62 35
rect:337 394 46 21 34
rect:596 339 86 52 34
rect:408 50 61 48 95
Izmit1999_15.jpg 0x0
rect:171 204 259 493 42
Izmit1999_16.jpg 0x0
rect:113 127 152 177 41
rect:143 140 45 138 40
rect:97 84 302 376 39
rect:121 64 493 559 33
Izmit1999_17.jpg 0x0
rect:94 142 239 282 41
Izmit1999_18.jpg 0x0
rect:252 123 160 189 41
rect:174 146 183 206 39
Izmit1999_19.jpg 0x0
rect:296 89 319 242 32
rect:322 120 30 117 50
rect:232 78 205 339 96
rect:393 205 18 90 50
Kobe1995_01.jpg 0x0
rect:18 173 825 129 63
Kobe1995_02.jpg 0x0
rect:2 61 450 670 68
Kobe1995_03.jpg 0x0
rect:40 50 333 589 10
Kobe1995_04.jpg 0x0
rect:383 229 44 55 41
Kobe1995_05.jpg 0x0
rect:157 119 145 641 52
rect:4 158 101 556 40
rect:69 717 230 124 78
rect:414 123 211 554 40
rect:38 230 338 70 78
Kobe1995_06.jpg 0x0
rect:134 318 213 411 42
rect:46 130 329 361 41
Kobe1995_07.jpg 0x0
rect:432 373 38 28 39
rect:553 381 37 43 39
rect:93 361 35 29 39
rect:460 328 41 27 39
rect:46 273 49 60 39
rect:298 479 36 33 39
rect:336 166 30 47 39
rect:426 137 32 44 39
rect:222 173 26 46 39
rect:245 359 46 31 39
rect:85 263 23 35 39
rect:276 297 43 18 39
rect:195 362 29 32 39
rect:306 179 34 44 39
rect:433 422 62 54 39
rect:176 275 27 34 39
rect:55 266 40 33 39
rect:542 145 40 52 39
rect:167 207 42 39 39
rect:206 600 42 43 39
rect:140 156 28 30 39
rect:255 264 39 46 39
rect:466 183 36 45 39
rect:243 111 23 26 39
rect:177 155 29 53 39
rect:521 358 34 47 39
Kobe1995_08.jpg 0x0
rect:280 67 331 263 97
Kobe1995_09.jpg 0x0
rect:118 695 95 107 88
rect:79 451 87 74 88
rect:114 419 89 61 88
rect:245 595 168 91 97
SanSalvador_1986_01.jpg 0x0
rect:53 3 105 190 68
rect:330 182 114 222 41
SanSalvador_1986_02.jpg 0x0
rect:288 143 13 27 41
rect:211 187 30 29 41
rect:129 321 24 29 41
rect:550 153 35 45 41
rect:239 226 23 47 41
rect:255 250 47 45 41
rect:159 250 26 35 41
rect:540 134 33 49 42
rect:363 318 54 59 41
SikkimIndia2001_01.jpg 0x0
rect:198 183 168 101 34
SikkimIndia2001_02.jpg 0x0
rect:410 85 92 174 33
rect:351 96 106 41 16
rect:9 6 309 72 16
rect:9 200 60 37 54
rect:477 252 99 16 16
rect:385 165 61 35 16
rect:-19 2 304 89 33
rect:192 56 139 401 33
SikkimIndia2001_03.jpg 0x0
rect:305 193 115 155 70
rect:222 123 88 244 69
rect:268 13 144 422 98
SikkimIndia2001_04.jpg 0x0
rect:454 177 183 81 99
rect:3 21 277 354 99
rect:299 159 95 135 34
SumatraInd2009_01.jpg 0x0
rect:353 22 61 349 81
SumatraInd2009_02.jpg 0x0
rect:217 54 171 207 41
WhittierNarrows1987_01.jpg 0x0
rect:17 22 921 298 10
WhittierNarrows1987_02.jpg 0x0
rect:136 348 116 247 41
WhittierNarrows1987_03.jpg 0x0
rect:279 121 198 334 32
WhittierNarrows1987_04.jpg 0x0
rect:141 7 245 65 6
rect:247 18 235 100 100
rect:229 63 75 212 41
YogyakartaInd2006_01.jpg 0x0
rect:125 -28 363 371 29
rect:192 50 258 313 32
rect:365 135 259 74 49
YogyakartaInd2006_02.jpg 0x0
rect:234 78 184 357 98
rect:249 99 57 176 69
rect:321 114 89 206 70
