Anchorage1964_01.jpg 0x0
rect:66 330 220 277 1
rect:77 7 180 159 1
Anchorage1964_02.jpg 0x0
rect:140 130 74 64 7
rect:253 353 30 55 3
rect:87 276 41 16 6
rect:236 205 348 90 2
rect:93 36 110 16 6
rect:196 90 81 99 4
rect:178 314 18 50 3
rect:618 287 18 58 3
rect:378 211 20 56 3
rect:44 31 198 46 5
rect:396 142 95 66 4
rect:331 218 18 47 3
rect:72 154 20 19 6
rect:540 351 26 52 3
rect:226 28 335 78 4
rect:472 80 113 94 8
rect:34 217 117 35 5
rect:488 244 17 70 3
rect:236 265 19 81 3
Anchorage1964_03.jpg 0x0
rect:246 113 460 207 9
rect:0 349 486 89 10
rect:2 229 279 55 9
Anchorage1964_04.jpg 0x0
rect:126 68 42 16 5
rect:364 459 22 23 1
rect:302 306 26 31 1
rect:310 159 33 17 5
rect:219 53 33 14 5
rect:257 288 17 20 1
rect:146 589 40 14 5
rect:246 302 9 1 1
rect:180 24 28 22 5
rect:242 481 28 21 5
rect:370 231 20 20 5
rect:125 170 29 25 5
rect:277 243 16 39 1
rect:410 314 25 16 5
rect:288 393 38 21 5
rect:241 256 20 26 1
rect:281 186 31 18 5
rect:217 184 26 14 5
rect:334 479 14 27 1
rect:123 184 20 18 5
rect:372 298 22 16 5
rect:423 96 39 21 5
rect:161 339 44 22 5
rect:138 328 24 19 5
rect:358 300 30 20 5
rect:185 259 23 24 8
rect:209 370 31 19 5
rect:391 179 39 23 5
rect:194 440 73 20 2
rect:313 167 19 30 1
rect:161 287 28 18 5
rect:366 299 12 26 1
rect:328 75 47 22 5
rect:338 161 18 38 1
rect:306 28 32 22 5
rect:182 115 41 16 5
rect:395 357 29 14 5
rect:260 499 22 32 1
rect:298 195 12 28 1
Anchorage1964_05.jpg 0x0
rect:400 1 44 41 1
rect:563 255 66 38 5
rect:65 102 22 43 1
rect:89 357 20 63 1
rect:25 325 30 69 1
rect:91 30 17 47 1
rect:213 136 24 17 11
rect:193 36 106 45 6
rect:93 126 18 67 1
rect:550 216 59 26 6
rect:553 223 37 69 8
rect:567 20 44 48 1
rect:165 198 87 23 5
rect:349 236 33 82 1
rect:359 101 41 65 1
rect:577 293 46 34 5
rect:522 139 27 65 1
rect:40 415 24 63 1
rect:458 215 53 17 11
rect:162 171 92 40 6
rect:271 136 118 72 2
rect:107 272 27 49 1
rect:635 108 41 70 1
rect:192 57 107 22 5
rect:582 338 54 47 1
rect:711 355 44 15 6
rect:436 474 37 86 8
rect:86 85 28 57 1
rect:62 232 19 42 1
Anchorage1964_06.jpg 0x0
rect:152 108 113 344 3
rect:208 221 74 91 11
rect:84 75 266 345 12
Anchorage1964_07.jpg 0x0
rect:315 196 64 137 13
rect:339 83 191 144 11
rect:205 128 40 163 3
rect:7 45 531 308 2
rect:260 332 371 186 2
rect:512 237 74 95 11
rect:17 214 291 35 11
rect:226 2 125 49 2
rect:8 232 278 39 14
Anchorage1964_08.jpg 0x0
rect:62 325 134 107 1
rect:55 498 124 157 1
rect:385 283 153 132 1
rect:330 41 104 80 1
rect:35 64 125 156 1
rect:299 574 93 112 1
Anchorage1964_09.jpg 0x0
rect:16 15 61 14 16
rect:323 137 57 71 1
rect:595 10 116 10 16
rect:102 324 88 70 8
rect:9 174 122 16 15
rect:363 131 123 22 15
rect:495 155 162 14 15
rect:171 178 218 15 15
rect:502 152 69 92 1
rect:435 7 377 13 15
rect:91 53 87 62 8
rect:553 192 1 1 16
rect:43 142 65 10 16
rect:12 14 400 14 15
rect:94 174 92 72 1
rect:552 23 63 82 8
rect:654 269 95 72 8
rect:449 117 65 93 1
rect:16 146 16 10 16
Anchorage1964_10.jpg 0x0
rect:115 172 177 105 18
rect:246 366 112 89 17
rect:101 406 367 99 18
rect:81 193 366 346 1
Anchorage1964_11.jpg 0x0
rect:80 576 443 11 14
rect:230 205 367 21 15
rect:686 164 204 126 1
rect:223 249 224 37 11
rect:135 187 361 77 2
rect:529 8 122 41 1
rect:76 349 782 17 14
rect:92 46 121 94 4
Anchorage1964_12.jpg 0x0
rect:234 204 21 89 3
rect:12 61 579 217 2
rect:487 94 65 150 3
rect:336 89 203 177 11
rect:378 78 55 191 3
Anchorage1964_13.jpg 0x0
rect:428 404 27 176 20
rect:250 619 129 19 2
rect:408 378 88 13 19
Anchorage1964_14.jpg 0x0
rect:12 657 231 88 11
rect:260 802 218 68 23
rect:450 6 80 151 11
rect:19 724 30 79 22
rect:103 219 124 27 15
rect:261 15 72 279 11
rect:42 571 62 61 22
rect:99 546 36 64 22
rect:166 697 38 57 22
rect:267 16 115 859 20
rect:409 284 192 66 15
rect:188 291 65 84 21
Anchorage1964_15.jpg 0x0
rect:402 214 110 49 11
rect:279 9 114 68 4
rect:303 360 119 46 24
rect:240 597 287 72 2
rect:216 145 54 115 25
rect:152 71 54 578 20
rect:291 10 74 48 4
rect:202 94 31 84 11
rect:262 336 129 35 15
Anchorage1964_16.jpg 0x0
rect:203 197 307 190 11
rect:113 412 99 116 11
rect:283 95 273 126 2
rect:14 253 80 103 2
rect:501 220 135 253 2
rect:10 106 235 247 2
Anchorage1964_17.jpg 0x0
rect:11 123 243 165 9
rect:318 63 181 145 9
rect:8 259 670 267 10
Anchorage1964_18.jpg 0x0
rect:138 323 88 52 11
rect:360 374 408 29 15
rect:565 394 38 20 2
rect:680 117 98 99 4
rect:453 264 27 51 11
rect:444 348 91 16 2
rect:119 206 19 37 11
rect:440 156 119 82 4
rect:672 353 79 13 2
rect:190 194 65 135 4
Anchorage1964_19.jpg 0x0
rect:377 142 8 14 26
rect:463 194 17 36 26
rect:561 245 7 18 26
rect:6 225 95 123 26
rect:565 91 14 43 26
rect:306 120 17 62 29
rect:253 104 41 51 26
rect:382 61 51 100 29
rect:772 251 8 16 26
rect:339 153 35 20 26
rect:388 183 20 39 26
rect:477 188 39 42 28
rect:756 141 7 8 26
rect:23 278 28 112 27
rect:334 371 58 74 26
rect:291 135 27 27 27
rect:512 98 38 95 29
rect:376 175 35 25 28
Anchorage1964_20.jpg 0x0
rect:362 682 35 57 26
rect:218 578 85 172 26
rect:283 134 57 34 27
rect:217 56 108 173 29
rect:175 79 80 87 26
Anchorage1964_21.jpg 0x0
rect:56 326 26 34 26
rect:-6 62 77 197 29
rect:2 100 56 39 26
rect:196 192 465 200 30
Bingol2003_01.jpg 0x0
rect:522 152 84 68 6
rect:158 242 85 66 33
rect:356 156 40 84 34
rect:370 257 49 41 6
rect:214 198 95 50 33
rect:37 186 92 80 33
rect:436 111 133 230 31
rect:595 443 76 60 33
rect:729 284 110 75 33
rect:579 393 207 157 31
rect:569 423 89 55 33
rect:431 300 117 102 6
rect:491 388 59 51 34
rect:410 289 67 252 32
rect:2 325 1184 260 10
rect:453 58 104 69 6
rect:169 106 87 26 6
rect:375 567 218 88 6
rect:598 266 61 49 6
Bingol2003_02.jpg 0x0
rect:170 274 95 417 32
rect:271 318 567 491 31
rect:415 248 325 107 35
rect:269 347 71 92 6
rect:483 242 104 105 26
rect:139 625 143 218 32
rect:788 87 121 101 36
rect:189 128 312 125 34
Bingol2003_03.jpg 0x0
rect:117 21 152 30 2
rect:580 181 322 479 4
rect:829 -8 255 219 4
rect:145 58 97 105 33
rect:313 218 446 133 2
rect:1049 352 271 472 2
rect:369 196 172 87 11
Bingol2003_04.jpg 0x0
rect:334 198 151 211 4
rect:100 758 25 96 3
rect:72 499 91 99 2
rect:162 693 23 60 3
rect:131 676 30 63 3
rect:355 434 148 96 2
rect:194 378 188 166 2
rect:173 316 42 92 3
CanterburyNZSeries2010_01.jpg 0x0
rect:112 145 151 324 12
CanterburyNZSeries2010_02.jpg 0x0
rect:39 40 121 199 6
rect:37 9 151 349 37
CanterburyNZSeries2010_03.jpg 0x0
rect:47 80 245 166 38
CanterburyNZSeries2010_04.jpg 0x0
rect:248 9 98 188 42
rect:315 321 37 212 40
rect:359 506 20 34 40
rect:278 461 60 90 40
rect:176 572 115 220 41
rect:263 524 22 75 40
rect:225 289 205 261 39
rect:276 295 14 50 40
CanterburyNZSeries2010_05.jpg 0x0
rect:391 187 137 90 15
rect:337 251 265 290 4
CanterburyNZSeries2010_06.jpg 0x0
rect:82 151 625 742 4
rect:277 192 199 102 2
CanterburyNZSeries2010_08.jpg 0x0
rect:521 129 124 199 43
rect:949 390 119 144 44
rect:1139 420 47 127 44
rect:651 559 30 121 32
CanterburyNZSeries2010_09.jpg 0x0
rect:320 420 143 330 39
rect:259 112 200 260 45
CanterburyNZSeries2010_10.jpg 0x0
rect:356 232 337 98 7
rect:314 400 254 53 46
rect:213 242 414 274 6
rect:294 353 259 139 6
CanterburyNZSeries2010_11.jpg 0x0
rect:260 293 247 208 5
rect:420 202 266 96 7
CanterburyNZSeries2010_12.jpg 0x0
rect:646 450 156 56 11
rect:204 478 118 54 11
rect:44 242 689 299 2
rect:6 233 745 528 47
CanterburyNZSeries2010_13.jpg 0x0
rect:201 17 457 877 12
rect:323 126 143 437 11
Caracas1967_01.jpg 0x0
rect:340 165 8 45 48
rect:460 65 193 337 48
rect:215 158 38 104 48
rect:330 155 98 109 48
Caracas1967_02.jpg 0x0
rect:227 175 250 368 51
rect:169 1 143 155 15
rect:131 393 31 46 50
rect:120 379 44 55 49
Caracas1967_03.jpg 0x0
rect:235 300 24 117 27
rect:342 276 23 64 27
rect:17 399 297 89 6
rect:274 234 119 157 34
rect:289 270 74 95 26
rect:340 86 100 123 14
Caracas1967_04.jpg 0x0
rect:125 370 136 119 34
rect:155 344 66 142 26
rect:107 384 20 90 27
Caracas1967_05.jpg 0x0
rect:51 293 48 182 40
rect:195 209 118 176 52
rect:261 336 38 287 40
rect:355 263 33 191 40
rect:254 239 43 155 40
rect:82 351 271 228 52
rect:40 123 355 524 41
rect:143 258 54 252 40
rect:247 223 41 289 40
rect:35 74 496 595 48
Caracas1967_06.jpg 0x0
rect:240 127 281 208 7
rect:458 243 73 52 6
Caracas1967_07.jpg 0x0
rect:175 119 187 252 34
rect:425 55 30 257 27
rect:238 147 44 231 27
rect:328 401 79 84 53
rect:495 6 89 212 34
rect:292 210 175 264 34
rect:323 296 96 102 53
Caracas1967_08.jpg 0x0
rect:183 224 65 108 54
rect:351 236 70 156 54
rect:273 295 71 105 55
Caracas1967_09.jpg 0x0
rect:352 10 189 196 48
rect:22 314 67 71 48
rect:194 189 90 107 48
rect:98 255 47 49 48
Caracas1967_10.jpg 0x0
rect:18 149 526 397 48
rect:400 171 102 164 40
rect:46 170 244 250 41
rect:309 314 96 165 40
Caracas1967_11.jpg 0x0
rect:59 294 200 455 41
rect:45 13 429 894 48
rect:375 11 208 331 41
Caracas1967_12.jpg 0x0
rect:596 238 26 37 34
rect:246 260 30 47 56
rect:898 212 23 63 32
rect:685 417 24 49 32
Caracas1967_13.jpg 0x0
rect:157 398 137 207 55
Caracas1967_14.jpg 0x0
rect:142 258 347 55 6
rect:95 95 796 248 57
Chichi1999_01.jpg 0x0
rect:4 8 786 172 58
rect:370 132 45 216 42
Chichi1999_02.jpg 0x0
rect:483 137 238 298 59
rect:6 97 299 115 58
Chichi1999_03.jpg 0x0
rect:0 166 796 174 58
rect:93 175 82 82 60
Chichi1999_04.jpg 0x0
rect:202 150 89 414 48
rect:262 323 26 72 52
rect:278 -11 63 91 48
Chichi1999_05.jpg 0x0
rect:346 232 45 58 52
rect:327 303 36 39 41
rect:449 92 44 42 41
rect:424 131 99 251 48
Chichi1999_06.jpg 0x0
rect:335 180 36 80 48
rect:171 14 603 162 10
rect:442 194 25 24 52
rect:626 206 48 42 41
rect:639 -14 96 76 61
rect:417 141 71 66 62
Chichi1999_07.jpg 0x0
rect:65 184 687 142 63
rect:527 243 52 124 48
rect:187 123 20 53 64
rect:397 165 25 46 64
rect:490 279 48 167 48
rect:177 129 37 118 48
rect:738 248 12 26 64
Chichi1999_08.jpg 0x0
rect:92 15 706 315 10
Chichi1999_09.jpg 0x0
rect:182 127 157 125 41
rect:341 80 39 80 40
rect:179 83 199 166 48
rect:171 113 32 71 40
Chichi1999_10.jpg 0x0
rect:161 14 432 334 10
Chichi1999_11.jpg 0x0
rect:159 224 130 120 65
rect:2 164 206 415 10
Chichi1999_12.jpg 0x0
rect:12 31 428 690 66
Chichi1999_13.jpg 0x0
rect:36 50 749 414 10
Chichi1999_14.jpg 0x0
rect:69 472 38 43 67
rect:130 394 47 61 67
rect:184 178 18 46 67
rect:207 338 36 48 67
rect:190 589 37 34 67
rect:147 156 101 61 67
rect:276 334 42 35 39
rect:438 490 73 72 67
rect:198 509 27 49 67
rect:273 339 40 34 39
rect:80 348 36 29 67
rect:155 181 32 43 67
rect:144 419 32 59 67
rect:122 270 55 78 67
rect:250 637 23 35 39
rect:313 309 30 59 67
rect:374 408 28 16 39
Chichi1999_15.jpg 0x0
rect:263 28 262 508 41
Chichi1999_16.jpg 0x0
rect:191 106 49 154 32
Chichi1999_17.jpg 0x0
rect:133 354 17 56 32
Chichi1999_18.jpg 0x0
rect:166 140 163 530 68
rect:254 299 33 147 70
rect:228 280 27 96 69
rect:218 191 48 79 69
rect:368 406 31 102 69
rect:162 248 26 90 69
Chichi1999_19.jpg 0x0
rect:233 27 245 269 2
rect:184 150 227 253 3
YogyakartaInd2006_03.jpg 0x0
rect:309 18 111 2 15
rect:244 55 94 61 15
rect:482 91 70 52 16
rect:195 185 16 7 16
rect:178 123 64 33 15
rect:211 445 255 21 15
rect:371 497 54 32 16
rect:294 301 258 142 71
Chichi1999_20.jpg 0x0
rect:221 247 119 373 42
rect:334 428 60 180 41
Chichi1999_21.jpg 0x0
rect:547 5 146 93 57
rect:206 350 219 195 37
rect:69 268 185 107 5
rect:18 3 192 204 30
rect:413 27 254 254 37
rect:368 132 118 125 6
rect:350 296 90 109 6
rect:198 114 273 293 72
Chichi1999_22.jpg 0x0
rect:196 254 18 23 73
rect:325 177 18 26 73
rect:352 262 18 26 73
rect:209 190 267 172 10
Chichi1999_23.jpg 0x0
rect:256 222 48 45 73
rect:123 114 41 67 73
rect:319 390 87 123 73
rect:383 237 47 86 34
rect:239 228 19 32 26
rect:141 131 30 22 34
rect:4 76 393 144 74
rect:95 242 42 103 34
rect:114 351 48 106 73
rect:392 197 29 23 27
Chichi1999_24.jpg 0x0
rect:142 253 57 65 34
rect:3 402 276 266 74
rect:262 328 1 2 46
rect:270 162 45 63 46
rect:182 137 154 71 75
Chichi1999_25.jpg 0x0
rect:161 182 174 311 73
rect:133 298 151 218 34
rect:165 240 54 57 26
Chichi1999_26.jpg 0x0
rect:198 199 142 510 76
rect:112 370 131 117 73
rect:321 22 51 31 73
rect:135 724 81 71 26
rect:127 531 110 130 27
rect:179 182 56 111 73
Chichi1999_27.jpg 0x0
rect:133 258 86 397 32
Chichi1999_28.jpg 0x0
rect:366 98 171 241 75
rect:164 82 151 208 5
rect:18 70 377 154 6
rect:352 267 207 91 77
Chichi1999_29.jpg 0x0
rect:174 277 130 120 40
rect:112 163 138 379 48
rect:177 308 70 174 52
Chichi1999_30.jpg 0x0
rect:240 232 168 59 78
rect:37 337 102 180 73
rect:247 138 227 257 40
rect:155 118 145 96 52
Chichi1999_31.jpg 0x0
rect:207 115 115 339 79
rect:667 110 59 212 48
Chichi1999_32.jpg 0x0
rect:141 233 27 104 81
rect:233 48 57 145 81
rect:167 8 116 267 80
rect:433 191 66 241 39
Chichi1999_33.jpg 0x0
rect:258 123 94 283 56
rect:122 118 52 80 49
rect:94 83 62 281 32
rect:88 66 138 469 33
rect:258 68 143 244 32
rect:301 186 33 81 49
Chichi1999_34.jpg 0x0
rect:128 85 372 358 10
Duzce1999_01.jpg 0x0
rect:94 71 124 232 39
rect:164 154 80 159 41
Duzce1999_02.jpg 0x0
rect:80 59 173 412 41
Duzce1999_03.jpg 0x0
rect:0 160 121 255 31
rect:82 128 123 265 42
rect:248 125 65 214 31
Gediz1970_01.jpg 0x0
rect:252 300 67 200 69
rect:169 130 200 625 68
rect:157 333 88 335 69
Guatemala1976_01.jpg 0x0
rect:640 128 47 100 41
rect:29 119 714 159 82
rect:529 107 180 160 48
rect:57 210 84 59 52
rect:59 177 61 38 41
rect:32 111 84 103 48
Guatemala1976_02.jpg 0x0
rect:229 45 113 69 40
rect:148 67 202 260 48
Guatemala1976_03.jpg 0x0
rect:15 66 823 251 75
Guatemala1976_04.jpg 0x0
rect:153 30 282 85 30
rect:500 341 119 314 4
rect:38 87 378 264 30
rect:408 171 136 437 4
Guatemala1976_05.jpg 0x0
rect:172 142 446 174 40
rect:156 207 390 119 41
rect:125 68 398 425 48
Guatemala1976_06.jpg 0x0
rect:131 130 274 494 39
Guatemala1976_07.jpg 0x0
rect:272 472 137 71 83
rect:22 280 51 74 6
rect:24 201 346 388 10
Guatemala1976_08.jpg 0x0
rect:438 101 176 332 40
rect:133 43 425 412 41
rect:121 31 421 412 48
Guatemala1976_09.jpg 0x0
rect:108 367 40 22 84
rect:352 218 78 30 85
rect:192 183 58 62 85
rect:189 202 30 23 84
rect:283 304 45 75 84
rect:485 278 67 58 85
rect:72 226 39 32 85
rect:617 268 57 79 84
Guatemala1976_10.jpg 0x0
rect:232 325 32 90 87
rect:145 167 299 185 87
rect:218 149 195 313 86
Guatemala1976_11.jpg 0x0
rect:218 275 146 204 34
GujaratIndia2001_01.jpg 0x0
rect:169 426 213 99 2
rect:249 501 69 53 11
rect:83 548 72 36 2
rect:40 356 128 137 4
Haiti2010_01.jpg 0x0
rect:220 158 170 452 41
rect:368 346 28 138 40
rect:597 611 221 185 4
rect:392 256 107 92 4
rect:97 39 103 123 7
Haiti2010_02.jpg 0x0
rect:53 124 581 276 88
rect:356 25 127 35 14
Haiti2010_03.jpg 0x0
rect:182 522 209 260 89
rect:305 1 67 575 32
rect:251 526 58 82 49
rect:214 383 238 140 32
Haiti2010_04.jpg 0x0
rect:2 145 352 175 6
rect:204 410 267 517 41
rect:239 62 166 235 34
Haiti2010_05.jpg 0x0
rect:218 320 38 94 40
rect:298 165 282 562 90
rect:469 246 30 102 40
rect:335 159 196 130 52
Haiti2010_06.jpg 0x0
rect:544 211 228 305 33
rect:206 331 372 327 91
rect:494 143 85 99 34
rect:414 163 52 225 32
rect:195 217 50 42 34
rect:353 182 65 44 6
rect:690 222 541 687 91
ImperialValley1979_01.jpg 0x0
rect:14 248 52 79 49
rect:442 299 44 30 49
rect:430 404 37 42 32
rect:12 235 127 103 32
rect:391 258 38 60 32
rect:625 411 17 16 49
rect:646 276 34 29 32
rect:50 283 105 123 50
rect:619 240 26 18 49
rect:566 393 29 44 50
rect:285 382 54 74 50
ImperialValley1979_02.jpg 0x0
rect:378 154 118 173 50
rect:275 233 100 43 49
rect:241 85 249 177 32
rect:179 222 254 53 92
rect:382 119 59 123 50
rect:189 113 69 140 50
ImperialValley1979_03.jpg 0x0
rect:273 326 51 180 50
rect:83 208 62 172 50
rect:166 329 267 142 32
rect:155 407 112 131 50
rect:97 442 275 34 92
rect:179 135 154 161 32
rect:91 563 233 40 92
Izmit1999_01.jpg 0x0
rect:493 253 57 65 26
rect:198 108 71 143 27
rect:214 87 295 421 34
rect:247 226 43 99 27
rect:246 150 48 142 27
Izmit1999_02.jpg 0x0
rect:19 156 649 262 10
Izmit1999_03.jpg 0x0
rect:574 81 31 160 50
rect:171 243 305 32 92
rect:268 92 44 252 50
rect:156 104 67 317 50
rect:598 70 41 349 50
rect:108 36 405 443 93
rect:235 156 29 209 50
rect:264 45 247 414 32
Izmit1999_04.jpg 0x0
rect:443 438 22 52 40
rect:131 273 124 82 88
rect:322 296 77 95 41
rect:350 360 30 83 40
rect:295 63 75 120 48
rect:51 322 61 99 41
rect:43 529 45 47 34
rect:82 388 40 98 42
rect:134 487 201 136 88
rect:253 76 86 81 41
Izmit1999_05.jpg 0x0
rect:99 33 800 424 10
Izmit1999_06.jpg 0x0
rect:143 321 191 95 49
rect:61 292 53 242 50
rect:115 198 57 296 50
rect:292 208 42 209 50
rect:323 262 41 137 50
rect:138 213 200 452 32
Izmit1999_07.jpg 0x0
rect:297 81 173 51 6
rect:314 205 35 120 3
rect:116 298 34 131 3
rect:248 271 92 304 4
rect:20 100 504 647 2
rect:367 104 63 56 3
rect:220 276 56 122 3
Izmit1999_08.jpg 0x0
rect:155 118 90 100 41
rect:153 27 67 108 34
rect:107 447 81 72 45
rect:590 7 86 88 45
rect:540 75 49 21 52
rect:562 104 65 94 41
rect:272 213 181 118 88
Izmit1999_09.jpg 0x0
rect:461 329 74 78 41
rect:412 200 87 131 94
rect:244 295 95 114 41
rect:44 186 57 58 41
rect:289 160 39 43 41
rect:796 314 75 101 94
Izmit1999_10.jpg 0x0
rect:214 532 122 149 40
rect:94 167 381 341 41
rect:273 101 171 166 40
rect:56 104 96 214 40
rect:156 453 185 44 78
rect:144 354 307 58 78
rect:303 588 58 61 40
rect:105 280 74 328 40
rect:162 161 75 212 40
rect:274 387 65 25 78
rect:50 283 426 34 78
Izmit1999_11.jpg 0x0
rect:242 459 105 163 41
rect:219 351 81 179 40
rect:154 201 61 186 40
rect:407 331 84 208 40
rect:181 272 170 121 41
Izmit1999_12.jpg 0x0
rect:380 164 67 80 41
rect:404 94 43 81 41
rect:19 74 58 29 6
rect:323 225 56 143 42
rect:601 176 207 207 91
rect:384 318 42 142 52
rect:1 229 32 39 41
rect:351 166 46 26 6
rect:198 204 75 79 88
rect:336 252 98 118 41
rect:97 89 32 17 6
rect:405 31 69 73 34
rect:284 189 83 61 7
rect:48 287 51 70 94
rect:411 353 121 162 94
rect:290 138 40 60 45
rect:48 351 77 53 52
rect:61 395 22 55 40
Izmit1999_13.jpg 0x0
rect:210 93 52 75 41
rect:170 360 62 49 52
rect:97 263 136 94 94
rect:253 262 41 80 41
rect:99 171 72 50 6
rect:440 155 113 208 41
rect:5 95 81 153 42
rect:369 62 137 456 48
rect:123 194 42 124 41
Izmit1999_14.jpg 0x0
rect:365 98 107 94 34
rect:551 57 69 50 95
rect:459 8 117 52 35
rect:426 315 61 53 34
rect:233 360 61 37 34
rect:448 380 33 16 34
rect:47 142 87 65 34
rect:587 297 54 54 34
rect:489 194 92 99 35
Izmit1999_15.jpg 0x0
rect:142 169 197 347 42
Izmit1999_16.jpg 0x0
rect:109 58 492 565 33
rect:121 58 189 285 39
rect:177 113 51 87 40
rect:144 78 158 136 41
Izmit1999_17.jpg 0x0
rect:90 160 247 289 41
Izmit1999_18.jpg 0x0
rect:203 169 150 161 41
rect:127 154 193 208 39
Izmit1999_19.jpg 0x0
rect:335 148 38 120 50
rect:334 141 30 68 50
rect:291 95 234 162 32
rect:278 77 340 278 96
Kobe1995_01.jpg 0x0
rect:31 175 882 185 63
Kobe1995_02.jpg 0x0
rect:2 47 464 758 68
Kobe1995_03.jpg 0x0
rect:29 48 382 640 10
Kobe1995_04.jpg 0x0
rect:457 316 41 49 41
Kobe1995_05.jpg 0x0
rect:4 157 156 443 40
rect:301 162 167 508 40
rect:66 465 254 131 78
rect:111 188 159 662 52
rect:46 271 348 79 78
Kobe1995_06.jpg 0x0
rect:199 387 283 388 42
rect:61 126 294 346 41
Kobe1995_07.jpg 0x0
rect:212 304 23 35 39
rect:346 182 46 53 39
rect:151 262 35 41 39
rect:182 105 24 39 39
rect:51 219 49 55 39
rect:190 286 33 51 39
rect:444 470 62 36 39
rect:225 269 25 40 39
rect:429 370 36 41 39
rect:560 349 31 45 39
rect:326 162 49 31 39
rect:224 190 28 43 39
rect:177 466 29 30 39
rect:123 289 24 44 39
rect:428 253 33 28 39
rect:223 391 31 44 39
rect:276 305 35 49 39
rect:379 223 52 38 39
rect:418 103 39 53 39
rect:520 267 35 37 39
rect:45 276 44 24 39
rect:319 310 35 26 39
rect:121 212 34 29 39
rect:82 293 44 37 39
rect:142 108 25 30 39
rect:259 217 38 48 39
Kobe1995_08.jpg 0x0
rect:279 58 481 185 97
Kobe1995_09.jpg 0x0
rect:199 482 247 79 97
rect:121 579 77 69 88
rect:124 456 67 63 88
rect:97 559 65 93 88
SanSalvador_1986_01.jpg 0x0
rect:274 109 134 217 41
rect:75 3 88 249 68
SanSalvador_1986_02.jpg 0x0
rect:255 146 13 31 41
rect:284 245 60 47 41
rect:157 159 37 41 41
rect:223 136 31 41 41
rect:137 242 31 33 41
rect:308 339 28 37 41
rect:412 275 39 56 41
rect:581 225 28 58 42
rect:543 197 27 30 41
SikkimIndia2001_01.jpg 0x0
rect:248 211 96 103 34
SikkimIndia2001_02.jpg 0x0
rect:311 92 77 29 16
rect:10 7 361 74 16
rect:503 130 113 170 33
rect:516 196 130 17 16
rect:216 55 183 470 33
rect:-14 2 361 97 33
rect:390 249 64 54 16
rect:8 166 72 53 54
SikkimIndia2001_03.jpg 0x0
rect:221 114 54 250 69
rect:279 175 94 172 70
rect:157 12 230 395 98
SikkimIndia2001_04.jpg 0x0
rect:3 34 264 320 99
rect:321 200 79 160 34
rect:394 142 324 100 99
SumatraInd2009_01.jpg 0x0
rect:212 17 63 330 81
SumatraInd2009_02.jpg 0x0
rect:181 72 207 231 41
WhittierNarrows1987_01.jpg 0x0
rect:15 22 923 350 10
WhittierNarrows1987_02.jpg 0x0
rect:182 196 96 340 41
WhittierNarrows1987_03.jpg 0x0
rect:333 127 179 188 32
WhittierNarrows1987_04.jpg 0x0
rect:249 10 213 123 100
rect:197 6 216 89 6
rect:184 47 81 273 41
YogyakartaInd2006_01.jpg 0x0
rect:222 96 231 99 49
rect:146 -17 388 413 29
rect:270 43 440 314 32
YogyakartaInd2006_02.jpg 0x0
rect:452 74 101 307 98
rect:421 91 97 236 70
rect:305 83 40 150 69
