Anchorage1964_01.jpg 0x0
rect:101 7 236 195 1
rect:57 350 235 251 1
Anchorage1964_02.jpg 0x0
rect:50 19 185 45 5
rect:381 225 24 76 3
rect:432 299 13 53 3
rect:104 150 63 59 7
rect:600 317 14 40 3
rect:125 194 50 18 6
rect:206 179 445 96 2
rect:223 215 21 61 3
rect:103 279 22 27 6
rect:311 265 25 58 3
rect:89 34 116 11 6
rect:401 217 26 62 3
rect:23 203 100 35 5
rect:319 25 226 112 4
rect:311 250 25 65 3
rect:481 223 83 52 4
rect:521 65 110 111 8
rect:279 85 111 57 4
rect:381 218 25 45 3
Anchorage1964_03.jpg 0x0
rect:2 154 282 86 9
rect:0 351 744 58 10
rect:189 102 395 248 9
Anchorage1964_04.jpg 0x0
rect:337 255 8 1 1
rect:159 71 32 10 5
rect:300 226 14 27 1
rect:209 357 12 23 1
rect:440 75 36 18 5
rect:142 539 39 20 5
rect:165 560 66 16 2
rect:209 162 36 23 5
rect:173 126 34 17 5
rect:345 98 21 33 1
rect:437 32 25 17 5
rect:294 281 11 27 1
rect:182 190 25 16 5
rect:216 303 23 26 8
rect:311 467 21 34 1
rect:206 321 13 35 1
rect:390 296 23 17 5
rect:157 65 24 15 5
rect:240 353 23 12 5
rect:347 401 38 19 5
rect:291 316 22 21 5
rect:423 123 37 11 5
rect:272 107 30 17 5
rect:349 301 16 16 1
rect:298 107 13 19 1
rect:217 27 32 22 5
rect:216 348 39 22 5
rect:279 378 20 29 1
rect:145 201 25 28 5
rect:302 208 26 18 5
rect:169 255 30 14 5
rect:300 159 28 22 5
rect:327 190 16 23 1
rect:405 311 34 21 5
rect:199 296 30 16 5
rect:397 211 19 19 5
rect:253 391 31 16 5
rect:141 394 33 21 5
rect:259 521 27 34 1
Anchorage1964_05.jpg 0x0
rect:494 74 46 78 1
rect:786 419 40 15 6
rect:322 151 53 28 11
rect:137 148 152 46 6
rect:176 124 104 28 5
rect:434 246 56 45 5
rect:382 76 45 54 1
rect:605 29 28 45 1
rect:571 207 64 76 1
rect:321 318 60 47 8
rect:69 310 28 34 1
rect:62 298 23 67 1
rect:642 268 55 36 5
rect:102 80 17 62 1
rect:461 175 52 42 1
rect:357 260 18 25 11
rect:128 24 23 46 1
rect:25 494 19 64 1
rect:59 315 23 43 1
rect:84 52 21 32 1
rect:548 504 34 87 8
rect:660 183 48 58 1
rect:144 52 85 45 6
rect:99 148 19 57 1
rect:261 36 69 24 5
rect:614 325 58 29 6
rect:47 158 16 53 1
rect:269 144 146 59 2
rect:392 1 30 66 1
Anchorage1964_06.jpg 0x0
rect:206 162 116 264 3
rect:155 175 77 109 11
rect:137 89 189 426 12
Anchorage1964_07.jpg 0x0
rect:9 55 800 390 2
rect:13 187 284 34 11
rect:275 89 158 108 11
rect:303 154 107 94 11
rect:291 192 61 85 13
rect:190 2 108 48 2
rect:312 311 340 265 2
rect:270 103 53 136 3
rect:6 238 478 38 14
Anchorage1964_08.jpg 0x0
rect:299 34 119 122 1
rect:40 709 112 161 1
rect:444 642 85 127 1
rect:248 342 112 140 1
rect:59 240 101 136 1
rect:66 94 177 123 1
Anchorage1964_09.jpg 0x0
rect:772 125 174 21 15
rect:14 12 43 13 16
rect:119 292 66 77 8
rect:48 152 61 10 16
rect:11 95 100 17 15
rect:722 137 1 1 16
rect:369 6 370 10 15
rect:131 119 250 14 15
rect:377 322 60 76 8
rect:490 156 75 32 15
rect:116 184 60 71 1
rect:398 183 65 87 1
rect:272 110 80 92 1
rect:128 50 70 53 8
rect:9 15 514 13 15
rect:536 31 90 48 8
rect:241 203 63 83 1
rect:601 10 71 10 16
rect:12 97 18 9 16
Anchorage1964_10.jpg 0x0
rect:89 458 328 127 18
rect:91 254 326 340 1
rect:197 139 278 78 18
rect:230 252 67 157 17
Anchorage1964_11.jpg 0x0
rect:75 481 646 15 14
rect:165 168 305 20 15
rect:160 73 173 111 4
rect:74 154 668 79 2
rect:236 191 260 24 11
rect:480 6 116 29 1
rect:93 565 627 9 14
rect:553 100 182 76 1
Anchorage1964_12.jpg 0x0
rect:136 156 22 118 3
rect:253 82 46 169 3
rect:12 81 607 348 2
rect:326 61 45 266 3
rect:370 98 216 199 11
Anchorage1964_13.jpg 0x0
rect:292 534 155 15 19
rect:262 498 151 31 2
rect:587 392 37 121 20
Anchorage1964_14.jpg 0x0
rect:17 702 26 76 22
rect:324 751 220 105 23
rect:206 388 62 94 21
rect:390 279 175 39 15
rect:268 9 60 267 11
rect:171 640 48 55 22
rect:88 414 37 83 22
rect:387 6 65 168 11
rect:58 571 61 58 22
rect:102 311 137 35 15
rect:10 763 173 85 11
rect:249 10 70 717 20
Anchorage1964_15.jpg 0x0
rect:433 295 122 55 11
rect:455 355 126 47 24
rect:244 11 74 49 4
rect:210 500 173 61 2
rect:531 8 113 56 4
rect:213 118 37 86 11
rect:238 113 40 69 25
rect:252 178 145 30 15
rect:127 74 73 507 20
Anchorage1964_16.jpg 0x0
rect:13 97 232 178 2
rect:15 363 61 76 2
rect:262 113 300 152 2
rect:114 363 110 97 11
rect:168 300 254 150 11
rect:413 234 187 210 2
Anchorage1964_17.jpg 0x0
rect:10 162 726 191 10
rect:12 95 258 162 9
rect:288 39 282 165 9
Anchorage1964_18.jpg 0x0
rect:135 209 14 48 11
rect:758 397 64 20 2
rect:436 324 86 24 2
rect:150 249 75 35 11
rect:564 320 34 15 2
rect:385 185 108 91 4
rect:451 341 44 73 11
rect:441 123 107 120 4
rect:308 254 261 25 15
rect:134 164 69 100 4
Anchorage1964_19.jpg 0x0
rect:284 77 41 95 29
rect:321 136 21 57 29
rect:658 190 45 46 28
rect:376 130 60 45 26
rect:326 179 10 31 26
rect:297 236 14 27 26
rect:5 222 81 144 26
rect:574 134 6 18 26
rect:400 315 20 29 26
rect:28 183 27 77 27
rect:248 319 51 61 26
rect:513 107 34 31 26
rect:488 189 9 6 26
rect:559 160 7 13 26
rect:369 144 47 45 28
rect:333 100 29 30 27
rect:494 100 16 28 26
rect:320 96 86 96 29
Anchorage1964_20.jpg 0x0
rect:179 358 74 114 26
rect:202 74 88 33 27
rect:144 94 79 72 26
rect:235 67 176 158 29
rect:489 562 34 65 26
Anchorage1964_21.jpg 0x0
rect:187 124 600 156 30
rect:2 98 49 43 26
rect:-6 91 73 198 29
rect:42 207 27 41 26
Bingol2003_01.jpg 0x0
rect:25 272 57 49 33
rect:411 313 132 105 6
rect:494 429 49 63 34
rect:300 84 77 24 6
rect:601 362 165 51 6
rect:577 334 54 196 32
rect:173 238 65 77 33
rect:693 174 33 61 6
rect:483 260 122 210 31
rect:772 231 103 66 6
rect:330 240 95 58 33
rect:399 69 93 63 6
rect:1014 270 96 79 33
rect:2 264 1172 325 10
rect:810 304 70 43 33
rect:703 67 193 245 31
rect:867 441 83 82 33
rect:553 99 120 73 6
rect:381 194 38 98 34
Bingol2003_02.jpg 0x0
rect:851 61 159 72 36
rect:143 360 178 199 32
rect:187 112 342 119 34
rect:460 396 119 75 26
rect:273 300 655 576 31
rect:560 202 521 125 35
rect:163 214 65 391 32
rect:272 368 96 57 6
Bingol2003_03.jpg 0x0
rect:746 482 217 515 2
rect:94 51 140 142 33
rect:401 172 277 201 2
rect:106 24 147 39 2
rect:845 -7 293 186 4
rect:815 214 315 561 4
rect:520 143 262 52 11
Bingol2003_04.jpg 0x0
rect:171 544 261 126 2
rect:70 635 25 69 3
rect:95 465 124 110 2
rect:322 266 161 135 4
rect:328 453 29 155 3
rect:339 510 110 98 2
rect:156 638 40 85 3
rect:143 613 39 67 3
CanterburyNZSeries2010_01.jpg 0x0
rect:87 122 164 321 12
CanterburyNZSeries2010_02.jpg 0x0
rect:53 53 142 280 6
rect:33 7 199 286 37
CanterburyNZSeries2010_03.jpg 0x0
rect:48 80 357 172 38
CanterburyNZSeries2010_04.jpg 0x0
rect:250 9 76 175 42
rect:246 475 22 84 40
rect:265 445 20 36 40
rect:256 452 101 267 41
rect:253 460 30 126 40
rect:416 257 43 161 40
rect:250 274 145 306 39
rect:257 298 15 68 40
CanterburyNZSeries2010_05.jpg 0x0
rect:210 388 146 247 4
rect:373 169 123 145 15
CanterburyNZSeries2010_06.jpg 0x0
rect:246 180 205 120 2
rect:71 124 873 561 4
CanterburyNZSeries2010_08.jpg 0x0
rect:575 628 24 162 32
rect:678 561 57 158 44
rect:388 175 152 257 43
rect:847 372 84 157 44
CanterburyNZSeries2010_09.jpg 0x0
rect:298 408 220 344 39
rect:317 141 176 190 45
CanterburyNZSeries2010_10.jpg 0x0
rect:283 333 259 73 46
rect:290 314 472 286 6
rect:239 576 249 134 6
rect:292 150 270 121 7
CanterburyNZSeries2010_11.jpg 0x0
rect:330 169 215 152 7
rect:365 420 222 156 5
CanterburyNZSeries2010_12.jpg 0x0
rect:5 318 763 433 47
rect:188 501 129 53 11
rect:702 355 227 81 11
rect:42 364 640 385 2
CanterburyNZSeries2010_13.jpg 0x0
rect:392 184 105 568 11
rect:140 17 392 772 12
Caracas1967_01.jpg 0x0
rect:240 199 85 94 48
rect:354 219 53 111 48
rect:460 88 182 320 48
rect:255 190 10 65 48
Caracas1967_02.jpg 0x0
rect:158 184 220 248 51
rect:91 417 59 77 49
rect:159 343 32 27 50
rect:279 1 106 217 15
Caracas1967_03.jpg 0x0
rect:338 343 77 51 26
rect:288 393 30 131 27
rect:17 327 184 65 6
rect:248 370 154 184 34
rect:256 374 35 73 27
rect:277 93 73 111 14
Caracas1967_04.jpg 0x0
rect:134 345 59 136 26
rect:173 261 166 198 34
rect:174 450 18 93 27
Caracas1967_05.jpg 0x0
rect:463 241 47 240 40
rect:275 249 172 147 52
rect:45 159 287 628 41
rect:60 327 48 220 40
rect:398 223 61 172 40
rect:83 299 240 224 52
rect:142 288 63 276 40
rect:30 74 522 565 48
rect:178 267 50 255 40
rect:223 241 44 179 40
Caracas1967_06.jpg 0x0
rect:269 120 382 316 7
rect:327 301 80 61 6
Caracas1967_07.jpg 0x0
rect:468 57 27 197 27
rect:215 128 58 214 27
rect:344 8 112 258 34
rect:424 368 96 91 53
rect:193 134 212 236 34
rect:520 323 144 266 34
rect:440 281 79 74 53
Caracas1967_08.jpg 0x0
rect:177 228 56 126 54
rect:337 170 56 132 54
rect:159 360 85 123 55
Caracas1967_09.jpg 0x0
rect:420 15 186 132 48
rect:21 259 54 72 48
rect:134 154 89 109 48
rect:87 248 57 55 48
Caracas1967_10.jpg 0x0
rect:54 219 224 426 41
rect:427 360 65 247 40
rect:21 192 465 455 48
rect:289 170 105 200 40
Caracas1967_11.jpg 0x0
rect:348 12 209 319 41
rect:51 293 270 643 41
rect:51 11 541 967 48
Caracas1967_12.jpg 0x0
rect:656 313 35 38 34
rect:871 208 29 36 32
rect:171 354 31 62 56
rect:659 258 17 49 32
Caracas1967_13.jpg 0x0
rect:112 435 161 235 55
Caracas1967_14.jpg 0x0
rect:125 93 426 228 57
rect:129 349 258 43 6
Chichi1999_01.jpg 0x0
rect:451 123 49 155 42
rect:4 7 627 216 58
Chichi1999_02.jpg 0x0
rect:6 110 299 167 58
rect:305 101 176 273 59
Chichi1999_03.jpg 0x0
rect:83 181 64 75 60
rect:0 109 528 219 58
Chichi1999_04.jpg 0x0
rect:273 308 30 60 52
rect:289 -20 41 146 48
rect:256 219 93 387 48
Chichi1999_05.jpg 0x0
rect:255 87 81 229 48
rect:303 306 23 30 41
rect:504 105 60 69 41
rect:428 253 33 90 52
Chichi1999_06.jpg 0x0
rect:400 264 17 31 52
rect:469 225 30 54 41
rect:421 92 47 61 62
rect:204 19 339 137 10
rect:361 176 34 112 48
rect:498 -9 82 74 61
Chichi1999_07.jpg 0x0
rect:667 240 15 25 64
rect:58 283 728 122 63
rect:429 227 62 133 48
rect:172 153 32 51 64
rect:407 151 33 96 48
rect:274 256 27 27 64
rect:131 186 43 114 48
Chichi1999_08.jpg 0x0
rect:135 17 592 488 10
Chichi1999_09.jpg 0x0
rect:282 103 37 67 40
rect:181 70 229 165 48
rect:333 89 42 94 40
rect:248 117 160 66 41
Chichi1999_10.jpg 0x0
rect:122 14 376 553 10
Chichi1999_11.jpg 0x0
rect:2 139 132 683 10
rect:149 215 112 71 65
Chichi1999_12.jpg 0x0
rect:13 19 316 528 66
Chichi1999_13.jpg 0x0
rect:24 45 628 448 10
Chichi1999_14.jpg 0x0
rect:366 487 20 28 39
rect:178 468 37 50 67
rect:332 537 31 28 39
rect:262 241 39 47 39
rect:103 277 46 71 67
rect:134 378 25 35 67
rect:449 451 97 49 67
rect:150 412 48 58 67
rect:75 320 64 38 67
rect:156 326 41 56 67
rect:141 377 26 52 67
rect:157 146 82 61 67
rect:93 420 50 55 67
rect:321 591 23 44 39
rect:386 608 44 46 67
rect:179 252 19 50 67
rect:77 450 39 30 67
Chichi1999_15.jpg 0x0
rect:314 21 215 432 41
Chichi1999_16.jpg 0x0
rect:153 129 51 142 32
Chichi1999_17.jpg 0x0
rect:94 392 17 50 32
Chichi1999_18.jpg 0x0
rect:122 277 21 133 69
rect:153 207 51 136 69
rect:204 320 28 166 69
rect:182 218 117 588 68
rect:235 365 40 126 69
rect:295 368 41 142 70
Chichi1999_19.jpg 0x0
rect:244 26 247 385 2
rect:205 105 166 243 3
YogyakartaInd2006_03.jpg 0x0
rect:161 509 160 32 15
rect:304 174 21 7 16
rect:221 376 384 160 71
rect:298 174 75 25 15
rect:364 414 49 24 16
rect:421 98 84 34 16
rect:248 19 66 2 15
rect:378 61 103 42 15
Chichi1999_20.jpg 0x0
rect:258 279 46 146 41
rect:195 182 143 357 42
Chichi1999_21.jpg 0x0
rect:314 237 97 127 6
rect:18 4 292 166 30
rect:165 120 150 219 72
rect:289 42 262 243 37
rect:323 7 89 98 57
rect:154 380 172 183 37
rect:88 507 160 82 5
rect:384 115 183 108 6
Chichi1999_22.jpg 0x0
rect:512 229 18 16 73
rect:290 169 270 140 10
rect:301 258 20 23 73
rect:174 274 16 21 73
Chichi1999_23.jpg 0x0
rect:345 237 35 48 73
rect:143 123 76 65 73
rect:187 157 24 27 34
rect:4 70 345 126 74
rect:101 263 34 100 34
rect:243 205 57 121 73
rect:120 399 53 94 73
rect:364 147 30 28 27
rect:276 330 30 81 34
rect:388 243 36 31 26
Chichi1999_24.jpg 0x0
rect:305 306 1 2 46
rect:230 160 127 80 75
rect:149 266 79 39 34
rect:3 232 336 170 74
rect:184 207 30 63 46
Chichi1999_25.jpg 0x0
rect:120 192 229 283 73
rect:135 246 94 283 34
rect:166 223 57 81 26
Chichi1999_26.jpg 0x0
rect:128 635 146 142 73
rect:288 148 65 125 73
rect:164 394 110 106 27
rect:153 711 94 67 26
rect:251 12 39 35 73
rect:170 252 107 341 76
Chichi1999_27.jpg 0x0
rect:221 155 104 446 32
Chichi1999_28.jpg 0x0
rect:106 78 189 156 5
rect:20 81 272 104 6
rect:259 128 168 177 75
rect:314 243 235 90 77
Chichi1999_29.jpg 0x0
rect:134 196 247 229 48
rect:264 194 141 153 40
rect:185 234 80 221 52
Chichi1999_30.jpg 0x0
rect:31 202 91 159 73
rect:207 94 246 219 40
rect:139 247 245 70 78
rect:231 188 248 63 52
Chichi1999_31.jpg 0x0
rect:639 141 42 165 48
rect:128 105 163 376 79
Chichi1999_32.jpg 0x0
rect:215 58 58 122 81
rect:194 176 35 155 81
rect:202 7 96 451 80
rect:437 185 47 185 39
Chichi1999_33.jpg 0x0
rect:187 82 152 214 32
rect:98 135 34 150 49
rect:273 98 44 135 49
rect:313 100 68 192 56
rect:163 93 101 238 32
rect:86 60 133 376 33
Chichi1999_34.jpg 0x0
rect:164 82 491 391 10
Duzce1999_01.jpg 0x0
rect:159 149 115 131 41
rect:176 41 111 422 39
Duzce1999_02.jpg 0x0
rect:61 47 101 410 41
Duzce1999_03.jpg 0x0
rect:128 105 81 316 42
rect:0 209 102 162 31
rect:288 162 109 215 31
Gediz1970_01.jpg 0x0
rect:223 428 78 193 69
rect:116 97 200 691 68
rect:116 220 82 221 69
Guatemala1976_01.jpg 0x0
rect:57 177 43 32 41
rect:487 149 51 69 41
rect:50 200 99 89 48
rect:23 171 800 174 82
rect:56 237 77 49 52
rect:526 181 132 87 48
Guatemala1976_02.jpg 0x0
rect:223 78 390 338 48
rect:280 85 99 133 40
Guatemala1976_03.jpg 0x0
rect:17 111 829 417 75
Guatemala1976_04.jpg 0x0
rect:105 24 278 82 30
rect:622 184 127 233 4
rect:37 97 494 239 30
rect:476 189 90 357 4
Guatemala1976_05.jpg 0x0
rect:164 199 213 148 41
rect:193 77 457 362 48
rect:182 97 322 231 40
Guatemala1976_06.jpg 0x0
rect:96 92 222 370 39
Guatemala1976_07.jpg 0x0
rect:18 382 47 41 6
rect:256 681 111 68 83
rect:20 191 437 343 10
Guatemala1976_08.jpg 0x0
rect:268 90 163 212 40
rect:218 57 314 319 41
rect:134 39 532 344 48
Guatemala1976_09.jpg 0x0
rect:128 320 47 27 84
rect:119 199 44 33 85
rect:628 310 61 80 84
rect:229 313 69 53 85
rect:282 278 65 44 84
rect:260 270 86 36 85
rect:96 305 32 21 84
rect:511 196 73 49 85
Guatemala1976_10.jpg 0x0
rect:388 418 37 117 87
rect:257 246 271 190 86
rect:216 120 283 163 87
Guatemala1976_11.jpg 0x0
rect:164 267 122 163 34
GujaratIndia2001_01.jpg 0x0
rect:36 429 213 172 4
rect:66 606 57 30 2
rect:229 408 275 95 2
rect:312 528 75 61 11
Haiti2010_01.jpg 0x0
rect:270 243 28 108 40
rect:216 169 229 376 41
rect:678 209 136 96 4
rect:384 481 175 289 4
rect:143 35 143 79 7
Haiti2010_02.jpg 0x0
rect:200 31 205 43 14
rect:50 75 534 150 88
Haiti2010_03.jpg 0x0
rect:321 1 48 429 32
rect:232 725 253 221 89
rect:162 438 164 222 32
rect:273 415 50 76 49
Haiti2010_04.jpg 0x0
rect:158 412 324 575 41
rect:167 47 297 228 34
rect:2 154 195 175 6
Haiti2010_05.jpg 0x0
rect:450 266 37 93 40
rect:296 277 179 97 52
rect:280 207 223 476 90
rect:317 288 31 83 40
Haiti2010_06.jpg 0x0
rect:388 202 63 66 34
rect:416 167 263 452 33
rect:631 283 59 210 32
rect:467 214 589 868 91
rect:414 253 59 41 6
rect:245 286 27 38 34
rect:167 232 265 342 91
ImperialValley1979_01.jpg 0x0
rect:15 376 61 95 49
rect:292 382 70 52 32
rect:411 251 34 50 32
rect:356 226 20 15 49
rect:501 366 25 32 50
rect:54 355 75 88 50
rect:370 316 56 47 50
rect:504 254 32 43 32
rect:311 447 35 19 49
rect:9 323 132 127 32
rect:499 413 26 27 49
ImperialValley1979_02.jpg 0x0
rect:319 191 125 58 49
rect:164 170 76 162 50
rect:285 118 111 171 50
rect:196 140 315 83 92
rect:256 99 170 178 32
rect:261 226 62 147 50
ImperialValley1979_03.jpg 0x0
rect:399 289 54 163 50
rect:274 319 97 166 50
rect:126 507 337 38 92
rect:83 259 75 278 50
rect:158 278 221 171 32
rect:94 459 266 42 92
rect:182 253 175 170 32
Izmit1999_01.jpg 0x0
rect:392 210 64 48 26
rect:182 66 484 255 34
rect:246 309 37 92 27
rect:259 98 53 145 27
rect:283 126 48 117 27
Izmit1999_02.jpg 0x0
rect:31 103 565 191 10
Izmit1999_03.jpg 0x0
rect:419 93 42 187 50
rect:124 104 73 208 50
rect:412 111 33 299 50
rect:158 55 195 469 32
rect:190 154 274 36 92
rect:220 121 34 222 50
rect:154 48 347 261 93
rect:369 111 51 357 50
Izmit1999_04.jpg 0x0
rect:334 94 86 99 41
rect:322 460 68 62 41
rect:166 301 130 70 88
rect:60 429 53 46 34
rect:49 438 50 74 41
rect:317 323 29 47 40
rect:115 540 294 120 88
rect:58 463 35 86 42
rect:370 304 26 60 40
rect:335 71 111 130 48
Izmit1999_05.jpg 0x0
rect:125 26 604 500 10
Izmit1999_06.jpg 0x0
rect:94 329 87 197 50
rect:133 193 260 562 32
rect:111 227 66 196 50
rect:184 195 101 81 49
rect:353 322 58 131 50
rect:217 358 53 177 50
Izmit1999_07.jpg 0x0
rect:349 71 128 39 6
rect:228 262 41 114 3
rect:347 115 75 94 3
rect:246 276 61 128 3
rect:153 325 52 165 3
rect:28 154 274 739 2
rect:308 269 79 370 4
Izmit1999_08.jpg 0x0
rect:174 94 66 103 41
rect:120 480 67 64 45
rect:102 31 80 131 34
rect:169 294 155 136 88
rect:505 7 99 67 45
rect:477 113 81 99 41
rect:608 61 57 31 52
Izmit1999_09.jpg 0x0
rect:213 211 32 27 41
rect:430 180 41 46 41
rect:43 163 39 41 41
rect:336 258 125 88 41
rect:421 181 119 106 94
rect:739 263 79 69 94
Izmit1999_10.jpg 0x0
rect:77 100 427 412 41
rect:54 261 382 48 78
rect:216 469 88 117 40
rect:66 194 109 203 40
rect:191 294 168 30 78
rect:132 326 349 57 78
rect:293 527 66 90 40
rect:165 169 90 300 40
rect:292 148 71 134 40
rect:310 127 116 141 40
rect:219 755 67 20 78
Izmit1999_11.jpg 0x0
rect:177 220 57 151 40
rect:139 266 176 176 41
rect:225 250 76 143 40
rect:315 320 82 174 40
rect:204 598 80 151 41
Izmit1999_12.jpg 0x0
rect:252 362 99 151 41
rect:358 411 60 129 52
rect:343 207 211 221 91
rect:113 95 32 27 6
rect:423 103 52 99 45
rect:392 172 50 55 7
rect:35 221 73 126 94
rect:490 92 33 114 41
rect:374 214 49 29 6
rect:1 153 23 44 41
rect:241 155 50 105 42
rect:125 183 57 49 88
rect:104 292 25 62 40
rect:20 90 31 26 6
rect:356 33 80 60 34
rect:71 251 63 64 52
rect:294 360 119 105 94
rect:442 251 45 79 41
Izmit1999_13.jpg 0x0
rect:110 191 86 54 52
rect:147 156 40 40 6
rect:200 84 238 242 48
rect:4 56 96 173 42
rect:235 230 41 89 41
rect:125 160 76 151 94
rect:158 296 33 84 41
rect:312 166 66 233 41
rect:287 106 72 146 41
Izmit1999_14.jpg 0x0
rect:555 331 76 54 34
rect:530 52 107 80 34
rect:365 487 26 21 34
rect:54 155 75 79 34
rect:503 58 55 72 95
rect:520 7 178 69 35
rect:496 148 86 77 35
rect:317 373 60 29 34
rect:279 370 55 39 34
Izmit1999_15.jpg 0x0
rect:184 214 319 289 42
Izmit1999_16.jpg 0x0
rect:104 132 190 122 41
rect:78 70 417 600 33
rect:175 144 31 111 40
rect:152 50 180 224 39
Izmit1999_17.jpg 0x0
rect:118 128 138 282 41
Izmit1999_18.jpg 0x0
rect:186 175 168 173 41
rect:172 181 112 191 39
Izmit1999_19.jpg 0x0
rect:192 92 184 269 32
rect:182 99 336 440 96
rect:581 122 23 105 50
rect:568 197 21 65 50
Kobe1995_01.jpg 0x0
rect:20 128 651 188 63
Kobe1995_02.jpg 0x0
rect:2 47 615 665 68
Kobe1995_03.jpg 0x0
rect:40 41 333 454 10
Kobe1995_04.jpg 0x0
rect:413 280 72 52 41
Kobe1995_05.jpg 0x0
rect:49 334 378 58 78
rect:362 127 194 512 40
rect:140 156 280 688 52
rect:5 220 176 522 40
rect:111 723 280 95 78
Kobe1995_06.jpg 0x0
rect:43 127 414 465 41
rect:242 276 258 344 42
Kobe1995_07.jpg 0x0
rect:143 262 44 27 39
rect:464 118 34 45 39
rect:120 270 43 55 39
rect:406 341 62 31 39
rect:201 249 40 24 39
rect:195 227 31 30 39
rect:355 411 35 52 39
rect:469 154 31 32 39
rect:188 470 33 39 39
rect:560 157 41 51 39
rect:566 348 42 30 39
rect:86 382 34 26 39
rect:367 226 39 37 39
rect:300 215 40 35 39
rect:278 232 30 39 39
rect:148 492 36 43 39
rect:327 131 31 35 39
rect:227 156 25 49 39
rect:64 187 51 39 39
rect:137 203 29 56 39
rect:374 258 43 40 39
rect:476 424 33 34 39
rect:265 563 47 39 39
rect:46 270 41 27 39
rect:251 221 31 57 39
rect:217 153 41 34 39
Kobe1995_08.jpg 0x0
rect:245 74 444 265 97
Kobe1995_09.jpg 0x0
rect:201 748 178 92 97
rect:138 517 85 60 88
rect:118 672 89 97 88
rect:71 724 75 66 88
SanSalvador_1986_01.jpg 0x0
rect:328 124 112 132 41
rect:78 3 142 264 68
SanSalvador_1986_02.jpg 0x0
rect:254 165 55 45 41
rect:129 354 27 39 41
rect:621 271 49 38 41
rect:358 259 23 35 41
rect:348 225 34 49 41
rect:128 283 35 34 41
rect:378 229 31 33 42
rect:257 121 22 25 41
rect:190 232 19 33 41
SikkimIndia2001_01.jpg 0x0
rect:185 170 106 129 34
SikkimIndia2001_02.jpg 0x0
rect:126 87 168 480 33
rect:10 169 56 34 54
rect:356 102 73 30 16
rect:-17 2 367 93 33
rect:397 304 107 13 16
rect:270 296 82 48 16
rect:311 101 127 210 33
rect:12 6 223 90 16
SikkimIndia2001_03.jpg 0x0
rect:255 115 55 253 69
rect:163 9 199 526 98
rect:202 145 86 125 70
SikkimIndia2001_04.jpg 0x0
rect:200 196 130 166 34
rect:369 208 350 109 99
rect:3 27 211 245 99
SumatraInd2009_01.jpg 0x0
rect:333 19 58 373 81
SumatraInd2009_02.jpg 0x0
rect:248 54 191 137 41
WhittierNarrows1987_01.jpg 0x0
rect:15 30 552 280 10
WhittierNarrows1987_02.jpg 0x0
rect:140 335 100 349 41
WhittierNarrows1987_03.jpg 0x0
rect:323 157 108 247 32
WhittierNarrows1987_04.jpg 0x0
rect:166 69 101 166 41
rect:333 14 176 182 100
rect:150 8 293 86 6
YogyakartaInd2006_01.jpg 0x0
rect:177 26 324 204 32
rect:313 147 313 56 49
rect:201 -24 403 578 29
YogyakartaInd2006_02.jpg 0x0
rect:321 86 69 152 69
rect:319 109 83 212 70
rect:441 52 175 441 98
