Anchorage1964_01.jpg 0x0
rect:77 8 177 148 1
rect:104 429 237 260 1
Anchorage1964_02.jpg 0x0
rect:188 30 319 110 4
rect:49 27 167 37 5
rect:259 76 95 70 4
rect:575 274 15 47 3
rect:142 179 53 41 7
rect:281 339 28 75 3
rect:24 146 133 56 5
rect:229 260 22 76 3
rect:372 265 15 52 3
rect:58 42 84 12 6
rect:648 74 102 122 8
rect:361 220 19 38 3
rect:123 149 38 17 6
rect:238 307 29 70 3
rect:252 201 307 83 2
rect:247 321 24 70 3
rect:371 188 89 61 4
rect:85 158 29 25 6
rect:258 283 18 50 3
Anchorage1964_03.jpg 0x0
rect:0 190 629 69 10
rect:2 228 228 96 9
rect:214 93 488 201 9
Anchorage1964_04.jpg 0x0
rect:240 320 24 15 5
rect:296 217 15 23 1
rect:201 260 36 19 5
rect:344 164 30 20 5
rect:248 233 15 20 1
rect:361 180 35 23 5
rect:117 264 26 20 5
rect:287 114 31 23 5
rect:196 70 23 18 5
rect:274 268 17 21 1
rect:464 379 29 19 5
rect:215 392 39 22 5
rect:340 179 17 34 1
rect:422 540 24 23 5
rect:200 398 71 19 2
rect:129 390 29 15 5
rect:336 170 31 21 5
rect:201 22 34 18 5
rect:200 107 18 21 1
rect:138 169 35 22 5
rect:299 258 9 1 1
rect:195 264 14 16 1
rect:346 37 35 21 5
rect:121 383 27 14 5
rect:256 312 30 15 5
rect:191 124 29 22 5
rect:193 163 28 22 5
rect:250 140 19 31 1
rect:261 185 16 24 1
rect:206 206 29 34 8
rect:253 324 15 24 1
rect:245 59 36 18 5
rect:419 481 37 20 5
rect:320 404 24 34 1
rect:270 419 22 31 1
rect:429 235 21 22 5
rect:345 327 34 17 5
rect:190 125 31 13 5
rect:190 79 30 16 5
Anchorage1964_05.jpg 0x0
rect:590 402 37 13 6
rect:60 268 28 43 1
rect:36 310 18 60 1
rect:223 150 84 19 5
rect:77 182 19 37 1
rect:384 178 38 31 11
rect:236 40 70 28 5
rect:123 85 17 49 1
rect:150 141 153 53 6
rect:479 188 71 26 5
rect:718 272 39 26 6
rect:622 95 32 63 1
rect:71 318 16 66 1
rect:294 360 34 65 8
rect:82 28 22 31 1
rect:380 298 37 69 8
rect:669 178 54 46 1
rect:342 61 53 58 1
rect:785 337 61 41 5
rect:460 179 33 69 1
rect:572 28 46 64 1
rect:52 258 22 30 1
rect:63 198 16 48 1
rect:56 69 17 56 1
rect:331 230 19 16 11
rect:467 1 51 51 1
rect:242 36 98 44 6
rect:326 186 174 76 2
rect:364 290 56 60 1
Anchorage1964_06.jpg 0x0
rect:115 99 156 370 12
rect:157 203 69 75 11
rect:208 129 84 389 3
Anchorage1964_07.jpg 0x0
rect:7 380 317 32 14
rect:353 87 181 158 11
rect:12 157 203 41 11
rect:232 2 107 67 2
rect:338 188 87 72 11
rect:9 59 802 300 2
rect:387 103 46 90 3
rect:260 208 362 273 2
rect:231 183 44 123 13
Anchorage1964_08.jpg 0x0
rect:46 86 130 103 1
rect:377 572 88 166 1
rect:44 289 100 100 1
rect:366 178 154 152 1
rect:246 40 100 137 1
rect:41 514 76 165 1
Anchorage1964_09.jpg 0x0
rect:17 136 25 11 16
rect:17 152 80 16 15
rect:414 6 234 15 15
rect:626 32 85 55 8
rect:169 167 331 12 15
rect:399 119 77 27 15
rect:122 205 50 75 1
rect:379 132 52 50 1
rect:50 182 55 9 16
rect:9 15 507 18 15
rect:523 196 1 1 16
rect:824 8 117 12 16
rect:129 239 67 75 8
rect:439 244 78 66 8
rect:17 21 43 15 16
rect:120 42 97 87 8
rect:435 139 79 58 1
rect:314 154 58 56 1
rect:538 120 131 20 15
Anchorage1964_10.jpg 0x0
rect:222 232 173 56 18
rect:69 445 240 117 18
rect:147 203 76 137 17
rect:86 252 373 327 1
Anchorage1964_11.jpg 0x0
rect:110 74 220 122 4
rect:133 175 534 53 2
rect:414 150 115 86 1
rect:681 7 112 48 1
rect:354 156 349 36 11
rect:72 626 596 12 14
rect:75 450 692 18 14
rect:284 125 308 25 15
Anchorage1964_12.jpg 0x0
rect:311 102 50 174 3
rect:127 226 23 107 3
rect:12 96 572 262 2
rect:324 106 193 140 11
rect:544 59 44 252 3
Anchorage1964_13.jpg 0x0
rect:563 451 31 181 20
rect:381 670 188 26 2
rect:491 600 98 18 19
Anchorage1964_14.jpg 0x0
rect:8 768 154 81 11
rect:335 14 79 186 11
rect:143 381 52 72 21
rect:113 487 38 75 22
rect:401 5 98 116 11
rect:251 519 142 90 23
rect:138 14 88 676 20
rect:189 495 49 58 22
rect:53 418 49 71 22
rect:338 186 187 67 15
rect:18 493 24 50 22
rect:57 234 142 40 15
Anchorage1964_15.jpg 0x0
rect:244 176 43 68 11
rect:459 243 74 33 24
rect:198 82 78 593 20
rect:279 89 46 89 25
rect:202 10 69 58 4
rect:275 256 94 44 11
rect:224 418 261 53 2
rect:346 7 126 81 4
rect:240 275 178 47 15
Anchorage1964_16.jpg 0x0
rect:234 99 306 105 2
rect:240 263 194 163 11
rect:15 166 242 169 2
rect:14 322 72 107 2
rect:363 206 144 224 2
rect:110 397 59 126 11
Anchorage1964_17.jpg 0x0
rect:301 56 202 238 9
rect:10 149 252 97 9
rect:11 221 749 200 10
Anchorage1964_18.jpg 0x0
rect:434 167 121 62 4
rect:432 343 24 50 11
rect:143 186 54 125 4
rect:414 293 42 15 2
rect:490 326 54 17 2
rect:131 218 21 63 11
rect:306 232 429 25 15
rect:402 350 99 16 2
rect:478 152 116 81 4
rect:101 219 91 40 11
Anchorage1964_19.jpg 0x0
rect:254 73 52 57 26
rect:390 80 72 128 29
rect:379 258 16 36 26
rect:484 237 31 45 28
rect:464 154 7 18 26
rect:361 115 19 37 26
rect:398 71 34 65 29
rect:7 327 99 162 26
rect:677 190 55 26 28
rect:561 127 6 8 26
rect:759 190 9 11 26
rect:29 291 36 102 27
rect:437 270 10 21 26
rect:377 89 31 36 27
rect:300 207 35 100 26
rect:424 81 28 28 26
rect:416 156 22 69 29
rect:544 185 11 31 26
Anchorage1964_20.jpg 0x0
rect:249 528 80 165 26
rect:541 460 32 70 26
rect:250 102 77 53 27
rect:195 73 117 52 26
rect:219 93 138 165 29
Anchorage1964_21.jpg 0x0
rect:46 402 32 39 26
rect:113 129 429 212 30
rect:-5 78 78 173 29
rect:2 83 53 36 26
Bingol2003_01.jpg 0x0
rect:238 142 58 89 33
rect:423 349 178 73 6
rect:982 583 73 44 33
rect:2 359 894 297 10
rect:264 287 71 67 6
rect:589 373 81 78 6
rect:376 370 178 173 31
rect:692 240 94 88 33
rect:449 344 32 71 34
rect:741 95 69 93 6
rect:443 310 50 184 32
rect:508 306 55 70 6
rect:598 145 41 129 34
rect:868 216 113 88 33
rect:287 108 72 32 6
rect:556 94 55 48 6
rect:28 285 71 78 33
rect:367 68 165 176 31
rect:158 247 95 90 33
Bingol2003_02.jpg 0x0
rect:140 466 178 279 32
rect:1003 86 171 102 36
rect:179 313 58 453 32
rect:284 303 62 100 6
rect:328 212 328 155 35
rect:502 436 127 138 26
rect:337 254 887 585 31
rect:177 97 515 210 34
Bingol2003_03.jpg 0x0
rect:72 29 187 37 2
rect:755 257 230 487 4
rect:830 466 186 349 2
rect:871 -8 361 291 4
rect:92 53 139 102 33
rect:361 190 396 175 2
rect:604 230 165 65 11
Bingol2003_04.jpg 0x0
rect:196 670 27 64 3
rect:84 638 110 62 2
rect:258 253 195 144 4
rect:198 315 290 193 2
rect:288 378 52 98 3
rect:92 653 31 84 3
rect:423 520 111 79 2
rect:97 608 31 55 3
CanterburyNZSeries2010_01.jpg 0x0
rect:93 91 89 289 12
CanterburyNZSeries2010_02.jpg 0x0
rect:37 10 189 268 37
rect:38 56 206 233 6
CanterburyNZSeries2010_03.jpg 0x0
rect:43 90 325 161 38
CanterburyNZSeries2010_04.jpg 0x0
rect:451 467 51 154 40
rect:153 361 152 365 39
rect:167 413 21 200 40
rect:403 437 13 62 40
rect:363 337 39 73 40
rect:254 410 30 50 40
rect:298 8 92 196 42
rect:154 538 110 235 41
CanterburyNZSeries2010_05.jpg 0x0
rect:315 146 115 118 15
rect:300 482 247 313 4
CanterburyNZSeries2010_06.jpg 0x0
rect:90 155 939 397 4
rect:175 271 248 108 2
CanterburyNZSeries2010_08.jpg 0x0
rect:1091 443 48 162 44
rect:487 123 203 220 43
rect:987 395 97 167 44
rect:792 456 24 208 32
CanterburyNZSeries2010_09.jpg 0x0
rect:244 407 185 318 39
rect:256 159 185 265 45
CanterburyNZSeries2010_10.jpg 0x0
rect:281 484 216 84 6
rect:358 381 143 79 46
rect:229 319 374 246 6
rect:253 209 328 90 7
CanterburyNZSeries2010_11.jpg 0x0
rect:247 155 318 101 7
rect:278 424 293 174 5
CanterburyNZSeries2010_12.jpg 0x0
rect:51 425 551 378 2
rect:211 385 117 43 11
rect:615 554 140 77 11
rect:5 351 1105 356 47
CanterburyNZSeries2010_13.jpg 0x0
rect:214 15 375 765 12
rect:453 171 147 509 11
Caracas1967_01.jpg 0x0
rect:244 196 90 126 48
rect:326 129 49 86 48
rect:397 52 192 297 48
rect:234 194 9 52 48
Caracas1967_02.jpg 0x0
rect:156 412 45 70 49
rect:192 232 260 214 51
rect:146 518 45 48 50
rect:182 1 150 122 15
Caracas1967_03.jpg 0x0
rect:212 359 38 51 27
rect:346 62 65 75 14
rect:262 308 127 172 34
rect:19 448 241 72 6
rect:211 478 68 56 26
rect:312 369 32 152 27
Caracas1967_04.jpg 0x0
rect:182 281 20 80 27
rect:111 389 160 121 34
rect:155 436 52 78 26
Caracas1967_05.jpg 0x0
rect:255 281 169 149 52
rect:216 219 52 193 40
rect:213 433 37 234 40
rect:62 447 163 254 52
rect:450 185 52 304 40
rect:254 227 73 305 40
rect:26 110 367 488 48
rect:55 141 397 355 41
rect:147 334 46 200 40
rect:69 257 53 344 40
Caracas1967_06.jpg 0x0
rect:435 95 257 213 7
rect:273 202 63 67 6
Caracas1967_07.jpg 0x0
rect:463 267 105 102 53
rect:166 151 216 213 34
rect:524 407 107 75 53
rect:490 273 161 347 34
rect:403 44 28 181 27
rect:329 9 94 308 34
rect:211 119 46 199 27
Caracas1967_08.jpg 0x0
rect:159 245 57 77 55
rect:479 177 100 110 54
rect:252 265 87 100 54
Caracas1967_09.jpg 0x0
rect:34 224 41 66 48
rect:73 201 67 69 48
rect:523 13 166 117 48
rect:170 167 92 89 48
Caracas1967_10.jpg 0x0
rect:16 165 331 481 48
rect:209 244 95 169 40
rect:29 263 281 240 41
rect:385 252 70 171 40
Caracas1967_11.jpg 0x0
rect:36 14 293 757 48
rect:77 272 263 391 41
rect:244 12 122 286 41
Caracas1967_12.jpg 0x0
rect:359 317 31 57 34
rect:861 363 22 39 32
rect:234 274 24 47 56
rect:605 253 23 37 32
Caracas1967_13.jpg 0x0
rect:192 388 175 175 55
Caracas1967_14.jpg 0x0
rect:145 384 243 37 6
rect:112 164 565 194 57
Chichi1999_01.jpg 0x0
rect:3 10 606 134 58
rect:322 189 60 268 42
Chichi1999_02.jpg 0x0
rect:5 86 440 163 58
rect:302 99 140 435 59
Chichi1999_03.jpg 0x0
rect:0 172 595 172 58
rect:94 153 60 105 60
Chichi1999_04.jpg 0x0
rect:176 -14 46 109 48
rect:242 304 26 74 52
rect:258 172 95 421 48
Chichi1999_05.jpg 0x0
rect:394 178 47 89 52
rect:284 148 113 259 48
rect:468 212 21 36 41
rect:301 101 53 56 41
Chichi1999_06.jpg 0x0
rect:321 169 35 114 48
rect:120 20 631 162 10
rect:549 -13 60 56 61
rect:318 88 68 57 62
rect:462 233 22 40 52
rect:721 123 39 46 41
Chichi1999_07.jpg 0x0
rect:159 208 37 123 48
rect:554 308 15 26 64
rect:611 179 47 137 48
rect:342 264 40 92 48
rect:68 273 601 176 63
rect:353 162 39 37 64
rect:122 174 22 36 64
Chichi1999_08.jpg 0x0
rect:135 15 370 508 10
Chichi1999_09.jpg 0x0
rect:260 116 59 101 40
rect:151 48 222 184 48
rect:180 114 38 58 40
rect:289 123 130 87 41
Chichi1999_10.jpg 0x0
rect:211 20 391 376 10
Chichi1999_11.jpg 0x0
rect:157 162 68 126 65
rect:2 147 179 462 10
Chichi1999_12.jpg 0x0
rect:11 31 366 534 66
Chichi1999_13.jpg 0x0
rect:44 59 754 479 10
Chichi1999_14.jpg 0x0
rect:382 304 40 45 39
rect:98 381 48 39 67
rect:111 364 39 44 67
rect:193 556 32 47 67
rect:135 360 32 44 67
rect:207 228 41 42 67
rect:225 487 31 38 39
rect:51 395 49 41 67
rect:385 644 100 89 67
rect:117 365 61 82 67
rect:205 372 31 30 67
rect:376 534 46 40 67
rect:188 192 72 45 67
rect:330 619 18 33 39
rect:158 303 41 81 67
rect:239 309 14 34 67
rect:298 350 21 23 39
Chichi1999_15.jpg 0x0
rect:313 37 218 420 41
Chichi1999_16.jpg 0x0
rect:185 161 48 155 32
Chichi1999_17.jpg 0x0
rect:152 404 32 48 32
Chichi1999_18.jpg 0x0
rect:176 216 28 128 69
rect:222 258 163 523 68
rect:233 228 35 118 69
rect:325 287 32 143 70
rect:127 254 21 119 69
rect:355 404 34 160 69
Chichi1999_19.jpg 0x0
rect:212 126 118 310 3
rect:273 17 334 270 2
YogyakartaInd2006_03.jpg 0x0
rect:293 71 100 52 16
rect:196 30 81 2 15
rect:300 178 77 34 15
rect:291 165 26 7 16
rect:295 476 172 21 15
rect:246 86 144 78 15
rect:302 368 48 36 16
rect:170 193 375 119 71
Chichi1999_20.jpg 0x0
rect:176 383 38 210 41
rect:143 178 76 337 42
Chichi1999_21.jpg 0x0
rect:90 502 206 85 5
rect:419 118 133 91 6
rect:160 127 240 192 72
rect:18 4 285 119 30
rect:325 218 75 143 6
rect:189 392 228 171 37
rect:308 7 117 130 57
rect:359 40 176 224 37
Chichi1999_22.jpg 0x0
rect:238 190 405 107 10
rect:434 311 12 16 73
rect:274 165 21 21 73
rect:228 293 14 17 73
Chichi1999_23.jpg 0x0
rect:194 212 30 66 73
rect:123 303 38 124 73
rect:327 175 32 35 26
rect:260 313 51 102 73
rect:83 327 42 99 34
rect:217 235 29 19 27
rect:128 218 25 30 34
rect:152 152 56 64 73
rect:3 58 419 133 74
rect:210 398 51 88 34
Chichi1999_24.jpg 0x0
rect:203 212 30 62 46
rect:360 279 1 2 46
rect:236 271 54 39 34
rect:169 114 139 120 75
rect:3 396 362 225 74
Chichi1999_25.jpg 0x0
rect:261 242 40 54 26
rect:112 278 131 322 73
rect:220 179 141 219 34
Chichi1999_26.jpg 0x0
rect:321 20 54 30 73
rect:148 576 114 174 73
rect:95 704 137 101 27
rect:123 600 68 85 26
rect:183 183 126 398 76
rect:167 123 72 113 73
Chichi1999_27.jpg 0x0
rect:220 214 108 463 32
Chichi1999_28.jpg 0x0
rect:17 52 327 153 6
rect:296 220 208 105 77
rect:132 97 104 275 5
rect:275 102 215 257 75
Chichi1999_29.jpg 0x0
rect:185 192 226 383 48
rect:297 195 104 145 40
rect:134 255 76 153 52
Chichi1999_30.jpg 0x0
rect:34 215 128 146 73
rect:244 86 352 400 40
rect:142 157 244 44 78
rect:146 115 247 95 52
Chichi1999_31.jpg 0x0
rect:130 113 138 210 79
rect:427 108 45 138 48
Chichi1999_32.jpg 0x0
rect:415 152 37 165 39
rect:206 180 32 187 81
rect:186 7 69 374 80
rect:149 69 49 174 81
Chichi1999_33.jpg 0x0
rect:338 185 47 119 49
rect:78 54 164 418 33
rect:94 185 45 131 49
rect:122 118 96 185 32
rect:188 97 133 175 56
rect:179 70 123 252 32
Chichi1999_34.jpg 0x0
rect:127 74 365 407 10
Duzce1999_01.jpg 0x0
rect:138 136 97 137 41
rect:138 42 109 329 39
Duzce1999_02.jpg 0x0
rect:88 38 177 360 41
Duzce1999_03.jpg 0x0
rect:95 122 83 242 42
rect:0 135 134 314 31
rect:244 90 104 344 31
Gediz1970_01.jpg 0x0
rect:128 126 223 676 68
rect:275 397 77 215 69
rect:91 337 106 259 69
Guatemala1976_01.jpg 0x0
rect:56 168 47 48 41
rect:56 139 87 121 48
rect:22 143 641 116 82
rect:69 241 48 35 52
rect:466 146 151 123 48
rect:367 220 81 52 41
Guatemala1976_02.jpg 0x0
rect:194 56 313 253 48
rect:283 84 84 101 40
Guatemala1976_03.jpg 0x0
rect:17 112 877 240 75
Guatemala1976_04.jpg 0x0
rect:110 32 383 74 30
rect:49 81 390 292 30
rect:585 362 97 295 4
rect:424 227 171 384 4
Guatemala1976_05.jpg 0x0
rect:130 74 334 234 48
rect:179 157 264 142 40
rect:199 204 234 171 41
Guatemala1976_06.jpg 0x0
rect:128 111 258 408 39
Guatemala1976_07.jpg 0x0
rect:26 219 596 302 10
rect:286 521 111 70 83
rect:30 206 64 67 6
Guatemala1976_08.jpg 0x0
rect:220 66 445 406 41
rect:388 81 122 390 40
rect:132 25 337 470 48
Guatemala1976_09.jpg 0x0
rect:230 207 74 31 85
rect:563 257 52 59 85
rect:140 299 66 74 85
rect:135 324 40 31 84
rect:298 207 51 55 84
rect:80 302 30 31 84
rect:578 345 44 86 84
rect:103 325 43 36 85
Guatemala1976_10.jpg 0x0
rect:155 163 163 287 86
rect:250 111 287 169 87
rect:243 359 49 96 87
Guatemala1976_11.jpg 0x0
rect:161 275 165 218 34
GujaratIndia2001_01.jpg 0x0
rect:242 524 42 43 11
rect:36 495 187 222 4
rect:66 369 47 30 2
rect:164 461 284 98 2
Haiti2010_01.jpg 0x0
rect:524 464 174 224 4
rect:247 112 217 289 41
rect:147 55 144 101 7
rect:230 200 20 147 40
rect:609 278 93 115 4
Haiti2010_02.jpg 0x0
rect:330 39 198 44 14
rect:42 96 550 195 88
Haiti2010_03.jpg 0x0
rect:171 673 47 62 49
rect:344 1 79 681 32
rect:165 579 199 203 89
rect:236 417 184 193 32
Haiti2010_04.jpg 0x0
rect:202 59 249 362 34
rect:2 129 337 174 6
rect:138 359 308 481 41
Haiti2010_05.jpg 0x0
rect:291 181 329 564 90
rect:330 221 189 102 52
rect:255 301 38 117 40
rect:399 230 42 95 40
Haiti2010_06.jpg 0x0
rect:548 121 458 825 91
rect:384 281 84 262 32
rect:288 141 189 450 33
rect:221 269 209 429 91
rect:269 332 35 38 34
rect:547 149 59 51 6
rect:571 140 56 118 34
ImperialValley1979_01.jpg 0x0
rect:369 416 61 69 32
rect:543 403 18 20 49
rect:12 362 94 90 49
rect:585 266 27 34 32
rect:478 273 43 31 32
rect:64 386 81 121 50
rect:391 349 58 54 50
rect:402 426 47 29 49
rect:379 316 32 16 49
rect:12 219 140 167 32
rect:516 227 26 35 50
ImperialValley1979_02.jpg 0x0
rect:209 92 152 291 32
rect:140 100 84 223 50
rect:151 161 299 82 92
rect:285 134 50 137 50
rect:416 107 95 216 50
rect:285 275 132 56 49
ImperialValley1979_03.jpg 0x0
rect:151 315 212 137 32
rect:310 217 54 162 50
rect:84 419 210 38 92
rect:211 241 109 171 50
rect:98 333 83 206 50
rect:158 245 140 103 32
rect:118 409 375 42 92
Izmit1999_01.jpg 0x0
rect:466 294 46 64 26
rect:254 195 26 115 27
rect:185 113 30 159 27
rect:135 70 265 218 34
rect:199 68 38 150 27
Izmit1999_02.jpg 0x0
rect:34 143 605 336 10
Izmit1999_03.jpg 0x0
rect:314 113 52 257 50
rect:332 124 39 301 50
rect:288 72 306 372 32
rect:183 34 517 438 93
rect:329 112 73 362 50
rect:226 72 76 301 50
rect:423 87 32 197 50
rect:167 229 466 41 92
Izmit1999_04.jpg 0x0
rect:420 381 95 73 41
rect:272 465 20 46 40
rect:75 380 72 123 41
rect:217 57 101 95 48
rect:51 429 59 74 34
rect:64 499 45 105 42
rect:409 103 113 85 41
rect:100 255 105 71 88
rect:83 488 205 143 88
rect:371 270 16 62 40
Izmit1999_05.jpg 0x0
rect:94 19 652 416 10
Izmit1999_06.jpg 0x0
rect:303 213 39 135 50
rect:300 313 43 120 50
rect:139 179 145 103 49
rect:126 161 73 215 50
rect:97 252 50 180 50
rect:113 185 245 321 32
Izmit1999_07.jpg 0x0
rect:428 56 114 41 6
rect:120 324 44 174 3
rect:144 231 61 120 3
rect:192 195 44 135 3
rect:443 234 93 262 4
rect:26 127 469 769 2
rect:452 101 65 89 3
Izmit1999_08.jpg 0x0
rect:545 112 58 34 52
rect:255 316 245 146 88
rect:523 67 66 54 41
rect:442 6 94 80 45
rect:168 388 104 68 45
rect:162 27 74 111 34
rect:168 114 63 101 41
Izmit1999_09.jpg 0x0
rect:255 304 84 62 41
rect:287 239 76 70 94
rect:50 182 40 59 41
rect:188 233 56 45 41
rect:661 169 72 87 41
rect:737 203 55 67 94
Izmit1999_10.jpg 0x0
rect:285 716 55 26 78
rect:76 137 62 187 40
rect:92 330 364 76 78
rect:312 484 45 98 40
rect:106 140 247 349 41
rect:175 276 86 203 40
rect:228 287 153 38 78
rect:364 396 110 148 40
rect:301 140 138 121 40
rect:33 177 247 48 78
rect:295 138 73 132 40
Izmit1999_11.jpg 0x0
rect:300 256 73 233 40
rect:162 443 89 153 41
rect:171 293 67 117 40
rect:169 166 154 227 41
rect:183 247 60 149 40
Izmit1999_12.jpg 0x0
rect:288 261 91 142 41
rect:266 289 80 141 52
rect:259 87 44 74 45
rect:463 238 153 139 91
rect:92 69 40 24 6
rect:141 173 104 47 88
rect:63 301 53 65 52
rect:267 344 92 195 94
rect:347 130 38 147 42
rect:550 24 72 57 34
rect:1 205 34 42 41
rect:16 87 47 29 6
rect:610 116 37 116 41
rect:301 197 76 61 7
rect:378 185 69 82 41
rect:322 168 33 29 6
rect:117 246 34 45 40
rect:38 272 45 118 94
Izmit1999_13.jpg 0x0
rect:113 111 52 47 6
rect:150 335 64 73 52
rect:328 117 121 229 41
rect:139 206 95 91 94
rect:256 90 73 147 41
rect:158 195 38 102 41
rect:218 65 148 315 48
rect:4 61 120 217 42
rect:245 295 45 64 41
Izmit1999_14.jpg 0x0
rect:387 321 68 30 34
rect:299 321 37 30 34
rect:467 7 114 86 35
rect:48 182 99 44 34
rect:535 60 64 60 95
rect:461 101 73 64 34
rect:442 159 84 91 35
rect:466 367 65 34 34
rect:294 266 50 28 34
Izmit1999_15.jpg 0x0
rect:180 200 224 416 42
Izmit1999_16.jpg 0x0
rect:122 76 222 337 39
rect:101 70 480 617 33
rect:196 83 41 134 40
rect:149 127 191 190 41
Izmit1999_17.jpg 0x0
rect:106 154 148 203 41
Izmit1999_18.jpg 0x0
rect:206 163 118 372 39
rect:216 118 142 113 41
Izmit1999_19.jpg 0x0
rect:321 130 23 87 50
rect:205 97 323 309 32
rect:251 73 289 326 96
rect:465 180 35 84 50
Kobe1995_01.jpg 0x0
rect:30 149 575 108 63
Kobe1995_02.jpg 0x0
rect:2 66 609 730 68
Kobe1995_03.jpg 0x0
rect:39 69 573 665 10
Kobe1995_04.jpg 0x0
rect:290 313 73 51 41
Kobe1995_05.jpg 0x0
rect:116 394 389 139 78
rect:376 169 132 477 40
rect:3 179 163 381 40
rect:169 150 282 702 52
rect:37 185 546 98 78
Kobe1995_06.jpg 0x0
rect:160 459 229 482 42
rect:62 120 356 351 41
Kobe1995_07.jpg 0x0
rect:376 247 34 27 39
rect:173 199 43 47 39
rect:282 227 40 57 39
rect:371 99 37 54 39
rect:529 282 52 33 39
rect:179 238 36 55 39
rect:304 97 26 46 39
rect:505 138 39 26 39
rect:383 494 59 46 39
rect:311 473 28 57 39
rect:306 216 38 32 39
rect:33 453 42 35 39
rect:92 331 34 29 39
rect:444 362 28 37 39
rect:141 97 44 43 39
rect:39 236 47 49 39
rect:169 238 40 38 39
rect:129 305 24 35 39
rect:189 448 30 38 39
rect:81 284 42 57 39
rect:159 255 29 39 39
rect:379 159 42 32 39
rect:200 309 33 31 39
rect:261 220 41 32 39
rect:316 569 42 51 39
rect:211 334 32 37 39
Kobe1995_08.jpg 0x0
rect:298 53 434 237 97
Kobe1995_09.jpg 0x0
rect:266 426 168 84 97
rect:79 576 53 86 88
rect:71 751 80 85 88
rect:79 581 63 66 88
SanSalvador_1986_01.jpg 0x0
rect:271 188 119 132 41
rect:45 3 139 290 68
SanSalvador_1986_02.jpg 0x0
rect:547 163 39 37 41
rect:125 226 33 36 41
rect:243 134 56 50 41
rect:550 316 48 48 41
rect:158 254 32 29 41
rect:368 264 28 48 41
rect:462 184 49 37 42
rect:147 143 20 36 41
rect:399 149 17 24 41
SikkimIndia2001_01.jpg 0x0
rect:273 139 139 140 34
SikkimIndia2001_02.jpg 0x0
rect:257 291 89 38 16
rect:141 101 246 467 33
rect:9 126 64 53 54
rect:555 178 111 22 16
rect:10 6 303 88 16
rect:542 74 100 206 33
rect:595 93 103 40 16
rect:-15 2 316 70 33
SikkimIndia2001_03.jpg 0x0
rect:228 200 85 214 70
rect:215 8 152 496 98
rect:154 122 67 180 69
SikkimIndia2001_04.jpg 0x0
rect:350 198 84 148 34
rect:3 32 293 361 99
rect:503 200 207 73 99
SumatraInd2009_01.jpg 0x0
rect:239 22 69 360 81
SumatraInd2009_02.jpg 0x0
rect:148 67 191 213 41
WhittierNarrows1987_01.jpg 0x0
rect:15 32 782 341 10
WhittierNarrows1987_02.jpg 0x0
rect:158 280 102 367 41
WhittierNarrows1987_03.jpg 0x0
rect:209 135 130 330 32
WhittierNarrows1987_04.jpg 0x0
rect:195 10 316 195 100
rect:274 8 340 87 6
rect:224 74 67 229 41
YogyakartaInd2006_01.jpg 0x0
rect:249 125 218 93 49
rect:208 48 261 233 32
rect:193 -21 283 466 29
YogyakartaInd2006_02.jpg 0x0
rect:403 91 52 188 70
rect:262 70 137 368 98
rect:288 129 47 209 69
