Anchorage1964_01.jpg 0x0
rect:66 345 215 176 1
rect:124 7 249 198 1
Anchorage1964_02.jpg 0x0
rect:416 301 18 58 3
rect:232 54 114 60 4
rect:29 255 173 45 5
rect:90 161 59 12 6
rect:165 161 70 51 7
rect:303 231 30 69 3
rect:270 276 25 72 3
rect:286 25 215 60 4
rect:41 28 196 41 5
rect:439 293 18 51 3
rect:115 187 23 20 6
rect:405 59 111 132 8
rect:325 195 35 69 3
rect:517 262 98 70 4
rect:206 190 20 50 3
rect:460 280 27 65 3
rect:221 183 276 72 2
rect:318 300 15 46 3
rect:81 28 105 16 6
Anchorage1964_03.jpg 0x0
rect:270 110 348 254 9
rect:0 215 483 55 10
rect:2 211 212 69 9
Anchorage1964_04.jpg 0x0
rect:336 37 28 24 5
rect:218 46 35 16 5
rect:396 179 42 23 5
rect:362 296 24 19 1
rect:200 295 21 29 1
rect:438 45 41 17 5
rect:124 396 35 12 5
rect:173 419 34 17 5
rect:333 295 28 15 5
rect:149 105 33 21 5
rect:317 433 13 25 1
rect:157 101 23 20 5
rect:302 205 36 13 5
rect:212 226 24 26 1
rect:311 436 20 18 1
rect:144 258 34 15 5
rect:313 366 6 1 1
rect:264 243 17 29 8
rect:114 266 28 21 5
rect:410 249 17 17 5
rect:416 188 21 24 5
rect:416 268 29 19 5
rect:126 136 28 23 5
rect:426 132 39 17 5
rect:464 382 30 14 5
rect:164 117 32 18 5
rect:210 163 20 30 1
rect:189 117 20 23 1
rect:249 175 14 25 1
rect:142 430 71 15 2
rect:422 103 27 19 5
rect:283 355 15 29 1
rect:127 25 34 17 5
rect:348 485 31 16 5
rect:364 228 18 36 1
rect:186 255 32 19 5
rect:161 184 27 13 5
rect:387 420 30 17 5
rect:195 252 14 28 1
Anchorage1964_05.jpg 0x0
rect:625 290 66 53 1
rect:62 223 21 59 1
rect:491 436 38 79 8
rect:105 146 26 47 1
rect:387 182 139 89 2
rect:127 33 28 40 1
rect:442 262 35 54 1
rect:54 110 16 45 1
rect:448 204 36 62 8
rect:47 75 25 52 1
rect:158 48 74 47 6
rect:449 78 52 79 1
rect:740 231 42 35 5
rect:76 136 20 51 1
rect:55 247 27 58 1
rect:150 126 123 21 5
rect:367 193 26 27 11
rect:28 312 29 67 1
rect:132 133 150 48 6
rect:699 259 42 15 6
rect:334 23 27 46 1
rect:533 143 44 66 1
rect:736 447 43 39 5
rect:608 302 35 23 6
rect:45 180 25 45 1
rect:459 1 36 48 1
rect:621 126 29 69 1
rect:143 57 95 34 5
rect:460 222 47 19 11
Anchorage1964_06.jpg 0x0
rect:146 97 221 440 12
rect:169 176 100 304 3
rect:117 204 54 82 11
Anchorage1964_07.jpg 0x0
rect:6 72 705 349 2
rect:392 248 435 169 2
rect:350 153 91 110 11
rect:180 2 91 63 2
rect:268 171 68 141 13
rect:7 427 333 33 14
rect:17 234 350 43 11
rect:338 138 160 104 11
rect:230 124 44 118 3
Anchorage1964_08.jpg 0x0
rect:305 446 154 125 1
rect:69 390 128 111 1
rect:39 525 136 130 1
rect:246 321 122 124 1
rect:390 25 87 110 1
rect:46 72 105 117 1
Anchorage1964_09.jpg 0x0
rect:575 165 1 1 16
rect:646 28 102 54 8
rect:18 179 22 9 16
rect:163 92 362 12 15
rect:139 382 80 59 8
rect:561 133 113 28 15
rect:676 94 166 16 15
rect:527 8 208 15 15
rect:10 141 69 20 15
rect:15 15 404 19 15
rect:307 165 81 65 1
rect:17 17 45 11 16
rect:77 200 82 72 1
rect:233 150 72 86 1
rect:527 335 96 91 8
rect:64 101 49 11 16
rect:419 9 75 11 16
rect:104 37 57 51 8
rect:605 180 70 59 1
Anchorage1964_10.jpg 0x0
rect:101 393 383 88 18
rect:177 241 109 115 17
rect:77 148 382 282 1
rect:145 156 282 67 18
Anchorage1964_11.jpg 0x0
rect:152 121 272 25 15
rect:728 8 92 33 1
rect:256 164 353 44 11
rect:173 52 190 108 4
rect:65 552 592 10 14
rect:115 134 461 75 2
rect:81 408 747 24 14
rect:597 103 106 108 1
Anchorage1964_12.jpg 0x0
rect:162 234 32 75 3
rect:325 59 58 137 3
rect:228 71 48 167 3
rect:369 89 234 210 11
rect:14 86 436 220 2
Anchorage1964_13.jpg 0x0
rect:486 462 106 12 19
rect:323 586 192 33 2
rect:544 444 30 113 20
Anchorage1964_14.jpg 0x0
rect:465 6 63 161 11
rect:322 175 115 56 15
rect:296 15 55 232 11
rect:85 215 138 34 15
rect:183 673 43 68 22
rect:230 17 98 617 20
rect:12 619 206 79 11
rect:80 627 33 50 22
rect:253 265 61 103 21
rect:237 586 125 85 23
rect:24 744 24 42 22
rect:34 453 45 78 22
Anchorage1964_15.jpg 0x0
rect:301 7 61 74 4
rect:377 9 95 70 4
rect:369 305 99 25 24
rect:280 236 110 49 11
rect:154 95 56 393 20
rect:272 156 31 55 11
rect:248 309 181 37 15
rect:338 378 196 63 2
rect:325 99 44 123 25
Anchorage1964_16.jpg 0x0
rect:248 261 321 145 11
rect:16 410 48 81 2
rect:14 155 157 156 2
rect:621 147 103 170 2
rect:68 307 63 114 11
rect:192 112 301 106 2
Anchorage1964_17.jpg 0x0
rect:11 116 289 136 9
rect:247 37 286 227 9
rect:8 151 917 247 10
Anchorage1964_18.jpg 0x0
rect:301 250 81 25 2
rect:115 207 23 60 11
rect:126 158 69 136 4
rect:841 342 45 13 2
rect:177 262 57 51 11
rect:671 367 38 23 2
rect:708 195 140 94 4
rect:504 189 87 95 4
rect:263 189 24 72 11
rect:357 347 223 21 15
Anchorage1964_19.jpg 0x0
rect:459 222 8 29 26
rect:28 315 36 132 27
rect:668 163 8 16 26
rect:386 83 51 47 26
rect:498 167 53 31 28
rect:526 112 22 51 29
rect:338 97 8 12 26
rect:629 178 8 5 26
rect:516 119 25 29 26
rect:388 92 86 124 29
rect:340 232 49 63 26
rect:234 93 27 40 27
rect:6 232 67 115 26
rect:351 202 17 31 26
rect:321 294 16 31 26
rect:348 120 40 103 29
rect:626 181 29 37 28
rect:386 122 17 37 26
Anchorage1964_20.jpg 0x0
rect:259 107 90 53 27
rect:289 578 51 100 26
rect:234 116 88 83 26
rect:136 67 158 141 29
rect:327 543 34 91 26
Anchorage1964_21.jpg 0x0
rect:2 121 39 45 26
rect:-6 59 65 185 29
rect:40 326 32 31 26
rect:171 164 749 164 30
Bingol2003_01.jpg 0x0
rect:454 487 42 66 34
rect:682 111 78 99 6
rect:389 191 65 52 33
rect:26 306 64 81 33
rect:164 261 87 72 33
rect:334 407 127 83 6
rect:483 451 203 96 6
rect:484 63 61 87 6
rect:212 113 59 25 6
rect:780 586 63 32 33
rect:810 218 75 48 6
rect:797 319 69 80 33
rect:518 367 52 146 32
rect:573 250 63 97 34
rect:554 70 202 267 31
rect:395 221 34 69 6
rect:762 297 80 52 33
rect:518 220 184 167 31
rect:2 336 671 298 10
Bingol2003_02.jpg 0x0
rect:369 299 102 83 6
rect:890 83 179 100 36
rect:246 295 609 448 31
rect:166 295 83 258 32
rect:512 394 86 122 26
rect:193 72 455 180 34
rect:347 281 562 96 35
rect:129 498 183 301 32
Bingol2003_03.jpg 0x0
rect:544 150 191 92 11
rect:731 178 232 775 4
rect:464 191 271 161 2
rect:123 32 94 108 33
rect:460 -8 316 269 4
rect:98 26 187 43 2
rect:661 436 233 437 2
Bingol2003_04.jpg 0x0
rect:193 473 164 170 2
rect:89 769 20 78 3
rect:249 656 81 57 2
rect:92 440 85 81 2
rect:251 407 29 88 3
rect:133 408 30 80 3
rect:228 366 43 85 3
rect:355 290 178 175 4
CanterburyNZSeries2010_01.jpg 0x0
rect:94 127 154 399 12
CanterburyNZSeries2010_02.jpg 0x0
rect:37 38 170 210 6
rect:48 7 242 325 37
CanterburyNZSeries2010_03.jpg 0x0
rect:54 73 383 130 38
CanterburyNZSeries2010_04.jpg 0x0
rect:231 519 29 35 40
rect:256 365 84 177 41
rect:238 320 20 185 40
rect:426 419 20 56 40
rect:262 325 38 133 40
rect:207 9 87 176 42
rect:152 300 161 259 39
rect:321 537 39 50 40
CanterburyNZSeries2010_05.jpg 0x0
rect:358 448 264 337 4
rect:262 161 182 119 15
CanterburyNZSeries2010_06.jpg 0x0
rect:238 237 258 154 2
rect:89 139 518 745 4
CanterburyNZSeries2010_08.jpg 0x0
rect:595 507 51 134 44
rect:874 421 116 138 44
rect:976 475 43 123 32
rect:582 160 168 208 43
CanterburyNZSeries2010_09.jpg 0x0
rect:257 354 191 427 39
rect:175 123 225 249 45
CanterburyNZSeries2010_10.jpg 0x0
rect:278 241 384 298 6
rect:407 164 201 128 7
rect:234 463 188 92 6
rect:393 409 231 96 46
CanterburyNZSeries2010_11.jpg 0x0
rect:404 245 380 150 7
rect:382 320 399 193 5
CanterburyNZSeries2010_12.jpg 0x0
rect:421 446 197 49 11
rect:127 431 116 55 11
rect:49 385 767 285 2
rect:5 279 941 486 47
CanterburyNZSeries2010_13.jpg 0x0
rect:195 21 466 977 12
rect:327 165 111 335 11
Caracas1967_01.jpg 0x0
rect:409 52 162 304 48
rect:272 194 9 76 48
rect:292 122 86 106 48
rect:368 216 53 89 48
Caracas1967_02.jpg 0x0
rect:251 1 83 176 15
rect:128 150 138 348 51
rect:130 367 45 26 50
rect:131 496 32 66 49
Caracas1967_03.jpg 0x0
rect:301 82 53 80 14
rect:19 433 185 95 6
rect:223 396 118 220 34
rect:356 295 61 77 26
rect:210 261 33 44 27
rect:277 379 32 101 27
Caracas1967_04.jpg 0x0
rect:99 269 219 188 34
rect:123 412 23 121 27
rect:174 354 66 133 26
Caracas1967_05.jpg 0x0
rect:55 95 428 567 41
rect:165 406 36 240 40
rect:251 351 48 241 40
rect:73 342 246 179 52
rect:227 291 48 284 40
rect:376 244 46 248 40
rect:63 375 67 322 40
rect:263 193 165 161 52
rect:40 95 467 638 48
rect:365 190 48 150 40
Caracas1967_06.jpg 0x0
rect:472 191 78 43 6
rect:335 108 261 237 7
Caracas1967_07.jpg 0x0
rect:531 35 38 179 27
rect:284 186 40 236 27
rect:441 241 115 90 53
rect:351 520 111 64 53
rect:196 170 159 166 34
rect:571 316 132 268 34
rect:315 7 117 234 34
Caracas1967_08.jpg 0x0
rect:230 277 74 112 54
rect:245 285 58 86 55
rect:303 244 65 110 54
Caracas1967_09.jpg 0x0
rect:409 9 279 127 48
rect:22 248 59 47 48
rect:160 112 122 73 48
rect:86 244 62 49 48
Caracas1967_10.jpg 0x0
rect:313 222 101 134 40
rect:20 217 397 321 48
rect:538 273 77 247 40
rect:29 184 251 296 41
Caracas1967_11.jpg 0x0
rect:213 13 156 322 41
rect:78 235 217 515 41
rect:67 18 427 638 48
Caracas1967_12.jpg 0x0
rect:167 247 26 39 56
rect:518 240 43 40 34
rect:473 316 28 48 32
rect:720 364 28 71 32
Caracas1967_13.jpg 0x0
rect:214 453 103 205 55
Caracas1967_14.jpg 0x0
rect:96 310 367 53 6
rect:139 96 735 260 57
Chichi1999_01.jpg 0x0
rect:441 131 46 232 42
rect:5 7 895 203 58
Chichi1999_02.jpg 0x0
rect:267 89 139 433 59
rect:7 105 437 133 58
Chichi1999_03.jpg 0x0
rect:90 148 60 106 60
rect:0 107 588 233 58
Chichi1999_04.jpg 0x0
rect:237 206 27 75 52
rect:157 189 58 360 48
rect:223 -13 44 119 48
Chichi1999_05.jpg 0x0
rect:254 128 67 237 48
rect:447 239 48 89 52
rect:321 96 44 46 41
rect:463 296 39 33 41
Chichi1999_06.jpg 0x0
rect:351 97 47 53 62
rect:387 296 26 25 52
rect:412 167 57 103 48
rect:625 -11 105 67 61
rect:210 14 545 197 10
rect:451 194 47 48 41
Chichi1999_07.jpg 0x0
rect:39 187 466 180 63
rect:204 206 19 41 64
rect:520 217 52 79 48
rect:792 298 19 22 64
rect:478 265 37 45 64
rect:473 239 36 152 48
rect:153 183 49 186 48
Chichi1999_08.jpg 0x0
rect:80 19 428 609 10
Chichi1999_09.jpg 0x0
rect:220 101 33 59 40
rect:236 78 187 221 48
rect:237 116 61 91 40
rect:266 124 153 76 41
Chichi1999_10.jpg 0x0
rect:193 20 642 389 10
Chichi1999_11.jpg 0x0
rect:2 144 226 592 10
rect:179 175 77 101 65
Chichi1999_12.jpg 0x0
rect:10 24 372 564 66
Chichi1999_13.jpg 0x0
rect:44 53 499 495 10
Chichi1999_14.jpg 0x0
rect:460 510 90 89 67
rect:152 588 29 52 67
rect:369 494 22 22 39
rect:236 424 21 62 67
rect:79 508 47 57 67
rect:81 276 58 49 67
rect:252 608 19 43 39
rect:115 518 28 45 67
rect:117 412 29 42 67
rect:135 308 36 73 67
rect:94 362 50 57 67
rect:158 262 20 45 67
rect:104 157 117 55 67
rect:433 450 34 58 67
rect:304 334 40 47 39
rect:139 210 29 49 67
rect:276 304 21 44 39
Chichi1999_15.jpg 0x0
rect:305 29 274 420 41
Chichi1999_16.jpg 0x0
rect:172 144 72 126 32
Chichi1999_17.jpg 0x0
rect:97 321 26 44 32
Chichi1999_18.jpg 0x0
rect:123 231 28 99 69
rect:212 417 31 163 70
rect:375 323 34 145 69
rect:281 313 36 177 69
rect:177 292 31 154 69
rect:157 176 100 344 68
Chichi1999_19.jpg 0x0
rect:201 26 211 423 2
rect:242 127 211 240 3
YogyakartaInd2006_03.jpg 0x0
rect:451 86 139 76 15
rect:196 329 404 191 71
rect:212 126 19 5 16
rect:517 67 101 48 16
rect:169 191 52 35 15
rect:169 18 88 2 15
rect:177 357 257 22 15
rect:233 329 45 33 16
Chichi1999_20.jpg 0x0
rect:338 362 45 147 41
rect:233 205 103 449 42
Chichi1999_21.jpg 0x0
rect:227 289 91 127 6
rect:478 34 183 159 37
rect:52 414 210 96 5
rect:172 85 240 365 72
rect:173 235 231 151 37
rect:337 7 133 125 57
rect:22 4 221 184 30
rect:392 133 203 83 6
Chichi1999_22.jpg 0x0
rect:478 238 15 21 73
rect:259 221 12 24 73
rect:309 217 17 23 73
rect:200 178 280 134 10
Chichi1999_23.jpg 0x0
rect:337 161 27 26 26
rect:109 282 58 124 73
rect:234 217 39 82 34
rect:373 361 76 76 73
rect:169 197 40 39 73
rect:263 206 31 69 73
rect:4 74 373 223 74
rect:223 157 41 28 27
rect:168 124 23 33 34
rect:129 381 40 67 34
Chichi1999_24.jpg 0x0
rect:153 187 68 37 34
rect:202 219 49 70 46
rect:3 311 371 264 74
rect:310 291 1 2 46
rect:123 184 139 80 75
Chichi1999_25.jpg 0x0
rect:255 407 41 76 26
rect:118 296 125 209 34
rect:193 199 208 393 73
Chichi1999_26.jpg 0x0
rect:98 688 126 108 27
rect:234 273 116 408 76
rect:293 19 47 31 73
rect:156 414 126 127 73
rect:180 431 63 94 26
rect:182 182 55 143 73
Chichi1999_27.jpg 0x0
rect:175 307 109 417 32
Chichi1999_28.jpg 0x0
rect:140 123 170 227 5
rect:330 252 173 107 77
rect:22 54 256 142 6
rect:264 150 198 215 75
Chichi1999_29.jpg 0x0
rect:136 151 221 294 48
rect:201 209 70 177 52
rect:213 166 115 148 40
Chichi1999_30.jpg 0x0
rect:237 178 160 73 78
rect:38 349 80 135 73
rect:155 150 138 60 52
rect:146 127 291 247 40
Chichi1999_31.jpg 0x0
rect:203 74 118 321 79
rect:697 120 52 238 48
Chichi1999_32.jpg 0x0
rect:125 7 93 346 80
rect:396 119 62 136 39
rect:174 70 57 120 81
rect:154 197 37 144 81
Chichi1999_33.jpg 0x0
rect:309 88 76 308 56
rect:140 117 106 261 32
rect:89 55 128 518 33
rect:118 118 50 113 49
rect:302 64 119 300 32
rect:217 153 28 143 49
Chichi1999_34.jpg 0x0
rect:89 128 436 495 10
Duzce1999_01.jpg 0x0
rect:136 44 129 319 39
rect:132 172 105 170 41
Duzce1999_02.jpg 0x0
rect:85 38 149 274 41
Duzce1999_03.jpg 0x0
rect:95 123 99 281 42
rect:0 138 92 256 31
rect:233 125 80 226 31
Gediz1970_01.jpg 0x0
rect:212 425 81 147 69
rect:106 132 294 511 68
rect:151 342 116 331 69
Guatemala1976_01.jpg 0x0
rect:54 272 75 49 52
rect:558 145 127 140 48
rect:47 214 59 44 41
rect:369 217 82 96 41
rect:28 126 806 136 82
rect:41 170 81 151 48
Guatemala1976_02.jpg 0x0
rect:124 76 236 226 48
rect:299 59 130 118 40
Guatemala1976_03.jpg 0x0
rect:16 69 541 357 75
Guatemala1976_04.jpg 0x0
rect:483 222 110 283 4
rect:35 53 386 292 30
rect:351 216 85 221 4
rect:111 26 415 55 30
Guatemala1976_05.jpg 0x0
rect:198 83 338 395 48
rect:199 110 399 103 41
rect:129 109 253 145 40
Guatemala1976_06.jpg 0x0
rect:90 136 279 576 39
Guatemala1976_07.jpg 0x0
rect:210 518 147 99 83
rect:24 238 336 275 10
rect:31 270 58 52 6
Guatemala1976_08.jpg 0x0
rect:312 76 204 358 40
rect:125 76 404 381 41
rect:153 31 467 575 48
Guatemala1976_09.jpg 0x0
rect:258 316 50 55 84
rect:116 299 37 28 85
rect:180 217 46 62 85
rect:707 205 73 51 85
rect:439 340 96 36 85
rect:104 206 33 26 84
rect:196 279 27 33 84
rect:609 274 53 53 84
Guatemala1976_10.jpg 0x0
rect:192 107 180 201 87
rect:256 216 164 336 86
rect:334 268 43 89 87
Guatemala1976_11.jpg 0x0
rect:152 237 108 158 34
GujaratIndia2001_01.jpg 0x0
rect:220 583 66 45 11
rect:26 359 171 121 4
rect:138 566 232 59 2
rect:65 534 48 35 2
Haiti2010_01.jpg 0x0
rect:597 297 128 115 4
rect:156 44 160 112 7
rect:333 368 23 154 40
rect:472 346 226 289 4
rect:196 118 160 256 41
Haiti2010_02.jpg 0x0
rect:40 106 625 205 88
rect:383 25 140 60 14
Haiti2010_03.jpg 0x0
rect:267 572 237 209 89
rect:195 394 194 174 32
rect:343 1 79 756 32
rect:295 369 50 84 49
Haiti2010_04.jpg 0x0
rect:180 232 208 547 41
rect:2 119 197 170 6
rect:226 63 194 202 34
Haiti2010_05.jpg 0x0
rect:237 142 364 514 90
rect:256 203 24 75 40
rect:452 243 45 90 40
rect:180 276 231 152 52
Haiti2010_06.jpg 0x0
rect:281 179 241 358 33
rect:550 211 530 842 91
rect:394 256 94 58 6
rect:445 182 56 209 32
rect:183 279 351 327 91
rect:204 192 33 59 34
rect:670 129 73 97 34
ImperialValley1979_01.jpg 0x0
rect:332 349 28 37 50
rect:527 264 28 41 32
rect:255 397 39 52 32
rect:15 378 98 82 49
rect:319 381 45 41 32
rect:372 377 42 29 49
rect:423 238 14 14 49
rect:13 268 146 125 32
rect:429 306 19 21 49
rect:252 288 34 74 50
rect:57 322 123 126 50
ImperialValley1979_02.jpg 0x0
rect:209 139 66 164 50
rect:309 211 51 167 50
rect:251 118 210 306 32
rect:178 203 299 51 92
rect:316 223 90 38 49
rect:405 142 110 170 50
ImperialValley1979_03.jpg 0x0
rect:90 561 350 41 92
rect:99 307 268 160 32
rect:115 242 83 274 50
rect:252 455 108 159 50
rect:187 216 234 199 32
rect:336 307 70 204 50
rect:104 376 304 27 92
Izmit1999_01.jpg 0x0
rect:154 81 401 273 34
rect:227 104 56 136 27
rect:189 83 63 153 27
rect:262 239 45 126 27
rect:427 223 59 89 26
Izmit1999_02.jpg 0x0
rect:25 155 867 186 10
Izmit1999_03.jpg 0x0
rect:121 53 295 307 93
rect:152 157 334 41 92
rect:506 70 40 207 50
rect:602 60 48 295 50
rect:282 77 214 430 32
rect:153 117 56 231 50
rect:227 185 42 142 50
rect:568 81 46 300 50
Izmit1999_04.jpg 0x0
rect:64 541 37 77 42
rect:324 266 103 106 41
rect:144 350 106 80 88
rect:237 77 61 118 48
rect:58 511 81 60 34
rect:274 107 66 86 41
rect:469 321 19 74 40
rect:311 453 26 77 40
rect:106 451 259 159 88
rect:75 483 49 133 41
Izmit1999_05.jpg 0x0
rect:67 32 638 440 10
Izmit1999_06.jpg 0x0
rect:209 259 32 113 50
rect:95 319 77 236 50
rect:98 155 213 400 32
rect:125 308 148 78 49
rect:287 328 49 195 50
rect:122 230 74 173 50
Izmit1999_07.jpg 0x0
rect:305 238 113 452 4
rect:19 141 350 560 2
rect:362 82 151 36 6
rect:285 94 93 81 3
rect:145 400 42 128 3
rect:280 224 27 78 3
rect:229 149 65 102 3
Izmit1999_08.jpg 0x0
rect:439 7 110 76 45
rect:126 26 68 93 34
rect:281 243 238 108 88
rect:639 106 46 34 52
rect:153 446 96 92 45
rect:499 60 53 79 41
rect:135 146 89 82 41
Izmit1999_09.jpg 0x0
rect:431 279 86 76 41
rect:350 219 116 101 94
rect:63 208 38 44 41
rect:621 262 61 80 41
rect:317 267 40 32 41
rect:419 284 76 92 94
Izmit1999_10.jpg 0x0
rect:313 556 103 107 40
rect:61 177 352 33 78
rect:46 137 61 203 40
rect:118 274 316 61 78
rect:126 434 171 28 78
rect:207 392 52 99 40
rect:218 421 100 38 78
rect:164 169 50 126 40
rect:74 167 215 423 41
rect:253 86 156 163 40
rect:137 214 97 323 40
Izmit1999_11.jpg 0x0
rect:170 266 81 125 40
rect:133 269 134 192 41
rect:347 338 89 165 40
rect:204 414 75 200 40
rect:265 532 86 155 41
Izmit1999_12.jpg 0x0
rect:105 264 28 49 40
rect:244 237 36 140 42
rect:114 168 73 49 88
rect:63 69 28 18 6
rect:418 294 60 150 41
rect:39 235 60 97 94
rect:311 152 58 66 45
rect:361 140 72 52 7
rect:237 184 38 21 6
rect:366 160 57 63 41
rect:606 73 52 101 41
rect:582 34 92 66 34
rect:1 204 33 28 41
rect:403 316 98 174 94
rect:56 294 76 59 52
rect:13 78 40 30 6
rect:387 315 62 126 52
rect:386 193 261 217 91
Izmit1999_13.jpg 0x0
rect:303 73 247 432 48
rect:79 136 55 34 6
rect:151 229 82 78 52
rect:135 194 37 84 41
rect:239 354 38 98 41
rect:318 83 95 122 41
rect:5 98 118 184 42
rect:443 131 76 178 41
rect:99 278 129 110 94
Izmit1999_14.jpg 0x0
rect:320 8 185 60 35
rect:575 331 49 47 34
rect:412 516 43 21 34
rect:570 63 74 72 34
rect:47 126 140 62 34
rect:253 269 58 35 34
rect:288 179 78 79 35
rect:599 261 90 53 34
rect:283 44 59 66 95
Izmit1999_15.jpg 0x0
rect:160 160 179 459 42
Izmit1999_16.jpg 0x0
rect:101 60 424 593 33
rect:105 89 298 383 39
rect:168 99 52 90 40
rect:187 93 189 175 41
Izmit1999_17.jpg 0x0
rect:76 151 228 313 41
Izmit1999_18.jpg 0x0
rect:157 177 166 261 39
rect:172 171 107 194 41
Izmit1999_19.jpg 0x0
rect:278 84 290 230 96
rect:501 142 31 82 50
rect:442 138 30 86 50
rect:187 96 294 313 32
Kobe1995_01.jpg 0x0
rect:27 191 564 201 63
Kobe1995_02.jpg 0x0
rect:2 65 438 576 68
Kobe1995_03.jpg 0x0
rect:39 73 426 753 10
Kobe1995_04.jpg 0x0
rect:297 277 44 48 41
Kobe1995_05.jpg 0x0
rect:114 115 167 677 52
rect:4 150 119 670 40
rect:114 733 342 164 78
rect:359 143 220 524 40
rect:55 195 476 63 78
Kobe1995_06.jpg 0x0
rect:159 383 367 314 42
rect:44 178 478 614 41
Kobe1995_07.jpg 0x0
rect:117 235 34 44 39
rect:261 346 35 25 39
rect:313 442 40 42 39
rect:158 83 37 41 39
rect:340 226 40 32 39
rect:153 261 24 25 39
rect:409 364 31 44 39
rect:168 239 45 49 39
rect:52 238 42 40 39
rect:535 188 43 35 39
rect:173 122 34 39 39
rect:119 482 32 49 39
rect:369 509 30 43 39
rect:412 250 31 59 39
rect:153 239 41 37 39
rect:156 487 48 37 39
rect:257 283 40 26 39
rect:268 377 24 51 39
rect:312 152 48 45 39
rect:30 381 51 22 39
rect:343 113 30 42 39
rect:352 226 22 33 39
rect:425 385 37 54 39
rect:263 178 32 56 39
rect:332 224 51 51 39
rect:174 112 20 42 39
Kobe1995_08.jpg 0x0
rect:301 71 592 181 97
Kobe1995_09.jpg 0x0
rect:68 721 73 73 88
rect:124 589 63 47 88
rect:157 655 230 59 97
rect:128 510 56 78 88
SanSalvador_1986_01.jpg 0x0
rect:240 202 133 232 41
rect:47 3 76 251 68
SanSalvador_1986_02.jpg 0x0
rect:180 329 30 28 41
rect:530 325 32 64 41
rect:130 207 23 22 41
rect:466 203 40 49 41
rect:411 197 37 50 41
rect:164 238 26 29 41
rect:603 127 32 52 42
rect:336 245 35 30 41
rect:261 124 15 28 41
SikkimIndia2001_01.jpg 0x0
rect:269 191 148 91 34
SikkimIndia2001_02.jpg 0x0
rect:616 263 114 17 16
rect:-15 2 364 117 33
rect:9 177 72 38 54
rect:466 135 79 203 33
rect:248 170 63 53 16
rect:10 6 351 91 16
rect:534 84 123 46 16
rect:169 77 160 257 33
SikkimIndia2001_03.jpg 0x0
rect:210 111 74 189 69
rect:159 251 68 214 70
rect:207 14 182 411 98
SikkimIndia2001_04.jpg 0x0
rect:306 148 96 154 34
rect:368 206 202 82 99
rect:3 21 281 323 99
SumatraInd2009_01.jpg 0x0
rect:311 25 75 238 81
SumatraInd2009_02.jpg 0x0
rect:173 93 146 150 41
WhittierNarrows1987_01.jpg 0x0
rect:15 30 719 307 10
WhittierNarrows1987_02.jpg 0x0
rect:171 273 93 221 41
WhittierNarrows1987_03.jpg 0x0
rect:225 147 116 246 32
WhittierNarrows1987_04.jpg 0x0
rect:287 12 200 171 100
rect:289 44 126 259 41
rect:221 8 370 97 6
YogyakartaInd2006_01.jpg 0x0
rect:259 32 405 230 32
rect:375 96 262 70 49
rect:234 -25 311 624 29
YogyakartaInd2006_02.jpg 0x0
rect:449 67 121 471 98
rect:301 102 63 246 69
rect:332 114 55 205 70
