Anchorage1964_01.jpg 0x0
rect:110 6 230 148 1
rect:65 429 205 282 1
Anchorage1964_02.jpg 0x0
rect:649 60 109 107 8
rect:480 215 99 63 4
rect:465 255 18 40 3
rect:22 175 145 31 5
rect:145 168 67 18 6
rect:315 238 23 54 3
rect:68 157 31 15 6
rect:279 74 105 72 4
rect:54 38 66 19 6
rect:29 27 165 31 5
rect:403 241 12 57 3
rect:461 273 12 55 3
rect:168 144 93 51 7
rect:149 336 457 72 2
rect:221 34 335 107 4
rect:229 215 23 57 3
rect:444 223 23 66 3
rect:316 190 27 46 3
rect:444 206 22 46 3
Anchorage1964_03.jpg 0x0
rect:0 229 449 64 10
rect:240 71 457 144 9
rect:2 185 192 55 9
Anchorage1964_04.jpg 0x0
rect:203 310 14 30 1
rect:245 217 23 27 1
rect:128 372 25 18 5
rect:242 99 24 14 5
rect:264 30 33 15 5
rect:178 303 24 17 5
rect:199 58 42 18 5
rect:219 197 16 28 1
rect:311 481 22 37 1
rect:323 331 25 21 5
rect:279 301 39 20 5
rect:279 386 22 26 1
rect:400 173 20 23 5
rect:201 537 38 14 5
rect:158 111 39 19 5
rect:197 392 11 18 1
rect:345 517 16 34 1
rect:386 303 31 19 5
rect:286 262 30 18 5
rect:191 231 15 20 1
rect:158 243 27 24 5
rect:169 264 28 14 5
rect:203 25 22 20 5
rect:464 381 35 21 5
rect:328 204 16 22 1
rect:237 533 74 16 2
rect:123 573 26 18 5
rect:204 100 32 17 5
rect:289 244 19 28 8
rect:252 220 32 21 5
rect:147 237 32 19 5
rect:334 139 26 20 5
rect:377 177 33 21 5
rect:231 387 7 1 1
rect:255 215 12 36 1
rect:133 171 34 22 5
rect:423 295 26 22 5
rect:360 72 44 13 5
rect:366 112 16 28 1
Anchorage1964_05.jpg 0x0
rect:152 53 76 52 6
rect:72 248 22 33 1
rect:67 71 15 53 1
rect:370 271 41 48 1
rect:368 252 56 24 11
rect:55 86 25 51 1
rect:364 328 60 55 8
rect:252 212 127 95 2
rect:481 1 45 60 1
rect:602 28 45 71 1
rect:206 55 65 30 5
rect:86 24 28 28 1
rect:494 187 45 55 1
rect:170 139 131 34 6
rect:103 351 24 57 1
rect:459 172 70 27 5
rect:419 427 45 55 8
rect:568 326 57 40 5
rect:38 428 19 54 1
rect:631 215 44 61 1
rect:384 261 19 21 11
rect:791 240 31 29 6
rect:63 306 22 42 1
rect:307 82 35 54 1
rect:170 138 103 28 5
rect:31 342 22 63 1
rect:839 249 36 18 6
rect:629 134 43 60 1
rect:47 107 17 32 1
Anchorage1964_06.jpg 0x0
rect:142 133 75 388 3
rect:133 94 216 367 12
rect:162 294 88 80 11
Anchorage1964_07.jpg 0x0
rect:7 440 411 37 14
rect:168 2 78 84 2
rect:8 51 759 425 2
rect:477 143 105 103 11
rect:350 187 65 77 13
rect:200 96 176 157 11
rect:283 94 42 154 3
rect:13 281 329 40 11
rect:301 209 440 266 2
Anchorage1964_08.jpg 0x0
rect:269 28 87 144 1
rect:37 307 90 111 1
rect:37 460 129 136 1
rect:65 92 171 119 1
rect:357 431 90 140 1
rect:265 270 138 100 1
Anchorage1964_09.jpg 0x0
rect:67 170 55 8 16
rect:13 166 109 20 15
rect:374 210 77 76 8
rect:161 172 304 11 15
rect:181 110 89 65 1
rect:469 8 211 15 15
rect:603 10 110 10 16
rect:17 16 60 15 16
rect:405 106 74 25 15
rect:718 35 104 82 8
rect:640 162 1 1 16
rect:119 50 86 91 8
rect:69 149 63 90 1
rect:445 191 59 54 1
rect:11 15 359 15 15
rect:16 130 21 12 16
rect:622 194 102 93 1
rect:737 99 114 21 15
rect:98 218 93 52 8
Anchorage1964_10.jpg 0x0
rect:89 151 243 260 1
rect:186 193 206 57 18
rect:174 296 111 122 17
rect:87 462 367 157 18
Anchorage1964_11.jpg 0x0
rect:318 185 291 28 11
rect:114 224 459 66 2
rect:75 426 702 12 14
rect:169 52 130 76 4
rect:169 185 301 21 15
rect:711 163 110 95 1
rect:377 8 113 30 1
rect:86 551 430 16 14
Anchorage1964_12.jpg 0x0
rect:276 65 233 145 11
rect:161 233 34 135 3
rect:10 73 489 256 2
rect:315 108 69 268 3
rect:456 88 48 188 3
Anchorage1964_13.jpg 0x0
rect:365 379 101 15 19
rect:368 323 37 139 20
rect:229 491 177 20 2
Anchorage1964_14.jpg 0x0
rect:233 14 117 774 20
rect:9 473 250 100 11
rect:87 265 138 38 15
rect:396 240 179 52 15
rect:270 722 127 103 23
rect:35 449 34 67 22
rect:240 213 57 62 21
rect:155 754 53 67 22
rect:16 632 23 55 22
rect:366 6 104 141 11
rect:327 12 49 234 11
rect:128 575 40 73 22
Anchorage1964_15.jpg 0x0
rect:242 221 177 54 15
rect:409 11 85 55 4
rect:312 310 112 34 11
rect:332 153 53 77 25
rect:398 372 131 25 24
rect:207 55 62 469 20
rect:257 10 84 77 4
rect:180 158 32 87 11
rect:230 425 234 42 2
Anchorage1964_16.jpg 0x0
rect:13 252 64 78 2
rect:98 362 100 90 11
rect:172 72 272 97 2
rect:442 184 130 202 2
rect:12 145 204 188 2
rect:196 262 244 270 11
Anchorage1964_17.jpg 0x0
rect:11 192 680 212 10
rect:11 156 209 88 9
rect:292 67 258 156 9
Anchorage1964_18.jpg 0x0
rect:426 231 83 26 2
rect:279 334 443 34 15
rect:446 266 25 46 11
rect:409 175 97 82 4
rect:176 202 75 136 4
rect:129 324 89 48 11
rect:810 400 55 16 2
rect:673 192 97 76 4
rect:160 206 19 43 11
rect:339 322 28 19 2
Anchorage1964_19.jpg 0x0
rect:22 360 42 100 27
rect:370 73 31 34 27
rect:527 147 11 28 26
rect:354 262 25 30 26
rect:582 133 61 30 28
rect:369 107 45 35 26
rect:401 165 27 35 28
rect:336 93 62 141 29
rect:310 281 17 23 26
rect:366 114 26 31 26
rect:710 170 8 6 26
rect:260 379 56 56 26
rect:402 161 7 16 26
rect:465 147 27 61 29
rect:7 212 79 128 26
rect:576 203 8 9 26
rect:494 72 32 97 29
rect:428 156 19 35 26
Anchorage1964_20.jpg 0x0
rect:525 360 42 80 26
rect:261 118 70 38 27
rect:170 114 104 82 26
rect:216 72 156 124 29
rect:262 368 49 129 26
Anchorage1964_21.jpg 0x0
rect:58 288 42 37 26
rect:146 157 419 123 30
rect:-5 88 62 128 29
rect:2 105 33 27 26
Bingol2003_01.jpg 0x0
rect:37 297 75 60 33
rect:493 354 47 257 32
rect:619 315 86 48 6
rect:669 581 148 82 6
rect:744 138 85 70 6
rect:363 108 191 136 31
rect:527 255 101 69 33
rect:124 204 74 65 33
rect:631 390 123 72 33
rect:996 389 89 47 33
rect:506 155 39 120 34
rect:348 286 87 83 6
rect:357 98 80 68 6
rect:179 88 60 25 6
rect:2 310 1083 299 10
rect:696 304 221 196 31
rect:622 380 34 75 34
rect:245 214 60 86 33
rect:554 210 51 56 6
Bingol2003_02.jpg 0x0
rect:973 77 176 71 36
rect:113 97 492 169 34
rect:196 211 686 456 31
rect:130 676 163 185 32
rect:578 160 402 160 35
rect:575 288 82 76 26
rect:283 362 97 92 6
rect:141 205 108 306 32
Bingol2003_03.jpg 0x0
rect:101 46 127 82 33
rect:419 143 165 57 11
rect:315 219 466 140 2
rect:869 -9 383 264 4
rect:721 447 194 296 2
rect:864 278 190 671 4
rect:92 27 187 28 2
Bingol2003_04.jpg 0x0
rect:254 453 37 94 3
rect:186 502 38 113 3
rect:215 237 208 234 4
rect:83 663 31 52 3
rect:107 550 31 70 3
rect:284 734 110 101 2
rect:61 644 127 105 2
rect:186 492 300 182 2
CanterburyNZSeries2010_01.jpg 0x0
rect:102 146 99 327 12
CanterburyNZSeries2010_02.jpg 0x0
rect:56 9 127 344 37
rect:54 65 174 271 6
CanterburyNZSeries2010_03.jpg 0x0
rect:39 54 451 177 38
CanterburyNZSeries2010_04.jpg 0x0
rect:153 485 122 246 41
rect:409 427 19 66 40
rect:225 408 33 209 40
rect:348 472 35 50 40
rect:243 520 23 42 40
rect:370 405 35 89 40
rect:188 9 112 219 42
rect:271 200 220 356 39
CanterburyNZSeries2010_05.jpg 0x0
rect:302 142 104 117 15
rect:403 379 185 382 4
CanterburyNZSeries2010_06.jpg 0x0
rect:261 225 311 123 2
rect:48 126 801 726 4
CanterburyNZSeries2010_08.jpg 0x0
rect:1124 637 77 127 44
rect:395 161 181 243 43
rect:609 483 87 99 44
rect:626 610 33 165 32
CanterburyNZSeries2010_09.jpg 0x0
rect:311 266 157 487 39
rect:282 158 199 250 45
CanterburyNZSeries2010_10.jpg 0x0
rect:435 157 254 106 7
rect:229 277 470 230 6
rect:246 370 189 53 46
rect:296 483 277 132 6
CanterburyNZSeries2010_11.jpg 0x0
rect:297 274 301 106 7
rect:414 251 316 184 5
CanterburyNZSeries2010_12.jpg 0x0
rect:181 442 184 38 11
rect:429 342 188 74 11
rect:5 202 879 512 47
rect:45 368 651 237 2
CanterburyNZSeries2010_13.jpg 0x0
rect:429 201 129 444 11
rect:153 15 553 926 12
Caracas1967_01.jpg 0x0
rect:328 142 30 109 48
rect:513 76 203 313 48
rect:310 174 90 119 48
rect:227 223 10 73 48
Caracas1967_02.jpg 0x0
rect:139 455 45 78 49
rect:168 151 229 264 51
rect:110 541 30 40 50
rect:260 1 100 136 15
Caracas1967_03.jpg 0x0
rect:218 420 62 72 26
rect:337 330 42 64 27
rect:328 74 91 88 14
rect:11 500 321 73 6
rect:272 426 32 112 27
rect:286 437 98 215 34
Caracas1967_04.jpg 0x0
rect:173 380 194 121 34
rect:157 410 18 88 27
rect:122 462 65 149 26
Caracas1967_05.jpg 0x0
rect:221 442 45 175 40
rect:32 168 352 421 41
rect:317 204 52 263 40
rect:105 322 35 265 40
rect:250 174 34 175 40
rect:201 201 122 184 52
rect:66 327 285 211 52
rect:30 86 434 760 48
rect:293 340 56 255 40
rect:60 379 57 301 40
Caracas1967_06.jpg 0x0
rect:320 312 82 50 6
rect:365 84 254 164 7
Caracas1967_07.jpg 0x0
rect:307 7 82 325 34
rect:414 275 96 104 53
rect:374 263 157 321 34
rect:219 169 33 250 27
rect:205 128 199 186 34
rect:400 299 90 84 53
rect:318 59 38 189 27
Caracas1967_08.jpg 0x0
rect:253 366 72 68 55
rect:320 181 91 133 54
rect:177 329 81 84 54
Caracas1967_09.jpg 0x0
rect:498 12 289 121 48
rect:163 149 69 70 48
rect:19 270 72 70 48
rect:67 270 68 73 48
Caracas1967_10.jpg 0x0
rect:19 203 510 386 48
rect:29 161 229 412 41
rect:346 321 64 129 40
rect:271 149 68 142 40
Caracas1967_11.jpg 0x0
rect:50 11 518 852 48
rect:233 13 187 307 41
rect:50 225 211 626 41
Caracas1967_12.jpg 0x0
rect:490 233 44 51 34
rect:813 324 18 50 32
rect:230 278 27 44 56
rect:594 345 26 34 32
Caracas1967_13.jpg 0x0
rect:120 364 109 216 55
Caracas1967_14.jpg 0x0
rect:114 321 338 36 6
rect:91 127 711 194 57
Chichi1999_01.jpg 0x0
rect:4 7 506 135 58
rect:245 149 61 208 42
Chichi1999_02.jpg 0x0
rect:287 137 237 347 59
rect:6 124 417 136 58
Chichi1999_03.jpg 0x0
rect:0 145 690 228 58
rect:97 198 57 115 60
Chichi1999_04.jpg 0x0
rect:232 243 99 278 48
rect:299 275 23 60 52
rect:218 -15 51 118 48
Chichi1999_05.jpg 0x0
rect:485 183 50 81 52
rect:391 281 25 43 41
rect:331 113 61 59 41
rect:272 86 111 185 48
Chichi1999_06.jpg 0x0
rect:418 246 21 34 52
rect:402 158 57 95 48
rect:629 145 38 70 41
rect:605 -10 110 92 61
rect:407 149 60 71 62
rect:126 13 369 189 10
Chichi1999_07.jpg 0x0
rect:645 182 44 125 48
rect:49 232 694 146 63
rect:788 261 15 24 64
rect:348 274 49 146 48
rect:151 181 38 138 48
rect:353 158 23 26 64
rect:141 190 29 58 64
Chichi1999_08.jpg 0x0
rect:101 13 675 596 10
Chichi1999_09.jpg 0x0
rect:296 112 128 111 41
rect:185 136 33 96 40
rect:197 57 192 150 48
rect:207 120 60 98 40
Chichi1999_10.jpg 0x0
rect:187 16 509 382 10
Chichi1999_11.jpg 0x0
rect:118 147 70 100 65
rect:2 127 159 353 10
Chichi1999_12.jpg 0x0
rect:9 26 423 672 66
Chichi1999_13.jpg 0x0
rect:27 40 936 286 10
Chichi1999_14.jpg 0x0
rect:301 582 90 94 67
rect:80 471 47 41 67
rect:168 404 35 51 67
rect:81 332 55 39 67
rect:109 376 41 51 67
rect:123 206 63 34 67
rect:122 515 32 39 67
rect:187 567 36 28 67
rect:154 331 35 60 67
rect:207 670 21 32 67
rect:149 218 39 69 67
rect:257 242 18 50 67
rect:281 204 47 48 39
rect:243 529 27 32 39
rect:340 575 44 68 67
rect:276 469 25 18 39
rect:324 477 26 32 39
Chichi1999_15.jpg 0x0
rect:220 30 260 515 41
Chichi1999_16.jpg 0x0
rect:158 147 48 113 32
Chichi1999_17.jpg 0x0
rect:126 329 21 47 32
Chichi1999_18.jpg 0x0
rect:156 204 27 123 69
rect:112 283 24 148 69
rect:212 373 32 144 69
rect:144 163 192 492 68
rect:259 188 33 182 69
rect:280 354 54 112 70
Chichi1999_19.jpg 0x0
rect:268 22 362 481 2
rect:296 136 190 276 3
YogyakartaInd2006_03.jpg 0x0
rect:463 80 68 51 16
rect:308 67 112 69 15
rect:159 515 205 29 15
rect:185 180 66 28 15
rect:165 26 93 2 15
rect:216 140 22 6 16
rect:218 282 404 150 71
rect:302 411 55 32 16
Chichi1999_20.jpg 0x0
rect:260 298 44 208 41
rect:180 174 82 459 42
Chichi1999_21.jpg 0x0
rect:131 328 184 184 37
rect:467 7 107 111 57
rect:319 309 104 146 6
rect:14 4 160 123 30
rect:256 35 296 257 37
rect:278 149 125 146 6
rect:194 84 235 331 72
rect:64 400 123 83 5
Chichi1999_22.jpg 0x0
rect:286 204 358 177 10
rect:271 280 18 22 73
rect:222 246 18 19 73
rect:555 309 18 17 73
Chichi1999_23.jpg 0x0
rect:277 211 49 50 73
rect:352 169 35 25 26
rect:369 184 38 25 27
rect:133 252 40 93 34
rect:247 230 55 109 73
rect:338 230 32 62 34
rect:153 164 48 53 73
rect:4 60 460 170 74
rect:140 388 59 123 73
rect:177 144 24 28 34
Chichi1999_24.jpg 0x0
rect:228 304 78 69 34
rect:231 172 170 80 75
rect:271 185 38 57 46
rect:413 398 1 2 46
rect:3 435 376 248 74
Chichi1999_25.jpg 0x0
rect:272 287 55 92 26
rect:202 253 178 292 73
rect:167 252 84 182 34
Chichi1999_26.jpg 0x0
rect:121 470 83 61 26
rect:320 18 50 39 73
rect:161 416 91 116 27
rect:189 117 58 140 73
rect:190 301 113 310 76
rect:148 619 162 125 73
Chichi1999_27.jpg 0x0
rect:197 298 70 433 32
Chichi1999_28.jpg 0x0
rect:355 130 162 286 75
rect:144 130 181 153 5
rect:255 231 271 130 77
rect:21 66 299 151 6
Chichi1999_29.jpg 0x0
rect:211 217 78 172 52
rect:120 255 136 205 48
rect:185 175 142 176 40
Chichi1999_30.jpg 0x0
rect:195 169 161 61 52
rect:196 140 191 69 78
rect:39 261 84 186 73
rect:147 76 238 331 40
Chichi1999_31.jpg 0x0
rect:707 98 44 149 48
rect:168 92 161 250 79
Chichi1999_32.jpg 0x0
rect:374 103 51 166 39
rect:115 8 74 312 80
rect:245 67 54 183 81
rect:125 168 29 102 81
Chichi1999_33.jpg 0x0
rect:222 102 126 372 32
rect:117 192 42 146 49
rect:90 79 160 581 33
rect:262 111 41 157 49
rect:267 105 91 279 56
rect:120 153 72 296 32
Chichi1999_34.jpg 0x0
rect:103 87 280 290 10
Duzce1999_01.jpg 0x0
rect:143 135 88 158 41
rect:175 54 89 357 39
Duzce1999_02.jpg 0x0
rect:57 37 139 355 41
Duzce1999_03.jpg 0x0
rect:81 71 133 202 42
rect:270 95 114 281 31
rect:0 229 104 162 31
Gediz1970_01.jpg 0x0
rect:103 322 98 341 69
rect:146 143 214 400 68
rect:237 511 90 183 69
Guatemala1976_01.jpg 0x0
rect:37 188 116 154 48
rect:501 132 154 91 48
rect:62 206 50 61 52
rect:66 150 52 33 41
rect:21 95 586 130 82
rect:653 148 53 70 41
Guatemala1976_02.jpg 0x0
rect:250 48 73 69 40
rect:232 63 337 231 48
Guatemala1976_03.jpg 0x0
rect:15 95 891 440 75
Guatemala1976_04.jpg 0x0
rect:155 30 422 69 30
rect:37 80 553 240 30
rect:624 215 126 306 4
rect:651 285 78 325 4
Guatemala1976_05.jpg 0x0
rect:153 158 243 162 41
rect:199 117 446 184 40
rect:140 86 284 409 48
Guatemala1976_06.jpg 0x0
rect:119 118 285 444 39
Guatemala1976_07.jpg 0x0
rect:272 539 123 94 83
rect:22 263 518 314 10
rect:27 332 46 70 6
Guatemala1976_08.jpg 0x0
rect:416 84 194 219 40
rect:147 36 356 508 48
rect:204 55 304 271 41
Guatemala1976_09.jpg 0x0
rect:313 313 69 70 84
rect:482 375 60 63 84
rect:210 294 45 41 85
rect:276 190 79 38 85
rect:578 325 78 70 85
rect:90 270 24 32 84
rect:64 341 35 22 85
rect:184 380 41 35 84
Guatemala1976_10.jpg 0x0
rect:377 312 51 116 87
rect:291 234 254 332 86
rect:183 152 278 182 87
Guatemala1976_11.jpg 0x0
rect:213 270 135 260 34
GujaratIndia2001_01.jpg 0x0
rect:30 272 186 156 4
rect:240 541 43 54 11
rect:137 398 167 93 2
rect:79 609 51 45 2
Haiti2010_01.jpg 0x0
rect:102 34 145 117 7
rect:367 511 255 247 4
rect:387 337 21 116 40
rect:324 163 216 424 41
rect:643 179 114 101 4
Haiti2010_02.jpg 0x0
rect:59 76 544 238 88
rect:353 38 187 41 14
Haiti2010_03.jpg 0x0
rect:159 284 218 227 32
rect:312 796 280 225 89
rect:180 496 60 82 49
rect:277 1 56 540 32
Haiti2010_04.jpg 0x0
rect:2 177 265 184 6
rect:237 58 163 269 34
rect:168 294 256 580 41
Haiti2010_05.jpg 0x0
rect:276 207 213 333 90
rect:291 181 32 110 40
rect:179 307 210 155 52
rect:205 228 22 96 40
Haiti2010_06.jpg 0x0
rect:537 278 90 182 32
rect:546 222 678 565 91
rect:208 289 28 54 34
rect:399 179 61 52 6
rect:269 192 237 314 91
rect:481 214 69 75 34
rect:304 126 135 436 33
ImperialValley1979_01.jpg 0x0
rect:572 335 36 37 32
rect:664 342 18 13 49
rect:43 392 88 105 50
rect:14 280 61 51 49
rect:507 306 28 30 50
rect:278 227 54 80 50
rect:12 266 94 135 32
rect:299 382 43 22 49
rect:387 370 39 41 32
rect:247 275 61 60 32
rect:491 408 26 27 49
ImperialValley1979_02.jpg 0x0
rect:399 153 50 116 50
rect:153 65 246 255 32
rect:214 128 96 229 50
rect:470 144 114 216 50
rect:151 218 279 85 92
rect:251 144 130 53 49
ImperialValley1979_03.jpg 0x0
rect:251 255 67 130 50
rect:75 278 67 226 50
rect:255 230 76 176 50
rect:133 506 325 33 92
rect:149 275 215 222 32
rect:197 159 179 176 32
rect:114 329 196 33 92
Izmit1999_01.jpg 0x0
rect:362 80 52 221 27
rect:569 230 46 87 26
rect:235 87 327 343 34
rect:173 104 39 195 27
rect:309 293 32 99 27
Izmit1999_02.jpg 0x0
rect:22 149 479 299 10
Izmit1999_03.jpg 0x0
rect:281 53 217 390 32
rect:226 95 67 198 50
rect:184 42 465 499 93
rect:471 62 72 290 50
rect:190 168 433 42 92
rect:210 101 34 217 50
rect:540 120 38 287 50
rect:384 77 39 209 50
Izmit1999_04.jpg 0x0
rect:36 360 75 45 34
rect:296 87 104 92 48
rect:64 525 41 107 41
rect:249 78 111 76 41
rect:257 348 101 67 41
rect:332 307 27 59 40
rect:117 627 191 168 88
rect:159 235 125 92 88
rect:433 250 26 54 40
rect:75 563 36 74 42
Izmit1999_05.jpg 0x0
rect:107 31 674 363 10
Izmit1999_06.jpg 0x0
rect:196 190 66 243 50
rect:98 224 84 174 50
rect:105 131 259 534 32
rect:208 275 52 192 50
rect:207 293 56 123 50
rect:194 239 140 60 49
Izmit1999_07.jpg 0x0
rect:213 146 42 128 3
rect:209 242 30 112 3
rect:246 154 66 115 3
rect:308 304 85 263 4
rect:21 132 341 413 2
rect:259 59 97 47 6
rect:425 87 73 70 3
Izmit1999_08.jpg 0x0
rect:121 381 109 94 45
rect:583 90 46 26 52
rect:248 307 172 128 88
rect:528 71 70 58 41
rect:495 6 85 87 45
rect:190 92 63 100 41
rect:144 30 84 138 34
Izmit1999_09.jpg 0x0
rect:309 280 49 28 41
rect:55 145 38 52 41
rect:719 216 67 57 41
rect:392 183 127 65 41
rect:559 265 59 99 94
rect:429 289 124 126 94
Izmit1999_10.jpg 0x0
rect:130 337 115 46 78
rect:95 320 341 51 78
rect:326 152 106 106 40
rect:50 211 432 58 78
rect:192 565 57 95 40
rect:231 374 129 94 40
rect:56 149 66 243 40
rect:153 191 62 206 40
rect:135 239 106 170 40
rect:77 170 254 464 41
rect:229 503 54 25 78
Izmit1999_11.jpg 0x0
rect:223 229 134 160 41
rect:287 189 84 154 40
rect:257 420 119 104 41
rect:279 216 102 149 40
rect:206 356 59 152 40
Izmit1999_12.jpg 0x0
rect:165 224 76 61 88
rect:17 88 42 17 6
rect:84 78 47 25 6
rect:441 20 106 60 34
rect:273 189 83 162 94
rect:587 185 58 46 41
rect:61 290 38 61 40
rect:399 103 57 61 45
rect:381 164 80 54 7
rect:44 236 85 74 94
rect:48 256 61 73 52
rect:417 361 63 126 41
rect:1 160 33 44 41
rect:378 128 36 111 42
rect:618 82 43 74 41
rect:427 155 157 218 91
rect:332 155 55 38 6
rect:349 284 77 77 52
Izmit1999_13.jpg 0x0
rect:274 166 99 186 41
rect:173 250 24 115 41
rect:82 106 48 57 6
rect:368 60 221 237 48
rect:140 318 62 82 52
rect:258 251 29 97 41
rect:163 282 136 147 94
rect:5 64 118 181 42
rect:201 67 50 89 41
Izmit1999_14.jpg 0x0
rect:327 482 35 22 34
rect:351 375 42 32 34
rect:524 167 78 56 35
rect:354 53 41 65 95
rect:313 373 68 53 34
rect:367 7 134 87 35
rect:399 263 56 43 34
rect:529 70 89 83 34
rect:52 171 79 58 34
Izmit1999_15.jpg 0x0
rect:159 128 289 452 42
Izmit1999_16.jpg 0x0
rect:66 84 361 440 33
rect:161 49 231 379 39
rect:196 80 42 78 40
rect:142 113 197 115 41
Izmit1999_17.jpg 0x0
rect:106 87 194 192 41
Izmit1999_18.jpg 0x0
rect:172 117 131 239 39
rect:147 197 119 151 41
Izmit1999_19.jpg 0x0
rect:556 174 19 75 50
rect:266 108 304 402 96
rect:574 116 24 118 50
rect:203 172 269 202 32
Kobe1995_01.jpg 0x0
rect:31 121 967 133 63
Kobe1995_02.jpg 0x0
rect:2 68 417 414 68
Kobe1995_03.jpg 0x0
rect:38 60 453 545 10
Kobe1995_04.jpg 0x0
rect:438 245 69 66 41
Kobe1995_05.jpg 0x0
rect:405 145 114 362 40
rect:164 154 162 663 52
rect:66 701 341 129 78
rect:31 333 549 76 78
rect:4 167 101 638 40
Kobe1995_06.jpg 0x0
rect:215 350 398 463 42
rect:62 175 517 532 41
Kobe1995_07.jpg 0x0
rect:315 85 29 31 39
rect:443 360 54 40 39
rect:145 400 25 24 39
rect:52 375 51 26 39
rect:367 363 31 33 39
rect:304 262 25 55 39
rect:227 188 39 52 39
rect:439 261 33 35 39
rect:477 468 24 48 39
rect:181 293 38 41 39
rect:208 270 25 50 39
rect:218 312 42 26 39
rect:157 291 35 31 39
rect:242 314 37 27 39
rect:194 314 29 24 39
rect:292 408 37 46 39
rect:534 92 50 39 39
rect:293 113 40 35 39
rect:288 378 37 19 39
rect:428 245 42 48 39
rect:216 94 29 46 39
rect:169 271 40 60 39
rect:84 242 25 49 39
rect:53 226 38 52 39
rect:409 385 46 35 39
rect:441 428 24 27 39
Kobe1995_08.jpg 0x0
rect:389 53 490 146 97
Kobe1995_09.jpg 0x0
rect:86 598 79 50 88
rect:209 526 144 92 97
rect:94 619 86 115 88
rect:124 533 62 45 88
SanSalvador_1986_01.jpg 0x0
rect:54 3 74 163 68
rect:271 167 112 235 41
SanSalvador_1986_02.jpg 0x0
rect:410 348 29 43 41
rect:378 166 17 31 41
rect:620 187 34 52 41
rect:166 226 18 21 41
rect:266 257 38 53 41
rect:134 375 27 39 41
rect:372 209 35 45 42
rect:547 297 52 62 41
rect:121 193 33 31 41
SikkimIndia2001_01.jpg 0x0
rect:151 154 116 123 34
SikkimIndia2001_02.jpg 0x0
rect:204 87 162 333 33
rect:584 98 112 27 16
rect:570 100 104 149 33
rect:368 274 70 32 16
rect:-12 2 492 114 33
rect:530 200 126 22 16
rect:9 196 78 46 54
rect:13 5 426 89 16
SikkimIndia2001_03.jpg 0x0
rect:194 80 66 169 69
rect:285 207 80 155 70
rect:155 13 227 420 98
SikkimIndia2001_04.jpg 0x0
rect:274 177 238 85 99
rect:3 22 290 223 99
rect:321 150 122 187 34
SumatraInd2009_01.jpg 0x0
rect:308 22 74 412 81
SumatraInd2009_02.jpg 0x0
rect:231 69 218 222 41
WhittierNarrows1987_01.jpg 0x0
rect:18 22 885 379 10
WhittierNarrows1987_02.jpg 0x0
rect:130 344 135 354 41
WhittierNarrows1987_03.jpg 0x0
rect:273 144 165 322 32
WhittierNarrows1987_04.jpg 0x0
rect:303 62 80 203 41
rect:204 7 354 54 6
rect:327 16 294 126 100
YogyakartaInd2006_01.jpg 0x0
rect:234 131 252 61 49
rect:217 -16 504 518 29
rect:321 47 346 250 32
YogyakartaInd2006_02.jpg 0x0
rect:294 99 98 190 70
rect:330 129 46 255 69
rect:240 60 146 353 98
