Anchorage1964_01.jpg 0x0
rect:64 497 275 271 1
rect:91 7 273 144 1
Anchorage1964_02.jpg 0x0
rect:48 26 110 47 5
rect:155 72 86 99 4
rect:112 236 17 21 6
rect:292 364 21 68 3
rect:125 105 53 56 7
rect:410 234 21 54 3
rect:349 298 35 46 3
rect:299 37 315 62 4
rect:642 245 18 68 3
rect:29 171 184 34 5
rect:388 280 25 58 3
rect:657 58 126 118 8
rect:518 284 14 57 3
rect:388 173 81 60 4
rect:395 185 31 71 3
rect:119 157 44 11 6
rect:279 221 24 48 3
rect:135 249 365 133 2
rect:60 41 95 15 6
Anchorage1964_03.jpg 0x0
rect:2 156 177 61 9
rect:0 213 562 80 10
rect:202 80 361 214 9
Anchorage1964_04.jpg 0x0
rect:153 208 39 11 5
rect:348 195 28 14 5
rect:163 244 21 15 5
rect:338 157 29 15 5
rect:339 310 8 1 1
rect:285 29 24 17 5
rect:334 195 23 17 5
rect:121 72 33 13 5
rect:398 268 24 22 5
rect:355 314 16 20 1
rect:161 269 24 16 5
rect:269 287 25 26 5
rect:295 73 35 17 5
rect:366 477 20 24 1
rect:295 396 36 23 5
rect:157 319 33 14 5
rect:237 167 16 29 1
rect:249 119 24 19 5
rect:239 314 31 14 5
rect:209 439 16 22 1
rect:221 501 23 19 5
rect:276 94 14 35 1
rect:217 408 28 15 5
rect:265 217 29 18 5
rect:259 283 14 18 1
rect:219 31 21 15 5
rect:228 197 17 22 1
rect:143 92 29 15 5
rect:166 427 38 17 5
rect:250 315 24 31 1
rect:316 301 21 20 5
rect:191 190 23 27 8
rect:214 394 14 26 1
rect:133 128 22 15 5
rect:307 193 16 23 1
rect:424 94 30 17 5
rect:218 527 66 22 2
rect:211 118 29 16 5
rect:237 305 15 38 1
Anchorage1964_05.jpg 0x0
rect:559 464 40 77 8
rect:394 216 16 22 11
rect:404 174 46 29 11
rect:596 177 42 45 1
rect:790 200 50 23 6
rect:190 152 92 36 6
rect:542 1 33 55 1
rect:782 368 38 12 6
rect:57 253 19 50 1
rect:534 23 31 45 1
rect:73 102 19 44 1
rect:76 230 20 62 1
rect:91 223 21 55 1
rect:42 464 17 43 1
rect:95 111 16 67 1
rect:45 92 20 38 1
rect:727 285 77 35 5
rect:305 360 39 76 8
rect:122 29 24 46 1
rect:184 44 99 22 5
rect:717 330 64 36 5
rect:332 195 51 75 1
rect:50 301 20 45 1
rect:201 224 135 65 2
rect:227 208 109 26 5
rect:423 225 59 61 1
rect:507 80 43 78 1
rect:148 34 123 47 6
rect:346 113 50 67 1
Anchorage1964_06.jpg 0x0
rect:90 64 158 289 12
rect:170 268 84 92 11
rect:187 148 118 234 3
Anchorage1964_07.jpg 0x0
rect:302 92 52 117 3
rect:148 2 104 65 2
rect:515 143 76 115 11
rect:286 324 244 262 2
rect:15 180 343 33 11
rect:6 264 380 32 14
rect:452 162 55 115 13
rect:10 83 632 299 2
rect:256 116 176 176 11
Anchorage1964_08.jpg 0x0
rect:46 667 74 92 1
rect:62 85 118 132 1
rect:387 614 147 132 1
rect:339 337 142 81 1
rect:406 26 129 139 1
rect:69 353 122 104 1
Anchorage1964_09.jpg 0x0
rect:253 175 59 80 1
rect:458 153 112 27 15
rect:304 164 82 91 1
rect:724 138 112 24 15
rect:115 248 56 66 8
rect:144 96 385 14 15
rect:15 12 50 13 16
rect:815 9 73 11 16
rect:47 120 56 11 16
rect:500 160 90 66 1
rect:17 142 19 9 16
rect:10 177 99 21 15
rect:893 132 1 1 16
rect:130 199 77 52 1
rect:410 297 92 54 8
rect:80 55 53 86 8
rect:390 6 253 10 15
rect:526 30 102 76 8
rect:11 15 381 17 15
Anchorage1964_10.jpg 0x0
rect:152 190 189 91 18
rect:89 189 252 236 1
rect:264 284 121 101 17
rect:89 435 285 108 18
Anchorage1964_11.jpg 0x0
rect:368 171 319 42 11
rect:85 562 623 20 14
rect:704 134 125 93 1
rect:207 202 430 25 15
rect:100 235 646 85 2
rect:399 6 132 32 1
rect:140 61 184 136 4
rect:94 358 569 10 14
Anchorage1964_12.jpg 0x0
rect:290 104 146 186 11
rect:15 93 669 312 2
rect:220 149 30 93 3
rect:570 110 41 173 3
rect:260 74 40 260 3
Anchorage1964_13.jpg 0x0
rect:344 573 210 26 2
rect:381 551 100 13 19
rect:356 266 38 184 20
Anchorage1964_14.jpg 0x0
rect:282 182 147 46 15
rect:336 14 47 188 11
rect:323 7 75 167 11
rect:51 578 62 62 22
rect:119 408 40 64 22
rect:248 215 58 67 21
rect:64 336 174 35 15
rect:153 613 36 45 22
rect:429 596 155 86 23
rect:26 456 26 64 22
rect:10 645 251 65 11
rect:137 14 101 662 20
Anchorage1964_15.jpg 0x0
rect:227 113 58 85 25
rect:354 201 116 31 24
rect:235 10 98 55 4
rect:292 628 229 47 2
rect:436 257 103 46 11
rect:190 132 39 63 11
rect:435 9 113 71 4
rect:154 52 60 521 20
rect:259 332 165 51 15
Anchorage1964_16.jpg 0x0
rect:153 212 293 156 11
rect:178 78 263 141 2
rect:86 339 71 106 11
rect:16 161 200 208 2
rect:11 414 68 65 2
rect:595 159 140 164 2
Anchorage1964_17.jpg 0x0
rect:14 88 200 127 9
rect:194 65 194 257 9
rect:9 140 479 225 10
Anchorage1964_18.jpg 0x0
rect:490 265 334 22 15
rect:309 196 33 75 11
rect:803 212 44 16 2
rect:195 138 80 143 4
rect:471 161 112 116 4
rect:454 246 80 22 2
rect:123 237 16 43 11
rect:325 144 80 87 4
rect:135 230 81 38 11
rect:499 240 43 26 2
Anchorage1964_19.jpg 0x0
rect:6 311 63 159 26
rect:20 329 24 76 27
rect:654 118 53 37 28
rect:360 171 6 15 26
rect:359 133 37 106 29
rect:234 89 60 36 26
rect:296 96 36 24 26
rect:643 152 9 7 26
rect:383 112 26 47 29
rect:344 305 18 31 26
rect:903 240 9 10 26
rect:547 278 32 36 28
rect:378 91 75 126 29
rect:359 214 50 61 26
rect:306 152 17 33 26
rect:358 90 29 27 27
rect:442 158 12 19 26
rect:299 211 24 41 26
Anchorage1964_20.jpg 0x0
rect:222 104 65 48 27
rect:178 70 113 51 26
rect:237 88 138 181 29
rect:565 551 41 94 26
rect:222 392 64 114 26
Anchorage1964_21.jpg 0x0
rect:-7 57 87 184 29
rect:48 322 35 31 26
rect:2 120 39 47 26
rect:146 194 596 208 30
Bingol2003_01.jpg 0x0
rect:821 352 66 76 6
rect:553 260 54 78 34
rect:368 91 142 152 31
rect:1027 260 117 89 33
rect:564 63 60 56 6
rect:290 92 57 31 6
rect:703 171 40 54 6
rect:644 226 217 162 31
rect:2 378 944 281 10
rect:673 357 138 54 6
rect:37 269 49 81 33
rect:141 225 56 61 33
rect:589 327 92 84 33
rect:380 290 91 100 6
rect:362 276 46 75 34
rect:593 326 42 171 32
rect:254 200 99 63 33
rect:653 127 94 74 6
rect:871 416 63 48 33
Bingol2003_02.jpg 0x0
rect:167 583 214 282 32
rect:1038 63 117 64 36
rect:525 305 543 157 35
rect:190 314 953 564 31
rect:197 328 61 286 32
rect:266 260 90 94 6
rect:423 418 115 111 26
rect:189 127 511 146 34
Bingol2003_03.jpg 0x0
rect:852 -7 316 275 4
rect:366 170 506 145 2
rect:669 328 178 371 2
rect:107 29 162 39 2
rect:642 204 289 604 4
rect:144 58 148 155 33
rect:621 242 234 67 11
Bingol2003_04.jpg 0x0
rect:367 442 122 64 2
rect:93 483 25 82 3
rect:156 470 199 153 2
rect:98 538 77 72 2
rect:385 311 193 124 4
rect:117 571 30 64 3
rect:133 542 28 108 3
rect:199 571 36 108 3
CanterburyNZSeries2010_01.jpg 0x0
rect:72 133 113 207 12
CanterburyNZSeries2010_02.jpg 0x0
rect:46 9 164 366 37
rect:38 60 122 297 6
CanterburyNZSeries2010_03.jpg 0x0
rect:37 73 464 141 38
CanterburyNZSeries2010_04.jpg 0x0
rect:277 462 24 50 40
rect:265 10 94 213 42
rect:271 311 16 78 40
rect:341 253 54 143 40
rect:288 206 217 292 39
rect:321 299 24 142 40
rect:134 386 112 193 41
rect:258 394 30 60 40
CanterburyNZSeries2010_05.jpg 0x0
rect:314 276 274 306 4
rect:376 197 153 81 15
CanterburyNZSeries2010_06.jpg 0x0
rect:73 122 994 682 4
rect:317 271 183 94 2
CanterburyNZSeries2010_08.jpg 0x0
rect:832 584 75 142 44
rect:727 638 32 197 32
rect:879 417 68 105 44
rect:643 190 193 234 43
CanterburyNZSeries2010_09.jpg 0x0
rect:263 148 171 211 45
rect:273 417 152 481 39
CanterburyNZSeries2010_10.jpg 0x0
rect:271 465 298 98 6
rect:229 384 144 100 46
rect:411 160 340 105 7
rect:274 209 323 245 6
CanterburyNZSeries2010_11.jpg 0x0
rect:270 245 323 179 5
rect:375 300 273 97 7
CanterburyNZSeries2010_12.jpg 0x0
rect:54 308 999 393 2
rect:5 351 1019 508 47
rect:176 523 161 33 11
rect:641 337 194 85 11
CanterburyNZSeries2010_13.jpg 0x0
rect:154 16 413 586 12
rect:342 162 109 391 11
Caracas1967_01.jpg 0x0
rect:415 64 224 307 48
rect:326 124 28 87 48
rect:391 159 97 83 48
rect:359 235 9 67 48
Caracas1967_02.jpg 0x0
rect:210 1 86 125 15
rect:221 253 160 333 51
rect:122 351 52 56 49
rect:166 442 48 44 50
Caracas1967_03.jpg 0x0
rect:340 271 110 207 34
rect:239 431 67 91 26
rect:224 90 61 126 14
rect:304 251 41 45 27
rect:313 420 23 98 27
rect:17 484 313 69 6
Caracas1967_04.jpg 0x0
rect:145 375 63 85 26
rect:129 417 147 169 34
rect:177 479 21 68 27
Caracas1967_05.jpg 0x0
rect:52 131 368 404 41
rect:79 273 221 148 52
rect:244 293 125 191 52
rect:309 144 47 310 40
rect:29 69 505 645 48
rect:61 385 79 281 40
rect:160 365 62 287 40
rect:258 332 56 171 40
rect:110 294 54 207 40
rect:331 207 35 128 40
Caracas1967_06.jpg 0x0
rect:343 340 95 53 6
rect:354 93 274 310 7
Caracas1967_07.jpg 0x0
rect:225 139 168 193 34
rect:434 361 82 58 53
rect:150 129 32 216 27
rect:352 304 128 84 53
rect:503 309 173 244 34
rect:361 9 82 245 34
rect:534 46 37 190 27
Caracas1967_08.jpg 0x0
rect:481 166 55 140 54
rect:168 276 64 106 54
rect:165 227 48 88 55
Caracas1967_09.jpg 0x0
rect:181 199 127 61 48
rect:31 303 46 69 48
rect:307 11 239 199 48
rect:62 176 61 78 48
Caracas1967_10.jpg 0x0
rect:383 433 79 229 40
rect:301 192 65 181 40
rect:18 184 537 329 48
rect:45 152 232 231 41
Caracas1967_11.jpg 0x0
rect:71 208 294 396 41
rect:63 18 300 710 48
rect:232 16 142 359 41
Caracas1967_12.jpg 0x0
rect:506 306 37 57 34
rect:187 265 35 50 56
rect:818 318 25 42 32
rect:557 214 19 43 32
Caracas1967_13.jpg 0x0
rect:130 472 111 233 55
Caracas1967_14.jpg 0x0
rect:149 90 513 152 57
rect:112 316 264 43 6
Chichi1999_01.jpg 0x0
rect:4 7 737 184 58
rect:366 100 64 165 42
Chichi1999_02.jpg 0x0
rect:5 119 331 113 58
rect:478 102 231 472 59
Chichi1999_03.jpg 0x0
rect:72 179 45 84 60
rect:0 155 669 140 58
Chichi1999_04.jpg 0x0
rect:258 -11 53 92 48
rect:170 239 85 304 48
rect:245 320 34 58 52
Chichi1999_05.jpg 0x0
rect:447 184 49 75 52
rect:507 143 67 38 41
rect:246 148 105 256 48
rect:269 191 22 37 41
Chichi1999_06.jpg 0x0
rect:279 212 39 82 48
rect:140 18 555 144 10
rect:344 241 22 37 52
rect:314 96 43 68 62
rect:664 148 52 74 41
rect:564 -9 72 62 61
Chichi1999_07.jpg 0x0
rect:378 176 36 31 64
rect:51 252 431 162 63
rect:735 260 16 22 64
rect:142 171 29 41 64
rect:280 215 51 145 48
rect:621 224 62 124 48
rect:182 170 37 182 48
Chichi1999_08.jpg 0x0
rect:98 14 656 617 10
Chichi1999_09.jpg 0x0
rect:329 83 48 100 40
rect:167 114 39 68 40
rect:229 75 163 73 41
rect:282 87 138 208 48
Chichi1999_10.jpg 0x0
rect:221 24 748 507 10
Chichi1999_11.jpg 0x0
rect:2 146 131 458 10
rect:185 150 123 84 65
Chichi1999_12.jpg 0x0
rect:10 26 543 722 66
Chichi1999_13.jpg 0x0
rect:33 41 710 401 10
Chichi1999_14.jpg 0x0
rect:319 432 88 72 67
rect:131 505 59 64 67
rect:265 549 43 52 67
rect:139 300 36 71 67
rect:207 566 23 24 39
rect:190 136 92 39 67
rect:311 301 27 58 39
rect:121 382 26 37 67
rect:241 328 25 60 67
rect:204 556 35 48 39
rect:153 411 30 65 67
rect:358 267 16 19 39
rect:138 230 37 64 67
rect:119 405 32 36 67
rect:79 641 46 65 67
rect:113 353 24 53 67
rect:276 255 18 50 67
Chichi1999_15.jpg 0x0
rect:295 23 236 576 41
Chichi1999_16.jpg 0x0
rect:233 126 70 114 32
Chichi1999_17.jpg 0x0
rect:139 357 30 47 32
Chichi1999_18.jpg 0x0
rect:168 269 34 103 69
rect:145 138 133 538 68
rect:182 310 46 93 70
rect:256 252 21 112 69
rect:130 279 25 108 69
rect:310 321 43 120 69
Chichi1999_19.jpg 0x0
rect:170 139 178 296 3
rect:208 19 218 491 2
YogyakartaInd2006_03.jpg 0x0
rect:315 531 64 36 16
rect:265 489 281 25 15
rect:235 280 234 120 71
rect:311 25 120 2 15
rect:321 87 137 53 15
rect:282 215 22 7 16
rect:417 103 68 46 16
rect:291 166 48 25 15
Chichi1999_20.jpg 0x0
rect:330 313 66 245 41
rect:232 179 116 354 42
Chichi1999_21.jpg 0x0
rect:75 297 217 108 5
rect:405 83 194 79 6
rect:18 4 202 194 30
rect:211 125 288 366 72
rect:390 38 276 180 37
rect:261 282 88 122 6
rect:430 5 154 115 57
rect:147 396 186 163 37
Chichi1999_22.jpg 0x0
rect:187 303 15 24 73
rect:283 162 304 117 10
rect:347 226 13 24 73
rect:293 195 13 26 73
Chichi1999_23.jpg 0x0
rect:4 69 471 227 74
rect:300 228 55 43 73
rect:291 166 31 20 26
rect:255 340 59 88 73
rect:81 313 66 117 73
rect:248 201 33 20 27
rect:141 200 54 69 73
rect:378 288 41 83 34
rect:105 184 29 31 34
rect:88 403 39 59 34
Chichi1999_24.jpg 0x0
rect:286 395 1 2 46
rect:3 407 257 151 74
rect:243 349 88 45 34
rect:157 153 104 76 75
rect:228 223 46 78 46
Chichi1999_25.jpg 0x0
rect:190 186 233 380 73
rect:230 266 149 168 34
rect:242 277 33 52 26
Chichi1999_26.jpg 0x0
rect:86 403 159 128 73
rect:165 234 150 387 76
rect:156 699 102 90 27
rect:285 14 49 36 73
rect:187 516 89 78 26
rect:260 197 47 93 73
Chichi1999_27.jpg 0x0
rect:139 276 79 421 32
Chichi1999_28.jpg 0x0
rect:123 82 131 194 5
rect:346 292 254 156 77
rect:224 140 182 188 75
rect:15 69 233 90 6
Chichi1999_29.jpg 0x0
rect:124 188 190 344 48
rect:298 245 76 137 40
rect:152 186 55 205 52
Chichi1999_30.jpg 0x0
rect:168 139 201 65 52
rect:180 144 294 372 40
rect:179 254 216 54 78
rect:38 241 106 123 73
Chichi1999_31.jpg 0x0
rect:480 76 40 202 48
rect:157 89 104 252 79
Chichi1999_32.jpg 0x0
rect:186 8 122 455 80
rect:400 133 41 263 39
rect:211 70 38 109 81
rect:145 155 41 129 81
Chichi1999_33.jpg 0x0
rect:99 49 151 416 33
rect:252 116 106 170 56
rect:305 95 84 280 32
rect:115 144 72 309 32
rect:148 124 48 98 49
rect:276 182 41 116 49
Chichi1999_34.jpg 0x0
rect:135 132 421 503 10
Duzce1999_01.jpg 0x0
rect:181 56 80 410 39
rect:132 112 84 98 41
Duzce1999_02.jpg 0x0
rect:85 69 183 351 41
Duzce1999_03.jpg 0x0
rect:128 87 149 347 42
rect:253 158 110 302 31
rect:0 225 105 260 31
Gediz1970_01.jpg 0x0
rect:211 433 70 257 69
rect:88 104 283 523 68
rect:148 297 77 229 69
Guatemala1976_01.jpg 0x0
rect:62 150 73 35 52
rect:25 160 570 180 82
rect:512 165 103 91 48
rect:401 120 74 88 41
rect:67 150 44 48 41
rect:39 191 115 113 48
Guatemala1976_02.jpg 0x0
rect:196 96 304 229 48
rect:295 62 73 90 40
Guatemala1976_03.jpg 0x0
rect:19 87 741 431 75
Guatemala1976_04.jpg 0x0
rect:426 249 98 329 4
rect:48 74 494 194 30
rect:588 216 101 341 4
rect:149 27 381 89 30
Guatemala1976_05.jpg 0x0
rect:121 113 246 200 40
rect:204 106 467 327 48
rect:164 199 223 103 41
Guatemala1976_06.jpg 0x0
rect:152 122 193 583 39
Guatemala1976_07.jpg 0x0
rect:217 692 130 94 83
rect:21 230 461 395 10
rect:19 250 56 67 6
Guatemala1976_08.jpg 0x0
rect:122 73 409 479 41
rect:129 28 349 332 48
rect:455 94 123 349 40
Guatemala1976_09.jpg 0x0
rect:228 295 71 64 85
rect:293 222 88 32 85
rect:152 226 35 35 84
rect:594 242 71 61 84
rect:454 349 70 67 84
rect:71 349 27 29 84
rect:115 345 27 30 85
rect:516 309 75 57 85
Guatemala1976_10.jpg 0x0
rect:164 135 239 153 87
rect:174 181 222 270 86
rect:294 309 29 143 87
Guatemala1976_11.jpg 0x0
rect:151 255 130 281 34
GujaratIndia2001_01.jpg 0x0
rect:65 412 60 27 2
rect:355 566 70 74 11
rect:32 271 169 220 4
rect:189 328 289 77 2
Haiti2010_01.jpg 0x0
rect:307 125 132 340 41
rect:387 272 28 166 40
rect:403 508 219 286 4
rect:158 60 120 92 7
rect:462 279 105 111 4
Haiti2010_02.jpg 0x0
rect:51 99 598 215 88
rect:248 27 130 44 14
Haiti2010_03.jpg 0x0
rect:184 269 262 239 32
rect:423 1 80 538 32
rect:232 798 314 283 89
rect:217 612 62 75 49
Haiti2010_04.jpg 0x0
rect:258 49 197 280 34
rect:185 409 276 673 41
rect:2 104 258 182 6
Haiti2010_05.jpg 0x0
rect:259 270 24 105 40
rect:441 300 37 121 40
rect:192 113 299 565 90
rect:213 309 126 124 52
Haiti2010_06.jpg 0x0
rect:481 144 58 99 34
rect:337 144 83 45 6
rect:437 215 161 487 33
rect:610 186 48 173 32
rect:176 258 51 48 34
rect:254 259 385 421 91
rect:444 120 683 591 91
ImperialValley1979_01.jpg 0x0
rect:375 376 42 39 32
rect:542 410 32 28 32
rect:17 267 57 76 49
rect:475 360 30 28 50
rect:576 313 21 27 49
rect:461 366 36 27 49
rect:39 285 102 100 50
rect:10 281 167 92 32
rect:369 298 51 50 50
rect:435 230 53 41 32
rect:507 276 19 18 49
ImperialValley1979_02.jpg 0x0
rect:188 217 266 75 92
rect:201 165 90 265 50
rect:425 153 92 186 50
rect:317 155 130 59 49
rect:270 150 65 148 50
rect:228 60 234 304 32
ImperialValley1979_03.jpg 0x0
rect:166 288 244 174 32
rect:249 456 116 109 50
rect:200 208 155 101 32
rect:145 513 353 44 92
rect:235 306 87 248 50
rect:143 439 330 40 92
rect:109 316 106 217 50
Izmit1999_01.jpg 0x0
rect:454 249 48 52 26
rect:367 119 67 223 27
rect:226 69 444 246 34
rect:211 113 37 105 27
rect:182 274 48 150 27
Izmit1999_02.jpg 0x0
rect:20 139 862 287 10
Izmit1999_03.jpg 0x0
rect:427 73 29 231 50
rect:223 102 54 228 50
rect:610 100 45 385 50
rect:276 65 184 253 32
rect:570 67 41 186 50
rect:190 51 297 437 93
rect:171 96 44 356 50
rect:125 179 411 42 92
Izmit1999_04.jpg 0x0
rect:186 335 182 49 88
rect:306 434 95 77 41
rect:226 66 91 89 48
rect:63 604 70 122 41
rect:57 301 65 57 34
rect:352 302 16 41 40
rect:238 63 80 56 41
rect:307 292 25 55 40
rect:114 642 251 152 88
rect:71 597 32 61 42
Izmit1999_05.jpg 0x0
rect:80 21 591 419 10
Izmit1999_06.jpg 0x0
rect:243 223 53 162 50
rect:94 241 81 218 50
rect:107 229 162 90 49
rect:269 228 35 140 50
rect:116 242 83 175 50
rect:136 127 179 521 32
Izmit1999_07.jpg 0x0
rect:394 342 115 347 4
rect:208 376 47 101 3
rect:265 113 97 64 3
rect:342 54 145 59 6
rect:19 120 333 523 2
rect:273 249 41 127 3
rect:201 183 35 125 3
Izmit1999_08.jpg 0x0
rect:470 6 119 57 45
rect:628 76 86 65 41
rect:119 281 71 94 45
rect:439 73 72 35 52
rect:290 236 215 137 88
rect:109 133 65 79 41
rect:164 24 72 125 34
Izmit1999_09.jpg 0x0
rect:241 244 43 26 41
rect:560 299 51 100 94
rect:352 297 113 102 41
rect:55 271 40 53 41
rect:237 242 143 116 94
rect:545 199 40 64 41
Izmit1999_10.jpg 0x0
rect:205 113 93 191 40
rect:280 141 57 187 40
rect:251 467 77 24 78
rect:81 426 223 80 78
rect:102 126 330 651 41
rect:255 426 67 81 40
rect:208 407 128 33 78
rect:53 106 101 199 40
rect:345 463 48 64 40
rect:34 293 270 36 78
rect:175 217 107 219 40
Izmit1999_11.jpg 0x0
rect:209 303 81 147 41
rect:124 318 68 187 40
rect:221 186 97 122 40
rect:234 218 110 158 41
rect:369 346 86 217 40
Izmit1999_12.jpg 0x0
rect:194 281 73 78 88
rect:18 53 55 20 6
rect:413 34 81 52 34
rect:331 327 112 196 94
rect:108 54 40 20 6
rect:420 204 31 104 42
rect:271 162 48 21 6
rect:275 258 49 129 52
rect:91 368 37 47 40
rect:359 199 230 255 91
rect:439 124 42 87 45
rect:236 300 52 146 41
rect:59 220 72 45 52
rect:483 200 61 76 41
rect:467 66 41 88 41
rect:1 256 42 30 41
rect:291 125 86 67 7
rect:49 222 48 108 94
Izmit1999_13.jpg 0x0
rect:140 182 84 69 52
rect:159 163 123 172 94
rect:99 132 42 57 6
rect:160 291 27 106 41
rect:6 99 99 217 42
rect:211 71 238 307 48
rect:366 126 93 133 41
rect:281 216 78 186 41
rect:192 294 39 113 41
Izmit1999_14.jpg 0x0
rect:398 315 42 21 34
rect:305 334 47 43 34
rect:488 37 39 55 95
rect:529 162 97 86 35
rect:57 160 140 46 34
rect:494 314 88 53 34
rect:532 7 147 62 35
rect:422 290 82 37 34
rect:380 94 81 83 34
Izmit1999_15.jpg 0x0
rect:110 238 220 460 42
Izmit1999_16.jpg 0x0
rect:91 72 368 503 33
rect:158 135 47 134 40
rect:121 68 289 290 39
rect:182 96 185 187 41
Izmit1999_17.jpg 0x0
rect:141 103 132 330 41
Izmit1999_18.jpg 0x0
rect:223 123 146 145 41
rect:146 128 109 240 39
Izmit1999_19.jpg 0x0
rect:603 153 37 90 50
rect:250 61 266 398 96
rect:493 127 23 89 50
rect:193 137 303 174 32
Kobe1995_01.jpg 0x0
rect:21 204 782 106 63
Kobe1995_02.jpg 0x0
rect:2 66 405 538 68
Kobe1995_03.jpg 0x0
rect:46 70 321 552 10
Kobe1995_04.jpg 0x0
rect:237 323 73 58 41
Kobe1995_05.jpg 0x0
rect:55 270 308 53 78
rect:72 691 230 150 78
rect:419 174 199 380 40
rect:3 191 102 505 40
rect:132 171 220 699 52
Kobe1995_06.jpg 0x0
rect:65 154 366 376 41
rect:214 274 342 281 42
Kobe1995_07.jpg 0x0
rect:282 206 40 31 39
rect:332 126 25 26 39
rect:374 296 32 40 39
rect:144 195 46 30 39
rect:441 217 54 48 39
rect:280 103 39 31 39
rect:166 360 29 32 39
rect:335 259 31 32 39
rect:454 322 39 48 39
rect:272 206 35 43 39
rect:128 325 24 45 39
rect:161 189 47 60 39
rect:508 181 41 33 39
rect:359 323 44 28 39
rect:206 452 29 31 39
rect:227 281 35 35 39
rect:420 278 42 24 39
rect:142 117 34 29 39
rect:321 359 39 41 39
rect:167 279 35 24 39
rect:48 305 48 30 39
rect:152 431 40 35 39
rect:368 432 22 40 39
rect:216 335 27 35 39
rect:61 316 51 58 39
rect:374 542 39 33 39
Kobe1995_08.jpg 0x0
rect:393 45 370 204 97
Kobe1995_09.jpg 0x0
rect:247 660 206 74 97
rect:81 529 73 50 88
rect:92 646 68 113 88
rect:132 520 60 69 88
SanSalvador_1986_01.jpg 0x0
rect:250 136 93 222 41
rect:83 3 105 283 68
SanSalvador_1986_02.jpg 0x0
rect:237 225 27 54 41
rect:216 165 23 34 41
rect:157 220 39 41 41
rect:192 200 21 35 41
rect:318 141 49 44 41
rect:486 182 48 55 42
rect:459 226 36 46 41
rect:292 121 22 35 41
rect:593 175 38 40 41
SikkimIndia2001_01.jpg 0x0
rect:286 200 106 122 34
SikkimIndia2001_02.jpg 0x0
rect:-16 2 394 87 33
rect:8 111 62 37 54
rect:505 88 145 189 33
rect:203 275 69 52 16
rect:10 7 269 77 16
rect:191 79 221 409 33
rect:474 138 96 49 16
rect:513 266 107 20 16
SikkimIndia2001_03.jpg 0x0
rect:290 187 122 149 70
rect:209 9 211 560 98
rect:210 81 95 166 69
SikkimIndia2001_04.jpg 0x0
rect:392 211 291 77 99
rect:3 28 328 215 99
rect:254 118 82 123 34
SumatraInd2009_01.jpg 0x0
rect:285 21 64 255 81
SumatraInd2009_02.jpg 0x0
rect:151 102 154 152 41
WhittierNarrows1987_01.jpg 0x0
rect:15 31 757 487 10
WhittierNarrows1987_02.jpg 0x0
rect:195 362 143 310 41
WhittierNarrows1987_03.jpg 0x0
rect:351 128 180 206 32
WhittierNarrows1987_04.jpg 0x0
rect:335 12 302 147 100
rect:156 75 89 194 41
rect:142 6 360 81 6
YogyakartaInd2006_01.jpg 0x0
rect:222 40 331 282 32
rect:258 184 368 77 49
rect:182 -23 500 634 29
YogyakartaInd2006_02.jpg 0x0
rect:374 44 110 503 98
rect:386 81 43 186 69
rect:381 78 74 227 70
