Anchorage1964_01.jpg 0x0
rect:102 7 154 195 1
rect:107 437 227 242 1
Anchorage1964_02.jpg 0x0
rect:40 189 187 32 5
rect:242 254 25 74 3
rect:31 19 169 36 5
rect:316 360 22 60 3
rect:405 344 28 57 3
rect:261 34 296 71 4
rect:189 259 413 95 2
rect:196 83 92 88 4
rect:151 181 56 19 6
rect:418 188 98 63 4
rect:152 122 56 70 7
rect:585 77 95 133 8
rect:355 273 21 62 3
rect:678 221 15 55 3
rect:75 236 29 20 6
rect:261 243 30 59 3
rect:545 267 20 45 3
rect:513 300 23 65 3
rect:78 46 67 13 6
Anchorage1964_03.jpg 0x0
rect:0 349 792 91 10
rect:311 116 311 141 9
rect:2 165 226 59 9
Anchorage1964_04.jpg 0x0
rect:205 342 37 22 5
rect:151 168 21 17 5
rect:320 281 36 24 5
rect:449 92 25 19 5
rect:124 130 35 16 5
rect:162 237 21 15 5
rect:231 525 26 34 1
rect:198 290 14 24 1
rect:397 34 34 24 5
rect:331 242 36 26 5
rect:216 184 23 19 1
rect:232 301 18 24 1
rect:358 457 15 18 1
rect:123 328 39 15 5
rect:189 319 43 20 5
rect:197 191 23 15 5
rect:153 336 44 21 5
rect:395 121 37 20 5
rect:267 265 8 1 1
rect:173 31 32 16 5
rect:252 220 29 19 5
rect:338 144 20 31 1
rect:356 180 14 28 1
rect:221 589 37 23 5
rect:318 343 28 18 5
rect:397 500 32 13 5
rect:136 312 74 17 2
rect:379 298 28 13 5
rect:151 101 33 18 5
rect:329 137 13 25 1
rect:395 78 42 22 5
rect:226 365 27 26 1
rect:288 145 36 19 5
rect:443 94 24 19 5
rect:244 238 21 23 1
rect:319 352 12 23 1
rect:318 264 21 29 8
rect:336 300 27 22 5
rect:125 45 32 15 5
Anchorage1964_05.jpg 0x0
rect:49 187 12 50 1
rect:66 51 31 46 1
rect:54 225 19 66 1
rect:629 17 38 54 1
rect:223 34 133 32 6
rect:151 59 73 30 5
rect:415 124 39 67 1
rect:69 26 28 43 1
rect:790 298 66 43 5
rect:239 149 28 27 11
rect:23 389 21 68 1
rect:527 368 44 26 5
rect:344 66 37 52 1
rect:104 176 20 57 1
rect:343 1 51 46 1
rect:245 194 120 55 2
rect:107 93 16 53 1
rect:162 159 133 44 6
rect:86 236 19 49 1
rect:497 309 53 15 6
rect:311 302 40 79 8
rect:65 290 22 50 1
rect:369 134 38 79 1
rect:362 153 37 22 11
rect:489 248 53 58 1
rect:175 188 109 19 5
rect:359 282 66 69 1
rect:516 344 59 84 8
rect:636 187 39 23 6
Anchorage1964_06.jpg 0x0
rect:140 208 77 94 11
rect:110 90 252 329 12
rect:185 148 90 276 3
Anchorage1964_07.jpg 0x0
rect:450 244 57 109 11
rect:421 131 67 82 13
rect:160 2 122 52 2
rect:7 425 354 36 14
rect:343 210 432 159 2
rect:9 81 567 516 2
rect:18 162 227 36 11
rect:215 103 52 107 3
rect:221 104 162 127 11
Anchorage1964_08.jpg 0x0
rect:239 43 96 137 1
rect:44 428 133 120 1
rect:274 450 114 131 1
rect:328 308 132 107 1
rect:65 373 121 81 1
rect:52 98 120 98 1
Anchorage1964_09.jpg 0x0
rect:641 31 99 55 8
rect:15 19 448 17 15
rect:434 157 95 21 15
rect:14 17 61 13 16
rect:93 49 85 59 8
rect:16 145 18 10 16
rect:620 10 98 13 16
rect:108 319 84 78 8
rect:432 132 48 55 1
rect:16 137 115 22 15
rect:759 145 1 1 16
rect:620 100 136 23 15
rect:65 112 42 8 16
rect:737 269 99 83 8
rect:706 184 73 52 1
rect:72 147 89 62 1
rect:349 117 84 72 1
rect:141 145 296 15 15
rect:537 9 295 14 15
Anchorage1964_10.jpg 0x0
rect:68 293 269 149 18
rect:151 132 266 60 18
rect:158 375 94 113 17
rect:91 217 375 257 1
Anchorage1964_11.jpg 0x0
rect:85 392 680 18 14
rect:227 181 357 24 15
rect:89 189 531 101 2
rect:87 611 671 9 14
rect:704 137 147 115 1
rect:695 8 134 42 1
rect:133 67 201 83 4
rect:378 293 287 44 11
Anchorage1964_12.jpg 0x0
rect:396 67 48 248 3
rect:15 59 390 236 2
rect:265 92 129 123 11
rect:369 95 50 269 3
rect:176 148 35 130 3
Anchorage1964_13.jpg 0x0
rect:388 553 80 12 19
rect:219 429 207 24 2
rect:454 399 29 124 20
Anchorage1964_14.jpg 0x0
rect:466 6 106 126 11
rect:44 567 44 59 22
rect:156 478 55 44 22
rect:99 338 170 36 15
rect:11 490 142 104 11
rect:286 695 183 85 23
rect:20 500 22 44 22
rect:199 350 62 107 21
rect:292 15 61 197 11
rect:232 251 196 55 15
rect:187 14 71 519 20
rect:110 583 39 68 22
Anchorage1964_15.jpg 0x0
rect:307 7 52 67 4
rect:498 213 128 35 11
rect:310 152 38 67 25
rect:247 53 48 590 20
rect:542 11 119 53 4
rect:235 324 180 41 15
rect:196 340 217 46 2
rect:225 112 44 82 11
rect:297 334 141 40 24
Anchorage1964_16.jpg 0x0
rect:17 94 195 247 2
rect:14 224 56 83 2
rect:238 221 355 261 11
rect:505 190 108 229 2
rect:153 65 306 146 2
rect:73 347 73 85 11
Anchorage1964_17.jpg 0x0
rect:315 53 255 143 9
rect:10 256 553 237 10
rect:12 104 249 144 9
Anchorage1964_18.jpg 0x0
rect:492 244 59 22 2
rect:443 365 371 25 15
rect:142 345 22 54 11
rect:307 204 82 82 4
rect:94 296 75 40 11
rect:175 187 80 121 4
rect:232 184 29 75 11
rect:667 333 49 18 2
rect:531 174 95 82 4
rect:517 323 36 25 2
Anchorage1964_19.jpg 0x0
rect:368 78 57 58 26
rect:652 121 35 44 28
rect:762 235 9 11 26
rect:6 186 99 151 26
rect:478 117 20 35 26
rect:274 230 24 37 26
rect:377 171 36 30 28
rect:533 187 10 21 26
rect:557 175 26 39 29
rect:34 352 33 109 27
rect:759 111 9 7 26
rect:382 97 5 18 26
rect:371 288 41 59 26
rect:276 57 82 160 29
rect:401 128 53 74 29
rect:236 109 22 31 27
rect:373 144 36 31 26
rect:350 190 15 38 26
Anchorage1964_20.jpg 0x0
rect:392 464 44 54 26
rect:150 478 83 173 26
rect:214 77 130 87 26
rect:197 69 141 170 29
rect:251 136 57 60 27
Anchorage1964_21.jpg 0x0
rect:65 287 23 32 26
rect:117 189 478 157 30
rect:2 117 46 38 26
rect:-7 56 91 133 29
Bingol2003_01.jpg 0x0
rect:2 235 758 214 10
rect:279 183 93 88 33
rect:699 98 91 62 6
rect:376 527 110 63 6
rect:518 261 55 61 34
rect:25 182 90 52 33
rect:158 273 58 76 33
rect:528 314 48 251 32
rect:498 302 152 119 31
rect:659 94 173 257 31
rect:1042 306 114 87 33
rect:173 69 53 22 6
rect:729 548 65 45 33
rect:637 158 64 79 6
rect:441 254 57 146 34
rect:383 231 60 48 6
rect:451 361 143 65 6
rect:626 266 109 57 33
rect:469 356 84 42 6
Bingol2003_02.jpg 0x0
rect:373 405 59 94 6
rect:238 298 557 545 31
rect:115 442 153 179 32
rect:481 231 76 98 26
rect:736 60 149 89 36
rect:236 346 68 472 32
rect:123 95 432 223 34
rect:587 288 340 142 35
Bingol2003_03.jpg 0x0
rect:647 304 285 791 4
rect:395 129 459 131 2
rect:93 22 128 25 2
rect:457 -9 316 217 4
rect:758 525 174 431 2
rect:111 61 103 100 33
rect:498 240 260 64 11
Bingol2003_04.jpg 0x0
rect:288 338 32 161 3
rect:360 291 167 188 4
rect:121 523 37 99 3
rect:96 582 31 55 3
rect:110 374 312 162 2
rect:388 584 155 94 2
rect:135 658 38 88 3
rect:87 563 88 58 2
CanterburyNZSeries2010_01.jpg 0x0
rect:86 111 101 208 12
CanterburyNZSeries2010_02.jpg 0x0
rect:53 11 235 314 37
rect:72 49 167 281 6
CanterburyNZSeries2010_03.jpg 0x0
rect:59 63 441 152 38
CanterburyNZSeries2010_04.jpg 0x0
rect:216 449 29 89 40
rect:444 476 16 47 40
rect:284 362 26 54 40
rect:244 512 103 201 41
rect:298 450 50 107 40
rect:246 220 262 271 39
rect:170 363 31 161 40
rect:226 7 119 191 42
CanterburyNZSeries2010_05.jpg 0x0
rect:239 234 166 128 15
rect:236 389 172 280 4
CanterburyNZSeries2010_06.jpg 0x0
rect:63 92 784 633 4
rect:250 175 245 118 2
CanterburyNZSeries2010_08.jpg 0x0
rect:1004 685 41 146 32
rect:635 116 156 257 43
rect:1101 614 64 124 44
rect:882 380 126 151 44
CanterburyNZSeries2010_09.jpg 0x0
rect:198 124 197 153 45
rect:261 363 208 356 39
CanterburyNZSeries2010_10.jpg 0x0
rect:382 219 288 137 7
rect:326 311 278 84 46
rect:234 342 245 113 6
rect:164 323 398 183 6
CanterburyNZSeries2010_11.jpg 0x0
rect:244 379 236 250 5
rect:362 267 251 101 7
CanterburyNZSeries2010_12.jpg 0x0
rect:670 431 224 61 11
rect:136 608 201 48 11
rect:64 429 707 372 2
rect:5 209 850 411 47
CanterburyNZSeries2010_13.jpg 0x0
rect:290 217 82 396 11
rect:172 17 484 566 12
Caracas1967_01.jpg 0x0
rect:374 79 171 346 48
rect:287 208 51 116 48
rect:351 163 79 116 48
rect:394 179 11 57 48
Caracas1967_02.jpg 0x0
rect:313 1 142 181 15
rect:213 207 235 330 51
rect:139 344 47 60 49
rect:168 475 47 45 50
Caracas1967_03.jpg 0x0
rect:17 451 197 80 6
rect:235 356 24 64 27
rect:194 416 144 204 34
rect:338 391 28 122 27
rect:247 251 57 72 26
rect:334 52 97 74 14
Caracas1967_04.jpg 0x0
rect:162 242 205 113 34
rect:178 361 38 122 26
rect:170 328 15 77 27
Caracas1967_05.jpg 0x0
rect:315 289 57 118 40
rect:187 367 49 227 40
rect:311 253 161 201 52
rect:34 174 238 336 41
rect:151 280 45 213 40
rect:23 103 486 648 48
rect:323 219 67 161 40
rect:411 257 52 232 40
rect:63 392 271 204 52
rect:54 259 76 323 40
Caracas1967_06.jpg 0x0
rect:324 352 66 67 6
rect:433 99 252 223 7
Caracas1967_07.jpg 0x0
rect:239 121 171 284 34
rect:545 348 114 61 53
rect:181 119 31 235 27
rect:423 272 133 82 53
rect:465 9 73 283 34
rect:481 50 30 271 27
rect:292 280 164 327 34
Caracas1967_08.jpg 0x0
rect:174 295 76 86 54
rect:267 268 105 133 54
rect:269 363 75 101 55
Caracas1967_09.jpg 0x0
rect:456 9 275 212 48
rect:80 214 46 63 48
rect:26 215 66 56 48
rect:129 119 118 74 48
Caracas1967_10.jpg 0x0
rect:346 290 99 174 40
rect:20 198 534 466 48
rect:55 178 302 242 41
rect:354 334 98 222 40
Caracas1967_11.jpg 0x0
rect:66 231 247 415 41
rect:51 17 540 685 48
rect:340 17 208 245 41
Caracas1967_12.jpg 0x0
rect:304 263 25 50 56
rect:547 201 39 32 34
rect:718 366 28 33 32
rect:825 301 24 52 32
Caracas1967_13.jpg 0x0
rect:166 275 96 302 55
Caracas1967_14.jpg 0x0
rect:162 93 436 145 57
rect:113 336 329 40 6
Chichi1999_01.jpg 0x0
rect:427 176 67 155 42
rect:4 10 738 202 58
Chichi1999_02.jpg 0x0
rect:6 74 382 114 58
rect:452 83 148 268 59
Chichi1999_03.jpg 0x0
rect:77 156 53 102 60
rect:0 133 944 174 58
Chichi1999_04.jpg 0x0
rect:171 173 60 363 48
rect:236 256 39 47 52
rect:285 -21 39 127 48
Chichi1999_05.jpg 0x0
rect:360 106 57 69 41
rect:436 217 33 60 52
rect:357 202 31 33 41
rect:388 115 80 249 48
Chichi1999_06.jpg 0x0
rect:794 202 52 52 41
rect:452 164 21 25 52
rect:392 -15 109 78 61
rect:374 127 77 56 62
rect:158 16 645 135 10
rect:372 202 40 118 48
Chichi1999_07.jpg 0x0
rect:504 285 62 88 48
rect:225 125 23 38 64
rect:352 184 23 40 64
rect:386 158 33 100 48
rect:104 165 48 171 48
rect:419 316 17 23 64
rect:68 209 461 156 63
Chichi1999_08.jpg 0x0
rect:136 15 532 521 10
Chichi1999_09.jpg 0x0
rect:295 89 102 73 41
rect:166 62 215 169 48
rect:179 135 34 100 40
rect:204 99 41 66 40
Chichi1999_10.jpg 0x0
rect:183 21 733 339 10
Chichi1999_11.jpg 0x0
rect:2 105 174 359 10
rect:152 220 69 96 65
Chichi1999_12.jpg 0x0
rect:9 26 384 463 66
Chichi1999_13.jpg 0x0
rect:27 45 724 313 10
Chichi1999_14.jpg 0x0
rect:58 596 31 45 67
rect:80 530 38 47 67
rect:308 396 16 27 39
rect:155 385 39 40 67
rect:156 189 94 47 67
rect:71 408 63 56 67
rect:448 583 64 88 67
rect:155 299 23 45 67
rect:158 232 28 50 67
rect:210 479 32 63 67
rect:254 300 31 42 39
rect:318 605 29 25 39
rect:87 228 50 81 67
rect:157 487 20 29 67
rect:329 363 32 61 67
rect:242 505 31 39 39
rect:188 512 36 44 67
Chichi1999_15.jpg 0x0
rect:297 30 344 466 41
Chichi1999_16.jpg 0x0
rect:132 90 77 159 32
Chichi1999_17.jpg 0x0
rect:98 404 23 44 32
Chichi1999_18.jpg 0x0
rect:337 411 55 159 70
rect:133 185 147 378 68
rect:172 188 24 135 69
rect:240 281 41 87 69
rect:372 378 39 180 69
rect:237 293 24 116 69
Chichi1999_19.jpg 0x0
rect:162 93 155 333 3
rect:190 15 193 480 2
YogyakartaInd2006_03.jpg 0x0
rect:388 61 104 67 15
rect:161 117 76 23 15
rect:272 21 82 2 15
rect:311 411 55 27 16
rect:318 189 21 7 16
rect:200 315 174 30 15
rect:257 284 236 189 71
rect:477 60 88 50 16
Chichi1999_20.jpg 0x0
rect:196 358 68 171 41
rect:179 239 127 463 42
Chichi1999_21.jpg 0x0
rect:392 7 116 136 57
rect:194 322 180 150 37
rect:96 390 157 96 5
rect:256 134 237 260 72
rect:15 3 202 115 30
rect:290 285 93 98 6
rect:326 28 231 237 37
rect:400 135 160 82 6
Chichi1999_22.jpg 0x0
rect:245 234 13 17 73
rect:346 281 13 20 73
rect:238 120 310 153 10
rect:190 208 13 27 73
Chichi1999_23.jpg 0x0
rect:162 176 43 57 73
rect:141 148 26 23 34
rect:105 352 37 99 34
rect:317 209 57 63 73
rect:322 375 37 56 34
rect:139 316 41 119 73
rect:243 186 25 27 26
rect:210 375 79 72 73
rect:231 240 42 23 27
rect:4 64 483 201 74
Chichi1999_24.jpg 0x0
rect:3 413 254 150 74
rect:359 331 1 2 46
rect:170 143 110 97 75
rect:210 221 46 54 46
rect:155 306 91 56 34
Chichi1999_25.jpg 0x0
rect:137 239 195 423 73
rect:170 255 48 85 26
rect:124 307 128 187 34
Chichi1999_26.jpg 0x0
rect:130 473 151 131 73
rect:192 713 108 74 26
rect:305 269 95 286 76
rect:107 423 126 118 27
rect:196 13 55 31 73
rect:270 138 57 109 73
Chichi1999_27.jpg 0x0
rect:217 284 110 285 32
Chichi1999_28.jpg 0x0
rect:212 203 165 80 77
rect:15 60 283 137 6
rect:178 134 105 250 5
rect:211 104 147 226 75
Chichi1999_29.jpg 0x0
rect:210 317 90 169 52
rect:111 176 192 292 48
rect:287 262 127 192 40
Chichi1999_30.jpg 0x0
rect:198 119 351 285 40
rect:162 166 164 86 52
rect:37 259 122 185 73
rect:218 163 202 74 78
Chichi1999_31.jpg 0x0
rect:200 92 151 205 79
rect:535 120 48 234 48
Chichi1999_32.jpg 0x0
rect:211 154 43 180 81
rect:385 178 54 209 39
rect:184 75 47 122 81
rect:157 8 115 317 80
Chichi1999_33.jpg 0x0
rect:87 125 108 239 32
rect:199 115 75 299 56
rect:155 201 35 140 49
rect:338 157 51 112 49
rect:80 51 138 545 33
rect:232 116 144 344 32
Chichi1999_34.jpg 0x0
rect:96 110 438 460 10
Duzce1999_01.jpg 0x0
rect:112 101 113 98 41
rect:149 46 100 382 39
Duzce1999_02.jpg 0x0
rect:84 48 183 428 41
Duzce1999_03.jpg 0x0
rect:117 87 89 239 42
rect:0 178 118 275 31
rect:276 104 94 362 31
Gediz1970_01.jpg 0x0
rect:117 364 133 320 69
rect:166 143 333 651 68
rect:170 516 76 210 69
Guatemala1976_01.jpg 0x0
rect:618 141 55 90 41
rect:56 160 106 97 48
rect:50 238 32 39 41
rect:26 104 676 173 82
rect:61 268 75 43 52
rect:491 177 190 123 48
Guatemala1976_02.jpg 0x0
rect:272 54 70 84 40
rect:196 82 374 272 48
Guatemala1976_03.jpg 0x0
rect:17 91 631 287 75
Guatemala1976_04.jpg 0x0
rect:673 190 112 326 4
rect:166 22 260 75 30
rect:41 77 458 203 30
rect:340 259 107 327 4
Guatemala1976_05.jpg 0x0
rect:116 176 428 154 40
rect:266 156 310 140 41
rect:174 83 371 430 48
Guatemala1976_06.jpg 0x0
rect:152 100 283 363 39
Guatemala1976_07.jpg 0x0
rect:25 175 405 334 10
rect:22 211 64 44 6
rect:284 727 136 82 83
Guatemala1976_08.jpg 0x0
rect:228 77 377 256 41
rect:249 98 195 262 40
rect:209 24 321 541 48
Guatemala1976_09.jpg 0x0
rect:738 405 60 60 84
rect:79 328 44 26 85
rect:248 385 50 35 84
rect:440 338 91 39 85
rect:205 269 73 74 85
rect:859 234 64 57 85
rect:94 332 40 25 84
rect:338 262 52 70 84
Guatemala1976_10.jpg 0x0
rect:149 193 247 302 86
rect:211 120 249 184 87
rect:328 324 46 150 87
Guatemala1976_11.jpg 0x0
rect:198 203 85 209 34
GujaratIndia2001_01.jpg 0x0
rect:213 529 230 69 2
rect:32 357 131 156 4
rect:325 371 70 58 11
rect:84 578 80 40 2
Haiti2010_01.jpg 0x0
rect:575 241 109 119 4
rect:181 52 160 133 7
rect:453 377 215 177 4
rect:372 184 214 461 41
rect:270 363 30 143 40
Haiti2010_02.jpg 0x0
rect:65 105 332 272 88
rect:213 26 226 46 14
Haiti2010_03.jpg 0x0
rect:375 1 82 789 32
rect:283 500 216 262 32
rect:329 661 62 46 49
rect:253 563 188 182 89
Haiti2010_04.jpg 0x0
rect:194 43 245 359 34
rect:2 139 298 142 6
rect:165 409 264 574 41
Haiti2010_05.jpg 0x0
rect:249 167 296 371 90
rect:175 248 127 96 52
rect:401 226 43 85 40
rect:226 283 29 97 40
Haiti2010_06.jpg 0x0
rect:220 266 28 35 34
rect:420 184 56 45 6
rect:544 121 51 78 34
rect:207 261 220 397 91
rect:689 117 619 912 91
rect:526 294 64 283 32
rect:432 200 220 514 33
ImperialValley1979_01.jpg 0x0
rect:468 372 23 37 50
rect:339 293 56 48 32
rect:363 404 40 19 49
rect:574 264 23 17 49
rect:623 305 18 15 49
rect:9 345 146 166 32
rect:689 265 34 42 32
rect:449 357 44 44 32
rect:297 267 33 49 50
rect:18 467 86 76 49
rect:53 354 94 133 50
ImperialValley1979_02.jpg 0x0
rect:347 140 61 146 50
rect:200 89 76 245 50
rect:357 87 104 219 50
rect:187 246 90 48 49
rect:147 85 198 227 32
rect:220 196 359 73 92
ImperialValley1979_03.jpg 0x0
rect:110 293 60 175 50
rect:257 317 78 174 50
rect:385 352 77 138 50
rect:193 159 241 168 32
rect:138 290 272 251 32
rect:95 459 229 36 92
rect:93 366 347 33 92
Izmit1999_01.jpg 0x0
rect:187 210 34 120 27
rect:318 147 35 164 27
rect:215 65 55 227 27
rect:188 57 383 284 34
rect:519 210 45 88 26
Izmit1999_02.jpg 0x0
rect:34 107 570 241 10
Izmit1999_03.jpg 0x0
rect:147 44 336 449 93
rect:296 117 42 233 50
rect:410 92 28 200 50
rect:270 45 289 297 32
rect:151 104 70 280 50
rect:337 82 68 261 50
rect:519 122 54 259 50
rect:136 141 451 47 92
Izmit1999_04.jpg 0x0
rect:46 341 41 90 41
rect:307 299 63 93 41
rect:92 601 276 101 88
rect:66 530 45 103 42
rect:213 50 99 98 48
rect:417 393 28 78 40
rect:218 83 77 59 41
rect:192 242 123 66 88
rect:60 484 66 50 34
rect:332 258 18 74 40
Izmit1999_05.jpg 0x0
rect:100 28 573 351 10
Izmit1999_06.jpg 0x0
rect:217 181 58 116 50
rect:115 192 59 207 50
rect:174 172 167 534 32
rect:188 348 156 79 49
rect:198 194 41 178 50
rect:152 247 87 168 50
Izmit1999_07.jpg 0x0
rect:275 205 51 75 3
rect:304 124 90 98 3
rect:279 241 37 94 3
rect:326 83 115 43 6
rect:24 125 365 523 2
rect:240 302 105 321 4
rect:168 325 33 171 3
Izmit1999_08.jpg 0x0
rect:172 257 157 143 88
rect:510 6 75 53 45
rect:166 504 61 94 45
rect:102 121 56 99 41
rect:382 111 76 77 41
rect:133 23 72 106 34
rect:380 83 47 25 52
Izmit1999_09.jpg 0x0
rect:341 190 112 129 94
rect:262 262 84 69 41
rect:583 212 58 68 41
rect:182 195 40 45 41
rect:59 218 38 52 41
rect:725 228 43 72 94
Izmit1999_10.jpg 0x0
rect:187 266 104 254 40
rect:174 156 44 166 40
rect:310 656 122 145 40
rect:125 308 202 80 78
rect:236 462 99 36 78
rect:45 273 272 50 78
rect:200 278 97 39 78
rect:100 143 275 605 41
rect:327 150 113 104 40
rect:84 197 79 219 40
rect:232 456 42 86 40
Izmit1999_11.jpg 0x0
rect:251 245 123 147 41
rect:420 290 78 249 40
rect:172 326 130 110 41
rect:143 356 63 182 40
rect:218 187 53 175 40
Izmit1999_12.jpg 0x0
rect:303 81 57 89 45
rect:418 23 103 60 34
rect:93 103 30 19 6
rect:243 352 66 163 94
rect:76 390 23 37 40
rect:40 332 43 49 52
rect:551 167 71 44 7
rect:296 298 71 95 41
rect:16 65 45 26 6
rect:277 294 65 127 52
rect:552 253 40 56 41
rect:203 259 69 58 88
rect:485 167 211 154 91
rect:1 291 40 46 41
rect:393 130 36 34 6
rect:412 183 54 132 42
rect:374 112 30 95 41
rect:67 213 79 79 94
Izmit1999_13.jpg 0x0
rect:188 347 34 95 41
rect:428 116 65 302 41
rect:148 295 105 170 94
rect:6 91 99 208 42
rect:351 105 208 347 48
rect:143 168 50 47 6
rect:198 337 75 58 52
rect:237 67 64 130 41
rect:110 300 25 114 41
Izmit1999_14.jpg 0x0
rect:450 42 57 47 95
rect:243 459 27 18 34
rect:486 280 87 32 34
rect:473 7 107 63 35
rect:448 173 114 104 35
rect:385 78 90 64 34
rect:55 164 126 70 34
rect:251 371 43 42 34
rect:397 375 80 47 34
Izmit1999_15.jpg 0x0
rect:125 138 245 378 42
Izmit1999_16.jpg 0x0
rect:231 130 52 107 40
rect:102 66 517 502 33
rect:90 62 251 336 39
rect:181 122 156 130 41
Izmit1999_17.jpg 0x0
rect:103 96 245 321 41
Izmit1999_18.jpg 0x0
rect:201 219 148 110 41
rect:231 110 108 352 39
Izmit1999_19.jpg 0x0
rect:438 181 30 91 50
rect:451 120 26 73 50
rect:171 102 200 280 96
rect:266 171 285 230 32
Kobe1995_01.jpg 0x0
rect:33 145 540 203 63
Kobe1995_02.jpg 0x0
rect:2 79 636 544 68
Kobe1995_03.jpg 0x0
rect:38 56 367 810 10
Kobe1995_04.jpg 0x0
rect:438 259 41 52 41
Kobe1995_05.jpg 0x0
rect:107 692 240 172 78
rect:235 112 129 440 40
rect:168 131 234 470 52
rect:4 212 103 384 40
rect:57 259 571 98 78
Kobe1995_06.jpg 0x0
rect:225 342 326 412 42
rect:41 172 489 319 41
Kobe1995_07.jpg 0x0
rect:277 241 33 48 39
rect:165 318 36 47 39
rect:147 359 40 48 39
rect:275 357 34 27 39
rect:148 287 31 41 39
rect:174 130 26 28 39
rect:146 207 38 33 39
rect:358 572 51 46 39
rect:396 340 34 38 39
rect:323 252 40 38 39
rect:208 234 39 37 39
rect:135 207 42 33 39
rect:544 153 46 35 39
rect:573 313 43 29 39
rect:443 410 33 42 39
rect:237 205 37 40 39
rect:281 350 31 50 39
rect:341 266 47 42 39
rect:165 99 27 44 39
rect:46 201 29 49 39
rect:426 186 30 30 39
rect:267 214 27 31 39
rect:45 327 41 35 39
rect:112 438 47 35 39
rect:187 387 32 30 39
rect:170 227 44 57 39
Kobe1995_08.jpg 0x0
rect:313 55 502 210 97
Kobe1995_09.jpg 0x0
rect:242 641 252 98 97
rect:102 643 85 53 88
rect:114 388 53 66 88
rect:66 654 105 63 88
SanSalvador_1986_01.jpg 0x0
rect:208 166 141 189 41
rect:49 3 86 250 68
SanSalvador_1986_02.jpg 0x0
rect:361 120 22 23 41
rect:181 277 22 29 41
rect:208 217 38 36 41
rect:305 227 34 34 41
rect:431 156 41 41 42
rect:637 225 26 44 41
rect:328 261 62 37 41
rect:388 261 39 33 41
rect:232 213 26 22 41
SikkimIndia2001_01.jpg 0x0
rect:276 186 102 143 34
SikkimIndia2001_02.jpg 0x0
rect:193 73 176 463 33
rect:355 183 75 54 16
rect:364 128 69 42 16
rect:303 124 129 188 33
rect:-18 2 469 125 33
rect:448 188 106 17 16
rect:10 6 407 80 16
rect:11 118 67 35 54
SikkimIndia2001_03.jpg 0x0
rect:146 13 181 607 98
rect:225 199 95 141 70
rect:153 125 56 232 69
SikkimIndia2001_04.jpg 0x0
rect:494 241 297 93 99
rect:3 35 194 333 99
rect:198 169 130 120 34
SumatraInd2009_01.jpg 0x0
rect:267 19 44 374 81
SumatraInd2009_02.jpg 0x0
rect:134 76 135 174 41
WhittierNarrows1987_01.jpg 0x0
rect:13 30 978 470 10
WhittierNarrows1987_02.jpg 0x0
rect:187 310 124 213 41
WhittierNarrows1987_03.jpg 0x0
rect:243 92 181 236 32
WhittierNarrows1987_04.jpg 0x0
rect:167 6 256 86 6
rect:280 56 121 190 41
rect:194 14 300 186 100
YogyakartaInd2006_01.jpg 0x0
rect:185 -26 472 504 29
rect:286 130 235 67 49
rect:207 40 259 278 32
YogyakartaInd2006_02.jpg 0x0
rect:418 95 81 172 70
rect:341 101 45 281 69
rect:362 64 125 347 98
