Anchorage1964_01.jpg 0x0
rect:72 316 282 258 1
rect:69 7 209 209 1
Anchorage1964_02.jpg 0x0
rect:358 226 18 53 3
rect:317 226 82 78 4
rect:31 263 186 31 5
rect:103 192 70 18 6
rect:327 346 30 69 3
rect:376 63 121 107 8
rect:216 305 442 73 2
rect:508 289 18 59 3
rect:116 215 24 16 6
rect:333 44 237 102 4
rect:551 245 13 61 3
rect:238 215 20 55 3
rect:236 98 121 63 4
rect:185 314 28 82 3
rect:86 41 84 15 6
rect:40 29 123 40 5
rect:563 317 22 62 3
rect:175 194 67 63 7
rect:372 226 25 61 3
Anchorage1964_03.jpg 0x0
rect:2 161 161 74 9
rect:0 246 786 54 10
rect:338 94 301 186 9
Anchorage1964_04.jpg 0x0
rect:426 76 24 17 5
rect:173 20 19 21 5
rect:368 212 18 18 1
rect:283 450 23 27 1
rect:169 252 26 22 5
rect:186 335 34 12 5
rect:310 144 13 30 1
rect:275 120 14 30 1
rect:269 366 16 26 1
rect:210 163 33 16 5
rect:177 80 36 16 5
rect:330 437 11 21 1
rect:379 274 30 19 5
rect:123 336 37 22 5
rect:143 83 26 23 5
rect:412 25 41 22 5
rect:330 201 20 16 5
rect:143 330 27 13 5
rect:267 284 28 22 5
rect:359 337 12 26 1
rect:363 500 32 24 5
rect:397 406 26 22 5
rect:213 526 43 14 5
rect:342 340 8 1 1
rect:142 387 72 14 2
rect:220 320 24 31 1
rect:264 125 38 18 5
rect:131 464 39 25 5
rect:262 190 39 15 5
rect:449 492 28 17 5
rect:350 139 33 19 5
rect:267 244 25 34 8
rect:326 323 21 27 1
rect:138 193 27 19 5
rect:366 279 18 27 1
rect:270 132 17 38 1
rect:457 351 22 14 5
rect:249 56 47 15 5
rect:175 160 36 21 5
Anchorage1964_05.jpg 0x0
rect:485 204 53 28 11
rect:725 317 69 35 5
rect:162 128 168 32 6
rect:477 194 50 34 5
rect:37 526 22 44 1
rect:214 192 134 24 5
rect:57 103 17 53 1
rect:55 62 29 56 1
rect:434 172 29 76 1
rect:109 24 17 33 1
rect:86 88 16 36 1
rect:567 91 51 52 1
rect:315 65 43 69 1
rect:84 259 24 47 1
rect:263 230 129 88 2
rect:459 334 58 84 8
rect:731 264 44 18 6
rect:563 206 59 62 8
rect:366 269 63 61 1
rect:44 298 22 31 1
rect:97 229 21 53 1
rect:216 52 72 58 6
rect:213 229 25 19 11
rect:677 253 54 23 6
rect:495 238 41 63 1
rect:44 370 16 57 1
rect:447 25 42 55 1
rect:244 61 112 33 5
rect:359 1 34 44 1
Anchorage1964_06.jpg 0x0
rect:134 302 48 100 11
rect:122 98 261 518 12
rect:130 179 85 304 3
Anchorage1964_07.jpg 0x0
rect:493 216 92 70 11
rect:445 209 409 171 2
rect:291 108 105 105 11
rect:387 129 47 134 13
rect:198 2 84 60 2
rect:7 239 317 24 14
rect:12 171 240 42 11
rect:352 129 48 111 3
rect:7 79 806 545 2
Anchorage1964_08.jpg 0x0
rect:40 95 137 92 1
rect:360 37 104 92 1
rect:427 199 156 137 1
rect:42 265 103 83 1
rect:39 546 112 103 1
rect:319 625 149 123 1
Anchorage1964_09.jpg 0x0
rect:86 327 72 87 8
rect:698 13 112 12 16
rect:105 49 75 77 8
rect:15 16 517 13 15
rect:125 143 75 75 1
rect:10 20 75 13 16
rect:433 159 81 51 1
rect:622 141 170 17 15
rect:16 154 16 10 16
rect:42 152 72 10 16
rect:410 31 104 65 8
rect:578 6 322 11 15
rect:15 155 72 16 15
rect:509 90 105 25 15
rect:342 174 82 51 1
rect:671 337 88 86 8
rect:529 127 57 57 1
rect:850 246 1 1 16
rect:167 138 230 11 15
Anchorage1964_10.jpg 0x0
rect:251 339 127 152 17
rect:205 153 220 110 18
rect:89 468 218 156 18
rect:74 212 409 358 1
Anchorage1964_11.jpg 0x0
rect:513 139 151 117 1
rect:368 199 322 41 11
rect:185 175 419 27 15
rect:108 517 629 19 14
rect:692 8 83 41 1
rect:52 619 819 17 14
rect:137 42 121 124 4
rect:122 137 487 97 2
Anchorage1964_12.jpg 0x0
rect:368 66 63 178 3
rect:211 174 38 122 3
rect:12 77 746 277 2
rect:250 116 69 208 3
rect:461 111 142 211 11
Anchorage1964_13.jpg 0x0
rect:321 438 33 201 20
rect:290 537 114 14 19
rect:334 618 178 27 2
Anchorage1964_14.jpg 0x0
rect:211 608 54 66 22
rect:180 15 89 804 20
rect:12 630 259 94 11
rect:196 11 72 239 11
rect:34 711 46 76 22
rect:413 6 107 140 11
rect:22 568 27 47 22
rect:201 370 57 81 21
rect:378 274 134 58 15
rect:100 474 50 56 22
rect:389 705 198 82 23
rect:85 286 165 25 15
Anchorage1964_15.jpg 0x0
rect:301 204 80 26 24
rect:175 181 36 72 11
rect:309 164 136 52 11
rect:411 9 89 63 4
rect:209 54 57 415 20
rect:285 187 153 54 15
rect:366 86 61 63 25
rect:316 10 99 61 4
rect:227 369 176 53 2
Anchorage1964_16.jpg 0x0
rect:70 222 60 81 11
rect:16 118 196 131 2
rect:641 184 142 136 2
rect:10 393 82 100 2
rect:167 266 276 225 11
rect:252 112 198 129 2
Anchorage1964_17.jpg 0x0
rect:8 204 534 204 10
rect:303 45 303 176 9
rect:12 130 183 138 9
Anchorage1964_18.jpg 0x0
rect:544 165 110 80 4
rect:557 236 57 20 2
rect:656 382 44 25 2
rect:143 179 20 40 11
rect:172 393 77 58 11
rect:377 215 415 27 15
rect:295 111 99 70 4
rect:154 149 97 110 4
rect:323 391 79 24 2
rect:254 319 45 60 11
Anchorage1964_19.jpg 0x0
rect:794 122 9 7 26
rect:616 224 6 13 26
rect:266 114 41 97 29
rect:396 333 15 33 26
rect:386 119 68 48 26
rect:658 135 56 40 28
rect:410 277 15 34 26
rect:328 180 11 25 26
rect:313 96 26 38 29
rect:499 102 14 37 26
rect:227 298 53 96 26
rect:441 132 32 27 26
rect:510 236 36 26 28
rect:22 277 31 101 27
rect:612 105 7 19 26
rect:209 97 47 170 29
rect:7 307 73 128 26
rect:415 99 21 23 27
Anchorage1964_20.jpg 0x0
rect:255 109 99 55 26
rect:450 505 37 86 26
rect:223 354 82 179 26
rect:277 71 53 52 27
rect:228 65 135 129 29
Anchorage1964_21.jpg 0x0
rect:120 233 674 115 30
rect:-5 82 115 156 29
rect:2 94 37 27 26
rect:36 393 30 38 26
Bingol2003_01.jpg 0x0
rect:710 376 220 69 6
rect:748 359 82 58 6
rect:588 262 41 74 6
rect:348 335 47 59 34
rect:282 390 105 110 6
rect:2 336 887 278 10
rect:323 432 43 178 32
rect:913 570 95 46 33
rect:848 264 122 90 33
rect:409 183 50 85 34
rect:20 253 52 61 33
rect:860 347 116 88 33
rect:428 280 118 158 31
rect:359 189 59 63 33
rect:285 82 70 29 6
rect:498 148 92 89 6
rect:577 66 63 65 6
rect:206 276 94 73 33
rect:422 114 203 179 31
Bingol2003_02.jpg 0x0
rect:233 187 75 261 32
rect:311 294 557 603 31
rect:149 422 206 320 32
rect:482 418 122 85 26
rect:393 353 87 93 6
rect:210 85 524 138 34
rect:804 79 151 70 36
rect:465 168 329 154 35
Bingol2003_03.jpg 0x0
rect:875 -6 283 241 4
rect:597 280 330 692 4
rect:153 42 113 103 33
rect:376 201 256 67 11
rect:77 18 146 45 2
rect:573 515 254 289 2
rect:303 162 467 132 2
Bingol2003_04.jpg 0x0
rect:344 427 101 85 2
rect:209 350 48 90 3
rect:55 490 65 95 2
rect:329 331 210 218 4
rect:107 640 29 87 3
rect:241 426 24 71 3
rect:108 357 207 150 2
rect:151 633 26 98 3
CanterburyNZSeries2010_01.jpg 0x0
rect:90 93 154 300 12
CanterburyNZSeries2010_02.jpg 0x0
rect:52 11 218 300 37
rect:51 53 117 158 6
CanterburyNZSeries2010_03.jpg 0x0
rect:40 67 331 140 38
CanterburyNZSeries2010_04.jpg 0x0
rect:419 317 31 46 40
rect:216 436 36 159 40
rect:419 510 12 53 40
rect:248 259 227 256 39
rect:326 322 55 126 40
rect:260 9 100 190 42
rect:282 341 27 88 40
rect:259 369 112 185 41
CanterburyNZSeries2010_05.jpg 0x0
rect:306 351 199 452 4
rect:338 196 122 139 15
CanterburyNZSeries2010_06.jpg 0x0
rect:56 94 825 427 4
rect:209 178 178 136 2
CanterburyNZSeries2010_08.jpg 0x0
rect:654 346 90 135 44
rect:997 357 43 173 32
rect:409 151 196 268 43
rect:998 620 69 109 44
CanterburyNZSeries2010_09.jpg 0x0
rect:173 161 164 233 45
rect:253 295 120 262 39
CanterburyNZSeries2010_10.jpg 0x0
rect:171 174 264 154 6
rect:277 326 185 85 46
rect:369 180 247 90 7
rect:158 457 326 119 6
CanterburyNZSeries2010_11.jpg 0x0
rect:340 392 225 251 5
rect:242 166 382 128 7
CanterburyNZSeries2010_12.jpg 0x0
rect:680 609 171 66 11
rect:44 248 794 309 2
rect:4 228 1232 358 47
rect:180 674 114 58 11
CanterburyNZSeries2010_13.jpg 0x0
rect:437 186 117 383 11
rect:143 20 359 531 12
Caracas1967_01.jpg 0x0
rect:390 227 12 64 48
rect:512 92 148 217 48
rect:385 177 44 97 48
rect:294 195 93 88 48
Caracas1967_02.jpg 0x0
rect:160 432 39 45 49
rect:178 1 87 159 15
rect:176 206 215 354 51
rect:123 313 33 46 50
Caracas1967_03.jpg 0x0
rect:262 78 87 118 14
rect:272 253 135 136 34
rect:191 306 34 67 27
rect:331 343 37 137 27
rect:17 414 220 82 6
rect:273 482 77 87 26
Caracas1967_04.jpg 0x0
rect:192 303 20 74 27
rect:168 411 37 102 26
rect:163 396 134 143 34
Caracas1967_05.jpg 0x0
rect:221 196 169 129 52
rect:64 274 302 171 52
rect:245 252 60 150 40
rect:57 387 52 253 40
rect:320 347 47 230 40
rect:52 106 340 516 41
rect:136 402 41 219 40
rect:40 69 426 435 48
rect:296 288 59 168 40
rect:366 264 39 312 40
Caracas1967_06.jpg 0x0
rect:302 88 300 238 7
rect:405 225 102 62 6
Caracas1967_07.jpg 0x0
rect:399 6 88 230 34
rect:505 213 101 256 34
rect:583 370 79 77 53
rect:253 96 36 197 27
rect:489 324 99 140 53
rect:480 45 27 261 27
rect:168 142 163 183 34
Caracas1967_08.jpg 0x0
rect:200 384 76 88 54
rect:290 208 55 84 55
rect:286 238 95 100 54
Caracas1967_09.jpg 0x0
rect:215 132 101 64 48
rect:85 164 69 59 48
rect:468 9 205 109 48
rect:32 229 58 43 48
Caracas1967_10.jpg 0x0
rect:49 217 203 390 41
rect:268 231 93 176 40
rect:524 336 72 169 40
rect:20 130 326 396 48
Caracas1967_11.jpg 0x0
rect:44 231 265 627 41
rect:288 14 191 327 41
rect:59 18 348 879 48
Caracas1967_12.jpg 0x0
rect:345 273 36 47 34
rect:627 479 24 62 32
rect:547 268 17 55 32
rect:261 218 21 60 56
Caracas1967_13.jpg 0x0
rect:133 328 145 257 55
Caracas1967_14.jpg 0x0
rect:153 108 809 255 57
rect:150 206 215 36 6
Chichi1999_01.jpg 0x0
rect:321 127 37 278 42
rect:3 8 658 201 58
Chichi1999_02.jpg 0x0
rect:450 98 260 477 59
rect:6 110 274 115 58
Chichi1999_03.jpg 0x0
rect:0 106 776 161 58
rect:69 221 74 104 60
Chichi1999_04.jpg 0x0
rect:269 310 21 58 52
rect:248 163 96 320 48
rect:282 -20 59 126 48
Chichi1999_05.jpg 0x0
rect:397 161 43 57 41
rect:421 218 25 43 41
rect:381 232 29 89 52
rect:270 166 105 203 48
Chichi1999_06.jpg 0x0
rect:208 17 615 245 10
rect:446 252 39 64 48
rect:248 104 59 76 62
rect:417 202 19 27 52
rect:518 213 44 60 41
rect:487 -15 97 69 61
Chichi1999_07.jpg 0x0
rect:168 129 25 46 64
rect:43 168 464 118 63
rect:571 270 17 22 64
rect:152 223 34 160 48
rect:344 156 61 106 48
rect:732 180 58 90 48
rect:356 248 33 26 64
Chichi1999_08.jpg 0x0
rect:105 11 706 486 10
Chichi1999_09.jpg 0x0
rect:275 105 38 70 40
rect:259 95 138 102 41
rect:181 84 157 217 48
rect:192 77 45 96 40
Chichi1999_10.jpg 0x0
rect:181 22 432 370 10
Chichi1999_11.jpg 0x0
rect:111 205 108 126 65
rect:2 156 127 507 10
Chichi1999_12.jpg 0x0
rect:12 29 468 654 66
Chichi1999_13.jpg 0x0
rect:28 52 660 285 10
Chichi1999_14.jpg 0x0
rect:301 611 55 48 67
rect:82 484 39 53 67
rect:207 681 27 44 67
rect:138 208 64 61 67
rect:167 209 33 40 67
rect:170 325 19 43 67
rect:85 425 62 37 67
rect:435 528 45 43 67
rect:151 455 33 44 67
rect:213 498 36 26 39
rect:178 415 27 46 67
rect:69 429 41 56 67
rect:261 207 42 37 39
rect:104 257 41 47 67
rect:157 401 36 69 67
rect:297 464 30 40 39
rect:209 308 21 29 39
Chichi1999_15.jpg 0x0
rect:339 21 277 460 41
Chichi1999_16.jpg 0x0
rect:178 128 71 154 32
Chichi1999_17.jpg 0x0
rect:96 293 22 58 32
Chichi1999_18.jpg 0x0
rect:202 248 179 573 68
rect:242 428 39 99 69
rect:222 399 56 138 70
rect:192 211 23 134 69
rect:221 254 39 98 69
rect:151 261 24 93 69
Chichi1999_19.jpg 0x0
rect:183 21 357 305 2
rect:212 129 145 352 3
YogyakartaInd2006_03.jpg 0x0
rect:398 341 64 28 16
rect:271 414 169 26 15
rect:211 140 24 8 16
rect:235 23 101 2 15
rect:385 54 108 41 16
rect:192 213 253 108 71
rect:181 105 50 39 15
rect:304 52 181 59 15
Chichi1999_20.jpg 0x0
rect:311 477 56 214 41
rect:182 264 133 378 42
Chichi1999_21.jpg 0x0
rect:334 6 114 93 57
rect:75 401 122 128 5
rect:457 40 234 244 37
rect:165 286 173 172 37
rect:216 410 84 138 6
rect:18 4 223 143 30
rect:514 103 142 154 6
rect:262 130 152 313 72
Chichi1999_22.jpg 0x0
rect:219 239 14 24 73
rect:397 255 16 19 73
rect:217 199 15 17 73
rect:296 181 252 188 10
Chichi1999_23.jpg 0x0
rect:341 391 43 76 34
rect:235 355 75 94 73
rect:235 239 31 30 26
rect:95 415 37 121 73
rect:239 197 39 29 27
rect:220 232 54 49 73
rect:112 194 30 22 34
rect:83 247 28 74 34
rect:95 138 58 45 73
rect:4 77 607 190 74
Chichi1999_24.jpg 0x0
rect:169 182 150 65 75
rect:354 295 1 2 46
rect:228 194 34 51 46
rect:203 191 50 40 34
rect:3 432 206 237 74
Chichi1999_25.jpg 0x0
rect:119 233 125 313 73
rect:165 279 42 93 26
rect:229 171 95 234 34
Chichi1999_26.jpg 0x0
rect:167 145 67 122 73
rect:214 14 58 27 73
rect:103 572 101 71 26
rect:154 547 159 80 27
rect:171 350 104 383 76
rect:142 507 158 130 73
Chichi1999_27.jpg 0x0
rect:174 215 100 361 32
Chichi1999_28.jpg 0x0
rect:248 172 150 260 75
rect:166 138 100 218 5
rect:299 352 269 128 77
rect:24 70 325 140 6
Chichi1999_29.jpg 0x0
rect:243 149 93 131 40
rect:174 216 142 308 48
rect:206 218 102 144 52
Chichi1999_30.jpg 0x0
rect:21 287 117 117 73
rect:233 140 173 96 52
rect:153 198 196 49 78
rect:252 116 281 334 40
Chichi1999_31.jpg 0x0
rect:665 73 41 149 48
rect:113 78 141 201 79
Chichi1999_32.jpg 0x0
rect:161 9 87 375 80
rect:190 282 25 164 81
rect:190 62 37 190 81
rect:625 146 61 187 39
Chichi1999_33.jpg 0x0
rect:159 142 72 235 32
rect:259 81 92 300 56
rect:119 164 42 125 49
rect:294 108 158 246 32
rect:369 175 28 89 49
rect:67 75 157 626 33
Chichi1999_34.jpg 0x0
rect:109 83 342 440 10
Duzce1999_01.jpg 0x0
rect:101 114 105 172 41
rect:147 43 130 374 39
Duzce1999_02.jpg 0x0
rect:68 56 137 362 41
Duzce1999_03.jpg 0x0
rect:120 78 148 185 42
rect:0 156 135 231 31
rect:208 109 112 239 31
Gediz1970_01.jpg 0x0
rect:272 526 69 254 69
rect:158 113 310 517 68
rect:152 238 79 355 69
Guatemala1976_01.jpg 0x0
rect:47 154 47 45 41
rect:43 172 72 135 48
rect:45 278 49 36 52
rect:17 123 583 169 82
rect:657 122 81 94 41
rect:453 141 168 132 48
Guatemala1976_02.jpg 0x0
rect:308 66 121 123 40
rect:137 54 271 210 48
Guatemala1976_03.jpg 0x0
rect:13 77 756 389 75
Guatemala1976_04.jpg 0x0
rect:595 268 103 256 4
rect:170 26 462 98 30
rect:49 90 648 171 30
rect:448 153 90 373 4
Guatemala1976_05.jpg 0x0
rect:128 118 326 180 40
rect:140 134 262 115 41
rect:154 62 496 384 48
Guatemala1976_06.jpg 0x0
rect:154 111 265 479 39
Guatemala1976_07.jpg 0x0
rect:21 265 72 73 6
rect:24 232 448 394 10
rect:295 562 117 104 83
Guatemala1976_08.jpg 0x0
rect:422 67 159 317 40
rect:109 32 368 325 48
rect:206 76 241 500 41
Guatemala1976_09.jpg 0x0
rect:854 275 51 39 85
rect:83 360 35 36 85
rect:559 284 50 52 84
rect:367 347 53 47 84
rect:117 283 33 22 84
rect:206 303 28 29 84
rect:170 250 66 47 85
rect:308 227 68 35 85
Guatemala1976_10.jpg 0x0
rect:398 298 39 100 87
rect:160 105 272 198 87
rect:201 188 246 207 86
Guatemala1976_11.jpg 0x0
rect:217 234 144 164 34
GujaratIndia2001_01.jpg 0x0
rect:79 504 80 40 2
rect:143 323 256 100 2
rect:22 481 219 212 4
rect:362 459 53 63 11
Haiti2010_01.jpg 0x0
rect:387 258 20 159 40
rect:458 179 90 120 4
rect:132 62 156 83 7
rect:261 187 230 243 41
rect:494 395 156 174 4
Haiti2010_02.jpg 0x0
rect:36 110 576 186 88
rect:356 26 218 51 14
Haiti2010_03.jpg 0x0
rect:187 508 238 167 32
rect:193 434 74 53 49
rect:302 780 276 267 89
rect:413 1 56 666 32
Haiti2010_04.jpg 0x0
rect:2 189 335 208 6
rect:245 35 158 210 34
rect:212 395 279 377 41
Haiti2010_05.jpg 0x0
rect:190 192 28 70 40
rect:267 240 165 99 52
rect:405 273 30 68 40
rect:255 207 249 638 90
Haiti2010_06.jpg 0x0
rect:340 150 156 285 33
rect:617 175 74 210 32
rect:413 185 81 33 6
rect:155 204 273 425 91
rect:636 125 68 106 34
rect:694 130 729 539 91
rect:193 233 38 54 34
ImperialValley1979_01.jpg 0x0
rect:10 284 87 84 49
rect:509 262 31 42 32
rect:415 278 30 25 32
rect:67 318 84 147 50
rect:347 269 53 66 32
rect:534 235 13 17 49
rect:271 379 45 83 50
rect:534 402 36 34 50
rect:10 329 109 167 32
rect:532 221 20 16 49
rect:271 401 43 31 49
ImperialValley1979_02.jpg 0x0
rect:126 149 76 238 50
rect:269 96 223 247 32
rect:364 161 58 182 50
rect:170 262 107 53 49
rect:127 180 262 68 92
rect:279 134 72 220 50
ImperialValley1979_03.jpg 0x0
rect:130 258 183 249 32
rect:155 238 230 110 32
rect:99 326 74 272 50
rect:338 246 72 244 50
rect:126 383 249 36 92
rect:124 273 336 40 92
rect:153 439 85 177 50
Izmit1999_01.jpg 0x0
rect:157 269 45 103 27
rect:134 81 437 348 34
rect:259 70 56 181 27
rect:512 187 57 64 26
rect:302 142 56 117 27
Izmit1999_02.jpg 0x0
rect:22 96 616 274 10
Izmit1999_03.jpg 0x0
rect:149 267 339 31 92
rect:313 179 32 135 50
rect:161 67 56 283 50
rect:572 84 32 255 50
rect:408 105 57 361 50
rect:183 52 493 448 93
rect:297 46 248 449 32
rect:287 103 45 281 50
Izmit1999_04.jpg 0x0
rect:458 289 16 66 40
rect:79 467 44 99 42
rect:141 210 116 62 88
rect:236 87 105 87 48
rect:93 371 288 136 88
rect:64 321 68 58 34
rect:335 362 97 90 41
rect:56 461 41 126 41
rect:377 252 15 53 40
rect:331 88 97 76 41
Izmit1999_05.jpg 0x0
rect:92 24 666 415 10
Izmit1999_06.jpg 0x0
rect:171 247 105 80 49
rect:178 173 181 544 32
rect:162 252 56 170 50
rect:69 338 85 144 50
rect:237 243 43 123 50
rect:294 255 53 142 50
Izmit1999_07.jpg 0x0
rect:351 346 112 299 4
rect:210 158 46 112 3
rect:344 50 136 45 6
rect:313 141 57 87 3
rect:199 211 40 110 3
rect:24 129 274 625 2
rect:202 316 51 171 3
Izmit1999_08.jpg 0x0
rect:132 446 89 69 45
rect:535 6 90 55 45
rect:165 115 76 79 41
rect:448 75 92 68 41
rect:213 320 155 100 88
rect:568 80 48 36 52
rect:188 30 69 135 34
Izmit1999_09.jpg 0x0
rect:353 245 43 33 41
rect:62 145 37 49 41
rect:340 286 82 78 94
rect:717 224 48 70 41
rect:371 186 76 65 41
rect:528 162 78 96 94
Izmit1999_10.jpg 0x0
rect:244 120 45 171 40
rect:289 479 58 103 40
rect:369 448 79 143 40
rect:193 350 171 43 78
rect:94 304 371 85 78
rect:33 202 365 39 78
rect:101 265 104 176 40
rect:362 118 156 144 40
rect:331 641 60 24 78
rect:57 114 95 246 40
rect:104 98 350 592 41
Izmit1999_11.jpg 0x0
rect:218 270 91 203 41
rect:276 357 144 129 41
rect:219 219 73 215 40
rect:380 314 102 190 40
rect:207 264 58 107 40
Izmit1999_12.jpg 0x0
rect:385 229 35 82 42
rect:260 376 97 106 41
rect:625 229 134 207 91
rect:317 315 54 135 52
rect:69 356 31 49 40
rect:67 69 41 28 6
rect:17 89 50 31 6
rect:63 275 61 47 52
rect:386 123 37 32 6
rect:604 168 75 55 41
rect:320 25 103 56 34
rect:350 242 84 167 94
rect:475 150 89 61 7
rect:120 209 83 48 88
rect:285 158 36 70 45
rect:524 69 40 85 41
rect:1 164 30 45 41
rect:54 296 65 110 94
Izmit1999_13.jpg 0x0
rect:166 303 32 125 41
rect:5 78 93 155 42
rect:135 193 58 72 52
rect:255 96 54 129 41
rect:329 106 193 336 48
rect:169 178 111 114 94
rect:121 89 61 46 6
rect:258 217 88 208 41
rect:158 204 32 82 41
Izmit1999_14.jpg 0x0
rect:67 130 104 58 34
rect:384 47 74 54 95
rect:477 207 111 81 35
rect:198 284 38 43 34
rect:360 309 62 41 34
rect:602 276 80 33 34
rect:384 502 47 29 34
rect:483 79 68 74 34
rect:271 9 187 50 35
Izmit1999_15.jpg 0x0
rect:157 192 183 385 42
Izmit1999_16.jpg 0x0
rect:178 99 161 146 41
rect:247 76 52 88 40
rect:86 75 482 640 33
rect:115 81 219 247 39
Izmit1999_17.jpg 0x0
rect:104 158 226 329 41
Izmit1999_18.jpg 0x0
rect:204 163 111 347 39
rect:213 222 132 170 41
Izmit1999_19.jpg 0x0
rect:284 79 279 376 96
rect:451 152 33 96 50
rect:346 191 31 72 50
rect:182 133 240 205 32
Kobe1995_01.jpg 0x0
rect:33 130 910 125 63
Kobe1995_02.jpg 0x0
rect:2 47 464 494 68
Kobe1995_03.jpg 0x0
rect:28 55 397 664 10
Kobe1995_04.jpg 0x0
rect:395 271 56 54 41
Kobe1995_05.jpg 0x0
rect:43 307 515 59 78
rect:96 566 281 123 78
rect:107 166 159 567 52
rect:3 119 107 618 40
rect:323 105 150 561 40
Kobe1995_06.jpg 0x0
rect:38 177 449 346 41
rect:219 338 401 462 42
Kobe1995_07.jpg 0x0
rect:412 154 32 33 39
rect:259 203 30 30 39
rect:111 266 24 48 39
rect:309 199 26 58 39
rect:200 311 45 34 39
rect:241 144 25 44 39
rect:219 530 40 35 39
rect:218 342 22 31 39
rect:47 281 28 34 39
rect:182 160 43 37 39
rect:204 321 46 25 39
rect:473 538 34 48 39
rect:102 374 27 34 39
rect:46 283 38 29 39
rect:450 245 54 46 39
rect:374 175 50 31 39
rect:140 308 41 37 39
rect:195 437 28 40 39
rect:363 420 37 37 39
rect:144 92 25 45 39
rect:246 195 45 37 39
rect:505 276 44 47 39
rect:288 421 46 53 39
rect:487 239 48 47 39
rect:285 283 35 30 39
rect:464 246 24 38 39
Kobe1995_08.jpg 0x0
rect:386 72 367 256 97
Kobe1995_09.jpg 0x0
rect:100 462 89 51 88
rect:108 464 56 87 88
rect:120 468 88 64 88
rect:218 733 155 54 97
SanSalvador_1986_01.jpg 0x0
rect:187 131 122 241 41
rect:80 3 96 310 68
SanSalvador_1986_02.jpg 0x0
rect:177 324 40 30 41
rect:509 161 42 32 41
rect:253 137 55 47 41
rect:132 274 38 33 41
rect:516 212 37 48 41
rect:401 298 36 52 41
rect:171 203 29 22 41
rect:351 138 21 20 41
rect:352 209 50 57 42
SikkimIndia2001_01.jpg 0x0
rect:266 184 103 127 34
SikkimIndia2001_02.jpg 0x0
rect:-15 2 338 96 33
rect:586 122 83 50 16
rect:7 187 73 58 54
rect:452 93 151 154 33
rect:238 88 187 389 33
rect:8 6 380 95 16
rect:319 241 60 58 16
rect:532 327 115 17 16
SikkimIndia2001_03.jpg 0x0
rect:160 11 185 623 98
rect:294 232 94 214 70
rect:181 121 96 187 69
SikkimIndia2001_04.jpg 0x0
rect:402 195 217 128 99
rect:3 36 314 287 99
rect:239 169 95 121 34
SumatraInd2009_01.jpg 0x0
rect:353 23 74 355 81
SumatraInd2009_02.jpg 0x0
rect:137 80 181 127 41
WhittierNarrows1987_01.jpg 0x0
rect:12 25 723 456 10
WhittierNarrows1987_02.jpg 0x0
rect:212 246 108 218 41
WhittierNarrows1987_03.jpg 0x0
rect:241 125 118 322 32
WhittierNarrows1987_04.jpg 0x0
rect:198 71 120 189 41
rect:253 15 297 128 100
rect:170 9 309 77 6
YogyakartaInd2006_01.jpg 0x0
rect:269 136 359 56 49
rect:208 39 322 214 32
rect:129 -24 503 509 29
YogyakartaInd2006_02.jpg 0x0
rect:447 134 43 250 69
rect:450 54 181 553 98
rect:298 92 92 170 70
