Anchorage1964_01.jpg 0x0
rect:59 444 279 240 1
rect:90 9 166 120 1
Anchorage1964_02.jpg 0x0
rect:105 151 29 19 6
rect:510 336 17 57 3
rect:586 56 95 82 8
rect:474 343 27 52 3
rect:392 304 16 59 3
rect:191 335 32 70 3
rect:288 33 254 103 4
rect:470 246 66 63 4
rect:353 344 35 44 3
rect:89 212 39 17 6
rect:37 176 167 47 5
rect:209 326 32 77 3
rect:28 18 156 45 5
rect:194 88 89 78 4
rect:149 165 58 54 7
rect:78 27 88 18 6
rect:168 286 266 83 2
rect:461 255 17 50 3
rect:313 236 24 53 3
Anchorage1964_03.jpg 0x0
rect:189 79 347 201 9
rect:0 363 546 90 10
rect:2 288 186 73 9
Anchorage1964_04.jpg 0x0
rect:265 153 23 22 1
rect:287 112 34 16 5
rect:171 417 41 21 2
rect:330 199 17 27 1
rect:399 306 20 16 5
rect:368 302 27 32 1
rect:202 72 23 19 5
rect:429 140 26 19 5
rect:184 139 28 19 5
rect:408 517 33 18 5
rect:423 128 36 25 5
rect:453 333 37 25 5
rect:149 322 37 20 5
rect:216 218 34 23 5
rect:331 166 19 21 1
rect:202 284 22 26 1
rect:168 255 36 13 5
rect:177 224 32 19 5
rect:223 170 10 27 1
rect:324 28 26 17 5
rect:250 251 20 20 5
rect:237 332 15 38 1
rect:211 458 37 23 5
rect:209 299 8 1 1
rect:163 53 41 15 5
rect:345 117 27 11 5
rect:160 333 42 21 5
rect:232 391 13 15 1
rect:118 367 41 12 5
rect:219 136 26 19 5
rect:315 73 28 13 5
rect:254 205 36 25 5
rect:260 232 13 27 1
rect:239 266 17 18 8
rect:251 448 14 27 1
rect:330 252 23 13 5
rect:193 31 26 17 5
rect:309 291 25 32 1
rect:321 436 22 18 5
Anchorage1964_05.jpg 0x0
rect:66 101 19 33 1
rect:105 207 20 43 1
rect:83 65 22 48 1
rect:200 51 117 49 6
rect:503 23 25 45 1
rect:346 179 23 27 11
rect:497 143 42 47 1
rect:165 134 99 23 5
rect:158 38 80 23 5
rect:293 179 162 69 2
rect:41 372 23 54 1
rect:88 378 21 48 1
rect:143 155 133 49 6
rect:545 430 54 24 5
rect:121 31 15 51 1
rect:41 201 15 43 1
rect:551 79 28 43 1
rect:800 378 49 18 6
rect:465 243 40 68 1
rect:385 67 40 48 1
rect:99 125 21 61 1
rect:409 280 68 74 1
rect:360 1 43 63 1
rect:625 254 50 32 5
rect:40 539 17 49 1
rect:330 260 38 54 8
rect:589 401 38 67 8
rect:733 174 35 30 6
rect:486 166 32 24 11
Anchorage1964_06.jpg 0x0
rect:127 166 122 296 3
rect:211 297 53 107 11
rect:129 62 291 329 12
Anchorage1964_07.jpg 0x0
rect:234 89 161 137 11
rect:219 2 83 76 2
rect:389 304 300 261 2
rect:288 112 53 96 13
rect:15 187 216 32 11
rect:6 238 524 25 14
rect:9 83 601 309 2
rect:288 159 44 144 3
rect:288 143 79 103 11
Anchorage1964_08.jpg 0x0
rect:280 392 134 112 1
rect:406 186 154 102 1
rect:47 354 99 75 1
rect:66 65 170 104 1
rect:32 536 129 118 1
rect:327 29 124 88 1
Anchorage1964_09.jpg 0x0
rect:455 136 69 81 1
rect:316 168 76 50 1
rect:345 8 217 9 15
rect:16 17 54 10 16
rect:41 190 64 12 16
rect:75 150 60 52 1
rect:174 170 226 12 15
rect:14 17 489 19 15
rect:385 240 78 66 8
rect:764 233 1 1 16
rect:543 135 162 19 15
rect:489 114 68 63 1
rect:98 52 79 64 8
rect:690 27 72 51 8
rect:108 324 95 85 8
rect:451 122 99 18 15
rect:569 7 99 13 16
rect:18 110 21 9 16
rect:12 141 114 24 15
Anchorage1964_10.jpg 0x0
rect:189 157 246 96 18
rect:92 238 324 459 1
rect:174 273 90 121 17
rect:93 362 290 105 18
Anchorage1964_11.jpg 0x0
rect:406 97 107 76 1
rect:163 154 370 27 15
rect:382 210 317 36 11
rect:83 563 705 13 14
rect:71 554 549 22 14
rect:381 6 131 31 1
rect:78 176 526 99 2
rect:121 53 223 130 4
Anchorage1964_12.jpg 0x0
rect:559 99 63 161 3
rect:217 96 52 171 3
rect:11 79 698 305 2
rect:449 100 142 208 11
rect:182 212 24 129 3
Anchorage1964_13.jpg 0x0
rect:586 410 24 127 20
rect:233 459 213 31 2
rect:349 536 97 12 19
Anchorage1964_14.jpg 0x0
rect:25 671 33 60 22
rect:555 7 59 169 11
rect:31 471 59 81 22
rect:76 273 164 31 15
rect:225 291 75 80 21
rect:12 410 185 81 11
rect:238 15 72 524 20
rect:132 492 36 55 22
rect:409 176 121 48 15
rect:193 12 80 203 11
rect:336 782 137 80 23
rect:124 677 47 72 22
Anchorage1964_15.jpg 0x0
rect:293 9 85 86 4
rect:330 117 49 74 25
rect:182 66 56 546 20
rect:266 459 204 77 2
rect:260 199 122 41 11
rect:235 178 47 77 11
rect:277 11 69 67 4
rect:181 246 180 46 15
rect:342 275 78 36 24
Anchorage1964_16.jpg 0x0
rect:197 234 349 217 11
rect:17 401 57 82 2
rect:14 113 137 214 2
rect:190 77 191 117 2
rect:578 290 123 247 2
rect:60 318 98 109 11
Anchorage1964_17.jpg 0x0
rect:12 113 182 162 9
rect:231 60 183 186 9
rect:9 186 709 264 10
Anchorage1964_18.jpg 0x0
rect:478 210 34 18 2
rect:312 116 135 87 4
rect:284 208 46 46 11
rect:282 406 76 26 2
rect:372 109 92 91 4
rect:163 216 19 43 11
rect:847 258 78 18 2
rect:136 218 95 60 11
rect:352 200 408 35 15
rect:166 225 79 105 4
Anchorage1964_19.jpg 0x0
rect:696 175 8 8 26
rect:363 111 6 11 26
rect:549 139 28 47 29
rect:34 247 29 116 27
rect:455 283 41 40 28
rect:451 174 18 31 26
rect:782 144 6 12 26
rect:267 93 77 100 29
rect:383 110 50 35 28
rect:573 235 12 26 26
rect:411 280 25 27 26
rect:223 123 68 61 26
rect:268 207 35 73 26
rect:364 73 46 56 29
rect:536 169 16 43 26
rect:386 144 31 33 26
rect:6 287 51 155 26
rect:392 129 27 41 27
Anchorage1964_20.jpg 0x0
rect:278 464 86 104 26
rect:500 647 52 83 26
rect:166 102 100 75 26
rect:224 56 183 130 29
rect:273 74 56 48 27
Anchorage1964_21.jpg 0x0
rect:-6 93 92 174 29
rect:178 150 480 214 30
rect:2 72 50 30 26
rect:57 344 27 39 26
Bingol2003_01.jpg 0x0
rect:751 461 83 31 33
rect:747 153 111 72 6
rect:366 392 182 145 31
rect:111 264 50 89 33
rect:488 393 37 68 34
rect:2 312 1060 201 10
rect:326 394 55 225 32
rect:487 200 55 144 34
rect:496 378 215 55 6
rect:667 100 188 250 31
rect:756 240 65 72 6
rect:438 308 73 74 6
rect:575 57 62 60 6
rect:29 321 87 50 33
rect:171 69 88 27 6
rect:669 421 96 87 33
rect:295 134 95 62 33
rect:594 218 60 58 6
rect:872 249 69 59 33
Bingol2003_02.jpg 0x0
rect:176 129 390 171 34
rect:394 266 84 101 26
rect:127 663 113 291 32
rect:129 184 75 250 32
rect:286 444 98 109 6
rect:212 165 823 429 31
rect:744 62 161 66 36
rect:519 235 529 89 35
Bingol2003_03.jpg 0x0
rect:82 28 172 39 2
rect:531 246 310 655 4
rect:339 214 403 230 2
rect:498 256 187 83 11
rect:900 -10 229 274 4
rect:114 41 149 134 33
rect:1052 586 288 423 2
Bingol2003_04.jpg 0x0
rect:184 472 309 179 2
rect:354 766 118 87 2
rect:155 576 40 59 3
rect:273 350 30 153 3
rect:239 441 30 72 3
rect:83 441 98 92 2
rect:66 674 19 83 3
rect:305 244 147 167 4
CanterburyNZSeries2010_01.jpg 0x0
rect:93 109 91 388 12
CanterburyNZSeries2010_02.jpg 0x0
rect:41 11 225 311 37
rect:63 49 147 226 6
CanterburyNZSeries2010_03.jpg 0x0
rect:60 55 398 119 38
CanterburyNZSeries2010_04.jpg 0x0
rect:185 323 272 253 39
rect:185 596 125 182 41
rect:348 422 45 94 40
rect:421 294 24 63 40
rect:325 8 130 212 42
rect:246 252 29 217 40
rect:192 352 29 93 40
rect:409 360 18 79 40
CanterburyNZSeries2010_05.jpg 0x0
rect:330 481 255 464 4
rect:337 145 121 137 15
CanterburyNZSeries2010_06.jpg 0x0
rect:72 111 545 489 4
rect:293 250 165 103 2
CanterburyNZSeries2010_08.jpg 0x0
rect:972 461 81 118 44
rect:615 398 40 176 32
rect:528 136 146 324 43
rect:594 539 47 119 44
CanterburyNZSeries2010_09.jpg 0x0
rect:212 141 169 240 45
rect:275 241 133 379 39
CanterburyNZSeries2010_10.jpg 0x0
rect:206 518 241 140 6
rect:430 124 321 86 7
rect:238 227 189 96 46
rect:158 316 462 223 6
CanterburyNZSeries2010_11.jpg 0x0
rect:394 253 306 95 7
rect:335 298 320 259 5
CanterburyNZSeries2010_12.jpg 0x0
rect:535 589 196 45 11
rect:153 387 152 39 11
rect:6 323 799 475 47
rect:53 331 956 255 2
CanterburyNZSeries2010_13.jpg 0x0
rect:155 15 341 538 12
rect:483 183 90 356 11
Caracas1967_01.jpg 0x0
rect:233 158 95 97 48
rect:353 148 44 103 48
rect:288 172 11 67 48
rect:304 54 141 271 48
Caracas1967_02.jpg 0x0
rect:168 403 39 32 50
rect:163 140 190 273 51
rect:132 364 58 78 49
rect:234 1 86 134 15
Caracas1967_03.jpg 0x0
rect:420 408 30 157 27
rect:327 310 46 79 26
rect:274 262 150 141 34
rect:257 87 105 98 14
rect:12 315 206 119 6
rect:327 489 27 63 27
Caracas1967_04.jpg 0x0
rect:176 384 64 79 26
rect:109 331 203 119 34
rect:133 429 14 67 27
Caracas1967_05.jpg 0x0
rect:43 157 272 329 41
rect:190 368 51 179 40
rect:300 203 129 115 52
rect:78 308 156 199 52
rect:223 248 55 135 40
rect:317 211 39 270 40
rect:57 373 49 202 40
rect:37 100 392 628 48
rect:188 353 39 248 40
rect:264 241 54 213 40
Caracas1967_06.jpg 0x0
rect:457 188 64 68 6
rect:383 97 227 310 7
Caracas1967_07.jpg 0x0
rect:543 462 116 91 53
rect:353 53 35 212 27
rect:160 144 57 176 27
rect:452 394 85 76 53
rect:539 191 115 222 34
rect:130 131 163 246 34
rect:476 10 100 285 34
Caracas1967_08.jpg 0x0
rect:201 332 50 100 55
rect:289 295 83 138 54
rect:386 233 57 156 54
Caracas1967_09.jpg 0x0
rect:108 147 65 85 48
rect:26 255 39 58 48
rect:168 196 101 84 48
rect:486 15 258 139 48
Caracas1967_10.jpg 0x0
rect:314 237 83 185 40
rect:46 223 275 343 41
rect:15 136 495 465 48
rect:235 183 89 133 40
Caracas1967_11.jpg 0x0
rect:51 13 401 846 48
rect:64 240 233 617 41
rect:368 10 191 323 41
Caracas1967_12.jpg 0x0
rect:680 397 30 39 32
rect:212 282 29 50 56
rect:782 342 27 54 32
rect:555 276 45 47 34
Caracas1967_13.jpg 0x0
rect:161 308 142 193 55
Caracas1967_14.jpg 0x0
rect:119 153 640 144 57
rect:121 378 223 52 6
Chichi1999_01.jpg 0x0
rect:4 7 504 142 58
rect:296 173 55 147 42
Chichi1999_02.jpg 0x0
rect:317 134 198 474 59
rect:5 119 369 138 58
Chichi1999_03.jpg 0x0
rect:0 112 778 154 58
rect:104 208 71 99 60
Chichi1999_04.jpg 0x0
rect:165 -15 54 167 48
rect:216 282 99 405 48
rect:174 196 36 42 52
Chichi1999_05.jpg 0x0
rect:261 194 38 85 52
rect:476 101 66 63 41
rect:343 342 30 34 41
rect:298 107 94 284 48
Chichi1999_06.jpg 0x0
rect:261 141 74 54 62
rect:265 227 37 76 48
rect:822 182 40 69 41
rect:591 -12 67 75 61
rect:400 240 19 31 52
rect:195 14 518 125 10
Chichi1999_07.jpg 0x0
rect:310 244 25 27 64
rect:200 234 33 189 48
rect:132 177 23 44 64
rect:569 314 63 120 48
rect:465 265 18 27 64
rect:74 187 481 177 63
rect:376 248 39 126 48
Chichi1999_08.jpg 0x0
rect:89 14 721 363 10
Chichi1999_09.jpg 0x0
rect:306 132 35 65 40
rect:165 132 141 70 41
rect:188 71 209 183 48
rect:191 101 42 97 40
Chichi1999_10.jpg 0x0
rect:122 18 481 452 10
Chichi1999_11.jpg 0x0
rect:174 149 113 123 65
rect:2 156 155 450 10
Chichi1999_12.jpg 0x0
rect:10 32 325 787 66
Chichi1999_13.jpg 0x0
rect:34 34 563 334 10
Chichi1999_14.jpg 0x0
rect:266 244 19 55 67
rect:102 334 65 61 67
rect:139 221 38 74 67
rect:351 331 23 29 39
rect:174 200 86 57 67
rect:228 309 27 55 67
rect:362 591 44 48 67
rect:168 582 25 54 67
rect:290 306 27 41 39
rect:54 417 56 38 67
rect:205 538 20 36 39
rect:123 420 31 36 67
rect:359 396 101 76 67
rect:164 204 48 45 67
rect:121 499 34 36 67
rect:245 512 31 46 39
rect:218 408 30 55 67
Chichi1999_15.jpg 0x0
rect:297 33 310 441 41
Chichi1999_16.jpg 0x0
rect:224 120 67 119 32
Chichi1999_17.jpg 0x0
rect:114 437 24 39 32
Chichi1999_18.jpg 0x0
rect:320 372 34 138 69
rect:328 213 31 102 70
rect:172 227 21 87 69
rect:218 264 161 318 68
rect:176 253 36 102 69
rect:207 209 40 115 69
Chichi1999_19.jpg 0x0
rect:163 22 210 337 2
rect:173 129 188 195 3
YogyakartaInd2006_03.jpg 0x0
rect:439 87 75 52 16
rect:237 299 42 27 16
rect:288 446 281 23 15
rect:397 83 94 45 15
rect:204 282 251 188 71
rect:256 172 55 32 15
rect:295 18 68 2 15
rect:203 194 16 7 16
Chichi1999_20.jpg 0x0
rect:180 204 143 342 42
rect:191 306 41 190 41
Chichi1999_21.jpg 0x0
rect:21 4 259 137 30
rect:208 322 86 124 6
rect:432 45 235 240 37
rect:177 331 132 199 37
rect:61 343 172 93 5
rect:373 8 122 143 57
rect:521 95 174 111 6
rect:209 116 280 365 72
Chichi1999_22.jpg 0x0
rect:198 210 334 105 10
rect:424 322 12 25 73
rect:199 308 12 28 73
rect:199 242 17 18 73
Chichi1999_23.jpg 0x0
rect:133 237 41 75 34
rect:145 380 51 86 73
rect:4 66 394 237 74
rect:351 349 55 104 73
rect:152 199 52 41 73
rect:147 220 21 23 34
rect:277 224 40 92 34
rect:274 127 54 71 73
rect:373 237 24 21 27
rect:284 149 35 27 26
Chichi1999_24.jpg 0x0
rect:244 244 36 71 46
rect:439 281 1 2 46
rect:168 189 103 81 75
rect:236 295 58 56 34
rect:3 366 313 259 74
Chichi1999_25.jpg 0x0
rect:112 212 217 320 73
rect:138 302 146 186 34
rect:150 406 55 88 26
Chichi1999_26.jpg 0x0
rect:207 17 60 37 73
rect:228 223 40 88 73
rect:275 202 95 392 76
rect:116 703 155 190 73
rect:184 599 60 75 26
rect:169 548 128 126 27
Chichi1999_27.jpg 0x0
rect:147 207 94 322 32
Chichi1999_28.jpg 0x0
rect:319 132 188 262 75
rect:158 108 127 259 5
rect:24 86 340 170 6
rect:236 330 250 99 77
Chichi1999_29.jpg 0x0
rect:254 220 114 156 40
rect:189 251 237 384 48
rect:234 310 89 145 52
Chichi1999_30.jpg 0x0
rect:23 288 75 189 73
rect:171 231 207 53 78
rect:183 117 347 262 40
rect:180 102 151 74 52
Chichi1999_31.jpg 0x0
rect:187 96 105 348 79
rect:482 88 56 150 48
Chichi1999_32.jpg 0x0
rect:139 48 45 188 81
rect:591 177 67 147 39
rect:167 8 100 496 80
rect:125 260 44 186 81
Chichi1999_33.jpg 0x0
rect:127 185 44 127 49
rect:155 103 93 211 32
rect:380 139 45 114 49
rect:52 53 144 578 33
rect:230 97 132 208 56
rect:277 101 84 217 32
Chichi1999_34.jpg 0x0
rect:157 114 321 257 10
Duzce1999_01.jpg 0x0
rect:154 43 105 303 39
rect:117 119 86 116 41
Duzce1999_02.jpg 0x0
rect:76 69 126 502 41
Duzce1999_03.jpg 0x0
rect:118 72 114 239 42
rect:0 149 103 300 31
rect:224 111 127 315 31
Gediz1970_01.jpg 0x0
rect:177 277 84 230 69
rect:135 140 317 653 68
rect:197 543 72 256 69
Guatemala1976_01.jpg 0x0
rect:56 138 51 43 41
rect:34 120 107 121 48
rect:632 203 69 57 41
rect:21 155 417 194 82
rect:60 233 45 42 52
rect:374 181 167 108 48
Guatemala1976_02.jpg 0x0
rect:300 59 110 106 40
rect:204 84 304 274 48
Guatemala1976_03.jpg 0x0
rect:22 113 503 365 75
Guatemala1976_04.jpg 0x0
rect:583 303 104 249 4
rect:581 189 167 317 4
rect:39 53 606 225 30
rect:170 26 372 56 30
Guatemala1976_05.jpg 0x0
rect:172 98 278 159 40
rect:181 194 376 171 41
rect:119 106 397 248 48
Guatemala1976_06.jpg 0x0
rect:125 113 248 513 39
Guatemala1976_07.jpg 0x0
rect:25 305 326 468 10
rect:25 247 77 51 6
rect:173 589 97 91 83
Guatemala1976_08.jpg 0x0
rect:117 31 528 322 48
rect:133 61 371 395 41
rect:364 78 202 378 40
Guatemala1976_09.jpg 0x0
rect:76 296 34 31 84
rect:92 297 34 26 85
rect:189 231 48 75 85
rect:369 265 84 29 85
rect:232 345 44 29 84
rect:483 300 60 51 85
rect:405 303 51 54 84
rect:645 236 54 87 84
Guatemala1976_10.jpg 0x0
rect:262 98 180 161 87
rect:278 171 221 249 86
rect:274 364 44 122 87
Guatemala1976_11.jpg 0x0
rect:148 293 133 284 34
GujaratIndia2001_01.jpg 0x0
rect:23 444 226 128 4
rect:52 470 62 37 2
rect:189 547 256 96 2
rect:343 438 50 56 11
Haiti2010_01.jpg 0x0
rect:211 175 197 439 41
rect:303 482 210 200 4
rect:669 332 95 86 4
rect:97 50 154 106 7
rect:297 285 32 175 40
Haiti2010_02.jpg 0x0
rect:51 121 513 209 88
rect:299 27 189 58 14
Haiti2010_03.jpg 0x0
rect:371 1 54 478 32
rect:287 428 258 162 32
rect:230 678 84 66 49
rect:266 757 314 282 89
Haiti2010_04.jpg 0x0
rect:2 159 360 208 6
rect:271 36 215 356 34
rect:119 413 389 405 41
Haiti2010_05.jpg 0x0
rect:265 313 31 113 40
rect:178 123 338 580 90
rect:301 276 34 127 40
rect:198 196 238 126 52
Haiti2010_06.jpg 0x0
rect:350 220 69 84 34
rect:513 164 164 506 33
rect:238 257 232 399 91
rect:618 163 577 527 91
rect:368 308 50 198 32
rect:564 156 56 41 6
rect:148 196 45 38 34
ImperialValley1979_01.jpg 0x0
rect:243 429 58 55 32
rect:9 227 142 90 32
rect:292 233 37 54 50
rect:14 254 61 65 49
rect:588 210 30 34 50
rect:534 340 32 33 32
rect:521 387 21 21 49
rect:596 419 21 22 49
rect:419 407 39 31 49
rect:596 394 44 43 32
rect:48 399 67 136 50
ImperialValley1979_02.jpg 0x0
rect:153 128 98 189 50
rect:218 219 236 57 92
rect:251 84 243 203 32
rect:292 167 116 51 49
rect:329 168 36 188 50
rect:287 132 70 193 50
ImperialValley1979_03.jpg 0x0
rect:113 257 267 101 32
rect:94 387 341 39 92
rect:389 380 48 200 50
rect:117 452 206 31 92
rect:120 324 102 190 50
rect:135 248 209 150 32
rect:194 298 74 180 50
Izmit1999_01.jpg 0x0
rect:325 85 39 149 27
rect:246 53 386 398 34
rect:487 341 70 60 26
rect:278 160 34 190 27
rect:214 212 42 116 27
Izmit1999_02.jpg 0x0
rect:20 92 892 314 10
Izmit1999_03.jpg 0x0
rect:154 265 427 28 92
rect:421 100 35 223 50
rect:223 99 45 221 50
rect:122 76 54 373 50
rect:186 32 406 384 93
rect:626 69 71 244 50
rect:195 44 189 317 32
rect:481 101 40 247 50
Izmit1999_04.jpg 0x0
rect:257 106 76 104 41
rect:117 689 250 147 88
rect:388 56 60 73 48
rect:308 348 20 59 40
rect:117 271 135 86 88
rect:64 451 48 60 34
rect:395 303 17 51 40
rect:46 576 57 128 41
rect:56 615 45 94 42
rect:408 376 92 80 41
Izmit1999_05.jpg 0x0
rect:67 26 484 316 10
Izmit1999_06.jpg 0x0
rect:202 227 62 217 50
rect:186 344 145 106 49
rect:80 216 76 159 50
rect:162 224 50 149 50
rect:300 255 64 194 50
rect:156 128 214 391 32
Izmit1999_07.jpg 0x0
rect:222 186 64 130 3
rect:323 194 40 103 3
rect:272 247 77 319 4
rect:22 101 328 423 2
rect:376 49 98 36 6
rect:249 146 53 85 3
rect:167 351 54 124 3
Izmit1999_08.jpg 0x0
rect:422 86 66 35 52
rect:180 255 268 124 88
rect:158 101 71 93 41
rect:502 6 105 62 45
rect:492 95 69 101 41
rect:134 456 95 79 45
rect:142 26 107 132 34
Izmit1999_09.jpg 0x0
rect:60 152 45 43 41
rect:425 300 63 57 41
rect:323 175 134 101 94
rect:389 180 127 97 41
rect:651 246 45 102 94
rect:289 212 32 43 41
Izmit1999_10.jpg 0x0
rect:217 524 128 35 78
rect:265 568 96 33 78
rect:105 271 320 62 78
rect:216 566 67 108 40
rect:120 276 65 238 40
rect:67 130 304 417 41
rect:350 112 166 122 40
rect:33 196 270 43 78
rect:236 200 55 177 40
rect:182 468 45 82 40
rect:79 128 59 240 40
Izmit1999_11.jpg 0x0
rect:263 231 79 233 40
rect:184 200 128 174 41
rect:177 410 61 126 40
rect:171 450 131 110 41
rect:176 281 64 171 40
Izmit1999_12.jpg 0x0
rect:566 122 34 117 41
rect:438 148 67 67 45
rect:352 339 91 157 41
rect:190 272 81 44 88
rect:39 192 54 111 94
rect:379 176 49 37 6
rect:436 167 43 51 41
rect:351 203 58 55 7
rect:247 344 103 112 94
rect:464 173 218 231 91
rect:1 283 32 28 41
rect:90 72 26 19 6
rect:17 64 59 28 6
rect:425 27 81 56 34
rect:281 267 66 96 52
rect:116 391 25 56 40
rect:280 241 58 104 42
rect:45 267 53 65 52
Izmit1999_13.jpg 0x0
rect:311 116 81 100 41
rect:181 185 32 101 41
rect:114 334 68 60 52
rect:88 106 51 42 6
rect:156 196 31 100 41
rect:185 164 124 123 94
rect:406 127 97 312 41
rect:310 72 192 437 48
rect:5 80 96 190 42
Izmit1999_14.jpg 0x0
rect:41 154 93 76 34
rect:336 252 54 51 34
rect:529 96 82 76 34
rect:337 32 63 70 95
rect:465 332 101 42 34
rect:234 305 57 31 34
rect:486 6 163 95 35
rect:282 189 120 82 35
rect:255 290 25 19 34
Izmit1999_15.jpg 0x0
rect:132 141 193 315 42
Izmit1999_16.jpg 0x0
rect:126 68 286 202 39
rect:229 88 33 135 40
rect:84 66 292 452 33
rect:113 103 242 149 41
Izmit1999_17.jpg 0x0
rect:76 112 202 320 41
Izmit1999_18.jpg 0x0
rect:171 181 164 117 41
rect:234 190 159 355 39
Izmit1999_19.jpg 0x0
rect:313 196 23 121 50
rect:276 104 321 308 32
rect:431 140 29 92 50
rect:225 96 289 433 96
Kobe1995_01.jpg 0x0
rect:23 164 582 107 63
Kobe1995_02.jpg 0x0
rect:2 48 415 527 68
Kobe1995_03.jpg 0x0
rect:45 73 395 814 10
Kobe1995_04.jpg 0x0
rect:250 269 45 56 41
Kobe1995_05.jpg 0x0
rect:71 602 420 131 78
rect:167 126 204 425 52
rect:371 141 167 510 40
rect:5 203 97 538 40
rect:30 195 322 103 78
Kobe1995_06.jpg 0x0
rect:230 378 383 248 42
rect:67 167 447 479 41
Kobe1995_07.jpg 0x0
rect:31 388 37 34 39
rect:187 424 42 28 39
rect:426 360 34 39 39
rect:412 98 33 28 39
rect:147 183 36 59 39
rect:136 233 34 37 39
rect:203 231 45 37 39
rect:281 354 30 36 39
rect:470 228 35 46 39
rect:418 384 39 42 39
rect:158 446 22 49 39
rect:184 114 40 34 39
rect:322 223 37 47 39
rect:449 348 28 54 39
rect:104 221 32 45 39
rect:219 79 33 42 39
rect:492 549 36 39 39
rect:397 418 28 24 39
rect:237 308 30 56 39
rect:221 390 33 34 39
rect:152 231 36 45 39
rect:165 407 30 45 39
rect:61 299 42 42 39
rect:218 403 25 28 39
rect:441 180 53 51 39
rect:380 117 41 40 39
Kobe1995_08.jpg 0x0
rect:312 57 585 188 97
Kobe1995_09.jpg 0x0
rect:112 433 86 56 88
rect:100 614 85 74 88
rect:242 562 189 99 97
rect:107 575 98 85 88
SanSalvador_1986_01.jpg 0x0
rect:82 3 80 235 68
rect:266 121 108 174 41
SanSalvador_1986_02.jpg 0x0
rect:189 308 35 37 41
rect:372 161 12 33 41
rect:471 147 36 32 41
rect:153 348 32 48 41
rect:389 131 38 35 42
rect:377 246 42 38 41
rect:412 345 45 62 41
rect:412 237 24 50 41
rect:158 232 23 38 41
SikkimIndia2001_01.jpg 0x0
rect:243 142 144 150 34
SikkimIndia2001_02.jpg 0x0
rect:376 77 120 44 16
rect:396 213 83 52 16
rect:9 202 75 45 54
rect:125 78 221 375 33
rect:12 6 306 84 16
rect:500 121 100 176 33
rect:-18 2 438 105 33
rect:483 204 128 14 16
SikkimIndia2001_03.jpg 0x0
rect:256 254 94 158 70
rect:147 11 191 505 98
rect:198 83 58 186 69
SikkimIndia2001_04.jpg 0x0
rect:3 39 355 188 99
rect:304 180 81 112 34
rect:290 207 294 104 99
SumatraInd2009_01.jpg 0x0
rect:323 24 46 255 81
SumatraInd2009_02.jpg 0x0
rect:255 67 154 166 41
WhittierNarrows1987_01.jpg 0x0
rect:18 29 923 427 10
WhittierNarrows1987_02.jpg 0x0
rect:202 245 120 214 41
WhittierNarrows1987_03.jpg 0x0
rect:194 133 196 310 32
WhittierNarrows1987_04.jpg 0x0
rect:156 72 119 266 41
rect:236 14 278 190 100
rect:254 8 262 85 6
YogyakartaInd2006_01.jpg 0x0
rect:267 35 288 217 32
rect:121 -23 344 392 29
rect:321 144 342 98 49
YogyakartaInd2006_02.jpg 0x0
rect:265 59 102 307 98
rect:427 82 43 164 69
rect:398 113 70 241 70
