Anchorage1964_01.jpg 0x0
rect:120 7 244 201 1
rect:87 438 306 157 1
Anchorage1964_02.jpg 0x0
rect:131 244 19 27 6
rect:224 218 21 55 3
rect:499 205 85 72 4
rect:349 265 32 57 3
rect:647 288 16 40 3
rect:38 22 128 48 5
rect:100 30 74 15 6
rect:248 334 17 70 3
rect:613 226 11 66 3
rect:190 129 59 66 7
rect:419 245 32 44 3
rect:131 288 431 120 2
rect:322 32 271 101 4
rect:514 49 135 146 8
rect:319 272 28 50 3
rect:222 76 91 59 4
rect:545 299 26 68 3
rect:162 202 68 15 6
rect:38 265 147 42 5
Anchorage1964_03.jpg 0x0
rect:2 219 290 90 9
rect:0 199 472 65 10
rect:199 117 282 140 9
Anchorage1964_04.jpg 0x0
rect:152 181 23 14 5
rect:288 278 18 23 1
rect:224 232 18 35 1
rect:285 31 33 22 5
rect:198 439 43 12 2
rect:160 183 33 16 5
rect:372 54 28 19 5
rect:193 25 35 21 5
rect:189 68 29 16 5
rect:306 153 19 20 1
rect:251 175 29 26 8
rect:218 399 17 25 1
rect:144 96 32 19 5
rect:301 311 26 25 1
rect:321 174 32 20 5
rect:322 206 39 18 5
rect:246 249 37 21 5
rect:207 158 31 15 5
rect:325 284 9 22 1
rect:288 121 24 16 5
rect:215 316 39 11 5
rect:225 249 27 30 1
rect:234 168 17 18 1
rect:293 197 19 29 1
rect:146 271 45 14 5
rect:234 402 22 30 1
rect:242 362 6 1 1
rect:335 114 36 17 5
rect:253 440 36 17 5
rect:218 284 25 19 5
rect:331 144 17 27 1
rect:265 359 31 18 5
rect:171 486 40 24 5
rect:164 129 35 27 5
rect:177 192 35 23 5
rect:273 381 21 13 5
rect:359 238 26 13 5
rect:398 279 31 26 5
rect:309 506 25 18 5
Anchorage1964_05.jpg 0x0
rect:800 200 59 19 6
rect:41 477 20 45 1
rect:135 109 97 50 6
rect:304 105 52 43 1
rect:658 168 41 52 1
rect:79 29 20 31 1
rect:632 283 51 52 1
rect:248 142 111 98 2
rect:216 136 150 20 5
rect:353 242 48 59 8
rect:587 271 48 15 6
rect:536 1 47 39 1
rect:406 458 34 87 8
rect:364 215 58 20 11
rect:230 36 109 36 5
rect:524 346 46 36 5
rect:341 124 43 62 1
rect:116 200 29 59 1
rect:70 274 28 30 1
rect:94 83 22 68 1
rect:73 373 20 66 1
rect:295 139 24 24 11
rect:591 18 31 49 1
rect:43 239 17 62 1
rect:613 249 69 41 5
rect:51 151 13 33 1
rect:45 75 25 34 1
rect:498 154 31 63 1
rect:211 30 131 47 6
Anchorage1964_06.jpg 0x0
rect:84 75 286 402 12
rect:123 173 78 75 11
rect:213 108 92 360 3
Anchorage1964_07.jpg 0x0
rect:8 69 891 471 2
rect:276 2 116 84 2
rect:268 99 56 121 3
rect:294 232 447 152 2
rect:320 183 61 127 13
rect:7 437 433 26 14
rect:296 118 202 132 11
rect:305 258 73 81 11
rect:15 222 285 38 11
Anchorage1964_08.jpg 0x0
rect:302 32 131 107 1
rect:285 374 129 131 1
rect:44 89 162 95 1
rect:53 244 111 84 1
rect:330 193 95 86 1
rect:50 393 119 151 1
Anchorage1964_09.jpg 0x0
rect:739 148 149 19 15
rect:431 200 95 57 1
rect:70 169 70 67 1
rect:103 142 203 9 15
rect:18 148 25 11 16
rect:67 35 88 67 8
rect:18 17 66 16 16
rect:336 9 319 10 15
rect:624 210 1 1 16
rect:244 143 75 75 1
rect:437 107 65 84 1
rect:13 12 534 14 15
rect:586 10 135 11 16
rect:464 94 74 29 15
rect:692 36 105 64 8
rect:571 362 52 64 8
rect:105 260 56 73 8
rect:14 112 127 26 15
rect:45 194 67 10 16
Anchorage1964_10.jpg 0x0
rect:159 150 147 87 18
rect:73 356 226 95 18
rect:157 340 122 139 17
rect:50 197 429 339 1
Anchorage1964_11.jpg 0x0
rect:66 455 624 19 14
rect:377 201 263 34 11
rect:508 6 80 46 1
rect:102 65 200 77 4
rect:208 177 313 26 15
rect:90 542 507 13 14
rect:75 204 431 59 2
rect:399 135 120 123 1
Anchorage1964_12.jpg 0x0
rect:355 81 55 213 3
rect:277 93 165 177 11
rect:9 86 684 247 2
rect:413 105 46 216 3
rect:138 242 20 97 3
Anchorage1964_13.jpg 0x0
rect:587 424 29 197 20
rect:324 399 132 14 19
rect:368 582 189 18 2
Anchorage1964_14.jpg 0x0
rect:186 13 111 595 20
rect:483 5 109 106 11
rect:44 693 34 88 22
rect:223 362 89 71 21
rect:58 250 169 39 15
rect:9 611 262 84 11
rect:160 472 48 69 22
rect:408 202 126 64 15
rect:27 596 31 43 22
rect:141 418 40 79 22
rect:338 755 145 105 23
rect:192 15 46 159 11
Anchorage1964_15.jpg 0x0
rect:241 65 81 592 20
rect:178 119 44 55 11
rect:245 505 168 79 2
rect:306 298 140 37 11
rect:349 150 40 76 25
rect:189 307 199 42 15
rect:447 308 92 40 24
rect:184 10 82 70 4
rect:413 8 89 73 4
Anchorage1964_16.jpg 0x0
rect:210 69 279 97 2
rect:108 363 98 136 11
rect:528 265 186 247 2
rect:16 136 201 209 2
rect:251 172 279 145 11
rect:11 276 89 93 2
Anchorage1964_17.jpg 0x0
rect:217 66 203 214 9
rect:11 113 348 120 9
rect:11 138 552 156 10
Anchorage1964_18.jpg 0x0
rect:527 158 134 100 4
rect:111 336 80 50 11
rect:110 179 16 33 11
rect:576 290 39 24 2
rect:725 239 66 17 2
rect:478 345 341 30 15
rect:326 130 79 63 4
rect:318 227 27 66 11
rect:460 219 76 23 2
rect:191 154 70 113 4
Anchorage1964_19.jpg 0x0
rect:29 360 39 127 27
rect:314 372 46 78 26
rect:634 229 29 44 28
rect:327 235 8 20 26
rect:534 104 22 58 29
rect:861 125 10 9 26
rect:393 109 17 48 26
rect:381 156 40 35 26
rect:329 126 63 62 26
rect:6 270 98 132 26
rect:319 109 7 16 26
rect:776 170 9 10 26
rect:541 196 19 34 26
rect:414 88 37 32 27
rect:485 119 57 34 28
rect:431 324 16 45 26
rect:281 92 89 99 29
rect:448 103 51 71 29
Anchorage1964_20.jpg 0x0
rect:127 78 126 146 29
rect:242 123 91 76 26
rect:604 557 42 98 26
rect:230 495 81 149 26
rect:204 100 76 60 27
Anchorage1964_21.jpg 0x0
rect:38 358 31 32 26
rect:192 235 677 138 30
rect:-5 63 63 204 29
rect:2 90 56 39 26
Bingol2003_01.jpg 0x0
rect:590 211 57 82 34
rect:542 277 183 199 31
rect:325 455 105 75 6
rect:680 262 91 56 6
rect:415 414 182 62 6
rect:614 295 40 53 6
rect:1024 229 119 53 33
rect:637 255 65 249 32
rect:959 432 78 36 33
rect:660 247 111 59 33
rect:32 228 65 64 33
rect:132 176 67 74 33
rect:379 194 80 57 33
rect:637 92 151 151 31
rect:404 67 55 73 6
rect:723 155 107 95 6
rect:2 277 920 263 10
rect:622 314 49 72 34
rect:231 102 93 31 6
Bingol2003_02.jpg 0x0
rect:152 324 97 436 32
rect:198 189 795 373 31
rect:108 81 382 121 34
rect:608 245 522 141 35
rect:136 406 191 286 32
rect:493 315 99 82 26
rect:242 452 87 79 6
rect:591 65 136 96 36
Bingol2003_03.jpg 0x0
rect:510 -6 380 192 4
rect:407 172 320 119 2
rect:109 23 201 35 2
rect:87 50 96 151 33
rect:477 257 240 89 11
rect:670 199 282 422 4
rect:678 617 276 368 2
Bingol2003_04.jpg 0x0
rect:386 605 102 104 2
rect:54 526 88 94 2
rect:230 298 206 135 4
rect:244 419 24 82 3
rect:95 542 23 84 3
rect:91 641 31 65 3
rect:156 490 200 169 2
rect:210 359 40 114 3
CanterburyNZSeries2010_01.jpg 0x0
rect:94 147 110 201 12
CanterburyNZSeries2010_02.jpg 0x0
rect:32 9 226 300 37
rect:64 36 198 256 6
CanterburyNZSeries2010_03.jpg 0x0
rect:45 64 244 125 38
CanterburyNZSeries2010_04.jpg 0x0
rect:293 459 13 74 40
rect:288 376 34 127 40
rect:271 359 191 261 39
rect:301 464 27 92 40
rect:242 591 92 207 41
rect:434 377 57 134 40
rect:171 9 87 119 42
rect:226 329 26 62 40
CanterburyNZSeries2010_05.jpg 0x0
rect:207 440 248 453 4
rect:388 201 121 91 15
CanterburyNZSeries2010_06.jpg 0x0
rect:174 250 185 118 2
rect:88 99 717 702 4
CanterburyNZSeries2010_08.jpg 0x0
rect:1133 576 44 147 44
rect:525 168 169 186 43
rect:828 549 35 206 32
rect:816 343 84 144 44
CanterburyNZSeries2010_09.jpg 0x0
rect:164 168 210 268 45
rect:358 272 203 297 39
CanterburyNZSeries2010_10.jpg 0x0
rect:252 292 144 86 46
rect:452 162 230 119 7
rect:213 220 295 189 6
rect:249 408 269 133 6
CanterburyNZSeries2010_11.jpg 0x0
rect:337 352 297 180 5
rect:361 251 253 91 7
CanterburyNZSeries2010_12.jpg 0x0
rect:158 627 185 34 11
rect:5 354 1028 497 47
rect:41 245 905 310 2
rect:638 345 152 55 11
CanterburyNZSeries2010_13.jpg 0x0
rect:129 15 431 613 12
rect:535 203 125 559 11
Caracas1967_01.jpg 0x0
rect:360 86 139 186 48
rect:234 179 10 53 48
rect:413 131 30 96 48
rect:448 188 74 100 48
Caracas1967_02.jpg 0x0
rect:132 337 54 60 49
rect:131 351 38 29 50
rect:128 253 207 218 51
rect:287 1 94 164 15
Caracas1967_03.jpg 0x0
rect:289 441 34 71 27
rect:19 289 272 97 6
rect:325 245 142 189 34
rect:375 479 65 95 26
rect:365 271 35 85 27
rect:327 83 86 121 14
Caracas1967_04.jpg 0x0
rect:165 258 15 75 27
rect:185 324 42 131 26
rect:94 233 155 136 34
Caracas1967_05.jpg 0x0
rect:45 103 434 407 41
rect:26 114 394 503 48
rect:55 348 80 199 40
rect:275 279 51 157 40
rect:454 215 52 227 40
rect:171 451 42 232 40
rect:245 231 51 203 40
rect:50 280 224 172 52
rect:296 177 59 129 40
rect:288 283 162 139 52
Caracas1967_06.jpg 0x0
rect:412 101 306 283 7
rect:324 297 77 53 6
Caracas1967_07.jpg 0x0
rect:525 36 31 248 27
rect:408 301 109 72 53
rect:196 111 60 156 27
rect:389 268 72 122 53
rect:184 159 212 241 34
rect:374 8 79 260 34
rect:437 263 176 197 34
Caracas1967_08.jpg 0x0
rect:203 372 50 118 55
rect:509 142 79 163 54
rect:292 271 45 122 54
Caracas1967_09.jpg 0x0
rect:210 115 79 87 48
rect:383 14 292 165 48
rect:96 194 61 56 48
rect:30 204 42 44 48
Caracas1967_10.jpg 0x0
rect:20 125 408 415 48
rect:539 404 71 233 40
rect:48 187 191 238 41
rect:299 198 100 126 40
Caracas1967_11.jpg 0x0
rect:46 14 379 818 48
rect:381 16 150 280 41
rect:51 316 210 371 41
Caracas1967_12.jpg 0x0
rect:818 392 25 64 32
rect:673 216 19 61 32
rect:247 309 34 56 56
rect:567 310 35 44 34
Caracas1967_13.jpg 0x0
rect:113 262 128 291 55
Caracas1967_14.jpg 0x0
rect:95 319 334 51 6
rect:143 152 571 260 57
Chichi1999_01.jpg 0x0
rect:471 98 63 205 42
rect:4 8 745 216 58
Chichi1999_02.jpg 0x0
rect:7 82 285 144 58
rect:278 82 177 372 59
Chichi1999_03.jpg 0x0
rect:82 149 81 84 60
rect:0 123 638 166 58
Chichi1999_04.jpg 0x0
rect:263 -11 54 164 48
rect:258 190 26 78 52
rect:247 184 78 317 48
Chichi1999_05.jpg 0x0
rect:479 165 32 66 52
rect:504 100 39 54 41
rect:340 301 38 34 41
rect:433 157 101 275 48
Chichi1999_06.jpg 0x0
rect:695 239 34 56 41
rect:285 234 21 23 52
rect:455 205 45 95 48
rect:549 -14 86 69 61
rect:354 165 64 80 62
rect:167 13 643 225 10
Chichi1999_07.jpg 0x0
rect:483 257 22 32 64
rect:50 267 692 168 63
rect:680 329 15 20 64
rect:408 149 41 157 48
rect:151 180 53 165 48
rect:712 216 58 100 48
rect:151 193 30 56 64
Chichi1999_08.jpg 0x0
rect:109 14 445 334 10
Chichi1999_09.jpg 0x0
rect:226 78 39 64 40
rect:329 123 63 62 40
rect:157 69 242 122 48
rect:251 118 138 101 41
Chichi1999_10.jpg 0x0
rect:197 17 634 360 10
Chichi1999_11.jpg 0x0
rect:2 137 242 566 10
rect:187 153 97 81 65
Chichi1999_12.jpg 0x0
rect:10 26 562 652 66
Chichi1999_13.jpg 0x0
rect:27 59 500 542 10
Chichi1999_14.jpg 0x0
rect:156 315 37 59 67
rect:111 149 114 49 67
rect:276 466 22 35 39
rect:224 533 26 40 39
rect:280 401 68 79 67
rect:70 547 53 43 67
rect:369 300 30 46 39
rect:84 365 68 64 67
rect:114 520 38 41 67
rect:106 611 32 36 67
rect:101 393 45 52 67
rect:332 315 41 61 67
rect:150 289 54 67 67
rect:136 222 27 65 67
rect:352 302 29 19 39
rect:243 260 25 35 67
rect:130 435 34 52 67
Chichi1999_15.jpg 0x0
rect:180 21 289 495 41
Chichi1999_16.jpg 0x0
rect:190 101 62 164 32
Chichi1999_17.jpg 0x0
rect:181 418 25 41 32
Chichi1999_18.jpg 0x0
rect:319 242 29 122 69
rect:272 387 47 141 70
rect:175 243 51 99 69
rect:296 295 29 180 69
rect:206 178 26 163 69
rect:179 146 117 335 68
Chichi1999_19.jpg 0x0
rect:274 124 145 273 3
rect:203 15 346 315 2
YogyakartaInd2006_03.jpg 0x0
rect:168 144 21 6 16
rect:276 279 273 110 71
rect:235 409 227 34 15
rect:243 23 128 2 15
rect:305 313 56 25 16
rect:440 82 107 66 15
rect:419 76 60 40 16
rect:168 182 75 37 15
Chichi1999_20.jpg 0x0
rect:220 277 42 133 41
rect:173 186 131 362 42
Chichi1999_21.jpg 0x0
rect:17 4 219 156 30
rect:305 122 192 111 6
rect:486 43 174 149 37
rect:249 91 204 366 72
rect:448 7 134 140 57
rect:60 366 189 107 5
rect:253 325 187 180 37
rect:208 233 99 115 6
Chichi1999_22.jpg 0x0
rect:223 231 21 20 73
rect:483 287 16 16 73
rect:263 162 240 152 10
rect:214 240 14 22 73
Chichi1999_23.jpg 0x0
rect:105 154 67 37 73
rect:252 131 26 21 27
rect:118 452 52 68 34
rect:252 155 27 28 26
rect:5 52 457 148 74
rect:389 286 50 91 34
rect:207 336 83 126 73
rect:124 183 31 24 34
rect:302 174 51 77 73
rect:120 357 63 113 73
Chichi1999_24.jpg 0x0
rect:292 229 50 61 46
rect:235 118 97 123 75
rect:160 239 62 45 34
rect:355 392 1 2 46
rect:3 422 379 258 74
Chichi1999_25.jpg 0x0
rect:206 208 95 186 34
rect:164 250 188 400 73
rect:236 369 44 95 26
Chichi1999_26.jpg 0x0
rect:108 686 96 121 27
rect:105 688 62 88 26
rect:242 12 48 29 73
rect:178 159 47 82 73
rect:138 717 133 170 73
rect:298 208 133 413 76
Chichi1999_27.jpg 0x0
rect:145 261 95 375 32
Chichi1999_28.jpg 0x0
rect:22 48 310 156 6
rect:267 317 172 142 77
rect:104 115 181 295 5
rect:405 134 219 200 75
Chichi1999_29.jpg 0x0
rect:140 331 70 223 52
rect:166 215 84 210 40
rect:96 173 226 223 48
Chichi1999_30.jpg 0x0
rect:193 79 319 369 40
rect:27 273 74 162 73
rect:169 168 230 58 78
rect:253 146 223 92 52
Chichi1999_31.jpg 0x0
rect:113 114 143 355 79
rect:429 100 62 220 48
Chichi1999_32.jpg 0x0
rect:124 233 34 163 81
rect:167 68 59 203 81
rect:171 10 77 438 80
rect:680 177 44 181 39
Chichi1999_33.jpg 0x0
rect:259 75 75 245 56
rect:116 137 58 136 49
rect:179 114 119 306 32
rect:92 62 127 335 33
rect:368 109 28 81 49
rect:168 152 95 274 32
Chichi1999_34.jpg 0x0
rect:163 97 551 398 10
Duzce1999_01.jpg 0x0
rect:127 188 90 149 41
rect:115 71 83 329 39
Duzce1999_02.jpg 0x0
rect:64 54 104 432 41
Duzce1999_03.jpg 0x0
rect:179 122 97 243 31
rect:98 124 124 194 42
rect:0 138 138 264 31
Gediz1970_01.jpg 0x0
rect:260 505 63 264 69
rect:130 266 124 227 69
rect:97 108 298 442 68
Guatemala1976_01.jpg 0x0
rect:28 164 535 149 82
rect:41 146 56 53 52
rect:442 186 72 60 41
rect:62 179 33 34 41
rect:56 123 89 127 48
rect:567 176 178 105 48
Guatemala1976_02.jpg 0x0
rect:168 72 212 210 48
rect:182 62 113 102 40
Guatemala1976_03.jpg 0x0
rect:12 75 612 228 75
Guatemala1976_04.jpg 0x0
rect:677 188 102 386 4
rect:589 307 100 325 4
rect:119 24 365 91 30
rect:42 67 329 177 30
Guatemala1976_05.jpg 0x0
rect:159 91 298 420 48
rect:171 126 307 148 40
rect:193 147 318 167 41
Guatemala1976_06.jpg 0x0
rect:116 74 282 350 39
Guatemala1976_07.jpg 0x0
rect:30 230 45 70 6
rect:196 526 119 81 83
rect:17 259 481 471 10
Guatemala1976_08.jpg 0x0
rect:151 41 499 410 48
rect:321 54 179 217 40
rect:156 74 251 482 41
Guatemala1976_09.jpg 0x0
rect:109 379 40 33 84
rect:250 338 43 28 84
rect:85 186 39 32 85
rect:872 284 76 38 85
rect:461 221 56 66 84
rect:414 274 92 36 85
rect:561 244 46 55 84
rect:172 327 51 75 85
Guatemala1976_10.jpg 0x0
rect:172 153 238 221 86
rect:149 104 239 126 87
rect:383 327 31 125 87
Guatemala1976_11.jpg 0x0
rect:187 279 90 195 34
GujaratIndia2001_01.jpg 0x0
rect:89 363 65 28 2
rect:219 340 276 76 2
rect:30 465 155 120 4
rect:408 486 73 53 11
Haiti2010_01.jpg 0x0
rect:562 374 247 175 4
rect:280 361 21 173 40
rect:323 137 181 345 41
rect:468 342 108 134 4
rect:105 43 149 146 7
Haiti2010_02.jpg 0x0
rect:63 112 373 209 88
rect:307 38 160 36 14
Haiti2010_03.jpg 0x0
rect:263 556 202 152 89
rect:301 546 76 47 49
rect:151 385 263 219 32
rect:408 1 79 754 32
Haiti2010_04.jpg 0x0
rect:234 56 286 201 34
rect:2 156 301 201 6
rect:182 218 291 433 41
Haiti2010_05.jpg 0x0
rect:330 263 27 71 40
rect:285 188 209 394 90
rect:354 295 26 86 40
rect:327 272 134 90 52
Haiti2010_06.jpg 0x0
rect:580 218 63 153 32
rect:563 164 51 70 34
rect:336 213 80 34 6
rect:173 368 32 45 34
rect:368 118 734 670 91
rect:167 312 247 443 91
rect:509 120 172 425 33
ImperialValley1979_01.jpg 0x0
rect:15 227 120 132 32
rect:43 307 116 139 50
rect:390 359 54 44 32
rect:14 372 93 76 49
rect:651 332 37 33 32
rect:280 225 35 84 50
rect:630 367 20 19 49
rect:467 426 32 22 49
rect:430 312 21 14 49
rect:553 398 57 44 32
rect:350 249 39 36 50
ImperialValley1979_02.jpg 0x0
rect:221 148 102 233 50
rect:361 93 109 145 50
rect:296 122 45 159 50
rect:288 224 116 56 49
rect:175 93 158 305 32
rect:196 236 359 45 92
ImperialValley1979_03.jpg 0x0
rect:110 199 98 177 50
rect:139 162 211 154 32
rect:215 365 102 167 50
rect:143 419 215 34 92
rect:363 320 84 233 50
rect:92 541 302 53 92
rect:168 340 232 192 32
Izmit1999_01.jpg 0x0
rect:333 239 71 54 26
rect:245 94 46 236 27
rect:193 78 355 319 34
rect:281 301 28 99 27
rect:188 93 53 122 27
Izmit1999_02.jpg 0x0
rect:30 127 899 239 10
Izmit1999_03.jpg 0x0
rect:316 144 32 202 50
rect:369 109 45 288 50
rect:326 89 32 166 50
rect:223 70 339 246 32
rect:132 264 467 34 92
rect:191 95 69 199 50
rect:172 47 525 410 93
rect:507 110 71 259 50
Izmit1999_04.jpg 0x0
rect:350 82 84 128 48
rect:146 353 149 64 88
rect:63 326 59 58 34
rect:106 369 200 91 88
rect:76 436 25 73 42
rect:335 428 65 66 41
rect:53 502 59 107 41
rect:258 272 20 60 40
rect:292 459 23 59 40
rect:396 105 64 59 41
Izmit1999_05.jpg 0x0
rect:90 30 808 506 10
Izmit1999_06.jpg 0x0
rect:355 170 36 154 50
rect:212 256 40 172 50
rect:73 198 55 215 50
rect:110 279 66 185 50
rect:101 204 263 551 32
rect:154 319 150 89 49
Izmit1999_07.jpg 0x0
rect:273 276 62 125 3
rect:178 287 35 124 3
rect:27 112 308 540 2
rect:438 213 108 247 4
rect:445 149 98 61 3
rect:291 69 176 50 6
rect:216 185 38 94 3
Izmit1999_08.jpg 0x0
rect:437 64 83 96 41
rect:124 23 113 111 34
rect:154 487 79 110 45
rect:636 7 117 68 45
rect:611 107 43 21 52
rect:218 262 227 79 88
rect:129 142 80 84 41
Izmit1999_09.jpg 0x0
rect:43 258 41 63 41
rect:242 333 99 104 41
rect:359 214 46 25 41
rect:553 165 52 82 94
rect:418 192 61 47 41
rect:413 263 124 115 94
Izmit1999_10.jpg 0x0
rect:60 287 268 50 78
rect:292 156 113 136 40
rect:144 240 196 83 78
rect:115 217 72 296 40
rect:381 412 81 35 78
rect:225 354 182 37 78
rect:279 123 46 130 40
rect:86 186 289 344 41
rect:72 140 78 140 40
rect:227 364 37 71 40
rect:288 507 114 94 40
Izmit1999_11.jpg 0x0
rect:235 178 114 220 41
rect:126 215 83 201 40
rect:247 199 90 135 40
rect:232 203 88 223 40
rect:200 538 82 106 41
Izmit1999_12.jpg 0x0
rect:539 201 86 60 7
rect:422 150 67 79 41
rect:77 326 32 61 40
rect:374 31 105 50 34
rect:302 255 52 95 52
rect:235 93 39 57 45
rect:303 259 80 129 41
rect:178 211 65 79 88
rect:12 89 46 24 6
rect:586 93 39 66 41
rect:35 297 57 124 94
rect:303 279 90 155 94
rect:57 251 60 75 52
rect:102 72 28 30 6
rect:634 131 159 148 91
rect:315 170 38 109 42
rect:1 152 38 47 41
rect:385 186 38 39 6
Izmit1999_13.jpg 0x0
rect:116 194 74 71 52
rect:379 75 52 117 41
rect:97 231 112 107 94
rect:96 171 24 111 41
rect:231 265 42 97 41
rect:134 110 48 51 6
rect:343 188 100 291 41
rect:205 107 240 339 48
rect:5 97 98 194 42
Izmit1999_14.jpg 0x0
rect:416 493 42 20 34
rect:521 8 124 61 35
rect:493 83 111 89 34
rect:401 198 117 67 35
rect:377 47 74 57 95
rect:66 167 128 70 34
rect:557 230 84 39 34
rect:312 341 53 31 34
rect:383 253 60 40 34
Izmit1999_15.jpg 0x0
rect:184 242 177 425 42
Izmit1999_16.jpg 0x0
rect:116 46 390 585 33
rect:87 68 228 293 39
rect:184 135 144 168 41
rect:275 104 30 121 40
Izmit1999_17.jpg 0x0
rect:114 147 218 254 41
Izmit1999_18.jpg 0x0
rect:163 99 159 237 39
rect:205 153 142 107 41
Izmit1999_19.jpg 0x0
rect:286 87 285 226 96
rect:555 194 23 69 50
rect:576 104 30 104 50
rect:241 126 256 260 32
Kobe1995_01.jpg 0x0
rect:28 122 599 142 63
Kobe1995_02.jpg 0x0
rect:2 63 608 436 68
Kobe1995_03.jpg 0x0
rect:35 76 459 672 10
Kobe1995_04.jpg 0x0
rect:406 255 71 55 41
Kobe1995_05.jpg 0x0
rect:109 188 224 365 52
rect:42 254 349 70 78
rect:66 494 300 126 78
rect:4 202 144 511 40
rect:361 106 147 486 40
Kobe1995_06.jpg 0x0
rect:57 141 322 600 41
rect:126 475 282 366 42
Kobe1995_07.jpg 0x0
rect:298 197 41 33 39
rect:403 534 36 42 39
rect:306 98 24 33 39
rect:378 110 54 35 39
rect:188 389 25 34 39
rect:522 365 30 29 39
rect:191 159 31 43 39
rect:147 110 40 29 39
rect:39 291 39 41 39
rect:400 167 44 32 39
rect:191 278 32 42 39
rect:201 356 28 42 39
rect:407 341 30 25 39
rect:231 375 35 35 39
rect:139 415 27 30 39
rect:32 294 54 33 39
rect:418 214 30 35 39
rect:263 244 39 54 39
rect:199 410 41 47 39
rect:76 189 26 49 39
rect:337 330 32 28 39
rect:257 587 41 48 39
rect:185 268 47 35 39
rect:464 312 40 38 39
rect:344 468 49 49 39
rect:269 257 35 53 39
Kobe1995_08.jpg 0x0
rect:243 54 564 200 97
Kobe1995_09.jpg 0x0
rect:114 687 91 82 88
rect:270 438 217 87 97
rect:81 568 92 46 88
rect:97 431 59 84 88
SanSalvador_1986_01.jpg 0x0
rect:269 108 133 204 41
rect:47 3 94 256 68
SanSalvador_1986_02.jpg 0x0
rect:340 183 13 27 41
rect:406 242 60 40 41
rect:217 269 22 36 41
rect:341 257 34 40 41
rect:140 167 29 22 41
rect:570 269 30 64 41
rect:189 267 38 40 41
rect:365 215 37 45 41
rect:390 167 52 35 42
SikkimIndia2001_01.jpg 0x0
rect:254 208 133 167 34
SikkimIndia2001_02.jpg 0x0
rect:223 223 93 46 16
rect:-14 2 302 69 33
rect:129 57 178 254 33
rect:9 6 376 101 16
rect:454 97 132 114 33
rect:504 122 102 31 16
rect:547 250 92 15 16
rect:9 175 44 40 54
SikkimIndia2001_03.jpg 0x0
rect:233 10 201 644 98
rect:256 93 60 257 69
rect:179 222 73 152 70
SikkimIndia2001_04.jpg 0x0
rect:3 25 311 266 99
rect:503 193 321 78 99
rect:329 198 151 163 34
SumatraInd2009_01.jpg 0x0
rect:251 17 46 316 81
SumatraInd2009_02.jpg 0x0
rect:158 102 171 139 41
WhittierNarrows1987_01.jpg 0x0
rect:17 33 625 445 10
WhittierNarrows1987_02.jpg 0x0
rect:136 269 102 190 41
WhittierNarrows1987_03.jpg 0x0
rect:249 130 205 211 32
WhittierNarrows1987_04.jpg 0x0
rect:271 17 236 131 100
rect:162 72 85 176 41
rect:221 6 364 52 6
YogyakartaInd2006_01.jpg 0x0
rect:143 -20 463 402 29
rect:361 103 329 79 49
rect:297 36 405 222 32
YogyakartaInd2006_02.jpg 0x0
rect:271 103 70 187 69
rect:410 91 69 236 70
rect:236 59 136 543 98
