Anchorage1964_01.jpg 0x0
rect:95 5 244 173 1
rect:83 267 226 231 1
Anchorage1964_02.jpg 0x0
rect:150 120 66 45 7
rect:192 57 85 73 4
rect:30 19 202 44 5
rect:179 244 461 98 2
rect:502 204 118 47 4
rect:56 27 79 18 6
rect:339 334 25 75 3
rect:28 236 183 52 5
rect:611 79 104 138 8
rect:294 252 28 48 3
rect:331 351 17 66 3
rect:235 42 227 97 4
rect:349 310 21 56 3
rect:414 202 19 62 3
rect:380 293 28 69 3
rect:367 268 32 43 3
rect:323 240 19 44 3
rect:148 159 59 12 6
rect:97 206 21 24 6
Anchorage1964_03.jpg 0x0
rect:224 108 279 161 9
rect:2 253 157 57 9
rect:0 268 526 60 10
Anchorage1964_04.jpg 0x0
rect:297 250 24 27 1
rect:174 465 26 16 5
rect:300 490 24 17 5
rect:144 113 34 19 5
rect:379 167 28 27 5
rect:257 361 20 20 1
rect:313 445 25 26 5
rect:117 70 42 13 5
rect:293 346 28 27 8
rect:373 74 32 19 5
rect:178 25 34 13 5
rect:168 245 28 23 5
rect:281 377 25 25 1
rect:313 118 24 29 1
rect:226 348 9 25 1
rect:299 363 23 29 1
rect:201 123 23 17 5
rect:348 231 16 19 1
rect:161 298 28 19 5
rect:190 174 20 38 1
rect:149 309 38 15 5
rect:293 111 38 18 5
rect:449 213 28 25 5
rect:247 371 23 31 1
rect:354 364 36 12 5
rect:191 318 32 17 5
rect:297 118 33 16 5
rect:400 221 22 17 5
rect:338 345 24 16 5
rect:145 607 48 20 2
rect:318 380 9 1 1
rect:112 202 20 25 5
rect:328 365 14 27 1
rect:303 23 32 15 5
rect:247 397 29 14 5
rect:179 198 34 15 5
rect:285 153 12 21 1
rect:163 65 35 21 5
rect:438 195 31 16 5
Anchorage1964_05.jpg 0x0
rect:94 247 27 62 1
rect:354 242 147 87 2
rect:526 496 44 89 8
rect:481 132 40 67 1
rect:92 75 20 58 1
rect:524 191 52 60 1
rect:546 327 50 21 6
rect:538 103 41 80 1
rect:48 264 18 52 1
rect:76 52 26 42 1
rect:388 19 26 52 1
rect:378 246 56 61 8
rect:188 43 103 32 5
rect:267 208 43 17 11
rect:298 151 28 23 11
rect:462 86 45 74 1
rect:50 104 18 34 1
rect:54 243 28 36 1
rect:826 314 47 27 5
rect:89 156 21 53 1
rect:660 336 61 81 1
rect:735 276 54 40 5
rect:134 205 145 23 5
rect:547 1 38 52 1
rect:159 181 95 43 6
rect:161 41 123 40 6
rect:103 25 20 34 1
rect:514 439 35 14 6
rect:25 515 26 54 1
Anchorage1964_06.jpg 0x0
rect:224 204 76 83 11
rect:141 146 85 312 3
rect:111 89 228 391 12
Anchorage1964_07.jpg 0x0
rect:419 209 244 175 2
rect:16 164 229 25 11
rect:240 96 38 145 3
rect:190 2 112 61 2
rect:322 192 49 82 13
rect:7 331 460 42 14
rect:9 61 832 402 2
rect:268 99 168 97 11
rect:294 169 106 104 11
Anchorage1964_08.jpg 0x0
rect:44 85 162 128 1
rect:68 343 73 87 1
rect:57 705 85 143 1
rect:402 29 138 115 1
rect:351 464 88 125 1
rect:441 194 161 120 1
Anchorage1964_09.jpg 0x0
rect:436 96 88 24 15
rect:412 295 83 58 8
rect:685 130 97 82 1
rect:450 29 85 65 8
rect:305 176 70 59 1
rect:470 152 171 23 15
rect:15 14 48 13 16
rect:13 13 358 13 15
rect:627 11 89 11 16
rect:95 185 84 94 1
rect:19 106 21 10 16
rect:67 170 55 10 16
rect:13 97 120 24 15
rect:936 225 1 1 16
rect:112 31 75 97 8
rect:252 175 70 67 1
rect:99 333 53 53 8
rect:180 168 386 12 15
rect:448 8 354 13 15
Anchorage1964_10.jpg 0x0
rect:250 289 118 160 17
rect:52 189 232 372 1
rect:60 547 259 98 18
rect:171 139 147 99 18
Anchorage1964_11.jpg 0x0
rect:115 158 627 83 2
rect:93 456 593 14 14
rect:168 56 175 113 4
rect:681 6 86 39 1
rect:58 293 573 25 14
rect:553 133 207 110 1
rect:151 196 328 25 15
rect:254 236 210 33 11
Anchorage1964_12.jpg 0x0
rect:331 92 51 161 3
rect:362 105 62 232 3
rect:438 69 171 141 11
rect:170 225 28 113 3
rect:10 91 564 332 2
Anchorage1964_13.jpg 0x0
rect:614 365 22 169 20
rect:400 655 130 16 19
rect:295 618 242 28 2
Anchorage1964_14.jpg 0x0
rect:63 229 137 34 15
rect:248 11 58 156 11
rect:203 263 66 60 21
rect:55 437 51 48 22
rect:389 248 112 69 15
rect:10 777 262 86 11
rect:21 560 36 41 22
rect:127 739 31 74 22
rect:167 15 83 727 20
rect:235 796 205 72 23
rect:361 6 75 182 11
rect:127 714 47 76 22
Anchorage1964_15.jpg 0x0
rect:205 93 35 123 25
rect:200 111 45 67 11
rect:425 172 95 46 11
rect:274 8 89 44 4
rect:523 206 106 42 24
rect:210 333 199 45 15
rect:428 7 119 66 4
rect:173 475 217 52 2
rect:158 56 90 521 20
Anchorage1964_16.jpg 0x0
rect:598 274 105 170 2
rect:272 116 239 163 2
rect:12 121 256 218 2
rect:86 351 87 133 11
rect:275 156 210 179 11
rect:17 430 89 86 2
Anchorage1964_17.jpg 0x0
rect:9 237 751 160 10
rect:15 128 251 168 9
rect:232 50 297 211 9
Anchorage1964_18.jpg 0x0
rect:166 244 71 110 4
rect:494 258 77 19 2
rect:377 377 47 24 2
rect:705 266 64 18 2
rect:423 238 413 25 15
rect:144 272 23 52 11
rect:411 129 141 101 4
rect:168 285 67 50 11
rect:290 294 42 44 11
rect:616 142 114 112 4
Anchorage1964_19.jpg 0x0
rect:419 219 23 38 26
rect:24 341 34 129 27
rect:352 89 53 61 26
rect:500 214 13 25 26
rect:720 196 8 12 26
rect:660 138 52 45 28
rect:452 207 13 30 26
rect:317 67 52 128 29
rect:486 110 35 65 29
rect:232 102 32 32 27
rect:215 320 62 79 26
rect:515 156 37 29 28
rect:910 143 8 8 26
rect:533 105 16 39 26
rect:325 158 22 22 26
rect:474 108 19 63 29
rect:454 132 7 21 26
rect:6 187 98 157 26
Anchorage1964_20.jpg 0x0
rect:131 73 170 158 29
rect:469 605 30 79 26
rect:286 89 70 37 27
rect:252 66 92 59 26
rect:295 500 59 126 26
Anchorage1964_21.jpg 0x0
rect:-7 90 79 123 29
rect:62 343 42 41 26
rect:166 166 582 151 30
rect:2 110 44 34 26
Bingol2003_01.jpg 0x0
rect:872 239 106 71 33
rect:439 413 49 43 34
rect:301 141 78 69 33
rect:610 227 67 140 34
rect:488 261 188 185 31
rect:633 161 121 76 6
rect:307 73 73 27 6
rect:640 382 40 244 32
rect:111 184 95 54 33
rect:28 330 50 88 33
rect:558 228 56 63 6
rect:590 90 108 150 31
rect:451 336 65 78 6
rect:612 83 69 57 6
rect:910 428 114 73 33
rect:2 383 842 297 10
rect:696 556 81 52 33
rect:252 530 74 88 6
rect:430 406 147 79 6
Bingol2003_02.jpg 0x0
rect:583 350 113 73 26
rect:359 414 69 72 6
rect:617 55 160 80 36
rect:108 71 340 217 34
rect:413 172 363 137 35
rect:230 201 955 498 31
rect:185 238 76 357 32
rect:166 498 149 295 32
Bingol2003_03.jpg 0x0
rect:153 61 157 158 33
rect:85 32 191 37 2
rect:340 175 364 182 2
rect:842 -8 228 221 4
rect:864 307 212 695 4
rect:546 147 214 92 11
rect:967 473 322 372 2
Bingol2003_04.jpg 0x0
rect:245 415 127 104 2
rect:124 296 197 141 2
rect:62 730 28 79 3
rect:120 628 40 98 3
rect:191 490 21 63 3
rect:237 281 152 140 4
rect:213 394 47 121 3
rect:52 567 94 98 2
CanterburyNZSeries2010_01.jpg 0x0
rect:96 98 148 284 12
CanterburyNZSeries2010_02.jpg 0x0
rect:42 11 244 312 37
rect:47 41 196 299 6
CanterburyNZSeries2010_03.jpg 0x0
rect:41 56 453 126 38
CanterburyNZSeries2010_04.jpg 0x0
rect:193 447 25 170 40
rect:334 466 49 142 40
rect:341 441 18 49 40
rect:145 350 98 247 41
rect:198 471 38 87 40
rect:262 11 111 162 42
rect:391 268 14 69 40
rect:194 354 200 382 39
CanterburyNZSeries2010_05.jpg 0x0
rect:212 438 157 454 4
rect:261 190 111 87 15
CanterburyNZSeries2010_06.jpg 0x0
rect:260 217 297 118 2
rect:62 92 732 701 4
CanterburyNZSeries2010_08.jpg 0x0
rect:923 406 80 156 44
rect:912 412 40 171 32
rect:412 136 191 265 43
rect:705 443 46 173 44
CanterburyNZSeries2010_09.jpg 0x0
rect:353 318 209 412 39
rect:197 142 193 215 45
CanterburyNZSeries2010_10.jpg 0x0
rect:383 158 241 147 7
rect:204 410 310 106 6
rect:251 200 371 172 6
rect:388 271 238 102 46
CanterburyNZSeries2010_11.jpg 0x0
rect:375 248 373 227 5
rect:329 203 328 86 7
CanterburyNZSeries2010_12.jpg 0x0
rect:435 486 178 58 11
rect:5 308 1071 427 47
rect:210 586 157 38 11
rect:56 330 810 320 2
CanterburyNZSeries2010_13.jpg 0x0
rect:391 155 93 553 11
rect:171 18 424 679 12
Caracas1967_01.jpg 0x0
rect:512 81 167 281 48
rect:320 214 9 62 48
rect:372 153 36 122 48
rect:353 167 75 117 48
Caracas1967_02.jpg 0x0
rect:211 249 263 286 51
rect:162 541 35 45 50
rect:189 1 83 121 15
rect:157 449 51 78 49
Caracas1967_03.jpg 0x0
rect:321 342 35 72 27
rect:183 404 136 130 34
rect:16 281 315 101 6
rect:329 252 63 74 26
rect:369 336 35 136 27
rect:291 83 90 116 14
Caracas1967_04.jpg 0x0
rect:106 218 190 175 34
rect:155 270 35 108 26
rect:144 446 25 120 27
Caracas1967_05.jpg 0x0
rect:30 123 304 617 41
rect:255 222 49 194 40
rect:336 261 48 129 40
rect:123 247 59 206 40
rect:221 296 122 123 52
rect:77 427 173 245 52
rect:22 69 516 620 48
rect:309 151 53 278 40
rect:54 349 67 182 40
rect:212 229 47 274 40
Caracas1967_06.jpg 0x0
rect:265 103 203 207 7
rect:474 287 76 39 6
Caracas1967_07.jpg 0x0
rect:487 362 128 88 53
rect:446 185 132 236 34
rect:236 128 172 272 34
rect:319 283 103 133 53
rect:196 105 52 163 27
rect:273 10 117 365 34
rect:465 42 29 254 27
Caracas1967_08.jpg 0x0
rect:251 231 82 135 54
rect:222 229 70 124 55
rect:375 275 78 145 54
Caracas1967_09.jpg 0x0
rect:178 183 78 75 48
rect:61 244 50 46 48
rect:23 293 50 51 48
rect:467 12 239 173 48
Caracas1967_10.jpg 0x0
rect:397 161 62 247 40
rect:13 213 535 361 48
rect:34 274 269 356 41
rect:346 240 69 216 40
Caracas1967_11.jpg 0x0
rect:66 190 299 573 41
rect:344 16 151 287 41
rect:54 18 529 873 48
Caracas1967_12.jpg 0x0
rect:247 227 29 59 56
rect:445 236 40 33 34
rect:725 452 30 72 32
rect:807 321 24 63 32
Caracas1967_13.jpg 0x0
rect:122 472 105 332 55
Caracas1967_14.jpg 0x0
rect:132 345 235 54 6
rect:120 157 578 160 57
Chichi1999_01.jpg 0x0
rect:267 173 36 160 42
rect:4 6 741 148 58
Chichi1999_02.jpg 0x0
rect:6 99 405 140 58
rect:467 89 190 338 59
Chichi1999_03.jpg 0x0
rect:102 124 49 138 60
rect:0 141 933 234 58
Chichi1999_04.jpg 0x0
rect:244 -16 65 119 48
rect:273 195 29 52 52
rect:168 174 60 369 48
Chichi1999_05.jpg 0x0
rect:463 254 28 85 52
rect:283 107 106 206 48
rect:325 115 61 64 41
rect:291 302 30 35 41
Chichi1999_06.jpg 0x0
rect:139 14 367 150 10
rect:232 110 46 75 62
rect:347 147 44 78 48
rect:316 250 25 38 52
rect:654 227 41 59 41
rect:571 -13 71 53 61
Chichi1999_07.jpg 0x0
rect:206 190 24 45 64
rect:326 261 31 42 64
rect:60 244 501 119 63
rect:117 178 51 142 48
rect:471 325 14 23 64
rect:570 303 50 103 48
rect:329 161 43 110 48
Chichi1999_08.jpg 0x0
rect:75 15 552 455 10
Chichi1999_09.jpg 0x0
rect:291 97 66 85 40
rect:162 100 36 72 40
rect:227 100 125 125 41
rect:183 53 226 183 48
Chichi1999_10.jpg 0x0
rect:182 20 620 404 10
Chichi1999_11.jpg 0x0
rect:2 129 221 472 10
rect:157 235 111 79 65
Chichi1999_12.jpg 0x0
rect:11 26 487 680 66
Chichi1999_13.jpg 0x0
rect:25 49 693 337 10
Chichi1999_14.jpg 0x0
rect:94 480 59 48 67
rect:215 302 16 48 67
rect:236 387 67 53 67
rect:358 338 38 59 39
rect:111 644 23 47 67
rect:201 381 26 40 67
rect:260 557 22 30 39
rect:84 565 36 37 67
rect:341 538 28 48 39
rect:129 209 105 42 67
rect:154 275 47 72 67
rect:82 333 38 66 67
rect:259 442 28 16 39
rect:186 410 31 40 67
rect:87 679 58 55 67
rect:144 477 25 51 67
rect:312 319 36 56 67
Chichi1999_15.jpg 0x0
rect:193 26 254 502 41
Chichi1999_16.jpg 0x0
rect:139 159 51 178 32
Chichi1999_17.jpg 0x0
rect:130 414 19 52 32
Chichi1999_18.jpg 0x0
rect:293 351 37 160 70
rect:137 196 45 98 69
rect:262 278 30 168 69
rect:206 341 30 148 69
rect:136 261 173 569 68
rect:147 265 18 87 69
Chichi1999_19.jpg 0x0
rect:220 24 352 462 2
rect:199 149 151 304 3
YogyakartaInd2006_03.jpg 0x0
rect:251 243 274 170 71
rect:322 206 21 7 16
rect:365 56 97 53 16
rect:239 24 105 2 15
rect:413 93 105 62 15
rect:233 340 267 34 15
rect:210 383 43 31 16
rect:300 167 74 23 15
Chichi1999_20.jpg 0x0
rect:274 433 40 232 41
rect:217 149 107 299 42
Chichi1999_21.jpg 0x0
rect:318 348 99 154 6
rect:342 6 145 126 57
rect:64 373 150 103 5
rect:140 107 294 245 72
rect:19 4 191 156 30
rect:444 112 142 83 6
rect:228 238 196 140 37
rect:367 26 315 146 37
Chichi1999_22.jpg 0x0
rect:239 273 16 20 73
rect:185 121 362 115 10
rect:244 304 22 18 73
rect:479 323 13 16 73
Chichi1999_23.jpg 0x0
rect:125 202 66 58 73
rect:349 205 35 32 26
rect:102 389 36 135 73
rect:379 188 32 32 27
rect:344 382 34 64 34
rect:4 68 448 185 74
rect:114 352 41 81 34
rect:374 207 71 115 73
rect:375 154 55 70 73
rect:192 160 22 26 34
Chichi1999_24.jpg 0x0
rect:294 261 1 2 46
rect:263 246 43 42 46
rect:3 245 209 189 74
rect:136 279 92 41 34
rect:218 124 122 81 75
Chichi1999_25.jpg 0x0
rect:180 268 46 65 26
rect:148 241 206 366 73
rect:118 311 124 181 34
Chichi1999_26.jpg 0x0
rect:132 389 104 57 26
rect:161 598 102 122 27
rect:92 390 173 177 73
rect:199 238 134 273 76
rect:318 22 40 21 73
rect:157 134 71 101 73
Chichi1999_27.jpg 0x0
rect:201 157 68 348 32
Chichi1999_28.jpg 0x0
rect:244 162 126 203 75
rect:132 109 145 193 5
rect:23 81 215 144 6
rect:185 328 239 104 77
Chichi1999_29.jpg 0x0
rect:166 197 182 207 48
rect:287 292 111 159 40
rect:250 198 65 225 52
Chichi1999_30.jpg 0x0
rect:159 184 148 83 52
rect:29 294 93 181 73
rect:166 196 149 60 78
rect:260 108 225 237 40
Chichi1999_31.jpg 0x0
rect:126 73 166 302 79
rect:468 113 44 133 48
Chichi1999_32.jpg 0x0
rect:638 133 37 233 39
rect:207 60 34 143 81
rect:138 6 72 409 80
rect:203 186 28 113 81
Chichi1999_33.jpg 0x0
rect:179 87 73 319 56
rect:322 68 116 339 32
rect:140 130 105 251 32
rect:136 202 45 124 49
rect:377 185 36 154 49
rect:69 75 142 323 33
Chichi1999_34.jpg 0x0
rect:115 88 321 281 10
Duzce1999_01.jpg 0x0
rect:103 134 139 159 41
rect:123 43 119 400 39
Duzce1999_02.jpg 0x0
rect:79 60 169 404 41
Duzce1999_03.jpg 0x0
rect:197 120 94 325 31
rect:0 217 96 271 31
rect:100 100 116 336 42
Gediz1970_01.jpg 0x0
rect:107 90 333 562 68
rect:210 361 60 180 69
rect:127 360 135 246 69
Guatemala1976_01.jpg 0x0
rect:70 206 64 49 52
rect:40 225 37 51 41
rect:30 115 722 219 82
rect:388 134 127 146 48
rect:574 185 66 66 41
rect:47 183 90 87 48
Guatemala1976_02.jpg 0x0
rect:250 75 100 73 40
rect:215 59 215 263 48
Guatemala1976_03.jpg 0x0
rect:16 62 724 295 75
Guatemala1976_04.jpg 0x0
rect:592 187 105 340 4
rect:406 256 125 222 4
rect:166 29 304 60 30
rect:50 87 521 226 30
Guatemala1976_05.jpg 0x0
rect:160 112 363 125 40
rect:161 93 335 286 48
rect:239 112 301 105 41
Guatemala1976_06.jpg 0x0
rect:154 112 245 418 39
Guatemala1976_07.jpg 0x0
rect:22 292 461 295 10
rect:276 671 149 58 83
rect:31 228 56 74 6
Guatemala1976_08.jpg 0x0
rect:139 49 273 299 41
rect:309 58 168 284 40
rect:210 31 488 454 48
Guatemala1976_09.jpg 0x0
rect:682 318 46 58 85
rect:194 237 57 59 85
rect:103 341 40 26 84
rect:379 267 84 41 85
rect:103 251 37 34 85
rect:203 356 39 27 84
rect:767 393 70 73 84
rect:441 232 44 52 84
Guatemala1976_10.jpg 0x0
rect:231 149 302 210 87
rect:275 185 287 190 86
rect:285 411 34 118 87
Guatemala1976_11.jpg 0x0
rect:251 185 126 253 34
GujaratIndia2001_01.jpg 0x0
rect:256 432 73 51 11
rect:206 430 270 84 2
rect:33 354 168 143 4
rect:88 574 63 36 2
Haiti2010_01.jpg 0x0
rect:229 194 28 168 40
rect:115 51 101 96 7
rect:235 165 225 450 41
rect:386 337 138 80 4
rect:438 380 179 242 4
Haiti2010_02.jpg 0x0
rect:56 74 448 228 88
rect:345 39 167 63 14
Haiti2010_03.jpg 0x0
rect:225 396 179 245 32
rect:188 615 47 58 49
rect:326 639 298 146 89
rect:325 1 78 685 32
Haiti2010_04.jpg 0x0
rect:304 37 257 372 34
rect:205 220 257 393 41
rect:2 176 267 173 6
Haiti2010_05.jpg 0x0
rect:268 175 28 67 40
rect:211 225 160 127 52
rect:253 176 24 81 40
rect:313 169 352 609 90
Haiti2010_06.jpg 0x0
rect:210 219 206 398 91
rect:399 135 102 57 6
rect:484 142 555 804 91
rect:258 211 47 45 34
rect:551 269 78 278 32
rect:400 207 205 446 33
rect:384 222 67 73 34
ImperialValley1979_01.jpg 0x0
rect:268 274 46 22 49
rect:355 412 43 30 32
rect:601 346 56 44 32
rect:343 239 58 42 32
rect:531 234 30 44 50
rect:616 235 21 15 49
rect:422 304 41 72 50
rect:44 334 107 114 50
rect:14 250 122 103 32
rect:397 322 22 22 49
rect:14 379 91 71 49
ImperialValley1979_02.jpg 0x0
rect:261 237 112 56 49
rect:441 132 105 202 50
rect:138 135 61 193 50
rect:172 146 258 58 92
rect:359 201 66 141 50
rect:211 99 234 211 32
ImperialValley1979_03.jpg 0x0
rect:107 409 316 30 92
rect:163 306 184 170 32
rect:122 326 90 184 50
rect:291 350 74 195 50
rect:157 219 150 175 32
rect:99 266 364 45 92
rect:279 240 111 160 50
Izmit1999_01.jpg 0x0
rect:588 275 72 61 26
rect:295 315 38 130 27
rect:197 64 72 171 27
rect:134 82 283 421 34
rect:309 139 46 189 27
Izmit1999_02.jpg 0x0
rect:22 120 480 312 10
Izmit1999_03.jpg 0x0
rect:170 73 63 318 50
rect:481 65 43 158 50
rect:122 53 498 348 93
rect:200 265 464 28 92
rect:332 70 48 356 50
rect:193 42 341 301 32
rect:263 150 37 198 50
rect:424 107 40 232 50
Izmit1999_04.jpg 0x0
rect:65 473 59 73 41
rect:95 648 218 121 88
rect:363 378 14 72 40
rect:119 310 123 82 88
rect:49 291 79 53 34
rect:230 67 59 73 41
rect:499 358 19 49 40
rect:259 49 84 72 48
rect:51 366 43 96 42
rect:310 476 72 65 41
Izmit1999_05.jpg 0x0
rect:99 34 716 362 10
Izmit1999_06.jpg 0x0
rect:174 231 200 62 49
rect:197 247 62 176 50
rect:161 162 246 451 32
rect:86 326 91 199 50
rect:184 214 40 112 50
rect:389 299 35 127 50
Izmit1999_07.jpg 0x0
rect:211 304 43 157 3
rect:378 54 166 55 6
rect:277 259 66 100 3
rect:322 134 94 98 3
rect:194 267 30 96 3
rect:21 84 494 707 2
rect:315 209 119 422 4
Izmit1999_08.jpg 0x0
rect:245 251 153 136 88
rect:187 158 58 76 41
rect:97 486 86 78 45
rect:101 34 96 95 34
rect:545 7 130 78 45
rect:526 110 68 92 41
rect:535 99 51 24 52
Izmit1999_09.jpg 0x0
rect:243 315 80 91 41
rect:328 163 54 31 41
rect:476 261 62 75 94
rect:807 301 44 70 41
rect:381 292 74 90 94
rect:59 237 36 62 41
Izmit1999_10.jpg 0x0
rect:155 170 68 214 40
rect:56 192 100 144 40
rect:78 410 286 68 78
rect:289 445 91 29 78
rect:103 165 290 370 41
rect:235 604 45 103 40
rect:199 694 80 109 40
rect:50 241 303 51 78
rect:143 484 150 49 78
rect:331 114 168 163 40
rect:127 184 70 284 40
Izmit1999_11.jpg 0x0
rect:138 217 61 142 40
rect:143 215 134 209 41
rect:372 202 61 227 40
rect:162 529 122 156 41
rect:271 246 84 117 40
Izmit1999_12.jpg 0x0
rect:313 332 80 89 41
rect:473 243 207 202 91
rect:1 273 27 46 41
rect:20 79 38 22 6
rect:91 353 26 61 40
rect:439 28 100 69 34
rect:110 91 42 21 6
rect:206 152 57 84 88
rect:74 209 70 72 52
rect:243 160 39 114 42
rect:428 150 54 55 7
rect:67 187 55 94 94
rect:388 142 36 21 6
rect:287 298 61 131 52
rect:400 112 56 65 45
rect:315 342 83 113 94
rect:420 153 53 77 41
rect:475 73 38 90 41
Izmit1999_13.jpg 0x0
rect:431 159 67 176 41
rect:202 322 88 67 52
rect:4 90 71 206 42
rect:218 79 202 414 48
rect:173 226 97 114 94
rect:229 80 55 123 41
rect:109 289 31 70 41
rect:94 97 54 38 6
rect:154 267 52 104 41
Izmit1999_14.jpg 0x0
rect:484 114 83 67 35
rect:506 7 139 73 35
rect:45 139 122 54 34
rect:380 55 48 42 95
rect:271 509 31 23 34
rect:553 102 101 71 34
rect:512 240 93 36 34
rect:585 437 77 32 34
rect:200 279 52 24 34
Izmit1999_15.jpg 0x0
rect:149 199 176 311 42
Izmit1999_16.jpg 0x0
rect:121 60 532 601 33
rect:237 93 42 124 40
rect:172 73 216 164 41
rect:113 67 336 213 39
Izmit1999_17.jpg 0x0
rect:140 125 221 236 41
Izmit1999_18.jpg 0x0
rect:145 158 134 226 39
rect:237 136 136 181 41
Izmit1999_19.jpg 0x0
rect:260 118 217 241 32
rect:410 174 34 79 50
rect:308 104 202 357 96
rect:348 207 25 93 50
Kobe1995_01.jpg 0x0
rect:34 142 836 197 63
Kobe1995_02.jpg 0x0
rect:2 47 627 615 68
Kobe1995_03.jpg 0x0
rect:48 59 599 702 10
Kobe1995_04.jpg 0x0
rect:297 387 59 52 41
Kobe1995_05.jpg 0x0
rect:334 117 162 328 40
rect:94 606 304 140 78
rect:100 174 257 399 52
rect:44 307 291 100 78
rect:4 160 166 475 40
Kobe1995_06.jpg 0x0
rect:191 308 351 350 42
rect:53 99 472 379 41
Kobe1995_07.jpg 0x0
rect:327 239 28 40 39
rect:538 366 30 33 39
rect:415 517 59 45 39
rect:429 278 54 34 39
rect:57 391 40 27 39
rect:186 505 40 36 39
rect:491 331 37 39 39
rect:156 322 27 45 39
rect:200 329 44 26 39
rect:280 424 35 55 39
rect:282 101 55 48 39
rect:299 268 26 39 39
rect:451 95 38 28 39
rect:116 243 44 25 39
rect:86 279 40 44 39
rect:216 124 27 35 39
rect:486 318 44 42 39
rect:40 312 46 50 39
rect:156 218 33 49 39
rect:167 124 30 30 39
rect:150 292 38 54 39
rect:213 406 54 25 39
rect:211 298 24 28 39
rect:296 234 38 49 39
rect:284 360 33 29 39
rect:300 212 36 34 39
Kobe1995_08.jpg 0x0
rect:378 51 408 217 97
Kobe1995_09.jpg 0x0
rect:80 424 96 47 88
rect:120 417 77 56 88
rect:231 417 214 82 97
rect:75 553 105 113 88
SanSalvador_1986_01.jpg 0x0
rect:237 163 115 135 41
rect:76 3 74 255 68
SanSalvador_1986_02.jpg 0x0
rect:583 336 44 49 41
rect:135 187 28 25 41
rect:416 337 24 52 41
rect:173 287 26 41 41
rect:243 165 34 44 41
rect:349 155 14 20 41
rect:527 141 44 55 42
rect:438 198 24 40 41
rect:125 214 22 40 41
SikkimIndia2001_01.jpg 0x0
rect:174 201 174 110 34
SikkimIndia2001_02.jpg 0x0
rect:547 248 128 14 16
rect:195 81 238 399 33
rect:-15 2 452 104 33
rect:8 171 64 55 54
rect:325 233 76 54 16
rect:396 131 79 203 33
rect:9 5 346 73 16
rect:318 80 123 39 16
SikkimIndia2001_03.jpg 0x0
rect:239 73 92 244 69
rect:268 200 112 140 70
rect:158 12 179 426 98
SikkimIndia2001_04.jpg 0x0
rect:212 128 112 113 34
rect:3 23 231 238 99
rect:385 235 348 109 99
SumatraInd2009_01.jpg 0x0
rect:227 24 69 251 81
SumatraInd2009_02.jpg 0x0
rect:213 95 203 223 41
WhittierNarrows1987_01.jpg 0x0
rect:19 29 689 484 10
WhittierNarrows1987_02.jpg 0x0
rect:218 213 120 284 41
WhittierNarrows1987_03.jpg 0x0
rect:266 137 147 205 32
WhittierNarrows1987_04.jpg 0x0
rect:269 17 311 137 100
rect:222 8 235 73 6
rect:215 44 79 263 41
YogyakartaInd2006_01.jpg 0x0
rect:320 148 353 60 49
rect:267 45 300 275 32
rect:143 -26 353 504 29
YogyakartaInd2006_02.jpg 0x0
rect:374 49 162 523 98
rect:254 105 64 260 69
rect:294 103 88 150 70
