Anchorage1964_01.jpg 0x0
rect:79 7 187 145 1
rect:72 432 259 192 1
Anchorage1964_02.jpg 0x0
rect:310 33 327 100 4
rect:390 326 20 76 3
rect:449 193 21 59 3
rect:395 254 16 45 3
rect:366 150 110 47 4
rect:544 46 128 107 8
rect:376 326 27 54 3
rect:133 333 255 79 2
rect:155 250 62 16 6
rect:342 220 12 55 3
rect:25 141 147 50 5
rect:182 153 89 71 7
rect:243 216 27 60 3
rect:254 371 25 61 3
rect:100 218 24 21 6
rect:38 26 124 50 5
rect:281 280 33 74 3
rect:65 27 88 17 6
rect:193 92 63 86 4
Anchorage1964_03.jpg 0x0
rect:2 218 303 86 9
rect:314 76 272 169 9
rect:0 271 557 53 10
Anchorage1964_04.jpg 0x0
rect:292 381 22 21 5
rect:330 132 35 17 5
rect:241 251 27 14 5
rect:338 331 27 18 5
rect:355 334 26 30 1
rect:218 307 25 17 5
rect:139 459 27 18 5
rect:325 115 19 28 1
rect:260 283 14 34 1
rect:357 235 16 27 1
rect:213 70 25 12 5
rect:175 242 23 33 8
rect:416 112 27 16 5
rect:249 263 7 1 1
rect:205 391 32 12 5
rect:228 474 21 32 1
rect:113 246 27 18 5
rect:410 349 32 17 5
rect:282 71 42 14 5
rect:263 410 75 20 2
rect:371 217 21 23 1
rect:125 203 21 19 5
rect:341 467 26 23 5
rect:360 29 26 20 5
rect:322 353 27 15 5
rect:298 460 26 20 5
rect:243 356 19 25 1
rect:196 394 12 20 1
rect:180 112 33 16 5
rect:177 98 34 16 5
rect:207 21 33 17 5
rect:198 245 23 17 1
rect:182 179 24 20 5
rect:393 87 23 18 5
rect:186 355 25 23 5
rect:210 398 18 19 1
rect:288 202 24 20 5
rect:211 157 14 22 1
rect:184 255 29 16 5
Anchorage1964_05.jpg 0x0
rect:513 318 43 20 6
rect:64 161 14 43 1
rect:43 429 22 64 1
rect:440 194 35 61 1
rect:380 336 62 56 1
rect:67 228 27 62 1
rect:343 198 28 18 11
rect:605 392 64 32 5
rect:843 287 59 17 6
rect:154 151 128 41 6
rect:99 355 26 63 1
rect:603 392 50 58 8
rect:406 204 30 23 11
rect:176 61 63 39 5
rect:446 25 27 47 1
rect:450 65 48 70 1
rect:135 33 90 54 6
rect:77 20 27 42 1
rect:473 79 42 55 1
rect:41 484 18 64 1
rect:123 170 117 27 5
rect:336 221 139 98 2
rect:71 100 18 36 1
rect:528 1 36 56 1
rect:45 288 27 52 1
rect:423 204 36 61 1
rect:698 169 55 28 5
rect:56 55 28 37 1
rect:378 252 58 62 8
Anchorage1964_06.jpg 0x0
rect:117 89 252 454 12
rect:137 104 81 306 3
rect:189 282 69 93 11
Anchorage1964_07.jpg 0x0
rect:6 280 399 27 14
rect:553 205 63 88 11
rect:318 349 399 269 2
rect:190 129 156 164 11
rect:253 162 56 103 3
rect:215 2 147 51 2
rect:13 277 239 28 11
rect:8 70 604 290 2
rect:344 150 62 121 13
Anchorage1964_08.jpg 0x0
rect:314 43 107 131 1
rect:65 250 72 131 1
rect:46 90 127 119 1
rect:46 605 121 90 1
rect:305 431 125 106 1
rect:371 285 131 141 1
Anchorage1964_09.jpg 0x0
rect:528 83 121 32 15
rect:58 157 74 11 16
rect:66 31 53 62 8
rect:14 117 21 7 16
rect:413 192 87 62 1
rect:16 123 83 24 15
rect:335 174 49 53 1
rect:443 6 350 13 15
rect:807 158 137 21 15
rect:130 145 221 15 15
rect:852 142 1 1 16
rect:122 215 75 58 8
rect:800 8 112 12 16
rect:396 261 61 59 8
rect:11 12 52 16 16
rect:524 24 86 76 8
rect:131 170 95 73 1
rect:473 162 58 71 1
rect:17 13 331 15 15
Anchorage1964_10.jpg 0x0
rect:202 252 148 108 18
rect:62 202 259 323 1
rect:95 442 261 163 18
rect:192 279 109 154 17
Anchorage1964_11.jpg 0x0
rect:358 169 203 37 11
rect:495 8 131 41 1
rect:473 132 148 84 1
rect:112 56 183 121 4
rect:105 159 426 83 2
rect:80 526 452 25 14
rect:253 220 273 25 15
rect:77 450 570 11 14
Anchorage1964_12.jpg 0x0
rect:10 72 393 370 2
rect:439 98 66 163 3
rect:215 76 53 218 3
rect:184 133 27 136 3
rect:459 93 130 216 11
Anchorage1964_13.jpg 0x0
rect:389 626 204 33 2
rect:401 495 128 17 19
rect:453 394 38 175 20
Anchorage1964_14.jpg 0x0
rect:239 261 208 53 15
rect:419 650 175 81 23
rect:198 10 108 674 20
rect:308 6 64 168 11
rect:124 596 38 51 22
rect:21 524 28 60 22
rect:261 15 70 202 11
rect:170 718 45 52 22
rect:41 438 63 75 22
rect:7 778 211 91 11
rect:78 226 167 38 15
rect:207 199 51 65 21
Anchorage1964_15.jpg 0x0
rect:167 64 69 463 20
rect:330 7 66 77 4
rect:200 134 52 100 25
rect:380 177 166 53 11
rect:196 416 196 75 2
rect:530 11 104 58 4
rect:167 297 127 49 15
rect:251 118 26 67 11
rect:335 318 132 47 24
Anchorage1964_16.jpg 0x0
rect:338 203 98 180 2
rect:12 281 59 76 2
rect:14 157 195 197 2
rect:166 96 317 118 2
rect:69 300 103 106 11
rect:276 177 296 207 11
Anchorage1964_17.jpg 0x0
rect:213 56 195 208 9
rect:9 119 295 111 9
rect:7 198 706 275 10
Anchorage1964_18.jpg 0x0
rect:144 320 24 52 11
rect:320 242 38 70 11
rect:260 317 276 23 15
rect:653 251 72 15 2
rect:518 175 81 85 4
rect:139 235 83 49 11
rect:142 163 90 106 4
rect:342 235 63 17 2
rect:478 151 132 70 4
rect:662 347 41 15 2
Anchorage1964_19.jpg 0x0
rect:552 180 10 16 26
rect:465 95 26 23 26
rect:399 110 17 45 26
rect:513 134 51 96 29
rect:382 149 6 16 26
rect:675 186 8 8 26
rect:321 145 28 59 29
rect:564 227 36 44 28
rect:249 227 61 83 26
rect:426 187 13 25 26
rect:579 228 14 24 26
rect:400 169 20 32 26
rect:201 98 64 107 29
rect:6 220 98 107 26
rect:319 140 21 23 27
rect:278 84 70 47 26
rect:31 329 37 108 27
rect:401 120 53 29 28
Anchorage1964_20.jpg 0x0
rect:221 85 95 57 26
rect:240 538 65 128 26
rect:184 87 88 55 27
rect:191 57 153 132 29
rect:333 347 36 78 26
Anchorage1964_21.jpg 0x0
rect:53 363 37 35 26
rect:178 219 402 159 30
rect:2 123 40 43 26
rect:-6 77 87 142 29
Bingol2003_01.jpg 0x0
rect:508 289 46 67 6
rect:29 305 87 73 33
rect:310 237 90 71 33
rect:646 428 41 57 34
rect:657 67 96 75 6
rect:687 519 182 86 6
rect:534 224 124 78 33
rect:565 237 72 57 6
rect:257 120 75 27 6
rect:601 211 154 160 31
rect:191 189 95 79 33
rect:582 157 100 86 6
rect:575 114 191 185 31
rect:363 205 59 130 34
rect:623 372 96 81 33
rect:2 426 1039 323 10
rect:472 278 125 101 6
rect:601 462 87 41 33
rect:448 353 71 244 32
Bingol2003_02.jpg 0x0
rect:245 322 92 484 32
rect:156 105 451 191 34
rect:432 401 97 82 26
rect:360 285 89 61 6
rect:222 186 579 624 31
rect:1035 69 129 58 36
rect:373 272 297 124 35
rect:165 377 151 265 32
Bingol2003_03.jpg 0x0
rect:76 20 167 39 2
rect:730 278 236 778 4
rect:83 41 140 137 33
rect:269 214 414 221 2
rect:477 234 269 82 11
rect:626 335 222 395 2
rect:576 -8 251 214 4
Bingol2003_04.jpg 0x0
rect:93 664 80 75 2
rect:242 326 193 214 4
rect:184 459 26 93 3
rect:300 464 138 89 2
rect:182 527 257 169 2
rect:95 721 31 90 3
rect:92 532 24 55 3
rect:188 324 44 130 3
CanterburyNZSeries2010_01.jpg 0x0
rect:121 132 126 385 12
CanterburyNZSeries2010_02.jpg 0x0
rect:34 11 211 345 37
rect:53 47 210 287 6
CanterburyNZSeries2010_03.jpg 0x0
rect:35 81 344 117 38
CanterburyNZSeries2010_04.jpg 0x0
rect:252 354 36 68 40
rect:248 259 59 118 40
rect:265 500 16 56 40
rect:181 192 189 445 39
rect:380 337 24 60 40
rect:244 472 68 170 41
rect:259 8 116 153 42
rect:291 404 36 186 40
CanterburyNZSeries2010_05.jpg 0x0
rect:334 360 232 397 4
rect:279 143 137 85 15
CanterburyNZSeries2010_06.jpg 0x0
rect:86 146 810 574 4
rect:192 219 281 143 2
CanterburyNZSeries2010_08.jpg 0x0
rect:592 110 131 265 43
rect:931 323 125 156 44
rect:963 692 33 166 32
rect:877 604 51 120 44
CanterburyNZSeries2010_09.jpg 0x0
rect:289 213 141 459 39
rect:187 102 151 197 45
CanterburyNZSeries2010_10.jpg 0x0
rect:308 227 259 99 46
rect:231 422 263 118 6
rect:384 205 319 117 7
rect:213 183 316 222 6
CanterburyNZSeries2010_11.jpg 0x0
rect:354 339 265 147 5
rect:309 179 329 129 7
CanterburyNZSeries2010_12.jpg 0x0
rect:185 663 130 48 11
rect:5 346 1243 462 47
rect:399 600 119 60 11
rect:47 267 577 299 2
CanterburyNZSeries2010_13.jpg 0x0
rect:209 14 364 841 12
rect:521 121 123 557 11
Caracas1967_01.jpg 0x0
rect:233 191 11 51 48
rect:298 191 76 69 48
rect:313 215 46 114 48
rect:571 63 197 263 48
Caracas1967_02.jpg 0x0
rect:103 357 36 37 50
rect:122 266 242 338 51
rect:308 1 151 209 15
rect:116 517 51 55 49
Caracas1967_03.jpg 0x0
rect:301 491 31 56 27
rect:366 463 36 122 27
rect:191 276 133 210 34
rect:11 377 255 65 6
rect:225 431 70 76 26
rect:201 50 67 103 14
Caracas1967_04.jpg 0x0
rect:171 302 169 117 34
rect:194 249 16 125 27
rect:187 364 48 137 26
Caracas1967_05.jpg 0x0
rect:56 425 57 274 40
rect:397 169 37 345 40
rect:34 176 352 454 41
rect:190 260 59 240 40
rect:37 104 485 428 48
rect:348 244 49 170 40
rect:109 396 60 201 40
rect:81 405 207 246 52
rect:325 319 147 112 52
rect:174 430 40 165 40
Caracas1967_06.jpg 0x0
rect:249 326 65 68 6
rect:244 80 354 168 7
Caracas1967_07.jpg 0x0
rect:557 309 132 225 34
rect:510 35 38 274 27
rect:259 183 37 196 27
rect:209 95 153 216 34
rect:500 253 110 108 53
rect:513 417 81 93 53
rect:316 8 101 361 34
Caracas1967_08.jpg 0x0
rect:266 150 72 130 54
rect:200 317 47 129 54
rect:263 352 66 115 55
Caracas1967_09.jpg 0x0
rect:432 9 188 128 48
rect:28 232 67 41 48
rect:87 241 55 60 48
rect:131 149 69 96 48
Caracas1967_10.jpg 0x0
rect:253 182 107 197 40
rect:54 225 284 236 41
rect:20 155 426 508 48
rect:304 389 61 187 40
Caracas1967_11.jpg 0x0
rect:321 14 197 193 41
rect:57 17 323 711 48
rect:50 314 246 632 41
Caracas1967_12.jpg 0x0
rect:594 211 28 39 32
rect:722 309 28 40 32
rect:559 282 41 53 34
rect:173 222 29 60 56
Caracas1967_13.jpg 0x0
rect:131 484 110 300 55
Caracas1967_14.jpg 0x0
rect:139 103 566 235 57
rect:136 279 332 54 6
Chichi1999_01.jpg 0x0
rect:246 148 46 226 42
rect:5 9 511 119 58
Chichi1999_02.jpg 0x0
rect:292 114 237 414 59
rect:7 71 303 114 58
Chichi1999_03.jpg 0x0
rect:0 130 546 141 58
rect:95 143 78 80 60
Chichi1999_04.jpg 0x0
rect:213 172 55 246 48
rect:285 195 22 60 52
rect:277 -18 68 115 48
Chichi1999_05.jpg 0x0
rect:455 236 32 34 41
rect:299 207 28 67 52
rect:328 101 69 188 48
rect:299 134 59 49 41
Chichi1999_06.jpg 0x0
rect:685 -13 72 70 61
rect:414 128 70 53 62
rect:273 298 27 22 52
rect:257 243 46 106 48
rect:189 17 480 207 10
rect:828 225 38 68 41
Chichi1999_07.jpg 0x0
rect:159 195 36 171 48
rect:515 283 17 26 64
rect:69 160 525 119 63
rect:599 204 57 115 48
rect:392 208 43 85 48
rect:462 285 28 41 64
rect:206 157 20 47 64
Chichi1999_08.jpg 0x0
rect:112 19 420 454 10
Chichi1999_09.jpg 0x0
rect:297 113 48 87 40
rect:244 99 87 81 41
rect:249 91 48 57 40
rect:278 56 255 172 48
Chichi1999_10.jpg 0x0
rect:136 15 734 524 10
Chichi1999_11.jpg 0x0
rect:110 173 76 89 65
rect:2 103 208 511 10
Chichi1999_12.jpg 0x0
rect:11 19 388 643 66
Chichi1999_13.jpg 0x0
rect:41 47 851 388 10
Chichi1999_14.jpg 0x0
rect:335 300 19 30 39
rect:87 348 65 52 67
rect:95 446 28 41 67
rect:211 528 30 31 39
rect:89 242 32 60 67
rect:290 317 17 54 67
rect:343 381 33 37 39
rect:349 537 83 91 67
rect:418 369 35 45 67
rect:59 532 38 45 67
rect:223 338 44 35 39
rect:202 234 29 39 67
rect:196 191 76 59 67
rect:217 429 30 44 67
rect:123 429 37 46 67
rect:99 308 57 55 67
rect:194 597 37 56 67
Chichi1999_15.jpg 0x0
rect:304 32 226 381 41
Chichi1999_16.jpg 0x0
rect:203 130 78 175 32
Chichi1999_17.jpg 0x0
rect:121 410 23 52 32
Chichi1999_18.jpg 0x0
rect:170 206 183 519 68
rect:204 184 46 73 69
rect:277 283 37 144 69
rect:241 371 32 137 69
rect:317 338 34 105 70
rect:134 287 18 140 69
Chichi1999_19.jpg 0x0
rect:227 21 325 410 2
rect:223 131 222 346 3
YogyakartaInd2006_03.jpg 0x0
rect:195 121 87 34 15
rect:265 451 53 25 16
rect:245 140 17 6 16
rect:213 409 186 26 15
rect:198 200 343 147 71
rect:278 104 72 36 16
rect:427 82 131 42 15
rect:185 30 88 2 15
Chichi1999_20.jpg 0x0
rect:301 508 65 163 41
rect:146 226 83 351 42
Chichi1999_21.jpg 0x0
rect:299 79 160 103 6
rect:523 7 165 94 57
rect:278 267 118 116 6
rect:21 4 269 190 30
rect:222 83 168 332 72
rect:78 405 125 100 5
rect:247 221 223 135 37
rect:284 39 287 261 37
Chichi1999_22.jpg 0x0
rect:268 153 319 161 10
rect:198 308 11 19 73
rect:296 269 19 23 73
rect:492 252 17 25 73
Chichi1999_23.jpg 0x0
rect:285 309 86 88 73
rect:119 152 22 32 34
rect:98 150 73 62 73
rect:310 363 48 65 34
rect:248 196 37 34 27
rect:4 66 424 227 74
rect:108 440 65 80 73
rect:109 320 45 107 34
rect:310 153 33 35 26
rect:255 202 37 69 73
Chichi1999_24.jpg 0x0
rect:149 284 70 38 34
rect:3 435 319 183 74
rect:186 168 50 54 46
rect:218 203 182 126 75
rect:231 450 1 2 46
Chichi1999_25.jpg 0x0
rect:141 314 46 52 26
rect:143 217 130 272 73
rect:143 277 110 245 34
Chichi1999_26.jpg 0x0
rect:131 645 137 109 27
rect:186 353 144 457 76
rect:281 203 55 112 73
rect:161 726 111 103 73
rect:158 554 61 90 26
rect:262 19 53 32 73
Chichi1999_27.jpg 0x0
rect:161 196 75 432 32
Chichi1999_28.jpg 0x0
rect:214 209 206 100 77
rect:117 94 187 156 5
rect:22 73 338 167 6
rect:249 161 182 208 75
Chichi1999_29.jpg 0x0
rect:294 172 119 133 40
rect:174 256 238 286 48
rect:213 279 76 222 52
Chichi1999_30.jpg 0x0
rect:36 314 74 179 73
rect:152 210 207 46 78
rect:282 113 142 96 52
rect:189 136 363 308 40
Chichi1999_31.jpg 0x0
rect:583 137 35 154 48
rect:139 106 124 202 79
Chichi1999_32.jpg 0x0
rect:454 155 51 173 39
rect:196 6 111 373 80
rect:214 76 59 106 81
rect:155 202 25 171 81
Chichi1999_33.jpg 0x0
rect:366 136 38 111 49
rect:329 77 118 201 32
rect:177 123 44 143 49
rect:352 87 109 208 56
rect:94 49 121 365 33
rect:109 137 97 237 32
Chichi1999_34.jpg 0x0
rect:130 80 511 380 10
Duzce1999_01.jpg 0x0
rect:123 180 124 124 41
rect:150 67 114 316 39
Duzce1999_02.jpg 0x0
rect:70 55 116 394 41
Duzce1999_03.jpg 0x0
rect:0 168 129 161 31
rect:205 154 115 307 31
rect:126 74 121 348 42
Gediz1970_01.jpg 0x0
rect:92 141 328 630 68
rect:313 376 84 226 69
rect:92 314 103 252 69
Guatemala1976_01.jpg 0x0
rect:35 180 127 130 48
rect:17 143 676 220 82
rect:588 186 184 115 48
rect:42 221 83 53 52
rect:58 179 35 38 41
rect:539 154 53 64 41
Guatemala1976_02.jpg 0x0
rect:286 86 85 116 40
rect:133 76 359 288 48
Guatemala1976_03.jpg 0x0
rect:20 76 792 440 75
Guatemala1976_04.jpg 0x0
rect:566 181 88 439 4
rect:40 53 510 229 30
rect:102 26 319 87 30
rect:610 271 110 325 4
Guatemala1976_05.jpg 0x0
rect:201 69 516 249 48
rect:233 108 335 141 41
rect:150 120 387 148 40
Guatemala1976_06.jpg 0x0
rect:104 101 154 390 39
Guatemala1976_07.jpg 0x0
rect:27 213 60 63 6
rect:29 203 604 301 10
rect:182 443 94 87 83
Guatemala1976_08.jpg 0x0
rect:162 26 382 448 48
rect:122 48 355 403 41
rect:386 75 223 297 40
Guatemala1976_09.jpg 0x0
rect:341 189 65 39 85
rect:776 293 67 62 84
rect:71 364 35 22 84
rect:192 288 33 21 84
rect:198 241 74 74 85
rect:780 340 61 51 85
rect:263 267 62 46 84
rect:78 337 46 33 85
Guatemala1976_10.jpg 0x0
rect:174 109 225 132 87
rect:396 422 42 91 87
rect:156 242 209 343 86
Guatemala1976_11.jpg 0x0
rect:230 205 148 164 34
GujaratIndia2001_01.jpg 0x0
rect:192 547 167 101 2
rect:73 379 73 26 2
rect:28 427 127 119 4
rect:365 449 71 65 11
Haiti2010_01.jpg 0x0
rect:345 474 184 195 4
rect:289 129 211 447 41
rect:394 265 98 78 4
rect:180 46 140 113 7
rect:357 195 26 177 40
Haiti2010_02.jpg 0x0
rect:51 124 590 147 88
rect:388 35 122 62 14
Haiti2010_03.jpg 0x0
rect:295 702 82 79 49
rect:302 656 269 145 89
rect:281 1 73 578 32
rect:197 394 171 215 32
Haiti2010_04.jpg 0x0
rect:218 321 344 409 41
rect:311 34 231 365 34
rect:2 113 335 206 6
Haiti2010_05.jpg 0x0
rect:333 127 207 425 90
rect:413 201 39 96 40
rect:351 294 22 81 40
rect:282 199 189 142 52
Haiti2010_06.jpg 0x0
rect:534 186 80 73 34
rect:253 288 49 49 34
rect:386 202 221 327 33
rect:383 225 61 33 6
rect:558 189 709 885 91
rect:223 313 221 292 91
rect:650 245 67 218 32
ImperialValley1979_01.jpg 0x0
rect:307 299 71 52 32
rect:460 221 43 35 32
rect:318 373 29 39 50
rect:391 237 33 29 49
rect:317 384 52 86 50
rect:45 274 77 92 50
rect:325 255 25 26 49
rect:9 388 102 97 32
rect:510 306 16 21 49
rect:13 367 51 79 49
rect:552 300 58 47 32
ImperialValley1979_02.jpg 0x0
rect:220 148 62 235 50
rect:269 187 101 36 49
rect:272 126 66 110 50
rect:212 100 211 178 32
rect:217 185 391 84 92
rect:431 114 61 141 50
ImperialValley1979_03.jpg 0x0
rect:260 312 73 122 50
rect:102 284 117 162 50
rect:133 222 241 140 32
rect:128 362 279 42 92
rect:117 302 176 173 32
rect:131 528 271 29 92
rect:377 295 70 193 50
Izmit1999_01.jpg 0x0
rect:215 96 295 222 34
rect:358 189 46 82 26
rect:174 225 34 150 27
rect:332 89 38 131 27
rect:219 107 31 185 27
Izmit1999_02.jpg 0x0
rect:24 107 632 309 10
Izmit1999_03.jpg 0x0
rect:287 44 333 308 32
rect:461 87 61 277 50
rect:365 122 31 199 50
rect:251 128 40 246 50
rect:220 184 456 33 92
rect:423 82 48 298 50
rect:116 111 65 283 50
rect:151 42 361 482 93
Izmit1999_04.jpg 0x0
rect:497 308 18 61 40
rect:74 392 27 110 42
rect:60 356 56 92 41
rect:273 80 74 94 41
rect:245 357 87 95 41
rect:453 329 24 48 40
rect:317 56 86 87 48
rect:36 439 53 63 34
rect:182 311 119 49 88
rect:100 568 287 122 88
Izmit1999_05.jpg 0x0
rect:120 22 675 508 10
Izmit1999_06.jpg 0x0
rect:115 169 246 517 32
rect:138 206 127 106 49
rect:78 304 68 228 50
rect:203 144 87 241 50
rect:361 247 54 138 50
rect:174 340 55 155 50
Izmit1999_07.jpg 0x0
rect:174 234 51 130 3
rect:296 119 75 59 3
rect:158 421 44 97 3
rect:404 48 97 51 6
rect:343 175 36 141 3
rect:23 115 419 687 2
rect:266 228 84 436 4
Izmit1999_08.jpg 0x0
rect:410 87 61 28 52
rect:103 375 67 105 45
rect:101 23 64 115 34
rect:577 106 65 98 41
rect:168 120 67 73 41
rect:587 6 94 93 45
rect:198 284 230 111 88
Izmit1999_09.jpg 0x0
rect:328 177 103 117 94
rect:47 225 48 48 41
rect:800 267 58 100 94
rect:440 310 86 71 41
rect:306 180 52 42 41
rect:614 271 63 48 41
Izmit1999_10.jpg 0x0
rect:352 605 79 143 40
rect:274 201 67 112 40
rect:381 471 92 26 78
rect:90 318 190 75 78
rect:84 128 61 248 40
rect:63 125 320 533 41
rect:216 407 157 39 78
rect:60 190 269 46 78
rect:294 89 113 171 40
rect:194 246 79 256 40
rect:202 425 65 102 40
Izmit1999_11.jpg 0x0
rect:141 162 156 157 41
rect:154 254 61 191 40
rect:160 319 67 118 40
rect:279 294 54 252 40
rect:198 383 142 96 41
Izmit1999_12.jpg 0x0
rect:434 159 60 71 45
rect:535 34 91 48 34
rect:17 60 34 22 6
rect:431 312 90 88 41
rect:99 278 27 55 40
rect:198 267 89 54 88
rect:116 76 38 31 6
rect:414 116 30 74 41
rect:378 206 85 61 7
rect:609 152 180 201 91
rect:401 311 61 93 52
rect:283 191 44 30 6
rect:299 153 39 124 42
rect:52 179 80 111 94
rect:67 274 80 83 52
rect:526 145 54 82 41
rect:1 208 29 32 41
rect:242 199 97 172 94
Izmit1999_13.jpg 0x0
rect:175 270 33 76 41
rect:105 240 30 129 41
rect:5 83 113 206 42
rect:129 210 95 59 52
rect:375 156 96 173 41
rect:83 148 63 51 6
rect:239 89 203 249 48
rect:262 73 76 131 41
rect:126 217 73 138 94
Izmit1999_14.jpg 0x0
rect:350 43 51 60 95
rect:358 98 103 77 34
rect:300 393 41 23 34
rect:60 138 141 62 34
rect:273 335 44 29 34
rect:405 206 94 36 34
rect:525 7 134 58 35
rect:316 443 86 49 34
rect:274 217 80 105 35
Izmit1999_15.jpg 0x0
rect:104 204 229 445 42
Izmit1999_16.jpg 0x0
rect:141 129 47 91 40
rect:155 140 171 107 41
rect:129 61 239 277 39
rect:76 75 369 365 33
Izmit1999_17.jpg 0x0
rect:82 133 163 322 41
Izmit1999_18.jpg 0x0
rect:164 99 137 327 39
rect:199 195 94 173 41
Izmit1999_19.jpg 0x0
rect:210 86 250 378 96
rect:183 127 259 267 32
rect:544 171 19 95 50
rect:567 112 23 90 50
Kobe1995_01.jpg 0x0
rect:20 114 665 156 63
Kobe1995_02.jpg 0x0
rect:2 77 531 495 68
Kobe1995_03.jpg 0x0
rect:37 61 532 430 10
Kobe1995_04.jpg 0x0
rect:454 217 41 58 41
Kobe1995_05.jpg 0x0
rect:75 510 308 141 78
rect:54 217 363 83 78
rect:132 217 216 607 52
rect:5 127 107 422 40
rect:380 187 132 518 40
Kobe1995_06.jpg 0x0
rect:47 117 496 562 41
rect:208 334 370 286 42
Kobe1995_07.jpg 0x0
rect:253 330 38 36 39
rect:261 399 30 55 39
rect:229 349 31 23 39
rect:155 313 52 60 39
rect:177 559 36 29 39
rect:163 239 42 50 39
rect:118 126 35 27 39
rect:200 276 37 23 39
rect:304 98 21 25 39
rect:182 239 35 33 39
rect:408 336 29 38 39
rect:431 231 33 53 39
rect:546 187 40 55 39
rect:429 108 50 43 39
rect:480 412 36 39 39
rect:165 335 35 30 39
rect:36 302 36 46 39
rect:33 406 35 26 39
rect:388 152 40 47 39
rect:416 467 35 44 39
rect:510 321 57 32 39
rect:149 254 33 56 39
rect:193 425 28 28 39
rect:218 344 39 39 39
rect:343 124 53 43 39
rect:124 321 40 26 39
Kobe1995_08.jpg 0x0
rect:319 50 555 166 97
Kobe1995_09.jpg 0x0
rect:100 477 56 64 88
rect:92 679 57 80 88
rect:176 426 197 85 97
rect:89 668 106 64 88
SanSalvador_1986_01.jpg 0x0
rect:250 214 77 238 41
rect:69 3 93 251 68
SanSalvador_1986_02.jpg 0x0
rect:562 265 40 63 41
rect:167 260 37 33 41
rect:260 175 12 22 41
rect:600 203 49 42 42
rect:501 165 40 40 41
rect:297 168 39 40 41
rect:211 219 26 25 41
rect:151 213 25 31 41
rect:299 243 22 50 41
SikkimIndia2001_01.jpg 0x0
rect:222 156 90 112 34
SikkimIndia2001_02.jpg 0x0
rect:521 138 110 130 33
rect:7 202 48 48 54
rect:359 207 84 22 16
rect:133 99 208 432 33
rect:-17 2 280 132 33
rect:10 6 417 97 16
rect:400 249 105 41 16
rect:520 134 118 48 16
SikkimIndia2001_03.jpg 0x0
rect:239 164 67 117 70
rect:195 94 91 227 69
rect:197 11 132 581 98
SikkimIndia2001_04.jpg 0x0
rect:3 28 235 275 99
rect:209 198 119 163 34
rect:494 219 199 95 99
SumatraInd2009_01.jpg 0x0
rect:285 25 44 243 81
SumatraInd2009_02.jpg 0x0
rect:218 95 131 216 41
WhittierNarrows1987_01.jpg 0x0
rect:12 35 900 275 10
WhittierNarrows1987_02.jpg 0x0
rect:173 288 144 212 41
WhittierNarrows1987_03.jpg 0x0
rect:320 92 123 237 32
WhittierNarrows1987_04.jpg 0x0
rect:204 16 173 156 100
rect:167 75 90 166 41
rect:176 10 283 82 6
YogyakartaInd2006_01.jpg 0x0
rect:266 30 454 329 32
rect:147 -30 469 627 29
rect:307 129 246 63 49
YogyakartaInd2006_02.jpg 0x0
rect:310 70 185 326 98
rect:269 114 76 137 70
rect:339 148 41 265 69
