Anchorage1964_01.jpg 0x0
rect:85 313 244 182 1
rect:84 7 268 178 1
Anchorage1964_02.jpg 0x0
rect:216 308 263 73 2
rect:225 200 31 77 3
rect:236 25 309 108 4
rect:58 37 66 15 6
rect:154 78 87 82 4
rect:27 234 112 50 5
rect:394 248 21 47 3
rect:32 26 146 37 5
rect:479 73 110 91 8
rect:343 328 17 57 3
rect:259 308 26 52 3
rect:166 226 33 69 3
rect:394 216 11 65 3
rect:101 132 84 59 7
rect:499 170 86 46 4
rect:377 232 29 60 3
rect:110 164 27 22 6
rect:481 257 33 79 3
rect:153 256 44 12 6
Anchorage1964_03.jpg 0x0
rect:2 269 206 88 9
rect:325 99 287 199 9
rect:0 331 585 63 10
Anchorage1964_04.jpg 0x0
rect:148 139 27 21 5
rect:174 333 36 22 5
rect:211 117 16 19 1
rect:205 368 8 1 1
rect:290 487 27 36 1
rect:346 193 32 19 5
rect:256 229 30 18 5
rect:437 435 30 20 5
rect:276 321 17 34 1
rect:332 324 17 20 1
rect:204 157 20 24 1
rect:116 109 35 16 5
rect:273 332 20 20 8
rect:240 40 29 21 5
rect:387 74 28 22 5
rect:292 86 29 23 5
rect:345 390 12 23 1
rect:385 305 25 23 5
rect:140 200 29 29 5
rect:204 86 16 25 1
rect:188 316 33 14 5
rect:186 58 26 16 5
rect:289 260 16 33 1
rect:218 507 51 17 2
rect:346 427 18 31 1
rect:181 289 18 25 1
rect:160 108 35 18 5
rect:148 30 33 12 5
rect:303 319 28 21 5
rect:274 168 39 17 5
rect:115 293 23 14 5
rect:332 180 15 34 1
rect:426 307 21 25 5
rect:127 253 29 18 5
rect:264 143 22 19 5
rect:132 546 40 25 5
rect:132 415 25 14 5
rect:282 510 32 21 5
rect:408 361 30 17 5
Anchorage1964_05.jpg 0x0
rect:460 336 47 86 8
rect:740 411 34 18 6
rect:129 198 81 26 5
rect:534 1 53 53 1
rect:766 188 78 28 5
rect:45 178 16 52 1
rect:420 133 45 68 1
rect:555 137 41 53 1
rect:71 173 23 35 1
rect:411 374 65 67 1
rect:257 37 79 37 6
rect:39 310 17 64 1
rect:186 59 68 23 5
rect:80 316 24 37 1
rect:479 411 33 87 8
rect:425 363 40 45 5
rect:75 181 17 48 1
rect:380 31 47 56 1
rect:842 230 53 30 6
rect:69 111 15 43 1
rect:67 70 32 32 1
rect:326 80 54 60 1
rect:74 24 19 36 1
rect:334 181 143 58 2
rect:54 324 17 51 1
rect:370 222 53 26 11
rect:339 246 18 18 11
rect:217 161 169 46 6
rect:341 104 32 42 1
Anchorage1964_06.jpg 0x0
rect:88 63 185 430 12
rect:172 123 97 260 3
rect:159 174 63 62 11
Anchorage1964_07.jpg 0x0
rect:422 163 65 104 13
rect:9 73 870 369 2
rect:455 331 364 195 2
rect:201 111 48 155 3
rect:238 87 153 109 11
rect:16 206 303 43 11
rect:7 245 478 25 14
rect:387 142 102 94 11
rect:244 2 116 57 2
Anchorage1964_08.jpg 0x0
rect:43 344 134 89 1
rect:234 306 146 115 1
rect:280 586 113 143 1
rect:48 75 169 95 1
rect:293 42 82 100 1
rect:35 705 119 129 1
Anchorage1964_09.jpg 0x0
rect:790 9 81 12 16
rect:649 133 92 19 15
rect:621 148 1 1 16
rect:226 176 90 76 1
rect:455 150 87 73 1
rect:609 33 61 56 8
rect:13 171 107 17 15
rect:120 302 84 70 8
rect:650 307 91 73 8
rect:353 103 124 30 15
rect:49 165 42 10 16
rect:121 131 51 61 1
rect:17 123 16 12 16
rect:143 101 221 12 15
rect:10 14 489 14 15
rect:358 108 54 73 1
rect:13 18 77 13 16
rect:109 40 89 67 8
rect:507 8 277 13 15
Anchorage1964_10.jpg 0x0
rect:161 257 256 56 18
rect:50 252 331 296 1
rect:273 194 89 151 17
rect:89 448 272 123 18
Anchorage1964_11.jpg 0x0
rect:127 78 152 77 4
rect:180 128 434 26 15
rect:100 202 382 62 2
rect:599 113 143 73 1
rect:109 511 627 15 14
rect:364 207 358 36 11
rect:667 7 101 50 1
rect:75 427 711 14 14
Anchorage1964_12.jpg 0x0
rect:9 64 473 292 2
rect:270 102 44 216 3
rect:217 148 36 71 3
rect:454 100 50 150 3
rect:449 83 188 215 11
Anchorage1964_13.jpg 0x0
rect:362 537 227 23 2
rect:545 320 39 185 20
rect:353 540 117 14 19
Anchorage1964_14.jpg 0x0
rect:192 647 45 47 22
rect:26 619 27 67 22
rect:232 17 101 808 20
rect:106 253 176 34 15
rect:10 736 209 75 11
rect:232 10 85 203 11
rect:236 236 93 94 21
rect:83 723 37 51 22
rect:47 718 49 86 22
rect:410 764 120 79 23
rect:346 204 158 73 15
rect:424 7 73 120 11
Anchorage1964_15.jpg 0x0
rect:446 297 108 29 24
rect:403 9 71 51 4
rect:292 125 62 115 25
rect:172 166 33 62 11
rect:204 614 187 77 2
rect:349 164 99 50 11
rect:168 197 169 40 15
rect:216 77 59 464 20
rect:237 11 87 56 4
Anchorage1964_16.jpg 0x0
rect:70 392 112 130 11
rect:535 249 105 160 2
rect:14 402 48 94 2
rect:176 64 257 168 2
rect:260 301 276 140 11
rect:14 112 215 205 2
Anchorage1964_17.jpg 0x0
rect:7 239 918 158 10
rect:309 36 255 249 9
rect:13 123 246 105 9
Anchorage1964_18.jpg 0x0
rect:160 198 19 45 11
rect:167 282 64 60 11
rect:426 248 28 22 2
rect:185 177 75 123 4
rect:284 318 66 27 2
rect:241 268 27 48 11
rect:416 192 107 83 4
rect:498 182 119 81 4
rect:751 334 81 18 2
rect:358 377 266 29 15
Anchorage1964_19.jpg 0x0
rect:300 257 46 57 26
rect:288 95 49 76 29
rect:24 256 28 76 27
rect:441 204 14 39 26
rect:879 249 9 14 26
rect:378 107 8 16 26
rect:386 111 31 23 26
rect:346 172 36 39 28
rect:648 205 28 32 28
rect:223 90 43 38 26
rect:5 248 81 101 26
rect:269 112 38 27 27
rect:823 112 10 8 26
rect:336 163 12 47 26
rect:345 89 79 160 29
rect:324 240 12 35 26
rect:324 175 19 51 29
rect:481 224 8 26 26
Anchorage1964_20.jpg 0x0
rect:167 315 61 154 26
rect:250 82 76 41 27
rect:243 77 116 69 26
rect:539 536 53 75 26
rect:125 83 111 175 29
Anchorage1964_21.jpg 0x0
rect:-6 65 61 171 29
rect:56 216 27 30 26
rect:2 100 31 35 26
rect:161 160 698 205 30
Bingol2003_01.jpg 0x0
rect:35 191 94 77 33
rect:890 319 96 42 33
rect:539 285 36 58 6
rect:559 167 52 84 34
rect:843 458 98 63 33
rect:684 575 120 63 6
rect:301 141 94 66 33
rect:637 401 49 64 34
rect:402 298 71 151 32
rect:477 72 100 79 6
rect:596 362 214 154 31
rect:2 452 1039 322 10
rect:583 211 85 79 6
rect:533 98 170 247 31
rect:771 158 101 54 33
rect:172 89 55 22 6
rect:572 134 84 104 6
rect:206 230 83 87 33
rect:448 294 101 85 6
Bingol2003_02.jpg 0x0
rect:134 315 86 272 32
rect:271 189 636 469 31
rect:716 50 163 84 36
rect:487 238 100 104 26
rect:184 120 379 173 34
rect:402 380 96 71 6
rect:86 420 155 310 32
rect:462 190 295 158 35
Bingol2003_03.jpg 0x0
rect:506 315 216 632 4
rect:74 34 126 33 2
rect:351 125 482 191 2
rect:523 173 217 56 11
rect:95 54 144 130 33
rect:521 -10 386 285 4
rect:820 533 342 286 2
Bingol2003_04.jpg 0x0
rect:50 495 112 63 2
rect:245 798 142 93 2
rect:121 375 186 141 2
rect:244 522 35 57 3
rect:156 804 23 68 3
rect:264 242 188 143 4
rect:242 530 52 156 3
rect:102 752 20 52 3
CanterburyNZSeries2010_01.jpg 0x0
rect:120 103 105 382 12
CanterburyNZSeries2010_02.jpg 0x0
rect:47 45 168 242 6
rect:44 8 136 361 37
CanterburyNZSeries2010_03.jpg 0x0
rect:59 57 258 101 38
CanterburyNZSeries2010_04.jpg 0x0
rect:332 375 21 73 40
rect:269 439 57 132 40
rect:220 338 238 282 39
rect:396 500 31 63 40
rect:264 535 35 58 40
rect:315 349 31 111 40
rect:192 9 95 199 42
rect:221 457 95 192 41
CanterburyNZSeries2010_05.jpg 0x0
rect:265 480 164 464 4
rect:386 215 131 132 15
CanterburyNZSeries2010_06.jpg 0x0
rect:321 198 192 149 2
rect:72 150 899 525 4
CanterburyNZSeries2010_08.jpg 0x0
rect:723 693 41 188 32
rect:732 440 71 173 44
rect:626 448 76 100 44
rect:387 162 121 208 43
CanterburyNZSeries2010_09.jpg 0x0
rect:162 110 159 141 45
rect:264 242 210 496 39
CanterburyNZSeries2010_10.jpg 0x0
rect:245 301 425 199 6
rect:387 292 219 101 46
rect:374 191 228 119 7
rect:174 514 234 114 6
CanterburyNZSeries2010_11.jpg 0x0
rect:227 251 395 164 7
rect:247 349 287 225 5
CanterburyNZSeries2010_12.jpg 0x0
rect:36 405 716 411 2
rect:241 555 191 48 11
rect:516 372 230 83 11
rect:6 347 738 465 47
CanterburyNZSeries2010_13.jpg 0x0
rect:127 12 307 511 12
rect:343 170 85 587 11
Caracas1967_01.jpg 0x0
rect:297 73 223 203 48
rect:279 184 9 53 48
rect:256 123 64 99 48
rect:261 152 51 75 48
Caracas1967_02.jpg 0x0
rect:129 224 239 270 51
rect:120 396 43 83 49
rect:306 1 84 186 15
rect:130 316 53 34 50
Caracas1967_03.jpg 0x0
rect:261 303 53 55 26
rect:208 253 130 197 34
rect:259 265 24 157 27
rect:19 253 183 87 6
rect:202 314 24 81 27
rect:234 93 60 118 14
Caracas1967_04.jpg 0x0
rect:158 426 47 129 26
rect:176 360 18 117 27
rect:94 276 206 167 34
Caracas1967_05.jpg 0x0
rect:40 165 352 606 41
rect:171 367 65 232 40
rect:44 255 57 257 40
rect:338 199 44 331 40
rect:73 459 180 206 52
rect:197 293 120 134 52
rect:170 298 51 288 40
rect:302 290 42 185 40
rect:42 80 392 624 48
rect:306 180 56 122 40
Caracas1967_06.jpg 0x0
rect:309 215 56 38 6
rect:269 102 283 242 7
Caracas1967_07.jpg 0x0
rect:225 118 58 245 27
rect:378 10 75 197 34
rect:483 38 28 226 27
rect:399 184 106 334 34
rect:537 342 110 138 53
rect:173 111 134 218 34
rect:521 463 120 94 53
Caracas1967_08.jpg 0x0
rect:287 269 57 76 54
rect:431 156 62 169 54
rect:258 247 50 94 55
Caracas1967_09.jpg 0x0
rect:23 300 57 56 48
rect:572 10 290 194 48
rect:199 123 123 107 48
rect:78 170 43 63 48
Caracas1967_10.jpg 0x0
rect:20 131 315 542 48
rect:48 158 194 372 41
rect:299 186 108 176 40
rect:357 391 83 167 40
Caracas1967_11.jpg 0x0
rect:49 274 241 388 41
rect:228 10 214 268 41
rect:35 10 284 590 48
Caracas1967_12.jpg 0x0
rect:841 202 16 46 32
rect:509 254 20 58 32
rect:580 226 35 45 34
rect:212 329 27 47 56
Caracas1967_13.jpg 0x0
rect:196 274 177 274 55
Caracas1967_14.jpg 0x0
rect:94 120 617 143 57
rect:117 359 334 46 6
Chichi1999_01.jpg 0x0
rect:257 112 65 211 42
rect:4 8 960 175 58
Chichi1999_02.jpg 0x0
rect:364 86 143 438 59
rect:5 67 430 124 58
Chichi1999_03.jpg 0x0
rect:0 114 911 171 58
rect:98 142 84 110 60
Chichi1999_04.jpg 0x0
rect:149 173 78 377 48
rect:208 247 25 51 52
rect:261 -20 64 109 48
Chichi1999_05.jpg 0x0
rect:427 174 40 50 41
rect:333 343 35 43 41
rect:317 196 42 90 52
rect:452 134 92 265 48
Chichi1999_06.jpg 0x0
rect:466 162 26 26 52
rect:746 159 50 67 41
rect:301 166 56 74 62
rect:395 -13 63 74 61
rect:139 14 364 163 10
rect:419 253 35 114 48
Chichi1999_07.jpg 0x0
rect:283 275 49 138 48
rect:126 176 25 46 64
rect:502 225 12 24 64
rect:397 196 26 47 64
rect:57 207 434 131 63
rect:109 225 49 148 48
rect:697 299 42 71 48
Chichi1999_08.jpg 0x0
rect:70 13 451 577 10
Chichi1999_09.jpg 0x0
rect:190 112 32 98 40
rect:146 69 186 151 48
rect:255 131 117 112 41
rect:211 98 44 58 40
Chichi1999_10.jpg 0x0
rect:209 17 502 505 10
Chichi1999_11.jpg 0x0
rect:2 102 237 554 10
rect:142 270 87 69 65
Chichi1999_12.jpg 0x0
rect:10 30 343 690 66
Chichi1999_13.jpg 0x0
rect:34 60 743 486 10
Chichi1999_14.jpg 0x0
rect:231 351 47 50 39
rect:185 149 116 64 67
rect:142 476 26 43 67
rect:311 587 72 70 67
rect:78 574 27 44 67
rect:183 166 14 34 67
rect:220 543 25 43 39
rect:154 316 31 62 67
rect:256 427 32 50 67
rect:112 269 37 58 67
rect:84 493 65 50 67
rect:222 392 27 66 67
rect:191 560 31 43 39
rect:214 581 39 36 67
rect:161 237 30 46 67
rect:86 497 56 59 67
rect:307 426 19 18 39
Chichi1999_15.jpg 0x0
rect:241 30 179 424 41
Chichi1999_16.jpg 0x0
rect:139 114 76 155 32
Chichi1999_17.jpg 0x0
rect:158 308 29 35 32
Chichi1999_18.jpg 0x0
rect:226 241 40 98 69
rect:272 380 48 150 70
rect:130 270 45 98 69
rect:161 287 24 148 69
rect:236 357 31 110 69
rect:176 168 121 467 68
Chichi1999_19.jpg 0x0
rect:188 19 214 452 2
rect:215 123 150 322 3
YogyakartaInd2006_03.jpg 0x0
rect:389 84 88 50 16
rect:238 332 263 140 71
rect:301 175 67 24 15
rect:232 570 194 27 15
rect:418 66 178 58 15
rect:218 112 16 7 16
rect:261 28 99 2 15
rect:268 451 46 25 16
Chichi1999_20.jpg 0x0
rect:252 523 61 232 41
rect:136 174 80 352 42
Chichi1999_21.jpg 0x0
rect:525 6 130 115 57
rect:21 4 233 189 30
rect:212 134 295 283 72
rect:319 25 209 196 37
rect:327 376 80 137 6
rect:148 301 195 109 37
rect:429 101 174 147 6
rect:86 487 217 114 5
Chichi1999_22.jpg 0x0
rect:173 259 15 22 73
rect:423 269 19 17 73
rect:288 140 339 190 10
rect:334 305 20 20 73
Chichi1999_23.jpg 0x0
rect:220 162 29 28 26
rect:101 166 19 23 34
rect:155 179 64 36 73
rect:225 293 34 82 34
rect:3 87 616 182 74
rect:308 196 33 18 27
rect:380 130 48 60 73
rect:151 268 45 101 34
rect:78 327 53 126 73
rect:290 294 56 75 73
Chichi1999_24.jpg 0x0
rect:204 222 158 70 75
rect:192 239 57 68 34
rect:3 303 235 217 74
rect:238 286 1 2 46
rect:241 161 38 78 46
Chichi1999_25.jpg 0x0
rect:130 255 96 292 34
rect:242 439 46 70 26
rect:199 255 124 417 73
Chichi1999_26.jpg 0x0
rect:164 662 102 133 27
rect:159 420 123 118 73
rect:207 19 57 28 73
rect:237 175 70 96 73
rect:158 235 88 283 76
rect:131 545 89 92 26
Chichi1999_27.jpg 0x0
rect:190 247 104 314 32
Chichi1999_28.jpg 0x0
rect:273 108 132 289 75
rect:348 258 203 146 77
rect:17 59 355 170 6
rect:169 137 102 261 5
Chichi1999_29.jpg 0x0
rect:221 270 125 112 40
rect:201 277 72 139 52
rect:129 139 156 370 48
Chichi1999_30.jpg 0x0
rect:254 106 254 228 40
rect:29 243 112 200 73
rect:258 124 250 74 52
rect:185 157 228 66 78
Chichi1999_31.jpg 0x0
rect:187 76 119 245 79
rect:533 116 47 241 48
Chichi1999_32.jpg 0x0
rect:114 8 105 284 80
rect:529 154 64 176 39
rect:133 69 59 202 81
rect:178 226 41 150 81
Chichi1999_33.jpg 0x0
rect:299 99 110 181 56
rect:247 91 118 251 32
rect:92 61 122 340 33
rect:349 130 36 126 49
rect:118 139 67 301 32
rect:150 176 44 94 49
Chichi1999_34.jpg 0x0
rect:167 72 533 304 10
Duzce1999_01.jpg 0x0
rect:107 132 96 130 41
rect:123 72 85 338 39
Duzce1999_02.jpg 0x0
rect:110 61 136 352 41
Duzce1999_03.jpg 0x0
rect:118 83 132 193 42
rect:0 227 100 245 31
rect:192 165 94 234 31
Gediz1970_01.jpg 0x0
rect:104 233 73 330 69
rect:289 414 94 270 69
rect:115 81 226 374 68
Guatemala1976_01.jpg 0x0
rect:386 135 52 53 41
rect:21 130 624 158 82
rect:41 125 125 96 48
rect:57 133 55 44 41
rect:79 180 66 61 52
rect:458 187 189 133 48
Guatemala1976_02.jpg 0x0
rect:227 56 335 228 48
rect:340 56 72 128 40
Guatemala1976_03.jpg 0x0
rect:15 67 853 291 75
Guatemala1976_04.jpg 0x0
rect:30 77 612 199 30
rect:474 158 173 293 4
rect:143 18 404 93 30
rect:618 191 99 326 4
Guatemala1976_05.jpg 0x0
rect:124 106 485 360 48
rect:158 160 215 172 41
rect:183 96 418 227 40
Guatemala1976_06.jpg 0x0
rect:113 104 203 392 39
Guatemala1976_07.jpg 0x0
rect:24 242 463 459 10
rect:18 371 48 60 6
rect:199 645 96 102 83
Guatemala1976_08.jpg 0x0
rect:163 37 451 426 48
rect:236 46 283 472 41
rect:316 78 238 224 40
Guatemala1976_09.jpg 0x0
rect:184 185 75 57 85
rect:246 314 89 29 85
rect:780 279 45 58 85
rect:113 306 27 30 84
rect:463 317 50 81 84
rect:75 286 42 24 85
rect:218 343 51 24 84
rect:469 325 69 47 84
Guatemala1976_10.jpg 0x0
rect:190 135 209 206 87
rect:261 456 34 83 87
rect:288 243 286 221 86
Guatemala1976_11.jpg 0x0
rect:223 166 162 290 34
GujaratIndia2001_01.jpg 0x0
rect:399 522 76 54 11
rect:22 422 168 116 4
rect:89 360 82 25 2
rect:203 523 269 110 2
Haiti2010_01.jpg 0x0
rect:268 327 19 96 40
rect:418 179 136 91 4
rect:269 151 210 417 41
rect:160 45 121 130 7
rect:534 443 142 261 4
Haiti2010_02.jpg 0x0
rect:376 39 226 36 14
rect:43 88 606 255 88
Haiti2010_03.jpg 0x0
rect:315 710 259 182 89
rect:254 310 147 163 32
rect:296 400 65 49 49
rect:433 1 72 484 32
Haiti2010_04.jpg 0x0
rect:2 127 347 160 6
rect:139 383 366 692 41
rect:203 62 255 236 34
Haiti2010_05.jpg 0x0
rect:271 166 186 143 52
rect:293 252 23 83 40
rect:267 162 299 427 90
rect:382 182 29 76 40
Haiti2010_06.jpg 0x0
rect:182 283 33 63 34
rect:420 125 147 326 33
rect:358 179 54 45 6
rect:328 281 49 190 32
rect:608 177 52 75 34
rect:626 156 506 777 91
rect:145 184 225 422 91
ImperialValley1979_01.jpg 0x0
rect:252 354 40 80 50
rect:70 251 109 145 50
rect:17 255 93 95 49
rect:358 335 37 27 50
rect:438 289 60 60 32
rect:686 284 13 22 49
rect:459 422 37 33 49
rect:11 339 154 107 32
rect:423 288 42 49 32
rect:470 337 38 28 32
rect:610 237 23 21 49
ImperialValley1979_02.jpg 0x0
rect:437 147 101 151 50
rect:125 206 375 46 92
rect:205 125 72 205 50
rect:283 152 139 46 49
rect:269 210 49 190 50
rect:186 74 176 190 32
ImperialValley1979_03.jpg 0x0
rect:144 230 178 175 32
rect:119 280 86 282 50
rect:105 485 241 52 92
rect:190 266 91 167 50
rect:141 345 193 30 92
rect:402 304 58 163 50
rect:200 214 184 161 32
Izmit1999_01.jpg 0x0
rect:554 250 68 76 26
rect:166 253 33 85 27
rect:207 95 52 136 27
rect:239 57 421 239 34
rect:274 120 65 146 27
Izmit1999_02.jpg 0x0
rect:29 148 524 339 10
Izmit1999_03.jpg 0x0
rect:529 80 59 282 50
rect:571 79 49 259 50
rect:262 43 343 274 32
rect:203 122 82 232 50
rect:165 140 320 38 92
rect:281 100 41 218 50
rect:422 68 39 247 50
rect:163 54 493 487 93
Izmit1999_04.jpg 0x0
rect:271 64 87 111 48
rect:49 561 50 126 41
rect:295 282 25 60 40
rect:166 342 159 54 88
rect:74 408 41 103 42
rect:128 428 153 169 88
rect:508 352 26 77 40
rect:286 378 91 89 41
rect:39 355 84 73 34
rect:279 83 108 102 41
Izmit1999_05.jpg 0x0
rect:72 27 687 498 10
Izmit1999_06.jpg 0x0
rect:236 194 63 182 50
rect:76 195 87 167 50
rect:202 262 33 169 50
rect:138 188 162 84 49
rect:153 144 86 233 50
rect:157 206 275 437 32
Izmit1999_07.jpg 0x0
rect:239 315 111 358 4
rect:150 371 56 170 3
rect:366 85 58 98 3
rect:218 184 44 92 3
rect:429 78 157 52 6
rect:26 86 456 424 2
rect:211 259 42 126 3
Izmit1999_08.jpg 0x0
rect:231 185 224 84 88
rect:475 107 75 34 52
rect:160 502 63 97 45
rect:586 93 91 56 41
rect:678 6 104 85 45
rect:116 108 94 69 41
rect:108 28 66 139 34
Izmit1999_09.jpg 0x0
rect:554 322 39 67 41
rect:315 280 69 65 41
rect:728 186 43 81 94
rect:35 203 32 50 41
rect:241 185 34 34 41
rect:357 268 74 101 94
Izmit1999_10.jpg 0x0
rect:110 187 392 470 41
rect:278 191 70 142 40
rect:381 615 72 20 78
rect:54 167 423 40 78
rect:329 145 147 120 40
rect:78 119 107 185 40
rect:77 251 306 47 78
rect:150 285 76 237 40
rect:240 402 120 47 78
rect:278 346 66 106 40
rect:320 672 87 106 40
Izmit1999_11.jpg 0x0
rect:178 255 159 192 41
rect:186 299 71 162 40
rect:207 397 148 116 41
rect:334 227 68 190 40
rect:180 239 96 210 40
Izmit1999_12.jpg 0x0
rect:293 231 48 23 6
rect:504 102 30 64 41
rect:336 265 75 101 41
rect:55 318 63 82 52
rect:13 74 36 22 6
rect:465 121 88 43 7
rect:1 193 26 50 41
rect:68 188 47 123 94
rect:76 328 21 50 40
rect:300 282 58 124 52
rect:314 112 65 79 45
rect:340 34 66 45 34
rect:281 242 76 115 94
rect:431 143 177 264 91
rect:65 95 29 17 6
rect:123 252 77 65 88
rect:391 172 46 63 41
rect:355 189 37 108 42
Izmit1999_13.jpg 0x0
rect:142 331 45 95 41
rect:94 254 97 169 94
rect:173 304 57 76 52
rect:148 163 53 52 6
rect:334 104 208 365 48
rect:291 97 94 111 41
rect:159 258 41 100 41
rect:5 97 98 120 42
rect:445 131 95 295 41
Izmit1999_14.jpg 0x0
rect:381 479 39 23 34
rect:409 116 81 62 35
rect:607 339 78 34 34
rect:504 263 98 45 34
rect:523 59 68 91 34
rect:38 143 111 65 34
rect:399 47 67 67 95
rect:357 297 37 33 34
rect:350 8 192 93 35
Izmit1999_15.jpg 0x0
rect:190 228 267 478 42
Izmit1999_16.jpg 0x0
rect:192 120 191 145 41
rect:125 89 192 225 39
rect:229 106 32 120 40
rect:117 87 308 453 33
Izmit1999_17.jpg 0x0
rect:77 155 196 297 41
Izmit1999_18.jpg 0x0
rect:151 149 127 318 39
rect:220 160 123 134 41
Izmit1999_19.jpg 0x0
rect:536 134 27 70 50
rect:167 142 331 273 32
rect:520 198 19 55 50
rect:305 62 341 426 96
Kobe1995_01.jpg 0x0
rect:31 177 918 156 63
Kobe1995_02.jpg 0x0
rect:2 56 496 427 68
Kobe1995_03.jpg 0x0
rect:48 46 340 455 10
Kobe1995_04.jpg 0x0
rect:373 254 49 41 41
Kobe1995_05.jpg 0x0
rect:371 180 124 539 40
rect:108 480 349 157 78
rect:55 238 540 94 78
rect:4 191 175 444 40
rect:178 121 232 393 52
Kobe1995_06.jpg 0x0
rect:233 463 220 271 42
rect:67 140 551 612 41
Kobe1995_07.jpg 0x0
rect:538 219 45 59 39
rect:237 141 23 28 39
rect:368 123 35 28 39
rect:204 131 39 42 39
rect:272 525 30 35 39
rect:116 292 34 35 39
rect:160 274 21 29 39
rect:262 419 37 42 39
rect:340 105 42 30 39
rect:258 263 46 36 39
rect:40 190 48 42 39
rect:198 105 33 43 39
rect:229 244 49 45 39
rect:149 392 42 29 39
rect:349 261 42 38 39
rect:300 388 47 21 39
rect:325 350 39 32 39
rect:473 322 29 36 39
rect:36 319 42 21 39
rect:559 585 30 43 39
rect:207 461 41 47 39
rect:220 342 34 35 39
rect:428 318 30 53 39
rect:219 189 25 57 39
rect:137 406 42 23 39
rect:206 294 34 55 39
Kobe1995_08.jpg 0x0
rect:360 76 314 231 97
Kobe1995_09.jpg 0x0
rect:265 407 257 94 97
rect:87 691 65 52 88
rect:79 438 80 75 88
rect:100 839 79 108 88
SanSalvador_1986_01.jpg 0x0
rect:69 3 103 255 68
rect:211 170 95 127 41
SanSalvador_1986_02.jpg 0x0
rect:548 201 46 38 42
rect:626 143 35 49 41
rect:259 236 44 39 41
rect:284 141 17 31 41
rect:156 216 33 24 41
rect:390 334 46 51 41
rect:311 238 33 45 41
rect:219 317 36 36 41
rect:214 296 22 27 41
SikkimIndia2001_01.jpg 0x0
rect:214 194 149 147 34
SikkimIndia2001_02.jpg 0x0
rect:379 80 119 131 33
rect:170 94 239 363 33
rect:422 261 106 18 16
rect:348 166 108 44 16
rect:-14 2 418 115 33
rect:596 126 64 35 16
rect:11 6 380 76 16
rect:8 205 44 44 54
SikkimIndia2001_03.jpg 0x0
rect:242 154 103 116 70
rect:175 12 150 424 98
rect:230 76 98 140 69
SikkimIndia2001_04.jpg 0x0
rect:3 28 179 250 99
rect:191 199 93 136 34
rect:423 257 240 91 99
SumatraInd2009_01.jpg 0x0
rect:188 24 79 382 81
SumatraInd2009_02.jpg 0x0
rect:174 96 203 156 41
WhittierNarrows1987_01.jpg 0x0
rect:16 30 759 440 10
WhittierNarrows1987_02.jpg 0x0
rect:175 273 135 250 41
WhittierNarrows1987_03.jpg 0x0
rect:279 158 130 298 32
WhittierNarrows1987_04.jpg 0x0
rect:291 11 198 133 100
rect:293 69 107 150 41
rect:245 7 348 56 6
YogyakartaInd2006_01.jpg 0x0
rect:254 143 380 69 49
rect:155 -19 377 512 29
rect:240 38 350 267 32
YogyakartaInd2006_02.jpg 0x0
rect:322 131 51 229 69
rect:473 86 80 156 70
rect:394 49 125 495 98
