Anchorage1964_01.jpg 0x0
rect:79 315 226 308 1
rect:103 6 170 136 1
Anchorage1964_02.jpg 0x0
rect:31 196 165 38 5
rect:557 241 12 59 3
rect:113 207 24 20 6
rect:457 249 94 61 4
rect:174 35 304 96 4
rect:162 157 52 55 7
rect:295 307 31 81 3
rect:146 219 309 96 2
rect:94 43 65 15 6
rect:313 265 28 60 3
rect:42 22 106 43 5
rect:304 363 23 43 3
rect:241 298 22 46 3
rect:374 225 18 49 3
rect:534 204 16 41 3
rect:434 62 118 134 8
rect:286 57 120 73 4
rect:118 176 55 18 6
rect:280 329 31 61 3
Anchorage1964_03.jpg 0x0
rect:2 295 223 88 9
rect:291 77 444 158 9
rect:0 347 843 75 10
Anchorage1964_04.jpg 0x0
rect:453 256 33 19 5
rect:358 108 39 18 5
rect:363 138 22 28 1
rect:228 371 16 23 1
rect:195 169 17 19 1
rect:117 181 33 15 5
rect:294 64 32 18 5
rect:140 77 28 14 5
rect:210 254 34 20 5
rect:169 556 32 24 5
rect:380 249 28 23 5
rect:206 275 29 20 1
rect:320 28 30 21 5
rect:164 204 24 21 5
rect:167 124 37 11 5
rect:344 205 13 22 1
rect:251 389 28 27 5
rect:163 321 26 22 5
rect:447 218 24 14 5
rect:365 130 40 14 5
rect:169 27 23 15 5
rect:212 434 44 21 2
rect:228 312 23 26 8
rect:441 377 24 14 5
rect:223 272 10 17 1
rect:462 577 35 17 5
rect:211 276 39 19 5
rect:331 92 20 23 1
rect:406 214 34 23 5
rect:241 194 25 15 5
rect:195 167 36 29 5
rect:274 137 30 16 5
rect:332 240 7 1 1
rect:300 373 19 27 1
rect:114 81 38 12 5
rect:225 170 14 25 1
rect:266 408 21 23 1
rect:267 245 19 28 1
rect:183 337 27 17 5
Anchorage1964_05.jpg 0x0
rect:72 222 22 27 1
rect:819 200 54 18 6
rect:23 503 21 57 1
rect:453 21 32 38 1
rect:842 258 51 35 5
rect:345 157 46 74 1
rect:357 162 16 16 11
rect:424 308 37 84 8
rect:386 86 40 58 1
rect:64 316 23 36 1
rect:46 185 17 43 1
rect:484 261 44 62 1
rect:459 372 55 47 1
rect:227 56 115 26 5
rect:113 226 28 47 1
rect:90 23 19 53 1
rect:72 73 15 59 1
rect:450 1 31 55 1
rect:455 80 50 60 1
rect:48 352 21 63 1
rect:444 290 39 88 8
rect:433 352 48 16 6
rect:300 220 129 54 2
rect:151 41 133 35 6
rect:46 88 21 41 1
rect:205 136 121 25 5
rect:519 313 61 31 5
rect:201 107 133 41 6
rect:505 168 36 22 11
Anchorage1964_06.jpg 0x0
rect:144 172 64 88 11
rect:184 149 77 283 3
rect:150 65 181 283 12
Anchorage1964_07.jpg 0x0
rect:261 188 49 119 13
rect:21 210 264 30 11
rect:205 2 84 62 2
rect:8 45 540 487 2
rect:312 144 142 106 11
rect:309 334 334 274 2
rect:370 164 36 88 3
rect:7 298 528 27 14
rect:382 140 106 84 11
Anchorage1964_08.jpg 0x0
rect:48 92 154 94 1
rect:53 252 116 71 1
rect:255 192 122 151 1
rect:440 554 117 100 1
rect:50 647 135 110 1
rect:418 35 139 84 1
Anchorage1964_09.jpg 0x0
rect:389 29 93 47 8
rect:687 333 97 77 8
rect:137 170 319 12 15
rect:293 201 48 46 1
rect:555 8 239 16 15
rect:18 112 24 11 16
rect:298 162 98 25 15
rect:133 143 69 85 1
rect:460 128 77 54 1
rect:615 122 81 69 1
rect:10 104 92 26 15
rect:94 34 70 91 8
rect:51 125 42 9 16
rect:755 158 136 16 15
rect:10 15 276 14 15
rect:13 17 53 13 16
rect:926 136 1 1 16
rect:107 369 60 59 8
rect:435 9 71 10 16
Anchorage1964_10.jpg 0x0
rect:70 178 430 455 1
rect:194 344 98 122 17
rect:162 247 270 99 18
rect:58 301 243 105 18
Anchorage1964_11.jpg 0x0
rect:209 174 345 42 11
rect:192 139 344 15 15
rect:59 507 707 23 14
rect:542 126 163 65 1
rect:62 432 608 12 14
rect:388 6 128 49 1
rect:113 77 226 92 4
rect:107 165 543 62 2
Anchorage1964_12.jpg 0x0
rect:320 83 38 180 3
rect:299 90 62 202 3
rect:11 57 495 206 2
rect:456 64 182 199 11
rect:237 221 20 113 3
Anchorage1964_13.jpg 0x0
rect:264 640 209 31 2
rect:463 371 37 131 20
rect:348 548 152 10 19
Anchorage1964_14.jpg 0x0
rect:184 676 31 75 22
rect:148 12 83 470 20
rect:452 307 211 56 15
rect:84 794 37 72 22
rect:23 685 31 68 22
rect:89 315 136 36 15
rect:10 649 243 105 11
rect:43 477 57 63 22
rect:165 209 81 86 21
rect:310 7 62 183 11
rect:379 457 206 78 23
rect:286 11 84 163 11
Anchorage1964_15.jpg 0x0
rect:330 126 59 67 25
rect:241 248 115 31 15
rect:144 70 81 321 20
rect:496 201 129 36 11
rect:297 380 160 41 2
rect:471 7 83 83 4
rect:230 149 33 77 11
rect:341 256 96 30 24
rect:294 9 75 69 4
Anchorage1964_16.jpg 0x0
rect:215 239 355 192 11
rect:209 85 245 131 2
rect:79 228 98 103 11
rect:13 336 62 73 2
rect:15 142 182 130 2
rect:391 268 139 216 2
Anchorage1964_17.jpg 0x0
rect:9 159 870 210 10
rect:10 95 272 135 9
rect:314 44 300 163 9
Anchorage1964_18.jpg 0x0
rect:148 331 52 49 11
rect:463 254 45 21 2
rect:467 135 103 85 4
rect:115 247 69 75 4
rect:428 284 231 37 15
rect:828 395 74 23 2
rect:115 327 23 55 11
rect:516 139 92 83 4
rect:379 370 69 22 2
rect:443 307 41 64 11
Anchorage1964_19.jpg 0x0
rect:447 96 16 32 26
rect:658 196 9 7 26
rect:445 231 19 29 26
rect:250 52 90 93 29
rect:204 337 39 58 26
rect:772 129 9 15 26
rect:528 154 16 23 26
rect:341 144 7 12 26
rect:409 203 8 28 26
rect:329 83 69 47 26
rect:332 94 35 30 27
rect:542 301 30 35 28
rect:470 122 21 54 29
rect:275 136 30 28 26
rect:468 124 46 40 28
rect:6 170 77 154 26
rect:32 249 28 95 27
rect:369 92 29 96 29
Anchorage1964_20.jpg 0x0
rect:470 453 42 58 26
rect:198 502 59 140 26
rect:182 136 77 51 27
rect:151 63 181 190 29
rect:162 103 81 67 26
Anchorage1964_21.jpg 0x0
rect:206 229 728 193 30
rect:55 293 27 34 26
rect:2 99 44 42 26
rect:-5 63 92 173 29
Bingol2003_01.jpg 0x0
rect:811 268 111 59 33
rect:23 292 92 62 33
rect:605 334 42 57 34
rect:677 190 73 82 33
rect:383 223 86 62 33
rect:374 70 166 254 31
rect:590 305 168 89 6
rect:279 354 127 85 6
rect:782 410 78 35 33
rect:654 61 74 70 6
rect:339 235 50 247 32
rect:702 144 120 92 6
rect:2 396 686 284 10
rect:567 192 91 74 6
rect:210 203 88 95 33
rect:671 386 199 205 31
rect:238 64 93 19 6
rect:413 143 65 92 34
rect:660 187 41 67 6
Bingol2003_02.jpg 0x0
rect:109 439 199 204 32
rect:136 122 406 186 34
rect:983 67 179 55 36
rect:229 220 105 336 32
rect:241 191 516 627 31
rect:431 225 467 166 35
rect:659 447 115 100 26
rect:245 445 66 95 6
Bingol2003_03.jpg 0x0
rect:268 127 503 227 2
rect:120 20 131 31 2
rect:513 263 281 53 11
rect:121 36 110 82 33
rect:648 285 215 544 4
rect:1014 357 175 309 2
rect:582 -8 229 198 4
Bingol2003_04.jpg 0x0
rect:113 402 248 169 2
rect:81 720 24 63 3
rect:420 530 151 80 2
rect:257 454 39 83 3
rect:162 608 36 109 3
rect:224 275 190 131 4
rect:91 480 96 70 2
rect:141 543 35 57 3
CanterburyNZSeries2010_01.jpg 0x0
rect:114 110 159 223 12
CanterburyNZSeries2010_02.jpg 0x0
rect:55 10 166 296 37
rect:56 42 183 299 6
CanterburyNZSeries2010_03.jpg 0x0
rect:37 66 281 148 38
CanterburyNZSeries2010_04.jpg 0x0
rect:358 386 31 39 40
rect:250 468 67 252 41
rect:251 311 32 215 40
rect:154 193 169 397 39
rect:244 286 26 73 40
rect:334 367 16 56 40
rect:429 489 58 127 40
rect:262 10 101 156 42
CanterburyNZSeries2010_05.jpg 0x0
rect:283 266 119 118 15
rect:215 451 145 398 4
CanterburyNZSeries2010_06.jpg 0x0
rect:57 118 932 562 4
rect:179 247 240 80 2
CanterburyNZSeries2010_08.jpg 0x0
rect:531 383 26 183 32
rect:607 150 209 233 43
rect:943 369 79 128 44
rect:706 701 52 106 44
CanterburyNZSeries2010_09.jpg 0x0
rect:307 243 166 401 39
rect:285 97 236 174 45
CanterburyNZSeries2010_10.jpg 0x0
rect:158 315 402 152 6
rect:318 196 246 101 7
rect:294 589 193 148 6
rect:249 307 156 65 46
CanterburyNZSeries2010_11.jpg 0x0
rect:266 174 350 93 7
rect:343 267 368 150 5
CanterburyNZSeries2010_12.jpg 0x0
rect:154 541 193 62 11
rect:6 255 1212 389 47
rect:704 592 162 62 11
rect:67 332 783 325 2
CanterburyNZSeries2010_13.jpg 0x0
rect:556 148 99 399 11
rect:171 17 519 738 12
Caracas1967_01.jpg 0x0
rect:293 210 40 111 48
rect:367 51 119 274 48
rect:262 213 9 61 48
rect:408 134 63 84 48
Caracas1967_02.jpg 0x0
rect:173 336 31 32 50
rect:257 1 114 192 15
rect:169 267 207 266 51
rect:157 295 38 75 49
Caracas1967_03.jpg 0x0
rect:236 269 128 149 34
rect:315 376 39 83 27
rect:338 373 41 70 27
rect:298 428 84 78 26
rect:195 52 89 85 14
rect:19 314 216 116 6
Caracas1967_04.jpg 0x0
rect:126 338 176 133 34
rect:100 273 19 82 27
rect:127 357 54 93 26
Caracas1967_05.jpg 0x0
rect:71 299 193 190 52
rect:272 299 61 161 40
rect:28 71 399 596 48
rect:34 181 404 377 41
rect:211 372 54 253 40
rect:156 441 40 299 40
rect:185 306 48 240 40
rect:473 172 57 268 40
rect:53 408 84 199 40
rect:228 249 141 117 52
Caracas1967_06.jpg 0x0
rect:350 93 271 209 7
rect:332 369 69 68 6
Caracas1967_07.jpg 0x0
rect:147 89 209 152 34
rect:487 8 92 333 34
rect:320 398 125 88 53
rect:284 115 48 178 27
rect:349 334 98 95 53
rect:484 40 39 239 27
rect:363 232 182 352 34
Caracas1967_08.jpg 0x0
rect:257 362 53 79 55
rect:235 276 47 111 54
rect:374 183 61 119 54
Caracas1967_09.jpg 0x0
rect:418 12 174 187 48
rect:21 248 70 50 48
rect:120 123 121 86 48
rect:90 265 67 87 48
Caracas1967_10.jpg 0x0
rect:23 230 531 559 48
rect:218 271 62 126 40
rect:279 282 53 236 40
rect:35 179 335 402 41
Caracas1967_11.jpg 0x0
rect:51 11 366 664 48
rect:42 260 231 635 41
rect:222 18 184 300 41
Caracas1967_12.jpg 0x0
rect:473 376 24 37 32
rect:716 318 26 51 32
rect:259 237 35 52 56
rect:602 329 24 37 34
Caracas1967_13.jpg 0x0
rect:178 480 114 343 55
Caracas1967_14.jpg 0x0
rect:142 331 250 41 6
rect:154 159 716 244 57
Chichi1999_01.jpg 0x0
rect:4 8 958 195 58
rect:361 165 49 268 42
Chichi1999_02.jpg 0x0
rect:431 117 220 341 59
rect:5 104 319 134 58
Chichi1999_03.jpg 0x0
rect:0 110 907 181 58
rect:74 179 60 82 60
Chichi1999_04.jpg 0x0
rect:174 186 80 433 48
rect:231 203 26 78 52
rect:200 -14 57 100 48
Chichi1999_05.jpg 0x0
rect:513 107 50 40 41
rect:419 229 25 25 41
rect:340 132 113 216 48
rect:268 202 42 86 52
Chichi1999_06.jpg 0x0
rect:159 14 658 230 10
rect:584 160 51 61 41
rect:729 -10 78 73 61
rect:443 182 25 36 52
rect:366 92 51 51 62
rect:242 209 63 121 48
Chichi1999_07.jpg 0x0
rect:652 331 14 21 64
rect:48 152 725 183 63
rect:282 279 40 108 48
rect:519 285 40 131 48
rect:476 197 33 46 64
rect:161 123 59 175 48
rect:145 193 31 50 64
Chichi1999_08.jpg 0x0
rect:119 19 611 362 10
Chichi1999_09.jpg 0x0
rect:296 109 34 86 40
rect:177 84 112 66 41
rect:229 109 50 86 40
rect:149 65 259 127 48
Chichi1999_10.jpg 0x0
rect:159 19 480 362 10
Chichi1999_11.jpg 0x0
rect:2 170 126 463 10
rect:141 240 75 119 65
Chichi1999_12.jpg 0x0
rect:9 29 324 707 66
Chichi1999_13.jpg 0x0
rect:38 49 885 496 10
Chichi1999_14.jpg 0x0
rect:114 140 113 52 67
rect:63 308 36 41 67
rect:227 321 17 43 67
rect:373 599 78 50 67
rect:174 591 36 43 67
rect:287 481 45 37 67
rect:130 510 30 27 67
rect:304 516 21 31 39
rect:142 315 35 43 67
rect:358 328 39 48 39
rect:85 307 43 46 67
rect:114 393 61 59 67
rect:187 401 23 56 67
rect:100 191 48 60 67
rect:96 588 49 42 67
rect:217 266 18 25 39
rect:267 234 45 49 39
Chichi1999_15.jpg 0x0
rect:250 37 235 446 41
Chichi1999_16.jpg 0x0
rect:221 129 72 151 32
Chichi1999_17.jpg 0x0
rect:172 314 18 43 32
Chichi1999_18.jpg 0x0
rect:191 305 30 157 69
rect:174 222 29 111 69
rect:287 363 51 115 70
rect:170 218 147 491 68
rect:124 302 25 131 69
rect:341 390 23 143 69
Chichi1999_19.jpg 0x0
rect:178 100 137 217 3
rect:223 18 244 349 2
YogyakartaInd2006_03.jpg 0x0
rect:433 68 105 46 16
rect:259 126 71 25 15
rect:224 329 213 37 15
rect:330 530 71 29 16
rect:262 198 22 8 16
rect:173 256 210 136 71
rect:214 25 120 2 15
rect:399 67 174 68 15
Chichi1999_20.jpg 0x0
rect:220 455 67 200 41
rect:158 194 75 294 42
Chichi1999_21.jpg 0x0
rect:196 376 194 182 37
rect:94 308 142 137 5
rect:386 7 160 108 57
rect:212 303 82 127 6
rect:214 105 195 243 72
rect:301 118 111 113 6
rect:20 5 162 160 30
rect:460 46 216 233 37
Chichi1999_22.jpg 0x0
rect:265 108 383 109 10
rect:231 238 17 20 73
rect:325 262 10 19 73
rect:389 308 20 16 73
Chichi1999_23.jpg 0x0
rect:375 225 43 75 73
rect:149 117 68 69 73
rect:115 263 56 113 73
rect:275 394 72 109 73
rect:313 318 38 84 34
rect:4 85 401 135 74
rect:109 174 25 27 34
rect:112 408 42 63 34
rect:226 183 35 27 27
rect:290 228 19 31 26
Chichi1999_24.jpg 0x0
rect:143 184 54 44 34
rect:430 299 1 2 46
rect:3 349 230 190 74
rect:160 194 143 117 75
rect:255 126 35 51 46
Chichi1999_25.jpg 0x0
rect:160 416 54 49 26
rect:164 234 146 264 34
rect:176 217 220 228 73
Chichi1999_26.jpg 0x0
rect:188 393 102 59 26
rect:262 14 60 25 73
rect:164 507 99 111 73
rect:141 591 122 114 27
rect:219 128 46 124 73
rect:225 360 133 489 76
Chichi1999_27.jpg 0x0
rect:123 220 84 394 32
Chichi1999_28.jpg 0x0
rect:137 106 178 227 5
rect:324 346 295 101 77
rect:353 133 181 273 75
rect:19 75 269 154 6
Chichi1999_29.jpg 0x0
rect:155 267 77 212 40
rect:147 224 236 341 48
rect:196 273 73 150 52
Chichi1999_30.jpg 0x0
rect:284 168 208 93 52
rect:24 205 72 141 73
rect:241 89 200 244 40
rect:233 137 239 67 78
Chichi1999_31.jpg 0x0
rect:367 126 50 189 48
rect:112 92 89 367 79
Chichi1999_32.jpg 0x0
rect:474 168 59 193 39
rect:210 60 32 125 81
rect:218 259 36 106 81
rect:147 7 92 312 80
Chichi1999_33.jpg 0x0
rect:257 89 137 361 32
rect:60 84 174 473 33
rect:111 125 40 150 49
rect:117 92 116 215 32
rect:206 160 45 141 49
rect:212 103 95 298 56
Chichi1999_34.jpg 0x0
rect:152 127 480 347 10
Duzce1999_01.jpg 0x0
rect:135 143 125 106 41
rect:129 70 102 244 39
Duzce1999_02.jpg 0x0
rect:76 63 122 321 41
Duzce1999_03.jpg 0x0
rect:233 119 72 305 31
rect:0 176 96 263 31
rect:76 124 135 220 42
Gediz1970_01.jpg 0x0
rect:186 534 88 207 69
rect:119 140 223 702 68
rect:118 375 84 301 69
Guatemala1976_01.jpg 0x0
rect:645 122 79 84 41
rect:20 103 784 135 82
rect:67 182 42 41 41
rect:45 147 61 34 52
rect:401 146 194 133 48
rect:41 171 86 156 48
Guatemala1976_02.jpg 0x0
rect:289 61 128 96 40
rect:158 65 280 327 48
Guatemala1976_03.jpg 0x0
rect:20 95 925 419 75
Guatemala1976_04.jpg 0x0
rect:609 296 78 183 4
rect:469 151 171 339 4
rect:29 78 635 210 30
rect:148 20 357 74 30
Guatemala1976_05.jpg 0x0
rect:124 110 310 208 40
rect:140 95 380 295 48
rect:167 190 298 146 41
Guatemala1976_06.jpg 0x0
rect:150 82 243 524 39
Guatemala1976_07.jpg 0x0
rect:21 259 47 48 6
rect:26 268 407 415 10
rect:187 456 110 71 83
Guatemala1976_08.jpg 0x0
rect:431 59 199 225 40
rect:155 28 419 463 48
rect:169 65 252 287 41
Guatemala1976_09.jpg 0x0
rect:403 298 60 51 84
rect:112 250 33 18 84
rect:154 316 39 22 84
rect:87 239 28 31 85
rect:677 237 43 63 84
rect:260 198 90 28 85
rect:215 277 62 74 85
rect:589 330 60 44 85
Guatemala1976_10.jpg 0x0
rect:168 140 248 247 86
rect:239 96 261 202 87
rect:309 407 32 91 87
Guatemala1976_11.jpg 0x0
rect:138 300 157 277 34
GujaratIndia2001_01.jpg 0x0
rect:55 612 50 39 2
rect:29 507 186 133 4
rect:168 480 168 86 2
rect:346 428 75 51 11
Haiti2010_01.jpg 0x0
rect:108 53 124 112 7
rect:288 294 23 149 40
rect:228 117 202 324 41
rect:460 288 116 151 4
rect:380 461 179 216 4
Haiti2010_02.jpg 0x0
rect:65 107 464 203 88
rect:236 30 150 38 14
Haiti2010_03.jpg 0x0
rect:368 1 50 401 32
rect:177 568 86 52 49
rect:223 806 273 270 89
rect:244 518 194 165 32
Haiti2010_04.jpg 0x0
rect:159 40 232 257 34
rect:121 330 315 538 41
rect:2 126 213 108 6
Haiti2010_05.jpg 0x0
rect:310 284 29 124 40
rect:173 180 279 529 90
rect:223 294 223 94 52
rect:468 203 41 121 40
Haiti2010_06.jpg 0x0
rect:560 156 635 864 91
rect:404 175 64 230 32
rect:190 292 328 439 91
rect:404 206 223 416 33
rect:385 204 72 52 6
rect:466 177 87 75 34
rect:191 303 36 36 34
ImperialValley1979_01.jpg 0x0
rect:583 223 23 21 49
rect:610 263 14 16 49
rect:269 309 53 54 50
rect:471 411 51 18 49
rect:14 365 158 104 32
rect:12 341 65 72 49
rect:345 394 61 68 32
rect:680 336 44 30 32
rect:613 397 52 45 32
rect:591 369 35 42 50
rect:44 316 81 139 50
ImperialValley1979_02.jpg 0x0
rect:121 125 90 166 50
rect:159 140 273 77 92
rect:398 177 49 104 50
rect:219 82 191 214 32
rect:320 182 160 59 49
rect:435 143 118 205 50
ImperialValley1979_03.jpg 0x0
rect:92 524 294 34 92
rect:94 204 170 228 32
rect:386 278 87 158 50
rect:143 163 221 195 32
rect:101 329 118 160 50
rect:120 455 236 41 92
rect:222 435 91 172 50
Izmit1999_01.jpg 0x0
rect:193 162 31 173 27
rect:226 88 49 232 27
rect:177 89 489 328 34
rect:547 238 41 60 26
rect:296 194 50 113 27
Izmit1999_02.jpg 0x0
rect:27 156 576 346 10
Izmit1999_03.jpg 0x0
rect:182 39 273 345 93
rect:238 181 42 259 50
rect:211 61 315 333 32
rect:411 64 36 296 50
rect:535 92 44 222 50
rect:155 212 373 30 92
rect:429 103 62 270 50
rect:219 80 57 228 50
Izmit1999_04.jpg 0x0
rect:46 532 43 109 41
rect:49 527 65 79 34
rect:138 609 245 101 88
rect:504 258 26 45 40
rect:350 94 100 87 41
rect:71 349 47 92 42
rect:271 300 25 78 40
rect:166 308 167 70 88
rect:406 58 102 129 48
rect:232 279 83 87 41
Izmit1999_05.jpg 0x0
rect:120 27 615 302 10
Izmit1999_06.jpg 0x0
rect:166 213 152 465 32
rect:64 240 88 148 50
rect:230 321 40 124 50
rect:370 252 63 122 50
rect:202 222 67 174 50
rect:148 258 130 82 49
Izmit1999_07.jpg 0x0
rect:191 224 59 93 3
rect:328 245 46 120 3
rect:19 122 327 411 2
rect:310 206 115 247 4
rect:312 61 145 35 6
rect:147 263 34 131 3
rect:273 138 60 76 3
Izmit1999_08.jpg 0x0
rect:428 86 81 54 41
rect:186 35 90 82 34
rect:132 406 99 112 45
rect:150 307 229 124 88
rect:391 100 70 29 52
rect:191 144 103 80 41
rect:460 5 79 70 45
Izmit1999_09.jpg 0x0
rect:332 212 107 68 41
rect:427 215 56 89 94
rect:495 282 58 69 41
rect:48 186 37 55 41
rect:216 224 51 45 41
rect:229 289 125 87 94
Izmit1999_10.jpg 0x0
rect:309 595 43 79 40
rect:273 202 75 197 40
rect:222 637 101 24 78
rect:40 229 421 58 78
rect:326 90 168 189 40
rect:299 591 103 135 40
rect:73 101 326 582 41
rect:180 146 112 257 40
rect:56 156 79 222 40
rect:232 366 182 36 78
rect:81 295 353 64 78
Izmit1999_11.jpg 0x0
rect:231 187 78 200 40
rect:173 474 79 101 41
rect:352 202 99 152 40
rect:245 148 106 206 41
rect:136 346 62 177 40
Izmit1999_12.jpg 0x0
rect:297 366 69 137 52
rect:265 237 49 109 42
rect:68 291 49 105 94
rect:550 143 40 72 41
rect:305 264 97 130 94
rect:316 159 63 61 7
rect:121 67 29 21 6
rect:671 172 257 213 91
rect:17 85 38 31 6
rect:396 111 46 98 41
rect:594 25 82 70 34
rect:205 143 57 31 6
rect:1 205 40 45 41
rect:73 389 29 49 40
rect:318 357 74 119 41
rect:448 109 55 57 45
rect:65 262 47 43 52
rect:140 271 61 44 88
Izmit1999_13.jpg 0x0
rect:103 176 106 123 94
rect:350 114 69 258 41
rect:83 149 55 31 6
rect:255 88 83 114 41
rect:249 77 192 433 48
rect:4 55 75 216 42
rect:184 188 95 55 52
rect:194 303 42 103 41
rect:156 325 38 93 41
Izmit1999_14.jpg 0x0
rect:371 456 47 19 34
rect:449 345 59 36 34
rect:279 309 48 40 34
rect:570 262 53 30 34
rect:65 145 95 48 34
rect:503 171 116 75 35
rect:308 7 163 76 35
rect:372 59 106 81 34
rect:346 59 53 64 95
Izmit1999_15.jpg 0x0
rect:135 155 317 263 42
Izmit1999_16.jpg 0x0
rect:208 98 47 138 40
rect:173 91 147 166 41
rect:115 69 266 202 39
rect:97 63 434 340 33
Izmit1999_17.jpg 0x0
rect:91 120 139 196 41
Izmit1999_18.jpg 0x0
rect:232 186 146 128 41
rect:238 126 156 236 39
Izmit1999_19.jpg 0x0
rect:274 75 317 230 96
rect:421 184 27 62 50
rect:486 164 33 76 50
rect:192 163 192 176 32
Kobe1995_01.jpg 0x0
rect:33 134 698 189 63
Kobe1995_02.jpg 0x0
rect:2 43 371 468 68
Kobe1995_03.jpg 0x0
rect:32 62 465 716 10
Kobe1995_04.jpg 0x0
rect:322 408 47 44 41
Kobe1995_05.jpg 0x0
rect:221 107 202 349 40
rect:4 199 98 600 40
rect:36 293 416 55 78
rect:71 498 398 147 78
rect:136 169 275 574 52
Kobe1995_06.jpg 0x0
rect:201 485 371 354 42
rect:41 170 342 480 41
Kobe1995_07.jpg 0x0
rect:277 317 20 27 39
rect:370 230 49 41 39
rect:360 222 39 32 39
rect:165 434 36 39 39
rect:205 302 41 62 39
rect:219 379 41 32 39
rect:341 177 45 41 39
rect:328 436 31 30 39
rect:47 196 41 47 39
rect:228 277 37 57 39
rect:152 348 47 37 39
rect:286 145 26 39 39
rect:179 229 32 28 39
rect:57 345 34 32 39
rect:536 469 24 41 39
rect:533 188 36 51 39
rect:143 500 33 36 39
rect:359 247 44 35 39
rect:372 163 31 56 39
rect:332 468 30 50 39
rect:218 108 39 41 39
rect:122 180 51 29 39
rect:298 167 41 41 39
rect:104 192 26 38 39
rect:290 272 48 26 39
rect:372 449 57 47 39
Kobe1995_08.jpg 0x0
rect:344 75 529 270 97
Kobe1995_09.jpg 0x0
rect:115 549 97 100 88
rect:202 517 162 101 97
rect:77 423 80 53 88
rect:79 677 77 54 88
SanSalvador_1986_01.jpg 0x0
rect:70 3 126 172 68
rect:234 198 95 179 41
SanSalvador_1986_02.jpg 0x0
rect:507 274 43 62 41
rect:136 257 39 30 41
rect:472 147 44 46 42
rect:135 194 28 41 41
rect:254 128 15 25 41
rect:360 235 23 45 41
rect:660 191 25 28 41
rect:260 141 57 30 41
rect:127 212 31 36 41
SikkimIndia2001_01.jpg 0x0
rect:231 150 110 98 34
SikkimIndia2001_02.jpg 0x0
rect:136 69 202 445 33
rect:8 6 333 64 16
rect:429 282 113 18 16
rect:476 124 72 44 16
rect:458 139 88 124 33
rect:-11 2 259 94 33
rect:228 185 74 52 16
rect:8 131 61 56 54
SikkimIndia2001_03.jpg 0x0
rect:241 14 153 329 98
rect:232 228 107 129 70
rect:175 97 61 221 69
SikkimIndia2001_04.jpg 0x0
rect:334 193 98 113 34
rect:299 161 262 78 99
rect:3 35 336 218 99
SumatraInd2009_01.jpg 0x0
rect:312 18 62 320 81
SumatraInd2009_02.jpg 0x0
rect:178 91 215 183 41
WhittierNarrows1987_01.jpg 0x0
rect:18 30 902 428 10
WhittierNarrows1987_02.jpg 0x0
rect:162 351 103 329 41
WhittierNarrows1987_03.jpg 0x0
rect:242 143 169 188 32
WhittierNarrows1987_04.jpg 0x0
rect:277 45 114 263 41
rect:171 8 277 99 6
rect:287 14 331 149 100
YogyakartaInd2006_01.jpg 0x0
rect:208 35 286 296 32
rect:305 158 306 56 49
rect:235 -25 338 391 29
YogyakartaInd2006_02.jpg 0x0
rect:264 124 50 203 69
rect:339 73 136 353 98
rect:350 136 97 215 70
