Anchorage1964_01.jpg 0x0
rect:97 6 190 166 1
rect:103 480 238 294 1
Anchorage1964_02.jpg 0x0
rect:53 40 67 16 6
rect:533 208 15 63 3
rect:350 61 139 80 8
rect:563 213 15 41 3
rect:205 64 75 60 4
rect:285 267 35 68 3
rect:38 30 199 51 5
rect:152 197 69 55 7
rect:246 276 25 61 3
rect:352 171 69 48 4
rect:31 148 149 54 5
rect:205 186 34 47 3
rect:268 221 28 42 3
rect:471 195 20 65 3
rect:215 306 457 97 2
rect:299 26 177 107 4
rect:358 283 19 70 3
rect:124 171 17 21 6
rect:161 223 54 16 6
Anchorage1964_03.jpg 0x0
rect:333 80 256 188 9
rect:0 244 513 82 10
rect:2 183 221 86 9
Anchorage1964_04.jpg 0x0
rect:204 423 13 29 1
rect:412 169 24 25 5
rect:307 306 22 19 5
rect:179 305 39 18 5
rect:124 82 36 18 5
rect:113 280 29 14 5
rect:267 361 26 29 1
rect:327 55 38 17 5
rect:211 162 24 16 5
rect:352 104 27 18 5
rect:318 373 36 20 5
rect:354 112 24 16 5
rect:220 166 12 23 1
rect:456 314 33 18 5
rect:335 187 23 24 5
rect:162 46 42 13 5
rect:303 345 22 24 1
rect:187 25 22 20 5
rect:400 253 22 23 5
rect:161 365 24 16 5
rect:340 324 19 32 1
rect:193 254 37 18 5
rect:319 158 19 22 1
rect:215 285 17 23 1
rect:257 231 18 31 1
rect:135 150 30 18 5
rect:126 434 34 13 5
rect:338 153 23 35 1
rect:358 328 8 1 1
rect:121 420 37 16 5
rect:168 321 21 20 8
rect:263 227 27 18 1
rect:337 352 29 22 5
rect:186 585 72 16 2
rect:454 213 32 21 5
rect:434 35 38 20 5
rect:413 241 30 22 5
rect:207 133 36 19 5
rect:199 368 12 24 1
Anchorage1964_05.jpg 0x0
rect:602 99 43 65 1
rect:354 1 54 45 1
rect:110 214 17 36 1
rect:208 190 154 29 5
rect:516 61 41 60 1
rect:738 325 75 36 5
rect:311 370 63 74 8
rect:561 190 40 68 1
rect:535 349 41 57 1
rect:663 360 54 85 8
rect:44 189 19 47 1
rect:773 311 57 27 5
rect:207 51 77 36 5
rect:190 164 110 45 6
rect:481 198 36 80 1
rect:85 63 25 56 1
rect:96 342 18 46 1
rect:529 22 41 55 1
rect:96 18 26 50 1
rect:480 312 43 19 6
rect:36 393 20 57 1
rect:686 330 46 15 6
rect:243 152 121 88 2
rect:64 198 19 32 1
rect:315 216 19 20 11
rect:164 38 97 47 6
rect:272 185 42 18 11
rect:75 92 15 65 1
rect:59 382 25 44 1
Anchorage1964_06.jpg 0x0
rect:192 125 86 220 3
rect:214 219 56 101 11
rect:112 85 153 369 12
Anchorage1964_07.jpg 0x0
rect:15 278 292 29 11
rect:211 2 104 65 2
rect:365 228 105 66 11
rect:386 112 53 167 3
rect:449 207 370 145 2
rect:8 283 339 23 14
rect:9 84 843 424 2
rect:337 163 143 129 11
rect:390 129 54 90 13
Anchorage1964_08.jpg 0x0
rect:59 208 122 126 1
rect:42 81 155 110 1
rect:349 218 153 143 1
rect:308 31 95 110 1
rect:37 409 89 170 1
rect:277 356 123 130 1
Anchorage1964_09.jpg 0x0
rect:420 201 74 95 1
rect:16 11 454 11 15
rect:123 180 268 13 15
rect:599 212 66 89 8
rect:502 88 117 33 15
rect:104 170 95 84 1
rect:565 10 94 11 16
rect:12 152 111 24 15
rect:601 25 76 74 8
rect:18 189 23 11 16
rect:119 267 65 75 8
rect:63 109 43 10 16
rect:693 194 1 1 16
rect:18 16 65 16 16
rect:310 134 66 83 1
rect:499 130 54 70 1
rect:409 8 317 15 15
rect:555 105 168 17 15
rect:106 53 51 54 8
Anchorage1964_10.jpg 0x0
rect:161 262 99 109 17
rect:89 321 226 163 18
rect:72 204 280 366 1
rect:135 260 227 102 18
Anchorage1964_11.jpg 0x0
rect:149 81 166 129 4
rect:58 506 713 16 14
rect:523 8 91 30 1
rect:420 115 156 115 1
rect:305 294 367 42 11
rect:94 293 655 21 14
rect:265 115 301 25 15
rect:94 190 473 93 2
Anchorage1964_12.jpg 0x0
rect:442 78 191 203 11
rect:15 73 566 365 2
rect:296 65 62 284 3
rect:237 164 36 111 3
rect:449 95 49 257 3
Anchorage1964_13.jpg 0x0
rect:258 469 156 12 19
rect:410 671 164 34 2
rect:365 440 35 160 20
Anchorage1964_14.jpg 0x0
rect:74 487 40 87 22
rect:45 674 61 61 22
rect:258 252 60 71 21
rect:377 680 187 55 23
rect:418 300 202 60 15
rect:322 11 61 262 11
rect:240 13 125 600 20
rect:12 405 193 104 11
rect:98 353 151 27 15
rect:19 458 37 64 22
rect:213 731 46 45 22
rect:403 7 90 104 11
Anchorage1964_15.jpg 0x0
rect:396 238 115 41 11
rect:140 82 82 542 20
rect:231 119 64 78 25
rect:175 629 243 47 2
rect:343 10 66 63 4
rect:253 292 177 33 15
rect:178 180 44 81 11
rect:269 338 99 37 24
rect:465 8 78 60 4
Anchorage1964_16.jpg 0x0
rect:12 134 166 192 2
rect:85 293 77 133 11
rect:182 175 221 144 11
rect:14 347 78 92 2
rect:645 213 181 183 2
rect:225 112 184 171 2
Anchorage1964_17.jpg 0x0
rect:340 65 172 249 9
rect:10 137 730 198 10
rect:13 115 308 137 9
Anchorage1964_18.jpg 0x0
rect:329 329 35 45 11
rect:481 214 107 18 2
rect:113 375 83 56 11
rect:295 146 82 81 4
rect:141 223 20 42 11
rect:424 114 127 107 4
rect:184 194 59 77 4
rect:360 386 30 22 2
rect:500 210 277 23 15
rect:451 353 54 19 2
Anchorage1964_19.jpg 0x0
rect:391 214 15 27 26
rect:386 74 45 45 26
rect:387 238 12 23 26
rect:494 141 55 43 28
rect:7 321 77 129 26
rect:320 248 18 38 26
rect:567 100 24 63 29
rect:524 175 45 46 28
rect:429 166 13 31 26
rect:227 67 55 172 29
rect:607 121 7 16 26
rect:302 246 54 63 26
rect:489 118 48 82 29
rect:321 135 26 34 27
rect:587 126 6 8 26
rect:297 126 22 32 26
rect:651 201 9 13 26
rect:32 305 42 99 27
Anchorage1964_20.jpg 0x0
rect:203 101 73 57 26
rect:205 91 67 43 27
rect:606 467 43 100 26
rect:228 52 166 152 29
rect:199 450 50 139 26
Anchorage1964_21.jpg 0x0
rect:214 133 510 145 30
rect:2 80 46 32 26
rect:65 326 27 41 26
rect:-6 86 89 163 29
Bingol2003_01.jpg 0x0
rect:1014 351 85 32 33
rect:1035 246 129 87 33
rect:347 244 54 76 33
rect:365 285 67 164 32
rect:547 132 117 67 6
rect:640 102 76 55 6
rect:575 302 111 64 33
rect:466 220 53 87 34
rect:476 254 226 126 31
rect:195 196 69 59 33
rect:454 287 52 43 6
rect:436 273 125 119 6
rect:474 92 152 203 31
rect:360 466 207 82 6
rect:34 298 88 46 33
rect:437 359 63 60 6
rect:489 490 52 44 34
rect:258 92 70 22 6
rect:2 365 1081 266 10
Bingol2003_02.jpg 0x0
rect:114 404 121 282 32
rect:206 104 462 129 34
rect:553 337 84 103 26
rect:775 82 123 85 36
rect:617 208 323 158 35
rect:464 302 63 83 6
rect:330 241 979 510 31
rect:174 228 96 484 32
Bingol2003_03.jpg 0x0
rect:150 41 110 132 33
rect:516 318 197 819 4
rect:429 189 197 61 11
rect:693 370 283 343 2
rect:675 -10 229 282 4
rect:115 19 146 37 2
rect:296 130 413 119 2
Bingol2003_04.jpg 0x0
rect:196 343 258 229 2
rect:142 404 36 95 3
rect:320 512 44 110 3
rect:381 752 142 88 2
rect:189 687 38 74 3
rect:71 537 26 67 3
rect:57 510 95 106 2
rect:339 314 140 143 4
CanterburyNZSeries2010_01.jpg 0x0
rect:69 123 94 337 12
CanterburyNZSeries2010_02.jpg 0x0
rect:48 52 171 302 6
rect:39 10 243 191 37
CanterburyNZSeries2010_03.jpg 0x0
rect:37 72 265 183 38
CanterburyNZSeries2010_04.jpg 0x0
rect:241 385 36 69 40
rect:352 383 19 63 40
rect:304 348 36 171 40
rect:237 385 116 311 41
rect:273 541 24 62 40
rect:472 398 59 159 40
rect:232 351 200 457 39
rect:282 10 89 234 42
CanterburyNZSeries2010_05.jpg 0x0
rect:396 236 164 137 15
rect:332 301 227 464 4
CanterburyNZSeries2010_06.jpg 0x0
rect:83 147 613 673 4
rect:331 189 309 144 2
CanterburyNZSeries2010_08.jpg 0x0
rect:647 585 70 177 44
rect:681 436 43 136 32
rect:643 145 171 331 43
rect:719 424 77 116 44
CanterburyNZSeries2010_09.jpg 0x0
rect:311 312 204 480 39
rect:251 163 147 194 45
CanterburyNZSeries2010_10.jpg 0x0
rect:388 173 199 81 7
rect:309 241 277 54 46
rect:230 428 297 108 6
rect:249 277 316 221 6
CanterburyNZSeries2010_11.jpg 0x0
rect:406 259 203 219 5
rect:411 152 409 158 7
CanterburyNZSeries2010_12.jpg 0x0
rect:231 433 180 52 11
rect:37 287 931 348 2
rect:5 238 1106 342 47
rect:574 627 118 64 11
CanterburyNZSeries2010_13.jpg 0x0
rect:164 12 496 653 12
rect:521 189 89 570 11
Caracas1967_01.jpg 0x0
rect:368 179 39 111 48
rect:309 59 137 350 48
rect:318 215 10 77 48
rect:414 184 68 103 48
Caracas1967_02.jpg 0x0
rect:144 274 49 34 50
rect:165 468 56 62 49
rect:127 192 154 285 51
rect:283 1 155 216 15
Caracas1967_03.jpg 0x0
rect:313 63 82 111 14
rect:281 495 30 66 27
rect:270 268 101 160 34
rect:301 477 57 81 26
rect:14 390 214 108 6
rect:349 272 37 136 27
Caracas1967_04.jpg 0x0
rect:156 375 19 101 27
rect:172 275 200 158 34
rect:133 334 43 117 26
Caracas1967_05.jpg 0x0
rect:43 142 257 399 41
rect:81 298 55 230 40
rect:288 237 102 188 52
rect:202 311 70 173 40
rect:410 289 37 147 40
rect:403 236 33 279 40
rect:203 387 54 240 40
rect:169 333 55 297 40
rect:72 372 257 243 52
rect:36 97 340 448 48
Caracas1967_06.jpg 0x0
rect:314 111 337 274 7
rect:281 289 76 64 6
Caracas1967_07.jpg 0x0
rect:134 146 212 277 34
rect:585 305 126 114 53
rect:436 504 85 90 53
rect:463 231 130 340 34
rect:305 6 107 287 34
rect:421 46 26 188 27
rect:208 100 32 186 27
Caracas1967_08.jpg 0x0
rect:151 262 62 116 55
rect:294 155 105 128 54
rect:201 321 55 76 54
Caracas1967_09.jpg 0x0
rect:187 212 103 69 48
rect:97 174 77 50 48
rect:323 10 204 110 48
rect:22 214 64 51 48
Caracas1967_10.jpg 0x0
rect:351 278 97 143 40
rect:214 281 86 145 40
rect:40 281 269 253 41
rect:21 173 334 283 48
Caracas1967_11.jpg 0x0
rect:60 258 174 406 41
rect:49 14 326 725 48
rect:241 10 150 247 41
Caracas1967_12.jpg 0x0
rect:740 290 17 48 32
rect:670 319 25 48 34
rect:304 250 22 57 56
rect:481 335 20 70 32
Caracas1967_13.jpg 0x0
rect:202 268 97 216 55
Caracas1967_14.jpg 0x0
rect:140 377 324 54 6
rect:115 124 740 251 57
Chichi1999_01.jpg 0x0
rect:4 10 876 149 58
rect:362 158 39 192 42
Chichi1999_02.jpg 0x0
rect:358 77 194 356 59
rect:7 100 473 118 58
Chichi1999_03.jpg 0x0
rect:70 211 65 121 60
rect:0 159 628 190 58
Chichi1999_04.jpg 0x0
rect:178 -12 44 159 48
rect:164 308 30 50 52
rect:196 147 68 349 48
Chichi1999_05.jpg 0x0
rect:417 242 44 86 52
rect:294 325 21 37 41
rect:268 91 124 293 48
rect:349 168 42 48 41
Chichi1999_06.jpg 0x0
rect:440 210 53 53 41
rect:346 296 20 36 52
rect:408 148 50 57 62
rect:461 -13 78 54 61
rect:138 22 616 202 10
rect:303 247 53 107 48
Chichi1999_07.jpg 0x0
rect:312 151 37 159 48
rect:497 301 22 28 64
rect:162 116 21 50 64
rect:495 245 30 33 64
rect:41 145 473 105 63
rect:439 309 33 135 48
rect:120 127 35 151 48
Chichi1999_08.jpg 0x0
rect:111 18 457 442 10
Chichi1999_09.jpg 0x0
rect:295 121 128 85 41
rect:199 89 159 161 48
rect:265 98 54 75 40
rect:213 104 29 67 40
Chichi1999_10.jpg 0x0
rect:225 16 674 464 10
Chichi1999_11.jpg 0x0
rect:2 123 138 673 10
rect:123 218 74 124 65
Chichi1999_12.jpg 0x0
rect:10 19 486 688 66
Chichi1999_13.jpg 0x0
rect:35 37 707 455 10
Chichi1999_14.jpg 0x0
rect:364 525 69 92 67
rect:315 587 50 51 67
rect:240 487 30 20 39
rect:85 443 48 55 67
rect:171 648 25 32 67
rect:391 283 39 49 39
rect:65 546 42 29 67
rect:138 140 77 56 67
rect:134 417 59 54 67
rect:368 482 38 37 39
rect:134 368 30 46 67
rect:86 313 42 59 67
rect:235 403 24 58 67
rect:245 376 32 38 67
rect:149 234 38 58 67
rect:276 272 19 56 67
rect:292 677 22 25 39
Chichi1999_15.jpg 0x0
rect:320 30 315 378 41
Chichi1999_16.jpg 0x0
rect:225 135 59 124 32
Chichi1999_17.jpg 0x0
rect:175 423 26 54 32
Chichi1999_18.jpg 0x0
rect:381 330 38 135 69
rect:203 318 27 101 69
rect:343 268 39 115 70
rect:300 275 28 108 69
rect:224 213 30 117 69
rect:117 258 159 467 68
Chichi1999_19.jpg 0x0
rect:176 87 124 300 3
rect:146 15 211 444 2
YogyakartaInd2006_03.jpg 0x0
rect:484 98 77 28 16
rect:288 191 389 184 71
rect:259 156 81 24 15
rect:300 313 66 29 16
rect:467 51 168 65 15
rect:202 22 70 2 15
rect:218 175 17 6 16
rect:211 447 244 37 15
Chichi1999_20.jpg 0x0
rect:159 185 78 297 42
rect:252 439 69 145 41
Chichi1999_21.jpg 0x0
rect:416 122 186 132 6
rect:413 6 90 130 57
rect:203 97 240 266 72
rect:65 459 117 109 5
rect:331 26 284 223 37
rect:229 362 177 107 37
rect:20 4 276 152 30
rect:322 261 74 108 6
Chichi1999_22.jpg 0x0
rect:187 164 336 199 10
rect:330 216 11 22 73
rect:208 279 21 16 73
rect:414 182 20 23 73
Chichi1999_23.jpg 0x0
rect:322 378 90 73 73
rect:341 147 30 59 73
rect:239 308 41 61 34
rect:4 59 480 189 74
rect:182 160 17 35 34
rect:97 171 54 59 73
rect:347 146 31 24 27
rect:135 442 47 92 34
rect:78 421 37 112 73
rect:333 151 33 32 26
Chichi1999_24.jpg 0x0
rect:231 132 181 112 75
rect:290 312 1 2 46
rect:181 276 79 47 34
rect:188 200 43 63 46
rect:3 357 363 232 74
Chichi1999_25.jpg 0x0
rect:234 259 38 86 26
rect:186 193 128 359 73
rect:169 245 89 229 34
Chichi1999_26.jpg 0x0
rect:296 13 58 26 73
rect:108 526 128 100 73
rect:110 514 77 52 26
rect:255 357 122 483 76
rect:195 191 56 123 73
rect:172 633 135 151 27
Chichi1999_27.jpg 0x0
rect:173 168 86 323 32
Chichi1999_28.jpg 0x0
rect:392 139 146 152 75
rect:20 89 258 126 6
rect:178 76 134 289 5
rect:276 346 261 146 77
Chichi1999_29.jpg 0x0
rect:192 206 84 142 52
rect:97 250 142 269 48
rect:154 217 104 178 40
Chichi1999_30.jpg 0x0
rect:277 128 183 56 52
rect:23 251 117 111 73
rect:231 220 221 62 78
rect:219 129 286 349 40
Chichi1999_31.jpg 0x0
rect:647 122 54 235 48
rect:114 74 159 325 79
Chichi1999_32.jpg 0x0
rect:111 9 88 296 80
rect:343 101 52 171 39
rect:216 44 34 137 81
rect:213 281 45 167 81
Chichi1999_33.jpg 0x0
rect:255 118 86 368 32
rect:65 45 117 626 33
rect:113 137 112 215 32
rect:113 131 41 123 49
rect:231 150 44 133 49
rect:251 87 127 316 56
Chichi1999_34.jpg 0x0
rect:167 126 495 316 10
Duzce1999_01.jpg 0x0
rect:96 155 131 106 41
rect:160 62 98 408 39
Duzce1999_02.jpg 0x0
rect:89 71 183 309 41
Duzce1999_03.jpg 0x0
rect:169 94 104 253 31
rect:0 212 97 287 31
rect:101 107 127 181 42
Gediz1970_01.jpg 0x0
rect:224 500 62 247 69
rect:89 118 185 399 68
rect:99 408 92 213 69
Guatemala1976_01.jpg 0x0
rect:432 125 54 65 41
rect:55 144 64 51 52
rect:24 116 776 174 82
rect:38 143 79 112 48
rect:562 152 161 141 48
rect:62 154 45 58 41
Guatemala1976_02.jpg 0x0
rect:318 75 106 80 40
rect:167 58 300 209 48
Guatemala1976_03.jpg 0x0
rect:17 86 737 232 75
Guatemala1976_04.jpg 0x0
rect:32 92 389 269 30
rect:761 228 122 350 4
rect:144 34 288 66 30
rect:356 214 125 172 4
Guatemala1976_05.jpg 0x0
rect:182 57 303 296 48
rect:161 197 287 178 41
rect:206 101 386 195 40
Guatemala1976_06.jpg 0x0
rect:131 78 279 342 39
Guatemala1976_07.jpg 0x0
rect:24 196 454 271 10
rect:22 365 73 60 6
rect:211 700 157 77 83
Guatemala1976_08.jpg 0x0
rect:136 33 295 389 48
rect:419 85 199 305 40
rect:150 42 278 433 41
Guatemala1976_09.jpg 0x0
rect:355 369 53 29 85
rect:453 228 69 46 85
rect:71 299 45 26 85
rect:467 387 61 68 84
rect:167 229 62 54 85
rect:113 250 33 23 84
rect:137 278 32 34 84
rect:807 360 56 51 84
Guatemala1976_10.jpg 0x0
rect:245 120 223 159 87
rect:431 403 42 130 87
rect:227 186 176 319 86
Guatemala1976_11.jpg 0x0
rect:203 230 144 193 34
GujaratIndia2001_01.jpg 0x0
rect:25 315 207 201 4
rect:213 330 236 66 2
rect:323 378 77 59 11
rect:92 437 62 24 2
Haiti2010_01.jpg 0x0
rect:395 484 154 175 4
rect:358 215 20 151 40
rect:583 194 99 115 4
rect:276 182 181 248 41
rect:172 55 147 104 7
Haiti2010_02.jpg 0x0
rect:45 70 366 240 88
rect:327 39 122 38 14
Haiti2010_03.jpg 0x0
rect:234 304 198 174 32
rect:322 464 187 265 89
rect:317 631 67 49 49
rect:253 1 67 495 32
Haiti2010_04.jpg 0x0
rect:256 34 221 365 34
rect:2 130 325 158 6
rect:196 362 324 711 41
Haiti2010_05.jpg 0x0
rect:210 254 210 96 52
rect:250 296 32 110 40
rect:287 166 320 410 90
rect:349 312 38 130 40
Haiti2010_06.jpg 0x0
rect:201 231 232 330 91
rect:493 214 82 101 34
rect:268 364 27 47 34
rect:346 280 80 283 32
rect:421 130 727 664 91
rect:372 242 67 35 6
rect:526 178 183 514 33
ImperialValley1979_01.jpg 0x0
rect:427 234 34 25 49
rect:283 414 45 50 32
rect:373 311 41 44 32
rect:454 330 31 16 49
rect:14 459 73 79 49
rect:477 281 26 36 32
rect:15 339 147 166 32
rect:367 349 21 18 49
rect:321 260 46 65 50
rect:435 335 32 51 50
rect:55 286 123 137 50
ImperialValley1979_02.jpg 0x0
rect:222 88 235 182 32
rect:201 154 69 137 50
rect:394 117 97 220 50
rect:271 275 129 58 49
rect:252 153 40 135 50
rect:122 205 374 65 92
ImperialValley1979_03.jpg 0x0
rect:111 280 307 232 32
rect:72 305 62 181 50
rect:80 292 299 43 92
rect:300 282 93 100 50
rect:138 549 277 31 92
rect:195 226 251 113 32
rect:408 213 54 164 50
Izmit1999_01.jpg 0x0
rect:251 183 33 78 27
rect:279 63 48 121 27
rect:180 53 373 331 34
rect:579 190 48 50 26
rect:258 107 37 159 27
Izmit1999_02.jpg 0x0
rect:28 117 825 290 10
Izmit1999_03.jpg 0x0
rect:408 72 29 203 50
rect:566 92 55 258 50
rect:133 194 485 26 92
rect:135 36 518 382 93
rect:226 60 197 428 32
rect:492 84 36 202 50
rect:164 172 42 209 50
rect:214 83 65 364 50
Izmit1999_04.jpg 0x0
rect:138 244 119 75 88
rect:295 67 59 124 48
rect:261 379 99 88 41
rect:97 428 159 128 88
rect:385 302 19 51 40
rect:237 71 74 53 41
rect:68 522 27 68 42
rect:52 470 87 55 34
rect:70 593 53 79 41
rect:408 453 22 59 40
Izmit1999_05.jpg 0x0
rect:112 33 645 548 10
Izmit1999_06.jpg 0x0
rect:234 277 54 186 50
rect:385 310 35 142 50
rect:87 330 83 223 50
rect:163 187 63 193 50
rect:136 195 155 520 32
rect:135 186 123 95 49
Izmit1999_07.jpg 0x0
rect:183 321 30 138 3
rect:29 113 503 784 2
rect:306 346 78 338 4
rect:269 222 48 77 3
rect:243 49 126 48 6
rect:359 142 66 84 3
rect:242 264 51 82 3
Izmit1999_08.jpg 0x0
rect:639 6 77 79 45
rect:248 215 240 110 88
rect:646 85 76 35 52
rect:163 135 65 75 41
rect:483 81 87 75 41
rect:121 467 91 76 45
rect:162 29 109 94 34
Izmit1999_09.jpg 0x0
rect:390 270 95 81 94
rect:804 235 48 68 41
rect:60 192 54 56 41
rect:246 234 72 117 41
rect:302 240 31 24 41
rect:775 308 52 66 94
Izmit1999_10.jpg 0x0
rect:193 408 62 59 40
rect:127 532 120 48 78
rect:65 157 74 133 40
rect:345 650 70 20 78
rect:102 128 415 381 41
rect:258 175 69 177 40
rect:44 233 332 31 78
rect:102 398 228 59 78
rect:169 205 73 292 40
rect:293 653 85 114 40
rect:228 103 104 160 40
Izmit1999_11.jpg 0x0
rect:196 305 87 155 40
rect:235 205 147 160 41
rect:223 202 55 127 40
rect:222 536 87 152 41
rect:332 244 100 173 40
Izmit1999_12.jpg 0x0
rect:487 233 219 253 91
rect:410 79 52 63 41
rect:248 113 50 56 45
rect:262 273 126 178 94
rect:121 224 95 47 88
rect:604 146 54 83 41
rect:472 202 77 71 7
rect:13 91 32 26 6
rect:409 315 66 106 41
rect:436 396 61 93 52
rect:287 136 48 108 42
rect:391 27 94 60 34
rect:253 141 46 25 6
rect:72 55 35 29 6
rect:83 207 30 43 40
rect:1 264 36 41 41
rect:62 260 53 82 94
rect:52 314 80 44 52
Izmit1999_13.jpg 0x0
rect:457 171 94 217 41
rect:312 90 56 87 41
rect:330 68 234 383 48
rect:198 253 43 118 41
rect:101 303 136 145 94
rect:5 90 104 229 42
rect:178 207 36 86 41
rect:213 322 61 54 52
rect:103 99 40 39 6
Izmit1999_14.jpg 0x0
rect:306 48 47 55 95
rect:301 260 49 34 34
rect:535 338 60 33 34
rect:409 474 31 25 34
rect:306 164 101 79 35
rect:376 412 71 53 34
rect:47 192 81 62 34
rect:300 6 112 65 35
rect:364 80 69 62 34
Izmit1999_15.jpg 0x0
rect:186 165 322 311 42
Izmit1999_16.jpg 0x0
rect:148 52 187 231 39
rect:71 47 419 628 33
rect:259 142 43 124 40
rect:118 90 217 169 41
Izmit1999_17.jpg 0x0
rect:104 110 137 218 41
Izmit1999_18.jpg 0x0
rect:128 112 124 278 39
rect:234 124 100 162 41
Izmit1999_19.jpg 0x0
rect:206 73 312 351 96
rect:273 96 284 294 32
rect:353 184 30 88 50
rect:457 131 17 65 50
Kobe1995_01.jpg 0x0
rect:26 120 990 149 63
Kobe1995_02.jpg 0x0
rect:2 59 571 528 68
Kobe1995_03.jpg 0x0
rect:33 48 482 529 10
Kobe1995_04.jpg 0x0
rect:336 372 64 49 41
Kobe1995_05.jpg 0x0
rect:5 210 155 644 40
rect:166 189 225 569 52
rect:43 340 322 86 78
rect:70 731 233 173 78
rect:371 141 131 331 40
Kobe1995_06.jpg 0x0
rect:62 168 555 549 41
rect:192 296 246 414 42
Kobe1995_07.jpg 0x0
rect:49 197 30 56 39
rect:194 175 33 39 39
rect:227 360 29 46 39
rect:275 588 33 40 39
rect:172 403 34 28 39
rect:225 271 36 31 39
rect:338 215 37 35 39
rect:179 80 30 44 39
rect:251 154 45 50 39
rect:50 409 35 36 39
rect:228 214 33 41 39
rect:121 297 36 48 39
rect:334 359 38 31 39
rect:231 106 43 50 39
rect:394 473 41 39 39
rect:523 575 35 32 39
rect:140 318 40 23 39
rect:367 375 60 42 39
rect:114 189 37 55 39
rect:251 373 26 41 39
rect:312 160 50 52 39
rect:190 328 45 31 39
rect:439 153 29 31 39
rect:208 225 30 47 39
rect:255 153 50 48 39
rect:285 420 35 42 39
Kobe1995_08.jpg 0x0
rect:353 57 588 256 97
Kobe1995_09.jpg 0x0
rect:132 613 79 82 88
rect:254 486 202 62 97
rect:84 597 84 77 88
rect:98 464 75 87 88
SanSalvador_1986_01.jpg 0x0
rect:233 138 126 181 41
rect:58 3 98 171 68
SanSalvador_1986_02.jpg 0x0
rect:333 159 58 43 41
rect:335 268 28 51 41
rect:237 154 14 29 41
rect:214 220 31 38 41
rect:186 165 33 24 41
rect:200 137 24 33 41
rect:453 235 34 35 41
rect:461 125 51 39 42
rect:445 200 31 42 41
SikkimIndia2001_01.jpg 0x0
rect:210 199 89 152 34
SikkimIndia2001_02.jpg 0x0
rect:210 205 108 38 16
rect:160 81 146 304 33
rect:9 7 364 76 16
rect:466 85 115 41 16
rect:402 300 91 21 16
rect:323 96 136 202 33
rect:-13 2 289 99 33
rect:7 116 58 57 54
SikkimIndia2001_03.jpg 0x0
rect:257 8 144 361 98
rect:143 83 62 178 69
rect:175 268 83 196 70
SikkimIndia2001_04.jpg 0x0
rect:419 143 315 83 99
rect:353 165 121 200 34
rect:3 29 335 231 99
SumatraInd2009_01.jpg 0x0
rect:305 31 84 251 81
SumatraInd2009_02.jpg 0x0
rect:204 101 235 176 41
WhittierNarrows1987_01.jpg 0x0
rect:18 30 1036 381 10
WhittierNarrows1987_02.jpg 0x0
rect:191 222 142 253 41
WhittierNarrows1987_03.jpg 0x0
rect:279 96 203 240 32
WhittierNarrows1987_04.jpg 0x0
rect:284 10 191 118 100
rect:252 7 385 97 6
rect:207 57 113 225 41
YogyakartaInd2006_01.jpg 0x0
rect:225 -23 494 518 29
rect:345 142 335 82 49
rect:284 47 295 357 32
YogyakartaInd2006_02.jpg 0x0
rect:284 56 169 289 98
rect:432 85 69 253 69
rect:389 93 83 201 70
