Anchorage1964_01.jpg 0x0
rect:123 7 248 190 1
rect:80 366 246 229 1
Anchorage1964_02.jpg 0x0
rect:158 233 441 117 2
rect:278 78 87 77 4
rect:259 323 32 68 3
rect:439 233 25 51 3
rect:412 66 120 123 8
rect:504 322 12 55 3
rect:381 192 74 69 4
rect:285 39 207 94 4
rect:32 258 133 49 5
rect:78 28 84 16 6
rect:39 18 123 38 5
rect:497 317 27 47 3
rect:369 199 30 43 3
rect:111 129 65 55 7
rect:328 284 28 89 3
rect:282 338 25 80 3
rect:125 201 42 12 6
rect:113 248 19 25 6
rect:502 300 15 74 3
Anchorage1964_03.jpg 0x0
rect:0 372 652 69 10
rect:2 161 216 94 9
rect:242 70 350 244 9
Anchorage1964_04.jpg 0x0
rect:404 48 26 21 5
rect:214 33 22 18 5
rect:203 223 37 23 5
rect:185 498 38 17 5
rect:345 426 17 29 1
rect:263 159 32 16 5
rect:200 438 16 28 1
rect:253 420 9 1 1
rect:218 118 22 14 5
rect:335 358 21 17 5
rect:132 146 27 19 5
rect:189 489 40 14 5
rect:179 75 37 22 5
rect:284 167 15 28 1
rect:299 239 22 28 1
rect:255 115 22 19 5
rect:397 339 34 20 5
rect:368 183 21 27 1
rect:457 440 19 20 5
rect:335 410 14 23 1
rect:136 220 29 14 5
rect:227 219 19 20 1
rect:254 510 71 17 2
rect:260 180 16 24 8
rect:278 480 41 22 5
rect:212 55 38 17 5
rect:161 495 41 21 5
rect:169 187 30 14 5
rect:287 406 17 21 5
rect:361 246 22 19 5
rect:120 306 35 18 5
rect:303 227 29 20 5
rect:237 258 16 30 1
rect:239 584 26 28 1
rect:426 251 22 24 5
rect:278 116 18 25 1
rect:266 241 24 24 1
rect:240 21 28 18 5
rect:452 179 29 16 5
Anchorage1964_05.jpg 0x0
rect:73 93 21 41 1
rect:142 162 139 23 5
rect:590 220 43 32 5
rect:270 207 35 17 11
rect:229 33 111 57 6
rect:583 319 66 26 5
rect:608 170 41 79 1
rect:110 26 20 31 1
rect:72 192 20 41 1
rect:560 426 50 49 8
rect:334 75 50 50 1
rect:558 89 35 64 1
rect:393 22 37 71 1
rect:168 130 130 50 6
rect:630 394 56 11 6
rect:231 142 144 93 2
rect:451 137 52 51 1
rect:207 230 27 21 11
rect:50 372 24 50 1
rect:200 36 114 39 5
rect:420 1 49 49 1
rect:53 53 22 49 1
rect:474 268 59 69 8
rect:61 173 18 35 1
rect:74 280 23 43 1
rect:494 338 39 64 1
rect:24 287 26 48 1
rect:770 257 31 24 6
rect:104 258 16 67 1
Anchorage1964_06.jpg 0x0
rect:213 105 81 299 3
rect:149 73 276 464 12
rect:156 213 54 73 11
Anchorage1964_07.jpg 0x0
rect:511 262 92 63 11
rect:338 197 410 173 2
rect:6 258 458 37 14
rect:171 2 85 78 2
rect:17 214 280 30 11
rect:228 129 54 93 3
rect:353 123 142 174 11
rect:257 184 61 140 13
rect:10 49 511 418 2
Anchorage1964_08.jpg 0x0
rect:44 610 139 103 1
rect:59 92 132 104 1
rect:372 42 116 103 1
rect:406 399 114 129 1
rect:295 298 149 135 1
rect:38 228 115 108 1
Anchorage1964_09.jpg 0x0
rect:483 134 96 17 15
rect:491 347 80 75 8
rect:882 209 1 1 16
rect:96 202 60 92 1
rect:255 173 87 89 1
rect:112 286 56 76 8
rect:17 19 308 11 15
rect:452 171 72 49 1
rect:66 127 68 10 16
rect:430 7 380 11 15
rect:14 18 70 14 16
rect:85 57 66 97 8
rect:14 139 24 12 16
rect:422 35 79 67 8
rect:557 8 137 11 16
rect:439 158 102 64 1
rect:176 114 387 14 15
rect:10 111 108 19 15
rect:521 131 109 29 15
Anchorage1964_10.jpg 0x0
rect:88 157 228 378 1
rect:215 295 110 135 17
rect:150 169 143 91 18
rect:73 343 303 158 18
Anchorage1964_11.jpg 0x0
rect:173 154 491 15 15
rect:313 250 302 34 11
rect:570 6 129 30 1
rect:129 165 578 88 2
rect:58 506 541 21 14
rect:787 130 164 81 1
rect:138 80 137 104 4
rect:59 553 681 12 14
Anchorage1964_12.jpg 0x0
rect:385 94 54 234 3
rect:224 191 35 122 3
rect:376 96 68 179 3
rect:472 75 121 214 11
rect:12 63 752 333 2
Anchorage1964_13.jpg 0x0
rect:309 586 201 27 2
rect:419 415 149 14 19
rect:487 490 38 196 20
Anchorage1964_14.jpg 0x0
rect:98 220 130 34 15
rect:239 10 124 791 20
rect:11 398 171 71 11
rect:372 229 187 53 15
rect:328 14 79 267 11
rect:373 452 130 55 23
rect:22 715 25 64 22
rect:43 492 63 87 22
rect:124 697 37 71 22
rect:512 6 59 181 11
rect:163 540 54 73 22
rect:207 353 91 112 21
Anchorage1964_15.jpg 0x0
rect:515 335 143 45 24
rect:199 74 87 500 20
rect:293 185 142 32 11
rect:291 7 111 83 4
rect:280 101 46 71 11
rect:162 303 204 31 15
rect:340 141 50 110 25
rect:234 332 255 75 2
rect:303 7 97 58 4
Anchorage1964_16.jpg 0x0
rect:16 253 68 93 2
rect:518 249 180 135 2
rect:179 105 245 157 2
rect:16 145 210 233 2
rect:96 347 79 125 11
rect:263 182 311 206 11
Anchorage1964_17.jpg 0x0
rect:220 65 185 221 9
rect:9 256 654 267 10
rect:10 85 180 150 9
Anchorage1964_18.jpg 0x0
rect:369 151 79 104 4
rect:471 246 379 29 15
rect:157 217 80 35 11
rect:431 264 81 18 2
rect:311 158 74 100 4
rect:178 264 18 62 11
rect:191 177 96 146 4
rect:444 369 34 20 2
rect:341 276 33 71 11
rect:699 256 67 15 2
Anchorage1964_19.jpg 0x0
rect:33 325 27 104 27
rect:419 86 37 36 27
rect:529 111 7 7 26
rect:375 100 38 33 26
rect:368 75 67 147 29
rect:406 254 26 44 28
rect:554 184 8 24 26
rect:888 174 10 11 26
rect:5 236 69 145 26
rect:405 281 18 39 26
rect:294 74 56 52 26
rect:472 95 6 16 26
rect:361 118 18 32 26
rect:485 81 39 86 29
rect:502 156 38 41 28
rect:245 223 55 72 26
rect:358 303 16 31 26
rect:483 167 24 56 29
Anchorage1964_20.jpg 0x0
rect:224 60 137 161 29
rect:508 413 50 57 26
rect:190 69 102 73 26
rect:234 530 50 154 26
rect:191 107 64 48 27
Anchorage1964_21.jpg 0x0
rect:36 380 40 34 26
rect:-7 54 99 120 29
rect:2 116 38 36 26
rect:201 225 430 137 30
Bingol2003_01.jpg 0x0
rect:601 258 115 46 33
rect:386 257 46 243 32
rect:776 156 101 71 6
rect:488 354 134 91 6
rect:145 216 59 90 33
rect:361 220 200 189 31
rect:667 325 77 45 6
rect:666 94 161 253 31
rect:33 282 71 70 33
rect:472 91 64 52 6
rect:481 151 54 140 34
rect:189 81 78 29 6
rect:635 258 79 58 33
rect:463 287 54 61 6
rect:2 401 622 197 10
rect:501 478 49 55 34
rect:324 251 101 50 33
rect:685 574 102 40 33
rect:349 479 97 108 6
Bingol2003_02.jpg 0x0
rect:272 223 610 459 31
rect:667 59 122 95 36
rect:646 449 101 87 26
rect:115 369 151 323 32
rect:191 115 310 210 34
rect:228 214 66 265 32
rect:268 380 59 73 6
rect:411 284 306 90 35
Bingol2003_03.jpg 0x0
rect:631 527 242 327 2
rect:420 168 256 162 2
rect:819 223 272 636 4
rect:72 20 165 42 2
rect:100 50 132 106 33
rect:401 193 237 91 11
rect:888 -7 306 276 4
Bingol2003_04.jpg 0x0
rect:231 359 23 74 3
rect:147 328 229 153 2
rect:93 594 23 88 3
rect:434 772 106 77 2
rect:56 413 74 79 2
rect:109 577 30 56 3
rect:323 353 31 138 3
rect:326 205 113 166 4
CanterburyNZSeries2010_01.jpg 0x0
rect:107 121 171 279 12
CanterburyNZSeries2010_02.jpg 0x0
rect:30 8 127 297 37
rect:58 50 137 226 6
CanterburyNZSeries2010_03.jpg 0x0
rect:39 62 452 177 38
CanterburyNZSeries2010_04.jpg 0x0
rect:252 434 29 160 40
rect:178 212 151 424 39
rect:178 332 109 174 41
rect:406 270 13 63 40
rect:176 10 130 226 42
rect:326 449 17 57 40
rect:287 445 51 156 40
rect:268 308 37 61 40
CanterburyNZSeries2010_05.jpg 0x0
rect:220 274 106 109 15
rect:257 291 238 255 4
CanterburyNZSeries2010_06.jpg 0x0
rect:90 106 809 645 4
rect:317 258 202 81 2
CanterburyNZSeries2010_08.jpg 0x0
rect:1015 379 56 156 44
rect:589 549 23 204 32
rect:588 455 109 145 44
rect:448 190 200 275 43
CanterburyNZSeries2010_09.jpg 0x0
rect:190 171 159 214 45
rect:324 363 117 446 39
CanterburyNZSeries2010_10.jpg 0x0
rect:278 315 147 76 46
rect:185 209 278 261 6
rect:245 134 295 138 7
rect:213 348 266 84 6
CanterburyNZSeries2010_11.jpg 0x0
rect:341 416 351 228 5
rect:285 200 237 155 7
CanterburyNZSeries2010_12.jpg 0x0
rect:738 535 125 66 11
rect:46 371 673 293 2
rect:6 234 1225 495 47
rect:148 613 125 58 11
CanterburyNZSeries2010_13.jpg 0x0
rect:211 22 402 704 12
rect:412 205 122 608 11
Caracas1967_01.jpg 0x0
rect:364 201 50 72 48
rect:433 114 93 130 48
rect:281 184 8 82 48
rect:555 84 127 322 48
Caracas1967_02.jpg 0x0
rect:239 1 136 127 15
rect:146 389 33 25 50
rect:172 199 216 225 51
rect:92 340 45 80 49
Caracas1967_03.jpg 0x0
rect:234 423 112 218 34
rect:292 372 29 118 27
rect:17 304 324 96 6
rect:325 355 41 61 27
rect:318 284 67 82 26
rect:269 95 68 86 14
Caracas1967_04.jpg 0x0
rect:181 333 55 102 26
rect:143 424 198 119 34
rect:179 314 25 102 27
Caracas1967_05.jpg 0x0
rect:243 232 65 234 40
rect:36 168 386 562 41
rect:68 382 164 144 52
rect:255 250 47 242 40
rect:23 94 370 442 48
rect:187 308 99 177 52
rect:282 200 33 202 40
rect:116 295 57 273 40
rect:46 363 69 200 40
rect:260 239 70 280 40
Caracas1967_06.jpg 0x0
rect:442 108 216 266 7
rect:243 367 85 36 6
Caracas1967_07.jpg 0x0
rect:395 285 157 246 34
rect:484 50 36 291 27
rect:492 8 74 226 34
rect:364 434 127 57 53
rect:155 102 135 242 34
rect:177 138 47 176 27
rect:424 273 74 141 53
Caracas1967_08.jpg 0x0
rect:231 345 52 93 55
rect:331 147 106 103 54
rect:164 392 74 108 54
Caracas1967_09.jpg 0x0
rect:378 9 230 139 48
rect:26 218 70 62 48
rect:204 153 94 105 48
rect:114 209 68 77 48
Caracas1967_10.jpg 0x0
rect:296 419 90 195 40
rect:254 212 59 228 40
rect:31 165 345 415 41
rect:23 208 409 544 48
Caracas1967_11.jpg 0x0
rect:276 14 228 315 41
rect:51 15 477 787 48
rect:78 269 275 624 41
Caracas1967_12.jpg 0x0
rect:371 207 44 38 34
rect:237 370 27 42 56
rect:511 318 22 54 32
rect:674 487 20 43 32
Caracas1967_13.jpg 0x0
rect:112 421 143 233 55
Caracas1967_14.jpg 0x0
rect:127 165 545 223 57
rect:150 216 231 38 6
Chichi1999_01.jpg 0x0
rect:4 8 529 135 58
rect:263 157 37 162 42
Chichi1999_02.jpg 0x0
rect:369 112 169 274 59
rect:6 121 486 202 58
Chichi1999_03.jpg 0x0
rect:98 181 48 135 60
rect:0 168 833 223 58
Chichi1999_04.jpg 0x0
rect:251 268 65 266 48
rect:229 -13 51 114 48
rect:240 174 35 59 52
Chichi1999_05.jpg 0x0
rect:299 218 50 79 52
rect:415 129 39 50 41
rect:405 145 120 239 48
rect:283 288 37 32 41
Chichi1999_06.jpg 0x0
rect:343 111 60 73 62
rect:484 195 15 39 52
rect:214 17 646 246 10
rect:596 144 34 44 41
rect:412 -14 87 95 61
rect:234 259 49 83 48
Chichi1999_07.jpg 0x0
rect:307 275 22 30 64
rect:153 171 58 168 48
rect:626 168 44 120 48
rect:506 276 39 143 48
rect:69 171 583 103 63
rect:205 123 29 31 64
rect:700 247 13 18 64
Chichi1999_08.jpg 0x0
rect:96 11 508 506 10
Chichi1999_09.jpg 0x0
rect:250 71 147 231 48
rect:217 113 40 63 40
rect:155 97 153 87 41
rect:303 92 41 95 40
Chichi1999_10.jpg 0x0
rect:197 14 380 411 10
Chichi1999_11.jpg 0x0
rect:2 121 231 499 10
rect:150 280 134 117 65
Chichi1999_12.jpg 0x0
rect:8 26 366 628 66
Chichi1999_13.jpg 0x0
rect:26 38 920 316 10
Chichi1999_14.jpg 0x0
rect:240 313 44 53 67
rect:116 463 34 42 67
rect:111 231 54 68 67
rect:110 483 59 61 67
rect:157 304 15 51 67
rect:52 669 40 62 67
rect:283 498 34 47 67
rect:210 244 38 42 39
rect:220 595 24 37 39
rect:307 269 30 25 39
rect:138 361 24 54 67
rect:405 425 92 71 67
rect:110 156 101 54 67
rect:112 301 35 47 67
rect:197 436 22 41 39
rect:116 478 29 41 67
rect:114 298 27 47 67
Chichi1999_15.jpg 0x0
rect:225 26 181 529 41
Chichi1999_16.jpg 0x0
rect:210 162 79 132 32
Chichi1999_17.jpg 0x0
rect:139 233 24 44 32
Chichi1999_18.jpg 0x0
rect:195 180 22 99 69
rect:181 229 33 111 69
rect:179 251 50 72 69
rect:329 381 26 111 69
rect:196 240 168 312 68
rect:273 395 53 89 70
Chichi1999_19.jpg 0x0
rect:197 127 223 232 3
rect:243 27 306 508 2
YogyakartaInd2006_03.jpg 0x0
rect:210 438 56 23 16
rect:239 240 348 120 71
rect:488 60 83 42 16
rect:341 65 121 71 15
rect:173 131 25 8 16
rect:193 26 88 2 15
rect:220 188 75 30 15
rect:293 402 218 35 15
Chichi1999_20.jpg 0x0
rect:311 438 57 227 41
rect:121 225 104 418 42
Chichi1999_21.jpg 0x0
rect:163 100 294 295 72
rect:444 8 97 108 57
rect:253 234 111 145 6
rect:330 149 204 90 6
rect:402 41 236 261 37
rect:89 308 196 83 5
rect:252 214 169 102 37
rect:19 4 196 110 30
Chichi1999_22.jpg 0x0
rect:201 211 341 152 10
rect:357 322 19 22 73
rect:250 263 14 24 73
rect:379 268 12 22 73
Chichi1999_23.jpg 0x0
rect:4 72 479 130 74
rect:334 282 75 115 73
rect:168 123 41 61 73
rect:198 153 42 76 73
rect:202 186 38 27 27
rect:114 332 58 90 73
rect:293 221 29 34 26
rect:365 353 33 78 34
rect:81 380 49 71 34
rect:155 172 22 21 34
Chichi1999_24.jpg 0x0
rect:209 218 163 74 75
rect:197 196 57 67 46
rect:396 303 1 2 46
rect:191 265 56 50 34
rect:3 274 226 243 74
Chichi1999_25.jpg 0x0
rect:152 279 197 404 73
rect:194 270 111 157 34
rect:221 351 35 54 26
Chichi1999_26.jpg 0x0
rect:222 206 52 88 73
rect:252 252 99 404 76
rect:301 12 58 25 73
rect:115 473 139 87 27
rect:118 525 176 102 73
rect:164 557 89 69 26
Chichi1999_27.jpg 0x0
rect:154 203 85 283 32
Chichi1999_28.jpg 0x0
rect:195 120 142 238 5
rect:248 315 168 153 77
rect:242 159 129 299 75
rect:24 64 247 138 6
Chichi1999_29.jpg 0x0
rect:134 253 199 204 48
rect:153 239 142 113 40
rect:207 294 83 181 52
Chichi1999_30.jpg 0x0
rect:268 182 141 54 78
rect:248 155 232 93 52
rect:37 205 83 123 73
rect:241 135 337 278 40
Chichi1999_31.jpg 0x0
rect:108 74 152 240 79
rect:467 115 41 227 48
Chichi1999_32.jpg 0x0
rect:228 51 34 189 81
rect:418 104 47 232 39
rect:215 189 45 114 81
rect:192 8 107 458 80
Chichi1999_33.jpg 0x0
rect:227 106 79 213 56
rect:60 82 89 340 33
rect:91 112 53 147 49
rect:141 93 61 260 32
rect:327 80 103 368 32
rect:365 165 32 144 49
Chichi1999_34.jpg 0x0
rect:135 98 483 469 10
Duzce1999_01.jpg 0x0
rect:176 70 81 340 39
rect:115 101 107 91 41
Duzce1999_02.jpg 0x0
rect:97 37 180 315 41
Duzce1999_03.jpg 0x0
rect:97 97 134 315 42
rect:0 230 90 259 31
rect:228 159 108 282 31
Gediz1970_01.jpg 0x0
rect:142 391 97 238 69
rect:289 450 87 211 69
rect:88 85 242 656 68
Guatemala1976_01.jpg 0x0
rect:63 173 34 53 41
rect:60 220 64 48 52
rect:50 133 68 131 48
rect:437 150 170 114 48
rect:30 94 414 137 82
rect:649 173 51 71 41
Guatemala1976_02.jpg 0x0
rect:163 81 381 268 48
rect:176 48 113 127 40
Guatemala1976_03.jpg 0x0
rect:19 67 625 392 75
Guatemala1976_04.jpg 0x0
rect:47 59 358 264 30
rect:763 185 96 447 4
rect:111 32 454 93 30
rect:606 333 112 200 4
Guatemala1976_05.jpg 0x0
rect:148 60 377 332 48
rect:151 147 289 112 41
rect:217 177 278 220 40
Guatemala1976_06.jpg 0x0
rect:113 127 275 324 39
Guatemala1976_07.jpg 0x0
rect:21 244 76 71 6
rect:18 211 569 329 10
rect:190 598 90 88 83
Guatemala1976_08.jpg 0x0
rect:181 32 513 520 48
rect:383 60 185 240 40
rect:205 56 398 422 41
Guatemala1976_09.jpg 0x0
rect:63 348 41 32 84
rect:591 319 60 67 85
rect:242 249 48 29 84
rect:188 194 62 42 85
rect:411 370 79 23 85
rect:288 217 42 48 84
rect:767 239 56 92 84
rect:106 302 29 26 85
Guatemala1976_10.jpg 0x0
rect:275 131 236 364 86
rect:158 169 301 191 87
rect:325 333 34 126 87
Guatemala1976_11.jpg 0x0
rect:181 262 151 260 34
GujaratIndia2001_01.jpg 0x0
rect:336 472 76 49 11
rect:35 403 198 144 4
rect:57 473 59 36 2
rect:158 493 237 77 2
Haiti2010_01.jpg 0x0
rect:534 415 233 210 4
rect:334 312 32 94 40
rect:437 304 99 107 4
rect:291 116 229 364 41
rect:95 54 121 147 7
Haiti2010_02.jpg 0x0
rect:35 73 603 220 88
rect:281 28 191 38 14
Haiti2010_03.jpg 0x0
rect:291 544 63 64 49
rect:368 1 52 470 32
rect:160 341 233 274 32
rect:274 627 223 273 89
Haiti2010_04.jpg 0x0
rect:159 46 278 277 34
rect:2 128 338 197 6
rect:145 274 350 410 41
Haiti2010_05.jpg 0x0
rect:320 318 36 81 40
rect:296 296 219 126 52
rect:284 164 193 544 90
rect:302 285 40 120 40
Haiti2010_06.jpg 0x0
rect:141 277 30 61 34
rect:583 246 77 208 32
rect:567 212 730 474 91
rect:398 150 86 42 6
rect:445 123 258 336 33
rect:201 285 201 374 91
rect:621 168 86 66 34
ImperialValley1979_01.jpg 0x0
rect:330 392 51 58 50
rect:309 265 44 56 32
rect:564 363 36 39 32
rect:577 328 59 46 32
rect:13 334 183 147 32
rect:281 297 55 19 49
rect:382 290 17 21 49
rect:601 342 34 16 49
rect:355 350 30 31 50
rect:16 455 75 89 49
rect:40 354 91 105 50
ImperialValley1979_02.jpg 0x0
rect:357 109 90 201 50
rect:207 67 204 226 32
rect:203 182 377 70 92
rect:174 113 98 156 50
rect:187 176 113 61 49
rect:220 149 48 147 50
ImperialValley1979_03.jpg 0x0
rect:192 318 64 122 50
rect:147 200 238 161 32
rect:199 141 169 168 32
rect:83 237 97 172 50
rect:100 453 270 50 92
rect:143 468 275 34 92
rect:265 296 83 227 50
Izmit1999_01.jpg 0x0
rect:364 64 65 168 27
rect:235 70 406 343 34
rect:258 130 43 180 27
rect:195 300 46 102 27
rect:579 313 40 76 26
Izmit1999_02.jpg 0x0
rect:25 111 883 319 10
Izmit1999_03.jpg 0x0
rect:471 66 53 213 50
rect:220 126 66 335 50
rect:307 50 263 442 32
rect:131 45 376 272 93
rect:457 99 62 211 50
rect:255 129 30 206 50
rect:450 111 28 313 50
rect:116 206 331 36 92
Izmit1999_04.jpg 0x0
rect:141 187 128 79 88
rect:41 604 41 78 41
rect:117 582 173 136 88
rect:293 354 74 105 41
rect:255 58 97 67 41
rect:499 393 20 51 40
rect:37 506 66 67 34
rect:62 435 39 76 42
rect:233 89 99 115 48
rect:312 455 24 49 40
Izmit1999_05.jpg 0x0
rect:99 32 669 438 10
Izmit1999_06.jpg 0x0
rect:160 209 83 209 50
rect:135 310 150 103 49
rect:345 205 61 200 50
rect:116 161 146 361 32
rect:87 274 68 187 50
rect:193 313 48 188 50
Izmit1999_07.jpg 0x0
rect:425 52 120 39 6
rect:154 395 34 135 3
rect:250 143 56 104 3
rect:28 135 291 406 2
rect:336 366 113 288 4
rect:359 148 43 108 3
rect:229 276 53 91 3
Izmit1999_08.jpg 0x0
rect:152 144 86 68 41
rect:288 235 256 139 88
rect:705 101 77 31 52
rect:106 322 103 122 45
rect:177 19 90 105 34
rect:469 5 89 72 45
rect:559 61 71 90 41
Izmit1999_09.jpg 0x0
rect:385 230 77 83 94
rect:627 316 68 45 41
rect:455 252 111 115 41
rect:543 307 67 71 94
rect:39 275 32 69 41
rect:358 227 35 33 41
Izmit1999_10.jpg 0x0
rect:330 158 167 145 40
rect:112 170 289 393 41
rect:130 298 348 68 78
rect:193 206 72 171 40
rect:71 182 79 182 40
rect:229 446 46 85 40
rect:202 583 53 32 78
rect:197 204 75 308 40
rect:242 428 128 30 78
rect:51 247 468 57 78
rect:277 518 83 120 40
Izmit1999_11.jpg 0x0
rect:177 226 67 196 40
rect:206 172 175 125 41
rect:228 558 132 139 41
rect:349 193 78 246 40
rect:176 338 71 201 40
Izmit1999_12.jpg 0x0
rect:154 274 75 78 88
rect:281 225 121 121 94
rect:40 336 48 120 94
rect:88 290 24 58 40
rect:376 107 46 66 45
rect:1 189 32 37 41
rect:19 58 32 30 6
rect:387 148 53 37 6
rect:42 366 61 60 52
rect:408 242 80 75 52
rect:92 85 46 18 6
rect:318 133 43 83 42
rect:548 191 84 64 7
rect:388 299 79 163 41
rect:585 143 67 63 41
rect:559 182 263 166 91
rect:614 97 33 94 41
rect:586 29 74 74 34
Izmit1999_13.jpg 0x0
rect:369 118 70 102 41
rect:5 60 116 198 42
rect:129 290 33 101 41
rect:124 212 93 141 94
rect:374 169 93 285 41
rect:139 189 72 79 52
rect:90 169 40 54 6
rect:201 245 45 69 41
rect:349 94 227 307 48
Izmit1999_14.jpg 0x0
rect:291 151 92 60 35
rect:393 330 46 28 34
rect:48 133 91 66 34
rect:404 205 60 44 34
rect:432 40 71 64 95
rect:324 242 47 38 34
rect:449 363 79 41 34
rect:427 7 198 52 35
rect:371 59 70 83 34
Izmit1999_15.jpg 0x0
rect:139 234 189 325 42
Izmit1999_16.jpg 0x0
rect:70 54 327 508 33
rect:166 51 270 277 39
rect:147 106 41 97 40
rect:113 140 204 190 41
Izmit1999_17.jpg 0x0
rect:142 155 224 214 41
Izmit1999_18.jpg 0x0
rect:193 215 118 116 41
rect:164 104 152 264 39
Izmit1999_19.jpg 0x0
rect:172 167 239 300 32
rect:171 99 291 392 96
rect:518 172 31 68 50
rect:310 201 27 93 50
Kobe1995_01.jpg 0x0
rect:31 179 1028 107 63
Kobe1995_02.jpg 0x0
rect:2 68 352 696 68
Kobe1995_03.jpg 0x0
rect:42 54 612 817 10
Kobe1995_04.jpg 0x0
rect:338 322 54 66 41
Kobe1995_05.jpg 0x0
rect:85 418 424 140 78
rect:3 113 123 668 40
rect:166 150 257 681 52
rect:413 179 181 358 40
rect:37 263 492 73 78
Kobe1995_06.jpg 0x0
rect:138 373 279 338 42
rect:40 148 558 611 41
Kobe1995_07.jpg 0x0
rect:168 154 42 38 39
rect:171 227 41 36 39
rect:31 244 33 30 39
rect:477 268 28 28 39
rect:89 274 38 37 39
rect:557 302 23 44 39
rect:321 257 33 33 39
rect:185 599 32 35 39
rect:395 327 27 35 39
rect:225 239 29 34 39
rect:129 237 28 44 39
rect:377 218 48 34 39
rect:273 154 49 40 39
rect:171 407 27 41 39
rect:256 485 30 39 39
rect:295 211 42 41 39
rect:405 454 54 51 39
rect:178 239 34 41 39
rect:307 324 31 47 39
rect:220 246 33 46 39
rect:312 117 28 44 39
rect:291 311 41 38 39
rect:432 199 50 51 39
rect:220 194 53 58 39
rect:351 126 33 45 39
rect:54 184 39 43 39
Kobe1995_08.jpg 0x0
rect:357 53 595 236 97
Kobe1995_09.jpg 0x0
rect:145 655 148 75 97
rect:93 431 82 64 88
rect:105 587 77 52 88
rect:97 803 61 85 88
SanSalvador_1986_01.jpg 0x0
rect:55 3 114 167 68
rect:218 199 92 238 41
SanSalvador_1986_02.jpg 0x0
rect:157 185 41 41 41
rect:199 133 31 35 41
rect:394 180 12 27 41
rect:541 121 50 39 42
rect:342 148 60 41 41
rect:214 340 37 51 41
rect:360 213 31 42 41
rect:452 150 42 31 41
rect:458 228 31 35 41
SikkimIndia2001_01.jpg 0x0
rect:283 167 103 137 34
SikkimIndia2001_02.jpg 0x0
rect:124 63 211 254 33
rect:13 6 332 71 16
rect:506 98 113 166 33
rect:342 282 107 53 16
rect:-15 2 356 134 33
rect:9 169 53 53 54
rect:331 180 73 19 16
rect:532 117 70 34 16
SikkimIndia2001_03.jpg 0x0
rect:263 82 52 150 69
rect:265 247 116 135 70
rect:209 8 141 502 98
SikkimIndia2001_04.jpg 0x0
rect:3 31 344 339 99
rect:355 183 151 159 34
rect:347 172 281 115 99
SumatraInd2009_01.jpg 0x0
rect:267 18 84 257 81
SumatraInd2009_02.jpg 0x0
rect:155 100 240 212 41
WhittierNarrows1987_01.jpg 0x0
rect:13 28 962 288 10
WhittierNarrows1987_02.jpg 0x0
rect:204 219 139 187 41
WhittierNarrows1987_03.jpg 0x0
rect:318 151 191 251 32
WhittierNarrows1987_04.jpg 0x0
rect:278 11 194 183 100
rect:183 9 244 91 6
rect:163 71 75 267 41
YogyakartaInd2006_01.jpg 0x0
rect:207 106 334 94 49
rect:202 -27 494 354 29
rect:169 44 238 357 32
YogyakartaInd2006_02.jpg 0x0
rect:256 119 56 250 69
rect:452 61 149 485 98
rect:477 80 95 228 70
