Anchorage1964_01.jpg 0x0
rect:81 315 216 230 1
rect:114 7 164 200 1
Anchorage1964_02.jpg 0x0
rect:218 317 29 53 3
rect:293 42 295 85 4
rect:116 149 25 24 6
rect:450 307 26 69 3
rect:231 368 33 52 3
rect:358 286 11 39 3
rect:161 109 91 67 7
rect:34 31 178 58 5
rect:62 41 63 17 6
rect:22 248 154 39 5
rect:187 283 435 101 2
rect:434 61 156 146 8
rect:411 151 112 52 4
rect:393 357 25 41 3
rect:394 314 18 66 3
rect:373 192 19 66 3
rect:179 58 77 67 4
rect:437 221 24 74 3
rect:156 199 39 16 6
Anchorage1964_03.jpg 0x0
rect:2 287 279 96 9
rect:0 227 458 55 10
rect:240 78 448 201 9
Anchorage1964_04.jpg 0x0
rect:213 312 27 17 5
rect:342 340 19 32 1
rect:176 338 26 16 5
rect:345 395 12 21 1
rect:420 267 34 21 5
rect:244 571 38 21 5
rect:131 151 30 18 5
rect:285 358 6 1 1
rect:278 213 22 25 1
rect:317 390 24 12 5
rect:205 96 27 18 5
rect:319 387 18 29 1
rect:222 582 25 33 1
rect:311 266 18 25 1
rect:191 146 29 18 5
rect:175 283 39 20 5
rect:434 258 21 18 5
rect:239 30 29 25 5
rect:197 404 28 29 1
rect:199 93 24 15 5
rect:199 341 68 21 2
rect:239 89 41 20 5
rect:385 166 38 17 5
rect:424 55 32 17 5
rect:158 250 26 15 5
rect:133 27 28 14 5
rect:262 168 15 22 1
rect:262 103 15 39 1
rect:289 194 26 32 8
rect:128 77 29 15 5
rect:302 155 24 16 5
rect:254 181 38 20 5
rect:330 165 15 19 1
rect:184 520 33 16 5
rect:237 344 26 22 1
rect:244 293 33 20 5
rect:451 316 34 22 5
rect:234 344 27 18 5
rect:152 473 46 20 5
Anchorage1964_05.jpg 0x0
rect:112 23 26 40 1
rect:255 36 95 39 6
rect:78 91 29 32 1
rect:63 259 17 37 1
rect:218 41 77 40 5
rect:598 94 37 74 1
rect:388 18 37 70 1
rect:210 134 144 17 5
rect:69 164 26 53 1
rect:202 193 117 70 2
rect:166 184 161 36 6
rect:580 300 65 32 5
rect:750 264 37 26 6
rect:459 127 28 69 1
rect:64 400 25 54 1
rect:348 495 48 80 8
rect:43 498 25 61 1
rect:46 419 30 64 1
rect:242 191 19 19 11
rect:281 278 45 23 11
rect:568 250 47 68 1
rect:361 1 46 48 1
rect:429 80 43 56 1
rect:734 353 66 35 5
rect:291 284 49 67 8
rect:763 340 36 14 6
rect:85 87 17 35 1
rect:451 223 52 75 1
rect:76 185 18 45 1
Anchorage1964_06.jpg 0x0
rect:131 133 94 223 3
rect:159 183 59 75 11
rect:88 83 200 534 12
Anchorage1964_07.jpg 0x0
rect:16 294 358 26 11
rect:328 198 48 127 13
rect:8 87 516 502 2
rect:7 427 384 25 14
rect:384 237 257 198 2
rect:344 162 52 126 3
rect:237 2 134 58 2
rect:490 234 90 83 11
rect:347 139 122 115 11
Anchorage1964_08.jpg 0x0
rect:437 283 133 142 1
rect:46 313 95 84 1
rect:287 344 92 123 1
rect:37 563 125 127 1
rect:36 75 97 116 1
rect:253 29 102 138 1
Anchorage1964_09.jpg 0x0
rect:136 130 238 9 15
rect:474 168 50 50 1
rect:769 115 167 14 15
rect:562 7 212 16 15
rect:15 134 99 17 15
rect:17 16 65 13 16
rect:11 15 495 11 15
rect:593 8 111 11 16
rect:13 152 24 8 16
rect:99 220 67 45 8
rect:75 163 59 79 1
rect:585 42 81 53 8
rect:55 149 58 11 16
rect:228 187 68 56 1
rect:401 96 72 25 15
rect:932 154 1 1 16
rect:114 36 53 80 8
rect:473 140 94 99 1
rect:622 360 62 93 8
Anchorage1964_10.jpg 0x0
rect:89 286 220 124 18
rect:201 258 117 105 17
rect:74 170 360 254 1
rect:200 224 201 77 18
Anchorage1964_11.jpg 0x0
rect:308 262 285 28 11
rect:104 49 155 126 4
rect:95 357 543 16 14
rect:464 102 126 94 1
rect:62 391 652 18 14
rect:113 167 416 83 2
rect:163 162 387 21 15
rect:645 6 128 32 1
Anchorage1964_12.jpg 0x0
rect:368 95 61 218 3
rect:13 70 423 348 2
rect:326 95 181 153 11
rect:410 95 53 211 3
rect:143 216 31 131 3
Anchorage1964_13.jpg 0x0
rect:518 401 29 201 20
rect:320 408 203 25 2
rect:481 559 92 18 19
Anchorage1964_14.jpg 0x0
rect:105 742 35 56 22
rect:328 654 181 76 23
rect:455 227 202 59 15
rect:100 218 132 37 15
rect:161 13 130 711 20
rect:273 13 49 289 11
rect:47 398 40 81 22
rect:179 565 39 47 22
rect:11 417 137 61 11
rect:397 6 94 144 11
rect:202 389 59 105 21
rect:23 680 27 74 22
Anchorage1964_15.jpg 0x0
rect:246 128 47 46 11
rect:511 205 105 42 24
rect:375 291 145 32 11
rect:284 9 85 61 4
rect:298 136 49 89 25
rect:263 294 124 36 15
rect:345 11 88 72 4
rect:167 92 53 568 20
rect:221 420 227 41 2
Anchorage1964_16.jpg 0x0
rect:11 282 76 98 2
rect:11 141 182 131 2
rect:248 109 308 169 2
rect:84 270 100 116 11
rect:365 264 101 170 2
rect:164 251 251 262 11
Anchorage1964_17.jpg 0x0
rect:9 199 609 152 10
rect:316 67 153 159 9
rect:13 101 345 118 9
Anchorage1964_18.jpg 0x0
rect:256 231 37 58 11
rect:379 198 77 95 4
rect:366 298 292 29 15
rect:147 298 80 52 11
rect:465 238 46 16 2
rect:113 212 58 117 4
rect:449 225 55 22 2
rect:123 204 16 55 11
rect:604 321 46 17 2
rect:344 163 93 86 4
Anchorage1964_19.jpg 0x0
rect:347 72 63 51 26
rect:7 170 65 152 26
rect:513 131 57 39 28
rect:239 392 46 97 26
rect:515 140 14 47 26
rect:854 103 9 5 26
rect:292 92 76 117 29
rect:20 298 42 124 27
rect:694 246 29 37 28
rect:587 211 6 13 26
rect:471 157 31 33 26
rect:561 214 12 34 26
rect:467 147 20 59 29
rect:342 96 6 14 26
rect:517 84 42 95 29
rect:468 213 22 28 26
rect:316 218 12 17 26
rect:322 78 28 22 27
Anchorage1964_20.jpg 0x0
rect:224 91 178 169 29
rect:172 77 93 50 26
rect:212 396 84 125 26
rect:187 94 58 42 27
rect:565 535 50 73 26
Anchorage1964_21.jpg 0x0
rect:-5 60 81 118 29
rect:2 118 55 46 26
rect:150 211 742 182 30
rect:37 331 22 38 26
Bingol2003_01.jpg 0x0
rect:26 205 55 78 33
rect:116 252 71 52 33
rect:656 61 201 269 31
rect:2 309 1194 255 10
rect:235 78 93 31 6
rect:385 337 124 92 6
rect:631 307 177 199 31
rect:601 356 101 43 6
rect:412 369 57 235 32
rect:527 190 46 48 6
rect:205 131 99 86 33
rect:529 458 42 66 34
rect:309 486 101 88 6
rect:839 533 80 42 33
rect:908 399 73 74 33
rect:490 178 36 149 34
rect:896 254 80 71 33
rect:618 126 112 93 6
rect:506 99 93 73 6
Bingol2003_02.jpg 0x0
rect:538 201 537 173 35
rect:233 210 778 619 31
rect:652 73 100 88 36
rect:417 272 103 89 6
rect:430 382 115 128 26
rect:197 339 85 442 32
rect:168 100 338 131 34
rect:126 575 121 281 32
Bingol2003_03.jpg 0x0
rect:558 257 261 75 11
rect:805 -7 376 287 4
rect:828 233 271 570 4
rect:276 209 396 221 2
rect:149 58 126 136 33
rect:916 402 208 449 2
rect:109 25 180 41 2
Bingol2003_04.jpg 0x0
rect:109 445 197 177 2
rect:104 772 29 74 3
rect:279 429 29 122 3
rect:403 654 131 89 2
rect:294 283 208 214 4
rect:76 418 112 89 2
rect:161 602 32 107 3
rect:72 444 19 64 3
CanterburyNZSeries2010_01.jpg 0x0
rect:125 94 95 263 12
CanterburyNZSeries2010_02.jpg 0x0
rect:53 11 198 237 37
rect:72 50 202 260 6
CanterburyNZSeries2010_03.jpg 0x0
rect:60 95 283 118 38
CanterburyNZSeries2010_04.jpg 0x0
rect:236 194 173 279 39
rect:223 462 22 176 40
rect:388 490 18 76 40
rect:189 9 73 220 42
rect:366 362 23 43 40
rect:285 320 30 73 40
rect:144 341 94 172 41
rect:259 255 35 132 40
CanterburyNZSeries2010_05.jpg 0x0
rect:377 376 254 462 4
rect:207 202 142 142 15
CanterburyNZSeries2010_06.jpg 0x0
rect:72 95 644 771 4
rect:183 223 238 89 2
CanterburyNZSeries2010_08.jpg 0x0
rect:557 506 40 161 32
rect:1062 451 85 157 44
rect:766 490 99 95 44
rect:535 145 172 230 43
CanterburyNZSeries2010_09.jpg 0x0
rect:169 122 144 239 45
rect:283 314 156 364 39
CanterburyNZSeries2010_10.jpg 0x0
rect:253 534 260 87 6
rect:320 233 219 119 7
rect:330 376 237 56 46
rect:275 237 380 168 6
CanterburyNZSeries2010_11.jpg 0x0
rect:392 382 325 150 5
rect:308 176 332 113 7
CanterburyNZSeries2010_12.jpg 0x0
rect:187 561 125 51 11
rect:6 235 685 345 47
rect:730 419 228 64 11
rect:67 427 1018 403 2
CanterburyNZSeries2010_13.jpg 0x0
rect:129 12 471 624 12
rect:338 152 93 415 11
Caracas1967_01.jpg 0x0
rect:331 49 177 179 48
rect:228 166 10 55 48
rect:313 141 79 103 48
rect:318 155 51 95 48
Caracas1967_02.jpg 0x0
rect:142 146 246 284 51
rect:167 374 49 35 50
rect:269 1 111 197 15
rect:95 440 36 80 49
Caracas1967_03.jpg 0x0
rect:16 411 261 66 6
rect:291 491 30 55 27
rect:203 492 69 72 26
rect:269 60 81 132 14
rect:330 281 94 187 34
rect:305 409 24 104 27
Caracas1967_04.jpg 0x0
rect:144 295 67 112 26
rect:127 276 19 64 27
rect:150 227 131 168 34
Caracas1967_05.jpg 0x0
rect:174 429 57 295 40
rect:197 274 70 284 40
rect:365 253 38 209 40
rect:204 224 58 199 40
rect:38 182 410 636 41
rect:220 298 118 143 52
rect:59 315 67 305 40
rect:32 102 457 618 48
rect:322 180 35 201 40
rect:71 301 206 221 52
Caracas1967_06.jpg 0x0
rect:351 108 376 236 7
rect:395 223 55 60 6
Caracas1967_07.jpg 0x0
rect:244 161 121 280 34
rect:321 7 95 361 34
rect:382 173 113 219 34
rect:414 299 85 74 53
rect:384 320 91 76 53
rect:173 174 53 161 27
rect:397 50 27 306 27
Caracas1967_08.jpg 0x0
rect:444 208 73 145 54
rect:255 247 54 122 55
rect:273 317 70 127 54
Caracas1967_09.jpg 0x0
rect:106 158 43 62 48
rect:514 10 278 134 48
rect:30 200 61 62 48
rect:119 163 69 103 48
Caracas1967_10.jpg 0x0
rect:325 254 90 167 40
rect:14 117 327 465 48
rect:55 146 274 372 41
rect:540 271 56 161 40
Caracas1967_11.jpg 0x0
rect:49 301 180 506 41
rect:45 15 493 572 48
rect:316 11 144 247 41
Caracas1967_12.jpg 0x0
rect:567 277 43 54 34
rect:694 408 19 42 32
rect:707 296 25 45 32
rect:186 306 22 59 56
Caracas1967_13.jpg 0x0
rect:178 399 123 337 55
Caracas1967_14.jpg 0x0
rect:89 97 430 243 57
rect:105 379 210 43 6
Chichi1999_01.jpg 0x0
rect:409 146 55 158 42
rect:4 7 732 141 58
Chichi1999_02.jpg 0x0
rect:6 119 510 155 58
rect:493 91 164 332 59
Chichi1999_03.jpg 0x0
rect:0 150 901 237 58
rect:70 114 51 81 60
Chichi1999_04.jpg 0x0
rect:160 171 31 70 52
rect:261 -19 54 130 48
rect:134 240 73 376 48
Chichi1999_05.jpg 0x0
rect:298 317 23 25 41
rect:347 151 83 233 48
rect:311 259 38 85 52
rect:414 171 50 56 41
Chichi1999_06.jpg 0x0
rect:289 305 23 29 52
rect:616 217 51 77 41
rect:376 210 63 77 48
rect:180 12 395 234 10
rect:498 -9 73 51 61
rect:377 151 68 78 62
Chichi1999_07.jpg 0x0
rect:169 187 34 124 48
rect:133 190 18 57 64
rect:789 175 19 18 64
rect:45 261 467 123 63
rect:531 235 44 122 48
rect:528 290 50 121 48
rect:378 277 24 33 64
Chichi1999_08.jpg 0x0
rect:71 15 383 433 10
Chichi1999_09.jpg 0x0
rect:247 115 36 91 40
rect:255 78 201 207 48
rect:233 126 47 78 40
rect:296 126 133 81 41
Chichi1999_10.jpg 0x0
rect:169 17 633 466 10
Chichi1999_11.jpg 0x0
rect:120 243 115 106 65
rect:2 171 199 376 10
Chichi1999_12.jpg 0x0
rect:10 29 512 758 66
Chichi1999_13.jpg 0x0
rect:37 60 600 359 10
Chichi1999_14.jpg 0x0
rect:133 375 21 62 67
rect:365 559 31 62 67
rect:238 246 17 40 67
rect:117 386 38 41 67
rect:118 411 72 48 67
rect:85 433 36 60 67
rect:143 418 22 40 67
rect:256 236 33 56 67
rect:140 211 28 77 67
rect:203 477 36 54 67
rect:392 510 84 76 67
rect:350 363 19 22 39
rect:264 375 27 29 39
rect:189 152 93 34 67
rect:155 213 59 64 67
rect:209 247 40 58 39
rect:194 497 24 46 39
Chichi1999_15.jpg 0x0
rect:215 24 193 373 41
Chichi1999_16.jpg 0x0
rect:209 122 68 152 32
Chichi1999_17.jpg 0x0
rect:123 450 20 31 32
Chichi1999_18.jpg 0x0
rect:194 328 59 97 70
rect:297 301 27 166 69
rect:146 294 31 107 69
rect:288 388 23 102 69
rect:132 238 189 425 68
rect:157 286 33 115 69
Chichi1999_19.jpg 0x0
rect:278 133 139 291 3
rect:167 21 269 482 2
YogyakartaInd2006_03.jpg 0x0
rect:369 495 55 28 16
rect:240 19 117 2 15
rect:183 195 294 148 71
rect:249 150 75 33 15
rect:276 179 18 7 16
rect:317 94 87 34 16
rect:282 320 260 35 15
rect:244 82 147 48 15
Chichi1999_20.jpg 0x0
rect:284 465 49 243 41
rect:213 173 123 419 42
Chichi1999_21.jpg 0x0
rect:440 7 129 147 57
rect:216 311 154 161 37
rect:224 110 282 296 72
rect:228 407 66 138 6
rect:491 97 178 147 6
rect:430 24 225 236 37
rect:16 4 216 167 30
rect:76 266 139 80 5
Chichi1999_22.jpg 0x0
rect:190 151 348 155 10
rect:171 272 17 26 73
rect:296 271 13 15 73
rect:535 266 14 15 73
Chichi1999_23.jpg 0x0
rect:105 288 38 79 73
rect:172 165 41 55 73
rect:372 313 34 62 34
rect:360 209 43 55 73
rect:208 186 31 31 27
rect:173 176 25 27 34
rect:4 60 393 166 74
rect:350 214 31 27 26
rect:137 241 32 65 34
rect:321 376 66 109 73
Chichi1999_24.jpg 0x0
rect:189 132 129 115 75
rect:357 441 1 2 46
rect:240 134 43 67 46
rect:3 306 352 164 74
rect:154 187 82 56 34
Chichi1999_25.jpg 0x0
rect:193 264 127 273 34
rect:186 421 60 74 26
rect:107 188 160 334 73
Chichi1999_26.jpg 0x0
rect:280 200 62 127 73
rect:161 586 84 111 27
rect:167 414 72 80 26
rect:129 651 136 188 73
rect:260 16 61 22 73
rect:194 227 151 448 76
Chichi1999_27.jpg 0x0
rect:212 195 113 384 32
Chichi1999_28.jpg 0x0
rect:168 104 176 174 5
rect:328 297 273 123 77
rect:351 138 169 292 75
rect:17 55 287 89 6
Chichi1999_29.jpg 0x0
rect:205 219 84 217 52
rect:200 176 149 201 40
rect:125 191 146 262 48
Chichi1999_30.jpg 0x0
rect:29 306 111 212 73
rect:217 111 222 57 52
rect:194 199 182 51 78
rect:247 101 336 325 40
Chichi1999_31.jpg 0x0
rect:551 124 52 201 48
rect:127 115 119 328 79
Chichi1999_32.jpg 0x0
rect:147 9 95 401 80
rect:235 199 47 157 81
rect:173 73 56 128 81
rect:398 122 48 182 39
Chichi1999_33.jpg 0x0
rect:393 109 39 87 49
rect:58 82 93 541 33
rect:208 113 85 202 32
rect:139 144 97 302 32
rect:332 121 89 218 56
rect:135 171 33 79 49
Chichi1999_34.jpg 0x0
rect:117 114 485 268 10
Duzce1999_01.jpg 0x0
rect:98 78 100 358 39
rect:146 161 100 128 41
Duzce1999_02.jpg 0x0
rect:73 54 157 538 41
Duzce1999_03.jpg 0x0
rect:99 101 109 303 42
rect:258 132 82 235 31
rect:0 184 110 168 31
Gediz1970_01.jpg 0x0
rect:98 124 308 437 68
rect:143 300 71 363 69
rect:193 507 98 192 69
Guatemala1976_01.jpg 0x0
rect:50 168 113 104 48
rect:644 217 59 73 41
rect:59 203 49 48 52
rect:24 171 641 209 82
rect:65 221 33 45 41
rect:398 190 109 171 48
Guatemala1976_02.jpg 0x0
rect:211 51 129 105 40
rect:155 62 278 288 48
Guatemala1976_03.jpg 0x0
rect:13 98 655 428 75
Guatemala1976_04.jpg 0x0
rect:148 30 404 77 30
rect:443 357 81 187 4
rect:36 92 335 265 30
rect:436 186 97 416 4
Guatemala1976_05.jpg 0x0
rect:137 70 433 460 48
rect:187 128 431 159 40
rect:206 116 338 110 41
Guatemala1976_06.jpg 0x0
rect:92 80 220 421 39
Guatemala1976_07.jpg 0x0
rect:28 315 334 474 10
rect:267 610 147 76 83
rect:33 382 47 45 6
Guatemala1976_08.jpg 0x0
rect:159 37 364 294 48
rect:341 81 153 394 40
rect:193 42 336 454 41
Guatemala1976_09.jpg 0x0
rect:701 365 71 74 84
rect:404 189 74 40 85
rect:460 339 54 63 84
rect:832 325 60 61 85
rect:84 313 40 31 85
rect:78 338 34 20 84
rect:235 343 33 33 84
rect:163 229 58 42 85
Guatemala1976_10.jpg 0x0
rect:142 131 288 124 87
rect:294 289 40 138 87
rect:199 250 203 189 86
Guatemala1976_11.jpg 0x0
rect:185 258 152 285 34
GujaratIndia2001_01.jpg 0x0
rect:404 348 74 47 11
rect:23 349 121 220 4
rect:176 324 246 95 2
rect:82 506 64 38 2
Haiti2010_01.jpg 0x0
rect:281 334 23 129 40
rect:651 217 76 92 4
rect:476 499 198 220 4
rect:255 96 171 287 41
rect:177 36 96 145 7
Haiti2010_02.jpg 0x0
rect:299 40 154 65 14
rect:36 92 597 210 88
Haiti2010_03.jpg 0x0
rect:350 1 75 779 32
rect:295 797 270 276 89
rect:190 623 53 65 49
rect:268 400 254 246 32
Haiti2010_04.jpg 0x0
rect:2 122 328 175 6
rect:118 213 210 704 41
rect:212 63 253 373 34
Haiti2010_05.jpg 0x0
rect:374 216 38 77 40
rect:206 294 176 136 52
rect:265 192 23 86 40
rect:300 191 319 461 90
Haiti2010_06.jpg 0x0
rect:331 127 223 417 33
rect:504 210 82 83 34
rect:240 287 37 39 34
rect:437 228 85 246 32
rect:301 134 73 42 6
rect:664 191 642 637 91
rect:147 282 338 485 91
ImperialValley1979_01.jpg 0x0
rect:266 248 46 31 49
rect:359 405 19 14 49
rect:15 339 121 126 32
rect:580 210 27 43 50
rect:382 360 74 56 32
rect:16 360 60 57 49
rect:453 311 41 28 32
rect:411 321 48 46 50
rect:495 255 46 27 32
rect:615 292 18 27 49
rect:75 316 83 137 50
ImperialValley1979_02.jpg 0x0
rect:365 95 90 189 50
rect:273 227 44 127 50
rect:284 114 140 314 32
rect:222 218 319 74 92
rect:192 179 92 52 49
rect:129 155 82 237 50
ImperialValley1979_03.jpg 0x0
rect:399 249 80 145 50
rect:72 284 110 225 50
rect:238 431 92 134 50
rect:109 427 273 31 92
rect:93 375 297 46 92
rect:120 348 231 130 32
rect:151 200 197 115 32
Izmit1999_01.jpg 0x0
rect:161 81 418 299 34
rect:200 118 52 141 27
rect:530 246 73 83 26
rect:291 225 49 85 27
rect:227 121 44 118 27
Izmit1999_02.jpg 0x0
rect:27 135 527 247 10
Izmit1999_03.jpg 0x0
rect:603 96 47 361 50
rect:193 103 56 215 50
rect:165 158 445 34 92
rect:194 164 47 218 50
rect:344 111 30 237 50
rect:314 70 32 253 50
rect:120 54 388 412 93
rect:309 69 336 300 32
Izmit1999_04.jpg 0x0
rect:107 413 220 118 88
rect:243 58 69 127 48
rect:239 272 103 87 41
rect:71 551 40 64 42
rect:65 403 62 133 41
rect:346 349 20 81 40
rect:329 95 77 58 41
rect:480 472 18 50 40
rect:190 214 141 67 88
rect:37 328 71 45 34
Izmit1999_05.jpg 0x0
rect:87 27 818 293 10
Izmit1999_06.jpg 0x0
rect:377 248 57 198 50
rect:237 247 37 196 50
rect:102 245 48 193 50
rect:153 184 193 512 32
rect:132 260 58 257 50
rect:198 298 170 76 49
Izmit1999_07.jpg 0x0
rect:294 281 76 460 4
rect:148 239 43 130 3
rect:18 138 268 424 2
rect:284 153 84 66 3
rect:324 268 48 129 3
rect:412 84 177 50 6
rect:178 160 67 91 3
Izmit1999_08.jpg 0x0
rect:494 6 107 95 45
rect:449 104 74 82 41
rect:248 186 218 145 88
rect:179 396 104 112 45
rect:164 26 109 94 34
rect:475 93 55 25 52
rect:156 140 61 70 41
Izmit1999_09.jpg 0x0
rect:321 313 96 112 94
rect:487 268 65 57 41
rect:598 291 77 67 94
rect:54 273 52 45 41
rect:290 201 100 100 41
rect:227 173 53 44 41
Izmit1999_10.jpg 0x0
rect:273 142 56 156 40
rect:45 158 308 46 78
rect:303 682 102 28 78
rect:214 566 79 118 40
rect:144 406 341 82 78
rect:86 183 298 496 41
rect:81 129 75 191 40
rect:191 267 68 223 40
rect:214 568 47 74 40
rect:131 431 190 27 78
rect:271 96 135 182 40
Izmit1999_11.jpg 0x0
rect:143 342 83 151 40
rect:188 231 70 137 40
rect:264 501 123 110 41
rect:239 164 101 209 41
rect:345 235 70 144 40
Izmit1999_12.jpg 0x0
rect:64 54 34 29 6
rect:230 314 61 82 52
rect:439 175 57 91 42
rect:45 270 73 110 94
rect:362 191 69 46 7
rect:266 372 87 115 41
rect:508 124 40 78 41
rect:175 171 67 69 88
rect:92 352 23 46 40
rect:496 258 39 46 41
rect:19 86 50 20 6
rect:328 150 59 28 6
rect:1 178 33 39 41
rect:65 359 53 49 52
rect:514 216 248 239 91
rect:409 359 81 168 94
rect:493 27 77 49 34
rect:269 123 53 68 45
Izmit1999_13.jpg 0x0
rect:115 261 88 67 52
rect:213 108 78 142 41
rect:117 102 53 46 6
rect:226 57 193 361 48
rect:281 156 98 245 41
rect:110 173 114 179 94
rect:171 257 47 115 41
rect:5 92 97 212 42
rect:115 333 33 118 41
Izmit1999_14.jpg 0x0
rect:251 328 54 42 34
rect:403 126 73 64 35
rect:592 98 73 82 34
rect:310 60 64 55 95
rect:541 246 82 46 34
rect:56 179 104 54 34
rect:420 349 46 21 34
rect:534 8 140 76 35
rect:334 286 68 39 34
Izmit1999_15.jpg 0x0
rect:191 167 192 502 42
Izmit1999_16.jpg 0x0
rect:96 58 423 397 33
rect:134 117 180 128 41
rect:196 88 52 102 40
rect:137 68 274 330 39
Izmit1999_17.jpg 0x0
rect:108 103 209 191 41
Izmit1999_18.jpg 0x0
rect:153 136 102 139 41
rect:196 191 107 276 39
Izmit1999_19.jpg 0x0
rect:487 170 19 50 50
rect:249 142 270 284 32
rect:280 84 190 370 96
rect:320 164 33 77 50
Kobe1995_01.jpg 0x0
rect:26 189 582 135 63
Kobe1995_02.jpg 0x0
rect:2 60 414 470 68
Kobe1995_03.jpg 0x0
rect:48 59 439 644 10
Kobe1995_04.jpg 0x0
rect:295 410 73 43 41
Kobe1995_05.jpg 0x0
rect:364 172 205 430 40
rect:3 136 94 666 40
rect:138 183 196 420 52
rect:80 699 292 165 78
rect:32 317 364 66 78
Kobe1995_06.jpg 0x0
rect:37 158 413 455 41
rect:194 414 385 316 42
Kobe1995_07.jpg 0x0
rect:250 192 39 51 39
rect:474 268 47 44 39
rect:428 184 33 28 39
rect:202 238 40 42 39
rect:224 225 28 40 39
rect:99 418 37 34 39
rect:156 214 42 36 39
rect:270 350 34 51 39
rect:305 115 28 38 39
rect:545 422 31 32 39
rect:363 377 40 27 39
rect:152 232 33 46 39
rect:322 248 37 27 39
rect:220 436 31 39 39
rect:40 406 32 34 39
rect:144 196 30 31 39
rect:169 368 23 42 39
rect:411 209 51 51 39
rect:38 188 29 59 39
rect:371 299 37 31 39
rect:288 123 49 43 39
rect:230 301 48 61 39
rect:167 132 24 38 39
rect:163 271 32 28 39
rect:456 255 31 47 39
rect:391 409 39 42 39
Kobe1995_08.jpg 0x0
rect:373 55 525 199 97
Kobe1995_09.jpg 0x0
rect:96 727 103 75 88
rect:97 650 71 46 88
rect:131 367 76 80 88
rect:223 713 203 101 97
SanSalvador_1986_01.jpg 0x0
rect:328 205 122 229 41
rect:67 3 95 214 68
SanSalvador_1986_02.jpg 0x0
rect:281 238 35 40 41
rect:581 235 33 51 41
rect:138 269 23 28 41
rect:192 247 36 43 41
rect:353 181 16 21 41
rect:414 181 36 41 41
rect:234 228 22 33 41
rect:338 186 48 42 42
rect:498 328 50 36 41
SikkimIndia2001_01.jpg 0x0
rect:274 116 133 97 34
SikkimIndia2001_02.jpg 0x0
rect:7 6 329 62 16
rect:554 90 92 144 33
rect:-16 2 426 129 33
rect:323 334 79 17 16
rect:246 193 68 44 16
rect:190 94 183 436 33
rect:8 155 62 45 54
rect:344 99 97 29 16
SikkimIndia2001_03.jpg 0x0
rect:241 105 59 245 69
rect:212 9 140 455 98
rect:303 186 109 218 70
SikkimIndia2001_04.jpg 0x0
rect:260 256 277 87 99
rect:3 41 285 273 99
rect:266 218 94 184 34
SumatraInd2009_01.jpg 0x0
rect:317 30 61 249 81
SumatraInd2009_02.jpg 0x0
rect:213 98 217 232 41
WhittierNarrows1987_01.jpg 0x0
rect:17 34 972 384 10
WhittierNarrows1987_02.jpg 0x0
rect:217 332 133 311 41
WhittierNarrows1987_03.jpg 0x0
rect:248 153 196 351 32
WhittierNarrows1987_04.jpg 0x0
rect:289 58 94 214 41
rect:322 17 284 128 100
rect:236 8 371 94 6
YogyakartaInd2006_01.jpg 0x0
rect:231 31 405 305 32
rect:199 166 389 55 49
rect:136 -17 371 588 29
YogyakartaInd2006_02.jpg 0x0
rect:479 81 62 249 70
rect:415 73 147 510 98
rect:402 147 70 206 69
