Anchorage1964_01.jpg 0x0
rect:60 383 168 182 1
rect:102 8 215 217 1
Anchorage1964_02.jpg 0x0
rect:198 267 23 63 3
rect:630 69 128 128 8
rect:526 194 90 53 4
rect:50 24 158 49 5
rect:83 26 117 18 6
rect:133 159 49 16 6
rect:275 44 172 104 4
rect:343 357 20 75 3
rect:202 280 401 119 2
rect:104 203 17 27 6
rect:33 191 189 30 5
rect:343 275 18 52 3
rect:467 329 26 57 3
rect:564 234 16 60 3
rect:377 225 17 62 3
rect:186 115 96 67 7
rect:208 368 32 82 3
rect:417 287 20 48 3
rect:244 67 114 99 4
Anchorage1964_03.jpg 0x0
rect:2 218 171 100 9
rect:259 72 348 139 9
rect:0 304 488 87 10
Anchorage1964_04.jpg 0x0
rect:263 119 30 13 5
rect:341 247 30 16 5
rect:296 313 11 20 1
rect:301 68 35 12 5
rect:201 377 22 28 1
rect:252 183 24 18 8
rect:143 96 31 11 5
rect:380 327 32 19 5
rect:133 22 26 17 5
rect:253 156 13 28 1
rect:254 219 23 17 5
rect:241 312 32 17 5
rect:177 257 39 17 5
rect:179 76 37 21 5
rect:205 138 31 24 5
rect:283 268 13 31 1
rect:299 425 22 26 1
rect:250 173 25 23 1
rect:369 465 34 15 5
rect:157 344 33 12 5
rect:212 48 27 10 5
rect:329 278 35 23 5
rect:189 348 46 17 2
rect:188 343 34 22 5
rect:207 177 30 13 5
rect:431 336 29 22 5
rect:252 389 23 19 1
rect:192 362 20 23 1
rect:312 414 8 1 1
rect:385 124 28 25 5
rect:363 113 27 20 5
rect:305 371 22 15 5
rect:236 161 17 29 1
rect:150 155 32 20 5
rect:206 358 35 16 5
rect:367 555 15 21 1
rect:359 25 27 15 5
rect:333 118 21 30 1
rect:119 203 21 27 5
Anchorage1964_05.jpg 0x0
rect:333 1 37 57 1
rect:449 276 50 44 5
rect:557 26 41 74 1
rect:381 125 137 68 2
rect:386 327 53 68 8
rect:93 101 19 40 1
rect:520 258 53 30 5
rect:60 166 21 42 1
rect:543 316 53 57 1
rect:448 196 33 46 1
rect:164 35 115 40 5
rect:107 30 23 43 1
rect:53 237 18 35 1
rect:409 169 47 24 11
rect:78 271 27 52 1
rect:47 345 20 68 1
rect:353 327 56 85 8
rect:73 356 19 52 1
rect:37 534 22 39 1
rect:572 279 34 12 6
rect:508 217 43 19 6
rect:197 165 125 20 5
rect:221 184 91 54 6
rect:299 99 47 43 1
rect:53 85 32 48 1
rect:285 255 16 16 11
rect:172 30 88 60 6
rect:335 134 35 77 1
rect:383 154 52 66 1
Anchorage1964_06.jpg 0x0
rect:134 86 241 421 12
rect:169 177 95 316 3
rect:207 304 87 106 11
Anchorage1964_07.jpg 0x0
rect:287 136 43 104 13
rect:342 156 199 167 11
rect:285 2 76 49 2
rect:401 159 66 98 11
rect:8 76 748 546 2
rect:20 249 328 40 11
rect:232 105 50 137 3
rect:8 424 533 31 14
rect:338 241 449 254 2
Anchorage1964_08.jpg 0x0
rect:332 191 104 111 1
rect:399 42 94 79 1
rect:59 325 136 97 1
rect:52 555 76 137 1
rect:59 94 113 138 1
rect:446 658 139 99 1
Anchorage1964_09.jpg 0x0
rect:147 113 254 15 15
rect:322 160 54 94 1
rect:717 37 108 47 8
rect:273 115 66 87 1
rect:576 290 57 77 8
rect:11 171 124 20 15
rect:467 123 69 98 1
rect:12 21 80 11 16
rect:396 137 82 28 15
rect:89 225 65 51 1
rect:65 195 43 10 16
rect:690 8 106 12 16
rect:514 9 258 13 15
rect:14 17 418 17 15
rect:13 161 17 10 16
rect:95 53 69 98 8
rect:660 81 156 16 15
rect:865 224 1 1 16
rect:77 289 81 54 8
Anchorage1964_10.jpg 0x0
rect:89 231 254 400 1
rect:211 192 177 68 18
rect:205 217 97 131 17
rect:100 332 265 143 18
Anchorage1964_11.jpg 0x0
rect:448 6 113 29 1
rect:331 215 322 44 11
rect:116 55 209 126 4
rect:266 157 360 23 15
rect:87 561 581 12 14
rect:69 446 751 17 14
rect:89 190 638 55 2
rect:524 159 135 101 1
Anchorage1964_12.jpg 0x0
rect:216 236 32 85 3
rect:354 89 34 263 3
rect:418 108 55 206 3
rect:379 76 142 161 11
rect:10 77 405 226 2
Anchorage1964_13.jpg 0x0
rect:270 579 107 17 19
rect:232 676 175 19 2
rect:631 421 32 161 20
Anchorage1964_14.jpg 0x0
rect:33 572 57 72 22
rect:170 299 78 64 21
rect:250 574 195 104 23
rect:543 6 81 166 11
rect:60 216 102 34 15
rect:78 638 44 61 22
rect:293 216 159 49 15
rect:147 510 29 60 22
rect:370 11 67 227 11
rect:255 12 118 817 20
rect:9 608 154 80 11
rect:24 457 20 54 22
Anchorage1964_15.jpg 0x0
rect:154 97 44 81 11
rect:145 60 80 458 20
rect:278 246 86 41 24
rect:286 468 156 59 2
rect:218 278 220 55 15
rect:286 156 40 122 25
rect:346 8 80 57 4
rect:294 8 83 67 4
rect:332 282 161 49 11
Anchorage1964_16.jpg 0x0
rect:108 367 89 134 11
rect:14 418 66 108 2
rect:242 277 278 273 11
rect:260 97 300 147 2
rect:364 292 163 135 2
rect:18 110 140 144 2
Anchorage1964_17.jpg 0x0
rect:9 97 275 125 9
rect:9 213 526 191 10
rect:376 39 156 222 9
Anchorage1964_18.jpg 0x0
rect:430 330 42 56 11
rect:95 402 72 42 11
rect:123 204 64 144 4
rect:491 262 37 23 2
rect:508 365 67 17 2
rect:175 253 15 63 11
rect:424 305 404 32 15
rect:443 182 82 93 4
rect:400 208 85 81 4
rect:301 209 62 18 2
Anchorage1964_19.jpg 0x0
rect:465 124 17 43 26
rect:499 165 8 6 26
rect:334 68 49 53 26
rect:654 131 7 17 26
rect:204 58 72 145 29
rect:309 252 8 17 26
rect:649 283 34 35 28
rect:265 108 24 38 27
rect:5 277 57 196 26
rect:279 301 35 65 26
rect:512 173 18 68 29
rect:20 257 39 109 27
rect:421 172 37 43 28
rect:573 261 17 37 26
rect:380 144 30 22 26
rect:597 137 7 16 26
rect:348 229 24 38 26
rect:409 124 41 58 29
Anchorage1964_20.jpg 0x0
rect:170 66 115 157 29
rect:193 84 77 55 27
rect:559 375 31 86 26
rect:189 531 52 137 26
rect:184 91 78 77 26
Anchorage1964_21.jpg 0x0
rect:40 399 35 45 26
rect:2 109 43 43 26
rect:150 192 673 164 30
rect:-6 65 80 127 29
Bingol2003_01.jpg 0x0
rect:694 187 49 57 6
rect:418 244 49 188 32
rect:2 382 971 237 10
rect:756 249 70 78 6
rect:417 95 93 76 6
rect:647 138 53 91 34
rect:452 301 85 87 6
rect:820 435 80 41 33
rect:661 154 111 58 33
rect:703 302 164 211 31
rect:659 274 70 80 33
rect:25 176 55 48 33
rect:275 226 101 66 33
rect:440 392 165 65 6
rect:214 118 86 30 6
rect:110 188 89 86 33
rect:342 261 40 74 34
rect:557 94 95 96 6
rect:532 103 187 264 31
Bingol2003_02.jpg 0x0
rect:182 192 77 291 32
rect:425 290 462 167 35
rect:256 214 556 668 31
rect:116 516 175 224 32
rect:197 78 528 228 34
rect:439 255 74 86 6
rect:493 236 114 100 26
rect:637 65 98 73 36
Bingol2003_03.jpg 0x0
rect:592 -8 213 164 4
rect:637 175 327 510 4
rect:1027 528 211 299 2
rect:72 24 213 27 2
rect:134 41 97 121 33
rect:458 161 446 203 2
rect:453 175 249 55 11
Bingol2003_04.jpg 0x0
rect:78 628 80 57 2
rect:253 691 100 63 2
rect:121 459 23 79 3
rect:259 595 37 84 3
rect:182 369 299 159 2
rect:102 497 25 55 3
rect:281 252 196 192 4
rect:327 381 47 84 3
CanterburyNZSeries2010_01.jpg 0x0
rect:119 86 141 230 12
CanterburyNZSeries2010_02.jpg 0x0
rect:48 11 236 327 37
rect:51 45 112 232 6
CanterburyNZSeries2010_03.jpg 0x0
rect:38 65 243 158 38
CanterburyNZSeries2010_04.jpg 0x0
rect:269 522 15 46 40
rect:346 468 23 47 40
rect:199 386 24 212 40
rect:231 322 248 319 39
rect:272 509 35 53 40
rect:245 9 128 224 42
rect:261 348 95 203 41
rect:380 297 60 163 40
CanterburyNZSeries2010_05.jpg 0x0
rect:403 170 145 113 15
rect:208 356 228 448 4
CanterburyNZSeries2010_06.jpg 0x0
rect:59 93 690 424 4
rect:189 307 174 103 2
CanterburyNZSeries2010_08.jpg 0x0
rect:664 619 72 91 44
rect:841 490 115 138 44
rect:411 130 120 231 43
rect:986 373 39 146 32
CanterburyNZSeries2010_09.jpg 0x0
rect:287 125 228 260 45
rect:288 313 123 272 39
CanterburyNZSeries2010_10.jpg 0x0
rect:208 203 337 253 6
rect:275 365 175 89 46
rect:248 144 225 119 7
rect:199 384 241 138 6
CanterburyNZSeries2010_11.jpg 0x0
rect:417 205 222 118 7
rect:218 425 370 189 5
CanterburyNZSeries2010_12.jpg 0x0
rect:681 545 200 81 11
rect:5 204 1155 462 47
rect:37 318 831 229 2
rect:180 524 199 37 11
CanterburyNZSeries2010_13.jpg 0x0
rect:296 149 77 559 11
rect:121 19 314 688 12
Caracas1967_01.jpg 0x0
rect:312 176 12 74 48
rect:426 103 62 121 48
rect:342 145 46 63 48
rect:401 53 226 346 48
Caracas1967_02.jpg 0x0
rect:239 1 96 154 15
rect:176 151 201 268 51
rect:111 541 52 47 50
rect:163 420 56 52 49
Caracas1967_03.jpg 0x0
rect:16 416 269 102 6
rect:442 436 38 92 27
rect:195 418 82 188 34
rect:286 95 92 129 14
rect:352 366 24 69 27
rect:287 260 70 89 26
Caracas1967_04.jpg 0x0
rect:181 419 209 175 34
rect:169 324 16 94 27
rect:105 332 42 77 26
Caracas1967_05.jpg 0x0
rect:33 100 413 786 48
rect:266 421 52 242 40
rect:116 269 32 274 40
rect:252 302 57 271 40
rect:71 269 73 261 40
rect:71 250 233 207 52
rect:39 171 421 347 41
rect:304 191 107 133 52
rect:343 255 35 250 40
rect:351 265 37 157 40
Caracas1967_06.jpg 0x0
rect:445 80 267 177 7
rect:325 189 103 49 6
Caracas1967_07.jpg 0x0
rect:397 6 69 264 34
rect:323 257 179 213 34
rect:250 152 143 280 34
rect:179 167 58 211 27
rect:328 435 105 97 53
rect:306 36 29 265 27
rect:457 231 114 130 53
Caracas1967_08.jpg 0x0
rect:201 303 62 77 54
rect:495 212 87 175 54
rect:285 279 81 104 55
Caracas1967_09.jpg 0x0
rect:28 310 50 54 48
rect:70 236 68 46 48
rect:214 153 118 66 48
rect:524 14 262 195 48
Caracas1967_10.jpg 0x0
rect:18 192 333 515 48
rect:396 320 92 166 40
rect:46 239 194 358 41
rect:280 187 88 197 40
Caracas1967_11.jpg 0x0
rect:213 15 220 309 41
rect:68 305 189 348 41
rect:47 14 379 572 48
Caracas1967_12.jpg 0x0
rect:267 231 33 41 56
rect:364 191 46 50 34
rect:614 303 18 52 32
rect:579 287 26 60 32
Caracas1967_13.jpg 0x0
rect:169 455 106 191 55
Caracas1967_14.jpg 0x0
rect:89 96 793 188 57
rect:181 326 296 35 6
Chichi1999_01.jpg 0x0
rect:373 125 46 246 42
rect:4 10 551 202 58
Chichi1999_02.jpg 0x0
rect:470 108 230 403 59
rect:5 104 277 176 58
Chichi1999_03.jpg 0x0
rect:0 142 930 186 58
rect:88 124 74 97 60
Chichi1999_04.jpg 0x0
rect:224 209 72 338 48
rect:277 177 21 57 52
rect:292 -17 44 150 48
Chichi1999_05.jpg 0x0
rect:390 223 48 98 52
rect:474 122 43 49 41
rect:288 231 24 37 41
rect:393 123 112 169 48
Chichi1999_06.jpg 0x0
rect:685 215 39 39 41
rect:323 162 45 67 48
rect:195 14 357 202 10
rect:246 167 23 31 52
rect:421 85 75 73 62
rect:430 -11 89 74 61
Chichi1999_07.jpg 0x0
rect:201 170 28 49 64
rect:646 261 42 93 48
rect:294 235 63 137 48
rect:294 254 28 46 64
rect:192 157 35 211 48
rect:62 215 692 165 63
rect:785 175 21 22 64
Chichi1999_08.jpg 0x0
rect:75 14 538 468 10
Chichi1999_09.jpg 0x0
rect:222 93 30 59 40
rect:155 72 232 170 48
rect:218 124 51 64 40
rect:199 110 94 67 41
Chichi1999_10.jpg 0x0
rect:137 19 379 531 10
Chichi1999_11.jpg 0x0
rect:2 120 215 359 10
rect:165 229 93 83 65
Chichi1999_12.jpg 0x0
rect:11 30 327 613 66
Chichi1999_13.jpg 0x0
rect:45 60 823 428 10
Chichi1999_14.jpg 0x0
rect:62 680 38 40 67
rect:110 589 38 47 67
rect:252 507 27 37 67
rect:223 492 29 41 67
rect:171 143 68 41 67
rect:161 384 26 37 67
rect:355 279 16 20 39
rect:265 188 20 36 67
rect:391 433 56 53 67
rect:195 483 18 34 39
rect:138 353 51 49 67
rect:113 276 74 48 67
rect:358 363 25 59 39
rect:158 162 40 64 67
rect:250 327 24 38 39
rect:217 377 30 40 67
rect:147 317 22 40 67
Chichi1999_15.jpg 0x0
rect:237 39 235 530 41
Chichi1999_16.jpg 0x0
rect:222 173 67 181 32
Chichi1999_17.jpg 0x0
rect:102 293 19 44 32
Chichi1999_18.jpg 0x0
rect:382 260 33 185 69
rect:201 220 20 141 69
rect:205 294 43 183 69
rect:139 221 145 417 68
rect:149 278 45 121 69
rect:315 232 36 126 70
Chichi1999_19.jpg 0x0
rect:176 19 236 476 2
rect:266 128 192 198 3
YogyakartaInd2006_03.jpg 0x0
rect:173 400 177 32 15
rect:517 72 105 32 16
rect:161 104 65 32 15
rect:290 355 301 188 71
rect:403 529 56 27 16
rect:415 59 156 76 15
rect:272 28 105 2 15
rect:262 184 19 8 16
Chichi1999_20.jpg 0x0
rect:267 459 48 192 41
rect:209 259 119 273 42
Chichi1999_21.jpg 0x0
rect:85 299 197 95 5
rect:447 37 251 207 37
rect:13 4 210 156 30
rect:186 139 194 263 72
rect:242 309 93 137 6
rect:147 277 119 171 37
rect:489 88 176 123 6
rect:399 8 123 91 57
Chichi1999_22.jpg 0x0
rect:362 178 14 19 73
rect:290 199 17 20 73
rect:262 173 336 174 10
rect:440 218 21 24 73
Chichi1999_23.jpg 0x0
rect:108 234 31 27 34
rect:117 301 47 103 73
rect:240 154 40 25 27
rect:360 159 30 26 26
rect:324 215 63 97 73
rect:80 248 44 86 34
rect:4 77 597 154 74
rect:348 221 41 58 73
rect:115 119 65 64 73
rect:219 385 38 87 34
Chichi1999_24.jpg 0x0
rect:244 206 44 59 46
rect:271 398 1 2 46
rect:231 142 155 112 75
rect:231 287 59 68 34
rect:3 370 372 201 74
Chichi1999_25.jpg 0x0
rect:198 164 151 227 73
rect:259 323 50 64 26
rect:191 217 128 279 34
Chichi1999_26.jpg 0x0
rect:135 405 164 103 73
rect:185 169 60 128 73
rect:176 651 76 70 26
rect:225 22 58 34 73
rect:116 416 82 149 27
rect:274 304 154 419 76
Chichi1999_27.jpg 0x0
rect:193 233 81 310 32
Chichi1999_28.jpg 0x0
rect:191 199 307 142 77
rect:24 53 342 160 6
rect:246 135 117 172 75
rect:150 96 132 212 5
Chichi1999_29.jpg 0x0
rect:166 238 64 196 52
rect:179 175 182 292 48
rect:168 162 135 221 40
Chichi1999_30.jpg 0x0
rect:228 120 206 309 40
rect:282 110 152 55 52
rect:33 315 101 134 73
rect:250 235 164 71 78
Chichi1999_31.jpg 0x0
rect:699 135 52 156 48
rect:143 75 122 321 79
Chichi1999_32.jpg 0x0
rect:395 167 52 197 39
rect:176 181 25 189 81
rect:217 62 43 160 81
rect:204 10 132 342 80
Chichi1999_33.jpg 0x0
rect:225 96 88 246 56
rect:267 191 33 101 49
rect:171 166 58 108 49
rect:128 148 82 167 32
rect:58 81 161 630 33
rect:206 64 93 263 32
Chichi1999_34.jpg 0x0
rect:158 69 360 367 10
Duzce1999_01.jpg 0x0
rect:154 170 125 162 41
rect:131 41 105 292 39
Duzce1999_02.jpg 0x0
rect:105 44 172 335 41
Duzce1999_03.jpg 0x0
rect:75 97 98 236 42
rect:0 156 81 258 31
rect:261 122 85 299 31
Gediz1970_01.jpg 0x0
rect:186 434 73 238 69
rect:157 330 84 362 69
rect:110 93 173 626 68
Guatemala1976_01.jpg 0x0
rect:53 113 85 121 48
rect:629 210 45 52 41
rect:69 206 72 58 52
rect:54 229 37 52 41
rect:26 161 662 170 82
rect:428 145 103 158 48
Guatemala1976_02.jpg 0x0
rect:132 87 336 249 48
rect:293 84 93 117 40
Guatemala1976_03.jpg 0x0
rect:14 110 653 244 75
Guatemala1976_04.jpg 0x0
rect:335 201 104 214 4
rect:166 27 405 76 30
rect:708 216 100 444 4
rect:41 84 414 286 30
Guatemala1976_05.jpg 0x0
rect:193 126 471 157 40
rect:107 93 361 264 48
rect:207 176 272 109 41
Guatemala1976_06.jpg 0x0
rect:152 74 147 454 39
Guatemala1976_07.jpg 0x0
rect:22 252 421 319 10
rect:223 406 102 94 83
rect:31 366 65 43 6
Guatemala1976_08.jpg 0x0
rect:384 90 181 346 40
rect:157 23 382 477 48
rect:149 56 365 319 41
Guatemala1976_09.jpg 0x0
rect:273 297 52 42 84
rect:137 212 54 79 85
rect:66 361 45 30 85
rect:626 335 66 70 85
rect:832 290 45 65 84
rect:63 228 43 26 84
rect:262 262 56 27 85
rect:157 261 30 34 84
Guatemala1976_10.jpg 0x0
rect:292 340 51 123 87
rect:211 109 179 134 87
rect:221 178 236 185 86
Guatemala1976_11.jpg 0x0
rect:206 210 96 176 34
GujaratIndia2001_01.jpg 0x0
rect:90 623 85 34 2
rect:22 331 203 134 4
rect:158 487 208 90 2
rect:413 349 44 68 11
Haiti2010_01.jpg 0x0
rect:667 203 111 119 4
rect:554 583 249 273 4
rect:222 116 192 280 41
rect:174 61 97 92 7
rect:265 212 35 131 40
Haiti2010_02.jpg 0x0
rect:62 89 433 236 88
rect:368 31 172 45 14
Haiti2010_03.jpg 0x0
rect:172 361 170 184 32
rect:352 1 70 679 32
rect:330 420 79 45 49
rect:260 466 277 235 89
Haiti2010_04.jpg 0x0
rect:215 282 409 458 41
rect:2 140 341 151 6
rect:225 52 187 280 34
Haiti2010_05.jpg 0x0
rect:326 180 369 360 90
rect:208 230 27 73 40
rect:254 164 219 100 52
rect:320 235 43 78 40
Haiti2010_06.jpg 0x0
rect:338 163 82 300 32
rect:302 190 157 280 33
rect:476 175 68 77 34
rect:165 275 35 48 34
rect:477 157 67 43 6
rect:636 197 673 642 91
rect:234 283 211 491 91
ImperialValley1979_01.jpg 0x0
rect:553 267 21 15 49
rect:10 338 85 90 49
rect:518 388 18 17 49
rect:455 269 61 58 32
rect:295 321 56 65 50
rect:368 252 43 37 32
rect:513 237 27 31 50
rect:50 385 87 137 50
rect:409 409 30 22 49
rect:12 246 182 158 32
rect:578 332 41 39 32
ImperialValley1979_02.jpg 0x0
rect:284 118 49 114 50
rect:251 81 252 251 32
rect:258 113 70 130 50
rect:125 184 298 68 92
rect:321 210 139 44 49
rect:164 169 60 249 50
ImperialValley1979_03.jpg 0x0
rect:187 307 73 139 50
rect:204 259 194 129 32
rect:76 350 310 34 92
rect:339 373 78 244 50
rect:131 227 158 158 32
rect:100 270 86 260 50
rect:116 581 195 46 92
Izmit1999_01.jpg 0x0
rect:251 93 303 325 34
rect:491 210 72 76 26
rect:318 109 33 163 27
rect:185 308 37 78 27
rect:299 86 71 229 27
Izmit1999_02.jpg 0x0
rect:31 151 883 334 10
Izmit1999_03.jpg 0x0
rect:223 157 36 149 50
rect:380 105 58 370 50
rect:150 108 59 370 50
rect:236 50 244 312 32
rect:570 89 35 200 50
rect:181 162 249 36 92
rect:192 34 462 275 93
rect:283 78 39 231 50
Izmit1999_04.jpg 0x0
rect:86 615 209 107 88
rect:372 445 100 76 41
rect:289 247 22 51 40
rect:83 428 25 104 42
rect:42 522 68 129 41
rect:188 241 158 54 88
rect:324 69 86 90 41
rect:67 311 52 69 34
rect:275 90 96 113 48
rect:428 367 26 67 40
Izmit1999_05.jpg 0x0
rect:131 28 432 372 10
Izmit1999_06.jpg 0x0
rect:281 204 47 113 50
rect:121 185 183 587 32
rect:104 223 66 169 50
rect:107 248 127 103 49
rect:114 185 83 203 50
rect:232 226 48 175 50
Izmit1999_07.jpg 0x0
rect:258 204 60 119 3
rect:223 194 43 111 3
rect:182 376 34 109 3
rect:23 114 320 802 2
rect:479 131 89 104 3
rect:371 77 164 51 6
rect:330 344 71 276 4
Izmit1999_08.jpg 0x0
rect:108 35 75 114 34
rect:565 6 99 62 45
rect:199 129 81 80 41
rect:473 85 58 64 41
rect:616 73 39 26 52
rect:269 223 247 77 88
rect:121 429 67 121 45
Izmit1999_09.jpg 0x0
rect:295 201 142 125 94
rect:357 215 125 72 41
rect:651 192 54 68 41
rect:575 284 58 67 94
rect:353 247 51 32 41
rect:59 150 53 38 41
Izmit1999_10.jpg 0x0
rect:346 90 117 179 40
rect:102 287 74 207 40
rect:101 150 291 487 41
rect:77 418 198 47 78
rect:64 197 84 160 40
rect:215 535 170 40 78
rect:276 147 60 204 40
rect:223 409 73 76 40
rect:235 551 50 111 40
rect:58 213 247 58 78
rect:389 645 96 20 78
Izmit1999_11.jpg 0x0
rect:218 281 89 118 40
rect:234 417 111 147 41
rect:169 295 72 184 40
rect:220 174 134 127 41
rect:273 194 63 224 40
Izmit1999_12.jpg 0x0
rect:499 209 240 212 91
rect:1 229 37 33 41
rect:234 274 92 166 94
rect:359 119 66 75 45
rect:480 120 58 48 7
rect:281 359 74 147 41
rect:40 258 67 46 52
rect:240 237 36 119 42
rect:48 338 79 81 94
rect:71 97 39 22 6
rect:592 67 35 103 41
rect:12 71 33 18 6
rect:325 127 55 39 6
rect:375 282 71 131 52
rect:201 292 82 46 88
rect:443 27 93 57 34
rect:558 233 52 82 41
rect:82 310 39 50 40
Izmit1999_13.jpg 0x0
rect:117 277 38 130 41
rect:254 119 68 146 41
rect:5 82 63 163 42
rect:331 194 124 164 41
rect:353 62 191 426 48
rect:82 125 48 44 6
rect:192 182 90 69 52
rect:232 273 41 94 41
rect:110 180 120 150 94
Izmit1999_14.jpg 0x0
rect:369 9 153 74 35
rect:423 272 36 27 34
rect:399 438 79 44 34
rect:52 163 119 52 34
rect:480 75 61 73 34
rect:497 138 110 76 35
rect:438 284 54 38 34
rect:186 241 51 34 34
rect:453 58 73 55 95
Izmit1999_15.jpg 0x0
rect:151 217 319 442 42
Izmit1999_16.jpg 0x0
rect:154 76 240 149 41
rect:126 55 229 329 39
rect:191 143 53 107 40
rect:78 76 442 541 33
Izmit1999_17.jpg 0x0
rect:107 150 241 263 41
Izmit1999_18.jpg 0x0
rect:177 164 181 349 39
rect:187 212 129 145 41
Izmit1999_19.jpg 0x0
rect:292 121 24 54 50
rect:307 115 312 419 96
rect:570 153 36 66 50
rect:196 112 245 238 32
Kobe1995_01.jpg 0x0
rect:23 156 613 133 63
Kobe1995_02.jpg 0x0
rect:2 71 455 478 68
Kobe1995_03.jpg 0x0
rect:48 58 604 435 10
Kobe1995_04.jpg 0x0
rect:389 401 47 54 41
Kobe1995_05.jpg 0x0
rect:228 124 214 440 40
rect:93 116 169 372 52
rect:68 550 328 127 78
rect:53 278 469 74 78
rect:4 144 114 365 40
Kobe1995_06.jpg 0x0
rect:239 284 352 356 42
rect:49 98 549 567 41
Kobe1995_07.jpg 0x0
rect:396 180 47 41 39
rect:462 167 29 37 39
rect:227 231 46 53 39
rect:219 311 33 33 39
rect:173 231 42 56 39
rect:288 233 32 36 39
rect:303 342 34 33 39
rect:448 306 44 33 39
rect:320 125 23 35 39
rect:37 290 43 64 39
rect:38 395 46 29 39
rect:265 347 24 39 39
rect:251 349 51 44 39
rect:86 292 39 37 39
rect:181 205 39 36 39
rect:460 196 42 45 39
rect:293 154 40 47 39
rect:535 255 43 49 39
rect:400 405 44 33 39
rect:376 425 22 56 39
rect:386 581 56 33 39
rect:198 104 42 37 39
rect:140 247 38 56 39
rect:362 210 29 30 39
rect:238 328 30 42 39
rect:313 175 46 49 39
Kobe1995_08.jpg 0x0
rect:219 43 384 148 97
Kobe1995_09.jpg 0x0
rect:100 458 68 87 88
rect:129 546 52 80 88
rect:93 722 81 82 88
rect:153 650 214 80 97
SanSalvador_1986_01.jpg 0x0
rect:310 153 86 226 41
rect:59 3 123 180 68
SanSalvador_1986_02.jpg 0x0
rect:598 317 43 56 41
rect:409 193 47 45 42
rect:267 316 24 50 41
rect:322 237 36 38 41
rect:156 159 36 34 41
rect:375 175 17 37 41
rect:186 324 36 36 41
rect:535 152 36 52 41
rect:214 236 26 34 41
SikkimIndia2001_01.jpg 0x0
rect:244 214 156 109 34
SikkimIndia2001_02.jpg 0x0
rect:9 6 297 54 16
rect:436 192 90 21 16
rect:8 106 59 59 54
rect:335 134 74 35 16
rect:181 73 211 292 33
rect:552 131 138 217 33
rect:-16 2 342 79 33
rect:243 242 83 43 16
SikkimIndia2001_03.jpg 0x0
rect:165 11 210 510 98
rect:268 155 87 214 70
rect:197 89 64 188 69
SikkimIndia2001_04.jpg 0x0
rect:3 32 305 359 99
rect:301 116 152 180 34
rect:360 174 314 113 99
SumatraInd2009_01.jpg 0x0
rect:279 29 57 387 81
SumatraInd2009_02.jpg 0x0
rect:200 58 189 171 41
WhittierNarrows1987_01.jpg 0x0
rect:19 37 701 383 10
WhittierNarrows1987_02.jpg 0x0
rect:151 295 86 362 41
WhittierNarrows1987_03.jpg 0x0
rect:209 159 173 225 32
WhittierNarrows1987_04.jpg 0x0
rect:227 66 112 237 41
rect:317 14 229 109 100
rect:235 8 405 93 6
YogyakartaInd2006_01.jpg 0x0
rect:222 -22 314 445 29
rect:205 123 376 80 49
rect:319 35 236 361 32
YogyakartaInd2006_02.jpg 0x0
rect:381 135 48 166 69
rect:449 46 162 342 98
rect:393 84 73 154 70
