Anchorage1964_01.jpg 0x0
rect:104 360 238 290 1
rect:94 7 282 171 1
Anchorage1964_02.jpg 0x0
rect:314 302 28 76 3
rect:273 239 32 50 3
rect:288 250 20 51 3
rect:220 53 120 75 4
rect:23 142 137 43 5
rect:313 42 202 110 4
rect:451 203 18 54 3
rect:261 217 22 67 3
rect:537 62 149 150 8
rect:517 315 18 42 3
rect:346 279 23 61 3
rect:295 252 79 76 4
rect:74 43 111 19 6
rect:155 210 55 12 6
rect:35 31 189 51 5
rect:113 168 24 18 6
rect:247 197 346 121 2
rect:610 240 17 49 3
rect:145 144 96 55 7
Anchorage1964_03.jpg 0x0
rect:2 287 165 58 9
rect:322 64 292 141 9
rect:0 288 623 65 10
Anchorage1964_04.jpg 0x0
rect:125 375 38 15 5
rect:333 248 31 20 5
rect:127 411 36 20 5
rect:189 152 21 25 1
rect:406 206 24 23 5
rect:168 432 62 14 2
rect:148 133 23 16 5
rect:132 312 42 13 5
rect:180 26 20 13 5
rect:216 115 37 26 5
rect:113 117 38 19 5
rect:435 95 31 18 5
rect:288 578 18 23 1
rect:245 265 21 18 1
rect:263 370 27 38 1
rect:291 77 46 21 5
rect:313 236 8 1 1
rect:205 296 15 28 1
rect:265 240 21 28 1
rect:310 124 13 24 1
rect:234 136 22 16 5
rect:454 472 38 13 5
rect:274 360 29 19 5
rect:339 397 24 23 5
rect:220 300 25 18 5
rect:260 456 21 24 1
rect:244 315 20 24 1
rect:375 266 34 15 5
rect:364 210 31 26 5
rect:236 345 17 25 8
rect:381 131 28 24 5
rect:213 239 9 27 1
rect:125 65 43 14 5
rect:420 474 31 21 5
rect:202 106 42 20 5
rect:242 184 26 27 1
rect:168 226 22 17 5
rect:216 269 28 23 5
rect:261 35 41 18 5
Anchorage1964_05.jpg 0x0
rect:115 24 28 41 1
rect:67 387 15 47 1
rect:112 169 19 58 1
rect:74 131 17 36 1
rect:263 234 23 23 11
rect:666 439 59 18 6
rect:117 125 15 47 1
rect:434 236 38 66 8
rect:614 379 54 60 8
rect:52 269 17 52 1
rect:30 551 17 71 1
rect:42 396 27 66 1
rect:481 77 39 72 1
rect:743 298 49 39 5
rect:66 86 26 44 1
rect:417 136 30 54 1
rect:710 189 63 40 5
rect:373 236 36 18 11
rect:391 80 49 59 1
rect:376 210 98 78 2
rect:173 53 73 22 5
rect:488 24 38 67 1
rect:150 194 85 21 5
rect:555 160 34 78 1
rect:638 325 35 20 6
rect:350 1 42 54 1
rect:169 123 128 44 6
rect:170 38 99 60 6
rect:562 231 51 85 1
Anchorage1964_06.jpg 0x0
rect:210 140 105 391 3
rect:121 73 180 481 12
rect:206 208 50 84 11
Anchorage1964_07.jpg 0x0
rect:272 133 42 161 3
rect:7 386 498 27 14
rect:12 173 317 27 11
rect:268 247 454 184 2
rect:441 160 50 113 13
rect:282 2 107 78 2
rect:400 190 82 84 11
rect:345 84 205 105 11
rect:10 48 585 558 2
Anchorage1964_08.jpg 0x0
rect:323 339 88 143 1
rect:58 92 103 87 1
rect:332 36 85 114 1
rect:44 276 76 114 1
rect:318 554 86 160 1
rect:41 504 131 144 1
Anchorage1964_09.jpg 0x0
rect:123 163 88 84 1
rect:10 150 116 19 15
rect:532 148 1 1 16
rect:95 42 61 62 8
rect:667 311 73 85 8
rect:506 141 94 24 15
rect:708 10 92 11 16
rect:479 9 373 11 15
rect:122 379 70 84 8
rect:17 22 64 11 16
rect:15 110 19 9 16
rect:504 118 60 86 1
rect:189 206 89 88 1
rect:501 104 87 30 15
rect:681 31 85 47 8
rect:195 167 255 15 15
rect:43 181 68 8 16
rect:379 208 63 61 1
rect:14 11 302 13 15
Anchorage1964_10.jpg 0x0
rect:175 230 76 161 17
rect:96 545 303 162 18
rect:59 134 362 240 1
rect:190 257 146 105 18
Anchorage1964_11.jpg 0x0
rect:65 517 676 13 14
rect:179 43 203 123 4
rect:100 498 478 21 14
rect:642 144 190 120 1
rect:303 216 215 35 11
rect:79 130 654 53 2
rect:159 191 323 24 15
rect:519 8 86 40 1
Anchorage1964_12.jpg 0x0
rect:352 77 54 156 3
rect:274 98 137 212 11
rect:13 69 680 288 2
rect:463 64 58 246 3
rect:172 155 36 83 3
Anchorage1964_13.jpg 0x0
rect:588 404 32 205 20
rect:298 613 84 12 19
rect:352 487 225 28 2
Anchorage1964_14.jpg 0x0
rect:336 157 199 59 15
rect:118 582 38 52 22
rect:237 14 70 157 11
rect:191 14 127 900 20
rect:10 500 263 73 11
rect:537 6 61 191 11
rect:448 744 145 72 23
rect:27 441 22 60 22
rect:33 618 65 85 22
rect:178 573 33 61 22
rect:268 285 69 108 21
rect:68 219 173 35 15
Anchorage1964_15.jpg 0x0
rect:282 275 163 55 15
rect:280 93 55 72 25
rect:314 254 140 44 11
rect:154 85 62 597 20
rect:356 10 85 84 4
rect:290 541 270 73 2
rect:323 7 68 76 4
rect:157 115 36 73 11
rect:391 252 114 26 24
Anchorage1964_16.jpg 0x0
rect:108 373 112 108 11
rect:249 112 214 174 2
rect:199 193 349 253 11
rect:13 111 141 211 2
rect:11 244 68 72 2
rect:426 230 163 178 2
Anchorage1964_17.jpg 0x0
rect:204 38 242 152 9
rect:11 94 293 135 9
rect:9 137 640 175 10
Anchorage1964_18.jpg 0x0
rect:568 391 30 16 2
rect:182 396 64 53 11
rect:438 235 77 19 2
rect:175 174 24 40 11
rect:497 265 81 19 2
rect:155 176 55 89 4
rect:377 359 30 71 11
rect:401 203 331 30 15
rect:421 170 106 63 4
rect:407 145 138 99 4
Anchorage1964_19.jpg 0x0
rect:471 230 10 21 26
rect:394 124 32 22 27
rect:553 170 9 6 26
rect:274 78 31 97 29
rect:544 268 14 24 26
rect:528 217 35 42 28
rect:354 123 13 35 26
rect:408 132 44 25 28
rect:28 202 30 120 27
rect:487 97 6 18 26
rect:535 149 26 43 29
rect:296 369 38 70 26
rect:284 114 58 60 26
rect:6 214 78 123 26
rect:282 52 80 143 29
rect:530 194 8 13 26
rect:350 120 33 26 26
rect:308 252 15 46 26
Anchorage1964_20.jpg 0x0
rect:255 83 75 61 27
rect:210 80 150 156 29
rect:249 305 89 156 26
rect:415 584 42 56 26
rect:169 78 113 51 26
Anchorage1964_21.jpg 0x0
rect:-7 51 74 180 29
rect:61 219 24 25 26
rect:199 213 551 115 30
rect:2 101 51 34 26
Bingol2003_01.jpg 0x0
rect:22 220 87 60 33
rect:354 207 82 58 33
rect:525 456 39 44 34
rect:529 386 37 220 32
rect:644 388 94 59 33
rect:552 259 121 181 31
rect:580 314 41 43 6
rect:477 238 36 80 34
rect:783 314 85 43 6
rect:643 408 206 56 6
rect:2 343 1128 224 10
rect:569 88 120 88 6
rect:255 295 70 116 6
rect:279 93 64 21 6
rect:521 71 135 203 31
rect:145 203 77 83 33
rect:749 253 69 71 33
rect:987 362 107 41 33
rect:445 102 77 57 6
Bingol2003_02.jpg 0x0
rect:261 414 91 73 6
rect:254 199 731 502 31
rect:534 229 113 107 26
rect:945 77 109 57 36
rect:154 285 79 484 32
rect:106 450 163 194 32
rect:158 77 429 210 34
rect:493 257 504 154 35
Bingol2003_03.jpg 0x0
rect:788 -7 306 265 4
rect:66 34 170 43 2
rect:344 198 299 196 2
rect:514 301 205 521 4
rect:710 502 325 513 2
rect:124 54 84 85 33
rect:363 237 200 80 11
Bingol2003_04.jpg 0x0
rect:337 527 50 124 3
rect:212 224 173 168 4
rect:147 541 31 60 3
rect:74 584 21 94 3
rect:311 676 154 67 2
rect:179 490 184 237 2
rect:96 606 105 85 2
rect:189 642 37 105 3
CanterburyNZSeries2010_01.jpg 0x0
rect:90 82 149 260 12
CanterburyNZSeries2010_02.jpg 0x0
rect:39 10 242 290 37
rect:44 52 148 222 6
CanterburyNZSeries2010_03.jpg 0x0
rect:52 85 269 97 38
CanterburyNZSeries2010_04.jpg 0x0
rect:204 11 74 128 42
rect:264 286 23 217 40
rect:242 374 65 208 41
rect:320 477 49 128 40
rect:338 352 32 56 40
rect:365 328 20 59 40
rect:257 315 153 278 39
rect:423 454 16 74 40
CanterburyNZSeries2010_05.jpg 0x0
rect:239 156 136 80 15
rect:395 366 185 297 4
CanterburyNZSeries2010_06.jpg 0x0
rect:206 274 183 93 2
rect:66 113 716 533 4
CanterburyNZSeries2010_08.jpg 0x0
rect:639 388 119 149 44
rect:642 137 197 281 43
rect:841 515 49 134 44
rect:777 432 24 193 32
CanterburyNZSeries2010_09.jpg 0x0
rect:349 243 209 266 39
rect:319 141 128 241 45
CanterburyNZSeries2010_10.jpg 0x0
rect:345 171 346 93 7
rect:397 258 200 57 46
rect:297 560 179 131 6
rect:266 173 395 152 6
CanterburyNZSeries2010_11.jpg 0x0
rect:257 240 217 118 7
rect:289 364 243 192 5
CanterburyNZSeries2010_12.jpg 0x0
rect:5 293 840 410 47
rect:48 245 759 342 2
rect:189 601 173 40 11
rect:465 404 173 84 11
CanterburyNZSeries2010_13.jpg 0x0
rect:547 190 94 343 11
rect:212 13 457 713 12
Caracas1967_01.jpg 0x0
rect:567 54 139 209 48
rect:301 191 41 84 48
rect:391 109 58 123 48
rect:236 125 10 72 48
Caracas1967_02.jpg 0x0
rect:101 334 50 63 49
rect:95 463 32 46 50
rect:173 141 179 264 51
rect:281 1 119 182 15
Caracas1967_03.jpg 0x0
rect:199 308 100 126 34
rect:342 341 56 65 26
rect:227 90 98 95 14
rect:11 344 278 65 6
rect:280 434 29 79 27
rect:243 437 32 124 27
Caracas1967_04.jpg 0x0
rect:114 366 14 107 27
rect:171 324 42 147 26
rect:178 267 220 166 34
Caracas1967_05.jpg 0x0
rect:24 124 483 514 48
rect:193 248 52 232 40
rect:250 428 65 245 40
rect:257 247 162 197 52
rect:91 370 182 173 52
rect:245 261 53 138 40
rect:474 183 39 289 40
rect:45 185 403 595 41
rect:184 352 52 299 40
rect:77 224 73 223 40
Caracas1967_06.jpg 0x0
rect:356 214 102 42 6
rect:281 101 261 222 7
Caracas1967_07.jpg 0x0
rect:491 55 27 303 27
rect:473 9 116 222 34
rect:217 101 50 172 27
rect:438 305 123 256 34
rect:477 506 73 51 53
rect:144 163 195 236 34
rect:436 242 72 94 53
Caracas1967_08.jpg 0x0
rect:457 269 64 102 54
rect:232 324 73 96 55
rect:189 230 46 116 54
Caracas1967_09.jpg 0x0
rect:470 12 254 181 48
rect:137 154 111 109 48
rect:100 148 52 65 48
rect:34 230 63 47 48
Caracas1967_10.jpg 0x0
rect:372 236 101 182 40
rect:411 409 88 128 40
rect:42 176 306 270 41
rect:20 224 533 392 48
Caracas1967_11.jpg 0x0
rect:51 317 286 633 41
rect:62 17 301 564 48
rect:205 12 126 303 41
Caracas1967_12.jpg 0x0
rect:772 444 28 70 32
rect:549 302 25 49 32
rect:314 311 28 47 56
rect:679 186 35 42 34
Caracas1967_13.jpg 0x0
rect:132 505 95 178 55
Caracas1967_14.jpg 0x0
rect:134 141 807 261 57
rect:131 370 344 32 6
Chichi1999_01.jpg 0x0
rect:374 121 51 267 42
rect:4 9 643 176 58
Chichi1999_02.jpg 0x0
rect:345 95 254 385 59
rect:6 91 436 176 58
Chichi1999_03.jpg 0x0
rect:0 109 611 142 58
rect:70 193 80 122 60
Chichi1999_04.jpg 0x0
rect:196 214 55 458 48
rect:221 269 30 53 52
rect:247 -18 52 117 48
Chichi1999_05.jpg 0x0
rect:377 300 36 31 41
rect:430 97 45 53 41
rect:293 189 36 96 52
rect:366 87 94 277 48
Chichi1999_06.jpg 0x0
rect:371 154 45 119 48
rect:171 13 337 217 10
rect:363 275 24 35 52
rect:365 161 55 45 62
rect:698 159 43 41 41
rect:388 -11 108 71 61
Chichi1999_07.jpg 0x0
rect:495 203 45 86 48
rect:370 198 62 92 48
rect:166 226 49 126 48
rect:213 122 28 32 64
rect:409 293 21 33 64
rect:72 175 722 152 63
rect:692 336 15 28 64
Chichi1999_08.jpg 0x0
rect:80 11 441 349 10
Chichi1999_09.jpg 0x0
rect:284 83 136 118 41
rect:171 89 36 85 40
rect:196 107 42 73 40
rect:238 60 213 230 48
Chichi1999_10.jpg 0x0
rect:172 17 681 313 10
Chichi1999_11.jpg 0x0
rect:2 140 165 549 10
rect:163 147 102 84 65
Chichi1999_12.jpg 0x0
rect:9 24 445 694 66
Chichi1999_13.jpg 0x0
rect:33 49 513 428 10
Chichi1999_14.jpg 0x0
rect:144 407 51 53 67
rect:240 474 36 50 67
rect:318 349 33 36 39
rect:114 433 76 38 67
rect:107 428 38 49 67
rect:74 455 56 54 67
rect:388 401 27 16 39
rect:237 536 93 65 67
rect:265 536 28 32 39
rect:107 437 30 46 67
rect:110 244 34 43 67
rect:155 234 27 53 67
rect:468 453 48 66 67
rect:106 256 66 65 67
rect:220 568 36 32 67
rect:367 206 26 38 39
rect:190 315 20 33 67
Chichi1999_15.jpg 0x0
rect:300 28 217 554 41
Chichi1999_16.jpg 0x0
rect:126 99 67 169 32
Chichi1999_17.jpg 0x0
rect:153 245 30 53 32
Chichi1999_18.jpg 0x0
rect:170 171 143 368 68
rect:195 209 29 160 69
rect:208 176 28 80 69
rect:273 307 23 167 69
rect:137 188 25 121 69
rect:296 251 41 108 70
Chichi1999_19.jpg 0x0
rect:197 155 167 259 3
rect:158 26 272 503 2
YogyakartaInd2006_03.jpg 0x0
rect:291 22 77 2 15
rect:200 145 22 7 16
rect:228 174 58 33 15
rect:289 213 316 168 71
rect:448 83 84 50 16
rect:318 65 106 55 15
rect:332 482 68 32 16
rect:209 476 219 28 15
Chichi1999_20.jpg 0x0
rect:268 391 57 177 41
rect:150 243 84 382 42
Chichi1999_21.jpg 0x0
rect:15 4 273 124 30
rect:265 140 184 306 72
rect:131 271 127 136 37
rect:408 7 108 143 57
rect:308 41 183 275 37
rect:92 334 210 135 5
rect:226 265 98 163 6
rect:296 79 127 126 6
Chichi1999_22.jpg 0x0
rect:367 173 16 18 73
rect:229 141 302 185 10
rect:204 197 10 17 73
rect:208 238 16 20 73
Chichi1999_23.jpg 0x0
rect:99 437 28 96 34
rect:212 210 43 63 73
rect:194 189 20 29 34
rect:254 363 29 94 34
rect:80 394 50 98 73
rect:363 235 43 23 27
rect:130 210 59 36 73
rect:5 47 370 147 74
rect:325 277 74 122 73
rect:334 128 32 23 26
Chichi1999_24.jpg 0x0
rect:360 411 1 2 46
rect:3 398 352 167 74
rect:257 165 38 73 46
rect:202 315 56 61 34
rect:141 198 150 76 75
Chichi1999_25.jpg 0x0
rect:261 361 58 75 26
rect:118 290 119 217 34
rect:206 166 187 265 73
Chichi1999_26.jpg 0x0
rect:138 374 101 156 73
rect:254 206 52 90 73
rect:222 236 86 482 76
rect:143 510 109 110 27
rect:267 19 52 36 73
rect:122 408 91 92 26
Chichi1999_27.jpg 0x0
rect:152 302 78 309 32
Chichi1999_28.jpg 0x0
rect:26 56 256 158 6
rect:115 137 146 172 5
rect:300 92 185 235 75
rect:357 243 293 81 77
Chichi1999_29.jpg 0x0
rect:235 225 68 129 52
rect:166 162 76 113 40
rect:156 231 196 340 48
Chichi1999_30.jpg 0x0
rect:25 183 89 214 73
rect:252 98 333 292 40
rect:264 103 164 93 52
rect:197 185 171 72 78
Chichi1999_31.jpg 0x0
rect:130 82 144 266 79
rect:611 111 36 224 48
Chichi1999_32.jpg 0x0
rect:179 8 119 474 80
rect:445 104 58 206 39
rect:129 81 44 137 81
rect:220 201 31 116 81
Chichi1999_33.jpg 0x0
rect:291 73 131 168 56
rect:335 71 88 239 32
rect:305 157 50 94 49
rect:111 128 56 80 49
rect:139 121 90 295 32
rect:75 82 153 444 33
Chichi1999_34.jpg 0x0
rect:137 81 347 338 10
Duzce1999_01.jpg 0x0
rect:105 158 118 110 41
rect:128 68 135 294 39
Duzce1999_02.jpg 0x0
rect:86 55 144 477 41
Duzce1999_03.jpg 0x0
rect:265 164 87 347 31
rect:0 141 83 264 31
rect:102 97 92 195 42
Gediz1970_01.jpg 0x0
rect:101 358 86 367 69
rect:179 410 88 238 69
rect:158 131 176 560 68
Guatemala1976_01.jpg 0x0
rect:607 127 131 121 48
rect:686 126 78 90 41
rect:70 171 77 61 52
rect:23 131 525 160 82
rect:46 191 60 51 41
rect:30 167 100 132 48
Guatemala1976_02.jpg 0x0
rect:209 77 130 101 40
rect:183 53 331 206 48
Guatemala1976_03.jpg 0x0
rect:22 77 614 413 75
Guatemala1976_04.jpg 0x0
rect:182 24 324 93 30
rect:380 284 85 287 4
rect:40 77 327 164 30
rect:441 202 132 363 4
Guatemala1976_05.jpg 0x0
rect:245 140 401 116 41
rect:189 174 439 179 40
rect:120 101 359 401 48
Guatemala1976_06.jpg 0x0
rect:114 139 171 333 39
Guatemala1976_07.jpg 0x0
rect:19 310 63 53 6
rect:27 314 468 517 10
rect:197 408 104 69 83
Guatemala1976_08.jpg 0x0
rect:172 45 448 362 41
rect:204 27 452 293 48
rect:298 94 207 401 40
Guatemala1976_09.jpg 0x0
rect:456 398 55 53 84
rect:395 333 75 26 85
rect:99 265 35 28 85
rect:70 256 29 21 84
rect:604 284 77 68 85
rect:145 176 44 64 85
rect:158 285 36 31 84
rect:298 358 43 70 84
Guatemala1976_10.jpg 0x0
rect:266 164 287 233 86
rect:424 398 49 92 87
rect:182 125 299 178 87
Guatemala1976_11.jpg 0x0
rect:254 280 156 200 34
GujaratIndia2001_01.jpg 0x0
rect:56 531 56 42 2
rect:188 336 302 78 2
rect:267 584 53 54 11
rect:32 345 152 198 4
Haiti2010_01.jpg 0x0
rect:184 62 141 125 7
rect:225 156 216 465 41
rect:540 585 178 269 4
rect:210 254 27 159 40
rect:541 317 134 112 4
Haiti2010_02.jpg 0x0
rect:51 81 606 158 88
rect:212 28 215 40 14
Haiti2010_03.jpg 0x0
rect:327 592 211 234 89
rect:341 1 54 780 32
rect:200 650 53 75 49
rect:188 406 256 200 32
Haiti2010_04.jpg 0x0
rect:2 103 194 199 6
rect:218 368 270 614 41
rect:271 54 260 302 34
Haiti2010_05.jpg 0x0
rect:210 274 31 82 40
rect:431 270 28 104 40
rect:274 183 197 126 52
rect:207 208 278 445 90
Haiti2010_06.jpg 0x0
rect:396 175 96 50 6
rect:186 350 289 498 91
rect:468 160 55 64 34
rect:380 213 151 291 33
rect:436 192 50 219 32
rect:435 210 714 849 91
rect:156 302 51 60 34
ImperialValley1979_01.jpg 0x0
rect:14 347 121 90 32
rect:359 247 35 46 50
rect:484 249 20 15 49
rect:534 295 18 12 49
rect:310 264 73 52 32
rect:336 377 57 21 49
rect:470 319 27 36 32
rect:332 294 25 38 50
rect:10 259 74 81 49
rect:552 313 32 45 32
rect:54 240 74 121 50
ImperialValley1979_02.jpg 0x0
rect:225 100 54 157 50
rect:250 98 72 242 50
rect:312 218 47 155 50
rect:248 61 191 193 32
rect:275 193 146 52 49
rect:149 236 376 62 92
ImperialValley1979_03.jpg 0x0
rect:120 217 185 112 32
rect:392 305 51 152 50
rect:102 224 89 273 50
rect:94 481 215 40 92
rect:170 311 203 188 32
rect:259 426 87 113 50
rect:97 433 324 34 92
Izmit1999_01.jpg 0x0
rect:218 280 38 149 27
rect:158 61 417 306 34
rect:342 279 45 85 26
rect:209 116 56 218 27
rect:202 112 44 144 27
Izmit1999_02.jpg 0x0
rect:24 83 759 239 10
Izmit1999_03.jpg 0x0
rect:137 110 73 291 50
rect:427 76 31 292 50
rect:203 42 355 507 93
rect:415 74 39 235 50
rect:133 193 388 40 92
rect:214 182 46 164 50
rect:284 71 322 456 32
rect:423 88 66 297 50
Izmit1999_04.jpg 0x0
rect:367 422 25 66 40
rect:126 495 163 101 88
rect:75 612 43 98 42
rect:235 449 102 108 41
rect:300 79 81 101 48
rect:74 364 46 74 41
rect:371 58 79 91 41
rect:414 443 23 66 40
rect:100 199 149 81 88
rect:61 389 51 75 34
Izmit1999_05.jpg 0x0
rect:94 34 633 543 10
Izmit1999_06.jpg 0x0
rect:293 202 54 194 50
rect:146 272 126 77 49
rect:102 332 83 247 50
rect:123 274 98 242 50
rect:326 228 48 195 50
rect:122 137 261 552 32
Izmit1999_07.jpg 0x0
rect:377 164 65 58 3
rect:257 64 114 62 6
rect:27 158 332 671 2
rect:288 151 43 103 3
rect:171 249 50 162 3
rect:175 158 45 126 3
rect:237 286 74 303 4
Izmit1999_08.jpg 0x0
rect:248 170 225 114 88
rect:191 31 111 126 34
rect:172 108 85 73 41
rect:394 103 81 91 41
rect:414 6 121 53 45
rect:401 85 40 34 52
rect:115 466 73 98 45
Izmit1999_09.jpg 0x0
rect:510 245 64 84 94
rect:740 207 52 51 41
rect:324 211 76 85 41
rect:298 247 144 133 94
rect:37 217 41 64 41
rect:193 209 32 30 41
Izmit1999_10.jpg 0x0
rect:164 273 90 330 40
rect:313 389 48 90 40
rect:367 528 121 109 40
rect:204 431 73 23 78
rect:292 166 131 166 40
rect:42 209 260 47 78
rect:89 350 226 56 78
rect:263 160 40 165 40
rect:83 152 390 395 41
rect:195 336 191 31 78
rect:58 169 61 131 40
Izmit1999_11.jpg 0x0
rect:244 591 122 107 41
rect:198 185 69 113 40
rect:403 194 95 193 40
rect:183 244 88 183 40
rect:255 251 154 215 41
Izmit1999_12.jpg 0x0
rect:95 368 38 40 40
rect:409 175 195 226 91
rect:74 223 73 72 52
rect:555 32 63 63 34
rect:18 58 39 17 6
rect:277 228 57 99 42
rect:117 241 81 62 88
rect:116 84 29 21 6
rect:380 147 43 54 41
rect:1 161 33 33 41
rect:304 280 87 197 94
rect:302 351 50 125 52
rect:204 198 50 22 6
rect:440 142 66 79 45
rect:599 120 33 84 41
rect:227 213 61 97 41
rect:46 256 63 116 94
rect:462 210 55 68 7
Izmit1999_13.jpg 0x0
rect:145 135 68 53 6
rect:141 235 87 93 94
rect:369 86 77 139 41
rect:142 197 36 119 41
rect:171 290 76 62 52
rect:5 61 67 160 42
rect:351 73 226 427 48
rect:240 187 42 106 41
rect:382 191 98 238 41
Izmit1999_14.jpg 0x0
rect:460 324 81 31 34
rect:451 7 198 88 35
rect:378 386 29 18 34
rect:529 62 48 69 95
rect:346 432 57 41 34
rect:487 161 113 89 35
rect:395 89 88 58 34
rect:50 151 117 47 34
rect:217 327 47 43 34
Izmit1999_15.jpg 0x0
rect:148 193 252 431 42
Izmit1999_16.jpg 0x0
rect:265 146 46 91 40
rect:116 54 520 524 33
rect:90 68 181 328 39
rect:140 82 171 148 41
Izmit1999_17.jpg 0x0
rect:83 147 170 335 41
Izmit1999_18.jpg 0x0
rect:126 163 141 312 39
rect:163 131 154 148 41
Izmit1999_19.jpg 0x0
rect:342 142 30 69 50
rect:249 166 190 308 32
rect:313 87 255 256 96
rect:502 107 21 100 50
Kobe1995_01.jpg 0x0
rect:30 127 1037 153 63
Kobe1995_02.jpg 0x0
rect:2 60 496 775 68
Kobe1995_03.jpg 0x0
rect:45 50 611 718 10
Kobe1995_04.jpg 0x0
rect:401 354 61 40 41
Kobe1995_05.jpg 0x0
rect:3 185 100 391 40
rect:30 201 502 89 78
rect:333 155 158 542 40
rect:121 112 169 640 52
rect:111 638 288 135 78
Kobe1995_06.jpg 0x0
rect:133 300 262 381 42
rect:48 120 470 462 41
Kobe1995_07.jpg 0x0
rect:362 416 25 43 39
rect:376 238 34 38 39
rect:395 174 29 30 39
rect:491 254 41 39 39
rect:537 206 35 37 39
rect:195 105 20 38 39
rect:272 418 46 52 39
rect:130 203 34 35 39
rect:463 171 30 37 39
rect:152 239 39 33 39
rect:166 326 28 24 39
rect:351 332 26 18 39
rect:60 193 48 62 39
rect:149 332 28 45 39
rect:182 180 46 33 39
rect:285 372 22 29 39
rect:402 172 39 52 39
rect:384 306 27 44 39
rect:187 238 26 31 39
rect:206 410 55 46 39
rect:216 292 40 43 39
rect:174 91 34 49 39
rect:79 329 44 43 39
rect:559 459 34 25 39
rect:57 395 36 31 39
rect:134 337 48 34 39
Kobe1995_08.jpg 0x0
rect:293 50 506 255 97
Kobe1995_09.jpg 0x0
rect:100 633 69 80 88
rect:110 652 69 65 88
rect:104 488 52 49 88
rect:206 765 217 99 97
SanSalvador_1986_01.jpg 0x0
rect:63 3 107 162 68
rect:233 192 89 172 41
SanSalvador_1986_02.jpg 0x0
rect:595 200 36 37 41
rect:343 158 20 36 41
rect:597 246 51 45 41
rect:161 230 29 44 41
rect:352 218 50 44 42
rect:146 236 41 41 41
rect:167 153 20 32 41
rect:230 336 26 39 41
rect:288 238 43 35 41
SikkimIndia2001_01.jpg 0x0
rect:166 111 94 162 34
SikkimIndia2001_02.jpg 0x0
rect:340 99 67 46 16
rect:10 130 44 43 54
rect:10 6 255 78 16
rect:-15 2 381 99 33
rect:349 188 66 39 16
rect:133 77 184 441 33
rect:574 319 131 16 16
rect:373 91 117 212 33
SikkimIndia2001_03.jpg 0x0
rect:222 74 54 236 69
rect:241 253 121 193 70
rect:173 13 205 550 98
SikkimIndia2001_04.jpg 0x0
rect:3 26 251 224 99
rect:315 195 81 193 34
rect:427 163 184 123 99
SumatraInd2009_01.jpg 0x0
rect:219 31 67 406 81
SumatraInd2009_02.jpg 0x0
rect:183 79 222 155 41
WhittierNarrows1987_01.jpg 0x0
rect:16 27 790 291 10
WhittierNarrows1987_02.jpg 0x0
rect:197 194 107 317 41
WhittierNarrows1987_03.jpg 0x0
rect:320 147 157 229 32
WhittierNarrows1987_04.jpg 0x0
rect:142 7 391 90 6
rect:303 75 114 265 41
rect:211 15 282 190 100
YogyakartaInd2006_01.jpg 0x0
rect:363 185 259 94 49
rect:149 -17 363 524 29
rect:196 39 389 229 32
YogyakartaInd2006_02.jpg 0x0
rect:434 114 47 165 69
rect:272 122 80 206 70
rect:288 44 107 339 98
