Anchorage1964_01.jpg 0x0
rect:100 486 234 192 1
rect:95 7 236 205 1
Anchorage1964_02.jpg 0x0
rect:100 230 25 21 6
rect:587 294 24 53 3
rect:41 18 188 35 5
rect:116 134 84 64 7
rect:179 39 296 70 4
rect:534 56 87 136 8
rect:78 37 108 19 6
rect:157 50 89 54 4
rect:24 227 124 38 5
rect:209 203 19 90 3
rect:354 291 30 69 3
rect:93 246 59 20 6
rect:354 273 25 57 3
rect:201 280 30 49 3
rect:441 136 113 65 4
rect:584 242 20 59 3
rect:323 363 20 45 3
rect:162 232 306 113 2
rect:622 202 16 64 3
Anchorage1964_03.jpg 0x0
rect:0 266 751 79 10
rect:2 265 178 64 9
rect:212 109 349 138 9
Anchorage1964_04.jpg 0x0
rect:356 453 20 19 5
rect:167 467 46 23 5
rect:244 247 14 35 1
rect:207 167 20 15 5
rect:288 533 25 38 1
rect:176 294 18 20 8
rect:336 156 16 28 1
rect:406 553 32 22 5
rect:133 101 38 19 5
rect:208 23 25 17 5
rect:353 242 28 17 5
rect:260 35 27 23 5
rect:261 211 30 22 5
rect:417 62 34 21 5
rect:349 100 28 16 5
rect:128 299 31 21 5
rect:352 154 17 24 1
rect:409 410 42 19 5
rect:439 250 35 25 5
rect:211 446 16 19 1
rect:173 42 31 13 5
rect:231 275 9 1 1
rect:286 219 26 19 1
rect:191 118 20 31 1
rect:144 320 43 11 5
rect:180 275 22 13 5
rect:301 174 25 21 5
rect:210 181 24 19 5
rect:237 95 33 18 5
rect:122 177 24 18 5
rect:271 203 17 19 1
rect:327 252 27 14 5
rect:354 416 20 22 1
rect:311 439 12 23 1
rect:205 73 29 13 5
rect:180 194 32 22 5
rect:178 393 23 24 1
rect:388 204 26 15 5
rect:208 557 43 20 2
Anchorage1964_05.jpg 0x0
rect:526 95 38 56 1
rect:648 296 62 32 5
rect:68 74 19 32 1
rect:64 193 29 33 1
rect:220 147 150 43 6
rect:117 18 24 46 1
rect:702 240 40 13 6
rect:656 214 48 67 1
rect:107 131 13 65 1
rect:484 17 36 57 1
rect:335 131 38 77 1
rect:529 369 40 76 8
rect:28 447 31 49 1
rect:56 209 23 40 1
rect:419 163 52 60 1
rect:591 153 34 52 1
rect:35 337 28 41 1
rect:331 147 97 69 2
rect:467 245 52 24 11
rect:236 34 132 37 6
rect:814 197 41 23 6
rect:95 239 16 62 1
rect:767 291 60 38 5
rect:47 106 14 32 1
rect:646 405 49 54 8
rect:217 150 150 23 5
rect:424 1 53 64 1
rect:147 38 108 28 5
rect:223 256 24 20 11
Anchorage1964_06.jpg 0x0
rect:180 171 79 75 11
rect:208 148 92 355 3
rect:89 86 251 552 12
Anchorage1964_07.jpg 0x0
rect:327 110 49 98 3
rect:230 2 102 61 2
rect:9 72 541 529 2
rect:287 332 284 249 2
rect:5 366 501 25 14
rect:209 86 164 113 11
rect:508 219 66 75 11
rect:403 122 63 77 13
rect:19 186 187 32 11
Anchorage1964_08.jpg 0x0
rect:444 599 159 121 1
rect:316 183 119 97 1
rect:40 473 95 148 1
rect:382 37 111 75 1
rect:50 80 122 89 1
rect:61 337 97 95 1
Anchorage1964_09.jpg 0x0
rect:736 131 1 1 16
rect:217 168 51 73 1
rect:12 189 20 12 16
rect:474 317 60 67 8
rect:676 87 177 14 15
rect:647 112 65 56 1
rect:645 11 116 9 16
rect:78 179 83 86 1
rect:110 199 84 75 8
rect:15 21 73 14 16
rect:74 124 51 10 16
rect:108 36 63 96 8
rect:501 103 106 18 15
rect:11 15 461 11 15
rect:15 120 86 19 15
rect:478 36 82 78 8
rect:454 8 265 17 15
rect:317 140 45 89 1
rect:187 105 222 12 15
Anchorage1964_10.jpg 0x0
rect:92 341 374 131 18
rect:272 275 101 143 17
rect:91 185 428 324 1
rect:168 251 215 94 18
Anchorage1964_11.jpg 0x0
rect:91 155 603 83 2
rect:676 7 141 40 1
rect:287 241 339 28 11
rect:173 187 464 21 15
rect:562 150 142 93 1
rect:70 553 618 18 14
rect:50 569 586 12 14
rect:128 49 122 103 4
Anchorage1964_12.jpg 0x0
rect:14 108 452 237 2
rect:369 109 192 120 11
rect:421 61 43 225 3
rect:241 134 33 86 3
rect:318 110 66 217 3
Anchorage1964_13.jpg 0x0
rect:410 398 147 16 19
rect:537 276 39 214 20
rect:367 566 147 34 2
Anchorage1964_14.jpg 0x0
rect:123 444 50 85 22
rect:165 244 95 65 21
rect:362 12 50 156 11
rect:212 561 33 49 22
rect:161 13 98 548 20
rect:409 7 75 157 11
rect:25 505 25 71 22
rect:338 487 149 86 23
rect:9 655 255 109 11
rect:107 329 136 24 15
rect:369 217 160 42 15
rect:53 712 46 65 22
Anchorage1964_15.jpg 0x0
rect:417 10 68 74 4
rect:252 10 55 64 4
rect:259 480 281 60 2
rect:181 249 147 54 15
rect:416 202 88 58 11
rect:225 94 38 100 25
rect:174 114 35 54 11
rect:134 98 51 570 20
rect:305 287 139 38 24
Anchorage1964_16.jpg 0x0
rect:15 338 80 97 2
rect:270 72 186 125 2
rect:17 126 158 218 2
rect:266 157 340 207 11
rect:87 354 111 139 11
rect:446 167 132 141 2
Anchorage1964_17.jpg 0x0
rect:11 104 209 88 9
rect:7 204 572 173 10
rect:256 45 261 270 9
Anchorage1964_18.jpg 0x0
rect:341 404 84 19 2
rect:107 283 23 58 11
rect:605 128 138 100 4
rect:297 368 325 37 15
rect:438 169 91 86 4
rect:731 275 73 21 2
rect:392 277 41 23 2
rect:105 242 68 132 4
rect:115 300 92 39 11
rect:264 212 44 77 11
Anchorage1964_19.jpg 0x0
rect:505 125 36 34 28
rect:338 229 16 40 26
rect:517 93 35 55 29
rect:472 191 35 42 28
rect:545 183 9 16 26
rect:608 173 9 7 26
rect:349 108 17 42 26
rect:316 149 37 27 26
rect:353 109 68 48 26
rect:5 323 93 187 26
rect:595 117 25 66 29
rect:263 338 34 83 26
rect:842 165 7 11 26
rect:307 226 19 51 26
rect:29 341 29 79 27
rect:366 112 33 27 27
rect:610 162 12 30 26
rect:204 97 51 98 29
Anchorage1964_20.jpg 0x0
rect:254 105 113 80 26
rect:630 376 32 96 26
rect:272 355 85 177 26
rect:173 76 96 48 27
rect:194 56 100 164 29
Anchorage1964_21.jpg 0x0
rect:2 102 46 38 26
rect:-6 51 107 168 29
rect:152 161 707 180 30
rect:47 384 23 42 26
Bingol2003_01.jpg 0x0
rect:180 94 77 27 6
rect:599 146 50 116 34
rect:623 165 83 101 6
rect:444 88 114 205 31
rect:402 53 100 83 6
rect:401 513 81 73 6
rect:886 251 83 74 33
rect:354 206 198 133 31
rect:354 483 60 64 34
rect:121 233 49 77 33
rect:599 312 70 207 32
rect:22 289 63 87 33
rect:670 379 69 75 6
rect:566 531 187 68 6
rect:360 252 102 69 33
rect:699 335 73 49 33
rect:2 263 724 265 10
rect:762 412 88 80 33
rect:568 207 54 54 6
Bingol2003_02.jpg 0x0
rect:371 409 88 79 26
rect:156 96 562 119 34
rect:586 206 410 116 35
rect:230 255 670 465 31
rect:102 609 141 223 32
rect:933 45 143 96 36
rect:407 407 101 100 6
rect:197 323 113 452 32
Bingol2003_03.jpg 0x0
rect:135 47 117 108 33
rect:401 188 153 67 11
rect:696 -6 250 155 4
rect:120 30 202 40 2
rect:790 238 190 421 4
rect:579 435 190 281 2
rect:255 180 457 219 2
Bingol2003_04.jpg 0x0
rect:155 426 38 94 3
rect:249 674 39 105 3
rect:295 298 49 139 3
rect:228 688 119 56 2
rect:356 239 201 209 4
rect:56 793 103 109 2
rect:154 293 186 152 2
rect:84 752 28 57 3
CanterburyNZSeries2010_01.jpg 0x0
rect:73 77 162 295 12
CanterburyNZSeries2010_02.jpg 0x0
rect:55 60 187 257 6
rect:39 9 148 208 37
CanterburyNZSeries2010_03.jpg 0x0
rect:52 79 271 117 38
CanterburyNZSeries2010_04.jpg 0x0
rect:218 265 31 169 40
rect:244 531 30 52 40
rect:379 287 36 90 40
rect:433 321 15 77 40
rect:207 463 31 65 40
rect:239 355 275 456 39
rect:135 490 120 293 41
rect:228 9 130 213 42
CanterburyNZSeries2010_05.jpg 0x0
rect:235 184 120 78 15
rect:211 333 152 261 4
CanterburyNZSeries2010_06.jpg 0x0
rect:185 258 286 149 2
rect:78 83 619 638 4
CanterburyNZSeries2010_08.jpg 0x0
rect:509 420 43 143 32
rect:989 499 116 103 44
rect:623 433 56 174 44
rect:642 156 154 241 43
CanterburyNZSeries2010_09.jpg 0x0
rect:234 302 188 288 39
rect:248 139 186 185 45
CanterburyNZSeries2010_10.jpg 0x0
rect:214 391 260 97 46
rect:197 609 313 141 6
rect:282 296 333 231 6
rect:246 158 327 90 7
CanterburyNZSeries2010_11.jpg 0x0
rect:347 222 277 112 7
rect:291 280 266 200 5
CanterburyNZSeries2010_12.jpg 0x0
rect:674 563 147 61 11
rect:43 336 1008 278 2
rect:4 352 869 426 47
rect:182 614 110 50 11
CanterburyNZSeries2010_13.jpg 0x0
rect:379 120 143 464 11
rect:191 13 465 851 12
Caracas1967_01.jpg 0x0
rect:467 64 225 247 48
rect:366 227 34 122 48
rect:207 199 11 67 48
rect:403 162 85 101 48
Caracas1967_02.jpg 0x0
rect:142 196 183 285 51
rect:126 387 47 27 50
rect:100 405 53 54 49
rect:220 1 80 132 15
Caracas1967_03.jpg 0x0
rect:301 271 73 53 26
rect:349 59 84 73 14
rect:19 280 287 112 6
rect:243 407 127 158 34
rect:197 415 42 61 27
rect:397 320 25 131 27
Caracas1967_04.jpg 0x0
rect:109 312 23 112 27
rect:134 296 176 206 34
rect:169 385 37 120 26
Caracas1967_05.jpg 0x0
rect:39 79 320 794 48
rect:302 228 57 198 40
rect:74 265 48 306 40
rect:65 332 159 239 52
rect:259 168 99 189 52
rect:173 378 44 176 40
rect:297 205 43 186 40
rect:55 152 276 377 41
rect:115 332 54 209 40
rect:363 175 51 134 40
Caracas1967_06.jpg 0x0
rect:324 356 62 40 6
rect:423 108 258 188 7
Caracas1967_07.jpg 0x0
rect:395 46 39 156 27
rect:226 164 134 193 34
rect:578 306 97 116 53
rect:252 172 37 152 27
rect:290 198 175 266 34
rect:442 427 88 85 53
rect:323 7 81 364 34
Caracas1967_08.jpg 0x0
rect:267 381 86 76 55
rect:261 345 65 101 54
rect:454 271 104 125 54
Caracas1967_09.jpg 0x0
rect:455 9 268 118 48
rect:66 216 54 52 48
rect:210 179 98 65 48
rect:19 314 70 59 48
Caracas1967_10.jpg 0x0
rect:48 263 267 288 41
rect:299 161 81 175 40
rect:332 270 75 196 40
rect:20 122 567 456 48
Caracas1967_11.jpg 0x0
rect:70 333 332 502 41
rect:42 11 537 818 48
rect:291 17 193 276 41
Caracas1967_12.jpg 0x0
rect:194 334 20 38 56
rect:756 199 18 44 32
rect:832 424 21 64 32
rect:394 202 34 49 34
Caracas1967_13.jpg 0x0
rect:109 359 92 254 55
Caracas1967_14.jpg 0x0
rect:108 331 263 43 6
rect:127 125 516 202 57
Chichi1999_01.jpg 0x0
rect:311 178 41 247 42
rect:4 10 584 118 58
Chichi1999_02.jpg 0x0
rect:7 95 428 156 58
rect:391 83 173 413 59
Chichi1999_03.jpg 0x0
rect:83 203 71 92 60
rect:0 110 982 190 58
Chichi1999_04.jpg 0x0
rect:160 -12 61 151 48
rect:151 226 88 240 48
rect:296 274 26 71 52
Chichi1999_05.jpg 0x0
rect:332 176 62 37 41
rect:308 119 88 285 48
rect:386 233 35 41 41
rect:353 209 35 79 52
Chichi1999_06.jpg 0x0
rect:122 19 428 186 10
rect:344 112 51 46 62
rect:239 142 39 64 48
rect:609 -15 80 94 61
rect:401 257 25 35 52
rect:606 164 46 49 41
Chichi1999_07.jpg 0x0
rect:448 247 35 121 48
rect:530 234 49 117 48
rect:405 284 30 36 64
rect:140 230 55 171 48
rect:66 176 587 109 63
rect:117 210 24 47 64
rect:626 301 17 27 64
Chichi1999_08.jpg 0x0
rect:120 19 401 499 10
Chichi1999_09.jpg 0x0
rect:215 131 35 96 40
rect:245 69 157 120 41
rect:275 82 47 104 40
rect:147 51 242 177 48
Chichi1999_10.jpg 0x0
rect:138 14 741 470 10
Chichi1999_11.jpg 0x0
rect:2 160 235 408 10
rect:114 270 78 69 65
Chichi1999_12.jpg 0x0
rect:11 21 408 505 66
Chichi1999_13.jpg 0x0
rect:33 40 499 408 10
Chichi1999_14.jpg 0x0
rect:150 296 37 48 67
rect:172 185 94 42 67
rect:74 353 62 48 67
rect:104 320 46 49 67
rect:124 396 22 48 67
rect:140 307 26 52 67
rect:201 427 27 29 39
rect:387 607 40 45 67
rect:316 401 25 30 39
rect:272 203 45 41 39
rect:159 325 19 44 67
rect:59 407 46 52 67
rect:138 286 24 70 67
rect:140 279 37 79 67
rect:158 244 47 44 67
rect:293 500 66 93 67
rect:246 447 21 20 39
Chichi1999_15.jpg 0x0
rect:237 37 205 471 41
Chichi1999_16.jpg 0x0
rect:134 163 59 131 32
Chichi1999_17.jpg 0x0
rect:148 373 27 57 32
Chichi1999_18.jpg 0x0
rect:153 274 24 100 69
rect:178 177 175 451 68
rect:381 263 33 143 69
rect:195 229 42 70 69
rect:209 174 41 175 69
rect:282 282 51 100 70
Chichi1999_19.jpg 0x0
rect:261 112 150 271 3
rect:197 21 346 453 2
YogyakartaInd2006_03.jpg 0x0
rect:221 34 105 2 15
rect:391 348 60 31 16
rect:261 61 175 45 15
rect:427 92 82 49 16
rect:288 384 210 30 15
rect:258 146 21 8 16
rect:188 168 59 41 15
rect:175 297 305 107 71
Chichi1999_20.jpg 0x0
rect:322 509 47 161 41
rect:191 192 106 381 42
Chichi1999_21.jpg 0x0
rect:453 112 121 150 6
rect:78 494 176 141 5
rect:297 8 87 99 57
rect:380 44 239 244 37
rect:315 262 103 126 6
rect:196 137 251 294 72
rect:14 4 300 200 30
rect:211 314 153 181 37
Chichi1999_22.jpg 0x0
rect:235 287 18 28 73
rect:321 189 15 22 73
rect:358 292 21 22 73
rect:241 207 368 115 10
Chichi1999_23.jpg 0x0
rect:333 127 36 21 27
rect:138 134 21 29 34
rect:291 211 29 35 26
rect:169 206 65 42 73
rect:199 160 44 65 73
rect:380 247 98 137 73
rect:136 287 41 82 34
rect:91 302 43 89 73
rect:344 261 37 98 34
rect:3 68 557 214 74
Chichi1999_24.jpg 0x0
rect:210 127 44 51 46
rect:192 340 70 42 34
rect:3 233 262 251 74
rect:397 259 1 2 46
rect:189 208 139 73 75
Chichi1999_25.jpg 0x0
rect:179 207 128 183 34
rect:206 150 198 330 73
rect:187 262 44 69 26
Chichi1999_26.jpg 0x0
rect:150 162 43 116 73
rect:219 14 47 30 73
rect:151 420 158 162 73
rect:191 623 96 71 26
rect:156 398 116 106 27
rect:244 330 96 407 76
Chichi1999_27.jpg 0x0
rect:132 160 110 406 32
Chichi1999_28.jpg 0x0
rect:148 72 182 293 5
rect:244 246 250 99 77
rect:262 171 165 269 75
rect:17 84 264 132 6
Chichi1999_29.jpg 0x0
rect:263 161 101 212 40
rect:143 249 63 153 52
rect:132 190 148 236 48
Chichi1999_30.jpg 0x0
rect:138 143 193 260 40
rect:240 262 193 56 78
rect:248 122 172 69 52
rect:31 349 92 159 73
Chichi1999_31.jpg 0x0
rect:124 77 156 234 79
rect:370 135 41 184 48
Chichi1999_32.jpg 0x0
rect:235 74 51 179 81
rect:169 245 33 107 81
rect:463 162 66 145 39
rect:203 9 103 308 80
Chichi1999_33.jpg 0x0
rect:96 155 44 121 49
rect:328 101 122 264 56
rect:300 95 143 334 32
rect:65 60 139 551 33
rect:128 146 73 232 32
rect:356 132 48 148 49
Chichi1999_34.jpg 0x0
rect:116 97 500 360 10
Duzce1999_01.jpg 0x0
rect:117 120 81 155 41
rect:104 65 84 294 39
Duzce1999_02.jpg 0x0
rect:99 45 169 534 41
Duzce1999_03.jpg 0x0
rect:106 84 112 185 42
rect:289 136 90 335 31
rect:0 130 87 230 31
Gediz1970_01.jpg 0x0
rect:166 95 249 415 68
rect:275 344 88 146 69
rect:167 250 110 343 69
Guatemala1976_01.jpg 0x0
rect:24 160 562 222 82
rect:48 200 57 51 52
rect:54 216 90 153 48
rect:572 138 46 88 41
rect:55 174 51 53 41
rect:474 105 180 170 48
Guatemala1976_02.jpg 0x0
rect:164 68 208 239 48
rect:310 84 77 85 40
Guatemala1976_03.jpg 0x0
rect:15 99 872 240 75
Guatemala1976_04.jpg 0x0
rect:482 279 111 212 4
rect:43 84 466 162 30
rect:789 146 165 229 4
rect:172 23 311 77 30
Guatemala1976_05.jpg 0x0
rect:213 109 405 124 40
rect:159 107 204 142 41
rect:128 71 363 308 48
Guatemala1976_06.jpg 0x0
rect:159 79 188 574 39
Guatemala1976_07.jpg 0x0
rect:212 725 114 77 83
rect:32 281 57 43 6
rect:18 320 410 511 10
Guatemala1976_08.jpg 0x0
rect:205 41 331 468 48
rect:394 66 231 383 40
rect:212 70 382 401 41
Guatemala1976_09.jpg 0x0
rect:378 337 57 22 85
rect:383 281 46 68 84
rect:194 250 72 80 85
rect:84 260 45 28 85
rect:228 289 51 22 84
rect:795 267 56 54 84
rect:696 285 68 57 85
rect:115 286 38 31 84
Guatemala1976_10.jpg 0x0
rect:149 149 287 173 87
rect:350 290 41 87 87
rect:195 129 268 211 86
Guatemala1976_11.jpg 0x0
rect:231 307 97 204 34
GujaratIndia2001_01.jpg 0x0
rect:24 310 165 169 4
rect:267 431 47 73 11
rect:99 566 84 25 2
rect:194 414 200 85 2
Haiti2010_01.jpg 0x0
rect:535 605 256 159 4
rect:226 373 30 146 40
rect:189 159 146 257 41
rect:523 182 143 96 4
rect:119 52 137 101 7
Haiti2010_02.jpg 0x0
rect:66 75 524 186 88
rect:333 39 160 59 14
Haiti2010_03.jpg 0x0
rect:282 1 68 730 32
rect:208 745 306 256 89
rect:204 388 70 63 49
rect:293 271 230 198 32
Haiti2010_04.jpg 0x0
rect:239 39 252 213 34
rect:142 232 236 475 41
rect:2 153 250 160 6
Haiti2010_05.jpg 0x0
rect:180 143 199 487 90
rect:213 224 24 122 40
rect:308 182 186 93 52
rect:364 297 35 80 40
Haiti2010_06.jpg 0x0
rect:357 209 164 407 33
rect:475 118 490 845 91
rect:374 216 76 42 6
rect:635 202 81 62 34
rect:209 306 205 419 91
rect:263 239 31 59 34
rect:388 278 64 262 32
ImperialValley1979_01.jpg 0x0
rect:413 396 29 23 49
rect:337 334 49 29 49
rect:365 313 40 70 50
rect:65 408 116 126 50
rect:505 241 34 41 32
rect:285 349 49 63 32
rect:509 351 35 35 50
rect:14 216 178 138 32
rect:18 392 63 85 49
rect:541 262 18 14 49
rect:487 340 48 47 32
ImperialValley1979_02.jpg 0x0
rect:217 182 223 66 92
rect:161 118 176 199 32
rect:221 163 114 43 49
rect:432 131 101 170 50
rect:150 141 91 217 50
rect:310 146 43 148 50
ImperialValley1979_03.jpg 0x0
rect:133 234 242 133 32
rect:136 423 222 29 92
rect:103 388 358 40 92
rect:118 302 212 254 32
rect:109 241 71 255 50
rect:266 290 83 151 50
rect:271 206 47 178 50
Izmit1999_01.jpg 0x0
rect:171 85 422 234 34
rect:343 333 53 67 26
rect:356 111 52 226 27
rect:261 93 43 181 27
rect:171 240 40 119 27
Izmit1999_02.jpg 0x0
rect:22 144 538 297 10
Izmit1999_03.jpg 0x0
rect:278 111 47 238 50
rect:235 75 219 402 32
rect:369 77 27 293 50
rect:137 42 275 336 93
rect:125 76 46 250 50
rect:294 114 31 220 50
rect:549 89 49 373 50
rect:142 223 356 26 92
Izmit1999_04.jpg 0x0
rect:50 521 62 46 34
rect:288 466 70 105 41
rect:124 578 225 144 88
rect:430 386 25 56 40
rect:366 102 61 65 41
rect:81 451 47 85 42
rect:176 293 134 75 88
rect:42 443 51 117 41
rect:409 347 25 65 40
rect:332 69 84 123 48
Izmit1999_05.jpg 0x0
rect:122 21 482 451 10
Izmit1999_06.jpg 0x0
rect:120 342 130 58 49
rect:80 332 73 202 50
rect:102 140 190 448 32
rect:116 172 85 288 50
rect:347 225 49 108 50
rect:223 340 50 186 50
Izmit1999_07.jpg 0x0
rect:284 202 43 95 3
rect:314 347 73 455 4
rect:428 66 120 60 6
rect:468 111 65 101 3
rect:23 125 306 435 2
rect:208 191 67 104 3
rect:174 270 31 159 3
Izmit1999_08.jpg 0x0
rect:441 66 76 101 41
rect:549 6 129 62 45
rect:177 313 106 76 45
rect:385 96 76 34 52
rect:126 115 83 82 41
rect:164 315 186 98 88
rect:183 33 118 84 34
Izmit1999_09.jpg 0x0
rect:372 328 115 106 41
rect:451 314 128 115 94
rect:750 182 69 86 94
rect:659 250 68 45 41
rect:213 252 41 41 41
rect:48 163 34 64 41
Izmit1999_10.jpg 0x0
rect:79 112 89 255 40
rect:44 239 412 39 78
rect:245 288 176 31 78
rect:149 186 112 207 40
rect:109 315 239 48 78
rect:220 89 115 188 40
rect:228 676 115 89 40
rect:302 586 85 30 78
rect:276 471 65 98 40
rect:273 206 57 151 40
rect:75 162 374 638 41
Izmit1999_11.jpg 0x0
rect:242 264 60 137 40
rect:231 406 130 99 41
rect:257 148 118 215 41
rect:154 408 90 201 40
rect:241 284 73 198 40
Izmit1999_12.jpg 0x0
rect:358 265 83 127 94
rect:16 83 57 30 6
rect:600 69 55 114 41
rect:256 247 79 98 52
rect:73 238 37 36 40
rect:1 245 33 36 41
rect:331 327 79 83 41
rect:371 89 59 89 45
rect:60 259 53 77 52
rect:129 202 82 69 88
rect:297 143 58 47 7
rect:305 28 91 79 34
rect:75 62 39 23 6
rect:39 306 55 71 94
rect:367 141 49 29 6
rect:465 155 45 51 41
rect:405 145 233 239 91
rect:436 207 38 81 42
Izmit1999_13.jpg 0x0
rect:128 261 37 110 41
rect:144 222 53 55 52
rect:4 97 76 229 42
rect:281 109 66 138 41
rect:222 335 49 101 41
rect:97 191 144 132 94
rect:275 91 204 346 48
rect:398 205 117 275 41
rect:147 146 46 50 6
Izmit1999_14.jpg 0x0
rect:307 302 36 20 34
rect:363 55 110 88 34
rect:532 7 200 82 35
rect:40 189 83 57 34
rect:493 248 72 42 34
rect:324 285 76 34 34
rect:406 43 61 63 95
rect:340 311 46 33 34
rect:494 138 78 56 35
Izmit1999_15.jpg 0x0
rect:151 128 179 390 42
Izmit1999_16.jpg 0x0
rect:162 119 129 170 41
rect:104 62 248 272 39
rect:114 46 491 454 33
rect:247 131 30 132 40
Izmit1999_17.jpg 0x0
rect:100 169 162 241 41
Izmit1999_18.jpg 0x0
rect:193 178 128 128 41
rect:220 171 109 275 39
Izmit1999_19.jpg 0x0
rect:469 146 33 115 50
rect:372 138 24 68 50
rect:251 67 260 260 96
rect:170 169 195 309 32
Kobe1995_01.jpg 0x0
rect:25 121 864 108 63
Kobe1995_02.jpg 0x0
rect:2 67 578 685 68
Kobe1995_03.jpg 0x0
rect:44 68 420 561 10
Kobe1995_04.jpg 0x0
rect:414 272 60 60 41
Kobe1995_05.jpg 0x0
rect:75 621 394 152 78
rect:247 202 220 522 40
rect:154 163 268 672 52
rect:34 333 472 70 78
rect:3 167 92 518 40
Kobe1995_06.jpg 0x0
rect:205 310 248 315 42
rect:43 178 501 491 41
Kobe1995_07.jpg 0x0
rect:154 406 36 46 39
rect:401 195 52 41 39
rect:477 110 40 38 39
rect:160 193 47 47 39
rect:455 253 34 37 39
rect:300 104 53 51 39
rect:104 204 38 40 39
rect:325 458 59 35 39
rect:362 164 50 37 39
rect:465 500 34 46 39
rect:154 123 40 31 39
rect:281 230 38 21 39
rect:293 346 24 39 39
rect:258 268 36 42 39
rect:492 349 40 28 39
rect:175 321 33 43 39
rect:254 249 40 32 39
rect:217 492 28 36 39
rect:331 291 28 54 39
rect:127 381 30 38 39
rect:222 137 27 33 39
rect:262 516 31 27 39
rect:43 314 54 34 39
rect:36 193 48 47 39
rect:202 148 26 31 39
rect:183 297 34 52 39
Kobe1995_08.jpg 0x0
rect:224 62 377 212 97
Kobe1995_09.jpg 0x0
rect:69 639 103 83 88
rect:81 633 79 84 88
rect:148 563 241 98 97
rect:79 409 60 80 88
SanSalvador_1986_01.jpg 0x0
rect:62 3 136 274 68
rect:194 109 139 170 41
SanSalvador_1986_02.jpg 0x0
rect:147 144 34 31 41
rect:123 277 31 23 41
rect:456 190 43 49 42
rect:350 156 17 31 41
rect:326 163 55 39 41
rect:163 344 34 39 41
rect:252 189 38 52 41
rect:406 209 35 58 41
rect:575 218 25 49 41
SikkimIndia2001_01.jpg 0x0
rect:150 212 170 123 34
SikkimIndia2001_02.jpg 0x0
rect:232 94 154 332 33
rect:8 5 431 82 16
rect:460 133 78 172 33
rect:10 140 62 51 54
rect:-11 2 339 78 33
rect:621 325 81 21 16
rect:335 126 123 48 16
rect:342 213 99 49 16
SikkimIndia2001_03.jpg 0x0
rect:263 241 80 208 70
rect:161 95 68 249 69
rect:259 12 143 599 98
SikkimIndia2001_04.jpg 0x0
rect:315 172 105 124 34
rect:260 226 326 124 99
rect:3 36 244 257 99
SumatraInd2009_01.jpg 0x0
rect:309 31 63 401 81
SumatraInd2009_02.jpg 0x0
rect:192 101 202 202 41
WhittierNarrows1987_01.jpg 0x0
rect:19 23 786 318 10
WhittierNarrows1987_02.jpg 0x0
rect:117 313 134 232 41
WhittierNarrows1987_03.jpg 0x0
rect:259 111 190 217 32
WhittierNarrows1987_04.jpg 0x0
rect:274 10 314 69 6
rect:346 11 336 171 100
rect:172 44 69 196 41
YogyakartaInd2006_01.jpg 0x0
rect:167 45 310 262 32
rect:270 182 379 72 49
rect:199 -19 413 534 29
YogyakartaInd2006_02.jpg 0x0
rect:255 105 75 228 70
rect:318 68 131 545 98
rect:447 119 69 207 69
