Anchorage1964_01.jpg 200x300
rect:94 6 193 228 1
rect:101 318 162 224 1
Anchorage1964_02.jpg 200x300
rect:196 298 19 68 3
rect:107 201 86 42 7
rect:346 236 26 83 3
rect:431 176 102 63 4
rect:300 30 222 104 4
rect:550 308 20 52 3
rect:388 211 23 79 3
rect:284 284 20 70 3
rect:115 245 43 20 6
rect:27 28 176 43 5
rect:518 55 140 132 8
rect:284 75 98 71 4
rect:40 174 103 42 5
rect:63 43 97 11 6
rect:510 209 13 70 3
rect:334 202 20 58 3
rect:153 275 428 115 2
rect:71 254 28 21 6
rect:429 309 20 37 3
Anchorage1964_03.jpg 200x300
rect:297 107 351 182 9
rect:0 346 819 67 10
rect:2 225 304 66 9
Anchorage1964_04.jpg 200x300
rect:376 476 29 17 5
rect:258 171 19 32 1
rect:278 267 26 18 5
rect:301 84 27 22 5
rect:377 447 6 1 1
rect:208 330 30 19 5
rect:270 323 30 31 8
rect:438 166 26 19 5
rect:282 344 15 22 1
rect:152 190 19 19 5
rect:118 205 32 19 5
rect:128 23 37 17 5
rect:203 47 24 12 5
rect:152 89 25 17 5
rect:191 248 17 26 1
rect:189 246 36 15 5
rect:436 266 30 21 5
rect:405 541 40 23 5
rect:310 445 18 20 1
rect:284 160 21 20 5
rect:151 448 39 13 5
rect:320 437 17 18 1
rect:331 323 19 22 1
rect:331 437 20 23 1
rect:369 352 26 22 1
rect:414 123 38 25 5
rect:357 139 16 24 1
rect:243 520 61 14 2
rect:420 90 30 16 5
rect:263 25 32 23 5
rect:155 119 24 15 5
rect:119 135 37 27 5
rect:380 390 30 22 5
rect:310 533 32 14 5
rect:195 191 14 19 1
rect:148 208 27 15 5
rect:117 533 36 15 5
rect:346 112 20 35 1
rect:428 122 35 15 5
Anchorage1964_05.jpg 200x300
rect:542 1 44 45 1
rect:241 48 101 40 5
rect:190 177 142 36 6
rect:171 38 74 47 6
rect:106 34 23 29 1
rect:41 283 21 27 1
rect:436 83 38 54 1
rect:95 258 22 48 1
rect:453 303 52 26 5
rect:359 179 23 27 11
rect:606 314 31 61 8
rect:183 171 134 25 5
rect:33 560 29 45 1
rect:73 69 17 43 1
rect:666 265 41 17 6
rect:385 222 110 54 2
rect:92 163 23 58 1
rect:571 220 58 45 1
rect:116 71 16 48 1
rect:364 92 54 78 1
rect:829 302 58 14 6
rect:36 354 18 52 1
rect:490 348 51 80 8
rect:600 226 60 35 5
rect:74 158 19 34 1
rect:521 200 35 50 1
rect:597 22 46 62 1
rect:606 188 44 54 1
rect:279 222 31 25 11
Anchorage1964_06.jpg 200x300
rect:80 93 268 519 12
rect:172 290 66 112 11
rect:127 132 76 389 3
Anchorage1964_07.jpg 200x300
rect:6 336 376 31 14
rect:307 311 282 210 2
rect:6 81 481 402 2
rect:433 129 51 134 13
rect:329 163 104 79 11
rect:14 167 238 28 11
rect:292 126 63 167 3
rect:196 89 112 105 11
rect:203 2 75 49 2
Anchorage1964_08.jpg 200x300
rect:51 686 84 169 1
rect:380 43 77 85 1
rect:266 535 93 105 1
rect:56 68 99 85 1
rect:258 338 81 92 1
rect:62 306 96 107 1
Anchorage1964_09.jpg 200x300
rect:15 15 411 13 15
rect:308 192 71 63 1
rect:695 112 144 21 15
rect:610 206 1 1 16
rect:139 161 207 9 15
rect:15 134 100 25 15
rect:235 174 73 53 1
rect:537 38 70 86 8
rect:12 15 58 16 16
rect:78 49 81 66 8
rect:18 178 19 11 16
rect:525 136 96 64 1
rect:541 87 117 24 15
rect:133 210 53 59 1
rect:651 8 84 11 16
rect:348 7 364 14 15
rect:79 342 67 83 8
rect:557 291 75 67 8
rect:59 180 54 12 16
Anchorage1964_10.jpg 200x300
rect:137 189 195 84 18
rect:77 285 284 102 18
rect:143 328 98 132 17
rect:55 161 322 452 1
Anchorage1964_11.jpg 200x300
rect:403 7 100 30 1
rect:202 194 500 19 15
rect:102 216 443 69 2
rect:112 543 679 19 14
rect:219 168 313 42 11
rect:768 86 201 99 1
rect:63 344 568 16 14
rect:159 56 137 79 4
Anchorage1964_12.jpg 200x300
rect:12 56 594 345 2
rect:379 113 45 226 3
rect:383 95 182 194 11
rect:175 147 32 103 3
rect:388 68 42 191 3
Anchorage1964_13.jpg 200x300
rect:317 408 132 24 2
rect:472 503 39 195 20
rect:458 437 129 15 19
Anchorage1964_14.jpg 200x300
rect:225 12 74 564 20
rect:269 258 94 63 21
rect:417 605 200 95 23
rect:42 742 55 73 22
rect:23 499 33 69 22
rect:71 195 177 42 15
rect:550 6 82 140 11
rect:454 270 200 46 15
rect:143 553 36 58 22
rect:12 508 200 99 11
rect:224 9 73 247 11
rect:117 476 39 64 22
Anchorage1964_15.jpg 200x300
rect:150 154 29 54 11
rect:163 72 54 492 20
rect:283 331 256 78 2
rect:258 284 111 56 11
rect:376 10 82 52 4
rect:219 107 46 106 25
rect:235 9 58 52 4
rect:351 318 88 41 24
rect:298 301 125 37 15
Anchorage1964_16.jpg 200x300
rect:518 241 183 156 2
rect:17 116 137 152 2
rect:253 226 184 218 11
rect:67 322 97 122 11
rect:13 375 52 78 2
rect:173 97 233 123 2
Anchorage1964_17.jpg 200x300
rect:9 230 495 201 10
rect:337 43 273 231 9
rect:12 138 238 128 9
Anchorage1964_18.jpg 200x300
rect:544 160 85 67 4
rect:524 245 48 14 2
rect:458 367 94 20 2
rect:127 293 85 47 11
rect:413 371 383 32 15
rect:362 121 90 107 4
rect:115 245 55 131 4
rect:533 353 69 18 2
rect:136 244 18 53 11
rect:240 246 28 58 11
Anchorage1964_19.jpg 200x300
rect:266 127 33 36 26
rect:236 99 59 48 26
rect:509 263 44 39 28
rect:259 100 58 149 29
rect:315 240 41 55 26
rect:247 115 27 31 27
rect:6 240 95 121 26
rect:840 143 8 8 26
rect:315 210 7 23 26
rect:539 101 37 25 28
rect:760 234 8 12 26
rect:473 126 17 32 26
rect:26 348 36 84 27
rect:573 234 14 37 26
rect:493 102 27 52 29
rect:379 215 22 47 26
rect:447 163 7 16 26
rect:262 95 42 96 29
Anchorage1964_20.jpg 200x300
rect:189 130 91 60 27
rect:225 81 167 135 29
rect:238 432 59 134 26
rect:409 503 36 88 26
rect:248 112 69 66 26
Anchorage1964_21.jpg 200x300
rect:141 226 794 113 30
rect:-6 68 64 152 29
rect:62 232 39 42 26
rect:2 96 46 36 26
Bingol2003_01.jpg 200x300
rect:380 169 62 57 6
rect:419 85 160 168 31
rect:211 73 75 23 6
rect:502 229 169 127 31
rect:2 326 621 217 10
rect:611 269 54 51 6
rect:384 160 66 130 34
rect:861 366 116 84 33
rect:170 239 62 69 33
rect:321 380 118 119 6
rect:596 88 102 94 6
rect:21 282 70 73 33
rect:661 274 73 55 33
rect:331 203 79 93 33
rect:452 247 54 147 32
rect:615 76 77 53 6
rect:353 312 35 79 34
rect:732 526 95 55 33
rect:539 312 141 73 6
Bingol2003_02.jpg 200x300
rect:268 396 97 62 6
rect:463 409 124 104 26
rect:292 205 772 422 31
rect:151 541 216 203 32
rect:174 93 450 211 34
rect:665 55 119 71 36
rect:349 294 564 163 35
rect:188 179 67 427 32
Bingol2003_03.jpg 200x300
rect:389 155 158 64 11
rect:118 27 178 28 2
rect:335 135 444 216 2
rect:892 -6 333 234 4
rect:98 50 137 136 33
rect:573 190 325 653 4
rect:853 617 201 386 2
Bingol2003_04.jpg 200x300
rect:131 431 26 64 3
rect:255 415 52 112 3
rect:236 370 27 102 3
rect:350 250 117 214 4
rect:58 541 122 111 2
rect:374 772 119 63 2
rect:110 722 29 90 3
rect:153 437 281 129 2
CanterburyNZSeries2010_01.jpg 200x300
rect:91 138 148 238 12
CanterburyNZSeries2010_02.jpg 200x300
rect:39 11 154 269 37
rect:69 57 116 282 6
CanterburyNZSeries2010_03.jpg 200x300
rect:38 68 358 170 38
CanterburyNZSeries2010_04.jpg 200x300
rect:434 459 21 68 40
rect:152 435 103 231 41
rect:243 460 20 45 40
rect:273 344 43 147 40
rect:182 301 172 441 39
rect:365 492 29 74 40
rect:256 445 20 194 40
rect:234 8 115 195 42
CanterburyNZSeries2010_05.jpg 200x300
rect:222 232 124 89 15
rect:289 268 161 269 4
CanterburyNZSeries2010_06.jpg 200x300
rect:254 193 298 143 2
rect:64 130 634 587 4
CanterburyNZSeries2010_08.jpg 200x300
rect:605 135 189 276 43
rect:601 703 80 164 44
rect:611 533 40 146 32
rect:601 431 120 113 44
CanterburyNZSeries2010_09.jpg 200x300
rect:204 130 142 144 45
rect:214 346 117 274 39
CanterburyNZSeries2010_10.jpg 200x300
rect:252 214 283 136 7
rect:158 566 250 131 6
rect:186 228 291 156 6
rect:254 340 183 70 46
CanterburyNZSeries2010_11.jpg 200x300
rect:405 339 309 197 5
rect:269 297 231 117 7
CanterburyNZSeries2010_12.jpg 200x300
rect:224 551 193 34 11
rect:47 319 810 264 2
rect:4 328 799 532 47
rect:447 405 228 55 11
CanterburyNZSeries2010_13.jpg 200x300
rect:322 113 136 397 11
rect:196 19 319 588 12
Caracas1967_01.jpg 200x300
rect:218 173 11 64 48
rect:390 126 54 70 48
rect:335 146 29 103 48
rect:384 73 185 339 48
Caracas1967_02.jpg 200x300
rect:139 229 157 285 51
rect:203 1 111 134 15
rect:130 309 52 38 50
rect:130 411 57 62 49
Caracas1967_03.jpg 200x300
rect:16 456 177 71 6
rect:224 313 111 144 34
rect:259 373 23 79 27
rect:286 296 31 131 27
rect:267 276 61 64 26
rect:188 85 68 125 14
Caracas1967_04.jpg 200x300
rect:169 422 175 129 34
rect:162 255 49 76 26
rect:168 274 20 121 27
Caracas1967_05.jpg 200x300
rect:91 471 224 155 52
rect:182 253 69 183 40
rect:293 255 167 143 52
rect:31 169 277 335 41
rect:192 241 43 197 40
rect:129 259 35 180 40
rect:49 299 86 266 40
rect:398 173 58 126 40
rect:384 150 39 284 40
rect:40 81 522 691 48
Caracas1967_06.jpg 200x300
rect:362 213 83 39 6
rect:334 90 340 297 7
Caracas1967_07.jpg 200x300
rect:214 188 52 141 27
rect:495 529 127 61 53
rect:495 54 26 197 27
rect:157 142 138 250 34
rect:517 344 133 137 53
rect:566 300 96 267 34
rect:494 7 64 386 34
Caracas1967_08.jpg 200x300
rect:268 266 81 114 54
rect:379 258 93 155 54
rect:263 312 78 73 55
Caracas1967_09.jpg 200x300
rect:507 10 283 133 48
rect:87 154 65 58 48
rect:26 226 71 56 48
rect:196 158 98 110 48
Caracas1967_10.jpg 200x300
rect:39 280 213 353 41
rect:355 268 61 172 40
rect:315 292 54 200 40
rect:23 127 461 447 48
Caracas1967_11.jpg 200x300
rect:53 205 242 379 41
rect:328 14 224 278 41
rect:52 16 539 587 48
Caracas1967_12.jpg 200x300
rect:425 227 25 37 34
rect:876 306 17 54 32
rect:612 362 24 76 32
rect:248 243 34 46 56
Caracas1967_13.jpg 200x300
rect:129 474 147 337 55
Caracas1967_14.jpg 200x300
rect:124 333 209 30 6
rect:117 128 801 187 57
Chichi1999_01.jpg 200x300
rect:4 8 632 155 58
rect:240 138 37 221 42
Chichi1999_02.jpg 200x300
rect:5 109 378 152 58
rect:346 78 255 315 59
Chichi1999_03.jpg 200x300
rect:66 146 45 75 60
rect:0 189 839 162 58
Chichi1999_04.jpg 200x300
rect:257 -13 44 117 48
rect:171 211 91 447 48
rect:220 195 22 64 52
Chichi1999_05.jpg 200x300
rect:490 113 46 37 41
rect:479 236 30 56 52
rect:443 106 114 177 48
rect:466 217 35 30 41
Chichi1999_06.jpg 200x300
rect:384 173 61 100 48
rect:750 223 35 56 41
rect:464 185 23 39 52
rect:132 20 512 161 10
rect:417 147 45 69 62
rect:448 -12 110 72 61
Chichi1999_07.jpg 200x300
rect:339 241 45 126 48
rect:60 170 497 184 63
rect:417 234 32 28 64
rect:174 160 21 39 64
rect:704 293 55 113 48
rect:116 175 47 125 48
rect:727 176 16 28 64
Chichi1999_08.jpg 200x300
rect:79 15 541 518 10
Chichi1999_09.jpg 200x300
rect:251 59 151 125 48
rect:176 72 109 87 41
rect:180 118 52 59 40
rect:213 118 40 87 40
Chichi1999_10.jpg 200x300
rect:194 22 400 562 10
Chichi1999_11.jpg 200x300
rect:127 189 122 87 65
rect:2 151 142 363 10
Chichi1999_12.jpg 200x300
rect:12 26 327 624 66
Chichi1999_13.jpg 200x300
rect:37 48 568 516 10
Chichi1999_14.jpg 200x300
rect:121 233 95 52 67
rect:285 479 31 36 67
rect:177 198 17 36 67
rect:363 304 46 55 39
rect:277 461 36 30 39
rect:212 232 26 61 67
rect:88 631 37 37 67
rect:202 651 22 54 67
rect:74 487 50 55 67
rect:131 502 30 50 67
rect:113 473 35 38 67
rect:95 417 39 60 67
rect:100 218 27 50 67
rect:187 493 21 29 39
rect:371 437 25 25 39
rect:239 318 37 45 67
rect:413 374 70 58 67
Chichi1999_15.jpg 200x300
rect:290 27 298 568 41
Chichi1999_16.jpg 200x300
rect:155 137 70 166 32
Chichi1999_17.jpg 200x300
rect:94 243 29 56 32
Chichi1999_18.jpg 200x300
rect:273 256 40 103 69
rect:194 219 53 150 70
rect:133 252 30 127 69
rect:372 304 32 145 69
rect:180 294 51 87 69
rect:216 207 190 554 68
Chichi1999_19.jpg 200x300
rect:178 150 122 343 3
rect:154 16 277 492 2
YogyakartaInd2006_03.jpg 200x300
rect:158 370 265 38 15
rect:208 203 290 179 71
rect:176 20 68 2 15
rect:333 469 60 32 16
rect:303 109 28 8 16
rect:310 95 114 47 15
rect:270 72 90 43 16
rect:210 161 53 30 15
Chichi1999_20.jpg 200x300
rect:207 296 71 252 41
rect:149 151 80 294 42
Chichi1999_21.jpg 200x300
rect:378 39 327 186 37
rect:526 7 113 91 57
rect:385 85 182 116 6
rect:197 137 284 323 72
rect:22 4 190 133 30
rect:164 242 139 148 37
rect:284 278 72 147 6
rect:55 399 124 112 5
Chichi1999_22.jpg 200x300
rect:480 316 12 15 73
rect:270 203 384 151 10
rect:292 220 11 22 73
rect:277 203 19 17 73
Chichi1999_23.jpg 200x300
rect:96 415 56 78 73
rect:248 175 31 26 26
rect:313 200 28 33 27
rect:310 371 46 73 34
rect:152 289 40 67 34
rect:197 199 34 61 73
rect:131 118 73 36 73
rect:122 215 29 34 34
rect:4 73 624 206 74
rect:231 285 59 139 73
Chichi1999_24.jpg 200x300
rect:178 151 137 65 75
rect:3 239 378 244 74
rect:195 243 62 64 34
rect:380 417 1 2 46
rect:192 182 48 67 46
Chichi1999_25.jpg 200x300
rect:134 269 155 162 34
rect:184 243 34 61 26
rect:189 271 149 235 73
Chichi1999_26.jpg 200x300
rect:275 15 49 39 73
rect:294 296 144 511 76
rect:104 510 138 133 27
rect:183 423 95 64 26
rect:262 169 55 74 73
rect:164 381 94 147 73
Chichi1999_27.jpg 200x300
rect:139 213 119 278 32
Chichi1999_28.jpg 200x300
rect:389 174 213 243 75
rect:236 277 228 152 77
rect:182 77 177 189 5
rect:16 70 220 174 6
Chichi1999_29.jpg 200x300
rect:249 191 84 195 40
rect:105 218 244 362 48
rect:238 300 84 192 52
Chichi1999_30.jpg 200x300
rect:30 290 92 137 73
rect:265 250 157 57 78
rect:279 116 155 91 52
rect:207 110 295 284 40
Chichi1999_31.jpg 200x300
rect:144 76 136 268 79
rect:395 126 52 211 48
Chichi1999_32.jpg 200x300
rect:197 8 125 473 80
rect:407 144 41 203 39
rect:227 182 41 183 81
rect:144 55 43 168 81
Chichi1999_33.jpg 200x300
rect:90 72 137 597 33
rect:354 88 112 246 56
rect:156 80 86 220 32
rect:329 170 40 87 49
rect:308 108 155 298 32
rect:175 167 60 148 49
Chichi1999_34.jpg 200x300
rect:158 108 426 489 10
Duzce1999_01.jpg 200x300
rect:142 62 134 259 39
rect:91 158 133 122 41
Duzce1999_02.jpg 200x300
rect:69 62 135 531 41
Duzce1999_03.jpg 200x300
rect:0 167 105 312 31
rect:294 87 70 352 31
rect:96 100 102 247 42
Gediz1970_01.jpg 200x300
rect:121 336 80 295 69
rect:99 89 181 638 68
rect:209 360 105 258 69
Guatemala1976_01.jpg 200x300
rect:43 133 88 159 48
rect:17 140 446 163 82
rect:51 226 47 40 41
rect:556 171 83 60 41
rect:60 205 78 55 52
rect:603 176 162 172 48
Guatemala1976_02.jpg 200x300
rect:138 82 321 283 48
rect:185 83 81 110 40
Guatemala1976_03.jpg 200x300
rect:21 98 901 365 75
Guatemala1976_04.jpg 200x300
rect:92 29 273 98 30
rect:41 84 638 312 30
rect:685 140 105 280 4
rect:414 232 131 243 4
Guatemala1976_05.jpg 200x300
rect:117 110 327 197 40
rect:136 170 332 161 41
rect:122 63 480 330 48
Guatemala1976_06.jpg 200x300
rect:121 75 250 533 39
Guatemala1976_07.jpg 200x300
rect:17 226 350 377 10
rect:296 579 150 102 83
rect:17 326 45 71 6
Guatemala1976_08.jpg 200x300
rect:141 32 349 477 48
rect:238 73 122 400 40
rect:227 55 312 340 41
Guatemala1976_09.jpg 200x300
rect:105 204 33 30 84
rect:195 179 65 68 85
rect:136 279 48 35 84
rect:521 259 50 83 84
rect:282 249 68 49 84
rect:98 193 31 21 85
rect:292 246 61 42 85
rect:775 248 79 62 85
Guatemala1976_10.jpg 200x300
rect:305 318 41 149 87
rect:144 162 276 207 87
rect:161 173 245 252 86
Guatemala1976_11.jpg 200x300
rect:223 201 136 244 34
GujaratIndia2001_01.jpg 200x300
rect:34 298 220 122 4
rect:212 308 265 71 2
rect:63 554 52 32 2
rect:327 362 55 56 11
Haiti2010_01.jpg 200x300
rect:659 339 137 121 4
rect:304 250 35 179 40
rect:124 59 101 130 7
rect:288 147 145 398 41
rect:557 524 154 243 4
Haiti2010_02.jpg 200x300
rect:322 28 163 46 14
rect:41 129 509 200 88
Haiti2010_03.jpg 200x300
rect:202 460 68 80 49
rect:294 391 141 212 32
rect:253 1 73 581 32
rect:171 452 246 181 89
Haiti2010_04.jpg 200x300
rect:2 122 248 186 6
rect:128 311 364 523 41
rect:237 34 198 204 34
Haiti2010_05.jpg 200x300
rect:305 242 36 110 40
rect:443 189 31 117 40
rect:312 208 123 122 52
rect:235 115 233 565 90
Haiti2010_06.jpg 200x300
rect:560 122 74 82 34
rect:406 167 237 401 33
rect:272 193 327 263 91
rect:439 304 91 186 32
rect:443 169 97 53 6
rect:469 119 500 772 91
rect:251 200 48 34 34
ImperialValley1979_01.jpg 200x300
rect:527 284 39 47 50
rect:518 330 14 14 49
rect:459 263 20 18 49
rect:354 224 59 67 50
rect:354 315 35 23 32
rect:16 269 53 57 49
rect:360 357 50 31 49
rect:71 283 106 119 50
rect:11 386 123 128 32
rect:371 241 49 55 32
rect:329 213 35 48 32
ImperialValley1979_02.jpg 200x300
rect:231 116 83 248 50
rect:306 150 55 102 50
rect:425 114 104 168 50
rect:265 214 142 59 49
rect:206 194 206 51 92
rect:262 67 137 329 32
ImperialValley1979_03.jpg 200x300
rect:236 438 105 102 50
rect:309 327 82 153 50
rect:118 297 192 30 92
rect:122 157 198 101 32
rect:152 217 295 253 32
rect:78 294 62 225 50
rect:89 279 261 43 92
Izmit1999_01.jpg 200x300
rect:193 101 50 195 27
rect:617 301 71 51 26
rect:353 71 55 129 27
rect:251 209 27 102 27
rect:181 75 410 392 34
Izmit1999_02.jpg 200x300
rect:34 118 478 244 10
Izmit1999_03.jpg 200x300
rect:281 145 47 244 50
rect:569 104 51 215 50
rect:172 50 380 321 93
rect:322 87 38 257 50
rect:160 43 178 255 32
rect:155 163 484 37 92
rect:377 77 63 389 50
rect:141 93 62 250 50
Izmit1999_04.jpg 200x300
rect:274 362 25 59 40
rect:334 63 83 89 48
rect:131 685 209 129 88
rect:46 525 80 79 34
rect:482 412 17 50 40
rect:44 579 30 89 42
rect:226 92 63 59 41
rect:74 398 49 83 41
rect:261 411 99 73 41
rect:101 261 176 82 88
Izmit1999_05.jpg 200x300
rect:115 19 718 353 10
Izmit1999_06.jpg 200x300
rect:266 236 48 115 50
rect:166 197 182 340 32
rect:82 186 58 245 50
rect:205 246 135 100 49
rect:243 345 55 193 50
rect:170 258 73 228 50
Izmit1999_07.jpg 200x300
rect:152 249 38 130 3
rect:245 211 91 307 4
rect:286 80 124 50 6
rect:289 145 60 99 3
rect:186 190 59 110 3
rect:18 136 367 413 2
rect:233 191 40 94 3
Izmit1999_08.jpg 200x300
rect:604 6 134 87 45
rect:145 96 58 71 41
rect:117 502 78 79 45
rect:223 189 208 106 88
rect:186 35 95 128 34
rect:573 115 72 35 52
rect:461 81 52 71 41
Izmit1999_09.jpg 200x300
rect:577 217 55 92 94
rect:780 225 65 49 41
rect:287 240 40 29 41
rect:419 208 86 64 41
rect:52 140 44 57 41
rect:298 332 131 87 94
Izmit1999_10.jpg 200x300
rect:72 117 74 253 40
rect:308 385 63 85 40
rect:48 282 454 55 78
rect:224 363 101 49 78
rect:345 739 66 24 78
rect:101 133 272 469 41
rect:356 169 112 160 40
rect:261 186 73 155 40
rect:327 643 115 142 40
rect:92 378 219 83 78
rect:191 228 113 318 40
Izmit1999_11.jpg 200x300
rect:213 294 88 151 40
rect:222 225 86 195 40
rect:159 186 94 118 41
rect:260 320 57 156 40
rect:202 582 102 90 41
Izmit1999_12.jpg 200x300
rect:71 262 58 69 52
rect:379 179 67 66 7
rect:85 76 30 28 6
rect:393 357 114 160 94
rect:1 158 32 36 41
rect:548 23 79 53 34
rect:449 271 60 110 52
rect:240 146 40 96 45
rect:120 235 68 46 88
rect:527 172 54 51 41
rect:301 152 44 31 6
rect:228 310 58 160 41
rect:69 223 24 43 40
rect:436 118 49 112 41
rect:398 129 47 143 42
rect:497 235 198 204 91
rect:36 208 84 94 94
rect:13 59 32 22 6
Izmit1999_13.jpg 200x300
rect:89 165 62 44 6
rect:134 268 30 101 41
rect:108 226 27 115 41
rect:163 255 130 132 94
rect:5 83 73 192 42
rect:356 156 82 186 41
rect:281 96 64 123 41
rect:162 203 94 80 52
rect:274 71 194 392 48
Izmit1999_14.jpg 200x300
rect:459 47 57 61 95
rect:335 310 40 38 34
rect:319 210 55 48 34
rect:398 425 52 47 34
rect:343 6 156 67 35
rect:51 113 96 68 34
rect:417 130 107 91 35
rect:251 361 47 20 34
rect:549 56 84 56 34
Izmit1999_15.jpg 200x300
rect:125 171 179 387 42
Izmit1999_16.jpg 200x300
rect:127 89 205 103 41
rect:226 118 44 115 40
rect:84 58 310 475 33
rect:160 62 278 226 39
Izmit1999_17.jpg 200x300
rect:123 91 235 183 41
Izmit1999_18.jpg 200x300
rect:192 170 134 147 41
rect:236 113 178 315 39
Izmit1999_19.jpg 200x300
rect:454 197 34 66 50
rect:322 77 254 225 96
rect:298 141 273 279 32
rect:424 187 24 75 50
Kobe1995_01.jpg 200x300
rect:28 127 535 149 63
Kobe1995_02.jpg 200x300
rect:2 50 495 716 68
Kobe1995_03.jpg 200x300
rect:28 66 363 750 10
Kobe1995_04.jpg 200x300
rect:381 232 48 43 41
Kobe1995_05.jpg 200x300
rect:321 190 132 525 40
rect:86 420 261 170 78
rect:104 161 173 562 52
rect:4 125 148 374 40
rect:33 231 529 95 78
Kobe1995_06.jpg 200x300
rect:56 142 423 599 41
rect:242 313 331 451 42
Kobe1995_07.jpg 200x300
rect:234 79 34 42 39
rect:205 396 32 46 39
rect:371 195 40 28 39
rect:364 284 45 45 39
rect:243 502 32 33 39
rect:38 404 45 24 39
rect:383 456 33 42 39
rect:317 111 29 37 39
rect:104 383 38 25 39
rect:352 184 38 38 39
rect:175 311 29 27 39
rect:242 252 25 58 39
rect:185 242 45 41 39
rect:184 465 36 44 39
rect:147 303 28 58 39
rect:39 235 39 65 39
rect:118 128 39 39 39
rect:549 171 44 46 39
rect:379 308 26 24 39
rect:389 462 49 52 39
rect:253 386 24 23 39
rect:90 223 38 29 39
rect:458 348 36 32 39
rect:305 453 25 47 39
rect:280 269 34 48 39
rect:267 181 30 49 39
Kobe1995_08.jpg 200x300
rect:268 51 331 149 97
Kobe1995_09.jpg 200x300
rect:80 610 76 77 88
rect:119 483 53 83 88
rect:263 418 235 58 97
rect:132 399 60 83 88
SanSalvador_1986_01.jpg 200x300
rect:261 109 101 201 41
rect:64 3 87 204 68
SanSalvador_1986_02.jpg 200x300
rect:404 144 39 41 41
rect:400 282 34 33 41
rect:163 211 26 23 41
rect:581 277 44 49 41
rect:616 199 43 36 42
rect:184 232 40 40 41
rect:404 198 38 37 41
rect:211 206 26 29 41
rect:245 151 22 27 41
SikkimIndia2001_01.jpg 200x300
rect:163 132 143 103 34
SikkimIndia2001_02.jpg 200x300
rect:166 82 197 381 33
rect:437 103 74 47 16
rect:481 192 96 16 16
rect:7 197 45 39 54
rect:559 90 101 163 33
rect:-18 2 474 94 33
rect:10 7 223 55 16
rect:330 316 89 50 16
SikkimIndia2001_03.jpg 200x300
rect:210 82 69 185 69
rect:184 10 175 434 98
rect:200 226 87 117 70
SikkimIndia2001_04.jpg 200x300
rect:3 31 316 311 99
rect:326 221 133 120 34
rect:461 193 315 93 99
SumatraInd2009_01.jpg 200x300
rect:230 19 46 369 81
SumatraInd2009_02.jpg 200x300
rect:159 71 218 169 41
WhittierNarrows1987_01.jpg 200x300
rect:13 37 876 344 10
WhittierNarrows1987_02.jpg 200x300
rect:194 277 116 332 41
WhittierNarrows1987_03.jpg 200x300
rect:244 131 205 313 32
WhittierNarrows1987_04.jpg 200x300
rect:256 8 321 63 6
rect:304 42 94 244 41
rect:192 10 231 195 100
YogyakartaInd2006_01.jpg 200x300
rect:288 101 347 86 49
rect:260 38 251 232 32
rect:198 -23 531 635 29
YogyakartaInd2006_02.jpg 200x300
rect:474 118 99 166 70
rect:449 105 67 247 69
rect:383 69 174 522 98
