Anchorage1964_01.jpg 200x300
rect:81 271 176 184 1
rect:87 7 171 150 1
Anchorage1964_02.jpg 200x300
rect:92 271 24 26 6
rect:199 87 65 65 4
rect:36 222 118 37 5
rect:276 35 206 59 4
rect:154 226 282 94 2
rect:416 64 121 117 8
rect:222 333 30 59 3
rect:350 289 29 70 3
rect:180 277 26 57 3
rect:44 31 125 47 5
rect:501 301 17 69 3
rect:86 41 99 17 6
rect:472 185 23 65 3
rect:124 184 42 13 6
rect:622 212 13 67 3
rect:103 184 78 39 7
rect:603 319 17 69 3
rect:352 157 106 75 4
rect:396 184 26 74 3
Anchorage1964_03.jpg 200x300
rect:0 258 842 71 10
rect:2 194 254 95 9
rect:254 61 468 171 9
Anchorage1964_04.jpg 200x300
rect:312 372 15 16 1
rect:334 585 40 21 5
rect:179 179 24 25 5
rect:221 153 19 29 1
rect:452 254 22 24 5
rect:300 274 15 19 1
rect:152 68 28 17 5
rect:138 156 25 18 5
rect:251 229 22 30 1
rect:129 173 30 16 5
rect:373 305 14 33 1
rect:381 455 19 15 5
rect:267 330 24 29 8
rect:239 472 19 29 1
rect:348 209 15 22 1
rect:187 252 41 16 5
rect:266 188 14 28 1
rect:348 351 24 19 5
rect:235 341 18 37 1
rect:310 512 25 30 1
rect:115 18 21 18 5
rect:332 58 47 15 5
rect:155 229 37 20 5
rect:252 449 69 17 2
rect:165 442 32 16 5
rect:129 89 22 18 5
rect:254 407 27 18 5
rect:163 483 24 20 5
rect:154 82 26 15 5
rect:187 443 45 14 5
rect:299 142 32 22 5
rect:263 248 9 1 1
rect:348 476 28 17 5
rect:327 107 40 19 5
rect:353 222 29 18 5
rect:263 165 36 20 5
rect:233 155 41 14 5
rect:279 301 12 25 1
rect:240 31 31 16 5
Anchorage1964_05.jpg 200x300
rect:43 329 22 56 1
rect:436 239 52 29 11
rect:487 29 36 54 1
rect:95 24 18 44 1
rect:627 110 53 73 1
rect:58 297 17 61 1
rect:186 51 117 44 6
rect:495 1 55 68 1
rect:641 262 69 35 5
rect:645 308 42 25 6
rect:77 104 20 42 1
rect:710 241 41 16 6
rect:81 371 24 40 1
rect:336 264 45 67 1
rect:276 214 105 70 2
rect:207 194 30 16 11
rect:341 125 50 70 1
rect:481 88 43 59 1
rect:113 141 28 49 1
rect:360 305 49 70 8
rect:91 132 21 36 1
rect:174 154 115 30 6
rect:189 145 104 17 5
rect:362 246 35 68 1
rect:46 57 31 36 1
rect:575 347 57 82 8
rect:735 315 66 29 5
rect:52 167 21 38 1
rect:205 57 98 32 5
Anchorage1964_06.jpg 200x300
rect:168 171 92 353 3
rect:109 97 281 303 12
rect:202 310 48 78 11
Anchorage1964_07.jpg 200x300
rect:6 66 710 397 2
rect:399 257 317 208 2
rect:310 166 65 102 13
rect:5 259 418 35 14
rect:407 202 71 94 11
rect:231 91 150 160 11
rect:289 106 38 151 3
rect:179 2 88 51 2
rect:15 272 261 45 11
Anchorage1964_08.jpg 200x300
rect:226 307 99 87 1
rect:39 54 116 136 1
rect:68 288 120 89 1
rect:41 585 109 91 1
rect:358 25 88 123 1
rect:346 411 135 153 1
Anchorage1964_09.jpg 200x300
rect:16 22 55 13 16
rect:786 197 1 1 16
rect:11 161 81 25 15
rect:644 12 93 13 16
rect:360 148 91 31 15
rect:114 241 50 62 8
rect:9 17 492 15 15
rect:85 50 53 51 8
rect:64 134 75 10 16
rect:167 97 387 15 15
rect:418 203 84 56 1
rect:261 114 69 59 1
rect:578 172 65 97 1
rect:125 181 56 49 1
rect:649 191 66 65 8
rect:15 102 17 10 16
rect:482 40 82 46 8
rect:577 8 320 15 15
rect:423 112 126 18 15
Anchorage1964_10.jpg 200x300
rect:143 205 176 81 18
rect:216 331 104 157 17
rect:73 539 307 109 18
rect:60 152 337 305 1
Anchorage1964_11.jpg 200x300
rect:135 153 464 55 2
rect:718 114 142 121 1
rect:269 117 411 16 15
rect:94 534 564 16 14
rect:498 8 108 42 1
rect:286 285 330 44 11
rect:116 49 131 82 4
rect:55 438 717 13 14
Anchorage1964_12.jpg 200x300
rect:430 70 46 245 3
rect:9 77 619 281 2
rect:343 84 207 169 11
rect:137 186 23 108 3
rect:409 64 47 205 3
Anchorage1964_13.jpg 200x300
rect:339 604 125 10 19
rect:301 562 228 18 2
rect:594 432 35 122 20
Anchorage1964_14.jpg 200x300
rect:314 179 160 59 15
rect:49 588 36 60 22
rect:412 697 154 68 23
rect:90 645 49 49 22
rect:158 547 40 52 22
rect:228 293 63 101 21
rect:9 453 164 72 11
rect:550 6 85 105 11
rect:296 15 49 184 11
rect:185 16 91 721 20
rect:27 606 27 62 22
rect:70 257 140 34 15
Anchorage1964_15.jpg 200x300
rect:278 592 210 57 2
rect:419 356 85 37 24
rect:212 7 100 60 4
rect:283 126 40 84 11
rect:337 95 43 91 25
rect:267 266 216 33 15
rect:326 284 107 34 11
rect:218 83 87 414 20
rect:328 9 74 69 4
Anchorage1964_16.jpg 200x300
rect:228 65 282 162 2
rect:457 219 169 185 2
rect:16 273 63 86 2
rect:226 198 265 238 11
rect:73 393 90 105 11
rect:15 116 137 240 2
Anchorage1964_17.jpg 200x300
rect:266 39 286 250 9
rect:10 217 531 217 10
rect:13 113 347 158 9
Anchorage1964_18.jpg 200x300
rect:164 273 24 53 11
rect:275 285 329 27 15
rect:315 208 109 65 4
rect:459 256 79 20 2
rect:533 236 51 22 2
rect:170 248 98 87 4
rect:490 114 76 73 4
rect:94 250 84 62 11
rect:637 336 34 21 2
rect:372 360 32 52 11
Anchorage1964_19.jpg 200x300
rect:451 123 62 31 28
rect:7 295 88 145 26
rect:512 152 7 16 26
rect:423 164 11 31 26
rect:324 197 20 38 26
rect:359 127 46 46 26
rect:239 95 64 127 29
rect:296 112 29 32 27
rect:326 141 7 16 26
rect:827 140 8 6 26
rect:29 196 38 107 27
rect:365 113 21 26 26
rect:288 335 58 81 26
rect:393 131 39 87 29
rect:630 182 37 38 28
rect:463 88 25 36 26
rect:572 124 24 38 29
rect:465 268 15 40 26
Anchorage1964_20.jpg 200x300
rect:210 134 71 56 27
rect:517 591 52 88 26
rect:184 494 59 125 26
rect:251 63 85 82 26
rect:156 83 99 101 29
Anchorage1964_21.jpg 200x300
rect:-7 94 87 214 29
rect:2 84 50 46 26
rect:121 211 562 150 30
rect:46 299 26 39 26
Bingol2003_01.jpg 200x300
rect:470 252 131 176 31
rect:427 491 81 86 6
rect:416 394 202 61 6
rect:24 175 76 87 33
rect:404 97 95 85 6
rect:252 199 88 77 33
rect:2 388 979 301 10
rect:151 222 88 63 33
rect:478 287 50 45 6
rect:943 268 105 72 33
rect:426 324 69 265 32
rect:348 229 57 91 34
rect:1016 280 70 70 33
rect:558 493 52 52 34
rect:741 165 81 64 6
rect:696 78 124 201 31
rect:312 90 59 21 6
rect:450 314 77 48 6
rect:1007 558 87 42 33
Bingol2003_02.jpg 200x300
rect:122 513 169 243 32
rect:482 383 85 136 26
rect:913 75 153 93 36
rect:401 293 86 107 6
rect:123 118 398 225 34
rect:125 181 59 440 32
rect:325 162 392 122 35
rect:298 166 838 418 31
Bingol2003_03.jpg 200x300
rect:114 33 163 35 2
rect:838 -6 319 221 4
rect:333 274 213 84 11
rect:396 220 434 150 2
rect:491 225 311 566 4
rect:123 35 91 139 33
rect:540 329 243 289 2
Bingol2003_04.jpg 200x300
rect:444 708 104 58 2
rect:120 608 39 78 3
rect:200 521 294 149 2
rect:84 663 81 66 2
rect:193 349 41 120 3
rect:86 434 20 53 3
rect:167 386 31 104 3
rect:219 237 109 224 4
CanterburyNZSeries2010_01.jpg 200x300
rect:124 102 162 289 12
CanterburyNZSeries2010_02.jpg 200x300
rect:53 9 197 209 37
rect:71 36 117 244 6
CanterburyNZSeries2010_03.jpg 200x300
rect:57 60 404 162 38
CanterburyNZSeries2010_04.jpg 200x300
rect:315 9 76 232 42
rect:152 393 71 274 41
rect:299 327 16 46 40
rect:309 323 38 75 40
rect:178 300 151 361 39
rect:375 338 41 93 40
rect:206 271 29 125 40
rect:384 528 20 62 40
CanterburyNZSeries2010_05.jpg 200x300
rect:309 268 153 370 4
rect:227 251 142 144 15
CanterburyNZSeries2010_06.jpg 200x300
rect:226 250 308 96 2
rect:74 117 906 520 4
CanterburyNZSeries2010_08.jpg 200x300
rect:624 280 102 158 44
rect:587 567 29 220 32
rect:442 127 147 326 43
rect:877 686 78 162 44
CanterburyNZSeries2010_09.jpg 200x300
rect:207 265 219 487 39
rect:302 94 215 155 45
CanterburyNZSeries2010_10.jpg 200x300
rect:208 385 287 104 6
rect:387 269 167 101 46
rect:168 313 426 214 6
rect:402 162 181 138 7
CanterburyNZSeries2010_11.jpg 200x300
rect:249 382 386 169 5
rect:399 213 320 137 7
CanterburyNZSeries2010_12.jpg 200x300
rect:137 447 116 41 11
rect:38 378 994 317 2
rect:561 388 166 45 11
rect:4 301 1030 451 47
CanterburyNZSeries2010_13.jpg 200x300
rect:204 16 323 811 12
rect:462 161 142 350 11
Caracas1967_01.jpg 200x300
rect:245 168 12 71 48
rect:412 184 77 99 48
rect:235 157 42 100 48
rect:336 87 141 262 48
Caracas1967_02.jpg 200x300
rect:114 508 54 30 50
rect:123 202 214 246 51
rect:123 353 50 61 49
rect:317 1 98 163 15
Caracas1967_03.jpg 200x300
rect:274 56 64 73 14
rect:324 325 53 86 26
rect:13 402 249 83 6
rect:320 462 23 82 27
rect:264 324 35 71 27
rect:237 422 148 129 34
Caracas1967_04.jpg 200x300
rect:175 428 48 111 26
rect:125 432 191 125 34
rect:105 308 19 71 27
Caracas1967_05.jpg 200x300
rect:254 258 46 242 40
rect:208 193 51 283 40
rect:171 243 36 215 40
rect:179 285 107 144 52
rect:49 94 405 578 41
rect:57 429 244 165 52
rect:225 280 60 119 40
rect:66 393 59 263 40
rect:439 203 46 216 40
rect:22 119 324 614 48
Caracas1967_06.jpg 200x300
rect:338 313 59 43 6
rect:441 121 236 283 7
Caracas1967_07.jpg 200x300
rect:309 515 107 52 53
rect:236 147 128 280 34
rect:452 8 81 345 34
rect:471 331 74 110 53
rect:428 47 36 162 27
rect:267 112 46 177 27
rect:326 239 160 345 34
Caracas1967_08.jpg 200x300
rect:272 374 80 105 54
rect:475 273 88 101 54
rect:267 357 83 114 55
Caracas1967_09.jpg 200x300
rect:26 225 63 65 48
rect:79 159 47 86 48
rect:120 151 94 76 48
rect:420 12 197 157 48
Caracas1967_10.jpg 200x300
rect:406 288 61 240 40
rect:21 171 462 490 48
rect:42 244 297 398 41
rect:348 268 81 182 40
Caracas1967_11.jpg 200x300
rect:77 205 197 532 41
rect:244 13 143 259 41
rect:46 13 331 667 48
Caracas1967_12.jpg 200x300
rect:892 429 24 71 32
rect:595 202 28 29 34
rect:162 364 24 54 56
rect:686 331 27 56 32
Caracas1967_13.jpg 200x300
rect:196 394 164 190 55
Caracas1967_14.jpg 200x300
rect:110 124 651 177 57
rect:131 217 348 32 6
Chichi1999_01.jpg 200x300
rect:333 110 54 226 42
rect:4 7 731 182 58
Chichi1999_02.jpg 200x300
rect:272 83 145 423 59
rect:5 80 322 147 58
Chichi1999_03.jpg 200x300
rect:0 189 939 235 58
rect:82 204 73 74 60
Chichi1999_04.jpg 200x300
rect:283 -12 54 162 48
rect:199 209 100 249 48
rect:183 295 26 65 52
Chichi1999_05.jpg 200x300
rect:433 122 51 65 41
rect:329 126 66 163 48
rect:307 360 37 28 41
rect:493 221 37 72 52
Chichi1999_06.jpg 200x300
rect:341 263 17 37 52
rect:237 89 53 72 62
rect:636 215 43 57 41
rect:354 178 38 88 48
rect:754 -15 86 75 61
rect:157 21 523 174 10
Chichi1999_07.jpg 200x300
rect:75 163 467 101 63
rect:153 166 59 129 48
rect:284 238 38 136 48
rect:419 302 20 27 64
rect:481 295 27 47 64
rect:623 205 38 101 48
rect:130 179 30 52 64
Chichi1999_08.jpg 200x300
rect:131 19 652 612 10
Chichi1999_09.jpg 200x300
rect:238 74 67 83 40
rect:194 97 93 110 41
rect:181 132 42 87 40
rect:243 58 227 198 48
Chichi1999_10.jpg 200x300
rect:120 21 556 323 10
Chichi1999_11.jpg 200x300
rect:111 208 127 113 65
rect:2 98 176 632 10
Chichi1999_12.jpg 200x300
rect:11 21 341 696 66
Chichi1999_13.jpg 200x300
rect:27 35 939 519 10
Chichi1999_14.jpg 200x300
rect:425 313 40 46 67
rect:311 368 62 69 67
rect:348 468 30 26 39
rect:262 327 41 48 39
rect:159 195 88 56 67
rect:109 423 64 52 67
rect:68 371 45 51 67
rect:267 277 21 21 39
rect:78 599 34 29 67
rect:239 467 28 61 67
rect:169 594 27 42 67
rect:113 317 61 61 67
rect:222 448 26 35 39
rect:118 206 41 69 67
rect:243 213 27 53 67
rect:178 293 22 47 67
rect:174 539 38 28 67
Chichi1999_15.jpg 200x300
rect:281 35 267 372 41
Chichi1999_16.jpg 200x300
rect:127 122 70 150 32
Chichi1999_17.jpg 200x300
rect:181 394 24 51 32
Chichi1999_18.jpg 200x300
rect:216 176 40 157 69
rect:197 266 39 99 69
rect:216 220 35 142 70
rect:159 200 20 166 69
rect:177 268 154 362 68
rect:273 345 39 143 69
Chichi1999_19.jpg 200x300
rect:235 81 166 283 3
rect:202 23 285 495 2
YogyakartaInd2006_03.jpg 200x300
rect:239 296 56 22 16
rect:387 53 125 46 15
rect:325 25 115 2 15
rect:427 72 75 28 16
rect:287 147 84 26 15
rect:212 144 22 8 16
rect:189 309 243 38 15
rect:242 223 318 121 71
Chichi1999_20.jpg 200x300
rect:341 485 39 180 41
rect:209 233 110 330 42
Chichi1999_21.jpg 200x300
rect:166 288 228 118 37
rect:135 109 159 349 72
rect:294 382 76 98 6
rect:487 90 185 152 6
rect:525 7 97 121 57
rect:59 305 139 139 5
rect:275 40 297 162 37
rect:15 4 293 203 30
Chichi1999_22.jpg 200x300
rect:228 277 15 22 73
rect:287 195 16 18 73
rect:283 272 15 24 73
rect:266 166 407 184 10
Chichi1999_23.jpg 200x300
rect:295 218 47 71 73
rect:200 177 33 19 27
rect:133 395 31 99 34
rect:241 232 54 97 73
rect:207 218 23 35 26
rect:136 139 22 30 34
rect:101 235 51 84 73
rect:242 277 39 74 34
rect:4 86 404 180 74
rect:95 179 69 47 73
Chichi1999_24.jpg 200x300
rect:3 280 270 264 74
rect:196 340 74 59 34
rect:184 201 167 105 75
rect:242 189 42 71 46
rect:246 388 1 2 46
Chichi1999_25.jpg 200x300
rect:137 236 215 352 73
rect:228 424 32 63 26
rect:192 303 89 196 34
Chichi1999_26.jpg 200x300
rect:244 203 65 108 73
rect:166 681 153 125 73
rect:105 715 143 100 27
rect:194 745 85 82 26
rect:280 298 155 504 76
rect:306 12 55 24 73
Chichi1999_27.jpg 200x300
rect:211 178 84 339 32
Chichi1999_28.jpg 200x300
rect:279 135 183 192 75
rect:112 74 150 239 5
rect:20 75 228 107 6
rect:271 241 301 116 77
Chichi1999_29.jpg 200x300
rect:176 174 117 114 40
rect:143 156 254 286 48
rect:239 311 75 128 52
Chichi1999_30.jpg 200x300
rect:156 169 166 63 52
rect:257 119 220 293 40
rect:35 208 97 174 73
rect:260 247 178 66 78
Chichi1999_31.jpg 200x300
rect:183 71 123 287 79
rect:527 81 43 231 48
Chichi1999_32.jpg 200x300
rect:204 161 38 126 81
rect:196 10 73 393 80
rect:528 169 66 211 39
rect:249 62 38 177 81
Chichi1999_33.jpg 200x300
rect:146 154 96 246 32
rect:134 156 48 134 49
rect:202 171 49 81 49
rect:225 101 88 308 56
rect:81 72 117 534 33
rect:302 106 104 370 32
Chichi1999_34.jpg 200x300
rect:114 117 479 456 10
Duzce1999_01.jpg 200x300
rect:169 135 109 103 41
rect:113 72 91 313 39
Duzce1999_02.jpg 200x300
rect:109 50 124 425 41
Duzce1999_03.jpg 200x300
rect:160 153 96 367 31
rect:0 173 135 258 31
rect:88 111 115 187 42
Gediz1970_01.jpg 200x300
rect:171 297 95 332 69
rect:138 115 278 587 68
rect:197 561 99 138 69
Guatemala1976_01.jpg 200x300
rect:60 156 35 38 41
rect:41 172 46 49 52
rect:365 176 119 103 48
rect:31 142 92 124 48
rect:25 130 592 207 82
rect:562 156 56 86 41
Guatemala1976_02.jpg 200x300
rect:192 91 356 352 48
rect:252 51 111 121 40
Guatemala1976_03.jpg 200x300
rect:12 94 709 307 75
Guatemala1976_04.jpg 200x300
rect:583 288 104 309 4
rect:124 27 297 89 30
rect:36 80 618 268 30
rect:707 148 90 360 4
Guatemala1976_05.jpg 200x300
rect:219 121 445 235 40
rect:149 172 231 100 41
rect:108 98 499 285 48
Guatemala1976_06.jpg 200x300
rect:95 125 159 474 39
Guatemala1976_07.jpg 200x300
rect:26 290 81 76 6
rect:31 288 476 305 10
rect:282 527 156 78 83
Guatemala1976_08.jpg 200x300
rect:267 91 208 350 40
rect:122 68 292 389 41
rect:139 34 349 291 48
Guatemala1976_09.jpg 200x300
rect:92 264 29 33 85
rect:367 363 64 29 85
rect:378 359 66 41 84
rect:210 335 33 32 84
rect:650 304 59 54 85
rect:129 292 63 55 85
rect:591 405 70 54 84
rect:79 230 35 18 84
Guatemala1976_10.jpg 200x300
rect:284 423 49 130 87
rect:183 170 258 187 87
rect:156 221 323 231 86
Guatemala1976_11.jpg 200x300
rect:161 315 137 275 34
GujaratIndia2001_01.jpg 200x300
rect:59 414 70 45 2
rect:37 492 229 200 4
rect:176 550 172 101 2
rect:279 411 74 42 11
Haiti2010_01.jpg 200x300
rect:236 132 229 443 41
rect:115 60 147 93 7
rect:363 518 265 248 4
rect:399 199 118 150 4
rect:307 240 24 163 40
Haiti2010_02.jpg 200x300
rect:365 34 193 50 14
rect:62 122 607 148 88
Haiti2010_03.jpg 200x300
rect:235 423 189 276 32
rect:285 584 47 45 49
rect:405 1 72 524 32
rect:263 406 253 238 89
Haiti2010_04.jpg 200x300
rect:2 121 360 129 6
rect:166 35 274 232 34
rect:149 313 389 434 41
Haiti2010_05.jpg 200x300
rect:196 197 249 434 90
rect:257 283 159 151 52
rect:218 327 27 81 40
rect:376 296 35 110 40
Haiti2010_06.jpg 200x300
rect:611 189 648 865 91
rect:638 175 48 236 32
rect:258 330 384 274 91
rect:328 196 233 297 33
rect:360 139 67 86 34
rect:218 251 39 48 34
rect:493 168 60 44 6
ImperialValley1979_01.jpg 200x300
rect:14 374 132 134 32
rect:561 254 20 17 49
rect:364 395 37 41 32
rect:411 257 53 18 49
rect:257 381 70 41 32
rect:75 377 74 100 50
rect:221 371 55 55 50
rect:547 276 41 49 32
rect:478 235 38 45 50
rect:565 393 21 26 49
rect:11 301 77 77 49
ImperialValley1979_02.jpg 200x300
rect:135 185 386 54 92
rect:363 166 53 143 50
rect:276 272 89 52 49
rect:224 159 65 229 50
rect:318 123 117 139 50
rect:237 103 194 176 32
ImperialValley1979_03.jpg 200x300
rect:156 442 66 107 50
rect:221 378 54 209 50
rect:113 433 202 54 92
rect:120 195 116 252 50
rect:99 312 234 29 92
rect:150 363 201 255 32
rect:186 186 256 191 32
Izmit1999_01.jpg 200x300
rect:340 122 39 137 27
rect:184 205 26 129 27
rect:454 232 64 63 26
rect:163 83 362 295 34
rect:325 139 54 100 27
Izmit1999_02.jpg 200x300
rect:27 107 537 238 10
Izmit1999_03.jpg 200x300
rect:163 129 34 203 50
rect:278 71 305 364 32
rect:502 59 47 310 50
rect:480 96 36 242 50
rect:126 33 366 385 93
rect:175 96 66 338 50
rect:169 176 404 46 92
rect:327 111 44 310 50
Izmit1999_04.jpg 200x300
rect:366 108 77 97 41
rect:389 458 25 48 40
rect:423 254 115 56 41
rect:303 315 24 76 40
rect:99 188 175 48 88
rect:110 428 259 127 88
rect:39 535 66 45 34
rect:274 67 57 82 48
rect:62 459 31 97 42
rect:43 355 56 100 41
Izmit1999_05.jpg 200x300
rect:129 25 682 283 10
Izmit1999_06.jpg 200x300
rect:136 214 130 71 49
rect:104 180 202 492 32
rect:265 188 62 191 50
rect:148 193 99 226 50
rect:94 252 79 169 50
rect:187 330 57 109 50
Izmit1999_07.jpg 200x300
rect:291 163 68 93 3
rect:26 126 432 642 2
rect:317 381 73 391 4
rect:198 221 49 162 3
rect:344 64 110 45 6
rect:364 232 43 92 3
rect:249 196 67 100 3
Izmit1999_08.jpg 200x300
rect:242 246 161 95 88
rect:116 326 75 99 45
rect:581 7 130 49 45
rect:108 135 89 86 41
rect:582 90 59 84 41
rect:492 109 49 34 52
rect:137 30 82 109 34
Izmit1999_09.jpg 200x300
rect:455 236 73 86 94
rect:44 269 33 64 41
rect:570 187 73 66 41
rect:272 203 43 26 41
rect:271 168 123 86 94
rect:402 272 106 71 41
Izmit1999_10.jpg 200x300
rect:84 175 69 240 40
rect:269 422 49 70 40
rect:112 228 217 48 78
rect:358 499 60 34 78
rect:159 284 72 200 40
rect:247 136 94 107 40
rect:214 298 144 38 78
rect:198 375 90 88 40
rect:209 139 40 188 40
rect:51 238 356 31 78
rect:112 139 277 588 41
Izmit1999_11.jpg 200x300
rect:277 225 99 226 40
rect:150 152 67 215 40
rect:241 527 155 139 41
rect:259 203 166 201 41
rect:145 393 77 177 40
Izmit1999_12.jpg 200x300
rect:69 347 51 66 52
rect:282 172 58 29 6
rect:287 349 47 107 52
rect:474 125 235 265 91
rect:77 55 33 25 6
rect:309 153 51 59 45
rect:479 29 84 52 34
rect:266 366 100 157 41
rect:58 200 73 115 94
rect:602 215 45 81 41
rect:16 85 55 20 6
rect:343 198 82 184 94
rect:308 215 56 87 42
rect:448 149 80 53 7
rect:527 71 42 94 41
rect:89 270 29 40 40
rect:1 279 32 51 41
rect:199 250 82 84 88
Izmit1999_13.jpg 200x300
rect:376 163 77 275 41
rect:146 359 78 71 52
rect:168 295 30 103 41
rect:375 99 155 296 48
rect:176 336 46 87 41
rect:167 302 87 173 94
rect:87 116 52 46 6
rect:4 64 93 199 42
rect:229 73 87 145 41
Izmit1999_14.jpg 200x300
rect:589 219 73 34 34
rect:387 6 153 74 35
rect:44 143 96 58 34
rect:351 192 68 83 35
rect:561 91 100 57 34
rect:210 436 47 31 34
rect:355 54 48 43 95
rect:319 318 85 34 34
rect:327 336 42 19 34
Izmit1999_15.jpg 200x300
rect:155 193 214 342 42
Izmit1999_16.jpg 200x300
rect:239 104 46 111 40
rect:161 58 262 381 39
rect:110 90 160 116 41
rect:98 46 327 360 33
Izmit1999_17.jpg 200x300
rect:87 157 188 341 41
Izmit1999_18.jpg 200x300
rect:172 189 154 261 39
rect:221 164 171 184 41
Izmit1999_19.jpg 200x300
rect:564 213 25 66 50
rect:267 141 281 299 32
rect:446 146 28 111 50
rect:301 60 326 412 96
Kobe1995_01.jpg 200x300
rect:28 105 551 162 63
Kobe1995_02.jpg 200x300
rect:2 67 466 447 68
Kobe1995_03.jpg 200x300
rect:35 69 354 476 10
Kobe1995_04.jpg 200x300
rect:358 223 60 55 41
Kobe1995_05.jpg 200x300
rect:134 194 266 382 52
rect:31 311 468 73 78
rect:4 167 134 652 40
rect:112 611 256 170 78
rect:285 181 124 421 40
Kobe1995_06.jpg 200x300
rect:66 129 325 462 41
rect:222 472 287 467 42
Kobe1995_07.jpg 200x300
rect:516 457 32 31 39
rect:372 141 32 49 39
rect:147 198 31 56 39
rect:332 181 28 59 39
rect:35 273 48 33 39
rect:124 196 49 38 39
rect:166 124 28 40 39
rect:139 370 40 50 39
rect:235 377 39 27 39
rect:253 133 33 27 39
rect:224 321 42 40 39
rect:37 249 32 57 39
rect:510 287 42 41 39
rect:187 191 49 59 39
rect:197 185 34 53 39
rect:119 354 34 36 39
rect:134 402 30 45 39
rect:347 325 36 31 39
rect:412 406 51 44 39
rect:487 169 28 25 39
rect:167 481 32 30 39
rect:348 189 47 52 39
rect:433 168 55 43 39
rect:330 291 23 36 39
rect:452 327 33 30 39
rect:234 433 31 33 39
Kobe1995_08.jpg 200x300
rect:257 49 388 177 97
Kobe1995_09.jpg 200x300
rect:147 643 247 87 97
rect:67 501 97 65 88
rect:98 593 67 52 88
rect:108 649 79 74 88
SanSalvador_1986_01.jpg 200x300
rect:63 3 124 291 68
rect:234 120 146 192 41
SanSalvador_1986_02.jpg 200x300
rect:279 220 31 42 41
rect:200 214 24 40 41
rect:587 228 55 54 41
rect:421 222 45 38 42
rect:250 146 61 56 41
rect:131 339 38 45 41
rect:162 156 32 40 41
rect:535 219 31 29 41
rect:436 102 16 24 41
SikkimIndia2001_01.jpg 200x300
rect:178 178 133 101 34
SikkimIndia2001_02.jpg 200x300
rect:13 5 238 73 16
rect:364 168 101 33 16
rect:424 102 118 27 16
rect:375 94 116 129 33
rect:164 74 232 262 33
rect:545 329 108 19 16
rect:7 122 50 46 54
rect:-15 2 429 106 33
SikkimIndia2001_03.jpg 200x300
rect:214 200 114 152 70
rect:259 70 62 211 69
rect:263 10 223 462 98
SikkimIndia2001_04.jpg 200x300
rect:218 182 103 112 34
rect:477 158 199 106 99
rect:3 31 347 262 99
SumatraInd2009_01.jpg 200x300
rect:195 25 57 238 81
SumatraInd2009_02.jpg 200x300
rect:153 101 226 120 41
WhittierNarrows1987_01.jpg 200x300
rect:14 33 633 390 10
WhittierNarrows1987_02.jpg 200x300
rect:129 284 126 294 41
WhittierNarrows1987_03.jpg 200x300
rect:188 116 128 216 32
WhittierNarrows1987_04.jpg 200x300
rect:166 8 290 91 6
rect:318 12 224 169 100
rect:282 66 83 216 41
YogyakartaInd2006_01.jpg 200x300
rect:270 28 402 318 32
rect:311 103 250 67 49
rect:134 -21 368 367 29
YogyakartaInd2006_02.jpg 200x300
rect:379 136 53 175 70
rect:381 63 158 493 98
rect:388 113 43 218 69
