Anchorage1964_01.jpg 0x0
rect:61 272 189 261 1
rect:73 7 239 141 1
Anchorage1964_02.jpg 0x0
rect:189 134 72 68 7
rect:274 34 220 97 4
rect:270 307 19 70 3
rect:62 31 66 11 6
rect:355 330 28 53 3
rect:554 250 17 43 3
rect:108 282 46 15 6
rect:288 278 21 45 3
rect:504 255 13 55 3
rect:305 365 29 78 3
rect:620 76 151 143 8
rect:37 24 199 55 5
rect:554 192 16 67 3
rect:178 50 64 97 4
rect:36 193 173 52 5
rect:453 236 74 62 4
rect:243 305 455 132 2
rect:82 203 25 19 6
rect:394 217 18 75 3
Anchorage1964_03.jpg 0x0
rect:2 211 213 57 9
rect:0 347 534 63 10
rect:234 66 486 149 9
Anchorage1964_04.jpg 0x0
rect:345 256 20 25 1
rect:361 183 11 18 1
rect:198 82 32 19 5
rect:241 527 75 22 2
rect:147 248 40 12 5
rect:455 167 30 15 5
rect:212 127 38 19 5
rect:294 270 24 17 5
rect:140 428 37 22 5
rect:361 161 36 19 5
rect:174 437 30 20 5
rect:283 213 31 16 5
rect:204 242 33 21 5
rect:169 70 29 14 5
rect:388 79 40 15 5
rect:429 135 34 18 5
rect:194 154 28 22 5
rect:344 31 26 21 5
rect:121 211 22 21 5
rect:295 361 25 15 5
rect:168 407 28 16 5
rect:455 442 31 25 5
rect:310 509 26 31 1
rect:248 314 13 23 1
rect:190 165 14 23 1
rect:322 214 20 27 1
rect:355 179 31 19 5
rect:252 458 8 1 1
rect:317 447 39 12 5
rect:326 120 24 22 1
rect:394 75 36 20 5
rect:228 319 30 27 8
rect:318 325 24 20 5
rect:165 32 27 13 5
rect:274 305 27 23 1
rect:270 435 21 27 1
rect:372 294 17 35 1
rect:114 343 42 13 5
rect:241 298 11 25 1
Anchorage1964_05.jpg 0x0
rect:34 390 27 43 1
rect:607 233 43 68 1
rect:393 220 138 84 2
rect:469 290 53 15 6
rect:469 90 31 77 1
rect:128 153 135 41 6
rect:414 210 49 73 1
rect:79 208 21 58 1
rect:109 27 27 34 1
rect:440 363 58 45 1
rect:166 47 128 62 6
rect:238 55 104 24 5
rect:529 60 44 81 1
rect:322 193 36 19 11
rect:69 159 17 51 1
rect:87 163 28 59 1
rect:610 325 42 24 5
rect:434 18 34 46 1
rect:163 124 107 24 5
rect:32 293 29 60 1
rect:644 395 35 57 8
rect:449 374 35 51 8
rect:128 79 18 52 1
rect:503 1 34 73 1
rect:78 60 26 47 1
rect:506 210 78 43 5
rect:447 206 43 20 6
rect:375 220 23 25 11
rect:65 210 18 45 1
Anchorage1964_06.jpg 0x0
rect:171 138 77 235 3
rect:137 101 158 545 12
rect:121 287 51 81 11
Anchorage1964_07.jpg 0x0
rect:225 107 113 140 11
rect:7 311 323 43 14
rect:560 194 84 85 11
rect:20 285 345 45 11
rect:180 2 125 75 2
rect:297 130 60 116 13
rect:352 166 49 166 3
rect:10 52 785 548 2
rect:402 228 276 217 2
Anchorage1964_08.jpg 0x0
rect:51 372 125 102 1
rect:60 56 140 150 1
rect:302 580 120 130 1
rect:341 33 82 78 1
rect:31 639 97 155 1
rect:369 252 160 138 1
Anchorage1964_09.jpg 0x0
rect:195 148 287 12 15
rect:82 167 89 76 1
rect:517 35 100 46 8
rect:664 7 119 10 16
rect:14 132 27 11 16
rect:589 200 70 76 1
rect:753 156 149 15 15
rect:14 18 55 14 16
rect:12 130 126 16 15
rect:12 19 439 14 15
rect:407 254 74 79 8
rect:398 118 48 50 1
rect:367 98 93 25 15
rect:828 211 1 1 16
rect:62 166 71 11 16
rect:518 8 266 13 15
rect:116 240 66 55 8
rect:97 43 97 65 8
rect:228 110 56 78 1
Anchorage1964_10.jpg 0x0
rect:67 291 371 130 18
rect:219 239 167 105 18
rect:253 232 117 139 17
rect:90 189 287 435 1
Anchorage1964_11.jpg 0x0
rect:172 56 124 92 4
rect:107 154 362 97 2
rect:76 376 771 17 14
rect:691 8 131 27 1
rect:716 85 198 104 1
rect:378 244 299 40 11
rect:190 120 398 19 15
rect:61 495 725 16 14
Anchorage1964_12.jpg 0x0
rect:15 98 599 228 2
rect:398 105 67 256 3
rect:384 111 183 119 11
rect:173 156 22 71 3
rect:562 104 52 182 3
Anchorage1964_13.jpg 0x0
rect:251 482 217 26 2
rect:619 474 23 122 20
rect:412 383 104 13 19
Anchorage1964_14.jpg 0x0
rect:247 12 53 301 11
rect:65 255 169 44 15
rect:174 15 115 842 20
rect:297 753 160 77 23
rect:101 646 31 63 22
rect:11 670 249 103 11
rect:143 331 69 90 21
rect:423 5 92 171 11
rect:127 806 30 54 22
rect:15 459 36 56 22
rect:275 294 206 46 15
rect:54 630 51 77 22
Anchorage1964_15.jpg 0x0
rect:169 238 135 45 15
rect:542 7 100 81 4
rect:230 138 55 116 25
rect:224 606 167 65 2
rect:284 265 127 37 24
rect:148 120 25 65 11
rect:405 195 123 54 11
rect:214 85 86 325 20
rect:227 10 96 54 4
Anchorage1964_16.jpg 0x0
rect:275 81 194 158 2
rect:462 179 105 203 2
rect:16 258 86 59 2
rect:72 429 102 89 11
rect:18 111 237 142 2
rect:162 191 249 145 11
Anchorage1964_17.jpg 0x0
rect:12 96 275 107 9
rect:311 61 294 282 9
rect:10 241 623 274 10
Anchorage1964_18.jpg 0x0
rect:437 292 92 27 2
rect:661 224 48 18 2
rect:455 188 136 102 4
rect:408 175 108 121 4
rect:413 395 322 27 15
rect:104 282 23 43 11
rect:143 340 59 49 11
rect:149 234 87 118 4
rect:657 206 77 21 2
rect:323 246 36 60 11
Anchorage1964_19.jpg 0x0
rect:388 135 31 38 27
rect:375 228 36 26 28
rect:876 123 7 6 26
rect:282 302 22 33 26
rect:291 80 65 46 26
rect:229 338 53 89 26
rect:545 135 7 15 26
rect:501 162 34 31 28
rect:547 97 24 63 29
rect:6 267 65 162 26
rect:328 193 19 30 26
rect:501 159 12 30 26
rect:25 245 35 74 27
rect:439 117 40 26 26
rect:514 127 31 93 29
rect:347 72 89 170 29
rect:300 118 20 44 26
rect:647 160 10 14 26
Anchorage1964_20.jpg 0x0
rect:194 374 89 178 26
rect:254 110 103 76 26
rect:348 669 38 68 26
rect:180 74 98 165 29
rect:167 116 73 40 27
Anchorage1964_21.jpg 0x0
rect:-7 92 86 120 29
rect:152 129 622 154 30
rect:51 319 27 38 26
rect:2 110 46 45 26
Bingol2003_01.jpg 0x0
rect:474 392 191 70 6
rect:546 168 40 132 34
rect:403 281 52 58 6
rect:438 288 102 44 6
rect:668 317 155 140 31
rect:208 101 74 28 6
rect:33 181 56 88 33
rect:151 154 60 56 33
rect:291 385 95 123 6
rect:545 414 82 51 33
rect:500 93 122 71 6
rect:529 62 69 56 6
rect:204 233 99 67 33
rect:756 154 120 59 33
rect:499 384 40 206 32
rect:2 324 695 273 10
rect:551 61 195 181 31
rect:577 353 50 74 34
rect:584 357 68 33 33
Bingol2003_02.jpg 0x0
rect:468 219 468 110 35
rect:912 58 129 96 36
rect:244 177 926 642 31
rect:219 222 109 489 32
rect:197 117 356 144 34
rect:156 462 146 283 32
rect:501 241 96 130 26
rect:469 242 79 97 6
Bingol2003_03.jpg 0x0
rect:447 135 263 163 2
rect:691 -8 288 229 4
rect:732 495 235 269 2
rect:72 23 197 41 2
rect:565 206 283 56 11
rect:116 57 124 125 33
rect:610 190 294 791 4
Bingol2003_04.jpg 0x0
rect:58 440 73 80 2
rect:164 581 36 75 3
rect:94 785 33 49 3
rect:257 607 150 73 2
rect:173 547 28 140 3
rect:136 323 239 185 2
rect:386 273 106 170 4
rect:118 677 25 74 3
CanterburyNZSeries2010_01.jpg 0x0
rect:111 141 114 209 12
CanterburyNZSeries2010_02.jpg 0x0
rect:32 7 226 318 37
rect:45 50 134 178 6
CanterburyNZSeries2010_03.jpg 0x0
rect:51 83 249 167 38
CanterburyNZSeries2010_04.jpg 0x0
rect:431 280 54 155 40
rect:251 516 15 55 40
rect:251 437 21 40 40
rect:345 310 22 96 40
rect:202 301 228 442 39
rect:271 10 105 184 42
rect:183 329 20 179 40
rect:196 603 97 179 41
CanterburyNZSeries2010_05.jpg 0x0
rect:300 197 129 105 15
rect:240 384 197 409 4
CanterburyNZSeries2010_06.jpg 0x0
rect:82 144 601 621 4
rect:249 285 182 151 2
CanterburyNZSeries2010_08.jpg 0x0
rect:867 380 85 122 44
rect:550 155 224 186 43
rect:560 515 29 155 32
rect:819 276 86 130 44
CanterburyNZSeries2010_09.jpg 0x0
rect:195 90 213 254 45
rect:190 351 130 483 39
CanterburyNZSeries2010_10.jpg 0x0
rect:159 308 438 185 6
rect:239 165 351 128 7
rect:179 509 213 115 6
rect:296 310 248 81 46
CanterburyNZSeries2010_11.jpg 0x0
rect:224 206 367 150 7
rect:381 256 293 255 5
CanterburyNZSeries2010_12.jpg 0x0
rect:167 533 152 44 11
rect:490 547 191 53 11
rect:6 350 1183 381 47
rect:43 318 527 395 2
CanterburyNZSeries2010_13.jpg 0x0
rect:111 14 510 579 12
rect:421 223 149 336 11
Caracas1967_01.jpg 0x0
rect:298 215 14 75 48
rect:306 69 176 243 48
rect:377 132 46 97 48
rect:284 167 100 123 48
Caracas1967_02.jpg 0x0
rect:220 153 233 193 51
rect:306 1 128 212 15
rect:125 317 45 40 50
rect:96 511 57 82 49
Caracas1967_03.jpg 0x0
rect:334 360 35 146 27
rect:249 328 30 62 27
rect:322 491 80 72 26
rect:248 349 134 174 34
rect:15 322 284 82 6
rect:320 90 98 106 14
Caracas1967_04.jpg 0x0
rect:170 252 133 139 34
rect:136 300 64 128 26
rect:179 483 19 67 27
Caracas1967_05.jpg 0x0
rect:55 129 330 576 41
rect:335 234 42 251 40
rect:34 80 458 444 48
rect:73 375 282 220 52
rect:215 278 45 122 40
rect:210 205 181 124 52
rect:191 331 52 255 40
rect:226 356 54 181 40
rect:49 433 47 269 40
rect:470 208 46 275 40
Caracas1967_06.jpg 0x0
rect:452 98 231 295 7
rect:315 214 75 52 6
Caracas1967_07.jpg 0x0
rect:434 324 100 58 53
rect:172 174 41 243 27
rect:514 283 75 88 53
rect:396 7 87 255 34
rect:225 129 136 161 34
rect:299 287 154 326 34
rect:398 58 29 288 27
Caracas1967_08.jpg 0x0
rect:301 153 90 113 54
rect:217 383 87 81 54
rect:200 224 60 98 55
Caracas1967_09.jpg 0x0
rect:72 176 78 83 48
rect:515 14 282 115 48
rect:22 187 48 69 48
rect:165 132 102 99 48
Caracas1967_10.jpg 0x0
rect:261 197 74 127 40
rect:52 206 228 445 41
rect:375 333 86 227 40
rect:19 188 401 432 48
Caracas1967_11.jpg 0x0
rect:285 18 132 273 41
rect:60 16 543 783 48
rect:59 299 269 496 41
Caracas1967_12.jpg 0x0
rect:400 336 31 49 34
rect:799 388 30 52 32
rect:239 233 34 34 56
rect:787 198 17 63 32
Caracas1967_13.jpg 0x0
rect:212 355 148 184 55
Caracas1967_14.jpg 0x0
rect:141 283 212 43 6
rect:122 163 654 225 57
Chichi1999_01.jpg 0x0
rect:4 9 648 139 58
rect:338 191 55 161 42
Chichi1999_02.jpg 0x0
rect:5 104 354 136 58
rect:439 87 206 334 59
Chichi1999_03.jpg 0x0
rect:94 135 64 106 60
rect:0 134 611 194 58
Chichi1999_04.jpg 0x0
rect:190 229 69 419 48
rect:208 -20 52 127 48
rect:232 202 39 75 52
Chichi1999_05.jpg 0x0
rect:416 221 38 34 41
rect:346 143 57 43 41
rect:381 244 44 104 52
rect:320 97 73 175 48
Chichi1999_06.jpg 0x0
rect:454 -12 74 69 61
rect:342 298 16 37 52
rect:205 17 400 131 10
rect:617 151 38 73 41
rect:320 161 63 85 62
rect:365 142 61 110 48
Chichi1999_07.jpg 0x0
rect:357 160 39 167 48
rect:130 153 63 163 48
rect:594 233 60 90 48
rect:52 213 574 139 63
rect:612 255 13 17 64
rect:312 260 33 32 64
rect:185 206 19 33 64
Chichi1999_08.jpg 0x0
rect:103 14 484 360 10
Chichi1999_09.jpg 0x0
rect:281 114 167 88 41
rect:213 119 45 61 40
rect:220 129 48 89 40
rect:144 64 252 188 48
Chichi1999_10.jpg 0x0
rect:150 23 617 418 10
Chichi1999_11.jpg 0x0
rect:165 189 82 124 65
rect:2 159 169 422 10
Chichi1999_12.jpg 0x0
rect:9 33 383 451 66
Chichi1999_13.jpg 0x0
rect:30 43 712 384 10
Chichi1999_14.jpg 0x0
rect:108 255 61 62 67
rect:274 283 44 52 39
rect:307 551 38 62 67
rect:214 338 29 47 67
rect:127 504 65 57 67
rect:151 212 30 43 67
rect:249 246 15 30 67
rect:160 342 26 70 67
rect:239 465 28 50 39
rect:316 554 28 41 39
rect:218 280 28 65 67
rect:315 449 29 20 39
rect:332 584 92 58 67
rect:117 392 46 31 67
rect:156 274 59 46 67
rect:62 581 41 41 67
rect:162 385 29 46 67
Chichi1999_15.jpg 0x0
rect:279 30 227 502 41
Chichi1999_16.jpg 0x0
rect:185 128 62 104 32
Chichi1999_17.jpg 0x0
rect:142 272 18 51 32
Chichi1999_18.jpg 0x0
rect:213 389 47 130 70
rect:275 306 33 127 69
rect:309 272 25 121 69
rect:139 247 18 139 69
rect:238 285 31 115 69
rect:131 238 178 376 68
Chichi1999_19.jpg 0x0
rect:214 24 291 448 2
rect:219 106 209 217 3
YogyakartaInd2006_03.jpg 0x0
rect:344 75 153 54 15
rect:172 356 231 186 71
rect:266 532 248 30 15
rect:357 294 52 29 16
rect:337 92 62 29 16
rect:196 134 52 32 15
rect:190 130 16 8 16
rect:176 29 122 2 15
Chichi1999_20.jpg 0x0
rect:285 384 42 252 41
rect:120 234 115 240 42
Chichi1999_21.jpg 0x0
rect:75 485 218 80 5
rect:241 239 139 196 37
rect:471 7 131 80 57
rect:20 3 187 183 30
rect:275 37 238 274 37
rect:265 209 106 134 6
rect:386 86 208 139 6
rect:256 96 206 316 72
Chichi1999_22.jpg 0x0
rect:227 310 17 27 73
rect:214 284 15 19 73
rect:356 310 14 26 73
rect:221 210 395 191 10
Chichi1999_23.jpg 0x0
rect:150 178 27 33 34
rect:112 330 36 91 34
rect:100 316 47 114 73
rect:114 179 59 55 73
rect:4 80 615 180 74
rect:354 166 43 19 27
rect:379 318 33 93 34
rect:247 238 94 94 73
rect:268 145 23 28 26
rect:326 224 51 72 73
Chichi1999_24.jpg 0x0
rect:3 308 360 177 74
rect:164 286 88 54 34
rect:363 404 1 2 46
rect:258 142 52 57 46
rect:127 207 173 104 75
Chichi1999_25.jpg 0x0
rect:223 298 96 301 34
rect:125 262 144 380 73
rect:187 329 52 53 26
Chichi1999_26.jpg 0x0
rect:208 188 39 129 73
rect:241 252 146 483 76
rect:143 386 121 162 73
rect:157 387 83 90 26
rect:238 20 59 36 73
rect:140 654 114 100 27
Chichi1999_27.jpg 0x0
rect:204 191 83 401 32
Chichi1999_28.jpg 0x0
rect:282 153 185 237 75
rect:193 137 191 292 5
rect:23 81 325 129 6
rect:237 216 166 156 77
Chichi1999_29.jpg 0x0
rect:178 241 162 339 48
rect:298 231 111 118 40
rect:230 326 58 212 52
Chichi1999_30.jpg 0x0
rect:139 151 241 59 78
rect:264 112 227 97 52
rect:25 223 90 131 73
rect:209 127 266 333 40
Chichi1999_31.jpg 0x0
rect:110 90 112 203 79
rect:375 111 51 205 48
Chichi1999_32.jpg 0x0
rect:367 157 47 134 39
rect:125 214 34 168 81
rect:156 58 53 162 81
rect:134 7 121 494 80
Chichi1999_33.jpg 0x0
rect:274 104 124 342 32
rect:155 138 35 130 49
rect:223 121 38 149 49
rect:52 86 97 622 33
rect:186 109 75 230 56
rect:120 132 119 192 32
Chichi1999_34.jpg 0x0
rect:143 97 426 437 10
Duzce1999_01.jpg 0x0
rect:115 126 122 164 41
rect:132 68 105 330 39
Duzce1999_02.jpg 0x0
rect:106 52 140 405 41
Duzce1999_03.jpg 0x0
rect:223 167 102 245 31
rect:115 109 132 254 42
rect:0 207 88 260 31
Gediz1970_01.jpg 0x0
rect:288 437 99 160 69
rect:134 316 82 257 69
rect:128 135 281 576 68
Guatemala1976_01.jpg 0x0
rect:379 182 128 162 48
rect:434 136 44 87 41
rect:45 174 91 127 48
rect:67 274 75 51 52
rect:65 224 47 32 41
rect:21 91 554 190 82
Guatemala1976_02.jpg 0x0
rect:303 60 77 104 40
rect:199 51 302 248 48
Guatemala1976_03.jpg 0x0
rect:17 88 816 341 75
Guatemala1976_04.jpg 0x0
rect:739 218 117 439 4
rect:119 33 420 84 30
rect:37 90 609 308 30
rect:562 196 91 293 4
Guatemala1976_05.jpg 0x0
rect:233 155 365 139 41
rect:185 146 455 152 40
rect:181 70 404 263 48
Guatemala1976_06.jpg 0x0
rect:90 131 278 517 39
Guatemala1976_07.jpg 0x0
rect:20 365 43 69 6
rect:19 213 328 343 10
rect:192 401 119 88 83
Guatemala1976_08.jpg 0x0
rect:337 80 229 291 40
rect:125 38 439 316 48
rect:159 67 341 280 41
Guatemala1976_09.jpg 0x0
rect:438 225 54 34 85
rect:532 393 55 68 84
rect:585 324 43 41 85
rect:67 351 34 31 85
rect:210 355 39 37 84
rect:402 319 59 42 84
rect:149 284 58 72 85
rect:88 337 41 25 84
Guatemala1976_10.jpg 0x0
rect:146 153 277 172 87
rect:214 145 274 186 86
rect:228 252 31 146 87
Guatemala1976_11.jpg 0x0
rect:196 291 141 277 34
GujaratIndia2001_01.jpg 0x0
rect:208 324 192 86 2
rect:292 386 65 40 11
rect:34 312 171 129 4
rect:93 325 46 38 2
Haiti2010_01.jpg 0x0
rect:112 48 131 120 7
rect:193 160 121 292 41
rect:272 267 31 96 40
rect:425 283 138 93 4
rect:483 409 232 212 4
Haiti2010_02.jpg 0x0
rect:55 115 469 153 88
rect:222 39 141 42 14
Haiti2010_03.jpg 0x0
rect:316 522 65 50 49
rect:271 379 166 238 32
rect:388 1 67 500 32
rect:237 423 223 165 89
Haiti2010_04.jpg 0x0
rect:170 253 375 508 41
rect:2 160 348 192 6
rect:306 49 291 243 34
Haiti2010_05.jpg 0x0
rect:290 266 165 104 52
rect:352 220 21 70 40
rect:197 191 273 611 90
rect:382 261 38 71 40
Haiti2010_06.jpg 0x0
rect:415 141 68 56 6
rect:414 154 196 334 33
rect:666 203 51 105 34
rect:145 268 344 304 91
rect:640 299 49 168 32
rect:176 342 44 36 34
rect:524 155 505 630 91
ImperialValley1979_01.jpg 0x0
rect:436 246 30 23 49
rect:14 397 157 155 32
rect:328 216 55 28 32
rect:392 303 42 38 32
rect:307 397 34 23 49
rect:395 262 21 13 49
rect:14 320 66 51 49
rect:444 309 22 27 50
rect:240 294 54 54 32
rect:69 336 108 145 50
rect:397 364 41 73 50
ImperialValley1979_02.jpg 0x0
rect:166 142 72 186 50
rect:161 163 241 81 92
rect:271 101 90 177 50
rect:239 107 222 237 32
rect:298 244 122 63 49
rect:340 162 47 122 50
ImperialValley1979_03.jpg 0x0
rect:152 354 241 207 32
rect:76 297 248 41 92
rect:123 226 77 170 50
rect:355 278 68 249 50
rect:261 315 69 166 50
rect:187 200 212 180 32
rect:79 422 315 48 92
Izmit1999_01.jpg 0x0
rect:182 215 27 78 27
rect:253 68 43 170 27
rect:207 163 57 164 27
rect:251 70 356 394 34
rect:399 354 72 55 26
Izmit1999_02.jpg 0x0
rect:23 89 922 339 10
Izmit1999_03.jpg 0x0
rect:195 192 280 35 92
rect:453 76 30 174 50
rect:222 53 244 410 32
rect:302 84 50 275 50
rect:640 70 63 360 50
rect:175 40 503 372 93
rect:247 186 49 203 50
rect:209 74 64 315 50
Izmit1999_04.jpg 0x0
rect:395 48 108 109 48
rect:328 61 71 63 41
rect:412 372 93 110 41
rect:423 250 29 83 40
rect:78 506 55 104 41
rect:101 679 184 116 88
rect:492 343 24 79 40
rect:146 271 164 92 88
rect:61 477 66 67 34
rect:72 356 39 75 42
Izmit1999_05.jpg 0x0
rect:67 26 499 332 10
Izmit1999_06.jpg 0x0
rect:160 201 74 183 50
rect:149 232 176 103 49
rect:61 241 76 173 50
rect:302 296 63 171 50
rect:167 169 241 382 32
rect:275 351 48 190 50
Izmit1999_07.jpg 0x0
rect:273 52 158 56 6
rect:401 153 79 79 3
rect:219 182 47 112 3
rect:29 155 357 571 2
rect:307 196 30 83 3
rect:330 393 76 246 4
rect:213 428 32 109 3
Izmit1999_08.jpg 0x0
rect:678 106 93 58 41
rect:137 507 114 93 45
rect:118 33 114 79 34
rect:694 6 130 69 45
rect:557 89 43 30 52
rect:167 204 164 97 88
rect:192 124 92 101 41
Izmit1999_09.jpg 0x0
rect:56 164 42 59 41
rect:268 240 35 23 41
rect:624 267 50 77 94
rect:242 315 94 127 94
rect:813 241 45 85 41
rect:362 340 106 96 41
Izmit1999_10.jpg 0x0
rect:65 172 425 489 41
rect:229 329 103 43 78
rect:45 270 385 33 78
rect:155 139 73 123 40
rect:278 420 123 124 40
rect:77 339 372 77 78
rect:384 656 53 29 78
rect:202 87 158 167 40
rect:67 142 72 193 40
rect:144 178 78 269 40
rect:200 368 48 61 40
Izmit1999_11.jpg 0x0
rect:243 226 140 145 41
rect:393 334 90 185 40
rect:168 358 52 169 40
rect:162 563 130 138 41
rect:203 179 61 154 40
Izmit1999_12.jpg 0x0
rect:400 107 36 98 41
rect:588 31 78 54 34
rect:386 322 92 180 94
rect:568 226 148 211 91
rect:19 63 51 17 6
rect:422 99 38 99 45
rect:260 235 80 96 52
rect:83 68 32 19 6
rect:345 136 48 79 42
rect:312 175 49 33 6
rect:515 179 43 51 41
rect:324 199 87 88 41
rect:1 256 26 45 41
rect:61 249 77 74 94
rect:77 349 39 56 40
rect:47 225 60 46 52
rect:159 248 63 58 88
rect:320 168 52 48 7
Izmit1999_13.jpg 0x0
rect:354 64 198 315 48
rect:96 303 143 98 94
rect:204 327 79 50 52
rect:264 116 91 217 41
rect:250 122 95 139 41
rect:5 73 63 157 42
rect:184 222 41 90 41
rect:131 247 24 130 41
rect:125 164 72 37 6
Izmit1999_14.jpg 0x0
rect:375 5 184 52 35
rect:594 288 51 39 34
rect:300 337 38 24 34
rect:431 49 48 67 95
rect:597 52 109 94 34
rect:52 148 97 76 34
rect:352 183 84 105 35
rect:306 391 81 32 34
rect:271 238 41 33 34
Izmit1999_15.jpg 0x0
rect:107 132 230 461 42
Izmit1999_16.jpg 0x0
rect:77 82 341 408 33
rect:149 145 45 134 40
rect:132 127 197 155 41
rect:107 68 255 228 39
Izmit1999_17.jpg 0x0
rect:84 113 195 319 41
Izmit1999_18.jpg 0x0
rect:125 172 187 189 39
rect:148 223 103 158 41
Izmit1999_19.jpg 0x0
rect:279 108 226 235 32
rect:458 134 25 104 50
rect:331 189 26 79 50
rect:220 97 237 266 96
Kobe1995_01.jpg 0x0
rect:26 120 666 148 63
Kobe1995_02.jpg 0x0
rect:2 59 523 466 68
Kobe1995_03.jpg 0x0
rect:43 74 339 632 10
Kobe1995_04.jpg 0x0
rect:431 292 68 37 41
Kobe1995_05.jpg 0x0
rect:147 163 146 367 52
rect:40 357 562 76 78
rect:328 189 164 555 40
rect:66 686 401 134 78
rect:4 126 141 408 40
Kobe1995_06.jpg 0x0
rect:55 116 285 468 41
rect:225 466 321 326 42
Kobe1995_07.jpg 0x0
rect:568 308 49 33 39
rect:430 360 43 37 39
rect:289 123 29 43 39
rect:166 249 39 28 39
rect:256 289 31 43 39
rect:236 448 32 37 39
rect:314 374 34 37 39
rect:147 114 44 40 39
rect:321 379 31 51 39
rect:151 521 41 30 39
rect:186 389 31 32 39
rect:165 276 31 37 39
rect:51 268 40 61 39
rect:136 202 31 31 39
rect:243 525 30 44 39
rect:129 240 42 25 39
rect:46 374 50 25 39
rect:380 188 53 49 39
rect:209 211 43 20 39
rect:332 251 30 47 39
rect:290 388 41 34 39
rect:187 197 45 41 39
rect:533 212 54 31 39
rect:434 381 24 43 39
rect:315 147 30 29 39
rect:116 222 36 48 39
Kobe1995_08.jpg 0x0
rect:388 58 377 223 97
Kobe1995_09.jpg 0x0
rect:122 713 87 79 88
rect:245 662 261 105 97
rect:125 384 58 66 88
rect:73 578 61 61 88
SanSalvador_1986_01.jpg 0x0
rect:85 3 111 276 68
rect:251 126 107 166 41
SanSalvador_1986_02.jpg 0x0
rect:469 213 34 39 41
rect:437 139 12 22 41
rect:499 202 41 47 42
rect:516 270 34 38 41
rect:370 340 28 33 41
rect:169 158 26 38 41
rect:225 204 59 44 41
rect:121 166 26 42 41
rect:129 369 40 30 41
SikkimIndia2001_01.jpg 0x0
rect:163 209 175 155 34
SikkimIndia2001_02.jpg 0x0
rect:313 129 99 132 33
rect:316 202 89 48 16
rect:11 162 62 37 54
rect:540 251 76 16 16
rect:12 6 433 95 16
rect:-15 2 424 106 33
rect:185 59 232 277 33
rect:356 103 95 27 16
SikkimIndia2001_03.jpg 0x0
rect:220 10 208 612 98
rect:181 169 100 128 70
rect:154 72 51 185 69
SikkimIndia2001_04.jpg 0x0
rect:3 29 185 261 99
rect:222 207 108 171 34
rect:374 209 190 96 99
SumatraInd2009_01.jpg 0x0
rect:289 25 61 251 81
SumatraInd2009_02.jpg 0x0
rect:143 72 240 168 41
WhittierNarrows1987_01.jpg 0x0
rect:15 35 996 430 10
WhittierNarrows1987_02.jpg 0x0
rect:212 348 112 200 41
WhittierNarrows1987_03.jpg 0x0
rect:301 142 205 218 32
WhittierNarrows1987_04.jpg 0x0
rect:334 13 304 144 100
rect:279 55 68 253 41
rect:190 8 284 94 6
YogyakartaInd2006_01.jpg 0x0
rect:150 -19 525 602 29
rect:325 35 362 230 32
rect:222 109 253 65 49
YogyakartaInd2006_02.jpg 0x0
rect:265 132 59 152 69
rect:358 67 154 473 98
rect:353 71 95 210 70
