Anchorage1964_01.jpg 0x0
rect:70 333 264 173 1
rect:115 8 245 183 1
Anchorage1964_02.jpg 0x0
rect:564 355 15 70 3
rect:377 334 29 73 3
rect:76 35 89 12 6
rect:191 55 120 68 4
rect:119 111 81 38 7
rect:253 226 27 69 3
rect:35 26 173 42 5
rect:205 38 294 85 4
rect:530 245 16 55 3
rect:149 251 70 21 6
rect:152 173 373 94 2
rect:571 147 93 76 4
rect:301 330 32 48 3
rect:34 201 185 37 5
rect:417 70 124 101 8
rect:81 161 30 21 6
rect:207 295 27 55 3
rect:557 223 16 53 3
rect:281 200 22 63 3
Anchorage1964_03.jpg 0x0
rect:0 258 670 73 10
rect:238 68 273 146 9
rect:2 204 272 65 9
Anchorage1964_04.jpg 0x0
rect:366 354 8 1 1
rect:243 39 35 18 5
rect:285 395 25 13 5
rect:306 349 26 17 5
rect:275 173 40 12 5
rect:350 440 31 21 5
rect:262 150 23 23 5
rect:354 93 37 13 5
rect:211 131 30 13 5
rect:167 80 34 15 5
rect:202 68 38 19 5
rect:128 249 27 15 5
rect:221 192 35 20 5
rect:215 179 30 13 5
rect:349 370 20 21 1
rect:274 67 32 15 5
rect:203 88 14 31 1
rect:318 345 10 26 1
rect:327 356 27 21 1
rect:316 229 22 31 1
rect:184 27 32 17 5
rect:227 174 18 25 1
rect:171 427 31 19 5
rect:268 214 38 18 5
rect:119 194 25 16 5
rect:444 391 33 21 5
rect:242 549 66 14 2
rect:426 353 27 26 5
rect:319 245 17 21 1
rect:198 337 21 30 8
rect:136 403 42 14 5
rect:241 524 24 19 5
rect:306 124 13 24 1
rect:365 212 18 16 1
rect:196 449 29 25 5
rect:327 330 17 37 1
rect:159 207 25 16 5
rect:369 225 23 16 5
rect:360 421 28 35 1
Anchorage1964_05.jpg 0x0
rect:616 292 53 24 6
rect:368 298 50 58 1
rect:254 47 120 36 6
rect:552 231 34 69 1
rect:92 21 20 47 1
rect:44 329 26 50 1
rect:564 171 39 80 1
rect:595 21 46 58 1
rect:42 556 30 69 1
rect:364 228 38 25 11
rect:74 145 12 42 1
rect:293 252 47 71 8
rect:68 274 23 34 1
rect:789 254 50 16 6
rect:196 178 155 52 6
rect:386 84 34 62 1
rect:82 58 22 57 1
rect:329 1 52 61 1
rect:183 34 85 23 5
rect:66 221 26 38 1
rect:327 141 180 99 2
rect:681 411 52 76 8
rect:63 252 19 36 1
rect:393 180 17 16 11
rect:218 163 129 22 5
rect:511 271 51 42 5
rect:466 80 30 76 1
rect:81 87 15 39 1
rect:479 280 68 27 5
Anchorage1964_06.jpg 0x0
rect:136 70 283 375 12
rect:206 182 114 307 3
rect:200 276 93 98 11
Anchorage1964_07.jpg 0x0
rect:9 65 636 415 2
rect:191 2 138 45 2
rect:373 177 48 116 13
rect:241 192 366 211 2
rect:16 178 237 32 11
rect:201 132 123 139 11
rect:431 234 72 87 11
rect:6 296 302 36 14
rect:394 167 51 167 3
Anchorage1964_08.jpg 0x0
rect:266 305 94 121 1
rect:47 340 72 91 1
rect:41 614 125 139 1
rect:390 423 140 161 1
rect:296 33 131 110 1
rect:45 69 160 131 1
Anchorage1964_09.jpg 0x0
rect:14 95 100 16 15
rect:422 131 62 81 1
rect:115 170 51 84 1
rect:750 86 175 16 15
rect:133 217 50 86 8
rect:618 172 71 57 1
rect:668 194 87 73 8
rect:63 139 74 13 16
rect:198 109 359 11 15
rect:11 154 15 12 16
rect:17 21 60 16 16
rect:116 29 82 73 8
rect:300 171 52 87 1
rect:444 11 119 11 16
rect:586 106 126 28 15
rect:572 24 102 72 8
rect:13 16 535 14 15
rect:561 10 221 10 15
rect:701 226 1 1 16
Anchorage1964_10.jpg 0x0
rect:65 207 328 318 1
rect:116 152 148 68 18
rect:239 313 72 112 17
rect:63 429 298 137 18
Anchorage1964_11.jpg 0x0
rect:249 195 428 16 15
rect:607 134 106 75 1
rect:118 61 161 80 4
rect:374 181 221 40 11
rect:105 231 642 56 2
rect:82 616 620 14 14
rect:81 327 661 23 14
rect:622 6 129 48 1
Anchorage1964_12.jpg 0x0
rect:14 72 765 264 2
rect:223 216 36 125 3
rect:456 67 34 198 3
rect:342 104 66 256 3
rect:381 64 172 131 11
Anchorage1964_13.jpg 0x0
rect:267 495 127 19 2
rect:265 615 137 11 19
rect:317 515 23 169 20
Anchorage1964_14.jpg 0x0
rect:117 651 45 54 22
rect:223 246 72 86 21
rect:232 9 71 157 11
rect:197 9 128 567 20
rect:256 256 168 61 15
rect:106 550 31 87 22
rect:20 474 20 51 22
rect:384 530 121 90 23
rect:107 291 162 34 15
rect:437 5 74 144 11
rect:13 700 181 87 11
rect:54 693 34 65 22
Anchorage1964_15.jpg 0x0
rect:392 10 87 66 4
rect:188 9 73 63 4
rect:503 279 103 36 11
rect:189 334 116 42 15
rect:277 131 48 78 25
rect:208 161 46 53 11
rect:307 372 203 72 2
rect:514 258 108 43 24
rect:154 51 81 576 20
Anchorage1964_16.jpg 0x0
rect:171 102 221 103 2
rect:11 123 204 183 2
rect:12 320 79 97 2
rect:106 430 58 91 11
rect:149 194 356 272 11
rect:332 208 190 200 2
Anchorage1964_17.jpg 0x0
rect:377 53 284 238 9
rect:9 155 870 162 10
rect:15 144 181 164 9
Anchorage1964_18.jpg 0x0
rect:589 400 30 23 2
rect:386 166 133 72 4
rect:390 129 117 82 4
rect:109 190 69 108 4
rect:149 242 22 51 11
rect:381 386 57 23 2
rect:451 224 37 60 11
rect:811 306 59 22 2
rect:281 240 334 26 15
rect:170 403 75 61 11
Anchorage1964_19.jpg 0x0
rect:406 99 34 31 27
rect:5 208 77 196 26
rect:316 70 49 55 26
rect:29 190 43 94 27
rect:415 122 19 48 29
rect:389 82 28 25 26
rect:664 106 33 46 28
rect:447 200 15 50 26
rect:387 102 43 100 29
rect:477 201 10 23 26
rect:330 281 16 24 26
rect:383 253 62 87 26
rect:561 133 7 11 26
rect:322 128 22 43 26
rect:491 182 8 12 26
rect:907 149 8 7 26
rect:345 81 79 128 29
rect:611 285 45 35 28
Anchorage1964_20.jpg 0x0
rect:221 431 69 179 26
rect:235 90 109 84 26
rect:214 93 103 184 29
rect:431 359 36 58 26
rect:247 133 98 35 27
Anchorage1964_21.jpg 0x0
rect:40 343 26 33 26
rect:201 200 527 165 30
rect:-7 86 104 146 29
rect:2 110 46 41 26
Bingol2003_01.jpg 0x0
rect:456 442 127 51 6
rect:199 241 65 54 33
rect:766 220 87 66 33
rect:484 218 43 145 34
rect:386 417 53 260 32
rect:657 379 152 120 31
rect:2 376 874 294 10
rect:482 369 49 62 34
rect:363 88 73 81 6
rect:506 172 43 56 6
rect:607 363 103 48 6
rect:749 573 71 42 33
rect:453 476 124 83 6
rect:27 212 76 62 33
rect:295 86 54 35 6
rect:211 241 77 58 33
rect:503 136 95 101 6
rect:592 108 131 231 31
rect:990 343 106 66 33
Bingol2003_02.jpg 0x0
rect:284 167 731 346 31
rect:142 68 426 176 34
rect:369 301 98 102 6
rect:91 504 115 262 32
rect:630 332 82 96 26
rect:650 77 144 60 36
rect:536 208 453 153 35
rect:158 348 75 323 32
Bingol2003_03.jpg 0x0
rect:854 433 268 292 2
rect:574 175 329 622 4
rect:681 -6 205 203 4
rect:513 230 192 71 11
rect:98 42 128 87 33
rect:324 179 311 191 2
rect:106 18 193 36 2
Bingol2003_04.jpg 0x0
rect:275 234 114 141 4
rect:191 538 276 210 2
rect:138 384 22 69 3
rect:134 584 32 65 3
rect:94 579 87 84 2
rect:106 585 29 83 3
rect:226 335 36 133 3
rect:283 748 94 64 2
CanterburyNZSeries2010_01.jpg 0x0
rect:100 138 89 201 12
CanterburyNZSeries2010_02.jpg 0x0
rect:41 8 218 304 37
rect:53 60 121 188 6
CanterburyNZSeries2010_03.jpg 0x0
rect:58 87 347 102 38
CanterburyNZSeries2010_04.jpg 0x0
rect:349 278 31 46 40
rect:242 493 26 96 40
rect:453 527 13 47 40
rect:411 342 37 151 40
rect:287 11 81 177 42
rect:239 306 86 197 41
rect:320 301 27 147 40
rect:168 289 170 443 39
CanterburyNZSeries2010_05.jpg 0x0
rect:404 256 179 298 4
rect:332 174 122 76 15
CanterburyNZSeries2010_06.jpg 0x0
rect:238 178 305 130 2
rect:58 109 798 701 4
CanterburyNZSeries2010_08.jpg 0x0
rect:871 504 130 108 44
rect:610 642 28 198 32
rect:485 169 145 202 43
rect:1077 551 70 93 44
CanterburyNZSeries2010_09.jpg 0x0
rect:263 161 228 229 45
rect:331 270 218 333 39
CanterburyNZSeries2010_10.jpg 0x0
rect:280 126 211 119 7
rect:287 228 181 65 46
rect:297 579 326 79 6
rect:299 172 449 207 6
CanterburyNZSeries2010_11.jpg 0x0
rect:316 222 210 123 7
rect:376 243 247 209 5
CanterburyNZSeries2010_12.jpg 0x0
rect:54 234 790 220 2
rect:491 622 226 80 11
rect:5 230 1102 364 47
rect:179 349 106 43 11
CanterburyNZSeries2010_13.jpg 0x0
rect:162 16 396 893 12
rect:292 178 129 404 11
Caracas1967_01.jpg 0x0
rect:391 164 95 79 48
rect:265 215 51 99 48
rect:587 54 135 260 48
rect:285 167 11 71 48
Caracas1967_02.jpg 0x0
rect:101 330 52 47 50
rect:164 272 265 374 51
rect:270 1 151 178 15
rect:118 489 33 45 49
Caracas1967_03.jpg 0x0
rect:196 84 82 109 14
rect:211 338 80 89 26
rect:314 344 36 48 27
rect:17 424 177 101 6
rect:439 327 36 104 27
rect:324 327 153 118 34
Caracas1967_04.jpg 0x0
rect:150 351 20 107 27
rect:158 341 43 111 26
rect:152 351 124 143 34
Caracas1967_05.jpg 0x0
rect:46 135 314 549 41
rect:333 231 48 130 40
rect:143 440 48 182 40
rect:293 259 52 239 40
rect:75 399 281 164 52
rect:41 87 512 679 48
rect:127 371 39 244 40
rect:285 218 170 195 52
rect:323 237 48 223 40
rect:61 263 88 218 40
Caracas1967_06.jpg 0x0
rect:338 244 78 64 6
rect:263 72 260 229 7
Caracas1967_07.jpg 0x0
rect:342 378 107 78 53
rect:527 287 98 346 34
rect:304 8 116 210 34
rect:408 53 26 231 27
rect:195 106 203 265 34
rect:145 137 35 250 27
rect:361 292 126 93 53
Caracas1967_08.jpg 0x0
rect:273 396 50 120 54
rect:154 325 51 82 55
rect:317 180 91 161 54
Caracas1967_09.jpg 0x0
rect:344 13 267 160 48
rect:22 313 43 41 48
rect:62 171 79 50 48
rect:221 210 94 60 48
Caracas1967_10.jpg 0x0
rect:36 220 297 261 41
rect:19 190 560 422 48
rect:413 238 81 126 40
rect:406 227 104 127 40
Caracas1967_11.jpg 0x0
rect:266 14 214 323 41
rect:74 272 215 442 41
rect:54 14 356 577 48
Caracas1967_12.jpg 0x0
rect:526 361 24 52 32
rect:600 213 21 42 32
rect:484 247 44 57 34
rect:213 348 28 33 56
Caracas1967_13.jpg 0x0
rect:197 307 173 253 55
Caracas1967_14.jpg 0x0
rect:158 86 686 183 57
rect:133 391 367 53 6
Chichi1999_01.jpg 0x0
rect:347 105 49 267 42
rect:4 9 556 210 58
Chichi1999_02.jpg 0x0
rect:275 91 200 410 59
rect:6 100 286 169 58
Chichi1999_03.jpg 0x0
rect:0 195 826 152 58
rect:88 148 56 78 60
Chichi1999_04.jpg 0x0
rect:259 262 83 348 48
rect:232 303 25 60 52
rect:161 -17 55 137 48
Chichi1999_05.jpg 0x0
rect:346 143 48 49 41
rect:326 328 36 42 41
rect:326 155 115 249 48
rect:258 163 36 85 52
Chichi1999_06.jpg 0x0
rect:641 165 52 59 41
rect:251 139 74 67 62
rect:717 -13 58 61 61
rect:307 224 17 24 52
rect:110 13 538 223 10
rect:331 225 35 97 48
Chichi1999_07.jpg 0x0
rect:356 242 23 26 64
rect:139 182 20 38 64
rect:425 261 33 81 48
rect:422 178 33 98 48
rect:496 228 17 16 64
rect:72 164 627 161 63
rect:124 142 49 122 48
Chichi1999_08.jpg 0x0
rect:107 13 553 391 10
Chichi1999_09.jpg 0x0
rect:166 88 174 139 48
rect:251 100 38 73 40
rect:297 87 67 88 40
rect:270 120 142 72 41
Chichi1999_10.jpg 0x0
rect:139 17 609 399 10
Chichi1999_11.jpg 0x0
rect:125 203 89 87 65
rect:2 135 210 450 10
Chichi1999_12.jpg 0x0
rect:11 30 309 764 66
Chichi1999_13.jpg 0x0
rect:24 35 664 295 10
Chichi1999_14.jpg 0x0
rect:110 199 33 70 67
rect:284 442 100 92 67
rect:276 277 14 55 67
rect:207 353 24 48 67
rect:146 382 30 39 67
rect:296 652 28 26 39
rect:181 361 26 43 67
rect:211 466 24 27 39
rect:79 400 45 47 67
rect:164 167 97 42 67
rect:236 392 34 63 67
rect:119 303 70 55 67
rect:390 336 38 36 39
rect:150 378 49 64 67
rect:77 451 52 42 67
rect:327 397 26 27 39
rect:453 481 49 36 67
Chichi1999_15.jpg 0x0
rect:335 24 293 451 41
Chichi1999_16.jpg 0x0
rect:161 123 61 97 32
Chichi1999_17.jpg 0x0
rect:145 443 21 44 32
Chichi1999_18.jpg 0x0
rect:267 415 36 130 70
rect:294 316 31 156 69
rect:120 218 156 563 68
rect:352 233 32 135 69
rect:164 298 19 140 69
rect:208 231 43 85 69
Chichi1999_19.jpg 0x0
rect:252 22 282 281 2
rect:293 135 169 289 3
YogyakartaInd2006_03.jpg 0x0
rect:207 446 59 22 16
rect:219 359 241 162 71
rect:325 188 20 7 16
rect:310 95 88 44 16
rect:252 62 114 77 15
rect:216 22 120 2 15
rect:173 104 56 33 15
rect:204 545 185 37 15
Chichi1999_20.jpg 0x0
rect:123 245 105 347 42
rect:191 343 61 159 41
Chichi1999_21.jpg 0x0
rect:294 7 116 89 57
rect:228 328 76 162 6
rect:16 4 273 127 30
rect:460 104 161 117 6
rect:380 40 305 190 37
rect:83 489 149 78 5
rect:250 396 203 198 37
rect:259 79 230 301 72
Chichi1999_22.jpg 0x0
rect:187 241 14 16 73
rect:265 201 396 166 10
rect:303 318 13 20 73
rect:335 219 18 20 73
Chichi1999_23.jpg 0x0
rect:149 151 77 61 73
rect:336 243 30 25 27
rect:364 160 46 71 73
rect:292 298 97 107 73
rect:118 241 41 83 34
rect:125 256 40 118 73
rect:319 158 31 27 26
rect:152 186 27 33 34
rect:323 410 45 71 34
rect:4 61 526 195 74
Chichi1999_24.jpg 0x0
rect:170 127 102 99 75
rect:167 229 86 60 34
rect:396 262 1 2 46
rect:166 188 43 54 46
rect:3 377 396 201 74
Chichi1999_25.jpg 0x0
rect:137 248 234 282 73
rect:171 292 53 73 26
rect:156 172 148 265 34
Chichi1999_26.jpg 0x0
rect:299 16 54 29 73
rect:167 137 56 111 73
rect:126 390 133 124 27
rect:266 216 128 401 76
rect:161 666 57 74 26
rect:102 397 126 108 73
Chichi1999_27.jpg 0x0
rect:203 287 116 262 32
Chichi1999_28.jpg 0x0
rect:181 294 226 108 77
rect:345 106 192 215 75
rect:23 85 342 157 6
rect:160 132 157 260 5
Chichi1999_29.jpg 0x0
rect:194 204 90 196 52
rect:179 154 174 217 48
rect:191 219 117 175 40
Chichi1999_30.jpg 0x0
rect:215 263 212 77 78
rect:27 270 78 112 73
rect:246 92 244 218 40
rect:178 133 191 64 52
Chichi1999_31.jpg 0x0
rect:194 117 156 290 79
rect:596 112 40 148 48
Chichi1999_32.jpg 0x0
rect:117 8 94 292 80
rect:125 146 40 160 81
rect:525 130 65 166 39
rect:210 56 32 195 81
Chichi1999_33.jpg 0x0
rect:57 82 128 418 33
rect:115 176 44 121 49
rect:122 79 97 175 32
rect:295 94 141 232 32
rect:326 134 80 267 56
rect:302 186 27 151 49
Chichi1999_34.jpg 0x0
rect:133 94 513 429 10
Duzce1999_01.jpg 0x0
rect:136 41 120 379 39
rect:167 169 102 140 41
Duzce1999_02.jpg 0x0
rect:73 53 177 426 41
Duzce1999_03.jpg 0x0
rect:0 214 101 315 31
rect:284 125 73 279 31
rect:122 84 131 188 42
Gediz1970_01.jpg 0x0
rect:128 125 301 725 68
rect:92 414 133 260 69
rect:190 536 69 149 69
Guatemala1976_01.jpg 0x0
rect:57 227 37 42 41
rect:492 119 130 135 48
rect:33 190 130 148 48
rect:546 122 62 80 41
rect:24 105 819 195 82
rect:52 154 65 48 52
Guatemala1976_02.jpg 0x0
rect:304 82 85 123 40
rect:219 65 323 292 48
Guatemala1976_03.jpg 0x0
rect:19 94 964 268 75
Guatemala1976_04.jpg 0x0
rect:110 31 378 97 30
rect:44 70 630 243 30
rect:419 259 98 191 4
rect:639 157 109 420 4
Guatemala1976_05.jpg 0x0
rect:143 139 335 101 41
rect:146 114 391 151 40
rect:154 84 309 286 48
Guatemala1976_06.jpg 0x0
rect:113 116 267 575 39
Guatemala1976_07.jpg 0x0
rect:33 223 48 76 6
rect:19 230 350 427 10
rect:307 709 125 73 83
Guatemala1976_08.jpg 0x0
rect:247 98 201 257 40
rect:174 32 402 366 48
rect:215 71 263 260 41
Guatemala1976_09.jpg 0x0
rect:556 237 57 59 85
rect:149 174 69 51 85
rect:117 324 44 27 85
rect:233 199 93 25 85
rect:191 310 50 20 84
rect:255 357 60 61 84
rect:782 343 57 67 84
rect:77 244 33 24 84
Guatemala1976_10.jpg 0x0
rect:341 304 50 104 87
rect:233 119 291 124 87
rect:159 173 164 278 86
Guatemala1976_11.jpg 0x0
rect:153 271 126 237 34
GujaratIndia2001_01.jpg 0x0
rect:262 487 46 62 11
rect:32 260 151 185 4
rect:92 598 83 35 2
rect:168 394 237 72 2
Haiti2010_01.jpg 0x0
rect:262 158 140 357 41
rect:145 60 162 119 7
rect:428 365 178 288 4
rect:221 360 28 111 40
rect:388 320 107 92 4
Haiti2010_02.jpg 0x0
rect:44 125 584 255 88
rect:352 36 135 58 14
Haiti2010_03.jpg 0x0
rect:236 409 70 53 49
rect:355 1 64 610 32
rect:169 261 199 237 32
rect:198 759 176 249 89
Haiti2010_04.jpg 0x0
rect:145 357 296 448 41
rect:274 50 183 203 34
rect:2 196 220 205 6
Haiti2010_05.jpg 0x0
rect:323 257 22 117 40
rect:272 149 242 361 90
rect:322 198 161 86 52
rect:430 279 31 90 40
Haiti2010_06.jpg 0x0
rect:209 342 39 56 34
rect:233 279 267 359 91
rect:446 197 53 104 34
rect:550 224 529 540 91
rect:332 172 93 42 6
rect:509 249 90 287 32
rect:409 197 250 275 33
ImperialValley1979_01.jpg 0x0
rect:355 328 34 70 50
rect:516 337 32 31 32
rect:618 337 27 27 49
rect:15 367 181 98 32
rect:303 313 33 25 49
rect:562 324 39 27 32
rect:44 360 94 141 50
rect:431 406 41 38 32
rect:10 388 52 65 49
rect:312 332 37 31 50
rect:582 339 21 14 49
ImperialValley1979_02.jpg 0x0
rect:209 124 75 193 50
rect:319 140 92 144 50
rect:327 166 42 119 50
rect:222 160 336 78 92
rect:238 222 101 39 49
rect:263 84 173 219 32
ImperialValley1979_03.jpg 0x0
rect:221 433 114 101 50
rect:117 293 315 34 92
rect:138 154 159 124 32
rect:265 306 87 163 50
rect:111 350 155 169 32
rect:117 430 193 47 92
rect:125 308 71 183 50
Izmit1999_01.jpg 0x0
rect:281 90 69 222 27
rect:294 190 49 118 27
rect:204 87 380 368 34
rect:615 355 53 85 26
rect:300 128 30 144 27
Izmit1999_02.jpg 0x0
rect:30 105 720 282 10
Izmit1999_03.jpg 0x0
rect:308 59 242 266 32
rect:395 88 39 274 50
rect:123 84 61 306 50
rect:422 117 26 237 50
rect:197 51 522 501 93
rect:489 99 72 345 50
rect:127 263 403 40 92
rect:236 162 33 145 50
Izmit1999_04.jpg 0x0
rect:50 584 59 81 41
rect:433 295 70 86 41
rect:138 500 227 87 88
rect:405 95 87 65 41
rect:52 296 71 56 34
rect:180 280 183 54 88
rect:321 363 28 83 40
rect:84 552 25 75 42
rect:267 359 17 48 40
rect:319 64 86 105 48
Izmit1999_05.jpg 0x0
rect:113 27 707 369 10
Izmit1999_06.jpg 0x0
rect:226 210 52 158 50
rect:158 162 197 441 32
rect:110 247 155 101 49
rect:359 190 34 128 50
rect:88 335 50 249 50
rect:127 282 99 154 50
Izmit1999_07.jpg 0x0
rect:320 74 122 41 6
rect:287 163 49 87 3
rect:29 125 452 712 2
rect:415 164 52 103 3
rect:380 222 121 383 4
rect:189 273 33 124 3
rect:189 286 55 122 3
Izmit1999_08.jpg 0x0
rect:142 484 89 88 45
rect:363 97 54 30 52
rect:447 100 67 99 41
rect:160 21 105 76 34
rect:492 5 78 66 45
rect:199 113 78 94 41
rect:221 236 186 108 88
Izmit1999_09.jpg 0x0
rect:392 323 107 89 41
rect:189 184 33 38 41
rect:425 235 127 112 94
rect:434 182 41 83 94
rect:46 227 37 57 41
rect:614 261 63 85 41
Izmit1999_10.jpg 0x0
rect:166 223 78 253 40
rect:217 631 131 138 40
rect:192 332 44 95 40
rect:46 206 362 43 78
rect:190 112 105 186 40
rect:371 644 58 33 78
rect:182 210 46 139 40
rect:79 146 325 463 41
rect:234 473 99 49 78
rect:51 103 78 170 40
rect:87 443 309 71 78
Izmit1999_11.jpg 0x0
rect:175 243 61 178 40
rect:269 197 70 180 40
rect:245 507 115 156 41
rect:164 199 53 201 40
rect:201 215 94 172 41
Izmit1999_12.jpg 0x0
rect:341 198 62 68 7
rect:36 173 59 94 94
rect:1 294 27 40 41
rect:66 217 76 64 52
rect:666 152 225 170 91
rect:584 211 69 76 41
rect:85 244 33 44 40
rect:227 325 69 106 41
rect:246 408 51 134 52
rect:260 274 71 189 94
rect:136 258 89 84 88
rect:104 74 35 24 6
rect:16 88 50 18 6
rect:374 173 43 150 42
rect:486 121 54 73 41
rect:242 166 52 28 6
rect:526 31 99 66 34
rect:290 133 65 72 45
Izmit1999_13.jpg 0x0
rect:227 84 91 105 41
rect:5 57 102 128 42
rect:121 93 70 42 6
rect:219 179 39 107 41
rect:169 249 118 133 94
rect:282 97 220 324 48
rect:470 222 101 167 41
rect:175 236 25 88 41
rect:179 225 66 59 52
Izmit1999_14.jpg 0x0
rect:429 6 166 97 35
rect:346 32 70 55 95
rect:53 183 143 56 34
rect:352 350 39 26 34
rect:478 198 73 56 34
rect:535 257 54 45 34
rect:598 82 108 65 34
rect:282 175 104 75 35
rect:283 447 50 29 34
Izmit1999_15.jpg 0x0
rect:113 220 284 377 42
Izmit1999_16.jpg 0x0
rect:129 68 305 362 39
rect:126 138 136 117 41
rect:121 68 529 420 33
rect:171 100 38 118 40
Izmit1999_17.jpg 0x0
rect:93 131 159 314 41
Izmit1999_18.jpg 0x0
rect:150 215 133 176 41
rect:134 194 141 291 39
Izmit1999_19.jpg 0x0
rect:268 153 297 268 32
rect:277 97 306 242 96
rect:435 206 25 70 50
rect:536 116 31 116 50
Kobe1995_01.jpg 0x0
rect:22 155 1042 193 63
Kobe1995_02.jpg 0x0
rect:2 74 389 465 68
Kobe1995_03.jpg 0x0
rect:49 49 421 806 10
Kobe1995_04.jpg 0x0
rect:374 385 47 59 41
Kobe1995_05.jpg 0x0
rect:34 335 509 84 78
rect:328 152 191 440 40
rect:3 133 112 644 40
rect:112 621 224 112 78
rect:95 131 242 566 52
Kobe1995_06.jpg 0x0
rect:148 399 240 388 42
rect:69 113 413 367 41
Kobe1995_07.jpg 0x0
rect:256 256 34 36 39
rect:342 214 35 18 39
rect:80 275 41 31 39
rect:138 374 42 34 39
rect:428 338 31 27 39
rect:54 200 51 53 39
rect:255 289 32 51 39
rect:481 197 37 56 39
rect:213 381 23 43 39
rect:144 389 32 36 39
rect:375 160 34 47 39
rect:182 200 46 45 39
rect:357 369 29 34 39
rect:315 270 53 40 39
rect:268 239 36 41 39
rect:204 137 48 28 39
rect:261 460 36 40 39
rect:221 89 26 30 39
rect:161 439 47 35 39
rect:325 522 54 33 39
rect:162 500 31 44 39
rect:469 311 56 39 39
rect:499 435 33 43 39
rect:357 141 42 34 39
rect:230 94 26 39 39
rect:35 242 53 23 39
Kobe1995_08.jpg 0x0
rect:204 46 356 279 97
Kobe1995_09.jpg 0x0
rect:266 750 182 88 97
rect:126 497 93 67 88
rect:105 851 57 95 88
rect:91 396 55 52 88
SanSalvador_1986_01.jpg 0x0
rect:45 3 83 274 68
rect:209 154 139 153 41
SanSalvador_1986_02.jpg 0x0
rect:247 114 13 36 41
rect:155 295 22 49 41
rect:387 268 48 44 41
rect:186 273 37 38 41
rect:418 199 41 28 41
rect:341 175 50 38 41
rect:342 221 43 59 42
rect:131 174 29 39 41
rect:255 261 22 35 41
SikkimIndia2001_01.jpg 0x0
rect:258 205 129 153 34
SikkimIndia2001_02.jpg 0x0
rect:499 130 64 32 16
rect:439 108 121 217 33
rect:-19 2 392 118 33
rect:356 300 89 41 16
rect:523 326 83 14 16
rect:7 5 390 78 16
rect:9 185 53 31 54
rect:169 86 161 454 33
SikkimIndia2001_03.jpg 0x0
rect:174 112 74 226 69
rect:176 11 129 468 98
rect:176 221 79 153 70
SikkimIndia2001_04.jpg 0x0
rect:229 133 80 128 34
rect:3 29 274 290 99
rect:359 175 299 125 99
SumatraInd2009_01.jpg 0x0
rect:294 22 79 386 81
SumatraInd2009_02.jpg 0x0
rect:239 82 163 189 41
WhittierNarrows1987_01.jpg 0x0
rect:16 23 864 371 10
WhittierNarrows1987_02.jpg 0x0
rect:178 283 112 288 41
WhittierNarrows1987_03.jpg 0x0
rect:229 100 121 274 32
WhittierNarrows1987_04.jpg 0x0
rect:270 53 122 280 41
rect:194 11 202 188 100
rect:270 10 393 56 6
YogyakartaInd2006_01.jpg 0x0
rect:184 35 276 222 32
rect:149 -28 329 457 29
rect:250 147 313 73 49
YogyakartaInd2006_02.jpg 0x0
rect:319 126 93 238 70
rect:275 143 54 249 69
rect:247 65 106 309 98
