Anchorage1964_01.jpg 0x0
rect:98 418 168 190 1
rect:106 8 193 212 1
Anchorage1964_02.jpg 0x0
rect:307 250 26 66 3
rect:411 74 130 119 8
rect:64 46 68 15 6
rect:588 181 21 42 3
rect:174 30 334 108 4
rect:132 282 31 16 6
rect:184 120 85 52 7
rect:505 247 66 71 4
rect:222 315 27 47 3
rect:318 218 21 79 3
rect:25 199 140 53 5
rect:258 55 63 101 4
rect:195 345 28 66 3
rect:45 29 181 53 5
rect:184 257 308 131 2
rect:389 245 16 38 3
rect:417 251 29 79 3
rect:126 265 43 14 6
rect:612 315 17 47 3
Anchorage1964_03.jpg 0x0
rect:293 61 287 225 9
rect:2 165 179 67 9
rect:0 210 541 75 10
Anchorage1964_04.jpg 0x0
rect:162 74 27 14 5
rect:195 168 24 19 5
rect:444 455 27 25 5
rect:193 229 32 16 5
rect:117 184 36 13 5
rect:295 296 29 18 5
rect:214 292 24 19 1
rect:216 122 31 14 5
rect:237 243 12 22 1
rect:336 310 21 23 1
rect:113 248 20 19 5
rect:282 145 32 14 5
rect:194 549 39 12 2
rect:369 242 22 27 1
rect:117 391 31 22 5
rect:189 182 28 19 8
rect:182 285 27 11 5
rect:322 292 28 36 1
rect:343 122 21 21 1
rect:252 320 24 15 5
rect:350 159 23 33 1
rect:193 275 14 22 1
rect:361 436 27 18 5
rect:421 193 32 17 5
rect:216 337 9 1 1
rect:123 221 22 14 5
rect:439 263 18 20 5
rect:310 189 43 24 5
rect:136 348 36 17 5
rect:245 82 40 23 5
rect:347 172 11 24 1
rect:277 439 19 25 1
rect:272 23 32 14 5
rect:144 112 27 16 5
rect:305 297 19 34 1
rect:380 451 33 17 5
rect:454 338 26 17 5
rect:264 72 47 14 5
rect:174 31 35 20 5
Anchorage1964_05.jpg 0x0
rect:557 243 46 12 6
rect:81 217 23 54 1
rect:70 295 18 53 1
rect:549 92 36 82 1
rect:701 296 76 30 5
rect:67 185 28 48 1
rect:279 197 25 16 11
rect:483 198 37 20 6
rect:474 58 44 48 1
rect:80 128 17 67 1
rect:232 47 106 47 6
rect:526 255 57 65 1
rect:524 226 37 67 1
rect:156 172 167 41 6
rect:25 564 26 67 1
rect:88 26 20 47 1
rect:257 164 103 72 2
rect:47 53 17 43 1
rect:225 135 107 27 5
rect:798 390 45 25 5
rect:314 215 57 24 11
rect:357 22 44 62 1
rect:381 264 48 91 8
rect:390 331 69 66 1
rect:174 40 83 38 5
rect:290 1 51 40 1
rect:41 363 26 66 1
rect:392 377 45 71 8
rect:54 190 13 39 1
Anchorage1964_06.jpg 0x0
rect:116 160 118 300 3
rect:87 62 187 406 12
rect:223 243 53 111 11
Anchorage1964_07.jpg 0x0
rect:308 330 294 145 2
rect:5 307 351 34 14
rect:297 158 194 183 11
rect:315 100 41 91 3
rect:364 121 60 125 13
rect:474 178 105 70 11
rect:183 2 137 80 2
rect:12 159 340 24 11
rect:8 60 916 294 2
Anchorage1964_08.jpg 0x0
rect:37 208 73 109 1
rect:54 63 121 126 1
rect:261 28 132 79 1
rect:394 434 96 143 1
rect:363 264 87 99 1
rect:40 682 79 107 1
Anchorage1964_09.jpg 0x0
rect:20 133 17 10 16
rect:15 128 108 18 15
rect:309 211 78 92 1
rect:494 179 1 1 16
rect:739 275 90 78 8
rect:513 153 108 30 15
rect:14 18 70 16 16
rect:117 278 76 86 8
rect:213 156 51 62 1
rect:177 121 370 10 15
rect:11 12 468 18 15
rect:502 153 135 17 15
rect:82 176 84 68 1
rect:498 11 119 10 16
rect:419 161 53 93 1
rect:381 27 58 88 8
rect:542 10 368 15 15
rect:97 37 75 57 8
rect:41 178 49 10 16
Anchorage1964_10.jpg 0x0
rect:56 223 326 363 1
rect:222 149 197 77 18
rect:216 239 109 86 17
rect:103 496 406 136 18
Anchorage1964_11.jpg 0x0
rect:365 152 330 31 11
rect:94 444 545 22 14
rect:113 200 535 59 2
rect:73 606 441 15 14
rect:195 185 317 25 15
rect:717 7 98 50 1
rect:180 65 126 127 4
rect:594 88 188 87 1
Anchorage1964_12.jpg 0x0
rect:300 116 41 245 3
rect:438 96 58 262 3
rect:128 163 31 78 3
rect:320 73 161 160 11
rect:9 68 490 273 2
Anchorage1964_13.jpg 0x0
rect:259 471 131 16 19
rect:332 630 137 27 2
rect:448 373 32 190 20
Anchorage1964_14.jpg 0x0
rect:21 788 32 76 22
rect:125 815 34 43 22
rect:252 336 76 107 21
rect:398 744 181 93 23
rect:317 261 157 56 15
rect:35 440 36 76 22
rect:120 705 46 49 22
rect:267 13 60 171 11
rect:10 510 190 74 11
rect:83 260 151 36 15
rect:246 14 88 873 20
rect:336 5 69 124 11
Anchorage1964_15.jpg 0x0
rect:302 290 96 52 11
rect:236 75 88 484 20
rect:306 223 123 36 24
rect:215 158 35 68 25
rect:312 421 236 60 2
rect:256 10 95 44 4
rect:390 11 100 74 4
rect:230 309 197 33 15
rect:284 153 25 48 11
Anchorage1964_16.jpg 0x0
rect:228 153 220 216 11
rect:269 63 220 159 2
rect:14 320 57 83 2
rect:10 88 227 203 2
rect:454 189 121 148 2
rect:68 415 90 129 11
Anchorage1964_17.jpg 0x0
rect:224 58 175 145 9
rect:7 232 639 195 10
rect:9 96 289 144 9
Anchorage1964_18.jpg 0x0
rect:486 204 285 20 15
rect:118 269 86 44 11
rect:585 248 44 16 2
rect:433 296 64 25 2
rect:429 361 30 66 11
rect:124 312 19 41 11
rect:511 272 48 19 2
rect:668 146 89 91 4
rect:468 170 131 105 4
rect:166 188 75 87 4
Anchorage1964_19.jpg 0x0
rect:805 112 9 7 26
rect:555 172 20 44 26
rect:424 182 26 45 28
rect:452 109 45 73 29
rect:487 272 17 31 26
rect:5 308 78 149 26
rect:301 108 57 34 26
rect:208 322 41 56 26
rect:30 280 41 105 27
rect:274 78 22 27 27
rect:268 55 62 157 29
rect:333 206 8 30 26
rect:407 156 48 35 28
rect:492 87 22 20 26
rect:462 112 8 12 26
rect:308 156 17 43 29
rect:662 208 6 13 26
rect:365 197 23 37 26
Anchorage1964_20.jpg 0x0
rect:264 454 93 184 26
rect:124 64 115 137 29
rect:624 519 37 61 26
rect:186 84 99 61 26
rect:255 82 87 63 27
Anchorage1964_21.jpg 0x0
rect:167 138 635 201 30
rect:-6 85 71 184 29
rect:2 84 38 47 26
rect:61 384 33 26 26
Bingol2003_01.jpg 0x0
rect:2 405 1110 201 10
rect:571 448 46 78 34
rect:112 212 54 72 33
rect:282 237 83 66 33
rect:719 104 101 95 6
rect:490 247 50 64 6
rect:510 164 62 104 34
rect:439 331 212 136 31
rect:618 67 82 78 6
rect:22 304 74 55 33
rect:516 421 59 176 32
rect:312 86 79 35 6
rect:805 202 100 87 33
rect:569 79 190 258 31
rect:567 337 106 48 33
rect:954 261 93 70 33
rect:398 577 127 65 6
rect:436 478 110 105 6
rect:514 368 96 58 6
Bingol2003_02.jpg 0x0
rect:121 591 138 255 32
rect:256 303 683 340 31
rect:200 192 102 283 32
rect:836 61 104 87 36
rect:208 81 337 125 34
rect:487 268 307 133 35
rect:467 403 121 78 26
rect:285 309 84 79 6
Bingol2003_03.jpg 0x0
rect:859 434 302 391 2
rect:143 47 148 97 33
rect:113 33 180 30 2
rect:341 250 215 78 11
rect:643 293 299 647 4
rect:329 203 265 174 2
rect:898 -7 348 170 4
Bingol2003_04.jpg 0x0
rect:83 493 20 80 3
rect:262 257 188 236 4
rect:112 633 26 65 3
rect:260 499 51 83 3
rect:62 603 92 72 2
rect:442 715 126 73 2
rect:184 364 31 92 3
rect:124 559 198 123 2
CanterburyNZSeries2010_01.jpg 0x0
rect:103 80 125 344 12
CanterburyNZSeries2010_02.jpg 0x0
rect:53 47 156 266 6
rect:32 7 175 312 37
CanterburyNZSeries2010_03.jpg 0x0
rect:58 56 364 168 38
CanterburyNZSeries2010_04.jpg 0x0
rect:245 282 183 413 39
rect:236 489 67 259 41
rect:266 370 12 73 40
rect:235 417 28 152 40
rect:312 310 46 108 40
rect:304 438 25 44 40
rect:298 297 27 52 40
rect:215 9 103 187 42
CanterburyNZSeries2010_05.jpg 0x0
rect:213 231 172 120 15
rect:236 471 191 469 4
CanterburyNZSeries2010_06.jpg 0x0
rect:47 104 577 543 4
rect:264 306 257 97 2
CanterburyNZSeries2010_08.jpg 0x0
rect:929 470 121 87 44
rect:831 386 68 94 44
rect:691 412 33 121 32
rect:543 107 223 204 43
CanterburyNZSeries2010_09.jpg 0x0
rect:318 153 153 175 45
rect:214 247 160 262 39
CanterburyNZSeries2010_10.jpg 0x0
rect:235 578 194 117 6
rect:404 232 204 155 7
rect:353 365 192 55 46
rect:185 249 350 204 6
CanterburyNZSeries2010_11.jpg 0x0
rect:250 405 331 187 5
rect:268 243 382 153 7
CanterburyNZSeries2010_12.jpg 0x0
rect:228 660 141 42 11
rect:5 334 994 356 47
rect:63 270 985 263 2
rect:538 417 131 62 11
CanterburyNZSeries2010_13.jpg 0x0
rect:111 14 390 831 12
rect:433 137 127 488 11
Caracas1967_01.jpg 0x0
rect:367 158 103 81 48
rect:252 231 45 80 48
rect:471 50 208 199 48
rect:390 190 11 64 48
Caracas1967_02.jpg 0x0
rect:204 181 232 238 51
rect:180 1 120 169 15
rect:96 410 42 50 49
rect:101 320 32 45 50
Caracas1967_03.jpg 0x0
rect:237 79 54 101 14
rect:15 346 220 67 6
rect:269 404 71 93 26
rect:247 402 145 169 34
rect:324 296 38 70 27
rect:320 268 34 88 27
Caracas1967_04.jpg 0x0
rect:99 364 195 168 34
rect:143 348 48 119 26
rect:170 326 15 110 27
Caracas1967_05.jpg 0x0
rect:54 249 82 266 40
rect:112 255 61 291 40
rect:216 234 63 224 40
rect:327 216 43 323 40
rect:324 186 115 191 52
rect:92 384 258 200 52
rect:258 255 44 207 40
rect:28 123 388 643 48
rect:303 198 57 295 40
rect:36 136 240 501 41
Caracas1967_06.jpg 0x0
rect:308 273 55 38 6
rect:382 83 385 275 7
Caracas1967_07.jpg 0x0
rect:222 137 43 183 27
rect:319 264 117 140 53
rect:358 9 106 298 34
rect:165 169 205 237 34
rect:329 360 81 97 53
rect:526 200 98 241 34
rect:491 62 27 165 27
Caracas1967_08.jpg 0x0
rect:242 325 94 118 55
rect:193 214 58 141 54
rect:363 205 85 130 54
Caracas1967_09.jpg 0x0
rect:153 163 102 98 48
rect:26 210 70 44 48
rect:96 281 43 64 48
rect:368 9 265 160 48
Caracas1967_10.jpg 0x0
rect:20 208 405 524 48
rect:360 390 68 222 40
rect:52 153 199 409 41
rect:301 170 94 192 40
Caracas1967_11.jpg 0x0
rect:48 14 284 643 48
rect:366 18 220 225 41
rect:59 229 285 640 41
Caracas1967_12.jpg 0x0
rect:764 291 28 48 32
rect:217 271 35 51 56
rect:469 300 26 48 32
rect:552 302 36 46 34
Caracas1967_13.jpg 0x0
rect:189 328 146 325 55
Caracas1967_14.jpg 0x0
rect:107 138 631 230 57
rect:168 254 354 45 6
Chichi1999_01.jpg 0x0
rect:252 175 65 154 42
rect:4 8 872 149 58
Chichi1999_02.jpg 0x0
rect:357 138 169 288 59
rect:6 92 312 178 58
Chichi1999_03.jpg 0x0
rect:0 166 769 152 58
rect:64 176 84 88 60
Chichi1999_04.jpg 0x0
rect:144 170 74 450 48
rect:186 241 27 51 52
rect:174 -12 39 91 48
Chichi1999_05.jpg 0x0
rect:412 183 26 40 41
rect:278 153 98 227 48
rect:461 231 49 70 52
rect:391 173 35 46 41
Chichi1999_06.jpg 0x0
rect:194 16 574 240 10
rect:482 163 40 57 41
rect:414 147 50 70 62
rect:243 285 17 35 52
rect:455 186 56 113 48
rect:426 -15 71 67 61
Chichi1999_07.jpg 0x0
rect:579 193 48 109 48
rect:324 234 54 98 48
rect:316 229 25 33 64
rect:212 163 25 33 64
rect:60 264 712 154 63
rect:549 300 18 25 64
rect:180 156 62 181 48
Chichi1999_08.jpg 0x0
rect:131 14 598 552 10
Chichi1999_09.jpg 0x0
rect:155 134 97 92 41
rect:214 103 46 96 40
rect:162 57 131 141 48
rect:204 112 69 75 40
Chichi1999_10.jpg 0x0
rect:200 24 454 446 10
Chichi1999_11.jpg 0x0
rect:2 108 192 683 10
rect:143 274 93 114 65
Chichi1999_12.jpg 0x0
rect:10 19 448 483 66
Chichi1999_13.jpg 0x0
rect:38 42 681 286 10
Chichi1999_14.jpg 0x0
rect:243 367 28 24 39
rect:183 346 30 58 67
rect:169 470 37 67 67
rect:161 279 40 51 67
rect:160 427 30 46 67
rect:304 575 71 74 67
rect:331 487 31 32 39
rect:77 431 39 50 67
rect:449 511 43 64 67
rect:385 222 41 54 39
rect:362 446 31 49 39
rect:210 304 19 41 67
rect:113 243 77 44 67
rect:58 437 58 64 67
rect:129 566 30 54 67
rect:116 310 45 55 67
rect:152 310 59 56 67
Chichi1999_15.jpg 0x0
rect:316 30 255 515 41
Chichi1999_16.jpg 0x0
rect:232 103 80 137 32
Chichi1999_17.jpg 0x0
rect:158 442 26 44 32
Chichi1999_18.jpg 0x0
rect:239 254 30 115 69
rect:308 266 43 93 70
rect:181 238 99 308 68
rect:154 292 21 165 69
rect:199 263 25 122 69
rect:128 175 48 102 69
Chichi1999_19.jpg 0x0
rect:222 95 197 299 3
rect:190 16 278 324 2
YogyakartaInd2006_03.jpg 0x0
rect:421 64 156 56 15
rect:264 151 16 7 16
rect:207 284 355 101 71
rect:280 26 118 2 15
rect:329 68 92 28 16
rect:335 533 53 36 16
rect:244 473 242 36 15
rect:270 135 47 38 15
Chichi1999_20.jpg 0x0
rect:232 296 47 170 41
rect:133 193 111 284 42
Chichi1999_21.jpg 0x0
rect:146 364 178 183 37
rect:15 4 157 191 30
rect:312 268 96 98 6
rect:338 78 120 144 6
rect:403 7 100 112 57
rect:69 504 155 84 5
rect:350 38 273 219 37
rect:194 137 274 300 72
Chichi1999_22.jpg 0x0
rect:451 255 15 18 73
rect:275 185 18 19 73
rect:197 194 267 135 10
rect:188 227 10 22 73
Chichi1999_23.jpg 0x0
rect:90 134 51 45 73
rect:123 366 54 83 34
rect:266 153 34 32 26
rect:103 173 24 34 34
rect:5 51 388 142 74
rect:205 207 30 26 27
rect:262 369 75 127 73
rect:270 283 28 68 34
rect:340 178 53 61 73
rect:85 420 40 75 73
Chichi1999_24.jpg 0x0
rect:236 190 40 59 46
rect:3 265 279 212 74
rect:137 213 78 68 34
rect:284 348 1 2 46
rect:167 195 159 101 75
Chichi1999_25.jpg 0x0
rect:249 437 54 54 26
rect:166 256 138 241 73
rect:163 162 120 292 34
Chichi1999_26.jpg 0x0
rect:240 214 49 125 73
rect:298 18 47 25 73
rect:295 267 100 294 76
rect:160 448 83 59 26
rect:167 476 131 116 73
rect:164 485 105 131 27
Chichi1999_27.jpg 0x0
rect:131 297 98 400 32
Chichi1999_28.jpg 0x0
rect:235 246 174 100 77
rect:141 87 188 170 5
rect:387 159 197 172 75
rect:21 67 263 107 6
Chichi1999_29.jpg 0x0
rect:154 193 229 297 48
rect:185 260 117 151 40
rect:229 244 70 171 52
Chichi1999_30.jpg 0x0
rect:226 76 332 278 40
rect:193 263 242 63 78
rect:157 181 188 79 52
rect:32 229 127 152 73
Chichi1999_31.jpg 0x0
rect:452 76 56 153 48
rect:141 68 146 259 79
Chichi1999_32.jpg 0x0
rect:209 7 110 253 80
rect:225 250 38 191 81
rect:546 119 37 245 39
rect:190 54 56 112 81
Chichi1999_33.jpg 0x0
rect:91 81 166 616 33
rect:134 114 46 101 49
rect:127 117 106 236 32
rect:250 78 78 261 56
rect:209 104 121 381 32
rect:202 141 44 86 49
Chichi1999_34.jpg 0x0
rect:96 126 426 289 10
Duzce1999_01.jpg 0x0
rect:122 113 77 155 41
rect:115 63 83 300 39
Duzce1999_02.jpg 0x0
rect:99 43 101 505 41
Duzce1999_03.jpg 0x0
rect:88 94 146 256 42
rect:240 119 106 202 31
rect:0 157 95 257 31
Gediz1970_01.jpg 0x0
rect:140 86 185 478 68
rect:166 400 125 269 69
rect:197 425 74 239 69
Guatemala1976_01.jpg 0x0
rect:581 143 49 56 41
rect:34 188 112 110 48
rect:29 172 539 199 82
rect:349 109 195 144 48
rect:51 183 50 46 52
rect:40 184 60 52 41
Guatemala1976_02.jpg 0x0
rect:151 71 319 200 48
rect:198 68 69 92 40
Guatemala1976_03.jpg 0x0
rect:15 113 725 448 75
Guatemala1976_04.jpg 0x0
rect:653 189 89 234 4
rect:147 31 431 54 30
rect:713 164 141 332 4
rect:42 81 528 305 30
Guatemala1976_05.jpg 0x0
rect:186 101 295 134 40
rect:194 173 218 173 41
rect:155 72 264 434 48
Guatemala1976_06.jpg 0x0
rect:127 105 173 529 39
Guatemala1976_07.jpg 0x0
rect:22 363 46 73 6
rect:30 308 427 290 10
rect:242 498 126 89 83
Guatemala1976_08.jpg 0x0
rect:138 41 304 502 48
rect:294 65 136 307 40
rect:177 76 450 293 41
Guatemala1976_09.jpg 0x0
rect:167 266 70 73 85
rect:147 230 42 27 84
rect:87 216 43 30 85
rect:410 266 80 34 85
rect:757 300 59 63 84
rect:97 290 43 31 84
rect:349 248 55 78 84
rect:694 312 78 48 85
Guatemala1976_10.jpg 0x0
rect:407 486 30 144 87
rect:186 128 309 312 86
rect:261 113 248 130 87
Guatemala1976_11.jpg 0x0
rect:215 169 138 253 34
GujaratIndia2001_01.jpg 0x0
rect:206 577 168 95 2
rect:37 384 192 149 4
rect:74 448 65 40 2
rect:320 586 55 40 11
Haiti2010_01.jpg 0x0
rect:481 191 81 78 4
rect:171 49 92 113 7
rect:380 300 35 113 40
rect:254 155 125 243 41
rect:527 411 254 290 4
Haiti2010_02.jpg 0x0
rect:327 31 152 56 14
rect:56 118 498 197 88
Haiti2010_03.jpg 0x0
rect:276 1 87 639 32
rect:178 746 231 249 89
rect:168 370 62 52 49
rect:227 328 207 210 32
Haiti2010_04.jpg 0x0
rect:2 171 295 156 6
rect:219 44 192 250 34
rect:213 252 247 384 41
Haiti2010_05.jpg 0x0
rect:299 209 346 339 90
rect:187 222 30 98 40
rect:305 254 38 95 40
rect:253 275 239 128 52
Haiti2010_06.jpg 0x0
rect:171 303 351 294 91
rect:407 161 67 303 32
rect:361 131 659 769 91
rect:223 193 42 49 34
rect:422 244 65 34 6
rect:547 146 71 95 34
rect:387 166 139 375 33
ImperialValley1979_01.jpg 0x0
rect:59 342 91 133 50
rect:450 375 62 66 32
rect:459 292 19 12 49
rect:538 365 26 15 49
rect:387 357 36 43 50
rect:286 262 40 79 50
rect:407 249 43 50 32
rect:15 369 109 99 32
rect:543 210 26 38 32
rect:13 472 51 50 49
rect:420 264 41 18 49
ImperialValley1979_02.jpg 0x0
rect:186 92 55 262 50
rect:429 108 98 156 50
rect:238 195 43 126 50
rect:169 95 145 309 32
rect:223 247 127 43 49
rect:126 215 222 77 92
ImperialValley1979_03.jpg 0x0
rect:129 476 266 45 92
rect:313 221 67 157 50
rect:104 291 202 255 32
rect:95 190 114 219 50
rect:83 313 298 37 92
rect:266 234 74 143 50
rect:141 241 202 107 32
Izmit1999_01.jpg 0x0
rect:233 313 38 128 27
rect:474 260 57 67 26
rect:281 69 73 155 27
rect:249 102 56 191 27
rect:164 63 284 312 34
Izmit1999_02.jpg 0x0
rect:33 143 648 234 10
Izmit1999_03.jpg 0x0
rect:475 78 41 250 50
rect:211 127 53 225 50
rect:209 102 75 213 50
rect:200 78 273 349 32
rect:150 32 324 365 93
rect:127 148 357 41 92
rect:584 111 40 362 50
rect:326 103 39 222 50
Izmit1999_04.jpg 0x0
rect:348 404 68 83 41
rect:55 500 86 50 34
rect:379 86 74 78 41
rect:137 353 95 92 88
rect:343 81 102 105 48
rect:491 413 24 49 40
rect:85 430 296 170 88
rect:60 339 71 90 41
rect:411 375 26 62 40
rect:74 427 35 99 42
Izmit1999_05.jpg 0x0
rect:83 26 512 450 10
Izmit1999_06.jpg 0x0
rect:388 315 56 125 50
rect:154 241 74 261 50
rect:129 152 181 353 32
rect:117 208 80 188 50
rect:136 261 188 94 49
rect:212 345 30 160 50
Izmit1999_07.jpg 0x0
rect:119 368 41 166 3
rect:256 304 82 307 4
rect:355 55 116 42 6
rect:29 81 434 637 2
rect:262 268 49 104 3
rect:216 196 41 104 3
rect:443 94 94 95 3
Izmit1999_08.jpg 0x0
rect:158 282 68 95 45
rect:167 105 102 63 41
rect:147 312 268 108 88
rect:184 22 89 90 34
rect:664 59 52 69 41
rect:381 6 98 65 45
rect:691 106 58 22 52
Izmit1999_09.jpg 0x0
rect:40 155 45 57 41
rect:611 205 50 78 94
rect:315 310 102 85 94
rect:297 213 54 34 41
rect:501 238 63 48 41
rect:407 257 114 94 41
Izmit1999_10.jpg 0x0
rect:82 184 63 132 40
rect:332 576 70 142 40
rect:165 489 111 43 78
rect:99 160 353 620 41
rect:103 316 198 48 78
rect:149 263 89 311 40
rect:210 359 49 65 40
rect:55 175 450 47 78
rect:188 103 121 189 40
rect:185 219 63 119 40
rect:205 600 58 35 78
Izmit1999_11.jpg 0x0
rect:158 271 77 179 40
rect:367 329 63 243 40
rect:185 177 63 214 40
rect:161 283 167 197 41
rect:197 445 147 117 41
Izmit1999_12.jpg 0x0
rect:263 86 52 84 45
rect:60 297 50 112 94
rect:1 229 24 32 41
rect:380 171 51 31 6
rect:338 401 72 126 52
rect:47 241 50 51 52
rect:104 340 21 55 40
rect:300 139 36 109 42
rect:452 33 71 59 34
rect:107 222 105 84 88
rect:64 85 29 24 6
rect:471 199 55 47 7
rect:21 69 38 22 6
rect:249 207 86 158 41
rect:228 315 110 122 94
rect:390 188 41 58 41
rect:410 83 40 101 41
rect:389 157 240 184 91
Izmit1999_13.jpg 0x0
rect:318 82 174 300 48
rect:236 308 42 62 41
rect:345 147 98 195 41
rect:157 219 85 103 94
rect:110 182 33 109 41
rect:371 106 91 111 41
rect:145 275 94 75 52
rect:86 124 67 47 6
rect:5 56 119 166 42
Izmit1999_14.jpg 0x0
rect:302 512 37 19 34
rect:421 38 53 78 95
rect:449 156 100 63 35
rect:395 98 111 82 34
rect:301 7 185 62 35
rect:502 272 75 36 34
rect:457 443 75 39 34
rect:219 248 59 40 34
rect:54 108 82 71 34
Izmit1999_15.jpg 0x0
rect:137 189 262 264 42
Izmit1999_16.jpg 0x0
rect:89 66 209 274 39
rect:103 71 483 512 33
rect:146 137 42 108 40
rect:157 100 199 173 41
Izmit1999_17.jpg 0x0
rect:130 92 159 332 41
Izmit1999_18.jpg 0x0
rect:155 186 124 213 39
rect:170 130 118 140 41
Izmit1999_19.jpg 0x0
rect:568 133 33 82 50
rect:229 133 252 200 32
rect:534 183 24 63 50
rect:232 73 210 309 96
Kobe1995_01.jpg 0x0
rect:26 164 1055 186 63
Kobe1995_02.jpg 0x0
rect:2 77 603 594 68
Kobe1995_03.jpg 0x0
rect:39 45 341 769 10
Kobe1995_04.jpg 0x0
rect:385 241 75 53 41
Kobe1995_05.jpg 0x0
rect:146 117 168 602 52
rect:78 562 426 140 78
rect:397 116 140 433 40
rect:3 162 134 549 40
rect:31 294 460 78 78
Kobe1995_06.jpg 0x0
rect:151 311 235 479 42
rect:53 96 437 389 41
Kobe1995_07.jpg 0x0
rect:525 431 42 31 39
rect:256 371 43 31 39
rect:258 153 30 34 39
rect:41 254 50 26 39
rect:211 98 25 26 39
rect:171 84 33 35 39
rect:188 291 41 47 39
rect:272 498 29 32 39
rect:131 305 23 36 39
rect:415 307 36 46 39
rect:366 442 57 44 39
rect:381 277 40 23 39
rect:164 226 41 39 39
rect:56 225 48 35 39
rect:281 185 30 50 39
rect:88 231 47 36 39
rect:447 323 54 33 39
rect:441 107 46 34 39
rect:291 260 37 42 39
rect:170 170 42 31 39
rect:288 388 35 47 39
rect:79 205 24 42 39
rect:443 147 35 53 39
rect:429 429 38 28 39
rect:200 317 30 31 39
rect:298 332 40 29 39
Kobe1995_08.jpg 0x0
rect:216 56 423 269 97
Kobe1995_09.jpg 0x0
rect:270 454 163 104 97
rect:101 686 87 66 88
rect:99 363 75 70 88
rect:110 604 64 76 88
SanSalvador_1986_01.jpg 0x0
rect:226 129 129 160 41
rect:71 3 107 295 68
SanSalvador_1986_02.jpg 0x0
rect:332 188 21 50 41
rect:396 249 51 63 41
rect:442 234 28 40 41
rect:667 219 46 55 42
rect:143 229 23 40 41
rect:354 123 13 29 41
rect:283 178 35 39 41
rect:226 201 33 33 41
rect:195 330 36 31 41
SikkimIndia2001_01.jpg 0x0
rect:256 164 118 100 34
SikkimIndia2001_02.jpg 0x0
rect:12 5 225 92 16
rect:403 297 83 52 16
rect:462 88 68 46 16
rect:-18 2 373 76 33
rect:589 125 152 198 33
rect:208 69 231 446 33
rect:403 258 96 19 16
rect:11 206 46 51 54
SikkimIndia2001_03.jpg 0x0
rect:226 80 79 237 69
rect:246 257 66 155 70
rect:233 13 174 413 98
SikkimIndia2001_04.jpg 0x0
rect:3 37 343 207 99
rect:306 240 345 80 99
rect:219 153 107 184 34
SumatraInd2009_01.jpg 0x0
rect:287 18 54 424 81
SumatraInd2009_02.jpg 0x0
rect:139 90 240 211 41
WhittierNarrows1987_01.jpg 0x0
rect:17 28 674 282 10
WhittierNarrows1987_02.jpg 0x0
rect:214 198 88 208 41
WhittierNarrows1987_03.jpg 0x0
rect:349 158 156 272 32
WhittierNarrows1987_04.jpg 0x0
rect:255 8 317 97 6
rect:237 14 307 177 100
rect:214 69 76 211 41
YogyakartaInd2006_01.jpg 0x0
rect:228 46 336 336 32
rect:121 -25 522 456 29
rect:329 141 260 59 49
YogyakartaInd2006_02.jpg 0x0
rect:439 59 184 314 98
rect:256 135 70 219 69
rect:272 123 82 130 70
