Anchorage1964_01.jpg 0x0
rect:110 5 213 172 1
rect:57 458 269 237 1
Anchorage1964_02.jpg 0x0
rect:218 65 76 91 4
rect:97 163 50 11 6
rect:447 347 15 40 3
rect:23 255 122 47 5
rect:46 27 175 40 5
rect:478 78 161 122 8
rect:173 151 73 58 7
rect:177 214 285 100 2
rect:304 285 30 45 3
rect:314 162 70 66 4
rect:699 316 19 54 3
rect:115 223 22 27 6
rect:468 294 21 60 3
rect:229 297 28 76 3
rect:90 47 74 18 6
rect:420 309 22 61 3
rect:172 41 258 68 4
rect:374 196 29 49 3
rect:233 312 28 48 3
Anchorage1964_03.jpg 0x0
rect:0 223 609 53 10
rect:317 71 332 146 9
rect:2 245 234 67 9
Anchorage1964_04.jpg 0x0
rect:233 143 34 14 5
rect:370 148 41 18 5
rect:147 110 34 17 5
rect:234 79 21 17 5
rect:186 177 38 23 5
rect:375 237 27 17 5
rect:189 551 29 22 5
rect:241 265 23 33 1
rect:209 25 29 17 5
rect:206 315 18 25 8
rect:157 44 27 12 5
rect:267 391 42 19 5
rect:199 136 30 17 5
rect:121 238 33 12 5
rect:132 247 20 24 5
rect:161 200 32 16 5
rect:360 253 16 39 1
rect:287 487 24 25 1
rect:168 194 33 20 5
rect:265 215 13 29 1
rect:261 370 24 25 5
rect:283 31 27 14 5
rect:401 219 35 16 5
rect:341 207 23 21 5
rect:333 344 15 23 1
rect:218 445 35 15 5
rect:136 366 26 18 5
rect:358 418 8 1 1
rect:203 205 15 18 1
rect:252 136 25 39 1
rect:365 192 28 24 5
rect:326 405 20 24 1
rect:381 317 42 16 5
rect:437 44 32 19 5
rect:174 355 62 17 2
rect:175 327 21 20 1
rect:273 314 17 30 1
rect:284 115 14 19 1
rect:318 302 30 15 5
Anchorage1964_05.jpg 0x0
rect:74 186 23 48 1
rect:360 1 38 52 1
rect:694 270 60 30 5
rect:572 108 36 80 1
rect:160 38 83 37 5
rect:79 69 29 47 1
rect:616 205 44 82 1
rect:51 166 12 36 1
rect:66 168 22 60 1
rect:615 269 35 29 6
rect:365 183 104 70 2
rect:342 332 45 74 8
rect:404 239 27 20 11
rect:53 343 20 37 1
rect:385 85 31 67 1
rect:476 447 45 90 8
rect:532 23 45 68 1
rect:359 150 32 26 11
rect:682 173 67 45 5
rect:191 33 71 56 6
rect:94 383 26 67 1
rect:43 428 26 41 1
rect:508 232 35 47 1
rect:598 264 40 57 1
rect:99 118 17 47 1
rect:150 141 118 23 5
rect:127 27 24 28 1
rect:558 448 33 16 6
rect:151 183 168 34 6
Anchorage1964_06.jpg 0x0
rect:183 143 82 344 3
rect:120 185 63 68 11
rect:113 70 197 319 12
Anchorage1964_07.jpg 0x0
rect:304 104 138 105 11
rect:339 311 284 162 2
rect:279 129 55 145 3
rect:471 188 93 75 11
rect:17 265 272 38 11
rect:8 78 873 359 2
rect:297 103 58 119 13
rect:178 2 126 74 2
rect:7 286 331 28 14
Anchorage1964_08.jpg 0x0
rect:366 385 161 161 1
rect:39 470 76 155 1
rect:412 216 121 107 1
rect:36 84 124 121 1
rect:66 399 133 129 1
rect:334 26 88 97 1
Anchorage1964_09.jpg 0x0
rect:113 56 65 85 8
rect:791 9 100 12 16
rect:440 203 46 87 1
rect:633 119 170 17 15
rect:16 112 17 11 16
rect:12 14 298 14 15
rect:47 166 69 10 16
rect:84 170 79 87 1
rect:596 133 69 54 1
rect:718 29 82 55 8
rect:142 171 272 14 15
rect:11 16 64 10 16
rect:397 10 239 14 15
rect:669 231 1 1 16
rect:287 144 70 58 1
rect:83 317 57 63 8
rect:12 138 71 21 15
rect:527 157 103 25 15
rect:410 230 57 63 8
Anchorage1964_10.jpg 0x0
rect:204 323 66 110 17
rect:73 436 232 167 18
rect:207 181 281 58 18
rect:64 197 387 387 1
Anchorage1964_11.jpg 0x0
rect:129 153 591 99 2
rect:83 465 636 15 14
rect:141 76 153 101 4
rect:92 629 513 12 14
rect:643 5 127 41 1
rect:329 240 357 24 11
rect:738 112 189 109 1
rect:170 125 375 21 15
Anchorage1964_12.jpg 0x0
rect:169 180 29 114 3
rect:529 94 36 186 3
rect:11 101 402 319 2
rect:491 63 121 166 11
rect:221 115 58 289 3
Anchorage1964_13.jpg 0x0
rect:438 701 151 13 19
rect:427 430 22 207 20
rect:275 377 162 25 2
Anchorage1964_14.jpg 0x0
rect:322 7 61 159 11
rect:427 565 161 87 23
rect:267 310 87 100 21
rect:200 527 55 46 22
rect:93 337 97 35 15
rect:90 649 40 65 22
rect:8 663 211 71 11
rect:23 775 23 62 22
rect:216 10 61 297 11
rect:452 284 179 59 15
rect:46 462 50 51 22
rect:243 11 112 516 20
Anchorage1964_15.jpg 0x0
rect:426 9 97 48 4
rect:170 133 27 61 11
rect:270 376 269 55 2
rect:153 53 53 506 20
rect:278 189 205 39 15
rect:267 9 53 48 4
rect:279 145 57 101 25
rect:439 311 135 47 24
rect:436 195 160 46 11
Anchorage1964_16.jpg 0x0
rect:267 106 243 150 2
rect:14 375 59 58 2
rect:628 237 159 185 2
rect:11 121 154 194 2
rect:150 183 323 179 11
rect:71 233 90 90 11
Anchorage1964_17.jpg 0x0
rect:8 248 494 231 10
rect:10 107 298 87 9
rect:244 67 203 192 9
Anchorage1964_18.jpg 0x0
rect:647 117 92 96 4
rect:414 370 338 30 15
rect:182 216 90 106 4
rect:536 162 132 65 4
rect:407 261 26 23 2
rect:115 323 100 52 11
rect:412 374 74 24 2
rect:390 300 42 71 11
rect:167 229 15 49 11
rect:600 343 73 15 2
Anchorage1964_19.jpg 0x0
rect:21 251 40 78 27
rect:547 202 15 36 26
rect:417 166 6 19 26
rect:301 91 29 37 26
rect:335 81 21 38 27
rect:538 193 41 43 28
rect:267 59 90 105 29
rect:500 156 6 6 26
rect:447 93 17 43 26
rect:7 181 73 169 26
rect:552 234 7 13 26
rect:249 361 38 65 26
rect:316 278 10 20 26
rect:476 107 40 99 29
rect:288 319 20 48 26
rect:518 95 24 72 29
rect:332 73 60 63 26
rect:646 133 46 24 28
Anchorage1964_20.jpg 0x0
rect:240 110 94 57 26
rect:231 507 73 151 26
rect:200 91 116 183 29
rect:193 111 79 56 27
rect:460 502 50 56 26
Anchorage1964_21.jpg 0x0
rect:-6 70 96 161 29
rect:2 105 55 38 26
rect:128 126 491 150 30
rect:40 307 24 30 26
Bingol2003_01.jpg 0x0
rect:121 265 85 84 33
rect:493 432 36 60 34
rect:708 231 57 66 6
rect:236 140 99 74 33
rect:451 305 186 148 31
rect:582 219 60 162 32
rect:543 489 152 70 6
rect:34 242 89 78 33
rect:310 108 70 30 6
rect:849 216 127 55 33
rect:409 69 200 182 31
rect:1001 373 105 46 33
rect:2 373 918 184 10
rect:488 79 58 90 6
rect:472 419 124 93 6
rect:428 185 45 93 34
rect:586 292 51 59 6
rect:616 110 91 90 6
rect:662 455 66 51 33
Bingol2003_02.jpg 0x0
rect:942 45 99 98 36
rect:188 220 937 435 31
rect:108 591 180 310 32
rect:157 119 522 148 34
rect:124 301 103 248 32
rect:346 446 130 80 26
rect:417 334 60 80 6
rect:493 304 341 145 35
Bingol2003_03.jpg 0x0
rect:460 204 350 128 2
rect:666 223 293 606 4
rect:381 173 254 74 11
rect:575 -10 269 273 4
rect:132 50 92 93 33
rect:779 488 293 396 2
rect:87 24 133 39 2
Bingol2003_04.jpg 0x0
rect:75 529 98 64 2
rect:176 403 50 130 3
rect:193 390 282 152 2
rect:281 334 163 130 4
rect:145 493 30 85 3
rect:92 510 26 60 3
rect:258 495 23 85 3
rect:332 456 153 80 2
CanterburyNZSeries2010_01.jpg 0x0
rect:71 143 96 258 12
CanterburyNZSeries2010_02.jpg 0x0
rect:36 10 155 227 37
rect:65 62 109 257 6
CanterburyNZSeries2010_03.jpg 0x0
rect:41 75 378 108 38
CanterburyNZSeries2010_04.jpg 0x0
rect:230 430 37 89 40
rect:263 375 23 188 40
rect:198 374 108 291 41
rect:287 440 18 62 40
rect:221 192 177 446 39
rect:177 10 91 208 42
rect:369 413 38 164 40
rect:393 316 20 47 40
CanterburyNZSeries2010_05.jpg 0x0
rect:384 253 185 101 15
rect:259 379 245 295 4
CanterburyNZSeries2010_06.jpg 0x0
rect:75 132 853 665 4
rect:281 200 307 89 2
CanterburyNZSeries2010_08.jpg 0x0
rect:729 602 32 203 32
rect:802 465 132 107 44
rect:876 631 69 111 44
rect:476 161 149 222 43
CanterburyNZSeries2010_09.jpg 0x0
rect:342 350 174 286 39
rect:187 102 156 247 45
CanterburyNZSeries2010_10.jpg 0x0
rect:172 290 256 296 6
rect:234 176 322 133 7
rect:301 483 178 134 6
rect:305 322 190 63 46
CanterburyNZSeries2010_11.jpg 0x0
rect:258 371 242 218 5
rect:391 236 336 154 7
CanterburyNZSeries2010_12.jpg 0x0
rect:46 262 583 342 2
rect:6 242 873 310 47
rect:182 608 163 47 11
rect:435 496 122 77 11
CanterburyNZSeries2010_13.jpg 0x0
rect:146 19 393 939 12
rect:309 202 148 509 11
Caracas1967_01.jpg 0x0
rect:384 165 48 113 48
rect:304 63 203 286 48
rect:252 231 11 46 48
rect:255 148 72 70 48
Caracas1967_02.jpg 0x0
rect:135 296 55 61 49
rect:137 515 42 31 50
rect:170 1 112 214 15
rect:193 156 270 322 51
Caracas1967_03.jpg 0x0
rect:317 421 26 77 27
rect:181 291 155 113 34
rect:15 397 252 82 6
rect:207 333 59 66 26
rect:287 58 71 117 14
rect:408 452 35 84 27
Caracas1967_04.jpg 0x0
rect:183 434 221 116 34
rect:126 258 23 67 27
rect:178 407 58 80 26
Caracas1967_05.jpg 0x0
rect:197 252 43 271 40
rect:28 112 518 412 48
rect:109 393 46 188 40
rect:55 143 351 634 41
rect:190 206 112 161 52
rect:64 390 183 206 52
rect:458 184 60 180 40
rect:388 182 35 175 40
rect:211 202 56 182 40
rect:43 344 55 272 40
Caracas1967_06.jpg 0x0
rect:406 78 239 301 7
rect:435 359 86 68 6
Caracas1967_07.jpg 0x0
rect:400 322 81 111 53
rect:259 98 60 174 27
rect:425 37 36 244 27
rect:158 160 140 252 34
rect:286 8 111 225 34
rect:369 493 73 68 53
rect:478 298 177 327 34
Caracas1967_08.jpg 0x0
rect:425 156 76 102 54
rect:258 319 52 114 55
rect:198 387 52 94 54
Caracas1967_09.jpg 0x0
rect:18 160 55 59 48
rect:219 123 66 100 48
rect:532 14 260 145 48
rect:110 230 52 86 48
Caracas1967_10.jpg 0x0
rect:34 256 291 382 41
rect:18 136 321 319 48
rect:534 294 74 174 40
rect:293 272 95 224 40
Caracas1967_11.jpg 0x0
rect:196 11 210 308 41
rect:49 15 509 975 48
rect:64 209 283 530 41
Caracas1967_12.jpg 0x0
rect:272 206 27 55 56
rect:436 250 30 39 34
rect:526 418 19 54 32
rect:541 268 25 38 32
Caracas1967_13.jpg 0x0
rect:124 365 157 204 55
Caracas1967_14.jpg 0x0
rect:148 373 346 43 6
rect:161 148 428 233 57
Chichi1999_01.jpg 0x0
rect:5 7 828 208 58
rect:251 163 42 165 42
Chichi1999_02.jpg 0x0
rect:354 77 264 258 59
rect:7 83 362 127 58
Chichi1999_03.jpg 0x0
rect:0 122 575 156 58
rect:79 184 53 104 60
Chichi1999_04.jpg 0x0
rect:159 186 25 57 52
rect:160 261 98 418 48
rect:190 -19 54 98 48
Chichi1999_05.jpg 0x0
rect:379 105 79 196 48
rect:298 218 30 30 41
rect:271 101 37 38 41
rect:378 182 40 104 52
Chichi1999_06.jpg 0x0
rect:846 161 37 53 41
rect:293 265 18 36 52
rect:223 110 46 77 62
rect:247 191 48 104 48
rect:443 -9 57 57 61
rect:162 17 334 232 10
Chichi1999_07.jpg 0x0
rect:56 216 466 180 63
rect:108 147 61 154 48
rect:511 179 36 37 64
rect:219 151 33 51 64
rect:727 175 19 22 64
rect:726 325 63 84 48
rect:329 264 39 119 48
Chichi1999_08.jpg 0x0
rect:95 13 652 572 10
Chichi1999_09.jpg 0x0
rect:269 82 204 208 48
rect:279 97 144 113 41
rect:293 88 47 69 40
rect:169 129 46 101 40
Chichi1999_10.jpg 0x0
rect:207 21 408 392 10
Chichi1999_11.jpg 0x0
rect:172 190 80 117 65
rect:2 115 177 354 10
Chichi1999_12.jpg 0x0
rect:10 28 523 747 66
Chichi1999_13.jpg 0x0
rect:23 42 543 416 10
Chichi1999_14.jpg 0x0
rect:108 334 51 61 67
rect:205 422 27 48 67
rect:100 339 27 48 67
rect:170 386 34 36 67
rect:322 386 21 28 39
rect:264 177 23 43 67
rect:343 494 19 21 39
rect:125 253 32 58 67
rect:118 412 34 35 67
rect:70 632 55 34 67
rect:171 211 69 37 67
rect:307 290 32 56 39
rect:357 390 33 49 39
rect:323 433 51 59 67
rect:255 301 40 63 67
rect:306 345 38 69 67
rect:96 286 66 71 67
Chichi1999_15.jpg 0x0
rect:189 23 222 317 41
Chichi1999_16.jpg 0x0
rect:206 106 48 106 32
Chichi1999_17.jpg 0x0
rect:135 426 29 34 32
Chichi1999_18.jpg 0x0
rect:122 187 179 459 68
rect:156 229 24 131 69
rect:202 383 25 114 69
rect:236 315 30 93 69
rect:272 297 47 132 70
rect:190 265 23 139 69
Chichi1999_19.jpg 0x0
rect:271 130 160 267 3
rect:199 20 295 415 2
YogyakartaInd2006_03.jpg 0x0
rect:181 559 224 23 15
rect:271 494 46 26 16
rect:347 76 82 42 16
rect:268 31 113 2 15
rect:230 173 26 9 16
rect:429 87 162 54 15
rect:293 366 301 160 71
rect:266 130 84 26 15
Chichi1999_20.jpg 0x0
rect:206 303 54 194 41
rect:156 274 134 237 42
Chichi1999_21.jpg 0x0
rect:509 98 209 86 6
rect:13 4 212 156 30
rect:139 276 214 199 37
rect:313 346 105 130 6
rect:91 388 175 95 5
rect:247 28 202 192 37
rect:166 128 212 246 72
rect:482 7 138 101 57
Chichi1999_22.jpg 0x0
rect:188 301 18 17 73
rect:392 301 16 25 73
rect:173 175 259 160 10
rect:212 261 11 19 73
Chichi1999_23.jpg 0x0
rect:279 147 28 23 26
rect:176 204 31 20 34
rect:300 218 24 21 27
rect:155 330 44 97 34
rect:216 343 30 58 34
rect:4 72 457 149 74
rect:217 209 44 73 73
rect:109 174 66 37 73
rect:318 229 56 107 73
rect:134 264 57 123 73
Chichi1999_24.jpg 0x0
rect:218 350 50 63 34
rect:138 213 98 100 75
rect:304 189 46 53 46
rect:3 331 210 259 74
rect:422 396 1 2 46
Chichi1999_25.jpg 0x0
rect:228 258 57 92 26
rect:205 184 208 265 73
rect:210 166 106 251 34
Chichi1999_26.jpg 0x0
rect:122 549 114 122 27
rect:124 370 134 153 73
rect:183 602 89 62 26
rect:244 321 87 498 76
rect:290 157 49 91 73
rect:271 16 59 39 73
Chichi1999_27.jpg 0x0
rect:196 169 91 444 32
Chichi1999_28.jpg 0x0
rect:221 182 214 125 77
rect:24 48 225 169 6
rect:161 98 190 253 5
rect:308 144 214 164 75
Chichi1999_29.jpg 0x0
rect:208 238 147 211 40
rect:161 268 212 303 48
rect:257 287 103 213 52
Chichi1999_30.jpg 0x0
rect:223 140 186 59 78
rect:277 158 188 57 52
rect:195 99 328 363 40
rect:22 336 92 164 73
Chichi1999_31.jpg 0x0
rect:698 109 46 167 48
rect:196 61 122 336 79
Chichi1999_32.jpg 0x0
rect:201 10 112 427 80
rect:649 140 60 165 39
rect:127 258 26 181 81
rect:157 71 38 177 81
Chichi1999_33.jpg 0x0
rect:133 132 85 187 32
rect:306 181 36 135 49
rect:288 80 113 216 56
rect:57 54 99 626 33
rect:151 165 43 78 49
rect:328 112 109 234 32
Chichi1999_34.jpg 0x0
rect:167 74 279 356 10
Duzce1999_01.jpg 0x0
rect:108 70 90 306 39
rect:116 139 115 169 41
Duzce1999_02.jpg 0x0
rect:96 47 123 370 41
Duzce1999_03.jpg 0x0
rect:275 141 96 200 31
rect:120 76 114 180 42
rect:0 157 127 244 31
Gediz1970_01.jpg 0x0
rect:135 264 89 226 69
rect:194 523 89 232 69
rect:115 139 201 608 68
Guatemala1976_01.jpg 0x0
rect:363 157 51 86 41
rect:423 160 127 107 48
rect:73 258 58 57 52
rect:34 118 91 159 48
rect:39 160 61 50 41
rect:17 141 434 166 82
Guatemala1976_02.jpg 0x0
rect:202 51 69 76 40
rect:235 68 209 283 48
Guatemala1976_03.jpg 0x0
rect:13 106 495 253 75
Guatemala1976_04.jpg 0x0
rect:643 165 169 353 4
rect:462 260 121 250 4
rect:35 62 513 203 30
rect:118 23 491 58 30
Guatemala1976_05.jpg 0x0
rect:266 183 263 167 41
rect:144 155 371 195 40
rect:133 92 337 277 48
Guatemala1976_06.jpg 0x0
rect:140 118 235 532 39
Guatemala1976_07.jpg 0x0
rect:273 402 142 94 83
rect:30 179 555 268 10
rect:30 278 49 60 6
Guatemala1976_08.jpg 0x0
rect:321 76 210 294 40
rect:235 76 324 395 41
rect:215 42 385 322 48
Guatemala1976_09.jpg 0x0
rect:180 280 43 52 85
rect:484 359 43 54 85
rect:100 294 30 35 85
rect:395 232 61 24 85
rect:80 280 41 26 84
rect:351 339 55 58 84
rect:488 255 50 71 84
rect:232 283 39 25 84
Guatemala1976_10.jpg 0x0
rect:398 249 40 116 87
rect:229 151 286 256 86
rect:207 119 208 120 87
Guatemala1976_11.jpg 0x0
rect:234 174 130 181 34
GujaratIndia2001_01.jpg 0x0
rect:326 522 47 46 11
rect:37 394 169 127 4
rect:155 352 204 60 2
rect:81 398 52 46 2
Haiti2010_01.jpg 0x0
rect:351 361 35 112 40
rect:431 424 194 211 4
rect:99 32 141 98 7
rect:620 193 133 132 4
rect:364 141 155 278 41
Haiti2010_02.jpg 0x0
rect:254 35 119 41 14
rect:57 95 362 166 88
Haiti2010_03.jpg 0x0
rect:270 541 80 70 49
rect:192 809 262 205 89
rect:169 312 235 184 32
rect:314 1 47 607 32
Haiti2010_04.jpg 0x0
rect:2 102 214 117 6
rect:185 321 266 416 41
rect:200 61 291 327 34
Haiti2010_05.jpg 0x0
rect:191 182 33 93 40
rect:189 270 230 86 52
rect:263 235 34 65 40
rect:290 151 365 577 90
Haiti2010_06.jpg 0x0
rect:244 321 328 383 91
rect:542 208 61 80 34
rect:466 137 237 343 33
rect:338 268 67 179 32
rect:145 211 50 37 34
rect:660 219 572 813 91
rect:447 219 82 43 6
ImperialValley1979_01.jpg 0x0
rect:64 346 90 89 50
rect:381 347 40 57 50
rect:9 268 172 143 32
rect:604 284 34 30 32
rect:383 302 24 22 49
rect:546 273 16 18 49
rect:14 404 82 52 49
rect:406 432 41 20 49
rect:383 249 55 42 32
rect:235 247 47 52 32
rect:533 257 32 36 50
ImperialValley1979_02.jpg 0x0
rect:192 80 178 210 32
rect:317 141 51 105 50
rect:119 186 316 57 92
rect:297 228 117 36 49
rect:397 124 62 136 50
rect:201 103 79 165 50
ImperialValley1979_03.jpg 0x0
rect:141 140 225 133 32
rect:143 300 268 239 32
rect:90 256 84 228 50
rect:296 370 52 218 50
rect:145 498 338 32 92
rect:199 392 86 168 50
rect:108 348 224 43 92
Izmit1999_01.jpg 0x0
rect:131 62 440 231 34
rect:368 68 56 151 27
rect:238 261 42 93 27
rect:249 152 54 192 27
rect:595 258 67 61 26
Izmit1999_02.jpg 0x0
rect:21 100 530 235 10
Izmit1999_03.jpg 0x0
rect:371 124 36 298 50
rect:374 107 60 291 50
rect:201 35 275 505 93
rect:308 56 310 388 32
rect:458 111 45 160 50
rect:175 117 58 358 50
rect:220 238 393 36 92
rect:255 177 40 188 50
Izmit1999_04.jpg 0x0
rect:55 430 67 79 41
rect:318 433 22 57 40
rect:293 87 68 91 41
rect:93 450 256 148 88
rect:39 276 87 51 34
rect:85 329 42 108 42
rect:154 281 100 51 88
rect:259 47 99 120 48
rect:349 300 19 74 40
rect:383 322 69 86 41
Izmit1999_05.jpg 0x0
rect:87 23 543 429 10
Izmit1999_06.jpg 0x0
rect:176 316 183 58 49
rect:98 175 176 420 32
rect:283 336 33 135 50
rect:96 278 61 170 50
rect:121 262 73 281 50
rect:263 297 52 169 50
Izmit1999_07.jpg 0x0
rect:188 253 66 90 3
rect:292 265 28 129 3
rect:324 166 91 59 3
rect:478 68 103 53 6
rect:198 348 49 162 3
rect:323 264 117 322 4
rect:18 92 488 702 2
Izmit1999_08.jpg 0x0
rect:101 108 108 97 41
rect:173 301 117 106 45
rect:674 109 41 39 52
rect:283 310 155 103 88
rect:381 99 59 67 41
rect:144 29 91 82 34
rect:563 6 110 56 45
Izmit1999_09.jpg 0x0
rect:770 220 70 55 41
rect:724 276 67 98 94
rect:59 209 38 58 41
rect:247 189 84 126 94
rect:421 214 84 77 41
rect:236 146 50 35 41
Izmit1999_10.jpg 0x0
rect:54 234 346 37 78
rect:245 93 171 117 40
rect:80 98 226 362 41
rect:298 560 67 87 40
rect:110 205 101 253 40
rect:126 389 267 48 78
rect:267 482 124 76 40
rect:218 162 75 202 40
rect:170 310 147 40 78
rect:320 532 87 25 78
rect:53 122 76 145 40
Izmit1999_11.jpg 0x0
rect:251 221 172 133 41
rect:216 327 115 122 41
rect:160 250 74 111 40
rect:223 186 71 183 40
rect:238 216 90 215 40
Izmit1999_12.jpg 0x0
rect:371 222 46 26 6
rect:63 277 71 76 94
rect:518 189 65 48 7
rect:298 226 98 145 41
rect:119 81 28 24 6
rect:18 82 38 18 6
rect:330 20 98 53 34
rect:89 327 31 41 40
rect:250 218 51 151 42
rect:1 276 32 29 41
rect:454 116 41 87 41
rect:187 235 101 82 88
rect:47 243 62 64 52
rect:304 288 96 109 94
rect:655 136 158 228 91
rect:451 119 63 86 45
rect:579 188 73 59 41
rect:316 275 47 115 52
Izmit1999_13.jpg 0x0
rect:106 291 40 95 41
rect:203 216 54 82 52
rect:119 214 97 99 94
rect:5 99 117 234 42
rect:309 108 184 402 48
rect:378 199 119 250 41
rect:335 126 59 140 41
rect:99 142 61 39 6
rect:210 310 47 68 41
Izmit1999_14.jpg 0x0
rect:264 449 26 20 34
rect:326 129 117 99 35
rect:468 94 106 93 34
rect:443 7 105 72 35
rect:512 319 73 45 34
rect:190 253 56 42 34
rect:518 59 56 62 95
rect:362 249 59 51 34
rect:41 164 76 69 34
Izmit1999_15.jpg 0x0
rect:178 152 173 406 42
Izmit1999_16.jpg 0x0
rect:95 46 408 453 33
rect:157 74 176 184 41
rect:163 80 233 379 39
rect:205 76 40 119 40
Izmit1999_17.jpg 0x0
rect:103 119 149 209 41
Izmit1999_18.jpg 0x0
rect:122 100 112 207 39
rect:194 210 92 185 41
Izmit1999_19.jpg 0x0
rect:168 126 254 225 32
rect:484 121 26 77 50
rect:252 81 241 386 96
rect:462 202 32 84 50
Kobe1995_01.jpg 0x0
rect:26 107 802 139 63
Kobe1995_02.jpg 0x0
rect:2 47 590 782 68
Kobe1995_03.jpg 0x0
rect:44 63 546 646 10
Kobe1995_04.jpg 0x0
rect:317 306 50 44 41
Kobe1995_05.jpg 0x0
rect:3 170 113 469 40
rect:136 160 227 469 52
rect:226 126 200 335 40
rect:95 399 386 93 78
rect:53 211 298 91 78
Kobe1995_06.jpg 0x0
rect:155 293 344 347 42
rect:43 105 341 377 41
Kobe1995_07.jpg 0x0
rect:223 224 52 38 39
rect:247 300 27 31 39
rect:272 151 32 46 39
rect:191 220 32 52 39
rect:472 98 29 42 39
rect:217 320 40 32 39
rect:278 185 54 54 39
rect:134 238 25 36 39
rect:80 266 27 22 39
rect:247 181 39 49 39
rect:316 365 34 27 39
rect:413 320 42 31 39
rect:514 251 33 46 39
rect:471 166 50 59 39
rect:169 112 42 40 39
rect:191 311 25 51 39
rect:213 449 25 31 39
rect:432 366 24 58 39
rect:122 172 33 34 39
rect:356 190 34 46 39
rect:44 355 42 31 39
rect:197 361 36 45 39
rect:366 315 27 26 39
rect:378 424 37 28 39
rect:400 405 39 37 39
rect:62 273 43 36 39
Kobe1995_08.jpg 0x0
rect:280 52 302 145 97
Kobe1995_09.jpg 0x0
rect:95 635 71 66 88
rect:101 387 50 63 88
rect:156 760 193 80 97
rect:93 524 68 82 88
SanSalvador_1986_01.jpg 0x0
rect:77 3 114 222 68
rect:303 194 95 190 41
SanSalvador_1986_02.jpg 0x0
rect:373 152 51 39 41
rect:391 338 40 55 41
rect:438 151 16 19 41
rect:217 193 33 23 41
rect:190 290 31 39 41
rect:609 196 41 52 42
rect:420 208 42 52 41
rect:166 168 29 33 41
rect:340 229 21 37 41
SikkimIndia2001_01.jpg 0x0
rect:280 119 138 134 34
SikkimIndia2001_02.jpg 0x0
rect:265 284 111 53 16
rect:474 236 67 23 16
rect:138 98 245 492 33
rect:-15 2 382 114 33
rect:542 142 90 28 16
rect:584 89 88 186 33
rect:13 7 433 64 16
rect:8 187 76 59 54
SikkimIndia2001_03.jpg 0x0
rect:161 256 79 166 70
rect:242 13 152 599 98
rect:169 96 96 217 69
SikkimIndia2001_04.jpg 0x0
rect:297 129 124 141 34
rect:3 24 223 357 99
rect:268 221 240 82 99
SumatraInd2009_01.jpg 0x0
rect:247 32 74 223 81
SumatraInd2009_02.jpg 0x0
rect:206 92 169 193 41
WhittierNarrows1987_01.jpg 0x0
rect:17 28 829 355 10
WhittierNarrows1987_02.jpg 0x0
rect:223 242 100 226 41
WhittierNarrows1987_03.jpg 0x0
rect:318 150 182 289 32
WhittierNarrows1987_04.jpg 0x0
rect:338 17 320 115 100
rect:221 8 263 88 6
rect:245 42 113 213 41
YogyakartaInd2006_01.jpg 0x0
rect:187 -29 360 564 29
rect:345 148 353 102 49
rect:205 36 363 262 32
YogyakartaInd2006_02.jpg 0x0
rect:427 84 99 174 70
rect:320 122 40 238 69
rect:256 47 174 541 98
