Anchorage1964_01.jpg 0x0
rect:86 7 212 150 1
rect:101 328 208 278 1
Anchorage1964_02.jpg 0x0
rect:83 162 22 26 6
rect:287 360 22 54 3
rect:580 235 104 65 4
rect:27 173 131 57 5
rect:35 28 198 54 5
rect:369 228 15 73 3
rect:347 342 23 73 3
rect:80 27 104 15 6
rect:100 274 38 18 6
rect:504 75 100 100 8
rect:263 29 274 70 4
rect:278 95 77 68 4
rect:345 344 20 56 3
rect:291 358 33 73 3
rect:567 217 18 67 3
rect:211 278 420 105 2
rect:475 333 25 38 3
rect:250 223 22 80 3
rect:153 113 78 57 7
Anchorage1964_03.jpg 0x0
rect:2 230 241 99 9
rect:0 347 766 81 10
rect:256 107 353 160 9
Anchorage1964_04.jpg 0x0
rect:185 59 25 11 5
rect:459 315 25 19 5
rect:216 528 21 21 1
rect:276 207 20 34 8
rect:231 258 12 15 1
rect:303 115 37 16 5
rect:339 186 14 29 1
rect:190 166 20 21 5
rect:138 184 23 24 5
rect:284 128 13 28 1
rect:424 41 31 24 5
rect:362 320 24 15 5
rect:382 354 35 22 5
rect:291 204 14 20 1
rect:372 428 24 16 5
rect:191 412 37 18 5
rect:401 207 22 21 5
rect:247 341 39 21 2
rect:145 252 36 18 5
rect:271 237 20 22 5
rect:166 429 30 14 5
rect:160 185 26 18 5
rect:119 474 34 14 5
rect:272 152 23 30 1
rect:324 432 10 1 1
rect:339 292 14 29 1
rect:158 24 26 17 5
rect:227 164 21 34 1
rect:137 111 26 16 5
rect:328 392 20 28 1
rect:335 195 35 27 5
rect:166 225 27 19 1
rect:153 375 25 11 5
rect:165 133 36 15 5
rect:449 124 39 18 5
rect:275 393 24 17 5
rect:286 79 27 18 5
rect:319 337 22 23 1
rect:423 230 21 19 5
Anchorage1964_05.jpg 0x0
rect:62 165 20 59 1
rect:44 545 28 51 1
rect:49 226 17 62 1
rect:541 285 56 74 8
rect:401 151 28 64 1
rect:493 1 42 59 1
rect:103 300 21 43 1
rect:374 106 31 69 1
rect:171 36 65 37 5
rect:464 226 50 29 6
rect:633 276 38 12 6
rect:760 352 41 30 5
rect:80 91 31 55 1
rect:215 36 71 36 6
rect:311 248 27 17 11
rect:235 179 143 91 2
rect:87 126 14 40 1
rect:355 258 55 25 11
rect:72 158 26 41 1
rect:162 155 96 26 5
rect:676 206 50 42 5
rect:322 297 36 59 8
rect:573 214 69 61 1
rect:155 166 162 33 6
rect:76 162 22 37 1
rect:388 213 49 50 1
rect:85 22 23 40 1
rect:513 79 38 55 1
rect:365 23 36 38 1
Anchorage1964_06.jpg 0x0
rect:141 79 215 389 12
rect:123 159 110 248 3
rect:218 269 81 101 11
Anchorage1964_07.jpg 0x0
rect:236 2 147 49 2
rect:245 113 67 111 13
rect:19 230 329 35 11
rect:349 235 63 117 11
rect:347 163 63 127 3
rect:7 429 351 39 14
rect:201 84 154 179 11
rect:6 66 556 438 2
rect:348 323 329 214 2
Anchorage1964_08.jpg 0x0
rect:411 486 135 162 1
rect:247 29 72 137 1
rect:56 272 134 77 1
rect:336 272 142 141 1
rect:62 66 159 91 1
rect:43 537 127 159 1
Anchorage1964_09.jpg 0x0
rect:412 90 118 28 15
rect:13 108 18 13 16
rect:372 32 66 63 8
rect:603 110 137 20 15
rect:17 18 65 15 16
rect:468 185 52 95 1
rect:467 13 136 9 16
rect:437 358 87 81 8
rect:165 120 224 12 15
rect:10 15 283 19 15
rect:355 8 378 10 15
rect:86 35 59 70 8
rect:683 219 1 1 16
rect:92 290 72 81 8
rect:45 123 39 7 16
rect:10 122 107 18 15
rect:433 139 75 77 1
rect:225 147 74 55 1
rect:104 150 71 66 1
Anchorage1964_10.jpg 0x0
rect:61 257 255 338 1
rect:138 230 170 63 18
rect:63 528 273 104 18
rect:156 195 117 91 17
Anchorage1964_11.jpg 0x0
rect:83 142 546 68 2
rect:281 194 234 44 11
rect:497 102 107 120 1
rect:69 508 475 17 14
rect:210 177 502 15 15
rect:89 427 590 21 14
rect:107 48 130 88 4
rect:550 9 76 39 1
Anchorage1964_12.jpg 0x0
rect:312 69 133 173 11
rect:130 132 30 82 3
rect:281 79 46 250 3
rect:11 96 634 236 2
rect:398 72 63 231 3
Anchorage1964_13.jpg 0x0
rect:391 675 141 28 2
rect:461 295 25 148 20
rect:288 421 104 15 19
Anchorage1964_14.jpg 0x0
rect:107 322 101 43 15
rect:38 484 37 67 22
rect:215 262 50 104 21
rect:11 565 165 98 11
rect:109 743 37 46 22
rect:359 228 150 39 15
rect:282 630 157 60 23
rect:117 507 34 49 22
rect:306 7 97 108 11
rect:18 788 20 51 22
rect:367 9 51 172 11
rect:229 11 81 637 20
Anchorage1964_15.jpg 0x0
rect:401 343 93 27 24
rect:174 321 250 52 2
rect:334 7 92 61 4
rect:482 232 139 56 11
rect:192 206 204 41 15
rect:459 7 65 47 4
rect:206 154 39 58 11
rect:247 71 60 446 20
rect:333 117 42 120 25
Anchorage1964_16.jpg 0x0
rect:17 106 193 239 2
rect:12 329 88 98 2
rect:78 413 85 87 11
rect:226 224 255 196 11
rect:152 88 268 100 2
rect:379 266 145 194 2
Anchorage1964_17.jpg 0x0
rect:12 116 240 163 9
rect:287 64 300 153 9
rect:10 200 562 202 10
Anchorage1964_18.jpg 0x0
rect:151 135 54 140 4
rect:451 111 89 92 4
rect:497 168 138 85 4
rect:519 317 78 16 2
rect:481 334 64 22 2
rect:275 207 41 76 11
rect:161 384 76 35 11
rect:143 341 23 36 11
rect:459 266 29 24 2
rect:379 249 273 20 15
Anchorage1964_19.jpg 0x0
rect:581 181 26 36 28
rect:451 120 41 108 29
rect:375 361 39 61 26
rect:405 97 17 38 26
rect:401 97 27 63 29
rect:6 255 81 197 26
rect:480 161 15 30 26
rect:404 182 6 21 26
rect:21 258 36 96 27
rect:247 85 85 177 29
rect:510 88 27 35 26
rect:719 246 8 14 26
rect:662 194 7 8 26
rect:293 203 24 31 26
rect:685 137 41 30 28
rect:438 214 10 24 26
rect:277 77 35 26 27
rect:209 82 70 52 26
Anchorage1964_20.jpg 0x0
rect:151 53 99 113 29
rect:203 106 64 56 27
rect:223 118 105 87 26
rect:230 367 79 129 26
rect:325 343 44 86 26
Anchorage1964_21.jpg 0x0
rect:60 335 32 26 26
rect:164 201 572 205 30
rect:2 104 40 49 26
rect:-6 89 79 208 29
Bingol2003_01.jpg 0x0
rect:187 288 62 87 33
rect:362 207 40 96 34
rect:483 55 94 50 6
rect:545 431 49 63 34
rect:38 274 55 68 33
rect:563 212 77 52 6
rect:579 351 157 89 6
rect:363 217 223 142 31
rect:603 327 78 41 33
rect:578 223 101 68 33
rect:187 112 74 33 6
rect:533 87 76 96 6
rect:2 295 1174 207 10
rect:392 293 53 71 6
rect:428 368 74 79 6
rect:552 359 66 162 32
rect:227 201 85 90 33
rect:604 98 159 240 31
rect:673 253 110 46 33
Bingol2003_02.jpg 0x0
rect:184 214 98 301 32
rect:620 289 409 172 35
rect:273 322 68 56 6
rect:160 512 145 250 32
rect:616 48 133 59 36
rect:151 131 502 165 34
rect:574 323 96 106 26
rect:331 236 858 582 31
Bingol2003_03.jpg 0x0
rect:534 162 197 75 11
rect:320 218 420 203 2
rect:116 47 136 140 33
rect:104 22 208 34 2
rect:694 380 210 489 2
rect:515 292 298 506 4
rect:900 -8 372 225 4
Bingol2003_04.jpg 0x0
rect:249 778 97 94 2
rect:170 543 202 211 2
rect:116 796 23 66 3
rect:390 201 147 175 4
rect:66 546 84 110 2
rect:248 334 31 153 3
rect:67 523 19 91 3
rect:232 549 39 98 3
CanterburyNZSeries2010_01.jpg 0x0
rect:112 77 154 291 12
CanterburyNZSeries2010_02.jpg 0x0
rect:44 62 198 171 6
rect:38 7 171 199 37
CanterburyNZSeries2010_03.jpg 0x0
rect:47 89 251 131 38
CanterburyNZSeries2010_04.jpg 0x0
rect:296 282 39 114 40
rect:323 11 104 155 42
rect:324 364 25 97 40
rect:246 483 89 316 41
rect:308 283 17 60 40
rect:210 250 36 125 40
rect:169 241 178 417 39
rect:435 369 17 73 40
CanterburyNZSeries2010_05.jpg 0x0
rect:311 419 205 355 4
rect:300 172 166 112 15
CanterburyNZSeries2010_06.jpg 0x0
rect:250 208 206 129 2
rect:85 151 964 446 4
CanterburyNZSeries2010_08.jpg 0x0
rect:918 632 78 154 44
rect:626 532 34 185 32
rect:537 463 132 110 44
rect:369 107 192 331 43
CanterburyNZSeries2010_09.jpg 0x0
rect:221 388 146 450 39
rect:243 157 140 171 45
CanterburyNZSeries2010_10.jpg 0x0
rect:156 276 362 209 6
rect:387 428 144 103 46
rect:292 433 222 104 6
rect:350 202 323 109 7
CanterburyNZSeries2010_11.jpg 0x0
rect:220 242 319 199 5
rect:342 300 336 92 7
CanterburyNZSeries2010_12.jpg 0x0
rect:39 295 806 414 2
rect:239 554 185 45 11
rect:580 563 196 83 11
rect:5 342 1009 295 47
CanterburyNZSeries2010_13.jpg 0x0
rect:512 167 110 578 11
rect:178 16 561 636 12
Caracas1967_01.jpg 0x0
rect:395 51 142 268 48
rect:327 154 14 52 48
rect:396 134 50 78 48
rect:317 131 63 105 48
Caracas1967_02.jpg 0x0
rect:184 1 100 185 15
rect:126 398 46 44 49
rect:153 316 44 37 50
rect:187 248 145 368 51
Caracas1967_03.jpg 0x0
rect:370 485 65 92 26
rect:289 67 56 72 14
rect:322 257 144 206 34
rect:19 479 286 113 6
rect:271 304 36 83 27
rect:347 321 37 119 27
Caracas1967_04.jpg 0x0
rect:98 251 58 105 26
rect:126 449 15 76 27
rect:113 286 122 112 34
Caracas1967_05.jpg 0x0
rect:282 140 45 324 40
rect:36 94 523 710 48
rect:300 290 49 169 40
rect:200 447 63 175 40
rect:77 398 48 314 40
rect:33 133 365 348 41
rect:313 235 99 133 52
rect:162 360 55 250 40
rect:211 341 60 235 40
rect:49 313 295 133 52
Caracas1967_06.jpg 0x0
rect:440 373 80 37 6
rect:420 111 218 234 7
Caracas1967_07.jpg 0x0
rect:530 373 120 110 53
rect:413 8 122 352 34
rect:550 482 100 72 53
rect:193 182 42 183 27
rect:314 52 29 180 27
rect:149 167 223 247 34
rect:328 261 166 315 34
Caracas1967_08.jpg 0x0
rect:252 372 46 86 54
rect:283 328 78 116 55
rect:357 263 104 97 54
Caracas1967_09.jpg 0x0
rect:169 188 80 90 48
rect:20 280 65 42 48
rect:60 209 65 61 48
rect:487 10 168 185 48
Caracas1967_10.jpg 0x0
rect:391 154 86 164 40
rect:52 209 235 323 41
rect:272 226 68 205 40
rect:18 119 516 520 48
Caracas1967_11.jpg 0x0
rect:313 15 162 275 41
rect:67 14 298 499 48
rect:48 199 188 420 41
Caracas1967_12.jpg 0x0
rect:904 246 27 56 32
rect:519 459 18 74 32
rect:660 188 43 39 34
rect:209 275 21 60 56
Caracas1967_13.jpg 0x0
rect:167 345 131 244 55
Caracas1967_14.jpg 0x0
rect:160 126 446 234 57
rect:158 282 277 54 6
Chichi1999_01.jpg 0x0
rect:346 174 67 152 42
rect:5 6 815 167 58
Chichi1999_02.jpg 0x0
rect:469 127 243 329 59
rect:5 99 499 190 58
Chichi1999_03.jpg 0x0
rect:79 201 64 113 60
rect:0 160 637 169 58
Chichi1999_04.jpg 0x0
rect:240 296 31 69 52
rect:208 -16 52 158 48
rect:196 277 94 273 48
Chichi1999_05.jpg 0x0
rect:459 194 42 71 52
rect:417 85 84 222 48
rect:413 154 59 68 41
rect:363 202 23 37 41
Chichi1999_06.jpg 0x0
rect:410 133 42 68 62
rect:407 225 57 63 48
rect:158 17 481 144 10
rect:441 259 23 41 52
rect:650 210 32 76 41
rect:453 -13 83 51 61
Chichi1999_07.jpg 0x0
rect:756 281 19 26 64
rect:761 253 42 97 48
rect:43 246 485 110 63
rect:507 176 51 90 48
rect:442 294 22 32 64
rect:145 206 29 41 64
rect:170 181 35 135 48
Chichi1999_08.jpg 0x0
rect:113 14 424 431 10
Chichi1999_09.jpg 0x0
rect:186 92 50 97 40
rect:283 95 153 110 41
rect:276 116 35 57 40
rect:145 61 184 165 48
Chichi1999_10.jpg 0x0
rect:180 19 399 439 10
Chichi1999_11.jpg 0x0
rect:153 207 112 85 65
rect:2 153 232 448 10
Chichi1999_12.jpg 0x0
rect:10 18 478 796 66
Chichi1999_13.jpg 0x0
rect:37 41 644 349 10
Chichi1999_14.jpg 0x0
rect:308 496 23 21 39
rect:189 266 29 57 67
rect:155 261 42 57 67
rect:245 474 88 89 67
rect:86 313 62 60 67
rect:340 454 26 30 39
rect:270 505 28 33 39
rect:148 375 44 76 67
rect:261 292 21 29 67
rect:202 455 36 56 67
rect:87 507 35 59 67
rect:334 243 34 60 39
rect:121 326 45 37 67
rect:364 557 47 44 67
rect:146 394 37 41 67
rect:193 249 112 56 67
rect:164 331 36 56 67
Chichi1999_15.jpg 0x0
rect:191 29 182 551 41
Chichi1999_16.jpg 0x0
rect:174 97 61 145 32
Chichi1999_17.jpg 0x0
rect:104 255 25 59 32
Chichi1999_18.jpg 0x0
rect:136 242 22 88 69
rect:263 176 24 133 69
rect:141 161 43 89 69
rect:171 232 129 497 68
rect:304 381 56 118 70
rect:299 248 30 124 69
Chichi1999_19.jpg 0x0
rect:230 20 251 296 2
rect:200 146 152 372 3
YogyakartaInd2006_03.jpg 0x0
rect:331 440 72 29 16
rect:475 101 85 52 16
rect:280 57 164 42 15
rect:230 371 351 105 71
rect:172 22 120 2 15
rect:169 178 24 6 16
rect:177 182 52 25 15
rect:200 446 243 37 15
Chichi1999_20.jpg 0x0
rect:159 145 105 268 42
rect:303 282 55 251 41
Chichi1999_21.jpg 0x0
rect:92 496 196 80 5
rect:456 8 146 140 57
rect:247 274 65 137 6
rect:481 89 199 155 6
rect:14 4 294 120 30
rect:324 36 307 219 37
rect:167 322 127 135 37
rect:158 126 189 258 72
Chichi1999_22.jpg 0x0
rect:365 325 11 14 73
rect:361 167 16 20 73
rect:183 292 15 23 73
rect:222 136 247 133 10
Chichi1999_23.jpg 0x0
rect:145 147 26 27 34
rect:4 86 356 231 74
rect:211 376 80 133 73
rect:281 195 28 26 26
rect:100 154 64 53 73
rect:231 253 30 57 34
rect:230 147 25 19 27
rect:118 414 36 122 73
rect:136 350 31 60 34
rect:252 140 56 73 73
Chichi1999_24.jpg 0x0
rect:217 235 89 52 34
rect:222 190 52 79 46
rect:3 432 258 188 74
rect:197 179 172 100 75
rect:233 402 1 2 46
Chichi1999_25.jpg 0x0
rect:142 240 100 160 34
rect:181 367 35 93 26
rect:182 275 131 332 73
Chichi1999_26.jpg 0x0
rect:188 716 94 78 26
rect:278 152 55 138 73
rect:107 586 83 106 27
rect:322 17 44 27 73
rect:281 321 89 303 76
rect:146 511 160 153 73
Chichi1999_27.jpg 0x0
rect:171 188 108 386 32
Chichi1999_28.jpg 0x0
rect:216 256 288 121 77
rect:14 47 250 132 6
rect:155 101 152 202 5
rect:337 167 120 301 75
Chichi1999_29.jpg 0x0
rect:223 278 101 175 52
rect:188 211 82 221 40
rect:172 150 197 272 48
Chichi1999_30.jpg 0x0
rect:187 214 208 45 78
rect:257 122 212 90 52
rect:233 82 226 270 40
rect:26 351 112 187 73
Chichi1999_31.jpg 0x0
rect:580 139 35 253 48
rect:166 119 105 215 79
Chichi1999_32.jpg 0x0
rect:178 76 53 117 81
rect:436 122 55 194 39
rect:214 8 83 423 80
rect:173 246 33 130 81
Chichi1999_33.jpg 0x0
rect:375 144 31 102 49
rect:258 129 111 195 56
rect:79 68 111 607 33
rect:178 71 149 388 32
rect:169 111 102 273 32
rect:118 156 54 135 49
Chichi1999_34.jpg 0x0
rect:90 109 527 397 10
Duzce1999_01.jpg 0x0
rect:115 112 83 128 41
rect:103 60 101 231 39
Duzce1999_02.jpg 0x0
rect:67 66 163 319 41
Duzce1999_03.jpg 0x0
rect:137 82 96 179 42
rect:230 157 70 261 31
rect:0 146 104 220 31
Gediz1970_01.jpg 0x0
rect:152 285 110 257 69
rect:263 519 94 259 69
rect:109 112 231 442 68
Guatemala1976_01.jpg 0x0
rect:20 155 813 124 82
rect:387 177 76 77 41
rect:33 192 102 95 48
rect:61 154 75 48 52
rect:469 138 105 96 48
rect:67 183 38 47 41
Guatemala1976_02.jpg 0x0
rect:255 64 87 106 40
rect:236 62 324 243 48
Guatemala1976_03.jpg 0x0
rect:13 110 809 249 75
Guatemala1976_04.jpg 0x0
rect:99 29 413 80 30
rect:54 79 419 257 30
rect:580 234 103 382 4
rect:354 345 107 236 4
Guatemala1976_05.jpg 0x0
rect:256 148 214 136 41
rect:135 106 402 214 40
rect:174 73 423 410 48
Guatemala1976_06.jpg 0x0
rect:91 139 211 521 39
Guatemala1976_07.jpg 0x0
rect:275 427 102 64 83
rect:22 368 70 42 6
rect:31 273 385 493 10
Guatemala1976_08.jpg 0x0
rect:378 81 123 330 40
rect:162 33 507 546 48
rect:147 59 455 466 41
Guatemala1976_09.jpg 0x0
rect:780 192 78 46 85
rect:103 239 43 22 84
rect:238 208 59 24 85
rect:113 344 30 30 85
rect:455 245 50 60 84
rect:152 332 46 34 84
rect:670 355 41 64 84
rect:207 332 75 73 85
Guatemala1976_10.jpg 0x0
rect:135 102 248 122 87
rect:165 183 233 213 86
rect:428 303 32 96 87
Guatemala1976_11.jpg 0x0
rect:243 276 111 227 34
GujaratIndia2001_01.jpg 0x0
rect:42 332 187 177 4
rect:85 349 85 31 2
rect:255 386 48 58 11
rect:215 519 239 91 2
Haiti2010_01.jpg 0x0
rect:329 295 20 173 40
rect:658 237 74 132 4
rect:126 62 166 95 7
rect:310 185 154 329 41
rect:405 539 167 203 4
Haiti2010_02.jpg 0x0
rect:49 86 428 259 88
rect:319 41 203 66 14
Haiti2010_03.jpg 0x0
rect:459 1 62 747 32
rect:226 431 139 266 32
rect:296 427 72 61 49
rect:290 524 239 201 89
Haiti2010_04.jpg 0x0
rect:2 171 234 194 6
rect:278 37 306 263 34
rect:138 257 374 428 41
Haiti2010_05.jpg 0x0
rect:264 250 30 67 40
rect:310 283 33 68 40
rect:245 217 307 496 90
rect:275 162 222 114 52
Haiti2010_06.jpg 0x0
rect:489 114 166 351 33
rect:455 131 810 829 91
rect:219 198 50 40 34
rect:349 227 65 53 6
rect:617 231 86 185 32
rect:500 150 69 102 34
rect:268 306 226 462 91
ImperialValley1979_01.jpg 0x0
rect:490 244 26 17 49
rect:404 302 46 36 32
rect:398 223 23 33 50
rect:233 372 53 57 50
rect:420 259 40 26 49
rect:483 396 17 20 49
rect:68 315 97 140 50
rect:14 367 100 135 32
rect:463 221 40 32 32
rect:14 364 74 93 49
rect:320 347 37 36 32
ImperialValley1979_02.jpg 0x0
rect:304 197 123 50 49
rect:285 110 70 237 50
rect:249 119 36 137 50
rect:153 62 145 179 32
rect:210 88 98 263 50
rect:149 201 367 83 92
ImperialValley1979_03.jpg 0x0
rect:86 333 244 34 92
rect:183 391 89 187 50
rect:96 540 235 49 92
rect:230 209 78 159 50
rect:117 230 190 184 32
rect:126 209 108 227 50
rect:173 215 210 153 32
Izmit1999_01.jpg 0x0
rect:228 75 445 330 34
rect:201 169 43 192 27
rect:518 328 63 64 26
rect:365 106 59 204 27
rect:217 214 37 101 27
Izmit1999_02.jpg 0x0
rect:32 118 607 341 10
Izmit1999_03.jpg 0x0
rect:359 106 31 314 50
rect:287 148 42 201 50
rect:415 100 49 213 50
rect:493 61 55 233 50
rect:125 36 518 495 93
rect:303 51 228 313 32
rect:157 71 45 291 50
rect:159 165 327 39 92
Izmit1999_04.jpg 0x0
rect:99 317 125 60 88
rect:67 315 81 70 34
rect:139 568 244 90 88
rect:418 399 26 64 40
rect:345 333 23 58 40
rect:76 409 72 129 41
rect:413 428 96 84 41
rect:414 58 93 73 48
rect:305 110 68 59 41
rect:59 467 35 97 42
Izmit1999_05.jpg 0x0
rect:94 28 687 529 10
Izmit1999_06.jpg 0x0
rect:88 246 81 197 50
rect:144 154 71 250 50
rect:194 269 44 203 50
rect:345 180 34 126 50
rect:121 129 208 547 32
rect:137 321 151 88 49
Izmit1999_07.jpg 0x0
rect:25 99 381 591 2
rect:178 416 40 90 3
rect:343 297 82 276 4
rect:299 52 136 44 6
rect:274 145 44 95 3
rect:219 261 65 100 3
rect:347 126 66 100 3
Izmit1999_08.jpg 0x0
rect:657 67 90 95 41
rect:170 519 106 121 45
rect:121 30 78 107 34
rect:495 6 85 87 45
rect:477 95 60 27 52
rect:258 254 180 80 88
rect:180 103 73 81 41
Izmit1999_09.jpg 0x0
rect:424 260 78 70 41
rect:61 256 42 67 41
rect:254 246 42 34 41
rect:756 259 42 61 41
rect:254 239 82 113 94
rect:663 211 57 102 94
Izmit1999_10.jpg 0x0
rect:84 110 79 170 40
rect:234 199 68 168 40
rect:80 160 263 342 41
rect:309 450 37 81 40
rect:41 256 379 47 78
rect:246 325 107 38 78
rect:353 704 105 80 40
rect:336 562 62 25 78
rect:146 213 73 200 40
rect:302 159 161 185 40
rect:120 270 372 64 78
Izmit1999_11.jpg 0x0
rect:310 346 67 129 40
rect:235 234 150 203 41
rect:187 192 93 211 40
rect:186 298 46 176 40
rect:185 406 93 169 41
Izmit1999_12.jpg 0x0
rect:590 279 61 58 41
rect:442 20 106 62 34
rect:142 167 84 55 88
rect:113 101 38 26 6
rect:13 49 42 17 6
rect:422 72 44 115 41
rect:239 192 126 103 94
rect:1 183 32 41 41
rect:395 191 42 101 42
rect:69 389 37 40 40
rect:433 127 197 208 91
rect:373 90 38 64 45
rect:75 191 48 47 52
rect:54 246 81 96 94
rect:350 124 48 51 7
rect:372 207 83 122 41
rect:224 196 58 24 6
rect:315 404 80 82 52
Izmit1999_13.jpg 0x0
rect:197 57 209 297 48
rect:143 286 93 79 52
rect:230 343 44 94 41
rect:5 100 80 171 42
rect:350 113 87 136 41
rect:286 188 120 301 41
rect:120 312 31 91 41
rect:77 111 45 31 6
rect:101 225 103 121 94
Izmit1999_14.jpg 0x0
rect:305 186 107 56 35
rect:355 237 49 38 34
rect:534 9 156 86 35
rect:400 53 67 58 95
rect:314 266 45 21 34
rect:329 267 63 56 34
rect:570 385 44 44 34
rect:63 175 142 75 34
rect:599 86 68 67 34
Izmit1999_15.jpg 0x0
rect:157 224 203 407 42
Izmit1999_16.jpg 0x0
rect:128 82 277 370 39
rect:92 85 429 586 33
rect:241 124 37 83 40
rect:152 77 127 160 41
Izmit1999_17.jpg 0x0
rect:114 138 148 326 41
Izmit1999_18.jpg 0x0
rect:194 220 123 182 41
rect:187 151 163 362 39
Izmit1999_19.jpg 0x0
rect:201 119 281 238 32
rect:340 177 18 62 50
rect:312 67 280 266 96
rect:453 139 25 76 50
Kobe1995_01.jpg 0x0
rect:26 188 1034 150 63
Kobe1995_02.jpg 0x0
rect:2 66 664 749 68
Kobe1995_03.jpg 0x0
rect:40 50 500 657 10
Kobe1995_04.jpg 0x0
rect:432 370 41 43 41
Kobe1995_05.jpg 0x0
rect:4 122 115 635 40
rect:30 360 414 65 78
rect:123 685 333 155 78
rect:238 154 138 483 40
rect:136 153 229 556 52
Kobe1995_06.jpg 0x0
rect:138 395 383 419 42
rect:38 184 546 323 41
Kobe1995_07.jpg 0x0
rect:410 385 43 39 39
rect:225 97 39 38 39
rect:454 433 34 43 39
rect:394 158 35 50 39
rect:222 317 27 32 39
rect:243 249 38 30 39
rect:464 308 36 51 39
rect:181 395 46 29 39
rect:304 150 35 53 39
rect:327 140 33 58 39
rect:280 325 26 23 39
rect:329 278 38 42 39
rect:225 205 53 45 39
rect:50 301 54 22 39
rect:261 442 30 34 39
rect:310 380 39 23 39
rect:308 167 41 37 39
rect:281 112 23 33 39
rect:160 230 27 44 39
rect:204 433 47 31 39
rect:78 213 38 40 39
rect:504 263 51 42 39
rect:152 423 40 21 39
rect:196 241 51 41 39
rect:61 279 42 56 39
rect:169 317 22 47 39
Kobe1995_08.jpg 0x0
rect:262 75 316 272 97
Kobe1995_09.jpg 0x0
rect:107 749 60 45 88
rect:82 516 71 61 88
rect:85 827 59 87 88
rect:245 686 218 65 97
SanSalvador_1986_01.jpg 0x0
rect:63 3 113 274 68
rect:174 204 82 234 41
SanSalvador_1986_02.jpg 0x0
rect:157 359 28 45 41
rect:429 120 17 28 41
rect:472 327 52 41 41
rect:617 167 42 47 42
rect:142 217 22 38 41
rect:629 155 35 32 41
rect:157 159 19 38 41
rect:290 255 28 40 41
rect:213 134 56 32 41
SikkimIndia2001_01.jpg 0x0
rect:179 188 93 91 34
SikkimIndia2001_02.jpg 0x0
rect:298 233 70 44 16
rect:10 119 78 34 54
rect:-18 2 288 103 33
rect:601 239 106 18 16
rect:569 131 99 43 16
rect:305 123 137 177 33
rect:11 7 366 91 16
rect:166 81 200 417 33
SikkimIndia2001_03.jpg 0x0
rect:229 11 140 482 98
rect:306 262 109 162 70
rect:262 74 57 223 69
SikkimIndia2001_04.jpg 0x0
rect:359 167 111 118 34
rect:394 168 307 134 99
rect:3 31 193 328 99
SumatraInd2009_01.jpg 0x0
rect:336 22 55 237 81
SumatraInd2009_02.jpg 0x0
rect:194 105 155 217 41
WhittierNarrows1987_01.jpg 0x0
rect:15 30 865 312 10
WhittierNarrows1987_02.jpg 0x0
rect:213 290 83 217 41
WhittierNarrows1987_03.jpg 0x0
rect:290 138 133 198 32
WhittierNarrows1987_04.jpg 0x0
rect:149 7 303 94 6
rect:339 14 302 190 100
rect:241 50 120 219 41
YogyakartaInd2006_01.jpg 0x0
rect:148 -20 369 502 29
rect:381 135 229 68 49
rect:206 33 403 271 32
YogyakartaInd2006_02.jpg 0x0
rect:245 119 51 214 69
rect:283 86 92 249 70
rect:400 56 146 383 98
