Anchorage1964_01.jpg 0x0
rect:122 7 146 217 1
rect:63 415 189 308 1
Anchorage1964_02.jpg 0x0
rect:40 30 156 47 5
rect:463 284 15 40 3
rect:78 158 22 21 6
rect:398 64 149 113 8
rect:436 298 25 66 3
rect:215 23 211 94 4
rect:278 285 30 43 3
rect:249 61 92 96 4
rect:127 121 86 60 7
rect:185 233 22 49 3
rect:40 248 124 53 5
rect:101 274 70 11 6
rect:318 364 20 73 3
rect:301 242 21 65 3
rect:171 204 248 68 2
rect:361 156 91 56 4
rect:60 44 76 13 6
rect:252 216 25 60 3
rect:381 343 13 70 3
Anchorage1964_03.jpg 0x0
rect:251 118 434 229 9
rect:0 338 508 51 10
rect:2 209 297 55 9
Anchorage1964_04.jpg 0x0
rect:127 109 22 16 5
rect:338 180 10 26 1
rect:268 380 27 29 1
rect:400 53 36 21 5
rect:400 300 26 24 5
rect:231 231 18 21 8
rect:345 212 27 18 5
rect:434 154 36 14 5
rect:242 206 23 20 5
rect:318 117 24 34 1
rect:248 75 24 16 5
rect:302 431 11 26 1
rect:405 137 32 21 5
rect:182 237 36 15 5
rect:323 248 14 23 1
rect:217 452 27 17 5
rect:187 444 42 25 5
rect:182 171 25 19 5
rect:193 576 25 19 1
rect:208 68 40 15 5
rect:124 315 23 13 5
rect:249 250 28 16 5
rect:462 243 20 17 5
rect:338 399 13 26 1
rect:358 410 25 24 5
rect:214 270 29 22 5
rect:211 197 17 29 1
rect:158 457 42 21 2
rect:271 338 30 17 5
rect:320 247 20 25 1
rect:216 75 41 17 5
rect:388 35 39 24 5
rect:363 263 9 1 1
rect:126 248 19 19 5
rect:314 130 39 18 5
rect:215 510 26 26 1
rect:123 222 28 16 5
rect:309 179 19 40 1
rect:213 25 24 18 5
Anchorage1964_05.jpg 0x0
rect:226 111 98 17 5
rect:348 27 39 46 1
rect:208 190 101 53 6
rect:727 220 48 23 6
rect:460 225 31 66 1
rect:474 190 53 19 11
rect:46 79 18 42 1
rect:360 88 53 62 1
rect:73 254 24 65 1
rect:471 277 50 78 8
rect:67 31 28 30 1
rect:469 248 73 41 5
rect:221 38 73 38 5
rect:55 171 17 54 1
rect:251 161 30 22 11
rect:216 41 127 43 6
rect:353 128 93 68 2
rect:517 97 51 79 1
rect:32 400 27 54 1
rect:652 207 53 82 1
rect:68 224 20 31 1
rect:641 498 49 61 8
rect:647 434 40 39 5
rect:87 196 29 43 1
rect:611 317 44 15 6
rect:34 460 27 67 1
rect:103 106 18 57 1
rect:484 134 28 55 1
rect:556 1 46 70 1
Anchorage1964_06.jpg 0x0
rect:78 73 151 461 12
rect:139 163 72 268 3
rect:142 246 51 58 11
Anchorage1964_07.jpg 0x0
rect:8 72 879 411 2
rect:201 88 161 111 11
rect:8 321 452 33 14
rect:161 2 112 70 2
rect:13 183 357 27 11
rect:359 159 46 92 3
rect:264 301 414 205 2
rect:317 245 66 97 11
rect:286 168 36 117 13
Anchorage1964_08.jpg 0x0
rect:36 62 123 154 1
rect:244 312 135 133 1
rect:432 27 87 112 1
rect:41 245 102 87 1
rect:51 399 127 92 1
rect:396 375 152 142 1
Anchorage1964_09.jpg 0x0
rect:14 139 94 18 15
rect:19 126 20 10 16
rect:130 349 71 60 8
rect:362 9 359 15 15
rect:404 105 53 71 1
rect:81 219 68 48 1
rect:491 194 1 1 16
rect:233 166 51 66 1
rect:729 225 72 82 8
rect:108 96 367 15 15
rect:14 17 341 18 15
rect:507 8 83 13 16
rect:312 161 68 74 1
rect:387 30 83 68 8
rect:443 85 124 14 15
rect:379 108 93 30 15
rect:12 13 80 10 16
rect:45 194 62 11 16
rect:116 30 76 65 8
Anchorage1964_10.jpg 0x0
rect:73 524 306 125 18
rect:232 294 115 90 17
rect:200 196 167 99 18
rect:63 249 267 244 1
Anchorage1964_11.jpg 0x0
rect:179 50 146 88 4
rect:230 203 475 24 15
rect:62 536 444 25 14
rect:560 105 171 94 1
rect:140 232 575 66 2
rect:665 7 89 40 1
rect:222 179 203 33 11
rect:75 473 695 11 14
Anchorage1964_12.jpg 0x0
rect:15 98 616 261 2
rect:481 87 158 180 11
rect:239 82 54 270 3
rect:241 156 22 90 3
rect:289 104 50 217 3
Anchorage1964_13.jpg 0x0
rect:322 623 142 32 2
rect:347 495 80 12 19
rect:535 429 34 178 20
Anchorage1964_14.jpg 0x0
rect:361 160 122 51 15
rect:233 9 68 255 11
rect:26 694 33 73 22
rect:130 736 33 51 22
rect:108 221 150 38 15
rect:53 773 41 71 22
rect:288 6 61 122 11
rect:160 679 40 76 22
rect:240 802 148 77 23
rect:163 16 82 651 20
rect:206 265 75 82 21
rect:10 455 137 101 11
Anchorage1964_15.jpg 0x0
rect:361 282 82 28 24
rect:275 327 114 41 15
rect:226 170 47 85 11
rect:333 8 62 65 4
rect:294 371 299 64 2
rect:312 9 91 45 4
rect:227 74 90 557 20
rect:404 168 107 59 11
rect:359 138 49 87 25
Anchorage1964_16.jpg 0x0
rect:12 156 155 180 2
rect:654 274 159 138 2
rect:275 88 306 115 2
rect:244 191 322 234 11
rect:16 352 89 108 2
rect:98 275 68 106 11
Anchorage1964_17.jpg 0x0
rect:11 111 208 149 9
rect:257 56 220 254 9
rect:7 148 593 248 10
Anchorage1964_18.jpg 0x0
rect:183 390 77 33 11
rect:123 203 93 101 4
rect:394 258 31 64 11
rect:144 274 19 36 11
rect:441 257 44 15 2
rect:520 394 55 23 2
rect:504 403 73 15 2
rect:487 145 102 84 4
rect:455 148 95 110 4
rect:290 303 227 26 15
Anchorage1964_19.jpg 0x0
rect:372 216 12 28 26
rect:214 248 33 84 26
rect:531 173 15 37 26
rect:338 286 21 43 26
rect:333 96 85 98 29
rect:560 155 24 59 29
rect:6 326 57 139 26
rect:567 147 5 15 26
rect:25 247 31 80 27
rect:236 128 31 26 27
rect:310 94 69 34 26
rect:391 94 39 87 29
rect:776 106 6 7 26
rect:604 148 7 16 26
rect:346 144 34 21 26
rect:433 158 22 26 26
rect:362 157 27 30 28
rect:387 195 36 43 28
Anchorage1964_20.jpg 0x0
rect:152 114 73 51 26
rect:351 666 43 65 26
rect:202 116 64 53 27
rect:151 81 138 117 29
rect:232 420 61 129 26
Anchorage1964_21.jpg 0x0
rect:58 272 22 43 26
rect:2 121 47 27 26
rect:-6 94 77 194 29
rect:208 137 709 158 30
Bingol2003_01.jpg 0x0
rect:594 434 56 45 33
rect:262 73 99 19 6
rect:471 376 71 155 32
rect:591 246 116 210 31
rect:2 360 1147 330 10
rect:598 185 65 139 34
rect:162 290 90 83 33
rect:829 98 108 70 6
rect:465 273 98 64 6
rect:811 473 91 57 33
rect:544 90 193 180 31
rect:514 77 84 48 6
rect:32 282 68 64 33
rect:216 201 91 71 33
rect:693 185 91 80 33
rect:375 274 126 68 6
rect:363 243 36 47 6
rect:625 385 51 60 34
rect:466 375 170 80 6
Bingol2003_02.jpg 0x0
rect:447 254 59 92 6
rect:632 334 113 116 26
rect:131 406 168 294 32
rect:285 251 875 347 31
rect:195 89 503 227 34
rect:914 67 107 94 36
rect:385 170 381 102 35
rect:164 335 59 305 32
Bingol2003_03.jpg 0x0
rect:89 50 155 117 33
rect:505 206 151 70 11
rect:561 168 330 486 4
rect:302 137 480 155 2
rect:553 -6 232 179 4
rect:739 541 326 473 2
rect:65 30 123 41 2
Bingol2003_04.jpg 0x0
rect:204 185 143 164 4
rect:140 342 283 137 2
rect:145 447 31 99 3
rect:120 689 24 82 3
rect:105 456 18 59 3
rect:75 604 116 107 2
rect:251 525 150 66 2
rect:248 479 31 122 3
CanterburyNZSeries2010_01.jpg 0x0
rect:69 109 110 372 12
CanterburyNZSeries2010_02.jpg 0x0
rect:42 9 165 193 37
rect:70 61 205 283 6
CanterburyNZSeries2010_03.jpg 0x0
rect:51 64 454 123 38
CanterburyNZSeries2010_04.jpg 0x0
rect:434 302 13 45 40
rect:198 227 204 361 39
rect:251 356 17 64 40
rect:222 350 36 143 40
rect:192 8 75 210 42
rect:281 408 25 88 40
rect:153 456 74 253 41
rect:432 347 40 104 40
CanterburyNZSeries2010_05.jpg 0x0
rect:252 276 155 422 4
rect:284 181 98 107 15
CanterburyNZSeries2010_06.jpg 0x0
rect:267 186 314 147 2
rect:68 116 910 605 4
CanterburyNZSeries2010_08.jpg 0x0
rect:718 540 25 162 32
rect:455 151 137 283 43
rect:595 497 124 123 44
rect:998 523 51 154 44
CanterburyNZSeries2010_09.jpg 0x0
rect:282 130 158 236 45
rect:254 278 184 468 39
CanterburyNZSeries2010_10.jpg 0x0
rect:193 308 403 158 6
rect:207 342 265 137 6
rect:331 322 167 78 46
rect:439 161 306 90 7
CanterburyNZSeries2010_11.jpg 0x0
rect:242 358 203 279 5
rect:333 205 279 87 7
CanterburyNZSeries2010_12.jpg 0x0
rect:147 357 175 48 11
rect:66 326 706 248 2
rect:397 618 185 59 11
rect:6 198 1241 418 47
CanterburyNZSeries2010_13.jpg 0x0
rect:186 15 528 858 12
rect:304 174 122 527 11
Caracas1967_01.jpg 0x0
rect:315 74 230 315 48
rect:275 227 14 81 48
rect:259 190 40 71 48
rect:257 171 57 96 48
Caracas1967_02.jpg 0x0
rect:138 357 33 38 50
rect:326 1 153 189 15
rect:137 515 58 63 49
rect:123 193 178 229 51
Caracas1967_03.jpg 0x0
rect:386 466 42 143 27
rect:345 400 32 83 27
rect:19 434 276 93 6
rect:244 432 85 215 34
rect:224 411 85 65 26
rect:227 63 79 126 14
Caracas1967_04.jpg 0x0
rect:171 294 51 89 26
rect:182 426 135 116 34
rect:116 266 15 85 27
Caracas1967_05.jpg 0x0
rect:286 165 151 159 52
rect:42 102 308 535 41
rect:105 254 38 235 40
rect:306 144 43 271 40
rect:245 278 62 151 40
rect:63 405 67 289 40
rect:33 71 361 669 48
rect:75 280 201 255 52
rect:215 332 64 296 40
rect:195 321 41 189 40
Caracas1967_06.jpg 0x0
rect:448 271 63 66 6
rect:439 93 269 315 7
Caracas1967_07.jpg 0x0
rect:408 379 98 86 53
rect:154 108 180 216 34
rect:343 6 114 221 34
rect:341 438 72 97 53
rect:174 118 59 177 27
rect:518 45 28 170 27
rect:576 163 182 266 34
Caracas1967_08.jpg 0x0
rect:397 162 90 174 54
rect:264 285 66 89 54
rect:235 311 92 114 55
Caracas1967_09.jpg 0x0
rect:20 248 72 42 48
rect:82 158 59 79 48
rect:455 12 243 144 48
rect:136 195 83 88 48
Caracas1967_10.jpg 0x0
rect:400 444 64 138 40
rect:299 275 67 239 40
rect:20 129 483 496 48
rect:41 226 201 284 41
Caracas1967_11.jpg 0x0
rect:298 15 185 332 41
rect:48 14 369 622 48
rect:60 230 219 549 41
Caracas1967_12.jpg 0x0
rect:712 464 20 43 32
rect:641 206 21 61 32
rect:600 216 26 46 34
rect:173 206 32 61 56
Caracas1967_13.jpg 0x0
rect:130 386 112 287 55
Caracas1967_14.jpg 0x0
rect:107 90 553 185 57
rect:176 372 202 56 6
Chichi1999_01.jpg 0x0
rect:364 192 66 187 42
rect:4 7 597 127 58
Chichi1999_02.jpg 0x0
rect:7 95 362 185 58
rect:250 119 167 352 59
Chichi1999_03.jpg 0x0
rect:0 169 638 203 58
rect:70 138 58 107 60
Chichi1999_04.jpg 0x0
rect:185 -15 55 117 48
rect:190 256 59 312 48
rect:208 240 35 50 52
Chichi1999_05.jpg 0x0
rect:472 257 49 99 52
rect:267 88 119 248 48
rect:440 120 35 55 41
rect:265 186 39 32 41
Chichi1999_06.jpg 0x0
rect:712 229 32 47 41
rect:313 86 68 61 62
rect:712 -15 83 72 61
rect:392 238 25 39 52
rect:118 17 607 164 10
rect:411 226 57 113 48
Chichi1999_07.jpg 0x0
rect:184 190 49 178 48
rect:678 184 33 94 48
rect:167 155 22 42 64
rect:328 301 33 26 64
rect:762 214 15 21 64
rect:74 168 520 125 63
rect:485 285 56 161 48
Chichi1999_08.jpg 0x0
rect:134 12 591 593 10
Chichi1999_09.jpg 0x0
rect:159 109 134 66 41
rect:286 108 40 54 40
rect:236 72 253 177 48
rect:287 98 37 81 40
Chichi1999_10.jpg 0x0
rect:221 25 724 441 10
Chichi1999_11.jpg 0x0
rect:2 161 184 497 10
rect:115 202 121 67 65
Chichi1999_12.jpg 0x0
rect:11 33 416 658 66
Chichi1999_13.jpg 0x0
rect:36 49 734 375 10
Chichi1999_14.jpg 0x0
rect:159 279 30 58 67
rect:161 318 56 61 67
rect:108 638 27 43 67
rect:161 422 38 46 67
rect:366 473 22 31 39
rect:80 621 39 63 67
rect:177 414 39 45 67
rect:359 430 90 54 67
rect:69 337 76 41 67
rect:313 440 18 17 39
rect:91 241 47 72 67
rect:213 291 18 49 67
rect:478 321 28 54 67
rect:325 224 40 47 39
rect:161 198 102 36 67
rect:184 604 28 39 39
rect:121 391 29 36 67
Chichi1999_15.jpg 0x0
rect:183 25 240 319 41
Chichi1999_16.jpg 0x0
rect:194 149 51 104 32
Chichi1999_17.jpg 0x0
rect:104 258 30 47 32
Chichi1999_18.jpg 0x0
rect:233 280 58 126 70
rect:200 243 24 150 69
rect:200 199 112 496 68
rect:300 356 35 104 69
rect:111 218 18 136 69
rect:169 202 40 108 69
Chichi1999_19.jpg 0x0
rect:184 21 352 334 2
rect:183 140 126 355 3
YogyakartaInd2006_03.jpg 0x0
rect:217 108 88 42 15
rect:269 334 326 136 71
rect:357 357 50 36 16
rect:433 78 116 53 15
rect:241 518 248 25 15
rect:188 22 120 2 15
rect:395 79 104 41 16
rect:289 186 19 7 16
Chichi1999_20.jpg 0x0
rect:190 239 76 464 42
rect:191 414 64 190 41
Chichi1999_21.jpg 0x0
rect:246 243 82 123 6
rect:92 452 215 148 5
rect:209 82 235 337 72
rect:416 8 111 118 57
rect:359 97 133 79 6
rect:147 351 229 186 37
rect:339 36 325 232 37
rect:20 4 254 190 30
Chichi1999_22.jpg 0x0
rect:277 130 243 172 10
rect:414 230 17 23 73
rect:337 197 20 15 73
rect:287 188 15 25 73
Chichi1999_23.jpg 0x0
rect:337 175 58 49 73
rect:117 418 34 90 34
rect:303 313 41 55 34
rect:353 139 33 26 27
rect:270 160 24 25 26
rect:105 279 65 112 73
rect:5 64 473 191 74
rect:124 160 72 42 73
rect:118 232 27 29 34
rect:272 353 71 71 73
Chichi1999_24.jpg 0x0
rect:156 214 140 109 75
rect:297 233 55 50 46
rect:184 262 56 68 34
rect:355 386 1 2 46
rect:3 280 261 160 74
Chichi1999_25.jpg 0x0
rect:231 222 104 198 34
rect:148 340 58 78 26
rect:176 258 132 385 73
Chichi1999_26.jpg 0x0
rect:132 709 88 105 27
rect:204 214 162 420 76
rect:254 17 34 23 73
rect:165 643 128 132 73
rect:140 550 107 68 26
rect:212 137 56 91 73
Chichi1999_27.jpg 0x0
rect:212 241 75 366 32
Chichi1999_28.jpg 0x0
rect:188 265 308 103 77
rect:276 172 204 171 75
rect:111 126 152 185 5
rect:18 52 343 111 6
Chichi1999_29.jpg 0x0
rect:239 274 117 168 40
rect:155 204 238 374 48
rect:198 191 78 122 52
Chichi1999_30.jpg 0x0
rect:240 217 148 43 78
rect:28 269 85 154 73
rect:256 143 286 258 40
rect:175 161 216 89 52
Chichi1999_31.jpg 0x0
rect:539 134 46 238 48
rect:170 79 143 212 79
Chichi1999_32.jpg 0x0
rect:162 227 25 145 81
rect:486 115 61 221 39
rect:114 7 104 356 80
rect:251 49 31 202 81
Chichi1999_33.jpg 0x0
rect:171 110 44 104 49
rect:223 142 30 96 49
rect:232 71 99 295 32
rect:97 59 110 538 33
rect:159 153 105 236 32
rect:195 126 124 218 56
Chichi1999_34.jpg 0x0
rect:87 128 385 356 10
Duzce1999_01.jpg 0x0
rect:130 145 132 178 41
rect:122 45 73 356 39
Duzce1999_02.jpg 0x0
rect:73 71 174 510 41
Duzce1999_03.jpg 0x0
rect:123 120 89 285 42
rect:213 117 87 258 31
rect:0 134 102 255 31
Gediz1970_01.jpg 0x0
rect:246 556 91 195 69
rect:149 330 121 191 69
rect:95 92 319 477 68
Guatemala1976_01.jpg 0x0
rect:28 110 662 133 82
rect:42 159 64 62 52
rect:686 154 64 80 41
rect:75 227 60 43 41
rect:45 117 89 125 48
rect:565 110 168 88 48
Guatemala1976_02.jpg 0x0
rect:207 54 212 180 48
rect:326 77 87 74 40
Guatemala1976_03.jpg 0x0
rect:16 103 884 298 75
Guatemala1976_04.jpg 0x0
rect:155 25 319 91 30
rect:332 343 128 277 4
rect:48 73 577 210 30
rect:718 208 167 299 4
Guatemala1976_05.jpg 0x0
rect:147 167 449 134 40
rect:117 88 271 289 48
rect:218 171 259 97 41
Guatemala1976_06.jpg 0x0
rect:148 75 215 539 39
Guatemala1976_07.jpg 0x0
rect:236 619 151 65 83
rect:22 228 593 461 10
rect:26 306 51 74 6
Guatemala1976_08.jpg 0x0
rect:295 57 169 379 40
rect:197 46 461 407 41
rect:210 35 464 376 48
Guatemala1976_09.jpg 0x0
rect:179 320 49 21 84
rect:462 299 76 59 85
rect:114 228 40 27 84
rect:69 251 35 31 85
rect:449 225 66 41 85
rect:222 265 54 54 85
rect:417 357 70 71 84
rect:895 397 56 89 84
Guatemala1976_10.jpg 0x0
rect:189 125 187 125 87
rect:388 444 43 86 87
rect:222 229 298 321 86
Guatemala1976_11.jpg 0x0
rect:220 187 124 251 34
GujaratIndia2001_01.jpg 0x0
rect:229 370 279 96 2
rect:236 473 50 54 11
rect:62 378 68 45 2
rect:24 504 200 183 4
Haiti2010_01.jpg 0x0
rect:233 215 23 118 40
rect:487 239 74 102 4
rect:207 119 129 383 41
rect:404 494 162 293 4
rect:119 33 90 129 7
Haiti2010_02.jpg 0x0
rect:246 24 125 46 14
rect:42 86 372 259 88
Haiti2010_03.jpg 0x0
rect:175 466 51 52 49
rect:334 1 46 451 32
rect:268 511 218 249 32
rect:173 630 278 249 89
Haiti2010_04.jpg 0x0
rect:208 64 286 262 34
rect:177 226 310 447 41
rect:2 161 217 121 6
Haiti2010_05.jpg 0x0
rect:335 214 24 73 40
rect:237 251 163 85 52
rect:238 205 339 605 90
rect:304 321 21 79 40
Haiti2010_06.jpg 0x0
rect:495 194 795 708 91
rect:252 257 31 34 34
rect:146 330 195 262 91
rect:490 167 141 460 33
rect:568 143 67 116 34
rect:364 260 82 174 32
rect:397 208 72 53 6
ImperialValley1979_01.jpg 0x0
rect:576 227 26 35 50
rect:272 459 44 22 49
rect:431 344 20 14 49
rect:399 287 21 21 49
rect:231 375 37 45 50
rect:559 235 24 25 32
rect:51 409 109 87 50
rect:378 393 58 39 32
rect:330 376 41 37 32
rect:17 368 73 66 49
rect:13 260 94 107 32
ImperialValley1979_02.jpg 0x0
rect:315 128 37 99 50
rect:186 242 367 86 92
rect:180 82 190 212 32
rect:153 105 102 141 50
rect:457 88 74 195 50
rect:307 214 146 44 49
ImperialValley1979_03.jpg 0x0
rect:119 178 230 102 32
rect:366 282 81 138 50
rect:280 245 86 159 50
rect:101 309 348 44 92
rect:85 469 243 49 92
rect:151 314 235 134 32
rect:117 270 65 243 50
Izmit1999_01.jpg 0x0
rect:225 180 42 113 27
rect:182 56 377 233 34
rect:230 102 47 171 27
rect:382 352 59 87 26
rect:330 97 42 220 27
Izmit1999_02.jpg 0x0
rect:32 125 710 343 10
Izmit1999_03.jpg 0x0
rect:127 40 383 407 93
rect:177 109 70 217 50
rect:526 121 47 210 50
rect:486 83 69 273 50
rect:217 106 37 227 50
rect:447 111 49 238 50
rect:226 151 362 33 92
rect:305 77 262 280 32
Izmit1999_04.jpg 0x0
rect:283 337 23 44 40
rect:65 401 54 71 34
rect:174 249 187 63 88
rect:284 392 111 98 41
rect:338 89 104 83 48
rect:64 554 69 113 41
rect:398 285 25 56 40
rect:84 575 151 149 88
rect:316 67 67 60 41
rect:78 313 42 68 42
Izmit1999_05.jpg 0x0
rect:90 23 466 431 10
Izmit1999_06.jpg 0x0
rect:122 170 99 292 50
rect:155 277 168 58 49
rect:129 161 201 328 32
rect:116 193 57 190 50
rect:389 306 43 138 50
rect:213 311 38 202 50
Izmit1999_07.jpg 0x0
rect:325 239 45 93 3
rect:306 268 113 462 4
rect:267 77 107 56 6
rect:150 233 58 81 3
rect:30 138 387 512 2
rect:186 247 50 170 3
rect:294 114 78 65 3
Izmit1999_08.jpg 0x0
rect:184 19 118 77 34
rect:168 205 180 76 88
rect:438 94 62 38 52
rect:474 7 115 95 45
rect:184 121 63 71 41
rect:542 83 60 54 41
rect:165 514 100 123 45
Izmit1999_09.jpg 0x0
rect:694 299 72 85 41
rect:363 264 117 113 94
rect:708 281 50 53 94
rect:386 291 84 91 41
rect:188 154 47 31 41
rect:49 266 47 59 41
Izmit1999_10.jpg 0x0
rect:388 519 71 36 78
rect:245 652 72 91 40
rect:191 166 66 157 40
rect:50 212 308 31 78
rect:191 476 46 72 40
rect:62 156 230 544 41
rect:55 150 77 152 40
rect:138 227 73 275 40
rect:348 163 122 101 40
rect:221 495 143 50 78
rect:114 277 340 46 78
Izmit1999_11.jpg 0x0
rect:212 264 93 161 40
rect:177 278 49 196 40
rect:158 330 139 147 41
rect:214 286 112 179 41
rect:350 234 73 216 40
Izmit1999_12.jpg 0x0
rect:1 238 38 45 41
rect:426 156 62 56 45
rect:59 304 27 53 40
rect:43 242 51 86 94
rect:483 28 110 61 34
rect:294 409 68 111 52
rect:173 288 68 70 88
rect:92 103 31 29 6
rect:421 222 44 97 42
rect:400 178 54 76 41
rect:365 227 76 94 41
rect:60 216 74 85 52
rect:21 55 33 20 6
rect:240 210 84 100 94
rect:567 186 179 254 91
rect:354 170 31 31 6
rect:494 179 59 69 7
rect:541 65 35 104 41
Izmit1999_13.jpg 0x0
rect:5 71 104 179 42
rect:108 254 122 100 94
rect:201 275 29 105 41
rect:198 75 167 426 48
rect:301 177 109 167 41
rect:94 133 43 37 6
rect:132 227 39 93 41
rect:315 99 52 136 41
rect:161 207 60 80 52
Izmit1999_14.jpg 0x0
rect:57 202 143 62 34
rect:459 91 93 69 34
rect:432 429 40 24 34
rect:508 252 79 41 34
rect:403 8 107 57 35
rect:294 404 60 25 34
rect:524 152 91 98 35
rect:497 32 67 47 95
rect:497 316 83 32 34
Izmit1999_15.jpg 0x0
rect:160 196 228 437 42
Izmit1999_16.jpg 0x0
rect:163 93 137 165 41
rect:109 66 353 573 33
rect:94 57 199 278 39
rect:149 102 47 103 40
Izmit1999_17.jpg 0x0
rect:100 120 253 186 41
Izmit1999_18.jpg 0x0
rect:176 222 112 105 41
rect:150 104 181 292 39
Izmit1999_19.jpg 0x0
rect:279 169 266 198 32
rect:285 112 211 360 96
rect:376 183 29 75 50
rect:595 163 39 108 50
Kobe1995_01.jpg 0x0
rect:19 183 601 175 63
Kobe1995_02.jpg 0x0
rect:2 62 536 481 68
Kobe1995_03.jpg 0x0
rect:29 59 422 656 10
Kobe1995_04.jpg 0x0
rect:428 279 45 67 41
Kobe1995_05.jpg 0x0
rect:41 218 404 83 78
rect:329 189 170 541 40
rect:95 173 211 600 52
rect:81 689 312 147 78
rect:4 212 133 413 40
Kobe1995_06.jpg 0x0
rect:40 134 371 327 41
rect:125 387 322 329 42
Kobe1995_07.jpg 0x0
rect:361 412 29 44 39
rect:270 366 30 22 39
rect:192 265 30 58 39
rect:333 257 41 36 39
rect:35 213 49 52 39
rect:134 90 32 49 39
rect:170 127 23 31 39
rect:371 312 30 29 39
rect:226 374 34 42 39
rect:363 361 56 38 39
rect:170 403 39 40 39
rect:345 271 40 23 39
rect:331 512 53 29 39
rect:115 424 46 22 39
rect:227 411 38 36 39
rect:280 207 21 41 39
rect:145 217 44 50 39
rect:413 145 37 37 39
rect:331 374 36 46 39
rect:399 145 40 56 39
rect:45 275 42 24 39
rect:213 162 51 44 39
rect:335 127 36 43 39
rect:370 196 54 59 39
rect:210 338 20 46 39
rect:259 250 34 54 39
Kobe1995_08.jpg 0x0
rect:263 63 478 153 97
Kobe1995_09.jpg 0x0
rect:88 672 97 105 88
rect:127 579 61 49 88
rect:112 738 62 86 88
rect:271 577 236 66 97
SanSalvador_1986_01.jpg 0x0
rect:182 193 95 206 41
rect:72 3 100 247 68
SanSalvador_1986_02.jpg 0x0
rect:223 188 20 35 41
rect:352 330 34 43 41
rect:481 168 36 39 42
rect:502 174 27 43 41
rect:321 295 33 50 41
rect:130 274 31 37 41
rect:152 215 29 49 41
rect:240 170 46 41 41
rect:347 113 13 24 41
SikkimIndia2001_01.jpg 0x0
rect:175 149 119 117 34
SikkimIndia2001_02.jpg 0x0
rect:365 206 81 17 16
rect:201 76 235 436 33
rect:378 241 96 32 16
rect:483 113 90 164 33
rect:340 80 85 30 16
rect:8 199 62 57 54
rect:10 6 321 71 16
rect:-15 2 377 116 33
SikkimIndia2001_03.jpg 0x0
rect:246 107 51 216 69
rect:201 197 72 225 70
rect:220 12 174 564 98
SikkimIndia2001_04.jpg 0x0
rect:3 21 205 219 99
rect:197 162 138 120 34
rect:423 137 207 127 99
SumatraInd2009_01.jpg 0x0
rect:365 22 48 422 81
SumatraInd2009_02.jpg 0x0
rect:254 58 143 133 41
WhittierNarrows1987_01.jpg 0x0
rect:12 29 972 251 10
WhittierNarrows1987_02.jpg 0x0
rect:183 333 101 209 41
WhittierNarrows1987_03.jpg 0x0
rect:188 139 205 229 32
WhittierNarrows1987_04.jpg 0x0
rect:276 8 290 82 6
rect:214 58 118 173 41
rect:277 14 260 112 100
YogyakartaInd2006_01.jpg 0x0
rect:343 116 273 70 49
rect:162 -28 377 589 29
rect:272 35 282 199 32
YogyakartaInd2006_02.jpg 0x0
rect:331 108 58 175 69
rect:420 99 80 190 70
rect:409 73 141 323 98
