Anchorage1964_01.jpg 0x0
rect:116 8 242 121 1
rect:96 488 236 278 1
Anchorage1964_02.jpg 0x0
rect:165 162 95 42 7
rect:486 167 80 54 4
rect:297 342 25 50 3
rect:249 242 25 57 3
rect:61 32 111 12 6
rect:175 44 285 59 4
rect:235 180 330 127 2
rect:133 149 57 16 6
rect:378 271 21 51 3
rect:425 292 27 52 3
rect:680 250 17 45 3
rect:242 57 64 62 4
rect:37 145 193 46 5
rect:431 203 13 44 3
rect:36 18 122 53 5
rect:569 56 129 103 8
rect:107 158 26 20 6
rect:433 238 20 71 3
rect:184 239 25 65 3
Anchorage1964_03.jpg 0x0
rect:0 312 597 61 10
rect:297 66 380 223 9
rect:2 236 258 79 9
Anchorage1964_04.jpg 0x0
rect:344 24 23 16 5
rect:274 226 13 26 1
rect:352 350 32 15 5
rect:331 528 24 25 1
rect:258 324 27 29 8
rect:235 194 28 16 5
rect:201 413 14 32 1
rect:373 214 14 23 1
rect:156 505 33 24 5
rect:316 100 26 12 5
rect:168 50 29 13 5
rect:294 194 17 25 1
rect:132 306 35 23 5
rect:157 395 29 18 5
rect:288 122 14 28 1
rect:266 293 38 14 5
rect:457 201 26 23 5
rect:157 27 34 18 5
rect:454 143 34 22 5
rect:149 77 41 22 5
rect:251 431 53 12 2
rect:267 188 21 25 1
rect:378 241 7 1 1
rect:306 537 18 28 1
rect:239 374 12 24 1
rect:237 325 24 16 5
rect:346 44 44 18 5
rect:264 309 19 18 5
rect:180 392 27 18 5
rect:195 232 27 20 5
rect:184 115 40 16 5
rect:234 265 26 19 1
rect:451 423 35 23 5
rect:279 92 40 19 5
rect:193 436 35 11 5
rect:174 157 24 24 5
rect:297 514 25 20 5
rect:135 230 36 18 5
rect:289 142 14 21 1
Anchorage1964_05.jpg 0x0
rect:221 48 114 47 6
rect:508 263 55 17 6
rect:363 464 35 58 8
rect:147 172 131 34 6
rect:449 17 43 61 1
rect:467 267 47 55 1
rect:32 506 20 55 1
rect:201 148 141 24 5
rect:359 249 25 18 11
rect:456 70 50 78 1
rect:452 189 40 47 8
rect:640 291 51 43 5
rect:65 173 16 44 1
rect:806 432 38 15 6
rect:46 85 32 36 1
rect:51 327 29 39 1
rect:254 53 123 39 5
rect:533 134 31 45 1
rect:57 387 23 46 1
rect:383 171 31 46 1
rect:475 1 40 53 1
rect:762 321 65 42 5
rect:583 190 53 64 1
rect:280 149 50 24 11
rect:64 183 14 52 1
rect:113 25 28 34 1
rect:85 120 21 67 1
rect:98 187 26 53 1
rect:373 208 163 80 2
Anchorage1964_06.jpg 0x0
rect:95 61 256 280 12
rect:160 94 80 287 3
rect:169 165 71 97 11
Anchorage1964_07.jpg 0x0
rect:7 245 469 34 14
rect:432 318 446 212 2
rect:199 2 146 44 2
rect:218 129 53 106 3
rect:320 146 162 113 11
rect:17 246 187 43 11
rect:319 119 43 125 13
rect:6 49 679 488 2
rect:421 166 101 109 11
Anchorage1964_08.jpg 0x0
rect:51 342 115 120 1
rect:406 29 87 78 1
rect:365 214 83 141 1
rect:274 384 151 138 1
rect:34 58 172 139 1
rect:52 672 94 165 1
Anchorage1964_09.jpg 0x0
rect:17 17 44 13 16
rect:672 147 86 82 1
rect:126 56 67 74 8
rect:17 145 105 19 15
rect:110 120 82 90 1
rect:523 10 85 14 16
rect:67 145 51 10 16
rect:278 139 77 87 1
rect:634 88 98 14 15
rect:605 216 93 71 8
rect:15 18 506 11 15
rect:518 9 310 11 15
rect:126 251 65 67 8
rect:781 174 1 1 16
rect:17 143 23 12 16
rect:154 93 333 13 15
rect:567 36 83 61 8
rect:297 126 93 89 1
rect:449 100 119 27 15
Anchorage1964_10.jpg 0x0
rect:48 235 408 254 1
rect:253 241 67 149 17
rect:94 343 229 107 18
rect:212 152 195 83 18
Anchorage1964_11.jpg 0x0
rect:411 8 112 47 1
rect:71 482 579 21 14
rect:134 232 553 75 2
rect:157 136 504 21 15
rect:101 48 121 107 4
rect:50 542 818 10 14
rect:298 273 202 27 11
rect:445 134 132 73 1
Anchorage1964_12.jpg 0x0
rect:350 98 43 206 3
rect:175 234 30 78 3
rect:408 105 189 134 11
rect:12 92 719 219 2
rect:397 80 60 222 3
Anchorage1964_13.jpg 0x0
rect:355 466 89 17 19
rect:552 367 31 212 20
rect:271 697 167 23 2
Anchorage1964_14.jpg 0x0
rect:83 746 37 53 22
rect:82 282 103 41 15
rect:448 6 80 145 11
rect:302 696 198 103 23
rect:12 642 162 103 11
rect:25 602 22 49 22
rect:190 458 33 52 22
rect:279 288 172 58 15
rect:354 12 47 180 11
rect:180 17 113 857 20
rect:43 689 45 72 22
rect:254 260 91 108 21
Anchorage1964_15.jpg 0x0
rect:148 122 38 53 11
rect:244 7 88 47 4
rect:257 303 139 40 15
rect:274 384 250 63 2
rect:288 196 86 37 24
rect:307 127 38 101 25
rect:380 278 103 37 11
rect:481 9 73 47 4
rect:164 96 69 378 20
Anchorage1964_16.jpg 0x0
rect:185 179 187 231 11
rect:577 288 142 227 2
rect:15 93 207 242 2
rect:251 62 305 149 2
rect:16 262 67 89 2
rect:76 241 71 84 11
Anchorage1964_17.jpg 0x0
rect:265 38 259 205 9
rect:13 152 232 133 9
rect:9 162 554 151 10
Anchorage1964_18.jpg 0x0
rect:393 319 300 28 15
rect:249 262 28 72 11
rect:146 386 58 43 11
rect:290 260 67 20 2
rect:121 340 17 45 11
rect:524 210 120 103 4
rect:414 358 33 18 2
rect:133 140 75 114 4
rect:487 114 98 95 4
rect:433 403 45 15 2
Anchorage1964_19.jpg 0x0
rect:371 111 28 30 27
rect:7 294 68 113 26
rect:30 235 26 99 27
rect:465 224 20 38 26
rect:620 143 7 9 26
rect:687 186 25 30 28
rect:335 60 84 103 29
rect:356 126 53 60 29
rect:390 287 17 29 26
rect:412 119 35 22 26
rect:591 138 47 24 28
rect:393 85 62 54 26
rect:563 175 7 16 26
rect:364 223 12 23 26
rect:603 92 22 44 29
rect:400 170 6 16 26
rect:245 297 47 64 26
rect:300 174 13 31 26
Anchorage1964_20.jpg 0x0
rect:177 540 92 136 26
rect:227 102 84 55 26
rect:585 632 52 57 26
rect:198 68 177 125 29
rect:207 123 66 63 27
Anchorage1964_21.jpg 0x0
rect:40 211 36 33 26
rect:-6 76 112 148 29
rect:133 209 661 164 30
rect:2 87 36 38 26
Bingol2003_01.jpg 0x0
rect:555 102 176 150 31
rect:744 116 107 99 6
rect:404 246 38 98 34
rect:648 78 97 64 6
rect:142 184 91 91 33
rect:987 521 55 43 33
rect:242 64 74 23 6
rect:738 332 66 58 33
rect:476 294 166 172 31
rect:674 312 176 74 6
rect:38 213 64 66 33
rect:393 304 53 71 34
rect:602 226 48 161 32
rect:852 232 87 56 33
rect:264 173 69 88 33
rect:739 258 102 51 6
rect:437 198 57 74 6
rect:387 287 110 84 6
rect:2 337 997 336 10
Bingol2003_02.jpg 0x0
rect:314 320 732 566 31
rect:163 448 133 194 32
rect:120 125 512 119 34
rect:215 309 59 313 32
rect:442 214 465 90 35
rect:439 407 76 80 6
rect:417 350 85 112 26
rect:788 83 177 73 36
Bingol2003_03.jpg 0x0
rect:575 384 311 422 2
rect:105 37 94 93 33
rect:817 211 331 704 4
rect:727 -7 289 281 4
rect:111 22 121 31 2
rect:340 211 400 163 2
rect:566 165 205 76 11
Bingol2003_04.jpg 0x0
rect:426 779 127 71 2
rect:165 493 25 89 3
rect:109 543 28 93 3
rect:98 689 38 71 3
rect:88 700 120 76 2
rect:195 396 263 175 2
rect:261 557 42 110 3
rect:330 256 158 189 4
CanterburyNZSeries2010_01.jpg 0x0
rect:117 121 149 286 12
CanterburyNZSeries2010_02.jpg 0x0
rect:37 48 163 193 6
rect:46 11 144 246 37
CanterburyNZSeries2010_03.jpg 0x0
rect:47 69 373 175 38
CanterburyNZSeries2010_04.jpg 0x0
rect:280 475 21 45 40
rect:466 305 47 100 40
rect:222 475 85 276 41
rect:274 8 101 234 42
rect:264 290 223 294 39
rect:430 443 14 65 40
rect:255 338 19 127 40
rect:234 347 22 75 40
CanterburyNZSeries2010_05.jpg 0x0
rect:238 211 187 94 15
rect:336 300 227 330 4
CanterburyNZSeries2010_06.jpg 0x0
rect:88 85 793 477 4
rect:299 276 251 106 2
CanterburyNZSeries2010_08.jpg 0x0
rect:609 658 48 109 44
rect:680 516 28 123 32
rect:645 385 133 123 44
rect:538 173 131 219 43
CanterburyNZSeries2010_09.jpg 0x0
rect:231 119 229 172 45
rect:232 215 141 474 39
CanterburyNZSeries2010_10.jpg 0x0
rect:255 241 429 250 6
rect:320 281 165 84 46
rect:318 136 242 96 7
rect:258 355 212 81 6
CanterburyNZSeries2010_11.jpg 0x0
rect:280 296 305 137 7
rect:219 251 327 190 5
CanterburyNZSeries2010_12.jpg 0x0
rect:4 262 818 469 47
rect:417 575 161 70 11
rect:38 433 942 237 2
rect:232 552 173 37 11
CanterburyNZSeries2010_13.jpg 0x0
rect:185 20 343 564 12
rect:456 129 84 526 11
Caracas1967_01.jpg 0x0
rect:397 93 149 235 48
rect:358 181 11 62 48
rect:338 209 49 83 48
rect:359 181 76 75 48
Caracas1967_02.jpg 0x0
rect:180 251 252 339 51
rect:124 424 45 52 49
rect:163 535 38 36 50
rect:265 1 101 192 15
Caracas1967_03.jpg 0x0
rect:349 77 67 101 14
rect:11 397 321 93 6
rect:326 349 157 138 34
rect:388 417 29 139 27
rect:294 326 63 54 26
rect:356 339 35 48 27
Caracas1967_04.jpg 0x0
rect:157 321 19 89 27
rect:160 263 67 118 26
rect:133 365 143 169 34
Caracas1967_05.jpg 0x0
rect:51 302 70 304 40
rect:368 224 43 212 40
rect:197 312 53 207 40
rect:39 83 434 676 48
rect:57 262 262 245 52
rect:55 182 239 597 41
rect:176 188 152 177 52
rect:251 255 59 241 40
rect:192 336 36 280 40
rect:278 287 39 205 40
Caracas1967_06.jpg 0x0
rect:418 220 91 41 6
rect:436 86 248 195 7
Caracas1967_07.jpg 0x0
rect:545 323 106 77 53
rect:477 347 70 51 53
rect:231 172 180 202 34
rect:495 7 96 327 34
rect:294 240 137 227 34
rect:284 52 35 224 27
rect:267 173 52 175 27
Caracas1967_08.jpg 0x0
rect:211 222 64 89 54
rect:475 176 65 138 54
rect:253 263 71 111 55
Caracas1967_09.jpg 0x0
rect:30 215 60 51 48
rect:535 11 243 178 48
rect:191 194 81 65 48
rect:66 272 55 88 48
Caracas1967_10.jpg 0x0
rect:17 215 568 485 48
rect:55 211 207 314 41
rect:433 292 68 231 40
rect:375 183 98 193 40
Caracas1967_11.jpg 0x0
rect:50 221 304 462 41
rect:56 14 431 930 48
rect:381 18 118 302 41
Caracas1967_12.jpg 0x0
rect:602 223 30 49 34
rect:613 329 19 58 32
rect:306 275 33 43 56
rect:860 303 20 38 32
Caracas1967_13.jpg 0x0
rect:213 334 133 303 55
Caracas1967_14.jpg 0x0
rect:101 87 620 243 57
rect:116 329 210 51 6
Chichi1999_01.jpg 0x0
rect:400 153 58 277 42
rect:4 8 798 216 58
Chichi1999_02.jpg 0x0
rect:273 90 217 297 59
rect:5 105 369 196 58
Chichi1999_03.jpg 0x0
rect:60 131 74 94 60
rect:0 128 966 210 58
Chichi1999_04.jpg 0x0
rect:218 159 101 345 48
rect:280 -16 52 93 48
rect:291 327 28 45 52
Chichi1999_05.jpg 0x0
rect:388 167 40 56 41
rect:458 248 36 97 52
rect:429 140 84 212 48
rect:447 226 29 27 41
Chichi1999_06.jpg 0x0
rect:193 18 564 129 10
rect:703 123 38 52 41
rect:460 182 19 24 52
rect:709 -10 73 53 61
rect:330 184 48 99 48
rect:319 132 52 45 62
Chichi1999_07.jpg 0x0
rect:593 264 61 87 48
rect:278 249 33 46 64
rect:466 321 14 21 64
rect:107 173 51 144 48
rect:40 163 480 104 63
rect:173 114 22 48 64
rect:397 149 42 109 48
Chichi1999_08.jpg 0x0
rect:76 14 545 538 10
Chichi1999_09.jpg 0x0
rect:284 72 45 79 40
rect:198 62 184 190 48
rect:227 103 39 99 40
rect:173 111 146 92 41
Chichi1999_10.jpg 0x0
rect:167 13 463 520 10
Chichi1999_11.jpg 0x0
rect:177 173 100 87 65
rect:2 118 186 393 10
Chichi1999_12.jpg 0x0
rect:9 27 353 513 66
Chichi1999_13.jpg 0x0
rect:26 45 494 336 10
Chichi1999_14.jpg 0x0
rect:338 377 25 24 39
rect:150 482 39 58 67
rect:210 220 29 49 39
rect:183 316 39 68 67
rect:301 473 28 27 39
rect:101 483 31 44 67
rect:61 349 56 52 67
rect:88 349 61 60 67
rect:185 240 95 43 67
rect:376 487 62 51 67
rect:119 661 27 44 67
rect:336 524 32 49 39
rect:424 387 43 46 67
rect:133 174 40 45 67
rect:91 219 46 47 67
rect:121 502 24 32 67
rect:238 219 19 50 67
Chichi1999_15.jpg 0x0
rect:305 28 240 329 41
Chichi1999_16.jpg 0x0
rect:215 166 61 147 32
Chichi1999_17.jpg 0x0
rect:132 452 28 32 32
Chichi1999_18.jpg 0x0
rect:289 269 35 117 70
rect:130 302 37 130 69
rect:111 252 25 155 69
rect:337 393 23 96 69
rect:193 254 105 376 68
rect:179 189 34 101 69
Chichi1999_19.jpg 0x0
rect:207 15 232 337 2
rect:243 91 196 217 3
YogyakartaInd2006_03.jpg 0x0
rect:224 340 63 30 16
rect:235 25 123 2 15
rect:299 114 55 34 15
rect:241 214 18 9 16
rect:373 88 127 50 15
rect:275 66 59 40 16
rect:164 322 249 184 71
rect:264 438 196 35 15
Chichi1999_20.jpg 0x0
rect:274 452 60 135 41
rect:230 152 116 450 42
Chichi1999_21.jpg 0x0
rect:96 349 165 119 5
rect:440 25 326 148 37
rect:14 5 159 204 30
rect:226 328 64 137 6
rect:419 128 164 108 6
rect:334 8 118 124 57
rect:199 318 133 156 37
rect:217 102 249 269 72
Chichi1999_22.jpg 0x0
rect:405 297 15 22 73
rect:269 173 301 207 10
rect:334 231 15 19 73
rect:273 253 15 27 73
Chichi1999_23.jpg 0x0
rect:134 199 25 27 34
rect:110 188 66 51 73
rect:98 432 59 109 73
rect:4 52 480 134 74
rect:274 210 63 119 73
rect:261 162 48 56 73
rect:287 160 35 34 26
rect:355 146 30 20 27
rect:125 400 34 67 34
rect:398 214 32 73 34
Chichi1999_24.jpg 0x0
rect:303 204 45 50 46
rect:232 149 122 117 75
rect:170 185 93 53 34
rect:372 333 1 2 46
rect:3 388 286 228 74
Chichi1999_25.jpg 0x0
rect:178 232 131 412 73
rect:197 291 120 237 34
rect:174 356 46 73 26
Chichi1999_26.jpg 0x0
rect:202 17 58 31 73
rect:151 564 120 152 73
rect:138 435 67 61 26
rect:299 340 134 436 76
rect:151 474 97 150 27
rect:183 144 42 137 73
Chichi1999_27.jpg 0x0
rect:208 162 64 310 32
Chichi1999_28.jpg 0x0
rect:392 163 195 194 75
rect:172 128 101 196 5
rect:20 80 310 150 6
rect:295 222 160 86 77
Chichi1999_29.jpg 0x0
rect:105 175 143 196 48
rect:193 203 66 140 52
rect:261 226 131 174 40
Chichi1999_30.jpg 0x0
rect:37 299 119 145 73
rect:199 89 194 365 40
rect:207 268 238 50 78
rect:226 131 211 68 52
Chichi1999_31.jpg 0x0
rect:682 90 52 190 48
rect:134 71 98 270 79
Chichi1999_32.jpg 0x0
rect:181 274 38 189 81
rect:221 56 45 193 81
rect:634 149 41 192 39
rect:189 6 121 460 80
Chichi1999_33.jpg 0x0
rect:94 58 158 387 33
rect:281 62 150 301 32
rect:294 131 73 242 56
rect:385 178 37 114 49
rect:95 114 118 263 32
rect:163 157 35 154 49
Chichi1999_34.jpg 0x0
rect:110 83 301 451 10
Duzce1999_01.jpg 0x0
rect:179 53 74 391 39
rect:171 188 83 139 41
Duzce1999_02.jpg 0x0
rect:83 68 122 360 41
Duzce1999_03.jpg 0x0
rect:0 186 81 315 31
rect:252 107 88 224 31
rect:126 94 89 269 42
Gediz1970_01.jpg 0x0
rect:162 127 236 435 68
rect:225 502 61 151 69
rect:168 363 130 364 69
Guatemala1976_01.jpg 0x0
rect:28 152 811 177 82
rect:43 174 39 46 41
rect:33 138 73 84 48
rect:584 139 72 95 41
rect:330 158 155 110 48
rect:59 221 60 46 52
Guatemala1976_02.jpg 0x0
rect:228 90 205 315 48
rect:209 81 114 86 40
Guatemala1976_03.jpg 0x0
rect:13 79 584 338 75
Guatemala1976_04.jpg 0x0
rect:125 21 348 70 30
rect:480 164 120 395 4
rect:53 76 386 303 30
rect:394 312 121 214 4
Guatemala1976_05.jpg 0x0
rect:252 137 342 167 41
rect:125 129 455 170 40
rect:167 70 263 234 48
Guatemala1976_06.jpg 0x0
rect:121 106 212 434 39
Guatemala1976_07.jpg 0x0
rect:251 419 92 103 83
rect:30 230 511 343 10
rect:17 281 49 50 6
Guatemala1976_08.jpg 0x0
rect:153 32 338 465 48
rect:198 46 309 413 41
rect:367 93 126 316 40
Guatemala1976_09.jpg 0x0
rect:263 344 54 79 84
rect:864 387 63 59 84
rect:207 211 42 26 84
rect:451 239 72 37 85
rect:317 304 53 23 85
rect:73 344 28 29 85
rect:157 277 73 69 85
rect:70 205 24 27 84
Guatemala1976_10.jpg 0x0
rect:164 243 170 234 86
rect:208 156 157 140 87
rect:339 460 51 120 87
Guatemala1976_11.jpg 0x0
rect:227 287 122 271 34
GujaratIndia2001_01.jpg 0x0
rect:36 507 188 172 4
rect:388 338 77 57 11
rect:66 364 59 30 2
rect:233 533 269 106 2
Haiti2010_01.jpg 0x0
rect:263 155 152 394 41
rect:692 336 128 90 4
rect:542 312 260 233 4
rect:206 307 19 94 40
rect:142 55 101 83 7
Haiti2010_02.jpg 0x0
rect:38 93 426 170 88
rect:242 36 189 53 14
Haiti2010_03.jpg 0x0
rect:172 517 202 212 32
rect:218 518 67 56 49
rect:316 1 67 723 32
rect:208 440 177 160 89
Haiti2010_04.jpg 0x0
rect:210 320 337 412 41
rect:226 62 276 356 34
rect:2 199 298 138 6
Haiti2010_05.jpg 0x0
rect:315 223 136 86 52
rect:186 314 23 97 40
rect:205 141 274 568 90
rect:354 224 46 107 40
Haiti2010_06.jpg 0x0
rect:626 206 743 476 91
rect:405 236 95 44 6
rect:149 277 28 35 34
rect:625 229 63 302 32
rect:464 141 52 104 34
rect:220 323 348 377 91
rect:306 203 155 461 33
ImperialValley1979_01.jpg 0x0
rect:437 331 44 73 50
rect:12 213 142 94 32
rect:399 319 69 41 32
rect:422 250 18 18 49
rect:470 383 38 22 49
rect:367 275 36 45 32
rect:13 440 92 83 49
rect:45 327 101 101 50
rect:440 272 21 16 49
rect:423 391 38 41 50
rect:485 212 29 23 32
ImperialValley1979_02.jpg 0x0
rect:141 160 303 49 92
rect:285 92 247 243 32
rect:386 176 37 132 50
rect:271 208 109 47 49
rect:198 161 78 179 50
rect:408 99 114 213 50
ImperialValley1979_03.jpg 0x0
rect:227 342 115 166 50
rect:147 308 175 247 32
rect:107 269 66 229 50
rect:114 547 301 50 92
rect:168 160 172 171 32
rect:101 297 283 39 92
rect:242 266 60 211 50
Izmit1999_01.jpg 0x0
rect:279 63 58 235 27
rect:532 197 63 47 26
rect:231 113 54 186 27
rect:213 98 346 354 34
rect:282 185 42 86 27
Izmit1999_02.jpg 0x0
rect:35 121 892 319 10
Izmit1999_03.jpg 0x0
rect:336 106 43 296 50
rect:203 44 275 297 32
rect:116 111 86 281 50
rect:335 97 65 222 50
rect:207 155 55 153 50
rect:476 67 44 189 50
rect:202 214 263 29 92
rect:163 49 275 257 93
Izmit1999_04.jpg 0x0
rect:390 111 92 54 41
rect:334 75 76 103 48
rect:95 460 223 139 88
rect:159 240 115 55 88
rect:47 327 65 132 41
rect:372 265 20 53 40
rect:70 567 44 76 42
rect:468 361 24 55 40
rect:64 319 62 51 34
rect:293 386 76 83 41
Izmit1999_05.jpg 0x0
rect:128 22 706 305 10
Izmit1999_06.jpg 0x0
rect:119 188 171 347 32
rect:186 279 44 115 50
rect:115 255 81 230 50
rect:106 209 125 57 49
rect:188 185 59 209 50
rect:345 215 39 184 50
Izmit1999_07.jpg 0x0
rect:408 103 60 104 3
rect:307 251 94 329 4
rect:239 203 48 112 3
rect:22 93 400 760 2
rect:273 221 51 72 3
rect:245 68 170 38 6
rect:182 293 31 114 3
Izmit1999_08.jpg 0x0
rect:156 305 103 65 45
rect:696 90 49 30 52
rect:189 142 80 82 41
rect:186 27 111 82 34
rect:183 202 142 108 88
rect:547 6 133 87 45
rect:540 86 62 80 41
Izmit1999_09.jpg 0x0
rect:380 197 101 107 41
rect:59 219 38 43 41
rect:482 217 46 75 94
rect:333 234 49 35 41
rect:273 185 143 120 94
rect:454 198 58 87 41
Izmit1999_10.jpg 0x0
rect:95 412 331 51 78
rect:91 191 271 349 41
rect:154 465 136 29 78
rect:253 118 110 174 40
rect:198 132 66 138 40
rect:263 696 85 119 40
rect:189 286 69 176 40
rect:70 147 74 245 40
rect:223 396 78 23 78
rect:294 586 68 102 40
rect:44 272 404 39 78
Izmit1999_11.jpg 0x0
rect:383 329 78 224 40
rect:118 377 68 142 40
rect:185 184 132 190 41
rect:269 288 82 167 40
rect:231 487 107 94 41
Izmit1999_12.jpg 0x0
rect:415 144 67 57 45
rect:310 26 102 43 34
rect:479 88 30 112 41
rect:446 254 44 58 41
rect:603 233 218 188 91
rect:175 219 68 55 88
rect:20 75 41 24 6
rect:456 156 71 41 7
rect:74 223 38 48 40
rect:1 273 29 30 41
rect:412 186 47 128 42
rect:278 353 107 112 94
rect:370 135 32 21 6
rect:238 331 43 108 52
rect:52 275 61 66 52
rect:379 218 96 122 41
rect:65 101 33 21 6
rect:52 179 77 127 94
Izmit1999_13.jpg 0x0
rect:229 208 38 87 41
rect:5 89 104 228 42
rect:141 274 132 150 94
rect:112 171 57 35 6
rect:264 113 82 127 41
rect:449 160 110 190 41
rect:183 338 49 45 52
rect:139 290 38 82 41
rect:357 91 211 334 48
Izmit1999_14.jpg 0x0
rect:347 267 51 36 34
rect:330 78 63 69 34
rect:585 289 83 50 34
rect:408 54 68 49 95
rect:294 343 26 24 34
rect:583 334 71 36 34
rect:277 8 180 82 35
rect:329 200 72 70 35
rect:45 198 117 58 34
Izmit1999_15.jpg 0x0
rect:145 229 197 469 42
Izmit1999_16.jpg 0x0
rect:101 53 326 342 33
rect:217 120 45 108 40
rect:120 113 189 114 41
rect:162 78 200 217 39
Izmit1999_17.jpg 0x0
rect:108 143 183 314 41
Izmit1999_18.jpg 0x0
rect:143 116 96 192 41
rect:131 138 182 215 39
Izmit1999_19.jpg 0x0
rect:493 148 29 84 50
rect:369 189 27 72 50
rect:179 92 202 261 96
rect:218 100 279 290 32
Kobe1995_01.jpg 0x0
rect:27 180 916 114 63
Kobe1995_02.jpg 0x0
rect:2 70 595 401 68
Kobe1995_03.jpg 0x0
rect:39 52 363 745 10
Kobe1995_04.jpg 0x0
rect:299 224 69 63 41
Kobe1995_05.jpg 0x0
rect:118 414 352 163 78
rect:120 220 230 675 52
rect:37 202 422 56 78
rect:4 170 122 545 40
rect:323 129 159 414 40
Kobe1995_06.jpg 0x0
rect:53 179 337 564 41
rect:176 409 369 307 42
Kobe1995_07.jpg 0x0
rect:455 190 40 38 39
rect:126 245 54 33 39
rect:493 358 38 27 39
rect:283 187 37 53 39
rect:417 227 35 41 39
rect:338 234 42 34 39
rect:277 589 43 32 39
rect:180 295 29 29 39
rect:202 302 37 25 39
rect:48 421 45 24 39
rect:138 192 40 41 39
rect:186 369 27 27 39
rect:361 226 52 61 39
rect:507 236 47 37 39
rect:37 276 29 63 39
rect:182 142 42 36 39
rect:200 223 37 42 39
rect:173 233 31 44 39
rect:526 505 26 41 39
rect:556 114 46 42 39
rect:305 269 25 53 39
rect:299 127 21 29 39
rect:109 350 42 29 39
rect:337 435 40 47 39
rect:140 514 25 44 39
rect:84 250 44 43 39
Kobe1995_08.jpg 0x0
rect:366 59 391 239 97
Kobe1995_09.jpg 0x0
rect:68 742 75 91 88
rect:93 729 96 47 88
rect:160 713 218 70 97
rect:126 457 67 79 88
SanSalvador_1986_01.jpg 0x0
rect:50 3 79 266 68
rect:220 179 120 144 41
SanSalvador_1986_02.jpg 0x0
rect:129 248 26 51 41
rect:642 161 52 31 42
rect:588 229 26 36 41
rect:324 128 19 34 41
rect:170 181 32 40 41
rect:390 320 29 51 41
rect:186 225 36 33 41
rect:352 142 53 35 41
rect:622 279 50 48 41
SikkimIndia2001_01.jpg 0x0
rect:283 139 89 176 34
SikkimIndia2001_02.jpg 0x0
rect:-12 2 271 77 33
rect:8 5 328 68 16
rect:475 303 112 18 16
rect:368 225 106 31 16
rect:187 77 177 348 33
rect:11 117 57 55 54
rect:422 82 67 50 16
rect:468 82 152 111 33
SikkimIndia2001_03.jpg 0x0
rect:272 254 96 125 70
rect:204 12 204 428 98
rect:148 104 62 161 69
SikkimIndia2001_04.jpg 0x0
rect:259 226 86 176 34
rect:496 148 235 96 99
rect:3 31 235 348 99
SumatraInd2009_01.jpg 0x0
rect:271 20 81 280 81
SumatraInd2009_02.jpg 0x0
rect:228 62 201 131 41
WhittierNarrows1987_01.jpg 0x0
rect:15 31 733 486 10
WhittierNarrows1987_02.jpg 0x0
rect:145 336 110 231 41
WhittierNarrows1987_03.jpg 0x0
rect:219 108 129 313 32
WhittierNarrows1987_04.jpg 0x0
rect:229 59 74 232 41
rect:209 13 256 152 100
rect:162 6 211 59 6
YogyakartaInd2006_01.jpg 0x0
rect:151 -28 285 514 29
rect:172 35 399 244 32
rect:269 95 253 55 49
YogyakartaInd2006_02.jpg 0x0
rect:360 126 42 275 69
rect:279 48 176 405 98
rect:367 72 75 251 70
