Anchorage1964_01.jpg 0x0
rect:88 303 226 248 1
rect:111 5 146 148 1
Anchorage1964_02.jpg 0x0
rect:649 54 84 150 8
rect:285 337 22 88 3
rect:186 74 99 54 4
rect:154 193 44 14 6
rect:270 222 18 73 3
rect:245 32 226 63 4
rect:291 347 22 47 3
rect:215 361 19 81 3
rect:31 169 129 55 5
rect:468 205 16 45 3
rect:44 24 165 34 5
rect:102 156 51 46 7
rect:505 216 21 65 3
rect:355 290 18 41 3
rect:100 26 99 11 6
rect:107 275 25 21 6
rect:345 168 74 76 4
rect:202 322 467 101 2
rect:210 240 33 57 3
Anchorage1964_03.jpg 0x0
rect:230 105 371 166 9
rect:2 210 231 69 9
rect:0 296 641 69 10
Anchorage1964_04.jpg 0x0
rect:195 190 14 22 1
rect:175 385 44 13 5
rect:322 229 27 25 1
rect:301 468 37 25 5
rect:240 77 27 18 5
rect:245 294 24 13 5
rect:213 139 15 35 1
rect:386 321 31 17 5
rect:357 331 19 20 1
rect:131 171 36 19 5
rect:194 108 17 29 1
rect:185 291 32 18 5
rect:300 213 39 17 5
rect:294 304 11 23 1
rect:371 360 23 31 1
rect:218 336 20 20 1
rect:133 336 32 19 5
rect:260 48 44 19 5
rect:289 22 38 20 5
rect:200 202 18 21 8
rect:366 322 28 19 5
rect:367 163 24 18 5
rect:367 160 21 23 1
rect:133 65 27 13 5
rect:444 132 42 20 5
rect:245 466 27 25 5
rect:310 368 21 31 1
rect:200 111 38 17 5
rect:127 242 37 14 5
rect:385 402 29 18 5
rect:181 79 36 13 5
rect:207 153 22 27 1
rect:121 264 36 13 5
rect:225 123 26 27 5
rect:138 29 28 16 5
rect:141 143 28 19 5
rect:359 172 35 21 5
rect:261 484 41 19 2
rect:300 298 8 1 1
Anchorage1964_05.jpg 0x0
rect:56 252 27 46 1
rect:129 151 136 23 5
rect:60 89 25 42 1
rect:71 268 17 52 1
rect:33 542 26 39 1
rect:66 221 18 39 1
rect:624 455 56 60 8
rect:65 112 13 55 1
rect:450 155 53 55 1
rect:452 75 47 68 1
rect:58 395 18 54 1
rect:332 179 32 25 11
rect:338 182 136 59 2
rect:504 1 46 56 1
rect:107 27 26 50 1
rect:449 298 55 30 5
rect:157 189 95 46 6
rect:622 303 58 63 1
rect:375 117 49 75 1
rect:698 184 72 32 5
rect:293 239 20 23 11
rect:521 149 42 45 1
rect:480 22 47 71 1
rect:706 276 45 18 6
rect:714 388 48 12 6
rect:232 42 86 23 5
rect:80 71 16 43 1
rect:418 212 57 63 8
rect:185 35 119 52 6
Anchorage1964_06.jpg 0x0
rect:221 250 75 72 11
rect:195 106 106 212 3
rect:84 80 217 285 12
Anchorage1964_07.jpg 0x0
rect:253 315 354 247 2
rect:299 156 65 98 13
rect:16 268 210 39 11
rect:6 46 846 333 2
rect:196 2 87 85 2
rect:507 157 60 65 11
rect:239 139 139 121 11
rect:7 237 398 37 14
rect:255 117 53 99 3
Anchorage1964_08.jpg 0x0
rect:64 90 91 101 1
rect:392 394 116 126 1
rect:347 229 152 93 1
rect:40 463 107 144 1
rect:49 284 116 118 1
rect:382 33 134 140 1
Anchorage1964_09.jpg 0x0
rect:133 125 73 69 1
rect:477 110 78 72 1
rect:848 154 1 1 16
rect:710 294 97 71 8
rect:486 10 217 15 15
rect:744 157 156 16 15
rect:91 31 76 86 8
rect:12 116 106 18 15
rect:123 102 218 12 15
rect:11 15 284 15 15
rect:585 199 66 53 1
rect:112 223 80 84 8
rect:287 126 68 88 1
rect:65 177 70 10 16
rect:528 10 130 8 16
rect:15 149 21 7 16
rect:672 38 59 66 8
rect:16 15 75 11 16
rect:564 92 135 19 15
Anchorage1964_10.jpg 0x0
rect:50 217 296 334 1
rect:196 287 65 117 17
rect:88 528 291 137 18
rect:188 177 240 109 18
Anchorage1964_11.jpg 0x0
rect:73 135 460 95 2
rect:754 117 186 119 1
rect:49 337 630 12 14
rect:67 388 790 22 14
rect:153 53 166 130 4
rect:453 7 77 47 1
rect:237 192 283 21 15
rect:210 226 207 29 11
Anchorage1964_12.jpg 0x0
rect:197 222 31 115 3
rect:328 70 38 230 3
rect:11 75 403 200 2
rect:401 93 125 185 11
rect:288 59 59 267 3
Anchorage1964_13.jpg 0x0
rect:501 413 96 16 19
rect:247 616 242 21 2
rect:594 437 36 162 20
Anchorage1964_14.jpg 0x0
rect:73 448 39 52 22
rect:442 520 176 86 23
rect:192 243 70 78 21
rect:182 438 36 72 22
rect:94 285 171 42 15
rect:9 777 162 99 11
rect:261 301 114 72 15
rect:291 5 104 183 11
rect:21 404 34 55 22
rect:242 14 108 560 20
rect:233 12 78 190 11
rect:39 480 52 91 22
Anchorage1964_15.jpg 0x0
rect:331 448 270 59 2
rect:218 236 160 52 15
rect:273 114 45 79 11
rect:366 313 114 56 11
rect:504 303 133 49 24
rect:293 11 54 66 4
rect:149 92 50 499 20
rect:199 154 62 119 25
rect:332 11 122 84 4
Anchorage1964_16.jpg 0x0
rect:70 336 79 83 11
rect:436 283 158 242 2
rect:255 274 247 247 11
rect:238 66 263 153 2
rect:10 358 61 64 2
rect:15 126 180 170 2
Anchorage1964_17.jpg 0x0
rect:9 122 213 122 9
rect:194 39 193 175 9
rect:7 165 704 213 10
Anchorage1964_18.jpg 0x0
rect:187 247 71 106 4
rect:480 259 94 23 2
rect:670 288 82 21 2
rect:487 147 107 99 4
rect:392 243 26 16 2
rect:408 116 106 92 4
rect:454 203 231 28 15
rect:176 386 77 60 11
rect:160 277 14 61 11
rect:249 222 41 71 11
Anchorage1964_19.jpg 0x0
rect:25 233 42 86 27
rect:496 298 16 30 26
rect:384 390 61 95 26
rect:501 83 33 31 26
rect:255 115 45 37 26
rect:7 267 84 193 26
rect:417 228 39 37 28
rect:549 127 7 18 26
rect:561 182 35 45 28
rect:528 232 11 31 26
rect:343 85 33 39 27
rect:371 114 42 74 29
rect:232 78 84 131 29
rect:450 168 17 33 26
rect:569 179 8 27 26
rect:590 204 7 14 26
rect:477 116 27 64 29
rect:785 159 8 7 26
Anchorage1964_20.jpg 0x0
rect:227 111 95 44 27
rect:160 84 111 152 29
rect:261 94 113 79 26
rect:152 389 85 107 26
rect:357 605 43 64 26
Anchorage1964_21.jpg 0x0
rect:57 253 39 26 26
rect:2 74 38 40 26
rect:-6 88 87 198 29
rect:160 148 753 205 30
Bingol2003_01.jpg 0x0
rect:2 442 1060 188 10
rect:454 160 47 129 34
rect:634 98 164 254 31
rect:354 349 124 120 6
rect:571 296 58 60 34
rect:999 356 96 60 33
rect:356 366 52 197 32
rect:835 485 65 52 33
rect:756 167 118 58 6
rect:671 363 227 54 6
rect:211 233 66 90 33
rect:505 343 118 150 31
rect:696 167 61 56 6
rect:198 271 84 64 33
rect:810 344 92 68 6
rect:36 243 54 78 33
rect:213 62 83 25 6
rect:642 196 117 70 33
rect:612 58 89 79 6
Bingol2003_02.jpg 0x0
rect:356 353 130 109 26
rect:315 239 71 101 6
rect:197 216 95 476 32
rect:125 607 110 234 32
rect:190 219 611 347 31
rect:1054 70 177 93 36
rect:359 230 301 109 35
rect:127 125 496 180 34
Bingol2003_03.jpg 0x0
rect:344 260 232 83 11
rect:121 23 165 33 2
rect:706 503 260 278 2
rect:141 47 112 145 33
rect:465 262 228 805 4
rect:382 168 328 233 2
rect:854 -8 297 227 4
Bingol2003_04.jpg 0x0
rect:56 452 17 82 3
rect:159 739 33 70 3
rect:358 326 159 149 4
rect:403 414 114 85 2
rect:165 364 227 126 2
rect:96 508 73 73 2
rect:335 353 39 85 3
rect:248 587 26 84 3
CanterburyNZSeries2010_01.jpg 0x0
rect:127 121 147 208 12
CanterburyNZSeries2010_02.jpg 0x0
rect:46 11 137 226 37
rect:44 52 151 248 6
CanterburyNZSeries2010_03.jpg 0x0
rect:54 53 255 140 38
CanterburyNZSeries2010_04.jpg 0x0
rect:207 231 221 441 39
rect:219 411 29 150 40
rect:402 481 42 148 40
rect:186 570 65 295 41
rect:302 8 68 127 42
rect:296 440 29 47 40
rect:275 382 19 44 40
rect:288 377 26 79 40
CanterburyNZSeries2010_05.jpg 0x0
rect:293 183 119 78 15
rect:230 322 171 409 4
CanterburyNZSeries2010_06.jpg 0x0
rect:85 79 754 439 4
rect:237 271 230 120 2
CanterburyNZSeries2010_08.jpg 0x0
rect:745 357 28 219 32
rect:1147 451 54 109 44
rect:985 356 81 135 44
rect:496 106 141 246 43
CanterburyNZSeries2010_09.jpg 0x0
rect:212 216 119 269 39
rect:181 138 217 237 45
CanterburyNZSeries2010_10.jpg 0x0
rect:306 233 217 85 7
rect:283 323 444 251 6
rect:218 602 300 113 6
rect:264 234 140 94 46
CanterburyNZSeries2010_11.jpg 0x0
rect:339 235 271 149 7
rect:344 422 310 273 5
CanterburyNZSeries2010_12.jpg 0x0
rect:559 492 138 47 11
rect:5 331 847 527 47
rect:64 403 615 241 2
rect:168 376 116 54 11
CanterburyNZSeries2010_13.jpg 0x0
rect:166 18 402 512 12
rect:460 142 138 540 11
Caracas1967_01.jpg 0x0
rect:361 79 187 350 48
rect:206 169 13 77 48
rect:327 134 50 121 48
rect:447 140 57 109 48
Caracas1967_02.jpg 0x0
rect:139 321 51 79 49
rect:278 1 82 128 15
rect:136 207 233 314 51
rect:127 329 31 30 50
Caracas1967_03.jpg 0x0
rect:232 438 118 185 34
rect:381 273 78 66 26
rect:369 332 41 73 27
rect:209 91 81 72 14
rect:13 479 326 104 6
rect:345 290 28 112 27
Caracas1967_04.jpg 0x0
rect:111 293 158 156 34
rect:120 368 25 121 27
rect:187 261 44 88 26
Caracas1967_05.jpg 0x0
rect:404 190 38 119 40
rect:37 114 286 605 48
rect:224 338 39 200 40
rect:144 301 52 288 40
rect:53 176 289 557 41
rect:381 264 54 234 40
rect:174 325 71 276 40
rect:246 244 99 188 52
rect:68 286 179 244 52
rect:77 247 75 337 40
Caracas1967_06.jpg 0x0
rect:364 278 62 43 6
rect:330 74 256 277 7
Caracas1967_07.jpg 0x0
rect:489 240 119 125 53
rect:405 232 165 343 34
rect:258 9 64 323 34
rect:422 50 23 232 27
rect:270 100 39 182 27
rect:543 461 115 61 53
rect:182 113 208 177 34
Caracas1967_08.jpg 0x0
rect:271 282 48 123 55
rect:222 242 65 117 54
rect:328 166 81 117 54
Caracas1967_09.jpg 0x0
rect:376 12 298 137 48
rect:106 175 48 52 48
rect:21 184 49 55 48
rect:142 114 98 74 48
Caracas1967_10.jpg 0x0
rect:372 327 78 148 40
rect:20 191 550 302 48
rect:245 294 111 227 40
rect:37 163 211 285 41
Caracas1967_11.jpg 0x0
rect:48 12 440 901 48
rect:212 13 189 352 41
rect:71 175 194 629 41
Caracas1967_12.jpg 0x0
rect:528 470 23 43 32
rect:389 280 44 37 34
rect:207 235 24 54 56
rect:863 286 24 56 32
Caracas1967_13.jpg 0x0
rect:183 483 169 220 55
Caracas1967_14.jpg 0x0
rect:101 357 357 36 6
rect:157 102 812 202 57
Chichi1999_01.jpg 0x0
rect:329 177 42 147 42
rect:4 8 744 185 58
Chichi1999_02.jpg 0x0
rect:299 144 143 310 59
rect:6 105 345 206 58
Chichi1999_03.jpg 0x0
rect:0 109 782 162 58
rect:99 209 73 73 60
Chichi1999_04.jpg 0x0
rect:218 323 26 65 52
rect:161 220 61 460 48
rect:256 -15 66 145 48
Chichi1999_05.jpg 0x0
rect:280 91 73 200 48
rect:415 223 37 76 52
rect:323 92 58 68 41
rect:275 183 30 34 41
Chichi1999_06.jpg 0x0
rect:177 15 425 206 10
rect:444 276 24 34 52
rect:391 135 56 78 62
rect:387 153 59 66 48
rect:850 236 43 68 41
rect:695 -12 84 92 61
Chichi1999_07.jpg 0x0
rect:671 219 56 88 48
rect:659 321 15 18 64
rect:345 165 52 123 48
rect:113 208 36 143 48
rect:52 246 742 151 63
rect:291 248 25 30 64
rect:222 202 25 49 64
Chichi1999_08.jpg 0x0
rect:117 17 720 416 10
Chichi1999_09.jpg 0x0
rect:234 93 28 93 40
rect:196 81 247 138 48
rect:218 135 161 124 41
rect:249 129 46 82 40
Chichi1999_10.jpg 0x0
rect:179 21 571 413 10
Chichi1999_11.jpg 0x0
rect:145 271 133 71 65
rect:2 141 141 384 10
Chichi1999_12.jpg 0x0
rect:9 26 305 803 66
Chichi1999_13.jpg 0x0
rect:37 53 737 303 10
Chichi1999_14.jpg 0x0
rect:86 354 36 42 67
rect:79 260 48 64 67
rect:352 387 36 39 39
rect:153 180 40 59 67
rect:112 366 28 51 67
rect:110 338 55 75 67
rect:218 203 17 41 67
rect:138 625 32 55 67
rect:198 355 38 32 67
rect:249 487 25 30 39
rect:210 363 38 52 67
rect:379 583 64 53 67
rect:365 394 43 61 39
rect:223 405 24 61 67
rect:339 320 31 50 67
rect:252 366 19 29 39
rect:177 241 60 39 67
Chichi1999_15.jpg 0x0
rect:322 29 233 386 41
Chichi1999_16.jpg 0x0
rect:212 109 70 109 32
Chichi1999_17.jpg 0x0
rect:155 441 18 53 32
Chichi1999_18.jpg 0x0
rect:324 395 59 136 70
rect:197 223 29 71 69
rect:181 328 26 114 69
rect:229 365 28 113 69
rect:250 227 26 100 69
rect:183 195 193 426 68
Chichi1999_19.jpg 0x0
rect:209 94 164 313 3
rect:182 25 204 389 2
YogyakartaInd2006_03.jpg 0x0
rect:195 140 89 29 15
rect:267 76 65 43 16
rect:224 503 289 25 15
rect:263 351 278 176 71
rect:344 62 117 46 15
rect:193 29 112 2 15
rect:315 351 57 35 16
rect:170 208 16 7 16
Chichi1999_20.jpg 0x0
rect:345 323 49 257 41
rect:173 209 94 423 42
Chichi1999_21.jpg 0x0
rect:21 4 171 106 30
rect:278 27 220 149 37
rect:264 89 147 153 6
rect:447 7 105 81 57
rect:327 333 113 137 6
rect:255 329 192 183 37
rect:248 131 153 191 72
rect:98 369 191 138 5
Chichi1999_22.jpg 0x0
rect:185 237 17 15 73
rect:184 291 17 19 73
rect:257 190 233 199 10
rect:366 260 11 24 73
Chichi1999_23.jpg 0x0
rect:147 325 53 56 34
rect:325 222 34 70 73
rect:218 326 53 136 73
rect:4 72 648 209 74
rect:355 154 41 18 27
rect:328 185 30 32 26
rect:137 131 65 39 73
rect:93 412 61 84 73
rect:267 326 48 83 34
rect:175 119 31 30 34
Chichi1999_24.jpg 0x0
rect:179 225 74 40 34
rect:130 196 97 93 75
rect:3 433 257 171 74
rect:288 354 1 2 46
rect:177 196 46 66 46
Chichi1999_25.jpg 0x0
rect:181 193 91 242 34
rect:208 155 124 245 73
rect:153 305 32 94 26
Chichi1999_26.jpg 0x0
rect:221 22 57 39 73
rect:108 567 91 191 73
rect:233 152 41 126 73
rect:154 677 84 72 26
rect:243 303 100 379 76
rect:138 427 105 111 27
Chichi1999_27.jpg 0x0
rect:198 252 101 319 32
Chichi1999_28.jpg 0x0
rect:185 110 161 207 5
rect:294 157 210 237 75
rect:353 296 280 90 77
rect:21 56 202 170 6
Chichi1999_29.jpg 0x0
rect:182 151 129 136 40
rect:188 195 227 247 48
rect:256 223 53 144 52
Chichi1999_30.jpg 0x0
rect:239 140 203 73 78
rect:37 235 114 209 73
rect:152 162 247 58 52
rect:245 145 320 394 40
Chichi1999_31.jpg 0x0
rect:199 87 151 246 79
rect:581 85 62 193 48
Chichi1999_32.jpg 0x0
rect:191 50 59 129 81
rect:470 142 56 180 39
rect:123 10 104 318 80
rect:218 182 41 182 81
Chichi1999_33.jpg 0x0
rect:324 185 44 111 49
rect:210 90 103 214 32
rect:170 150 54 115 49
rect:93 66 154 366 33
rect:280 100 96 228 56
rect:110 154 119 167 32
Chichi1999_34.jpg 0x0
rect:113 87 373 323 10
Duzce1999_01.jpg 0x0
rect:141 148 118 104 41
rect:151 62 101 352 39
Duzce1999_02.jpg 0x0
rect:62 37 156 483 41
Duzce1999_03.jpg 0x0
rect:248 129 71 268 31
rect:122 72 117 339 42
rect:0 121 93 294 31
Gediz1970_01.jpg 0x0
rect:292 565 64 236 69
rect:169 122 327 382 68
rect:134 282 121 242 69
Guatemala1976_01.jpg 0x0
rect:51 262 44 55 52
rect:574 143 54 63 41
rect:62 174 50 45 41
rect:514 110 168 143 48
rect:21 156 437 204 82
rect:55 167 127 82 48
Guatemala1976_02.jpg 0x0
rect:142 82 265 317 48
rect:268 51 68 75 40
Guatemala1976_03.jpg 0x0
rect:17 112 829 357 75
Guatemala1976_04.jpg 0x0
rect:421 220 139 252 4
rect:40 75 494 245 30
rect:419 327 106 195 4
rect:155 27 486 87 30
Guatemala1976_05.jpg 0x0
rect:148 62 306 332 48
rect:199 94 323 232 40
rect:156 151 253 141 41
Guatemala1976_06.jpg 0x0
rect:123 79 282 435 39
Guatemala1976_07.jpg 0x0
rect:18 271 71 47 6
rect:28 320 578 397 10
rect:177 604 92 78 83
Guatemala1976_08.jpg 0x0
rect:166 36 289 430 48
rect:225 45 451 357 41
rect:305 78 209 240 40
Guatemala1976_09.jpg 0x0
rect:507 255 50 48 85
rect:94 293 30 31 84
rect:800 373 69 80 84
rect:82 317 36 29 85
rect:473 362 42 79 84
rect:176 311 40 30 84
rect:426 365 50 32 85
rect:191 271 52 53 85
Guatemala1976_10.jpg 0x0
rect:138 91 234 198 87
rect:281 333 30 84 87
rect:282 134 312 240 86
Guatemala1976_11.jpg 0x0
rect:246 304 106 228 34
GujaratIndia2001_01.jpg 0x0
rect:68 345 84 25 2
rect:284 539 58 69 11
rect:30 348 187 120 4
rect:157 431 200 98 2
Haiti2010_01.jpg 0x0
rect:208 192 25 135 40
rect:135 39 108 95 7
rect:370 181 82 79 4
rect:540 382 242 270 4
rect:320 120 173 324 41
Haiti2010_02.jpg 0x0
rect:324 37 144 40 14
rect:35 113 338 177 88
Haiti2010_03.jpg 0x0
rect:166 467 170 225 89
rect:276 692 79 49 49
rect:277 1 45 653 32
rect:268 478 149 156 32
Haiti2010_04.jpg 0x0
rect:188 263 315 382 41
rect:229 56 195 304 34
rect:2 136 223 161 6
Haiti2010_05.jpg 0x0
rect:195 181 123 82 52
rect:323 204 272 468 90
rect:320 290 30 99 40
rect:302 334 39 78 40
Haiti2010_06.jpg 0x0
rect:380 132 220 296 33
rect:558 138 86 57 6
rect:144 273 377 481 91
rect:591 135 771 519 91
rect:527 197 62 225 32
rect:184 289 47 56 34
rect:364 125 77 72 34
ImperialValley1979_01.jpg 0x0
rect:62 342 110 136 50
rect:588 317 57 29 32
rect:17 288 94 72 49
rect:525 234 34 39 32
rect:512 350 19 25 49
rect:15 335 99 166 32
rect:293 315 60 53 32
rect:512 385 36 32 50
rect:350 266 32 26 49
rect:344 357 60 51 50
rect:504 324 17 18 49
ImperialValley1979_02.jpg 0x0
rect:300 144 62 172 50
rect:220 111 81 187 50
rect:158 141 390 68 92
rect:212 224 163 48 49
rect:188 115 167 332 32
rect:251 147 69 207 50
ImperialValley1979_03.jpg 0x0
rect:107 506 183 42 92
rect:127 282 319 32 92
rect:179 293 78 180 50
rect:281 377 56 249 50
rect:161 174 193 104 32
rect:88 199 88 207 50
rect:131 296 173 172 32
Izmit1999_01.jpg 0x0
rect:316 96 49 179 27
rect:216 98 492 294 34
rect:326 122 46 188 27
rect:561 357 70 76 26
rect:253 263 27 121 27
Izmit1999_02.jpg 0x0
rect:35 94 749 247 10
Izmit1999_03.jpg 0x0
rect:125 238 394 36 92
rect:159 69 78 207 50
rect:313 66 25 162 50
rect:372 80 47 237 50
rect:273 128 53 198 50
rect:181 75 312 334 32
rect:488 114 37 186 50
rect:205 37 381 378 93
Izmit1999_04.jpg 0x0
rect:382 64 71 86 41
rect:471 399 24 69 40
rect:77 439 32 81 42
rect:124 532 299 121 88
rect:456 328 20 52 40
rect:322 75 107 71 48
rect:44 326 53 109 41
rect:65 280 73 63 34
rect:321 325 82 96 41
rect:108 331 176 63 88
Izmit1999_05.jpg 0x0
rect:81 29 745 439 10
Izmit1999_06.jpg 0x0
rect:242 279 30 208 50
rect:67 323 61 167 50
rect:330 186 45 170 50
rect:157 210 104 101 49
rect:104 119 251 415 32
rect:178 207 105 206 50
Izmit1999_07.jpg 0x0
rect:287 242 32 143 3
rect:162 289 49 103 3
rect:229 190 64 122 3
rect:466 66 144 41 6
rect:391 357 77 399 4
rect:22 143 287 460 2
rect:310 139 75 64 3
Izmit1999_08.jpg 0x0
rect:624 101 52 23 52
rect:179 34 72 87 34
rect:285 242 173 143 88
rect:128 406 62 119 45
rect:568 5 127 61 45
rect:433 75 63 100 41
rect:121 160 77 63 41
Izmit1999_09.jpg 0x0
rect:285 330 144 74 94
rect:219 221 43 36 41
rect:59 201 38 58 41
rect:278 289 76 85 41
rect:682 174 64 87 41
rect:726 163 45 59 94
Izmit1999_10.jpg 0x0
rect:260 142 118 180 40
rect:196 239 60 174 40
rect:177 203 72 180 40
rect:104 141 318 602 41
rect:113 309 363 51 78
rect:55 163 337 37 78
rect:343 543 106 137 40
rect:73 144 88 232 40
rect:368 401 82 29 78
rect:284 465 41 74 40
rect:216 540 155 44 78
Izmit1999_11.jpg 0x0
rect:419 343 96 205 40
rect:233 195 96 180 41
rect:195 336 81 136 40
rect:209 340 120 114 41
rect:289 222 55 208 40
Izmit1999_12.jpg 0x0
rect:413 151 226 172 91
rect:120 78 45 22 6
rect:48 332 50 85 94
rect:329 219 53 93 42
rect:306 114 67 63 45
rect:430 315 72 79 52
rect:72 273 57 59 52
rect:593 110 54 74 41
rect:358 239 54 49 41
rect:367 281 70 94 41
rect:15 89 37 26 6
rect:362 21 104 59 34
rect:1 153 24 28 41
rect:383 220 122 143 94
rect:125 243 97 62 88
rect:94 257 24 57 40
rect:268 223 49 35 6
rect:531 112 68 47 7
Izmit1999_13.jpg 0x0
rect:6 74 110 171 42
rect:156 289 24 109 41
rect:120 257 63 65 52
rect:122 153 41 34 6
rect:175 157 80 122 94
rect:196 113 53 133 41
rect:203 301 53 105 41
rect:241 85 199 447 48
rect:270 141 105 200 41
Izmit1999_14.jpg 0x0
rect:395 241 94 30 34
rect:380 305 29 21 34
rect:284 397 44 40 34
rect:353 350 78 51 34
rect:491 59 61 60 95
rect:366 9 205 92 35
rect:552 99 99 95 34
rect:71 164 85 80 34
rect:345 159 99 91 35
Izmit1999_15.jpg 0x0
rect:129 249 274 499 42
Izmit1999_16.jpg 0x0
rect:112 53 348 353 33
rect:197 91 244 133 41
rect:99 48 259 387 39
rect:209 105 32 86 40
Izmit1999_17.jpg 0x0
rect:87 142 208 220 41
Izmit1999_18.jpg 0x0
rect:219 192 105 337 39
rect:190 122 130 107 41
Izmit1999_19.jpg 0x0
rect:547 190 25 68 50
rect:224 167 306 215 32
rect:562 137 24 83 50
rect:184 64 263 270 96
Kobe1995_01.jpg 0x0
rect:28 137 660 197 63
Kobe1995_02.jpg 0x0
rect:2 61 466 650 68
Kobe1995_03.jpg 0x0
rect:36 60 625 725 10
Kobe1995_04.jpg 0x0
rect:236 401 71 36 41
Kobe1995_05.jpg 0x0
rect:150 177 206 437 52
rect:232 155 211 492 40
rect:4 118 130 699 40
rect:117 690 311 166 78
rect:54 281 357 77 78
Kobe1995_06.jpg 0x0
rect:64 144 389 583 41
rect:138 283 344 332 42
Kobe1995_07.jpg 0x0
rect:467 171 30 32 39
rect:174 107 28 46 39
rect:353 389 26 52 39
rect:340 323 42 34 39
rect:362 236 29 37 39
rect:549 415 35 44 39
rect:36 338 48 37 39
rect:345 252 36 35 39
rect:369 222 37 26 39
rect:159 149 43 45 39
rect:133 297 34 36 39
rect:275 284 37 22 39
rect:447 324 44 31 39
rect:51 312 44 48 39
rect:443 166 43 35 39
rect:285 504 31 28 39
rect:189 482 36 40 39
rect:449 176 33 41 39
rect:291 147 26 36 39
rect:128 286 42 36 39
rect:326 341 26 26 39
rect:193 365 41 33 39
rect:224 184 40 47 39
rect:231 227 27 52 39
rect:170 201 26 42 39
rect:210 532 52 32 39
Kobe1995_08.jpg 0x0
rect:248 59 315 197 97
Kobe1995_09.jpg 0x0
rect:72 709 89 68 88
rect:112 675 64 60 88
rect:176 720 217 81 97
rect:104 400 68 61 88
SanSalvador_1986_01.jpg 0x0
rect:330 132 76 126 41
rect:64 3 74 201 68
SanSalvador_1986_02.jpg 0x0
rect:598 136 34 57 42
rect:172 226 34 30 41
rect:253 215 31 50 41
rect:126 230 29 29 41
rect:268 247 33 43 41
rect:552 187 44 43 41
rect:185 213 30 32 41
rect:664 205 42 49 41
rect:258 97 18 19 41
SikkimIndia2001_01.jpg 0x0
rect:183 181 125 97 34
SikkimIndia2001_02.jpg 0x0
rect:303 210 68 42 16
rect:429 103 153 201 33
rect:-18 2 412 108 33
rect:361 312 99 18 16
rect:10 135 54 56 54
rect:128 72 215 460 33
rect:11 6 255 99 16
rect:530 86 93 33 16
SikkimIndia2001_03.jpg 0x0
rect:234 264 90 121 70
rect:219 14 163 468 98
rect:257 107 94 231 69
SikkimIndia2001_04.jpg 0x0
rect:3 31 286 263 99
rect:365 154 330 101 99
rect:314 147 127 178 34
SumatraInd2009_01.jpg 0x0
rect:348 31 75 321 81
SumatraInd2009_02.jpg 0x0
rect:191 62 225 147 41
WhittierNarrows1987_01.jpg 0x0
rect:12 36 551 355 10
WhittierNarrows1987_02.jpg 0x0
rect:175 334 89 358 41
WhittierNarrows1987_03.jpg 0x0
rect:190 174 129 229 32
WhittierNarrows1987_04.jpg 0x0
rect:229 8 394 68 6
rect:162 64 99 255 41
rect:285 10 284 120 100
YogyakartaInd2006_01.jpg 0x0
rect:253 130 224 76 49
rect:222 -23 431 570 29
rect:172 45 287 322 32
YogyakartaInd2006_02.jpg 0x0
rect:260 125 69 204 69
rect:389 65 183 551 98
rect:449 106 80 175 70
