Anchorage1964_01.jpg 0x0
rect:76 349 295 290 1
rect:95 7 236 208 1
Anchorage1964_02.jpg 0x0
rect:97 47 113 14 6
rect:150 262 56 19 6
rect:401 300 13 44 3
rect:450 66 165 94 8
rect:238 71 92 56 4
rect:104 291 31 15 6
rect:169 211 400 110 2
rect:397 187 27 60 3
rect:380 189 22 53 3
rect:409 183 80 47 4
rect:462 304 26 53 3
rect:489 233 12 38 3
rect:226 28 242 78 4
rect:144 183 71 50 7
rect:26 251 198 51 5
rect:43 20 188 49 5
rect:165 285 19 56 3
rect:321 183 29 75 3
rect:222 279 30 75 3
Anchorage1964_03.jpg 0x0
rect:0 195 702 79 10
rect:299 73 340 144 9
rect:2 290 174 87 9
Anchorage1964_04.jpg 0x0
rect:339 399 10 1 1
rect:365 62 46 15 5
rect:204 244 27 19 5
rect:459 219 26 23 5
rect:369 374 15 19 1
rect:229 170 17 20 1
rect:204 357 26 13 5
rect:329 98 31 18 5
rect:333 383 26 12 5
rect:354 37 30 25 5
rect:259 393 37 23 5
rect:280 444 36 17 5
rect:368 383 32 26 5
rect:284 156 26 29 1
rect:388 189 40 16 5
rect:164 58 32 14 5
rect:360 231 15 29 1
rect:289 277 17 26 1
rect:124 118 26 18 5
rect:140 409 47 18 5
rect:380 168 31 24 5
rect:316 199 19 30 1
rect:276 192 16 25 1
rect:236 302 27 29 1
rect:388 96 32 20 5
rect:292 409 18 24 1
rect:312 318 29 13 5
rect:168 278 34 14 5
rect:284 209 28 22 8
rect:135 126 20 23 5
rect:175 522 44 20 5
rect:134 297 28 24 5
rect:129 121 29 19 5
rect:197 22 22 18 5
rect:314 415 12 24 1
rect:254 283 30 20 5
rect:124 288 26 18 5
rect:307 220 24 34 1
rect:185 582 61 17 2
Anchorage1964_05.jpg 0x0
rect:737 193 60 33 5
rect:564 139 46 51 1
rect:80 231 27 33 1
rect:97 19 21 38 1
rect:460 269 39 78 1
rect:211 40 126 40 6
rect:265 140 170 79 2
rect:97 334 15 47 1
rect:369 1 38 44 1
rect:34 331 29 45 1
rect:142 185 125 50 6
rect:573 300 36 55 8
rect:84 88 30 35 1
rect:159 141 153 25 5
rect:318 67 54 45 1
rect:433 361 48 77 8
rect:359 285 52 21 11
rect:396 22 46 73 1
rect:53 120 16 55 1
rect:660 364 56 34 5
rect:179 34 103 29 5
rect:741 357 48 16 6
rect:542 252 38 48 1
rect:402 215 17 16 11
rect:602 186 56 21 6
rect:39 349 28 46 1
rect:43 267 17 49 1
rect:125 103 20 52 1
rect:513 115 32 80 1
Anchorage1964_06.jpg 0x0
rect:211 107 102 287 3
rect:192 258 70 110 11
rect:92 79 275 439 12
Anchorage1964_07.jpg 0x0
rect:196 164 193 123 11
rect:379 121 58 79 13
rect:155 2 132 57 2
rect:315 260 93 87 11
rect:16 297 184 31 11
rect:338 159 42 142 3
rect:6 65 718 398 2
rect:8 287 522 43 14
rect:315 308 246 248 2
Anchorage1964_08.jpg 0x0
rect:321 243 120 123 1
rect:40 93 102 153 1
rect:61 384 130 111 1
rect:32 475 73 166 1
rect:287 572 85 143 1
rect:356 40 89 145 1
Anchorage1964_09.jpg 0x0
rect:94 48 75 65 8
rect:10 163 109 15 15
rect:488 129 127 30 15
rect:16 15 44 11 16
rect:279 121 55 91 1
rect:368 25 79 79 8
rect:595 10 78 11 16
rect:518 147 151 15 15
rect:242 127 61 64 1
rect:103 230 51 62 8
rect:13 13 333 18 15
rect:61 103 74 8 16
rect:19 175 15 10 16
rect:666 186 1 1 16
rect:570 188 68 68 8
rect:96 201 95 69 1
rect:501 109 67 95 1
rect:581 6 325 15 15
rect:185 170 318 15 15
Anchorage1964_10.jpg 0x0
rect:84 370 384 162 18
rect:188 346 101 159 17
rect:131 164 178 69 18
rect:69 175 363 294 1
Anchorage1964_11.jpg 0x0
rect:55 443 764 14 14
rect:68 522 456 16 14
rect:786 121 156 123 1
rect:220 148 318 22 15
rect:79 236 454 79 2
rect:372 298 264 39 11
rect:500 8 121 44 1
rect:178 47 185 135 4
Anchorage1964_12.jpg 0x0
rect:134 219 26 110 3
rect:338 89 40 192 3
rect:409 83 191 168 11
rect:10 87 598 346 2
rect:262 77 67 206 3
Anchorage1964_13.jpg 0x0
rect:350 478 165 21 2
rect:323 543 92 10 19
rect:519 465 34 212 20
Anchorage1964_14.jpg 0x0
rect:10 400 205 62 11
rect:23 530 26 56 22
rect:334 647 178 58 23
rect:316 14 61 305 11
rect:418 181 207 44 15
rect:190 361 78 103 21
rect:148 15 116 498 20
rect:140 771 55 68 22
rect:108 465 31 53 22
rect:362 6 73 120 11
rect:106 279 114 35 15
rect:38 451 45 65 22
Anchorage1964_15.jpg 0x0
rect:150 70 85 564 20
rect:308 89 35 86 25
rect:446 303 84 45 24
rect:449 8 78 77 4
rect:227 10 67 78 4
rect:199 507 218 50 2
rect:269 139 44 86 11
rect:256 281 156 50 15
rect:457 177 88 55 11
Anchorage1964_16.jpg 0x0
rect:428 282 140 168 2
rect:87 286 67 87 11
rect:14 152 138 203 2
rect:260 63 328 148 2
rect:234 230 212 154 11
rect:10 358 47 94 2
Anchorage1964_17.jpg 0x0
rect:10 94 323 142 9
rect:8 170 505 214 10
rect:293 49 265 245 9
Anchorage1964_18.jpg 0x0
rect:274 293 31 47 11
rect:613 125 138 85 4
rect:378 254 101 21 2
rect:360 209 384 31 15
rect:551 142 139 101 4
rect:171 259 15 40 11
rect:672 391 81 20 2
rect:177 248 62 135 4
rect:355 285 43 23 2
rect:153 366 61 39 11
Anchorage1964_19.jpg 0x0
rect:521 185 11 26 26
rect:279 77 83 130 29
rect:315 78 46 97 29
rect:407 74 28 37 27
rect:671 183 48 36 28
rect:608 176 28 71 29
rect:429 155 41 26 26
rect:580 123 8 6 26
rect:6 329 57 196 26
rect:447 208 11 21 26
rect:924 200 7 13 26
rect:452 288 16 37 26
rect:321 138 7 20 26
rect:629 209 44 27 28
rect:229 79 56 51 26
rect:506 107 12 31 26
rect:34 319 41 102 27
rect:327 375 49 92 26
Anchorage1964_20.jpg 0x0
rect:141 77 110 77 26
rect:417 467 35 82 26
rect:250 82 63 48 27
rect:206 459 50 159 26
rect:234 70 177 128 29
Anchorage1964_21.jpg 0x0
rect:47 388 23 37 26
rect:-7 86 112 136 29
rect:124 161 682 168 30
rect:2 102 40 32 26
Bingol2003_01.jpg 0x0
rect:152 164 87 67 33
rect:345 223 50 150 32
rect:446 496 76 77 6
rect:351 194 35 134 34
rect:510 331 53 82 6
rect:669 156 74 71 33
rect:26 282 48 53 33
rect:386 397 37 71 34
rect:281 73 97 28 6
rect:419 144 111 55 6
rect:634 593 107 33 33
rect:535 591 160 69 6
rect:516 80 79 48 6
rect:2 328 774 191 10
rect:365 313 43 41 6
rect:594 245 154 216 31
rect:925 337 103 50 33
rect:210 146 74 82 33
rect:493 105 150 165 31
Bingol2003_02.jpg 0x0
rect:199 89 517 209 34
rect:590 409 98 88 26
rect:749 66 172 96 36
rect:202 310 91 273 32
rect:596 291 526 119 35
rect:216 317 898 486 31
rect:107 546 138 249 32
rect:410 448 80 109 6
Bingol2003_03.jpg 0x0
rect:114 25 189 26 2
rect:466 178 278 126 2
rect:549 255 321 756 4
rect:1038 540 302 479 2
rect:869 -6 285 231 4
rect:541 145 171 68 11
rect:113 44 146 119 33
Bingol2003_04.jpg 0x0
rect:79 707 100 83 2
rect:168 551 35 77 3
rect:68 429 29 75 3
rect:287 336 174 204 4
rect:289 708 114 91 2
rect:224 484 39 133 3
rect:92 794 31 93 3
rect:114 299 282 206 2
CanterburyNZSeries2010_01.jpg 0x0
rect:81 103 140 292 12
CanterburyNZSeries2010_02.jpg 0x0
rect:51 43 204 180 6
rect:33 7 143 347 37
CanterburyNZSeries2010_03.jpg 0x0
rect:54 86 461 134 38
CanterburyNZSeries2010_04.jpg 0x0
rect:225 321 21 44 40
rect:302 330 16 60 40
rect:215 365 88 313 41
rect:222 485 37 77 40
rect:320 7 119 229 42
rect:287 340 171 360 39
rect:368 352 45 112 40
rect:308 458 25 132 40
CanterburyNZSeries2010_05.jpg 0x0
rect:391 362 170 475 4
rect:372 143 95 82 15
CanterburyNZSeries2010_06.jpg 0x0
rect:245 186 200 141 2
rect:80 90 744 657 4
CanterburyNZSeries2010_08.jpg 0x0
rect:1101 565 45 99 44
rect:908 371 97 118 44
rect:524 448 29 213 32
rect:566 173 190 285 43
CanterburyNZSeries2010_09.jpg 0x0
rect:327 332 169 340 39
rect:243 131 163 250 45
CanterburyNZSeries2010_10.jpg 0x0
rect:186 490 241 118 6
rect:221 202 465 247 6
rect:347 157 313 114 7
rect:256 357 169 61 46
CanterburyNZSeries2010_11.jpg 0x0
rect:394 297 357 272 5
rect:328 179 277 141 7
CanterburyNZSeries2010_12.jpg 0x0
rect:6 352 990 498 47
rect:189 598 133 54 11
rect:40 333 670 425 2
rect:714 435 211 61 11
CanterburyNZSeries2010_13.jpg 0x0
rect:206 14 480 787 12
rect:481 213 122 533 11
Caracas1967_01.jpg 0x0
rect:323 242 10 44 48
rect:410 146 79 126 48
rect:310 143 37 73 48
rect:415 65 135 219 48
Caracas1967_02.jpg 0x0
rect:178 1 130 187 15
rect:156 438 33 47 49
rect:113 540 30 34 50
rect:127 228 184 222 51
Caracas1967_03.jpg 0x0
rect:258 393 32 140 27
rect:197 488 49 68 26
rect:312 423 136 219 34
rect:17 281 169 100 6
rect:356 82 75 119 14
rect:271 316 40 74 27
Caracas1967_04.jpg 0x0
rect:121 351 176 128 34
rect:150 384 17 123 27
rect:188 432 39 130 26
Caracas1967_05.jpg 0x0
rect:30 65 365 645 48
rect:49 126 442 424 41
rect:80 309 232 134 52
rect:241 268 57 289 40
rect:136 392 56 169 40
rect:42 362 58 253 40
rect:161 434 44 229 40
rect:333 239 49 177 40
rect:255 265 60 232 40
rect:264 194 162 154 52
Caracas1967_06.jpg 0x0
rect:288 242 78 51 6
rect:460 103 352 205 7
Caracas1967_07.jpg 0x0
rect:246 129 60 226 27
rect:567 345 130 98 53
rect:341 50 22 211 27
rect:400 7 98 275 34
rect:350 213 99 337 34
rect:599 497 112 84 53
rect:160 163 214 262 34
Caracas1967_08.jpg 0x0
rect:371 204 74 133 54
rect:268 363 51 108 55
rect:241 301 85 82 54
Caracas1967_09.jpg 0x0
rect:27 185 55 48 48
rect:507 14 234 112 48
rect:145 144 83 106 48
rect:97 154 56 51 48
Caracas1967_10.jpg 0x0
rect:237 216 77 158 40
rect:15 204 348 366 48
rect:363 355 92 206 40
rect:49 171 253 254 41
Caracas1967_11.jpg 0x0
rect:228 16 153 287 41
rect:68 195 244 614 41
rect:55 15 407 541 48
Caracas1967_12.jpg 0x0
rect:511 379 17 49 32
rect:731 235 19 54 32
rect:370 328 46 47 34
rect:187 236 33 36 56
Caracas1967_13.jpg 0x0
rect:185 294 120 310 55
Caracas1967_14.jpg 0x0
rect:131 245 370 47 6
rect:141 102 669 195 57
Chichi1999_01.jpg 0x0
rect:368 132 66 213 42
rect:4 8 762 128 58
Chichi1999_02.jpg 0x0
rect:325 144 206 464 59
rect:6 70 445 135 58
Chichi1999_03.jpg 0x0
rect:87 196 67 91 60
rect:0 103 652 135 58
Chichi1999_04.jpg 0x0
rect:150 268 88 432 48
rect:160 258 39 43 52
rect:288 -20 64 90 48
Chichi1999_05.jpg 0x0
rect:461 308 30 26 41
rect:386 178 38 46 41
rect:363 159 120 205 48
rect:479 208 36 81 52
Chichi1999_06.jpg 0x0
rect:799 136 29 75 41
rect:433 259 18 25 52
rect:392 237 37 85 48
rect:178 22 592 214 10
rect:590 -10 66 56 61
rect:397 122 56 67 62
Chichi1999_07.jpg 0x0
rect:556 277 48 110 48
rect:542 278 31 29 64
rect:346 262 57 119 48
rect:108 218 41 135 48
rect:150 186 25 54 64
rect:484 292 19 19 64
rect:50 203 470 156 63
Chichi1999_08.jpg 0x0
rect:91 19 443 442 10
Chichi1999_09.jpg 0x0
rect:227 103 155 86 41
rect:295 117 39 74 40
rect:279 125 60 103 40
rect:279 53 175 143 48
Chichi1999_10.jpg 0x0
rect:206 20 723 324 10
Chichi1999_11.jpg 0x0
rect:106 257 122 131 65
rect:2 161 146 403 10
Chichi1999_12.jpg 0x0
rect:8 19 448 797 66
Chichi1999_13.jpg 0x0
rect:34 57 858 496 10
Chichi1999_14.jpg 0x0
rect:155 310 32 54 67
rect:77 382 43 38 67
rect:152 332 51 76 67
rect:105 404 60 62 67
rect:316 506 29 61 67
rect:226 487 38 48 67
rect:150 209 26 79 67
rect:378 358 29 26 39
rect:216 473 31 37 39
rect:180 674 30 55 67
rect:92 555 45 47 67
rect:121 586 28 33 67
rect:337 561 22 32 39
rect:197 190 70 36 67
rect:296 686 78 70 67
rect:265 316 47 47 39
rect:254 264 19 36 67
Chichi1999_15.jpg 0x0
rect:279 39 186 398 41
Chichi1999_16.jpg 0x0
rect:205 148 87 149 32
Chichi1999_17.jpg 0x0
rect:109 286 21 53 32
Chichi1999_18.jpg 0x0
rect:126 148 136 317 68
rect:130 292 44 71 69
rect:208 252 29 163 69
rect:275 315 31 183 69
rect:303 294 54 141 70
rect:159 287 19 118 69
Chichi1999_19.jpg 0x0
rect:157 136 165 345 3
rect:195 21 235 365 2
YogyakartaInd2006_03.jpg 0x0
rect:254 22 108 2 15
rect:224 119 15 7 16
rect:279 294 175 37 15
rect:264 341 240 111 71
rect:353 83 171 75 15
rect:292 151 84 26 15
rect:239 518 59 22 16
rect:319 99 86 29 16
Chichi1999_20.jpg 0x0
rect:300 270 73 211 41
rect:145 260 140 430 42
Chichi1999_21.jpg 0x0
rect:479 46 291 190 37
rect:180 369 83 163 6
rect:21 3 235 139 30
rect:466 101 164 154 6
rect:73 431 121 77 5
rect:224 234 165 180 37
rect:264 124 242 220 72
rect:461 6 96 84 57
Chichi1999_22.jpg 0x0
rect:268 233 23 20 73
rect:195 112 296 197 10
rect:471 294 21 14 73
rect:265 171 16 16 73
Chichi1999_23.jpg 0x0
rect:244 337 35 88 34
rect:165 211 70 48 73
rect:4 76 629 153 74
rect:100 247 49 130 73
rect:138 146 24 24 34
rect:321 188 49 57 73
rect:334 210 25 19 26
rect:140 296 28 75 34
rect:227 268 83 112 73
rect:240 156 34 30 27
Chichi1999_24.jpg 0x0
rect:365 312 1 2 46
rect:3 302 232 199 74
rect:141 268 61 54 34
rect:287 144 34 59 46
rect:222 116 102 83 75
Chichi1999_25.jpg 0x0
rect:249 414 53 90 26
rect:151 157 237 424 73
rect:123 220 87 267 34
Chichi1999_26.jpg 0x0
rect:161 618 86 84 26
rect:273 15 48 36 73
rect:129 612 167 161 73
rect:277 218 39 112 73
rect:251 246 113 285 76
rect:171 412 149 142 27
Chichi1999_27.jpg 0x0
rect:120 233 115 366 32
Chichi1999_28.jpg 0x0
rect:287 104 171 186 75
rect:16 90 214 94 6
rect:173 129 161 260 5
rect:193 188 202 113 77
Chichi1999_29.jpg 0x0
rect:223 175 110 221 40
rect:125 158 140 260 48
rect:181 171 75 189 52
Chichi1999_30.jpg 0x0
rect:262 193 147 54 78
rect:256 132 202 52 52
rect:198 136 343 256 40
rect:36 304 98 201 73
Chichi1999_31.jpg 0x0
rect:556 84 48 153 48
rect:150 66 112 304 79
Chichi1999_32.jpg 0x0
rect:150 77 59 122 81
rect:146 213 38 171 81
rect:473 145 44 142 39
rect:195 6 101 384 80
Chichi1999_33.jpg 0x0
rect:218 74 108 212 56
rect:111 156 48 154 49
rect:238 119 48 137 49
rect:292 102 109 217 32
rect:170 96 69 220 32
rect:96 86 131 516 33
Chichi1999_34.jpg 0x0
rect:148 95 444 282 10
Duzce1999_01.jpg 0x0
rect:155 58 138 226 39
rect:170 173 126 148 41
Duzce1999_02.jpg 0x0
rect:96 64 177 375 41
Duzce1999_03.jpg 0x0
rect:119 67 112 267 42
rect:199 101 82 343 31
rect:0 181 93 196 31
Gediz1970_01.jpg 0x0
rect:160 79 305 498 68
rect:207 453 91 247 69
rect:149 367 122 340 69
Guatemala1976_01.jpg 0x0
rect:47 279 47 53 52
rect:437 118 52 69 41
rect:23 161 701 146 82
rect:554 144 128 138 48
rect:42 125 47 38 41
rect:55 177 82 94 48
Guatemala1976_02.jpg 0x0
rect:224 84 331 182 48
rect:334 68 102 85 40
Guatemala1976_03.jpg 0x0
rect:17 76 559 260 75
Guatemala1976_04.jpg 0x0
rect:726 143 161 378 4
rect:42 96 539 305 30
rect:102 22 286 55 30
rect:591 224 98 237 4
Guatemala1976_05.jpg 0x0
rect:159 187 356 141 41
rect:202 135 342 213 40
rect:183 76 461 271 48
Guatemala1976_06.jpg 0x0
rect:151 121 179 542 39
Guatemala1976_07.jpg 0x0
rect:31 340 57 65 6
rect:24 218 440 316 10
rect:251 462 117 93 83
Guatemala1976_08.jpg 0x0
rect:224 55 237 293 41
rect:165 31 513 455 48
rect:280 72 198 252 40
Guatemala1976_09.jpg 0x0
rect:805 322 55 72 84
rect:159 177 42 80 85
rect:284 249 56 37 85
rect:232 237 31 22 84
rect:70 281 30 20 84
rect:657 267 70 52 85
rect:449 282 51 62 84
rect:65 191 35 35 85
Guatemala1976_10.jpg 0x0
rect:228 419 27 105 87
rect:167 232 241 301 86
rect:212 91 223 159 87
Guatemala1976_11.jpg 0x0
rect:165 165 121 279 34
GujaratIndia2001_01.jpg 0x0
rect:23 452 201 219 4
rect:149 447 158 110 2
rect:68 558 49 31 2
rect:229 381 46 46 11
Haiti2010_01.jpg 0x0
rect:327 280 32 170 40
rect:537 329 159 247 4
rect:105 47 130 112 7
rect:387 311 129 148 4
rect:300 158 170 242 41
Haiti2010_02.jpg 0x0
rect:56 102 516 221 88
rect:301 40 209 49 14
Haiti2010_03.jpg 0x0
rect:207 371 156 212 32
rect:471 1 85 753 32
rect:209 804 167 274 89
rect:170 384 55 47 49
Haiti2010_04.jpg 0x0
rect:2 168 283 169 6
rect:262 34 254 367 34
rect:153 298 352 629 41
Haiti2010_05.jpg 0x0
rect:294 173 218 155 52
rect:419 285 27 112 40
rect:252 192 21 118 40
rect:286 148 356 455 90
Haiti2010_06.jpg 0x0
rect:621 173 816 489 91
rect:211 330 37 40 34
rect:330 187 59 229 32
rect:362 184 86 49 6
rect:154 254 330 415 91
rect:512 167 86 103 34
rect:315 221 196 515 33
ImperialValley1979_01.jpg 0x0
rect:266 315 52 62 32
rect:12 266 106 93 32
rect:393 368 42 62 50
rect:598 302 38 24 32
rect:523 415 40 34 32
rect:17 309 56 62 49
rect:356 415 43 25 49
rect:403 238 24 18 49
rect:611 290 15 20 49
rect:423 377 38 37 50
rect:59 399 111 81 50
ImperialValley1979_02.jpg 0x0
rect:253 82 156 276 32
rect:179 90 74 177 50
rect:281 196 92 42 49
rect:215 222 63 159 50
rect:321 150 117 131 50
rect:167 223 307 59 92
ImperialValley1979_03.jpg 0x0
rect:89 429 296 35 92
rect:254 254 76 186 50
rect:91 362 272 131 32
rect:75 204 70 250 50
rect:155 443 92 168 50
rect:104 411 313 40 92
rect:201 227 169 146 32
Izmit1999_01.jpg 0x0
rect:185 76 353 223 34
rect:184 91 38 102 27
rect:223 81 46 176 27
rect:187 217 38 141 27
rect:332 297 74 58 26
Izmit1999_02.jpg 0x0
rect:19 96 645 222 10
Izmit1999_03.jpg 0x0
rect:357 111 54 208 50
rect:120 84 57 346 50
rect:156 74 231 362 32
rect:157 142 389 29 92
rect:398 83 32 207 50
rect:315 96 54 211 50
rect:446 97 47 342 50
rect:115 36 274 274 93
Izmit1999_04.jpg 0x0
rect:57 316 38 88 41
rect:304 70 63 55 41
rect:394 409 26 82 40
rect:382 69 61 85 48
rect:98 622 231 134 88
rect:113 199 142 78 88
rect:39 523 79 64 34
rect:401 345 17 44 40
rect:296 277 68 89 41
rect:78 359 44 105 42
Izmit1999_05.jpg 0x0
rect:109 21 492 364 10
Izmit1999_06.jpg 0x0
rect:305 287 40 193 50
rect:372 288 61 184 50
rect:149 200 87 183 50
rect:175 199 160 58 49
rect:118 260 81 245 50
rect:153 159 187 573 32
Izmit1999_07.jpg 0x0
rect:270 157 46 86 3
rect:349 109 63 98 3
rect:328 383 112 399 4
rect:26 129 320 537 2
rect:171 336 43 140 3
rect:339 199 49 104 3
rect:417 73 144 41 6
Izmit1999_08.jpg 0x0
rect:700 6 122 50 45
rect:184 33 92 75 34
rect:112 93 67 97 41
rect:287 252 158 146 88
rect:159 403 115 72 45
rect:442 85 57 95 41
rect:447 109 44 39 52
Izmit1999_09.jpg 0x0
rect:48 254 57 40 41
rect:341 286 94 67 41
rect:670 266 47 50 41
rect:269 156 53 43 41
rect:552 218 79 62 94
rect:230 324 105 129 94
Izmit1999_10.jpg 0x0
rect:142 250 65 203 40
rect:302 433 42 106 40
rect:183 130 43 154 40
rect:58 263 306 46 78
rect:326 399 83 25 78
rect:66 135 105 150 40
rect:77 333 342 64 78
rect:165 343 187 44 78
rect:273 366 92 125 40
rect:192 113 116 181 40
rect:63 125 304 456 41
Izmit1999_11.jpg 0x0
rect:192 562 147 105 41
rect:203 221 100 161 41
rect:155 414 62 110 40
rect:308 323 82 229 40
rect:156 212 73 142 40
Izmit1999_12.jpg 0x0
rect:63 176 79 67 94
rect:410 299 79 97 41
rect:70 202 32 60 40
rect:329 27 80 49 34
rect:495 203 229 144 91
rect:286 228 42 94 42
rect:354 184 72 47 7
rect:290 159 47 94 45
rect:281 212 80 99 52
rect:399 100 36 70 41
rect:121 256 85 66 88
rect:517 228 51 62 41
rect:70 252 52 65 52
rect:63 80 26 23 6
rect:1 297 41 41 41
rect:397 299 119 146 94
rect:303 228 54 28 6
rect:17 51 34 22 6
Izmit1999_13.jpg 0x0
rect:235 265 47 102 41
rect:5 74 96 139 42
rect:218 69 52 82 41
rect:330 82 204 419 48
rect:335 118 122 206 41
rect:144 136 56 40 6
rect:120 322 38 84 41
rect:193 317 86 59 52
rect:170 191 109 168 94
Izmit1999_14.jpg 0x0
rect:290 410 52 31 34
rect:407 309 97 48 34
rect:519 319 81 44 34
rect:517 8 156 65 35
rect:452 180 117 89 35
rect:407 409 34 18 34
rect:344 74 83 90 34
rect:364 55 58 67 95
rect:41 146 108 42 34
Izmit1999_15.jpg 0x0
rect:162 233 313 277 42
Izmit1999_16.jpg 0x0
rect:173 129 227 145 41
rect:84 67 385 467 33
rect:103 47 239 384 39
rect:231 119 46 80 40
Izmit1999_17.jpg 0x0
rect:125 129 134 261 41
Izmit1999_18.jpg 0x0
rect:220 133 146 150 41
rect:171 153 114 275 39
Izmit1999_19.jpg 0x0
rect:339 193 25 89 50
rect:180 150 234 251 32
rect:360 193 23 67 50
rect:231 115 283 291 96
Kobe1995_01.jpg 0x0
rect:24 159 570 148 63
Kobe1995_02.jpg 0x0
rect:2 41 389 600 68
Kobe1995_03.jpg 0x0
rect:40 55 564 444 10
Kobe1995_04.jpg 0x0
rect:341 333 40 61 41
Kobe1995_05.jpg 0x0
rect:4 132 144 699 40
rect:54 216 347 92 78
rect:67 610 308 102 78
rect:112 139 199 592 52
rect:385 139 122 503 40
Kobe1995_06.jpg 0x0
rect:44 169 491 518 41
rect:231 470 303 341 42
Kobe1995_07.jpg 0x0
rect:286 280 45 46 39
rect:408 179 32 24 39
rect:87 271 40 34 39
rect:281 110 21 31 39
rect:259 258 28 43 39
rect:102 190 26 54 39
rect:381 206 43 39 39
rect:263 369 31 33 39
rect:286 474 19 28 39
rect:280 372 28 40 39
rect:58 357 38 39 39
rect:227 292 30 30 39
rect:339 439 40 30 39
rect:198 276 35 22 39
rect:365 239 33 32 39
rect:52 246 38 31 39
rect:450 469 41 57 39
rect:421 582 41 39 39
rect:178 247 41 37 39
rect:197 371 49 36 39
rect:134 390 29 41 39
rect:385 116 46 36 39
rect:174 218 45 41 39
rect:176 242 40 35 39
rect:403 365 58 36 39
rect:128 91 42 45 39
Kobe1995_08.jpg 0x0
rect:265 61 400 148 97
Kobe1995_09.jpg 0x0
rect:175 580 198 70 97
rect:84 413 76 86 88
rect:89 679 97 76 88
rect:136 380 87 65 88
SanSalvador_1986_01.jpg 0x0
rect:83 3 127 230 68
rect:254 122 104 129 41
SanSalvador_1986_02.jpg 0x0
rect:237 192 55 45 41
rect:161 251 31 47 41
rect:199 292 29 27 41
rect:144 134 18 31 41
rect:364 145 16 30 41
rect:630 223 27 45 41
rect:589 164 33 57 42
rect:550 263 55 49 41
rect:326 249 26 37 41
SikkimIndia2001_01.jpg 0x0
rect:200 136 96 140 34
SikkimIndia2001_02.jpg 0x0
rect:302 99 89 196 33
rect:346 200 90 45 16
rect:157 92 196 327 33
rect:12 6 316 81 16
rect:-11 2 281 92 33
rect:477 330 114 18 16
rect:11 161 67 51 54
rect:466 94 123 38 16
SikkimIndia2001_03.jpg 0x0
rect:165 82 88 269 69
rect:191 10 124 523 98
rect:260 141 111 157 70
SikkimIndia2001_04.jpg 0x0
rect:351 182 95 142 34
rect:3 33 319 237 99
rect:403 252 230 116 99
SumatraInd2009_01.jpg 0x0
rect:206 33 78 362 81
SumatraInd2009_02.jpg 0x0
rect:174 71 172 232 41
WhittierNarrows1987_01.jpg 0x0
rect:16 39 904 253 10
WhittierNarrows1987_02.jpg 0x0
rect:174 255 103 263 41
WhittierNarrows1987_03.jpg 0x0
rect:254 146 155 275 32
WhittierNarrows1987_04.jpg 0x0
rect:294 14 337 189 100
rect:166 8 385 83 6
rect:274 72 83 192 41
YogyakartaInd2006_01.jpg 0x0
rect:142 -22 309 532 29
rect:362 133 389 86 49
rect:277 41 415 242 32
YogyakartaInd2006_02.jpg 0x0
rect:301 137 42 266 69
rect:289 74 176 320 98
rect:472 78 58 194 70
