Anchorage1964_01.jpg 0x0
rect:84 360 258 283 1
rect:93 6 177 165 1
Anchorage1964_02.jpg 0x0
rect:366 293 22 73 3
rect:183 320 27 82 3
rect:413 286 17 42 3
rect:211 285 346 128 2
rect:348 310 19 37 3
rect:37 25 118 44 5
rect:28 196 183 45 5
rect:236 34 290 63 4
rect:170 52 118 57 4
rect:470 262 14 62 3
rect:622 66 162 149 8
rect:528 184 118 54 4
rect:405 298 27 81 3
rect:271 313 20 75 3
rect:128 244 37 20 6
rect:91 190 24 21 6
rect:159 185 81 64 7
rect:265 326 29 73 3
rect:82 47 90 14 6
Anchorage1964_03.jpg 0x0
rect:315 109 394 174 9
rect:0 216 506 52 10
rect:2 200 274 69 9
Anchorage1964_04.jpg 0x0
rect:274 193 22 19 5
rect:295 314 17 26 1
rect:251 362 12 19 1
rect:317 27 30 23 5
rect:286 363 17 20 1
rect:186 400 29 14 5
rect:216 300 12 21 1
rect:391 321 34 17 5
rect:300 168 31 21 5
rect:348 284 13 18 1
rect:258 256 24 19 5
rect:369 175 24 26 1
rect:191 297 29 15 5
rect:419 187 20 17 5
rect:349 349 36 20 5
rect:116 255 27 18 5
rect:354 108 20 37 1
rect:424 394 39 16 5
rect:276 161 22 22 1
rect:175 152 33 25 5
rect:207 72 25 12 5
rect:277 305 7 1 1
rect:344 416 36 16 5
rect:385 268 39 24 5
rect:381 139 25 18 5
rect:400 58 35 15 5
rect:331 167 13 25 1
rect:324 329 17 25 1
rect:169 252 32 13 5
rect:114 199 22 24 5
rect:359 84 34 18 5
rect:176 25 28 15 5
rect:206 270 23 32 8
rect:214 262 31 15 5
rect:335 517 27 29 1
rect:145 570 57 21 2
rect:185 69 22 21 5
rect:219 106 27 16 5
rect:169 302 27 19 5
Anchorage1964_05.jpg 0x0
rect:181 164 153 28 5
rect:622 280 54 77 1
rect:496 28 31 69 1
rect:35 392 21 70 1
rect:553 232 32 13 6
rect:237 208 124 81 2
rect:481 316 37 27 6
rect:340 132 34 65 1
rect:36 282 21 42 1
rect:69 234 27 43 1
rect:635 180 31 44 1
rect:642 444 39 71 8
rect:85 90 19 58 1
rect:227 34 116 57 6
rect:371 252 25 16 11
rect:82 352 21 58 1
rect:380 207 49 23 11
rect:157 183 126 36 6
rect:263 61 118 37 5
rect:452 97 53 62 1
rect:280 1 49 39 1
rect:531 94 38 50 1
rect:735 168 80 41 5
rect:69 79 18 56 1
rect:130 23 21 38 1
rect:697 386 63 43 5
rect:76 123 17 54 1
rect:507 257 48 52 8
rect:70 203 24 50 1
Anchorage1964_06.jpg 0x0
rect:149 261 75 99 11
rect:194 107 99 281 3
rect:125 62 187 306 12
Anchorage1964_07.jpg 0x0
rect:251 144 203 125 11
rect:324 145 37 160 3
rect:276 115 49 102 13
rect:9 66 590 382 2
rect:7 306 429 41 14
rect:437 297 371 223 2
rect:461 197 94 97 11
rect:16 285 221 43 11
rect:285 2 119 49 2
Anchorage1964_08.jpg 0x0
rect:331 222 97 82 1
rect:41 394 100 94 1
rect:54 70 102 93 1
rect:52 506 130 127 1
rect:272 369 122 161 1
rect:279 34 83 91 1
Anchorage1964_09.jpg 0x0
rect:310 145 89 31 15
rect:139 286 57 69 8
rect:15 144 74 17 15
rect:16 17 474 14 15
rect:674 248 54 75 8
rect:135 186 66 84 1
rect:20 105 25 10 16
rect:390 166 77 60 1
rect:14 14 63 16 16
rect:87 40 89 85 8
rect:505 7 281 13 15
rect:588 12 100 12 16
rect:200 129 291 9 15
rect:691 132 92 14 15
rect:187 117 78 50 1
rect:675 202 1 1 16
rect:439 189 74 84 1
rect:43 127 42 9 16
rect:601 37 76 87 8
Anchorage1964_10.jpg 0x0
rect:90 162 235 278 1
rect:78 458 343 137 18
rect:142 202 261 90 18
rect:240 271 74 119 17
Anchorage1964_11.jpg 0x0
rect:80 250 561 91 2
rect:557 94 167 93 1
rect:281 126 512 21 15
rect:392 247 262 26 11
rect:132 44 152 125 4
rect:425 7 94 45 1
rect:63 409 676 13 14
rect:63 536 555 18 14
Anchorage1964_12.jpg 0x0
rect:9 75 694 322 2
rect:382 68 59 174 3
rect:378 96 58 168 3
rect:336 80 224 177 11
rect:204 231 29 124 3
Anchorage1964_13.jpg 0x0
rect:483 328 38 120 20
rect:290 497 142 13 19
rect:361 454 197 23 2
Anchorage1964_14.jpg 0x0
rect:339 235 161 38 15
rect:372 10 73 245 11
rect:214 618 32 58 22
rect:282 756 137 81 23
rect:180 13 92 489 20
rect:132 405 37 63 22
rect:517 6 89 181 11
rect:198 299 51 84 21
rect:18 690 28 57 22
rect:9 563 234 85 11
rect:32 677 50 52 22
rect:59 343 139 42 15
Anchorage1964_15.jpg 0x0
rect:196 154 38 68 11
rect:271 151 49 86 25
rect:316 7 81 64 4
rect:377 208 109 32 24
rect:229 96 47 537 20
rect:180 590 261 67 2
rect:240 234 122 53 15
rect:304 255 127 43 11
rect:283 7 75 84 4
Anchorage1964_16.jpg 0x0
rect:254 283 338 190 11
rect:332 273 142 144 2
rect:244 102 284 126 2
rect:13 303 67 86 2
rect:11 153 249 148 2
rect:102 343 61 103 11
Anchorage1964_17.jpg 0x0
rect:11 177 550 274 10
rect:15 85 278 122 9
rect:337 36 219 254 9
Anchorage1964_18.jpg 0x0
rect:365 281 410 35 15
rect:254 204 35 45 11
rect:346 359 97 18 2
rect:522 124 108 59 4
rect:540 190 135 106 4
rect:674 384 65 23 2
rect:580 235 42 18 2
rect:101 186 17 44 11
rect:100 372 78 58 11
rect:115 198 73 130 4
Anchorage1964_19.jpg 0x0
rect:210 107 68 61 26
rect:407 211 34 44 28
rect:651 140 52 41 28
rect:318 154 17 39 29
rect:37 224 29 92 27
rect:228 372 50 85 26
rect:6 178 89 192 26
rect:516 164 12 31 26
rect:390 155 33 22 26
rect:319 86 38 88 29
rect:244 85 83 116 29
rect:446 159 21 25 26
rect:421 246 20 27 26
rect:360 140 21 29 27
rect:612 185 7 18 26
rect:546 190 7 13 26
rect:740 197 8 7 26
rect:517 182 17 23 26
Anchorage1964_20.jpg 0x0
rect:176 328 79 156 26
rect:155 136 72 53 27
rect:420 501 29 68 26
rect:236 51 122 135 29
rect:148 106 124 46 26
Anchorage1964_21.jpg 0x0
rect:59 318 41 23 26
rect:133 225 492 173 30
rect:2 102 36 27 26
rect:-5 74 85 164 29
Bingol2003_01.jpg 0x0
rect:293 98 65 29 6
rect:36 223 77 51 33
rect:270 146 55 68 33
rect:954 319 122 57 33
rect:539 224 63 236 32
rect:484 374 152 122 31
rect:796 329 66 55 33
rect:507 262 47 139 34
rect:423 67 72 51 6
rect:167 160 72 88 33
rect:444 286 56 70 6
rect:333 468 39 60 34
rect:295 503 109 119 6
rect:2 416 731 265 10
rect:376 90 145 139 31
rect:745 168 67 81 6
rect:877 293 96 81 33
rect:655 376 228 92 6
rect:668 266 49 67 6
Bingol2003_02.jpg 0x0
rect:160 305 105 454 32
rect:250 223 558 362 31
rect:367 258 77 82 6
rect:156 88 295 145 34
rect:138 455 123 278 32
rect:522 226 296 157 35
rect:802 49 178 97 36
rect:368 412 122 74 26
Bingol2003_03.jpg 0x0
rect:398 166 256 74 11
rect:459 192 482 163 2
rect:910 165 272 502 4
rect:130 47 159 131 33
rect:69 22 143 42 2
rect:751 331 199 483 2
rect:673 -7 206 147 4
Bingol2003_04.jpg 0x0
rect:96 434 32 65 3
rect:117 510 180 203 2
rect:381 336 148 138 4
rect:426 727 138 92 2
rect:54 578 95 111 2
rect:58 437 27 68 3
rect:284 539 42 84 3
rect:208 538 37 84 3
CanterburyNZSeries2010_01.jpg 0x0
rect:80 100 143 322 12
CanterburyNZSeries2010_02.jpg 0x0
rect:49 44 136 232 6
rect:40 9 237 253 37
CanterburyNZSeries2010_03.jpg 0x0
rect:48 90 432 117 38
CanterburyNZSeries2010_04.jpg 0x0
rect:239 376 20 64 40
rect:261 10 127 183 42
rect:299 433 31 161 40
rect:261 244 226 389 39
rect:244 404 117 261 41
rect:227 320 30 66 40
rect:248 398 20 35 40
rect:322 491 41 129 40
CanterburyNZSeries2010_05.jpg 0x0
rect:390 207 144 90 15
rect:235 304 221 251 4
CanterburyNZSeries2010_06.jpg 0x0
rect:75 86 765 520 4
rect:238 221 203 100 2
CanterburyNZSeries2010_08.jpg 0x0
rect:571 104 208 227 43
rect:730 318 92 132 44
rect:902 650 26 185 32
rect:764 456 60 174 44
CanterburyNZSeries2010_09.jpg 0x0
rect:226 106 138 238 45
rect:266 377 162 460 39
CanterburyNZSeries2010_10.jpg 0x0
rect:174 392 293 94 6
rect:237 296 457 208 6
rect:391 210 208 116 7
rect:243 371 188 101 46
CanterburyNZSeries2010_11.jpg 0x0
rect:309 176 232 100 7
rect:233 246 254 270 5
CanterburyNZSeries2010_12.jpg 0x0
rect:204 628 130 33 11
rect:5 328 1090 437 47
rect:533 409 222 51 11
rect:60 333 642 317 2
CanterburyNZSeries2010_13.jpg 0x0
rect:382 142 150 592 11
rect:187 18 543 500 12
Caracas1967_01.jpg 0x0
rect:459 54 223 245 48
rect:377 110 57 111 48
rect:337 210 33 85 48
rect:348 193 11 78 48
Caracas1967_02.jpg 0x0
rect:195 139 255 250 51
rect:104 491 38 34 50
rect:296 1 83 194 15
rect:154 505 40 60 49
Caracas1967_03.jpg 0x0
rect:214 312 53 52 26
rect:269 90 102 70 14
rect:227 355 26 71 27
rect:15 316 314 101 6
rect:247 275 148 181 34
rect:353 239 42 94 27
Caracas1967_04.jpg 0x0
rect:175 392 124 125 34
rect:110 448 20 99 27
rect:124 344 45 91 26
Caracas1967_05.jpg 0x0
rect:30 71 329 482 48
rect:230 309 56 203 40
rect:269 194 35 209 40
rect:378 265 52 160 40
rect:190 240 46 266 40
rect:201 212 130 168 52
rect:84 294 300 226 52
rect:69 338 62 250 40
rect:55 185 468 562 41
rect:307 350 54 176 40
Caracas1967_06.jpg 0x0
rect:431 82 268 220 7
rect:347 297 94 41 6
Caracas1967_07.jpg 0x0
rect:340 395 95 85 53
rect:294 54 39 155 27
rect:181 138 46 153 27
rect:329 9 122 287 34
rect:439 325 103 126 53
rect:248 133 219 242 34
rect:308 168 104 293 34
Caracas1967_08.jpg 0x0
rect:268 208 78 110 55
rect:436 170 70 143 54
rect:174 274 73 112 54
Caracas1967_09.jpg 0x0
rect:119 186 114 83 48
rect:103 174 55 63 48
rect:22 194 59 60 48
rect:322 14 159 190 48
Caracas1967_10.jpg 0x0
rect:382 382 85 140 40
rect:218 181 85 222 40
rect:30 152 215 401 41
rect:16 175 560 552 48
Caracas1967_11.jpg 0x0
rect:77 323 182 595 41
rect:351 16 203 342 41
rect:60 16 390 764 48
Caracas1967_12.jpg 0x0
rect:190 243 23 47 56
rect:832 299 18 52 32
rect:748 233 18 55 32
rect:537 256 32 53 34
Caracas1967_13.jpg 0x0
rect:181 403 136 333 55
Caracas1967_14.jpg 0x0
rect:110 299 319 41 6
rect:110 95 411 158 57
Chichi1999_01.jpg 0x0
rect:4 8 511 142 58
rect:416 139 39 265 42
Chichi1999_02.jpg 0x0
rect:6 92 432 164 58
rect:438 136 150 387 59
Chichi1999_03.jpg 0x0
rect:86 193 84 80 60
rect:0 151 591 166 58
Chichi1999_04.jpg 0x0
rect:162 190 25 44 52
rect:237 285 64 374 48
rect:232 -20 52 98 48
Chichi1999_05.jpg 0x0
rect:456 171 38 93 52
rect:371 163 38 57 41
rect:408 150 94 178 48
rect:481 331 26 43 41
Chichi1999_06.jpg 0x0
rect:420 118 41 69 62
rect:537 -12 80 55 61
rect:611 232 49 55 41
rect:392 182 56 79 48
rect:148 19 604 184 10
rect:251 158 22 24 52
Chichi1999_07.jpg 0x0
rect:42 234 638 188 63
rect:491 299 58 123 48
rect:525 238 24 29 64
rect:377 185 47 159 48
rect:598 271 17 18 64
rect:190 118 30 44 64
rect:179 193 58 147 48
Chichi1999_08.jpg 0x0
rect:84 15 472 550 10
Chichi1999_09.jpg 0x0
rect:236 112 51 91 40
rect:251 124 36 81 40
rect:166 80 112 74 41
rect:274 93 219 185 48
Chichi1999_10.jpg 0x0
rect:139 16 486 408 10
Chichi1999_11.jpg 0x0
rect:2 100 223 505 10
rect:168 275 111 77 65
Chichi1999_12.jpg 0x0
rect:10 25 295 572 66
Chichi1999_13.jpg 0x0
rect:39 63 707 302 10
Chichi1999_14.jpg 0x0
rect:198 473 24 50 67
rect:320 382 20 21 39
rect:191 232 23 39 67
rect:404 426 50 59 67
rect:384 572 62 63 67
rect:52 643 31 49 67
rect:353 246 27 32 39
rect:158 470 24 47 67
rect:140 232 34 52 67
rect:146 222 64 83 67
rect:137 333 36 56 67
rect:103 504 32 42 67
rect:127 299 54 48 67
rect:183 466 23 39 39
rect:158 232 66 58 67
rect:334 410 33 27 39
rect:148 311 32 46 67
Chichi1999_15.jpg 0x0
rect:188 30 181 461 41
Chichi1999_16.jpg 0x0
rect:161 163 57 104 32
Chichi1999_17.jpg 0x0
rect:121 418 20 36 32
Chichi1999_18.jpg 0x0
rect:210 261 176 370 68
rect:176 224 43 110 69
rect:145 222 38 80 69
rect:213 314 51 109 70
rect:265 426 36 149 69
rect:130 314 21 166 69
Chichi1999_19.jpg 0x0
rect:200 19 351 479 2
rect:242 118 152 317 3
YogyakartaInd2006_03.jpg 0x0
rect:248 177 25 6 16
rect:323 383 59 29 16
rect:236 284 215 173 71
rect:276 176 54 24 15
rect:312 61 179 63 15
rect:197 341 255 32 15
rect:324 24 107 2 15
rect:318 63 76 38 16
Chichi1999_20.jpg 0x0
rect:217 172 108 416 42
rect:339 525 63 246 41
Chichi1999_21.jpg 0x0
rect:484 143 185 98 6
rect:13 4 172 126 30
rect:232 104 170 248 72
rect:363 7 140 76 57
rect:52 371 146 120 5
rect:218 333 156 131 37
rect:323 391 94 105 6
rect:413 35 292 153 37
Chichi1999_22.jpg 0x0
rect:293 316 17 19 73
rect:388 243 20 25 73
rect:167 149 269 122 10
rect:341 236 23 21 73
Chichi1999_23.jpg 0x0
rect:330 133 31 24 27
rect:98 155 44 64 73
rect:269 234 39 67 73
rect:232 346 90 127 73
rect:341 166 32 21 26
rect:3 80 417 165 74
rect:125 241 43 96 73
rect:141 131 25 30 34
rect:97 295 46 76 34
rect:251 234 27 77 34
Chichi1999_24.jpg 0x0
rect:242 327 58 54 34
rect:294 373 1 2 46
rect:3 354 388 217 74
rect:121 213 106 125 75
rect:301 130 49 69 46
Chichi1999_25.jpg 0x0
rect:140 239 60 76 26
rect:150 149 220 427 73
rect:195 167 138 244 34
Chichi1999_26.jpg 0x0
rect:289 125 55 84 73
rect:129 415 75 90 26
rect:102 480 119 160 73
rect:183 320 112 286 76
rect:236 18 51 38 73
rect:148 693 131 150 27
Chichi1999_27.jpg 0x0
rect:151 285 68 339 32
Chichi1999_28.jpg 0x0
rect:253 224 248 144 77
rect:19 74 327 99 6
rect:234 102 166 289 75
rect:128 121 133 213 5
Chichi1999_29.jpg 0x0
rect:156 201 209 252 48
rect:260 277 92 141 40
rect:196 204 60 169 52
Chichi1999_30.jpg 0x0
rect:187 158 132 74 52
rect:178 79 280 298 40
rect:200 151 152 56 78
rect:36 234 127 142 73
Chichi1999_31.jpg 0x0
rect:605 88 58 192 48
rect:113 104 104 203 79
Chichi1999_32.jpg 0x0
rect:207 64 32 132 81
rect:553 127 51 248 39
rect:138 181 43 190 81
rect:109 8 79 436 80
Chichi1999_33.jpg 0x0
rect:152 113 81 186 32
rect:54 70 147 488 33
rect:171 126 58 102 49
rect:316 127 128 177 56
rect:189 111 86 244 32
rect:243 132 28 141 49
Chichi1999_34.jpg 0x0
rect:116 71 409 471 10
Duzce1999_01.jpg 0x0
rect:92 189 94 136 41
rect:113 57 78 255 39
Duzce1999_02.jpg 0x0
rect:94 55 104 375 41
Duzce1999_03.jpg 0x0
rect:223 131 98 251 31
rect:134 114 135 222 42
rect:0 147 123 271 31
Gediz1970_01.jpg 0x0
rect:259 359 89 169 69
rect:92 131 287 664 68
rect:99 283 93 280 69
Guatemala1976_01.jpg 0x0
rect:31 126 91 152 48
rect:382 121 70 59 41
rect:57 197 58 46 41
rect:341 111 171 130 48
rect:41 208 52 48 52
rect:30 95 806 168 82
Guatemala1976_02.jpg 0x0
rect:247 53 67 115 40
rect:234 90 388 282 48
Guatemala1976_03.jpg 0x0
rect:12 64 705 275 75
Guatemala1976_04.jpg 0x0
rect:475 291 107 319 4
rect:543 187 106 286 4
rect:31 74 356 205 30
rect:117 19 492 69 30
Guatemala1976_05.jpg 0x0
rect:194 150 368 224 40
rect:179 141 219 116 41
rect:148 85 371 292 48
Guatemala1976_06.jpg 0x0
rect:104 124 277 307 39
Guatemala1976_07.jpg 0x0
rect:21 239 72 44 6
rect:266 386 139 107 83
rect:25 295 320 309 10
Guatemala1976_08.jpg 0x0
rect:394 53 222 220 40
rect:215 27 401 407 48
rect:216 59 292 397 41
Guatemala1976_09.jpg 0x0
rect:366 284 67 66 84
rect:82 360 41 32 84
rect:633 215 39 63 84
rect:308 229 77 32 85
rect:130 271 31 29 84
rect:93 228 28 28 85
rect:742 373 74 68 85
rect:217 255 63 67 85
Guatemala1976_10.jpg 0x0
rect:313 337 47 121 87
rect:181 209 265 239 86
rect:262 139 233 123 87
Guatemala1976_11.jpg 0x0
rect:156 258 124 183 34
GujaratIndia2001_01.jpg 0x0
rect:40 297 159 150 4
rect:60 444 75 34 2
rect:403 369 59 73 11
rect:148 426 163 94 2
Haiti2010_01.jpg 0x0
rect:300 193 19 114 40
rect:591 294 89 123 4
rect:374 183 199 429 41
rect:494 425 201 236 4
rect:144 47 148 100 7
Haiti2010_02.jpg 0x0
rect:261 31 142 56 14
rect:54 93 470 147 88
Haiti2010_03.jpg 0x0
rect:226 375 259 156 32
rect:316 1 58 413 32
rect:253 522 84 83 49
rect:190 755 295 264 89
Haiti2010_04.jpg 0x0
rect:191 43 212 335 34
rect:2 145 201 131 6
rect:166 355 294 402 41
Haiti2010_05.jpg 0x0
rect:333 270 39 74 40
rect:177 228 213 112 52
rect:222 131 254 638 90
rect:242 267 33 121 40
Haiti2010_06.jpg 0x0
rect:659 112 59 97 34
rect:161 327 40 47 34
rect:537 151 266 501 33
rect:161 288 295 304 91
rect:399 167 66 214 32
rect:445 154 479 739 91
rect:321 178 75 32 6
ImperialValley1979_01.jpg 0x0
rect:247 273 45 76 50
rect:401 360 43 27 32
rect:356 315 33 19 49
rect:320 339 54 49 32
rect:13 412 154 166 32
rect:362 308 20 14 49
rect:544 223 29 44 50
rect:40 366 87 135 50
rect:283 352 51 24 49
rect:14 394 60 71 49
rect:397 301 44 38 32
ImperialValley1979_02.jpg 0x0
rect:344 140 93 242 50
rect:363 195 58 181 50
rect:276 72 237 258 32
rect:187 156 92 206 50
rect:227 258 152 55 49
rect:228 192 396 57 92
ImperialValley1979_03.jpg 0x0
rect:152 330 285 246 32
rect:77 528 229 53 92
rect:100 344 96 219 50
rect:178 221 161 154 32
rect:168 446 111 177 50
rect:303 230 68 149 50
rect:88 463 361 46 92
Izmit1999_01.jpg 0x0
rect:172 66 401 299 34
rect:603 318 68 62 26
rect:338 77 38 228 27
rect:178 162 38 76 27
rect:186 98 49 171 27
Izmit1999_02.jpg 0x0
rect:25 82 893 290 10
Izmit1999_03.jpg 0x0
rect:159 67 347 307 32
rect:207 121 82 205 50
rect:188 37 381 449 93
rect:156 205 423 44 92
rect:310 86 49 208 50
rect:442 115 30 159 50
rect:294 158 41 181 50
rect:568 70 50 348 50
Izmit1999_04.jpg 0x0
rect:43 397 52 79 34
rect:291 67 100 110 48
rect:289 394 24 66 40
rect:298 83 88 104 41
rect:228 344 91 110 41
rect:377 329 20 60 40
rect:163 230 100 49 88
rect:80 480 44 113 42
rect:48 555 45 102 41
rect:82 613 223 97 88
Izmit1999_05.jpg 0x0
rect:71 27 782 484 10
Izmit1999_06.jpg 0x0
rect:225 317 49 122 50
rect:179 239 196 83 49
rect:213 263 56 186 50
rect:165 185 55 241 50
rect:65 185 55 225 50
rect:161 137 190 458 32
Izmit1999_07.jpg 0x0
rect:406 52 171 34 6
rect:20 132 309 686 2
rect:215 245 34 143 3
rect:231 334 122 435 4
rect:446 97 77 56 3
rect:271 188 37 110 3
rect:328 273 34 97 3
Izmit1999_08.jpg 0x0
rect:124 102 97 84 41
rect:450 6 99 71 45
rect:624 92 81 76 41
rect:147 283 112 82 45
rect:632 71 76 32 52
rect:264 310 195 148 88
rect:122 19 100 112 34
Izmit1999_09.jpg 0x0
rect:49 169 46 54 41
rect:253 187 40 27 41
rect:772 222 58 59 41
rect:436 223 93 134 94
rect:706 181 60 70 94
rect:379 225 72 97 41
Izmit1999_10.jpg 0x0
rect:81 331 260 60 78
rect:250 116 43 182 40
rect:357 510 103 142 40
rect:350 91 156 109 40
rect:57 102 64 210 40
rect:41 294 434 31 78
rect:364 565 89 27 78
rect:274 550 61 85 40
rect:244 381 186 45 78
rect:88 167 370 549 41
rect:155 235 101 227 40
Izmit1999_11.jpg 0x0
rect:243 191 58 170 40
rect:181 497 133 167 41
rect:131 246 59 104 40
rect:276 276 59 244 40
rect:222 147 163 119 41
Izmit1999_12.jpg 0x0
rect:124 226 55 68 88
rect:403 272 57 53 41
rect:301 131 54 24 6
rect:515 174 47 43 7
rect:54 250 60 87 94
rect:434 362 44 120 52
rect:39 238 61 50 52
rect:340 232 86 154 94
rect:374 28 95 42 34
rect:350 154 57 123 42
rect:93 64 40 24 6
rect:109 317 23 38 40
rect:1 226 34 29 41
rect:275 235 73 159 41
rect:424 140 45 57 45
rect:18 62 45 26 6
rect:436 93 52 67 41
rect:411 207 141 250 91
Izmit1999_13.jpg 0x0
rect:101 226 137 150 94
rect:246 181 47 118 41
rect:5 90 106 224 42
rect:367 70 165 403 48
rect:360 154 83 266 41
rect:292 70 75 98 41
rect:137 327 32 107 41
rect:143 312 92 85 52
rect:96 133 64 42 6
Izmit1999_14.jpg 0x0
rect:587 300 84 42 34
rect:461 258 89 42 34
rect:232 469 31 28 34
rect:269 6 185 80 35
rect:50 138 139 70 34
rect:530 82 72 52 34
rect:263 405 37 41 34
rect:395 135 85 91 35
rect:545 45 64 72 95
Izmit1999_15.jpg 0x0
rect:107 214 205 443 42
Izmit1999_16.jpg 0x0
rect:211 100 53 127 40
rect:144 66 234 330 39
rect:111 61 442 472 33
rect:142 95 143 172 41
Izmit1999_17.jpg 0x0
rect:114 158 143 332 41
Izmit1999_18.jpg 0x0
rect:245 159 129 140 41
rect:173 177 129 270 39
Izmit1999_19.jpg 0x0
rect:615 137 25 71 50
rect:278 75 300 412 96
rect:340 186 18 76 50
rect:177 105 261 179 32
Kobe1995_01.jpg 0x0
rect:34 196 804 131 63
Kobe1995_02.jpg 0x0
rect:2 42 347 438 68
Kobe1995_03.jpg 0x0
rect:45 56 447 784 10
Kobe1995_04.jpg 0x0
rect:455 247 53 48 41
Kobe1995_05.jpg 0x0
rect:247 132 157 331 40
rect:167 142 213 624 52
rect:4 121 123 678 40
rect:52 206 537 78 78
rect:88 727 347 91 78
Kobe1995_06.jpg 0x0
rect:206 448 315 424 42
rect:64 165 375 436 41
Kobe1995_07.jpg 0x0
rect:295 240 27 34 39
rect:235 321 38 41 39
rect:169 80 35 48 39
rect:37 279 30 33 39
rect:430 191 51 37 39
rect:365 343 41 28 39
rect:505 218 53 56 39
rect:136 309 38 31 39
rect:273 347 43 29 39
rect:253 250 25 52 39
rect:231 586 46 44 39
rect:414 137 49 31 39
rect:409 369 39 41 39
rect:467 492 28 36 39
rect:282 254 42 25 39
rect:149 314 27 32 39
rect:52 191 46 49 39
rect:358 347 50 27 39
rect:260 118 18 30 39
rect:259 370 28 31 39
rect:356 156 37 45 39
rect:199 138 36 34 39
rect:430 311 29 41 39
rect:149 220 47 50 39
rect:117 326 31 34 39
rect:228 460 22 34 39
Kobe1995_08.jpg 0x0
rect:256 45 362 196 97
Kobe1995_09.jpg 0x0
rect:244 692 148 86 97
rect:138 384 85 50 88
rect:118 613 68 51 88
rect:101 485 99 110 88
SanSalvador_1986_01.jpg 0x0
rect:64 3 126 310 68
rect:267 170 132 237 41
SanSalvador_1986_02.jpg 0x0
rect:393 330 29 54 41
rect:406 232 35 38 41
rect:321 165 20 33 41
rect:384 136 32 55 42
rect:492 282 52 53 41
rect:181 159 18 31 41
rect:223 295 24 34 41
rect:213 235 40 38 41
rect:281 151 45 35 41
SikkimIndia2001_01.jpg 0x0
rect:210 120 158 153 34
SikkimIndia2001_02.jpg 0x0
rect:149 76 179 412 33
rect:309 232 85 35 16
rect:7 173 47 39 54
rect:372 257 69 16 16
rect:8 5 224 97 16
rect:553 87 94 37 16
rect:-15 2 482 111 33
rect:331 141 110 128 33
SikkimIndia2001_03.jpg 0x0
rect:225 11 141 618 98
rect:148 98 85 244 69
rect:278 190 69 156 70
SikkimIndia2001_04.jpg 0x0
rect:494 194 234 83 99
rect:3 26 333 320 99
rect:189 193 111 194 34
SumatraInd2009_01.jpg 0x0
rect:262 27 51 329 81
SumatraInd2009_02.jpg 0x0
rect:133 98 143 119 41
WhittierNarrows1987_01.jpg 0x0
rect:13 33 681 362 10
WhittierNarrows1987_02.jpg 0x0
rect:116 198 125 220 41
WhittierNarrows1987_03.jpg 0x0
rect:236 124 153 320 32
WhittierNarrows1987_04.jpg 0x0
rect:191 8 307 68 6
rect:218 14 318 155 100
rect:302 71 114 188 41
YogyakartaInd2006_01.jpg 0x0
rect:239 121 279 76 49
rect:121 -21 286 414 29
rect:211 27 325 346 32
YogyakartaInd2006_02.jpg 0x0
rect:292 65 113 395 98
rect:324 129 41 163 69
rect:262 102 72 169 70
