Anchorage1964_01.jpg 0x0
rect:77 7 264 188 1
rect:68 489 243 178 1
Anchorage1964_02.jpg 0x0
rect:550 284 21 41 3
rect:99 258 30 16 6
rect:28 24 121 57 5
rect:249 34 288 64 4
rect:352 200 89 71 4
rect:121 126 55 43 7
rect:67 35 105 16 6
rect:236 193 350 84 2
rect:221 320 25 42 3
rect:407 66 124 86 8
rect:540 283 13 43 3
rect:195 355 25 84 3
rect:424 352 11 47 3
rect:249 202 23 44 3
rect:162 268 65 14 6
rect:333 209 31 69 3
rect:223 335 27 78 3
rect:30 205 181 36 5
rect:240 50 106 97 4
Anchorage1964_03.jpg 0x0
rect:0 364 461 49 10
rect:271 80 501 209 9
rect:2 180 180 64 9
Anchorage1964_04.jpg 0x0
rect:383 526 40 20 5
rect:318 296 31 18 5
rect:278 123 20 21 1
rect:127 373 41 13 5
rect:430 27 39 16 5
rect:264 451 9 1 1
rect:346 52 36 20 5
rect:407 83 28 21 5
rect:396 180 35 24 5
rect:241 327 15 23 1
rect:357 224 24 17 5
rect:177 227 36 13 5
rect:165 78 37 16 5
rect:426 163 42 18 5
rect:188 154 37 22 5
rect:206 403 24 33 1
rect:210 231 18 25 1
rect:166 563 44 21 2
rect:371 255 21 26 1
rect:319 258 17 18 1
rect:220 18 22 22 5
rect:338 367 18 22 1
rect:264 270 20 26 8
rect:137 82 42 23 5
rect:347 147 15 18 1
rect:390 407 35 19 5
rect:213 391 25 27 1
rect:168 515 25 16 5
rect:244 393 32 24 5
rect:237 266 16 25 1
rect:161 381 38 22 5
rect:359 122 35 18 5
rect:304 371 12 16 1
rect:201 146 21 16 5
rect:206 146 29 20 5
rect:187 327 32 18 5
rect:363 287 33 24 5
rect:159 192 33 21 5
rect:437 309 32 15 5
Anchorage1964_05.jpg 0x0
rect:556 158 31 40 1
rect:55 221 24 38 1
rect:67 272 25 59 1
rect:129 191 148 16 5
rect:46 146 17 34 1
rect:336 58 44 56 1
rect:266 237 30 21 11
rect:511 304 37 82 1
rect:433 362 60 61 8
rect:201 163 114 41 6
rect:182 48 118 37 5
rect:47 199 23 40 1
rect:620 155 46 67 1
rect:343 261 35 28 11
rect:557 23 30 38 1
rect:438 396 42 74 8
rect:186 46 114 50 6
rect:100 34 16 51 1
rect:808 253 75 24 5
rect:40 394 29 57 1
rect:117 70 17 49 1
rect:258 166 155 55 2
rect:59 378 18 52 1
rect:50 84 23 44 1
rect:376 1 46 59 1
rect:607 119 33 60 1
rect:782 269 45 26 6
rect:783 454 58 17 6
rect:828 266 52 42 5
Anchorage1964_06.jpg 0x0
rect:152 66 155 451 12
rect:222 277 79 99 11
rect:160 143 104 393 3
Anchorage1964_07.jpg 0x0
rect:342 113 33 113 3
rect:468 281 269 223 2
rect:20 157 280 40 11
rect:8 80 857 356 2
rect:478 140 57 79 11
rect:256 142 130 151 11
rect:6 373 475 41 14
rect:249 2 120 83 2
rect:283 196 46 77 13
Anchorage1964_08.jpg 0x0
rect:44 351 136 127 1
rect:374 30 107 99 1
rect:280 606 98 165 1
rect:427 212 134 109 1
rect:59 80 98 153 1
rect:59 386 101 107 1
Anchorage1964_09.jpg 0x0
rect:14 12 65 15 16
rect:124 161 56 94 1
rect:220 146 79 73 1
rect:12 166 73 19 15
rect:572 147 143 14 15
rect:313 120 82 27 15
rect:460 9 201 11 15
rect:635 13 84 8 16
rect:16 152 21 9 16
rect:106 352 92 85 8
rect:858 157 1 1 16
rect:14 19 284 16 15
rect:528 202 68 81 8
rect:600 29 88 67 8
rect:72 37 75 89 8
rect:68 138 49 9 16
rect:407 157 70 54 1
rect:190 150 279 14 15
rect:500 160 80 52 1
Anchorage1964_10.jpg 0x0
rect:166 218 80 102 17
rect:61 235 243 414 1
rect:162 218 226 81 18
rect:76 308 340 136 18
Anchorage1964_11.jpg 0x0
rect:52 602 479 13 14
rect:148 55 131 115 4
rect:83 245 443 60 2
rect:480 166 179 68 1
rect:232 218 376 37 11
rect:551 6 91 30 1
rect:179 187 313 21 15
rect:97 369 407 25 14
Anchorage1964_12.jpg 0x0
rect:382 66 40 221 3
rect:13 80 679 372 2
rect:219 219 37 110 3
rect:503 83 49 159 3
rect:329 80 160 138 11
Anchorage1964_13.jpg 0x0
rect:356 644 234 25 2
rect:582 373 24 180 20
rect:385 613 153 13 19
Anchorage1964_14.jpg 0x0
rect:119 761 39 74 22
rect:262 15 80 298 11
rect:15 683 24 75 22
rect:423 447 183 82 23
rect:527 6 65 146 11
rect:337 203 149 69 15
rect:247 353 62 89 21
rect:96 630 49 49 22
rect:45 512 51 86 22
rect:214 10 78 494 20
rect:95 259 148 34 15
rect:13 701 244 84 11
Anchorage1964_15.jpg 0x0
rect:216 60 59 455 20
rect:292 252 167 53 15
rect:280 7 102 68 4
rect:431 209 145 35 11
rect:367 9 77 67 4
rect:365 149 33 71 25
rect:280 529 154 45 2
rect:466 371 103 26 24
rect:157 149 26 76 11
Anchorage1964_16.jpg 0x0
rect:14 130 140 193 2
rect:13 295 87 58 2
rect:108 413 62 118 11
rect:220 211 193 257 11
rect:219 95 291 165 2
rect:648 178 180 163 2
Anchorage1964_17.jpg 0x0
rect:207 46 154 241 9
rect:8 192 666 214 10
rect:12 97 290 109 9
Anchorage1964_18.jpg 0x0
rect:459 119 118 66 4
rect:359 293 75 25 2
rect:584 235 52 21 2
rect:357 356 37 47 11
rect:261 375 225 25 15
rect:180 267 57 62 11
rect:154 203 98 136 4
rect:175 310 14 60 11
rect:463 220 33 21 2
rect:373 203 77 77 4
Anchorage1964_19.jpg 0x0
rect:297 130 40 29 26
rect:575 177 6 14 26
rect:418 288 35 41 28
rect:439 162 54 24 28
rect:574 163 16 56 29
rect:345 126 68 38 26
rect:382 193 17 33 26
rect:426 120 38 33 27
rect:308 209 46 53 26
rect:634 115 9 8 26
rect:21 334 38 124 27
rect:306 114 31 56 29
rect:543 241 11 18 26
rect:382 76 61 160 29
rect:6 310 81 146 26
rect:312 268 20 51 26
rect:716 243 7 11 26
rect:364 120 21 48 26
Anchorage1964_20.jpg 0x0
rect:167 304 72 100 26
rect:197 62 100 186 29
rect:208 88 129 77 26
rect:571 594 53 61 26
rect:216 85 101 56 27
Anchorage1964_21.jpg 0x0
rect:2 116 51 28 26
rect:-5 75 71 188 29
rect:204 190 788 175 30
rect:40 363 30 37 26
Bingol2003_01.jpg 0x0
rect:775 416 94 42 33
rect:389 505 104 79 6
rect:738 374 86 62 6
rect:336 239 71 79 33
rect:622 228 208 187 31
rect:2 282 749 290 10
rect:782 205 89 63 33
rect:611 66 104 48 6
rect:720 144 77 67 6
rect:29 275 49 77 33
rect:685 83 198 142 31
rect:179 78 94 28 6
rect:374 187 39 104 34
rect:611 235 41 55 6
rect:521 434 211 83 6
rect:623 255 56 68 34
rect:111 243 61 60 33
rect:488 267 48 230 32
rect:994 449 78 82 33
Bingol2003_02.jpg 0x0
rect:122 127 436 159 34
rect:428 271 71 75 6
rect:308 307 925 432 31
rect:443 389 93 105 26
rect:118 578 203 277 32
rect:696 57 113 55 36
rect:526 292 428 107 35
rect:148 210 86 485 32
Bingol2003_03.jpg 0x0
rect:489 196 319 791 4
rect:582 -6 374 147 4
rect:143 36 130 95 33
rect:314 187 324 210 2
rect:107 18 157 33 2
rect:959 517 225 343 2
rect:540 187 262 60 11
Bingol2003_04.jpg 0x0
rect:254 504 38 108 3
rect:258 450 26 61 3
rect:364 310 204 230 4
rect:112 476 314 168 2
rect:137 683 24 91 3
rect:93 607 25 65 3
rect:411 690 143 58 2
rect:52 795 69 62 2
CanterburyNZSeries2010_01.jpg 0x0
rect:87 112 137 314 12
CanterburyNZSeries2010_02.jpg 0x0
rect:62 39 184 224 6
rect:52 11 215 314 37
CanterburyNZSeries2010_03.jpg 0x0
rect:55 53 328 129 38
CanterburyNZSeries2010_04.jpg 0x0
rect:233 427 35 175 40
rect:257 10 122 185 42
rect:309 461 25 57 40
rect:325 368 47 119 40
rect:234 463 119 178 41
rect:343 274 30 88 40
rect:248 448 16 50 40
rect:280 349 202 444 39
CanterburyNZSeries2010_05.jpg 0x0
rect:382 256 116 76 15
rect:274 319 153 315 4
CanterburyNZSeries2010_06.jpg 0x0
rect:296 217 305 119 2
rect:86 88 704 472 4
CanterburyNZSeries2010_08.jpg 0x0
rect:724 500 103 101 44
rect:399 125 180 232 43
rect:893 398 38 219 32
rect:942 635 70 135 44
CanterburyNZSeries2010_09.jpg 0x0
rect:311 108 188 154 45
rect:361 275 200 336 39
CanterburyNZSeries2010_10.jpg 0x0
rect:253 302 340 219 6
rect:156 308 276 149 6
rect:265 229 156 53 46
rect:311 204 211 100 7
CanterburyNZSeries2010_11.jpg 0x0
rect:227 341 347 157 5
rect:295 271 399 133 7
CanterburyNZSeries2010_12.jpg 0x0
rect:39 372 710 414 2
rect:5 340 1208 513 47
rect:551 449 206 60 11
rect:150 460 132 44 11
CanterburyNZSeries2010_13.jpg 0x0
rect:424 122 103 429 11
rect:129 19 294 921 12
Caracas1967_01.jpg 0x0
rect:406 142 44 115 48
rect:318 199 10 57 48
rect:246 149 101 70 48
rect:342 84 125 199 48
Caracas1967_02.jpg 0x0
rect:327 1 139 170 15
rect:96 334 54 36 50
rect:221 148 250 240 51
rect:87 325 35 67 49
Caracas1967_03.jpg 0x0
rect:286 298 134 144 34
rect:456 466 27 139 27
rect:387 404 70 72 26
rect:253 388 25 65 27
rect:13 315 268 76 6
rect:282 55 86 76 14
Caracas1967_04.jpg 0x0
rect:140 277 20 76 27
rect:153 297 46 102 26
rect:131 270 207 154 34
Caracas1967_05.jpg 0x0
rect:173 268 36 254 40
rect:32 76 377 757 48
rect:162 346 58 237 40
rect:241 167 167 198 52
rect:61 277 84 271 40
rect:81 382 173 147 52
rect:347 165 55 333 40
rect:301 291 34 205 40
rect:240 308 40 258 40
rect:34 147 463 417 41
Caracas1967_06.jpg 0x0
rect:325 355 88 66 6
rect:236 124 307 306 7
Caracas1967_07.jpg 0x0
rect:539 294 122 187 34
rect:340 527 126 64 53
rect:353 50 37 223 27
rect:193 183 43 259 27
rect:468 8 93 317 34
rect:364 368 97 78 53
rect:150 169 146 147 34
Caracas1967_08.jpg 0x0
rect:220 334 61 135 54
rect:185 387 57 103 55
rect:411 212 104 158 54
Caracas1967_09.jpg 0x0
rect:19 239 50 69 48
rect:89 256 61 60 48
rect:377 9 223 138 48
rect:221 204 120 59 48
Caracas1967_10.jpg 0x0
rect:35 244 342 262 41
rect:23 130 517 296 48
rect:463 245 87 153 40
rect:410 285 88 131 40
Caracas1967_11.jpg 0x0
rect:43 196 316 344 41
rect:356 13 151 268 41
rect:48 12 293 850 48
Caracas1967_12.jpg 0x0
rect:886 317 22 39 32
rect:479 190 25 46 34
rect:648 359 30 59 32
rect:232 218 32 45 56
Caracas1967_13.jpg 0x0
rect:174 512 168 188 55
Caracas1967_14.jpg 0x0
rect:151 316 358 45 6
rect:115 164 702 182 57
Chichi1999_01.jpg 0x0
rect:320 159 45 284 42
rect:5 8 889 141 58
Chichi1999_02.jpg 0x0
rect:7 119 275 162 58
rect:481 113 259 396 59
Chichi1999_03.jpg 0x0
rect:54 214 57 137 60
rect:0 192 862 192 58
Chichi1999_04.jpg 0x0
rect:260 -16 59 136 48
rect:190 286 98 386 48
rect:256 251 33 69 52
Chichi1999_05.jpg 0x0
rect:283 329 33 44 41
rect:259 188 33 84 52
rect:330 155 79 233 48
rect:344 92 56 44 41
Chichi1999_06.jpg 0x0
rect:401 146 41 68 62
rect:711 152 52 57 41
rect:183 17 377 199 10
rect:420 251 46 106 48
rect:438 -12 104 80 61
rect:402 302 27 31 52
Chichi1999_07.jpg 0x0
rect:148 192 28 56 64
rect:534 266 44 121 48
rect:365 220 61 154 48
rect:145 220 52 119 48
rect:729 299 19 15 64
rect:51 198 541 127 63
rect:467 287 36 38 64
Chichi1999_08.jpg 0x0
rect:90 13 524 505 10
Chichi1999_09.jpg 0x0
rect:272 77 28 57 40
rect:168 61 157 174 48
rect:334 87 48 92 40
rect:293 102 98 70 41
Chichi1999_10.jpg 0x0
rect:223 15 505 536 10
Chichi1999_11.jpg 0x0
rect:156 168 134 77 65
rect:2 105 125 607 10
Chichi1999_12.jpg 0x0
rect:10 26 316 642 66
Chichi1999_13.jpg 0x0
rect:25 49 690 408 10
Chichi1999_14.jpg 0x0
rect:92 473 26 43 67
rect:379 662 72 61 67
rect:131 252 60 62 67
rect:73 421 72 36 67
rect:139 132 109 64 67
rect:181 342 28 28 67
rect:110 304 45 78 67
rect:60 422 53 38 67
rect:171 412 31 63 67
rect:371 310 31 41 39
rect:444 383 49 53 67
rect:177 671 21 46 67
rect:340 393 21 23 39
rect:229 572 25 43 39
rect:167 176 19 46 67
rect:160 330 30 53 67
rect:299 228 28 49 39
Chichi1999_15.jpg 0x0
rect:195 30 324 553 41
Chichi1999_16.jpg 0x0
rect:226 165 66 166 32
Chichi1999_17.jpg 0x0
rect:178 446 18 50 32
Chichi1999_18.jpg 0x0
rect:146 179 111 519 68
rect:201 418 36 103 70
rect:167 299 32 112 69
rect:283 199 35 127 69
rect:211 291 29 129 69
rect:352 416 31 99 69
Chichi1999_19.jpg 0x0
rect:299 152 228 196 3
rect:247 24 285 487 2
YogyakartaInd2006_03.jpg 0x0
rect:302 95 158 42 15
rect:192 363 298 152 71
rect:201 131 23 6 16
rect:208 197 81 30 15
rect:272 427 176 38 15
rect:267 30 116 2 15
rect:378 483 57 37 16
rect:359 80 79 44 16
Chichi1999_20.jpg 0x0
rect:174 212 87 315 42
rect:190 520 46 158 41
Chichi1999_21.jpg 0x0
rect:343 44 254 239 37
rect:494 130 213 100 6
rect:146 201 129 105 37
rect:262 116 286 213 72
rect:81 390 216 142 5
rect:490 7 160 76 57
rect:212 268 108 116 6
rect:21 4 214 107 30
Chichi1999_22.jpg 0x0
rect:454 292 18 20 73
rect:185 266 10 27 73
rect:176 137 294 113 10
rect:274 188 14 24 73
Chichi1999_23.jpg 0x0
rect:205 328 53 98 73
rect:256 216 33 20 26
rect:147 191 23 22 34
rect:117 125 72 36 73
rect:80 350 43 74 34
rect:258 231 38 98 34
rect:224 171 43 72 73
rect:4 70 340 149 74
rect:320 126 34 25 27
rect:100 367 62 94 73
Chichi1999_24.jpg 0x0
rect:431 265 1 2 46
rect:3 319 261 180 74
rect:261 202 44 52 46
rect:252 355 65 56 34
rect:206 117 158 126 75
Chichi1999_25.jpg 0x0
rect:257 326 31 51 26
rect:115 226 235 374 73
rect:196 177 149 219 34
Chichi1999_26.jpg 0x0
rect:260 272 160 407 76
rect:131 410 178 113 73
rect:155 463 135 101 27
rect:231 14 40 32 73
rect:181 155 49 119 73
rect:104 541 75 74 26
Chichi1999_27.jpg 0x0
rect:151 217 94 362 32
Chichi1999_28.jpg 0x0
rect:305 110 151 235 75
rect:289 326 205 133 77
rect:14 50 252 142 6
rect:109 78 163 189 5
Chichi1999_29.jpg 0x0
rect:212 291 84 191 52
rect:194 249 79 213 40
rect:176 207 263 264 48
Chichi1999_30.jpg 0x0
rect:30 283 87 140 73
rect:233 176 235 60 52
rect:196 127 289 254 40
rect:252 234 177 76 78
Chichi1999_31.jpg 0x0
rect:118 105 126 229 79
rect:671 89 53 245 48
Chichi1999_32.jpg 0x0
rect:420 186 36 146 39
rect:140 7 121 468 80
rect:145 189 26 174 81
rect:250 63 55 166 81
Chichi1999_33.jpg 0x0
rect:262 175 48 107 49
rect:75 79 143 593 33
rect:147 146 40 150 49
rect:228 83 108 325 32
rect:284 113 71 183 56
rect:118 149 73 249 32
Chichi1999_34.jpg 0x0
rect:155 114 359 332 10
Duzce1999_01.jpg 0x0
rect:157 41 124 345 39
rect:110 104 75 119 41
Duzce1999_02.jpg 0x0
rect:57 65 191 420 41
Duzce1999_03.jpg 0x0
rect:0 135 108 204 31
rect:166 126 113 315 31
rect:137 126 85 241 42
Gediz1970_01.jpg 0x0
rect:116 94 287 594 68
rect:153 294 122 290 69
rect:172 557 103 204 69
Guatemala1976_01.jpg 0x0
rect:59 122 35 51 41
rect:17 132 773 201 82
rect:525 134 69 67 41
rect:466 129 147 149 48
rect:49 169 49 57 52
rect:40 119 127 99 48
Guatemala1976_02.jpg 0x0
rect:237 64 129 126 40
rect:138 57 239 294 48
Guatemala1976_03.jpg 0x0
rect:13 113 654 388 75
Guatemala1976_04.jpg 0x0
rect:102 27 350 84 30
rect:534 208 98 294 4
rect:41 83 522 226 30
rect:445 204 130 362 4
Guatemala1976_05.jpg 0x0
rect:128 175 337 239 40
rect:193 91 452 446 48
rect:208 144 241 125 41
Guatemala1976_06.jpg 0x0
rect:110 96 240 490 39
Guatemala1976_07.jpg 0x0
rect:30 323 73 58 6
rect:289 652 133 81 83
rect:24 179 418 284 10
Guatemala1976_08.jpg 0x0
rect:238 45 420 353 41
rect:352 92 180 402 40
rect:166 32 438 467 48
Guatemala1976_09.jpg 0x0
rect:285 315 80 23 85
rect:819 389 72 81 84
rect:84 203 33 30 84
rect:219 263 71 45 85
rect:676 359 66 64 85
rect:458 297 38 67 84
rect:72 295 32 32 85
rect:224 288 49 26 84
Guatemala1976_10.jpg 0x0
rect:186 132 300 140 87
rect:221 200 193 191 86
rect:262 352 38 102 87
Guatemala1976_11.jpg 0x0
rect:182 193 140 265 34
GujaratIndia2001_01.jpg 0x0
rect:27 418 220 165 4
rect:315 343 54 46 11
rect:69 358 73 43 2
rect:184 423 222 99 2
Haiti2010_01.jpg 0x0
rect:482 282 109 126 4
rect:566 589 147 291 4
rect:393 344 31 135 40
rect:284 163 217 387 41
rect:148 50 91 117 7
Haiti2010_02.jpg 0x0
rect:66 87 497 243 88
rect:365 35 150 59 14
Haiti2010_03.jpg 0x0
rect:245 1 49 455 32
rect:257 266 206 169 32
rect:307 648 87 83 49
rect:233 744 272 191 89
Haiti2010_04.jpg 0x0
rect:212 272 399 629 41
rect:294 58 301 223 34
rect:2 195 365 134 6
Haiti2010_05.jpg 0x0
rect:204 118 326 603 90
rect:273 224 201 127 52
rect:377 315 35 107 40
rect:337 201 25 87 40
Haiti2010_06.jpg 0x0
rect:482 176 74 33 6
rect:232 226 50 35 34
rect:555 240 84 301 32
rect:371 116 78 79 34
rect:415 162 690 779 91
rect:345 144 190 372 33
rect:269 325 244 415 91
ImperialValley1979_01.jpg 0x0
rect:423 286 50 32 49
rect:462 276 31 25 49
rect:481 329 27 25 32
rect:13 349 70 90 49
rect:405 327 42 44 50
rect:12 371 99 128 32
rect:64 424 125 129 50
rect:431 266 27 37 50
rect:590 314 44 35 32
rect:673 423 21 17 49
rect:295 294 38 37 32
ImperialValley1979_02.jpg 0x0
rect:199 134 68 155 50
rect:334 148 48 155 50
rect:144 188 308 64 92
rect:207 267 106 45 49
rect:324 167 117 215 50
rect:234 60 191 187 32
ImperialValley1979_03.jpg 0x0
rect:184 134 192 129 32
rect:101 424 200 42 92
rect:253 222 64 207 50
rect:247 343 63 131 50
rect:102 324 113 224 50
rect:80 288 233 35 92
rect:145 274 247 170 32
Izmit1999_01.jpg 0x0
rect:162 69 429 242 34
rect:260 254 34 82 27
rect:364 120 49 150 27
rect:448 204 46 81 26
rect:246 118 44 182 27
Izmit1999_02.jpg 0x0
rect:27 116 508 354 10
Izmit1999_03.jpg 0x0
rect:109 41 309 486 93
rect:317 70 30 242 50
rect:480 115 36 305 50
rect:595 67 54 391 50
rect:193 258 313 32 92
rect:275 59 224 242 32
rect:138 64 58 243 50
rect:291 161 48 242 50
Izmit1999_04.jpg 0x0
rect:314 401 75 88 41
rect:89 387 258 116 88
rect:55 467 82 45 34
rect:492 480 24 66 40
rect:160 224 181 85 88
rect:264 103 103 102 41
rect:289 481 27 54 40
rect:81 583 28 98 42
rect:304 90 65 98 48
rect:60 363 65 115 41
Izmit1999_05.jpg 0x0
rect:116 23 436 514 10
Izmit1999_06.jpg 0x0
rect:134 169 69 297 50
rect:257 232 50 132 50
rect:154 314 113 96 49
rect:94 269 89 166 50
rect:317 249 39 164 50
rect:133 127 273 408 32
Izmit1999_07.jpg 0x0
rect:191 267 51 169 3
rect:308 132 94 74 3
rect:427 348 90 431 4
rect:247 287 51 129 3
rect:400 66 116 36 6
rect:187 212 46 139 3
rect:19 103 395 702 2
Izmit1999_08.jpg 0x0
rect:162 84 69 111 41
rect:669 6 71 68 45
rect:122 29 101 124 34
rect:365 108 65 28 52
rect:291 176 213 121 88
rect:444 76 89 63 41
rect:108 522 90 92 45
Izmit1999_09.jpg 0x0
rect:282 262 99 104 94
rect:479 230 75 75 41
rect:339 288 115 91 41
rect:201 226 50 33 41
rect:44 271 45 58 41
rect:597 228 52 95 94
Izmit1999_10.jpg 0x0
rect:147 234 98 285 40
rect:157 121 47 201 40
rect:385 440 76 147 40
rect:177 441 100 28 78
rect:283 342 51 93 40
rect:331 113 165 155 40
rect:72 155 74 140 40
rect:248 572 72 31 78
rect:94 389 241 83 78
rect:81 102 300 662 41
rect:36 168 300 35 78
Izmit1999_11.jpg 0x0
rect:206 542 109 150 41
rect:175 242 71 171 40
rect:264 312 79 194 40
rect:213 329 49 135 40
rect:152 269 113 141 41
Izmit1999_12.jpg 0x0
rect:469 24 76 41 34
rect:321 268 57 53 41
rect:276 212 87 148 41
rect:594 179 148 143 91
rect:122 58 38 30 6
rect:260 153 37 95 42
rect:42 201 46 44 52
rect:1 229 34 47 41
rect:396 100 46 105 41
rect:17 83 48 30 6
rect:409 307 123 125 94
rect:422 210 65 101 52
rect:109 350 27 55 40
rect:275 150 61 62 45
rect:178 277 61 48 88
rect:61 178 70 77 94
rect:325 119 85 57 7
rect:389 172 50 25 6
Izmit1999_13.jpg 0x0
rect:101 292 135 131 94
rect:386 94 86 128 41
rect:125 203 63 53 52
rect:235 94 240 324 48
rect:152 304 22 80 41
rect:366 161 81 247 41
rect:184 291 45 66 41
rect:4 101 103 189 42
rect:86 114 50 50 6
Izmit1999_14.jpg 0x0
rect:281 180 112 80 35
rect:67 153 101 42 34
rect:596 63 104 98 34
rect:228 436 53 40 34
rect:536 42 45 42 95
rect:453 307 51 29 34
rect:316 216 58 48 34
rect:460 7 201 84 35
rect:303 288 39 24 34
Izmit1999_15.jpg 0x0
rect:150 201 269 310 42
Izmit1999_16.jpg 0x0
rect:218 91 46 119 40
rect:86 66 329 519 33
rect:133 65 285 277 39
rect:182 98 141 114 41
Izmit1999_17.jpg 0x0
rect:134 111 155 329 41
Izmit1999_18.jpg 0x0
rect:127 159 138 292 39
rect:134 160 139 155 41
Izmit1999_19.jpg 0x0
rect:184 84 271 358 96
rect:326 169 29 68 50
rect:442 180 17 65 50
rect:175 89 314 301 32
Kobe1995_01.jpg 0x0
rect:22 136 1064 107 63
Kobe1995_02.jpg 0x0
rect:2 54 610 399 68
Kobe1995_03.jpg 0x0
rect:26 77 609 467 10
Kobe1995_04.jpg 0x0
rect:398 277 59 38 41
Kobe1995_05.jpg 0x0
rect:4 167 126 521 40
rect:126 191 282 447 52
rect:337 160 197 519 40
rect:77 657 341 141 78
rect:55 306 400 75 78
Kobe1995_06.jpg 0x0
rect:68 161 434 557 41
rect:237 445 318 397 42
Kobe1995_07.jpg 0x0
rect:472 325 26 41 39
rect:158 285 40 45 39
rect:224 365 42 29 39
rect:227 226 29 21 39
rect:45 325 32 28 39
rect:54 324 39 62 39
rect:272 98 20 37 39
rect:250 393 30 50 39
rect:129 331 36 40 39
rect:381 354 36 53 39
rect:341 257 31 37 39
rect:215 143 27 54 39
rect:223 213 27 53 39
rect:404 166 54 36 39
rect:377 325 35 46 39
rect:279 596 40 48 39
rect:418 404 25 36 39
rect:164 303 35 56 39
rect:304 190 25 37 39
rect:543 108 39 32 39
rect:100 336 41 29 39
rect:255 266 42 45 39
rect:313 136 43 38 39
rect:296 191 50 38 39
rect:116 270 26 36 39
rect:157 93 34 32 39
Kobe1995_08.jpg 0x0
rect:228 76 331 192 97
Kobe1995_09.jpg 0x0
rect:84 573 55 54 88
rect:86 465 73 69 88
rect:92 492 94 70 88
rect:180 434 141 61 97
SanSalvador_1986_01.jpg 0x0
rect:78 3 96 303 68
rect:256 181 84 202 41
SanSalvador_1986_02.jpg 0x0
rect:387 196 54 47 41
rect:198 337 27 39 41
rect:266 316 38 32 41
rect:155 156 25 29 41
rect:294 149 20 24 41
rect:185 236 23 34 41
rect:638 186 32 35 41
rect:374 133 52 54 42
rect:645 185 36 52 41
SikkimIndia2001_01.jpg 0x0
rect:158 186 96 170 34
SikkimIndia2001_02.jpg 0x0
rect:537 110 121 49 16
rect:326 216 113 39 16
rect:186 72 165 379 33
rect:8 118 52 53 54
rect:558 86 116 184 33
rect:600 277 103 13 16
rect:11 6 237 60 16
rect:-15 2 409 132 33
SikkimIndia2001_03.jpg 0x0
rect:155 78 94 167 69
rect:258 153 111 193 70
rect:140 13 142 580 98
SikkimIndia2001_04.jpg 0x0
rect:3 41 256 193 99
rect:298 222 148 175 34
rect:372 177 188 119 99
SumatraInd2009_01.jpg 0x0
rect:351 19 82 298 81
SumatraInd2009_02.jpg 0x0
rect:246 94 157 122 41
WhittierNarrows1987_01.jpg 0x0
rect:15 30 984 289 10
WhittierNarrows1987_02.jpg 0x0
rect:220 201 114 195 41
WhittierNarrows1987_03.jpg 0x0
rect:269 102 120 334 32
WhittierNarrows1987_04.jpg 0x0
rect:215 10 181 176 100
rect:247 7 213 101 6
rect:278 40 106 243 41
YogyakartaInd2006_01.jpg 0x0
rect:190 35 269 343 32
rect:275 133 344 97 49
rect:153 -19 282 503 29
YogyakartaInd2006_02.jpg 0x0
rect:337 57 163 519 98
rect:253 146 38 215 69
rect:457 95 85 187 70
