Anchorage1964_01.jpg 0x0
rect:92 5 183 223 1
rect:97 347 164 268 1
Anchorage1964_02.jpg 0x0
rect:369 309 20 74 3
rect:81 38 76 12 6
rect:422 269 18 39 3
rect:123 150 81 44 7
rect:588 290 18 53 3
rect:525 179 113 56 4
rect:205 291 19 57 3
rect:101 154 63 17 6
rect:364 345 14 70 3
rect:175 340 292 118 2
rect:456 212 25 71 3
rect:37 240 126 41 5
rect:33 17 138 52 5
rect:254 216 21 65 3
rect:72 168 24 18 6
rect:515 80 107 98 8
rect:266 36 220 107 4
rect:276 97 116 95 4
rect:221 314 23 53 3
Anchorage1964_03.jpg 0x0
rect:224 99 401 229 9
rect:2 180 224 103 9
rect:0 340 640 52 10
Anchorage1964_04.jpg 0x0
rect:226 389 10 1 1
rect:284 440 31 22 5
rect:186 48 29 14 5
rect:137 344 72 21 2
rect:391 164 31 22 5
rect:128 391 30 12 5
rect:337 221 19 26 1
rect:422 36 38 21 5
rect:369 366 15 21 1
rect:334 53 46 15 5
rect:185 107 33 19 5
rect:260 213 20 13 5
rect:298 362 33 19 5
rect:280 242 17 23 1
rect:295 339 16 23 1
rect:135 359 34 14 5
rect:411 264 22 15 5
rect:210 23 33 17 5
rect:134 299 34 16 5
rect:245 454 17 32 1
rect:179 110 20 24 5
rect:228 148 20 25 1
rect:131 324 33 18 5
rect:199 265 15 34 1
rect:330 350 21 20 1
rect:184 152 29 22 5
rect:315 338 20 20 5
rect:452 156 30 22 5
rect:358 143 36 17 5
rect:298 188 10 28 1
rect:152 435 28 15 5
rect:227 300 21 29 8
rect:390 73 38 16 5
rect:277 574 28 17 5
rect:115 291 42 18 5
rect:239 225 16 22 1
rect:160 72 34 21 5
rect:194 549 24 22 1
rect:371 237 26 17 5
Anchorage1964_05.jpg 0x0
rect:553 269 46 14 6
rect:42 189 21 45 1
rect:595 488 47 49 8
rect:294 1 39 57 1
rect:253 43 77 37 5
rect:782 366 60 31 5
rect:44 470 31 45 1
rect:133 124 107 29 5
rect:719 199 44 36 5
rect:216 103 117 42 6
rect:318 261 35 22 11
rect:61 154 16 30 1
rect:502 366 46 71 1
rect:362 158 37 59 1
rect:109 111 16 66 1
rect:73 31 16 35 1
rect:487 79 28 44 1
rect:596 243 36 27 6
rect:370 17 25 42 1
rect:236 258 27 24 11
rect:85 285 17 44 1
rect:379 210 143 76 2
rect:244 41 80 48 6
rect:314 361 42 83 8
rect:73 65 30 37 1
rect:46 365 16 69 1
rect:93 144 25 39 1
rect:431 132 46 72 1
rect:398 183 32 47 1
Anchorage1964_06.jpg 0x0
rect:126 169 68 305 3
rect:125 78 168 411 12
rect:158 212 58 78 11
Anchorage1964_07.jpg 0x0
rect:6 426 395 25 14
rect:8 58 883 416 2
rect:368 337 349 206 2
rect:294 120 68 86 13
rect:14 204 332 42 11
rect:466 164 105 84 11
rect:224 150 187 147 11
rect:337 97 38 142 3
rect:258 2 144 58 2
Anchorage1964_08.jpg 0x0
rect:415 487 150 166 1
rect:45 609 82 96 1
rect:227 33 123 129 1
rect:65 289 94 89 1
rect:397 220 117 136 1
rect:57 83 104 82 1
Anchorage1964_09.jpg 0x0
rect:397 188 93 83 8
rect:314 113 65 88 1
rect:531 37 71 70 8
rect:313 194 74 82 1
rect:140 363 79 77 8
rect:9 165 76 18 15
rect:762 120 158 24 15
rect:300 117 92 24 15
rect:434 7 103 14 16
rect:49 194 69 9 16
rect:182 166 254 12 15
rect:98 208 76 76 1
rect:427 192 52 64 1
rect:117 32 58 92 8
rect:16 186 26 10 16
rect:14 17 58 13 16
rect:592 8 377 17 15
rect:12 11 405 11 15
rect:565 193 1 1 16
Anchorage1964_10.jpg 0x0
rect:143 366 126 154 17
rect:198 245 270 61 18
rect:76 148 370 345 1
rect:104 327 275 117 18
Anchorage1964_11.jpg 0x0
rect:530 138 145 96 1
rect:66 460 466 16 14
rect:242 161 315 15 15
rect:111 236 492 87 2
rect:490 8 108 40 1
rect:63 616 792 13 14
rect:204 257 318 27 11
rect:107 67 217 101 4
Anchorage1964_12.jpg 0x0
rect:131 191 37 123 3
rect:431 77 126 179 11
rect:410 98 39 149 3
rect:12 83 732 281 2
rect:532 67 56 224 3
Anchorage1964_13.jpg 0x0
rect:612 431 26 219 20
rect:415 608 84 17 19
rect:385 697 128 22 2
Anchorage1964_14.jpg 0x0
rect:19 549 23 79 22
rect:477 6 106 116 11
rect:213 762 43 40 22
rect:350 534 222 99 23
rect:12 622 174 69 11
rect:33 561 35 62 22
rect:348 288 110 44 15
rect:141 446 34 87 22
rect:90 260 106 30 15
rect:178 13 126 821 20
rect:370 13 79 241 11
rect:245 314 62 83 21
Anchorage1964_15.jpg 0x0
rect:258 119 25 71 11
rect:395 9 104 50 4
rect:206 57 59 347 20
rect:501 315 101 43 11
rect:273 538 162 71 2
rect:225 235 115 40 15
rect:297 9 66 44 4
rect:373 125 57 64 25
rect:388 363 83 46 24
Anchorage1964_16.jpg 0x0
rect:76 383 59 112 11
rect:652 281 171 196 2
rect:14 115 174 190 2
rect:13 321 68 78 2
rect:265 225 308 163 11
rect:188 67 287 122 2
Anchorage1964_17.jpg 0x0
rect:10 116 351 101 9
rect:324 59 162 211 9
rect:8 153 797 223 10
Anchorage1964_18.jpg 0x0
rect:355 307 102 22 2
rect:394 279 30 56 11
rect:127 253 21 48 11
rect:180 214 100 60 11
rect:589 364 68 16 2
rect:651 131 120 71 4
rect:123 175 77 142 4
rect:537 270 27 15 2
rect:343 229 416 38 15
rect:395 201 93 83 4
Anchorage1964_19.jpg 0x0
rect:357 326 20 51 26
rect:289 104 68 48 26
rect:819 206 8 12 26
rect:502 165 49 39 28
rect:314 140 23 36 27
rect:470 126 18 67 29
rect:7 205 89 192 26
rect:271 61 76 120 29
rect:442 117 26 26 26
rect:736 148 9 6 26
rect:390 141 11 24 26
rect:560 112 14 27 26
rect:464 187 28 35 28
rect:30 266 25 92 27
rect:425 173 8 20 26
rect:297 314 52 65 26
rect:366 76 44 57 29
rect:353 303 16 22 26
Anchorage1964_20.jpg 0x0
rect:388 452 47 99 26
rect:197 505 85 101 26
rect:258 73 90 51 26
rect:242 105 68 35 27
rect:241 49 122 145 29
Anchorage1964_21.jpg 0x0
rect:2 71 46 27 26
rect:147 194 789 159 30
rect:-6 89 62 187 29
rect:56 207 30 43 26
Bingol2003_01.jpg 0x0
rect:1006 395 106 75 33
rect:2 404 1131 261 10
rect:266 137 59 57 33
rect:649 592 81 39 33
rect:179 163 80 66 33
rect:630 67 54 63 6
rect:406 295 45 217 32
rect:534 313 58 60 6
rect:390 355 150 85 6
rect:641 239 139 173 31
rect:35 282 74 76 33
rect:651 75 114 204 31
rect:320 72 61 25 6
rect:438 453 48 54 34
rect:566 212 118 93 33
rect:575 232 39 103 34
rect:387 385 128 111 6
rect:459 236 47 43 6
rect:468 106 65 72 6
Bingol2003_02.jpg 0x0
rect:122 639 147 302 32
rect:221 332 86 369 32
rect:287 318 523 646 31
rect:1013 45 175 59 36
rect:328 162 439 116 35
rect:365 286 94 129 26
rect:145 105 381 127 34
rect:316 323 72 110 6
Bingol2003_03.jpg 0x0
rect:740 -10 227 272 4
rect:71 34 151 36 2
rect:839 257 320 728 4
rect:768 596 295 413 2
rect:541 233 268 50 11
rect:90 52 115 99 33
rect:266 232 397 126 2
Bingol2003_04.jpg 0x0
rect:316 524 40 136 3
rect:417 781 127 55 2
rect:94 658 103 90 2
rect:113 803 39 82 3
rect:206 209 124 214 4
rect:146 381 308 159 2
rect:250 435 35 70 3
rect:71 580 31 74 3
CanterburyNZSeries2010_01.jpg 0x0
rect:110 133 159 301 12
CanterburyNZSeries2010_02.jpg 0x0
rect:67 50 155 205 6
rect:51 8 166 340 37
CanterburyNZSeries2010_03.jpg 0x0
rect:37 81 285 171 38
CanterburyNZSeries2010_04.jpg 0x0
rect:209 311 254 364 39
rect:297 8 131 147 42
rect:428 295 24 57 40
rect:209 278 28 85 40
rect:143 307 87 166 41
rect:235 409 32 123 40
rect:427 301 63 148 40
rect:292 377 17 76 40
CanterburyNZSeries2010_05.jpg 0x0
rect:266 389 177 301 4
rect:315 255 160 84 15
CanterburyNZSeries2010_06.jpg 0x0
rect:197 307 174 97 2
rect:76 129 655 713 4
CanterburyNZSeries2010_08.jpg 0x0
rect:666 632 69 154 44
rect:384 104 123 212 43
rect:771 306 115 100 44
rect:924 645 32 215 32
CanterburyNZSeries2010_09.jpg 0x0
rect:227 374 170 291 39
rect:256 118 167 247 45
CanterburyNZSeries2010_10.jpg 0x0
rect:236 246 469 207 6
rect:287 477 308 132 6
rect:402 124 215 145 7
rect:248 228 268 94 46
CanterburyNZSeries2010_11.jpg 0x0
rect:356 180 355 123 7
rect:228 255 346 187 5
CanterburyNZSeries2010_12.jpg 0x0
rect:682 572 143 51 11
rect:6 314 876 532 47
rect:168 683 144 62 11
rect:35 241 949 370 2
CanterburyNZSeries2010_13.jpg 0x0
rect:132 14 426 850 12
rect:321 132 96 411 11
Caracas1967_01.jpg 0x0
rect:234 237 44 98 48
rect:451 95 181 317 48
rect:279 192 11 64 48
rect:331 126 60 75 48
Caracas1967_02.jpg 0x0
rect:170 475 39 38 50
rect:166 469 45 68 49
rect:257 1 86 186 15
rect:183 259 213 211 51
Caracas1967_03.jpg 0x0
rect:220 344 83 57 26
rect:19 351 288 121 6
rect:264 409 31 53 27
rect:270 391 23 107 27
rect:251 73 82 128 14
rect:253 385 102 158 34
Caracas1967_04.jpg 0x0
rect:169 273 190 120 34
rect:173 317 19 123 27
rect:117 324 38 114 26
Caracas1967_05.jpg 0x0
rect:47 349 70 220 40
rect:117 461 42 265 40
rect:241 217 174 108 52
rect:35 86 279 431 48
rect:135 444 64 247 40
rect:331 171 38 192 40
rect:35 137 445 636 41
rect:74 307 198 229 52
rect:328 160 37 340 40
rect:203 221 56 183 40
Caracas1967_06.jpg 0x0
rect:376 77 341 165 7
rect:356 344 98 45 6
Caracas1967_07.jpg 0x0
rect:240 168 212 149 34
rect:312 220 131 250 34
rect:364 7 116 349 34
rect:193 139 44 174 27
rect:423 330 96 61 53
rect:414 52 31 168 27
rect:422 396 72 87 53
Caracas1967_08.jpg 0x0
rect:291 263 58 88 54
rect:210 284 64 94 55
rect:511 220 82 169 54
Caracas1967_09.jpg 0x0
rect:507 11 262 207 48
rect:28 240 65 48 48
rect:133 173 101 57 48
rect:110 278 68 65 48
Caracas1967_10.jpg 0x0
rect:38 167 318 303 41
rect:21 116 403 326 48
rect:387 239 53 189 40
rect:288 267 63 249 40
Caracas1967_11.jpg 0x0
rect:241 10 222 301 41
rect:38 12 371 990 48
rect:76 256 207 514 41
Caracas1967_12.jpg 0x0
rect:464 308 41 40 34
rect:191 350 26 35 56
rect:873 347 23 41 32
rect:866 382 19 57 32
Caracas1967_13.jpg 0x0
rect:150 413 94 231 55
Caracas1967_14.jpg 0x0
rect:162 89 592 251 57
rect:180 247 260 30 6
Chichi1999_01.jpg 0x0
rect:421 125 38 188 42
rect:4 8 578 221 58
Chichi1999_02.jpg 0x0
rect:6 91 401 120 58
rect:477 143 192 423 59
Chichi1999_03.jpg 0x0
rect:0 149 865 167 58
rect:99 138 76 89 60
Chichi1999_04.jpg 0x0
rect:250 148 62 258 48
rect:169 221 33 58 52
rect:211 -19 57 115 48
Chichi1999_05.jpg 0x0
rect:495 199 50 92 52
rect:449 122 113 264 48
rect:358 204 32 35 41
rect:451 131 65 57 41
Chichi1999_06.jpg 0x0
rect:325 270 51 79 48
rect:289 193 24 31 52
rect:436 -11 66 95 61
rect:396 134 44 53 62
rect:168 17 589 240 10
rect:695 199 45 59 41
Chichi1999_07.jpg 0x0
rect:595 323 34 118 48
rect:187 150 53 161 48
rect:453 193 50 98 48
rect:821 176 20 17 64
rect:152 189 20 37 64
rect:297 243 30 45 64
rect:69 227 684 120 63
Chichi1999_08.jpg 0x0
rect:89 16 698 578 10
Chichi1999_09.jpg 0x0
rect:286 88 56 80 40
rect:210 122 45 59 40
rect:243 119 128 69 41
rect:273 66 195 173 48
Chichi1999_10.jpg 0x0
rect:126 18 464 488 10
Chichi1999_11.jpg 0x0
rect:2 113 139 507 10
rect:155 162 81 83 65
Chichi1999_12.jpg 0x0
rect:10 26 436 522 66
Chichi1999_13.jpg 0x0
rect:34 51 940 396 10
Chichi1999_14.jpg 0x0
rect:89 674 58 35 67
rect:124 683 21 33 67
rect:81 466 67 46 67
rect:331 572 27 45 39
rect:280 268 22 30 67
rect:291 615 81 92 67
rect:101 559 43 29 67
rect:116 247 91 60 67
rect:203 458 39 52 67
rect:180 363 22 62 67
rect:191 233 35 54 67
rect:94 162 29 63 67
rect:280 432 16 18 39
rect:241 286 26 60 39
rect:281 518 30 33 39
rect:291 384 38 58 67
rect:152 381 38 61 67
Chichi1999_15.jpg 0x0
rect:227 22 198 407 41
Chichi1999_16.jpg 0x0
rect:168 166 72 107 32
Chichi1999_17.jpg 0x0
rect:115 295 22 52 32
Chichi1999_18.jpg 0x0
rect:213 264 30 115 69
rect:214 271 40 145 70
rect:133 190 168 373 68
rect:291 313 27 118 69
rect:174 245 33 105 69
rect:175 217 25 164 69
Chichi1999_19.jpg 0x0
rect:162 19 347 296 2
rect:303 154 169 239 3
YogyakartaInd2006_03.jpg 0x0
rect:253 347 349 150 71
rect:221 119 20 8 16
rect:280 34 75 2 15
rect:399 83 154 72 15
rect:410 71 62 30 16
rect:288 199 47 31 15
rect:224 371 71 34 16
rect:258 543 191 23 15
Chichi1999_20.jpg 0x0
rect:137 192 127 333 42
rect:187 473 42 153 41
Chichi1999_21.jpg 0x0
rect:224 138 155 278 72
rect:17 4 191 114 30
rect:283 142 215 87 6
rect:91 311 114 145 5
rect:235 294 82 107 6
rect:416 43 187 162 37
rect:409 6 136 95 57
rect:141 284 147 163 37
Chichi1999_22.jpg 0x0
rect:246 204 17 14 73
rect:158 129 207 194 10
rect:223 254 17 24 73
rect:373 245 16 16 73
Chichi1999_23.jpg 0x0
rect:92 426 49 122 73
rect:139 168 71 52 73
rect:154 205 25 25 34
rect:286 241 38 22 27
rect:365 233 57 47 73
rect:288 215 31 65 34
rect:291 314 82 132 73
rect:131 337 40 83 34
rect:209 207 27 27 26
rect:4 81 387 193 74
Chichi1999_24.jpg 0x0
rect:255 133 54 42 46
rect:171 256 89 64 34
rect:3 418 312 184 74
rect:154 165 145 100 75
rect:337 283 1 2 46
Chichi1999_25.jpg 0x0
rect:141 438 57 68 26
rect:118 289 143 258 34
rect:175 146 165 398 73
Chichi1999_26.jpg 0x0
rect:160 418 107 56 26
rect:166 641 178 105 73
rect:331 18 35 33 73
rect:274 150 68 116 73
rect:189 192 154 323 76
rect:103 694 133 143 27
Chichi1999_27.jpg 0x0
rect:189 307 90 409 32
Chichi1999_28.jpg 0x0
rect:208 270 230 84 77
rect:20 57 216 143 6
rect:324 120 146 215 75
rect:133 113 180 280 5
Chichi1999_29.jpg 0x0
rect:195 252 78 172 52
rect:148 163 167 194 48
rect:223 288 107 115 40
Chichi1999_30.jpg 0x0
rect:200 82 204 277 40
rect:32 275 110 181 73
rect:259 189 231 52 52
rect:255 219 148 51 78
Chichi1999_31.jpg 0x0
rect:203 121 137 260 79
rect:415 110 38 211 48
Chichi1999_32.jpg 0x0
rect:231 258 36 178 81
rect:152 8 73 447 80
rect:668 156 61 169 39
rect:155 48 37 204 81
Chichi1999_33.jpg 0x0
rect:139 143 35 106 49
rect:102 107 95 295 32
rect:53 70 100 523 33
rect:222 112 110 282 56
rect:264 167 36 127 49
rect:244 79 155 276 32
Chichi1999_34.jpg 0x0
rect:139 128 458 394 10
Duzce1999_01.jpg 0x0
rect:103 104 118 145 41
rect:97 75 72 387 39
Duzce1999_02.jpg 0x0
rect:69 43 196 445 41
Duzce1999_03.jpg 0x0
rect:0 223 133 176 31
rect:119 86 118 187 42
rect:221 153 111 202 31
Gediz1970_01.jpg 0x0
rect:188 432 65 200 69
rect:128 133 310 494 68
rect:117 331 124 225 69
Guatemala1976_01.jpg 0x0
rect:24 171 428 219 82
rect:43 113 85 146 48
rect:46 187 70 56 52
rect:52 198 51 45 41
rect:428 156 45 76 41
rect:577 103 174 154 48
Guatemala1976_02.jpg 0x0
rect:263 61 80 77 40
rect:218 77 336 229 48
Guatemala1976_03.jpg 0x0
rect:17 113 855 387 75
Guatemala1976_04.jpg 0x0
rect:739 163 171 368 4
rect:46 84 499 219 30
rect:522 364 97 243 4
rect:114 34 319 66 30
Guatemala1976_05.jpg 0x0
rect:142 170 314 113 41
rect:103 71 465 335 48
rect:120 158 257 180 40
Guatemala1976_06.jpg 0x0
rect:123 99 268 481 39
Guatemala1976_07.jpg 0x0
rect:25 224 605 378 10
rect:182 609 167 56 83
rect:20 222 44 66 6
Guatemala1976_08.jpg 0x0
rect:293 101 240 279 40
rect:163 32 364 553 48
rect:232 46 316 312 41
Guatemala1976_09.jpg 0x0
rect:164 315 44 59 85
rect:210 337 40 36 84
rect:78 237 37 34 85
rect:439 279 64 76 84
rect:610 393 74 82 84
rect:618 253 52 66 85
rect:391 197 73 28 85
rect:121 254 27 24 84
Guatemala1976_10.jpg 0x0
rect:222 458 41 152 87
rect:290 181 231 293 86
rect:227 122 214 213 87
Guatemala1976_11.jpg 0x0
rect:166 176 136 167 34
GujaratIndia2001_01.jpg 0x0
rect:228 377 301 67 2
rect:312 330 70 57 11
rect:29 424 187 152 4
rect:99 545 55 29 2
Haiti2010_01.jpg 0x0
rect:329 315 34 153 40
rect:126 49 105 107 7
rect:599 333 96 79 4
rect:282 122 190 451 41
rect:489 378 224 235 4
Haiti2010_02.jpg 0x0
rect:40 78 500 145 88
rect:275 37 220 50 14
Haiti2010_03.jpg 0x0
rect:186 435 160 157 32
rect:331 386 73 51 49
rect:453 1 67 434 32
rect:179 478 218 215 89
Haiti2010_04.jpg 0x0
rect:162 310 269 490 41
rect:2 153 188 205 6
rect:286 38 204 278 34
Haiti2010_05.jpg 0x0
rect:454 178 32 123 40
rect:333 265 37 75 40
rect:291 152 288 344 90
rect:303 251 162 105 52
Haiti2010_06.jpg 0x0
rect:539 187 471 473 91
rect:466 204 72 46 6
rect:496 297 63 191 32
rect:385 162 168 505 33
rect:421 134 67 77 34
rect:240 196 27 50 34
rect:169 209 374 416 91
ImperialValley1979_01.jpg 0x0
rect:355 360 26 20 49
rect:419 313 34 23 32
rect:363 356 53 49 32
rect:379 366 48 40 32
rect:491 316 23 20 49
rect:10 239 139 110 32
rect:10 473 82 61 49
rect:310 396 38 49 50
rect:420 359 26 48 50
rect:45 399 122 127 50
rect:266 336 51 23 49
ImperialValley1979_02.jpg 0x0
rect:148 143 87 239 50
rect:345 153 96 207 50
rect:216 240 98 46 49
rect:216 88 142 225 32
rect:213 192 47 126 50
rect:133 203 318 60 92
ImperialValley1979_03.jpg 0x0
rect:108 250 328 28 92
rect:93 307 112 289 50
rect:110 526 180 38 92
rect:303 204 86 194 50
rect:148 180 160 154 32
rect:135 244 161 230 32
rect:282 288 115 132 50
Izmit1999_01.jpg 0x0
rect:218 174 47 127 27
rect:293 95 34 118 27
rect:225 77 74 234 27
rect:414 300 67 53 26
rect:206 74 481 411 34
Izmit1999_02.jpg 0x0
rect:33 114 832 220 10
Izmit1999_03.jpg 0x0
rect:158 47 495 363 93
rect:210 88 75 378 50
rect:610 102 70 287 50
rect:161 77 207 441 32
rect:356 66 46 183 50
rect:276 73 39 262 50
rect:178 97 51 171 50
rect:209 222 451 44 92
Izmit1999_04.jpg 0x0
rect:360 433 71 103 41
rect:363 293 23 69 40
rect:225 100 98 65 41
rect:71 318 72 95 41
rect:364 372 27 74 40
rect:67 525 34 117 42
rect:107 232 156 50 88
rect:280 69 89 82 48
rect:132 533 178 119 88
rect:69 350 61 59 34
Izmit1999_05.jpg 0x0
rect:81 25 471 419 10
Izmit1999_06.jpg 0x0
rect:235 291 35 181 50
rect:123 129 178 581 32
rect:173 333 161 56 49
rect:111 241 73 185 50
rect:177 203 74 249 50
rect:198 285 48 112 50
Izmit1999_07.jpg 0x0
rect:121 375 43 166 3
rect:170 167 38 113 3
rect:24 145 499 734 2
rect:463 102 70 76 3
rect:438 80 92 51 6
rect:399 323 93 429 4
rect:229 148 29 121 3
Izmit1999_08.jpg 0x0
rect:364 97 89 75 41
rect:638 114 43 30 52
rect:104 344 77 123 45
rect:182 271 235 110 88
rect:152 109 93 86 41
rect:358 6 127 85 45
rect:182 30 67 106 34
Izmit1999_09.jpg 0x0
rect:510 269 68 59 41
rect:431 239 118 80 41
rect:230 204 47 44 41
rect:807 230 45 78 94
rect:49 260 42 51 41
rect:455 278 74 120 94
Izmit1999_10.jpg 0x0
rect:32 207 423 46 78
rect:115 224 355 79 78
rect:269 189 74 110 40
rect:232 349 62 60 40
rect:130 183 94 198 40
rect:70 166 227 476 41
rect:159 411 140 42 78
rect:311 542 94 24 78
rect:310 106 156 157 40
rect:69 168 101 131 40
rect:281 596 94 91 40
Izmit1999_11.jpg 0x0
rect:168 325 87 135 40
rect:185 222 105 127 41
rect:200 204 79 173 40
rect:267 517 91 161 41
rect:301 274 97 188 40
Izmit1999_12.jpg 0x0
rect:15 80 49 19 6
rect:100 215 31 38 40
rect:595 180 70 72 41
rect:409 136 48 92 42
rect:270 89 58 62 45
rect:251 280 125 176 94
rect:50 334 66 65 94
rect:464 203 90 49 7
rect:313 230 36 22 6
rect:645 212 139 265 91
rect:192 181 97 76 88
rect:417 240 70 96 41
rect:302 24 61 61 34
rect:414 400 48 140 52
rect:610 68 42 69 41
rect:86 103 33 19 6
rect:71 206 73 74 52
rect:1 211 27 38 41
Izmit1999_13.jpg 0x0
rect:205 245 83 85 52
rect:188 225 37 114 41
rect:415 184 95 264 41
rect:6 86 123 187 42
rect:103 229 89 166 94
rect:287 84 69 89 41
rect:119 88 67 56 6
rect:99 280 40 88 41
rect:297 84 148 398 48
Izmit1999_14.jpg 0x0
rect:43 178 117 75 34
rect:354 61 95 100 34
rect:525 177 118 82 35
rect:190 374 43 40 34
rect:382 58 57 77 95
rect:325 326 53 39 34
rect:314 8 118 83 35
rect:602 308 80 43 34
rect:302 419 25 19 34
Izmit1999_15.jpg 0x0
rect:149 247 294 451 42
Izmit1999_16.jpg 0x0
rect:86 82 314 323 33
rect:160 74 281 266 39
rect:262 141 38 129 40
rect:138 98 198 132 41
Izmit1999_17.jpg 0x0
rect:77 160 137 221 41
Izmit1999_18.jpg 0x0
rect:133 122 115 100 41
rect:162 126 124 370 39
Izmit1999_19.jpg 0x0
rect:222 76 300 307 96
rect:317 131 280 246 32
rect:490 194 18 56 50
rect:380 110 26 114 50
Kobe1995_01.jpg 0x0
rect:28 137 833 116 63
Kobe1995_02.jpg 0x0
rect:2 59 548 726 68
Kobe1995_03.jpg 0x0
rect:29 48 631 480 10
Kobe1995_04.jpg 0x0
rect:348 359 58 55 41
Kobe1995_05.jpg 0x0
rect:39 291 363 101 78
rect:172 193 257 636 52
rect:400 147 126 447 40
rect:5 197 115 564 40
rect:96 401 313 93 78
Kobe1995_06.jpg 0x0
rect:139 461 364 422 42
rect:40 97 449 450 41
Kobe1995_07.jpg 0x0
rect:190 259 25 35 39
rect:524 119 41 26 39
rect:242 240 44 22 39
rect:229 89 43 35 39
rect:230 213 44 28 39
rect:90 359 48 24 39
rect:272 356 37 31 39
rect:534 270 47 33 39
rect:414 152 41 52 39
rect:124 470 33 41 39
rect:408 587 39 42 39
rect:37 211 48 49 39
rect:298 286 29 37 39
rect:497 275 54 39 39
rect:200 138 35 51 39
rect:144 338 33 50 39
rect:487 207 41 46 39
rect:247 124 26 24 39
rect:266 271 52 38 39
rect:201 304 37 54 39
rect:427 458 32 43 39
rect:236 498 42 34 39
rect:393 557 34 40 39
rect:465 334 34 39 39
rect:35 454 34 28 39
rect:217 244 36 41 39
Kobe1995_08.jpg 0x0
rect:304 74 571 144 97
Kobe1995_09.jpg 0x0
rect:266 591 238 64 97
rect:94 558 82 97 88
rect:83 559 85 83 88
rect:106 497 77 54 88
SanSalvador_1986_01.jpg 0x0
rect:47 3 85 310 68
rect:240 115 124 234 41
SanSalvador_1986_02.jpg 0x0
rect:252 196 27 48 41
rect:502 180 43 31 42
rect:616 210 26 52 41
rect:397 138 17 34 41
rect:217 270 37 30 41
rect:256 184 33 53 41
rect:514 206 45 48 41
rect:124 159 31 37 41
rect:115 165 39 35 41
SikkimIndia2001_01.jpg 0x0
rect:182 206 105 151 34
SikkimIndia2001_02.jpg 0x0
rect:207 67 241 377 33
rect:9 133 70 46 54
rect:263 288 104 38 16
rect:11 5 280 53 16
rect:353 110 138 134 33
rect:399 123 100 30 16
rect:-13 2 329 99 33
rect:379 317 72 18 16
SikkimIndia2001_03.jpg 0x0
rect:237 8 198 391 98
rect:153 68 77 236 69
rect:291 229 91 119 70
SikkimIndia2001_04.jpg 0x0
rect:3 37 206 197 99
rect:356 176 232 117 99
rect:311 196 83 152 34
SumatraInd2009_01.jpg 0x0
rect:251 21 47 270 81
SumatraInd2009_02.jpg 0x0
rect:164 60 194 144 41
WhittierNarrows1987_01.jpg 0x0
rect:15 39 998 256 10
WhittierNarrows1987_02.jpg 0x0
rect:205 344 110 342 41
WhittierNarrows1987_03.jpg 0x0
rect:244 173 175 291 32
WhittierNarrows1987_04.jpg 0x0
rect:328 14 302 108 100
rect:300 41 88 174 41
rect:183 7 270 90 6
YogyakartaInd2006_01.jpg 0x0
rect:166 -16 388 575 29
rect:360 103 320 77 49
rect:319 48 387 228 32
YogyakartaInd2006_02.jpg 0x0
rect:453 137 57 234 70
rect:366 89 70 155 69
rect:254 63 120 416 98
