Anchorage1964_01.jpg 0x0
rect:107 340 310 187 1
rect:115 7 241 159 1
Anchorage1964_02.jpg 0x0
rect:148 86 67 76 4
rect:255 184 22 46 3
rect:202 323 367 74 2
rect:609 53 166 114 8
rect:177 254 30 64 3
rect:298 354 22 61 3
rect:421 211 17 42 3
rect:26 24 118 41 5
rect:132 251 17 17 6
rect:356 190 114 74 4
rect:148 109 69 72 7
rect:403 238 16 41 3
rect:98 30 104 12 6
rect:140 260 41 12 6
rect:586 328 14 62 3
rect:326 302 25 74 3
rect:29 155 130 30 5
rect:354 187 25 72 3
rect:227 29 269 83 4
Anchorage1964_03.jpg 0x0
rect:298 95 315 164 9
rect:0 278 584 64 10
rect:2 285 276 67 9
Anchorage1964_04.jpg 0x0
rect:393 213 24 17 5
rect:278 133 33 18 5
rect:328 457 25 24 1
rect:188 115 37 22 5
rect:222 147 16 28 1
rect:233 84 37 19 5
rect:203 189 10 27 1
rect:182 508 34 12 5
rect:202 245 27 18 5
rect:283 321 19 30 1
rect:228 284 7 1 1
rect:450 358 35 19 5
rect:277 327 25 26 8
rect:158 67 45 11 5
rect:287 291 21 21 5
rect:180 87 33 20 5
rect:215 20 30 17 5
rect:243 344 24 24 1
rect:271 348 23 22 5
rect:380 209 31 19 5
rect:127 275 26 23 5
rect:283 86 32 23 5
rect:208 420 29 18 5
rect:341 186 19 27 1
rect:235 259 14 27 1
rect:329 40 34 17 5
rect:319 384 16 27 1
rect:283 200 21 31 1
rect:431 175 26 16 5
rect:321 244 34 14 5
rect:295 563 39 17 5
rect:436 323 22 22 5
rect:119 106 32 20 5
rect:195 426 24 21 5
rect:173 264 36 15 5
rect:205 251 9 18 1
rect:347 198 17 28 1
rect:152 523 71 18 2
rect:219 180 31 17 5
Anchorage1964_05.jpg 0x0
rect:221 40 92 26 5
rect:423 171 47 47 1
rect:287 281 54 27 11
rect:198 162 100 41 6
rect:379 147 18 20 11
rect:24 436 21 48 1
rect:329 98 32 48 1
rect:746 409 50 17 6
rect:576 342 51 61 8
rect:45 177 12 43 1
rect:431 321 66 30 5
rect:490 326 49 84 1
rect:78 250 16 61 1
rect:74 402 17 37 1
rect:465 211 58 22 6
rect:201 42 133 40 6
rect:474 159 34 73 1
rect:76 97 22 46 1
rect:320 1 34 60 1
rect:159 148 116 29 5
rect:67 56 18 43 1
rect:51 259 27 41 1
rect:483 29 27 45 1
rect:53 251 22 40 1
rect:576 435 46 47 8
rect:349 181 116 92 2
rect:485 84 31 57 1
rect:101 22 21 42 1
rect:726 233 60 24 5
Anchorage1964_06.jpg 0x0
rect:130 134 115 289 3
rect:103 59 174 546 12
rect:221 290 93 86 11
Anchorage1964_07.jpg 0x0
rect:468 286 387 173 2
rect:7 344 443 34 14
rect:292 155 199 133 11
rect:223 123 52 88 3
rect:7 82 645 463 2
rect:226 2 109 75 2
rect:290 150 56 92 13
rect:15 239 289 31 11
rect:549 193 62 102 11
Anchorage1964_08.jpg 0x0
rect:270 36 107 95 1
rect:63 53 139 108 1
rect:46 711 71 111 1
rect:310 214 113 133 1
rect:352 424 87 153 1
rect:43 394 111 115 1
Anchorage1964_09.jpg 0x0
rect:120 206 67 47 8
rect:14 18 495 12 15
rect:72 168 56 8 16
rect:120 194 72 81 1
rect:630 176 84 63 1
rect:353 7 244 13 15
rect:13 151 129 22 15
rect:15 170 25 10 16
rect:454 104 129 21 15
rect:130 121 302 13 15
rect:82 53 64 90 8
rect:214 191 53 53 1
rect:680 28 81 51 8
rect:548 154 114 20 15
rect:10 12 62 13 16
rect:338 168 50 78 1
rect:565 152 1 1 16
rect:794 10 100 13 16
rect:552 246 55 85 8
Anchorage1964_10.jpg 0x0
rect:180 234 163 106 18
rect:86 310 213 113 18
rect:270 243 67 138 17
rect:76 196 293 309 1
Anchorage1964_11.jpg 0x0
rect:138 171 401 62 2
rect:433 6 82 29 1
rect:94 301 418 23 14
rect:164 66 148 89 4
rect:282 284 329 45 11
rect:458 154 189 111 1
rect:177 167 372 20 15
rect:53 374 554 16 14
Anchorage1964_12.jpg 0x0
rect:237 220 37 102 3
rect:267 111 183 185 11
rect:12 91 764 298 2
rect:373 114 55 234 3
rect:334 64 44 180 3
Anchorage1964_13.jpg 0x0
rect:590 269 31 149 20
rect:394 426 150 14 19
rect:411 648 244 21 2
Anchorage1964_14.jpg 0x0
rect:85 419 28 56 22
rect:289 15 66 166 11
rect:56 757 60 83 22
rect:146 620 48 49 22
rect:22 585 31 73 22
rect:390 505 154 78 23
rect:520 5 104 164 11
rect:378 304 167 49 15
rect:199 10 134 661 20
rect:90 329 115 42 15
rect:10 750 149 100 11
rect:263 364 52 96 21
Anchorage1964_15.jpg 0x0
rect:172 167 39 57 11
rect:210 58 57 335 20
rect:391 10 112 44 4
rect:256 263 140 38 15
rect:207 7 85 63 4
rect:190 106 50 98 25
rect:432 243 158 39 11
rect:235 539 285 51 2
rect:379 220 140 33 24
Anchorage1964_16.jpg 0x0
rect:252 270 285 197 11
rect:150 107 313 108 2
rect:11 306 54 63 2
rect:99 389 93 107 11
rect:14 157 218 146 2
rect:634 240 140 218 2
Anchorage1964_17.jpg 0x0
rect:11 197 615 191 10
rect:288 53 296 258 9
rect:13 106 315 135 9
Anchorage1964_18.jpg 0x0
rect:500 275 47 26 2
rect:314 318 43 72 11
rect:485 241 271 26 15
rect:133 244 22 41 11
rect:599 405 67 14 2
rect:166 178 70 113 4
rect:430 150 106 74 4
rect:365 363 63 15 2
rect:554 191 88 95 4
rect:102 238 83 35 11
Anchorage1964_19.jpg 0x0
rect:522 213 8 16 26
rect:255 81 35 36 27
rect:380 229 15 25 26
rect:339 159 15 39 26
rect:464 171 56 36 28
rect:338 220 61 57 26
rect:376 158 8 13 26
rect:394 100 61 99 29
rect:694 188 41 31 28
rect:7 261 67 104 26
rect:587 116 20 51 29
rect:388 146 32 27 26
rect:36 323 32 77 27
rect:462 100 32 56 29
rect:368 91 55 45 26
rect:470 174 20 43 26
rect:404 199 10 26 26
rect:737 159 9 6 26
Anchorage1964_20.jpg 0x0
rect:385 650 49 103 26
rect:218 74 181 107 29
rect:171 101 126 54 26
rect:145 77 97 60 27
rect:204 484 52 139 26
Anchorage1964_21.jpg 0x0
rect:64 353 41 34 26
rect:197 185 686 171 30
rect:2 76 48 28 26
rect:-6 62 102 172 29
Bingol2003_01.jpg 0x0
rect:593 202 66 141 34
rect:552 347 76 44 33
rect:505 386 201 139 31
rect:572 279 46 73 34
rect:284 447 68 123 6
rect:680 81 73 53 6
rect:395 137 63 80 33
rect:26 191 84 58 33
rect:428 440 189 77 6
rect:700 235 44 56 6
rect:170 196 94 88 33
rect:2 287 828 181 10
rect:736 378 81 61 6
rect:204 70 70 35 6
rect:709 281 76 56 33
rect:688 73 109 173 31
rect:751 112 105 55 6
rect:453 427 62 146 32
rect:732 415 126 78 33
Bingol2003_02.jpg 0x0
rect:591 429 131 74 26
rect:149 74 441 182 34
rect:141 305 67 298 32
rect:1123 52 104 63 36
rect:418 271 73 89 6
rect:296 267 889 450 31
rect:124 583 185 254 32
rect:469 194 401 130 35
Bingol2003_03.jpg 0x0
rect:437 237 245 73 11
rect:94 23 145 39 2
rect:771 -6 359 274 4
rect:944 340 178 297 2
rect:511 270 342 758 4
rect:398 167 357 133 2
rect:140 32 126 89 33
Bingol2003_04.jpg 0x0
rect:400 525 122 92 2
rect:190 341 240 188 2
rect:108 706 39 60 3
rect:60 674 27 86 3
rect:245 338 118 161 4
rect:337 354 30 89 3
rect:186 586 22 58 3
rect:86 567 98 60 2
CanterburyNZSeries2010_01.jpg 0x0
rect:112 146 119 248 12
CanterburyNZSeries2010_02.jpg 0x0
rect:45 52 123 205 6
rect:30 8 189 228 37
CanterburyNZSeries2010_03.jpg 0x0
rect:60 62 445 152 38
CanterburyNZSeries2010_04.jpg 0x0
rect:193 316 28 94 40
rect:172 264 274 435 39
rect:158 553 86 299 41
rect:281 304 57 148 40
rect:300 7 70 228 42
rect:184 373 36 193 40
rect:314 460 13 69 40
rect:408 367 17 55 40
CanterburyNZSeries2010_05.jpg 0x0
rect:378 171 141 85 15
rect:275 438 252 470 4
CanterburyNZSeries2010_06.jpg 0x0
rect:62 100 728 457 4
rect:184 199 171 153 2
CanterburyNZSeries2010_08.jpg 0x0
rect:839 550 34 156 32
rect:796 509 84 109 44
rect:633 147 162 271 43
rect:968 458 119 163 44
CanterburyNZSeries2010_09.jpg 0x0
rect:342 228 139 381 39
rect:178 158 236 222 45
CanterburyNZSeries2010_10.jpg 0x0
rect:284 375 297 117 6
rect:231 206 334 111 7
rect:390 282 192 96 46
rect:265 286 384 225 6
CanterburyNZSeries2010_11.jpg 0x0
rect:324 298 288 95 7
rect:413 342 382 217 5
CanterburyNZSeries2010_12.jpg 0x0
rect:457 452 128 74 11
rect:242 487 151 59 11
rect:61 409 970 235 2
rect:4 303 1128 323 47
CanterburyNZSeries2010_13.jpg 0x0
rect:341 165 113 546 11
rect:172 17 368 861 12
Caracas1967_01.jpg 0x0
rect:276 165 13 71 48
rect:387 51 131 184 48
rect:385 192 61 84 48
rect:373 130 44 101 48
Caracas1967_02.jpg 0x0
rect:107 493 38 26 50
rect:197 229 205 217 51
rect:264 1 118 199 15
rect:137 439 45 75 49
Caracas1967_03.jpg 0x0
rect:231 90 88 100 14
rect:16 484 280 83 6
rect:385 316 68 72 26
rect:321 334 35 112 27
rect:322 403 128 133 34
rect:258 339 34 69 27
Caracas1967_04.jpg 0x0
rect:114 263 20 122 27
rect:102 239 47 95 26
rect:131 251 158 111 34
Caracas1967_05.jpg 0x0
rect:56 103 292 416 41
rect:136 436 60 233 40
rect:276 196 174 174 52
rect:49 252 182 199 52
rect:39 76 272 736 48
rect:203 290 53 192 40
rect:262 289 47 246 40
rect:77 337 81 321 40
rect:412 252 45 249 40
rect:384 246 57 120 40
Caracas1967_06.jpg 0x0
rect:269 124 340 263 7
rect:420 295 75 50 6
Caracas1967_07.jpg 0x0
rect:466 8 124 320 34
rect:253 152 46 198 27
rect:300 264 151 339 34
rect:403 216 126 138 53
rect:402 49 37 176 27
rect:565 543 122 69 53
rect:227 168 193 193 34
Caracas1967_08.jpg 0x0
rect:287 284 71 130 55
rect:283 334 61 127 54
rect:453 268 66 175 54
Caracas1967_09.jpg 0x0
rect:113 145 76 57 48
rect:18 226 43 66 48
rect:492 11 297 122 48
rect:88 194 63 84 48
Caracas1967_10.jpg 0x0
rect:18 117 536 485 48
rect:344 294 69 167 40
rect:50 233 279 289 41
rect:358 316 92 167 40
Caracas1967_11.jpg 0x0
rect:51 16 415 510 48
rect:42 298 172 468 41
rect:293 16 164 200 41
Caracas1967_12.jpg 0x0
rect:505 285 29 70 32
rect:468 230 39 57 34
rect:462 380 22 56 32
rect:207 274 31 59 56
Caracas1967_13.jpg 0x0
rect:159 458 111 256 55
Caracas1967_14.jpg 0x0
rect:157 333 275 43 6
rect:121 126 429 232 57
Chichi1999_01.jpg 0x0
rect:351 139 60 219 42
rect:4 8 846 212 58
Chichi1999_02.jpg 0x0
rect:257 139 231 447 59
rect:7 112 291 132 58
Chichi1999_03.jpg 0x0
rect:0 123 687 147 58
rect:89 188 78 77 60
Chichi1999_04.jpg 0x0
rect:226 163 73 326 48
rect:209 -14 59 135 48
rect:260 203 33 42 52
Chichi1999_05.jpg 0x0
rect:476 169 27 74 52
rect:276 175 59 59 41
rect:264 117 76 286 48
rect:396 183 34 35 41
Chichi1999_06.jpg 0x0
rect:264 134 52 67 62
rect:715 139 40 49 41
rect:282 262 54 103 48
rect:546 -14 102 89 61
rect:330 207 18 36 52
rect:211 16 363 222 10
Chichi1999_07.jpg 0x0
rect:182 141 63 201 48
rect:484 318 12 23 64
rect:400 294 42 109 48
rect:362 217 27 42 64
rect:60 248 708 143 63
rect:206 133 25 34 64
rect:309 210 62 149 48
Chichi1999_08.jpg 0x0
rect:109 18 442 341 10
Chichi1999_09.jpg 0x0
rect:337 122 64 57 40
rect:213 78 101 90 41
rect:215 81 228 192 48
rect:260 77 35 82 40
Chichi1999_10.jpg 0x0
rect:173 20 561 334 10
Chichi1999_11.jpg 0x0
rect:151 272 89 119 65
rect:2 120 173 597 10
Chichi1999_12.jpg 0x0
rect:13 27 464 670 66
Chichi1999_13.jpg 0x0
rect:30 49 632 543 10
Chichi1999_14.jpg 0x0
rect:131 221 44 60 67
rect:290 519 38 57 67
rect:298 166 17 46 67
rect:365 629 61 86 67
rect:247 402 19 39 39
rect:184 521 36 45 67
rect:98 381 26 34 67
rect:273 332 28 37 39
rect:128 302 37 52 67
rect:155 438 20 50 67
rect:182 190 91 60 67
rect:97 501 54 46 67
rect:106 266 50 65 67
rect:137 185 45 59 67
rect:94 402 50 70 67
rect:389 314 29 37 39
rect:326 471 17 24 39
Chichi1999_15.jpg 0x0
rect:331 33 279 319 41
Chichi1999_16.jpg 0x0
rect:179 110 58 123 32
Chichi1999_17.jpg 0x0
rect:118 310 22 49 32
Chichi1999_18.jpg 0x0
rect:171 174 32 122 69
rect:202 294 34 147 69
rect:200 217 193 496 68
rect:255 269 37 128 70
rect:153 318 20 117 69
rect:224 223 40 122 69
Chichi1999_19.jpg 0x0
rect:226 16 261 294 2
rect:168 120 150 285 3
YogyakartaInd2006_03.jpg 0x0
rect:396 50 123 80 15
rect:241 247 277 132 71
rect:341 397 47 35 16
rect:237 26 127 2 15
rect:462 94 77 48 16
rect:198 405 206 27 15
rect:169 144 76 25 15
rect:178 175 25 7 16
Chichi1999_20.jpg 0x0
rect:176 330 64 236 41
rect:207 154 130 432 42
Chichi1999_21.jpg 0x0
rect:177 303 226 114 37
rect:320 8 140 93 57
rect:226 88 246 340 72
rect:17 4 156 103 30
rect:380 92 112 141 6
rect:57 467 170 110 5
rect:253 376 94 147 6
rect:290 35 225 150 37
Chichi1999_22.jpg 0x0
rect:244 152 276 127 10
rect:459 288 17 22 73
rect:323 267 14 15 73
rect:327 316 17 17 73
Chichi1999_23.jpg 0x0
rect:146 399 42 106 34
rect:99 170 62 64 73
rect:212 360 50 94 34
rect:5 55 416 163 74
rect:202 199 56 58 73
rect:302 132 41 18 27
rect:140 279 67 112 73
rect:110 176 24 21 34
rect:345 254 69 98 73
rect:297 245 35 24 26
Chichi1999_24.jpg 0x0
rect:184 207 79 43 34
rect:214 180 49 60 46
rect:238 285 1 2 46
rect:3 326 395 255 74
rect:221 152 179 80 75
Chichi1999_25.jpg 0x0
rect:155 156 217 309 73
rect:192 219 101 241 34
rect:199 330 39 90 26
Chichi1999_26.jpg 0x0
rect:171 518 75 69 26
rect:236 196 122 289 76
rect:141 682 117 86 27
rect:153 173 68 107 73
rect:123 577 121 169 73
rect:313 15 35 31 73
Chichi1999_27.jpg 0x0
rect:162 294 81 245 32
Chichi1999_28.jpg 0x0
rect:332 307 255 109 77
rect:178 80 162 248 5
rect:292 107 194 271 75
rect:26 89 286 122 6
Chichi1999_29.jpg 0x0
rect:201 212 94 166 52
rect:174 196 107 181 40
rect:159 174 177 270 48
Chichi1999_30.jpg 0x0
rect:208 99 370 399 40
rect:257 248 194 72 78
rect:39 328 111 174 73
rect:164 96 213 73 52
Chichi1999_31.jpg 0x0
rect:114 80 150 281 79
rect:538 99 36 212 48
Chichi1999_32.jpg 0x0
rect:667 135 55 238 39
rect:121 8 107 368 80
rect:233 217 38 151 81
rect:207 43 42 157 81
Chichi1999_33.jpg 0x0
rect:331 64 92 329 32
rect:202 187 36 105 49
rect:97 76 149 493 33
rect:132 112 79 297 32
rect:123 141 37 91 49
rect:224 108 79 265 56
Chichi1999_34.jpg 0x0
rect:114 70 418 493 10
Duzce1999_01.jpg 0x0
rect:153 55 97 313 39
rect:91 135 126 138 41
Duzce1999_02.jpg 0x0
rect:63 37 147 285 41
Duzce1999_03.jpg 0x0
rect:0 122 79 174 31
rect:228 93 69 219 31
rect:130 107 114 233 42
Gediz1970_01.jpg 0x0
rect:143 130 282 686 68
rect:146 428 81 377 69
rect:237 452 58 146 69
Guatemala1976_01.jpg 0x0
rect:18 169 458 117 82
rect:74 155 54 37 52
rect:362 130 137 146 48
rect:51 136 125 139 48
rect:641 187 47 76 41
rect:48 199 40 47 41
Guatemala1976_02.jpg 0x0
rect:269 45 124 120 40
rect:135 67 277 352 48
Guatemala1976_03.jpg 0x0
rect:13 101 798 245 75
Guatemala1976_04.jpg 0x0
rect:40 63 424 309 30
rect:561 172 91 328 4
rect:113 22 461 71 30
rect:527 196 100 280 4
Guatemala1976_05.jpg 0x0
rect:224 116 273 112 41
rect:179 62 422 423 48
rect:120 150 292 194 40
Guatemala1976_06.jpg 0x0
rect:112 115 210 606 39
Guatemala1976_07.jpg 0x0
rect:22 319 579 490 10
rect:171 559 133 100 83
rect:32 377 70 42 6
Guatemala1976_08.jpg 0x0
rect:173 64 324 424 41
rect:136 40 532 367 48
rect:278 58 145 328 40
Guatemala1976_09.jpg 0x0
rect:101 306 43 21 84
rect:259 310 60 48 84
rect:397 286 86 24 85
rect:479 398 72 65 84
rect:64 221 41 34 85
rect:152 217 67 63 85
rect:627 342 44 45 85
rect:140 355 38 29 84
Guatemala1976_10.jpg 0x0
rect:259 167 251 209 87
rect:353 250 48 152 87
rect:173 216 252 243 86
Guatemala1976_11.jpg 0x0
rect:149 302 117 161 34
GujaratIndia2001_01.jpg 0x0
rect:198 302 292 95 2
rect:38 298 233 216 4
rect:83 470 73 29 2
rect:302 417 44 67 11
Haiti2010_01.jpg 0x0
rect:422 273 109 142 4
rect:106 57 151 138 7
rect:288 116 192 454 41
rect:283 229 19 116 40
rect:494 566 176 208 4
Haiti2010_02.jpg 0x0
rect:40 117 637 244 88
rect:347 28 193 49 14
Haiti2010_03.jpg 0x0
rect:292 387 250 206 32
rect:338 1 60 703 32
rect:290 416 58 70 49
rect:172 560 216 220 89
Haiti2010_04.jpg 0x0
rect:193 43 190 321 34
rect:140 373 237 689 41
rect:2 175 322 195 6
Haiti2010_05.jpg 0x0
rect:325 162 138 122 52
rect:274 302 42 117 40
rect:331 168 297 652 90
rect:310 312 26 71 40
Haiti2010_06.jpg 0x0
rect:292 202 93 31 6
rect:227 337 46 54 34
rect:534 154 158 490 33
rect:252 263 299 311 91
rect:469 156 579 793 91
rect:581 207 69 171 32
rect:403 217 81 110 34
ImperialValley1979_01.jpg 0x0
rect:611 321 59 43 32
rect:236 231 66 69 32
rect:71 299 76 99 50
rect:468 344 33 29 49
rect:398 411 51 67 50
rect:453 321 19 19 49
rect:14 414 184 116 32
rect:421 240 26 43 50
rect:555 318 34 36 32
rect:13 265 77 66 49
rect:424 348 33 17 49
ImperialValley1979_02.jpg 0x0
rect:126 181 210 75 92
rect:290 99 64 157 50
rect:217 216 147 62 49
rect:182 96 60 183 50
rect:326 178 51 161 50
rect:179 65 180 282 32
ImperialValley1979_03.jpg 0x0
rect:134 218 208 102 32
rect:201 430 74 168 50
rect:289 361 50 237 50
rect:109 426 251 32 92
rect:100 304 85 166 50
rect:126 268 224 154 32
rect:109 494 324 47 92
Izmit1999_01.jpg 0x0
rect:252 145 36 111 27
rect:503 364 46 69 26
rect:142 94 318 362 34
rect:284 269 33 145 27
rect:358 104 72 161 27
Izmit1999_02.jpg 0x0
rect:20 139 862 179 10
Izmit1999_03.jpg 0x0
rect:117 94 46 201 50
rect:167 53 296 320 93
rect:169 203 248 35 92
rect:610 106 58 213 50
rect:225 145 40 238 50
rect:337 66 47 303 50
rect:203 62 305 385 32
rect:477 72 32 285 50
Izmit1999_04.jpg 0x0
rect:61 589 46 128 41
rect:476 454 29 68 40
rect:131 189 131 83 88
rect:64 563 30 85 42
rect:308 71 72 100 41
rect:60 368 51 46 34
rect:443 482 20 54 40
rect:246 49 110 100 48
rect:238 300 83 63 41
rect:74 503 204 148 88
Izmit1999_05.jpg 0x0
rect:80 29 581 518 10
Izmit1999_06.jpg 0x0
rect:113 170 275 484 32
rect:76 233 74 207 50
rect:119 302 131 100 49
rect:371 248 57 160 50
rect:241 234 58 208 50
rect:194 155 97 236 50
Izmit1999_07.jpg 0x0
rect:449 127 92 85 3
rect:169 286 40 114 3
rect:350 296 69 405 4
rect:173 325 44 167 3
rect:291 82 143 37 6
rect:19 141 261 416 2
rect:356 220 41 124 3
Izmit1999_08.jpg 0x0
rect:191 293 143 82 88
rect:530 108 51 86 41
rect:525 6 90 76 45
rect:154 477 73 94 45
rect:137 144 100 69 41
rect:108 30 117 136 34
rect:461 78 67 24 52
Izmit1999_09.jpg 0x0
rect:518 163 64 78 94
rect:288 276 51 38 41
rect:58 247 50 71 41
rect:302 318 139 98 94
rect:661 242 57 62 41
rect:301 255 98 77 41
Izmit1999_10.jpg 0x0
rect:39 190 252 35 78
rect:226 379 44 105 40
rect:138 441 143 33 78
rect:177 242 71 278 40
rect:220 600 118 108 40
rect:64 157 294 636 41
rect:67 141 85 207 40
rect:128 251 250 82 78
rect:247 729 78 20 78
rect:251 136 100 139 40
rect:203 173 65 126 40
Izmit1999_11.jpg 0x0
rect:113 303 82 118 40
rect:229 173 171 218 41
rect:226 347 54 143 40
rect:214 377 108 123 41
rect:234 203 88 130 40
Izmit1999_12.jpg 0x0
rect:501 107 31 69 41
rect:235 249 38 130 42
rect:52 290 72 78 94
rect:391 135 54 71 7
rect:72 296 23 61 40
rect:18 60 52 22 6
rect:499 24 62 63 34
rect:499 218 156 202 91
rect:222 190 47 21 6
rect:355 251 109 117 94
rect:150 248 99 82 88
rect:357 369 71 136 41
rect:557 227 72 53 41
rect:286 299 80 101 52
rect:74 361 42 58 52
rect:96 82 32 25 6
rect:1 264 28 40 41
rect:407 110 36 60 45
Izmit1999_13.jpg 0x0
rect:169 285 47 68 41
rect:117 102 57 43 6
rect:144 248 88 139 94
rect:246 220 66 161 41
rect:250 58 176 404 48
rect:5 102 66 218 42
rect:142 244 39 104 41
rect:356 102 69 135 41
rect:191 211 66 75 52
Izmit1999_14.jpg 0x0
rect:488 52 54 42 95
rect:476 357 54 44 34
rect:524 201 85 91 35
rect:60 121 138 54 34
rect:378 7 172 83 35
rect:598 59 100 88 34
rect:315 326 33 24 34
rect:319 185 55 54 34
rect:312 448 47 35 34
Izmit1999_15.jpg 0x0
rect:104 139 211 377 42
Izmit1999_16.jpg 0x0
rect:119 50 327 449 33
rect:136 89 292 269 39
rect:176 146 52 118 40
rect:113 108 245 107 41
Izmit1999_17.jpg 0x0
rect:136 151 238 245 41
Izmit1999_18.jpg 0x0
rect:172 163 100 246 39
rect:201 206 115 156 41
Izmit1999_19.jpg 0x0
rect:205 126 331 235 32
rect:517 173 38 80 50
rect:516 196 25 87 50
rect:179 101 317 418 96
Kobe1995_01.jpg 0x0
rect:26 134 700 181 63
Kobe1995_02.jpg 0x0
rect:2 61 513 489 68
Kobe1995_03.jpg 0x0
rect:26 46 630 459 10
Kobe1995_04.jpg 0x0
rect:411 382 55 45 41
Kobe1995_05.jpg 0x0
rect:307 200 181 474 40
rect:74 696 364 120 78
rect:4 143 131 670 40
rect:105 171 215 553 52
rect:41 233 532 77 78
Kobe1995_06.jpg 0x0
rect:236 336 287 346 42
rect:39 136 304 478 41
Kobe1995_07.jpg 0x0
rect:195 419 20 47 39
rect:362 352 40 24 39
rect:122 113 39 33 39
rect:373 547 57 31 39
rect:458 285 42 37 39
rect:225 139 45 54 39
rect:83 327 33 29 39
rect:298 252 30 58 39
rect:375 158 35 59 39
rect:466 100 35 24 39
rect:134 248 39 44 39
rect:442 179 36 37 39
rect:185 131 23 41 39
rect:165 341 42 40 39
rect:346 430 31 53 39
rect:175 326 39 24 39
rect:419 302 44 32 39
rect:208 256 40 56 39
rect:307 178 50 36 39
rect:258 250 46 37 39
rect:347 284 30 24 39
rect:127 200 29 32 39
rect:40 394 42 21 39
rect:65 324 28 46 39
rect:324 517 36 51 39
rect:230 575 43 31 39
Kobe1995_08.jpg 0x0
rect:373 46 378 184 97
Kobe1995_09.jpg 0x0
rect:78 620 63 48 88
rect:118 683 69 47 88
rect:121 813 94 83 88
rect:205 762 135 90 97
SanSalvador_1986_01.jpg 0x0
rect:49 3 112 161 68
rect:264 192 95 144 41
SanSalvador_1986_02.jpg 0x0
rect:563 227 52 55 41
rect:371 187 36 56 41
rect:180 343 23 28 41
rect:219 197 28 44 41
rect:434 141 14 21 41
rect:162 151 31 34 41
rect:656 160 37 33 41
rect:549 154 54 37 42
rect:222 252 30 37 41
SikkimIndia2001_01.jpg 0x0
rect:168 182 174 134 34
SikkimIndia2001_02.jpg 0x0
rect:9 181 46 37 54
rect:186 61 139 407 33
rect:596 81 64 26 16
rect:252 231 102 48 16
rect:-19 2 325 96 33
rect:528 267 75 18 16
rect:464 77 100 165 33
rect:10 6 425 68 16
SikkimIndia2001_03.jpg 0x0
rect:256 191 69 207 70
rect:194 94 56 250 69
rect:189 8 238 397 98
SikkimIndia2001_04.jpg 0x0
rect:3 25 253 355 99
rect:452 172 287 94 99
rect:322 223 92 119 34
SumatraInd2009_01.jpg 0x0
rect:328 21 61 311 81
SumatraInd2009_02.jpg 0x0
rect:207 54 229 175 41
WhittierNarrows1987_01.jpg 0x0
rect:11 36 665 442 10
WhittierNarrows1987_02.jpg 0x0
rect:175 254 114 218 41
WhittierNarrows1987_03.jpg 0x0
rect:236 171 184 319 32
WhittierNarrows1987_04.jpg 0x0
rect:228 41 115 144 41
rect:278 16 203 115 100
rect:202 9 227 57 6
YogyakartaInd2006_01.jpg 0x0
rect:221 41 376 213 32
rect:191 -20 441 537 29
rect:386 103 204 97 49
YogyakartaInd2006_02.jpg 0x0
rect:439 149 46 151 69
rect:358 95 88 205 70
rect:400 75 112 496 98
