Anchorage1964_01.jpg 0x0
rect:78 9 221 118 1
rect:102 485 236 237 1
Anchorage1964_02.jpg 0x0
rect:310 328 21 68 3
rect:87 43 114 18 6
rect:227 232 29 82 3
rect:389 333 33 69 3
rect:520 168 65 72 4
rect:137 167 41 16 6
rect:369 212 35 76 3
rect:544 318 17 52 3
rect:289 74 76 70 4
rect:38 25 197 58 5
rect:182 172 264 74 2
rect:410 215 19 49 3
rect:225 34 268 61 4
rect:127 201 28 21 6
rect:333 303 27 81 3
rect:139 167 95 38 7
rect:692 271 18 54 3
rect:400 69 154 134 8
rect:30 147 182 54 5
Anchorage1964_03.jpg 0x0
rect:0 257 673 63 10
rect:329 81 292 242 9
rect:2 270 296 74 9
Anchorage1964_04.jpg 0x0
rect:348 396 34 15 5
rect:168 181 35 17 5
rect:294 167 15 29 1
rect:373 571 34 15 5
rect:138 360 43 13 5
rect:300 191 35 26 5
rect:258 543 22 34 1
rect:157 237 20 17 5
rect:160 213 32 20 5
rect:240 70 30 17 5
rect:210 540 27 23 5
rect:295 352 10 1 1
rect:338 163 22 33 1
rect:281 195 13 26 1
rect:208 30 35 15 5
rect:428 217 33 23 5
rect:230 78 43 14 5
rect:277 326 17 30 1
rect:201 170 14 30 1
rect:372 145 35 13 5
rect:419 458 25 16 5
rect:262 487 41 12 2
rect:297 374 23 34 1
rect:128 286 23 12 5
rect:281 212 19 13 5
rect:178 280 41 22 5
rect:275 348 14 30 1
rect:189 384 27 27 1
rect:199 335 17 30 1
rect:430 30 34 24 5
rect:403 270 33 16 5
rect:192 67 35 16 5
rect:229 386 15 25 1
rect:451 297 23 18 5
rect:448 161 38 26 5
rect:169 285 17 20 8
rect:187 479 37 19 5
rect:193 112 35 13 5
rect:148 105 40 14 5
Anchorage1964_05.jpg 0x0
rect:35 263 23 47 1
rect:150 193 169 37 6
rect:555 194 48 55 8
rect:63 105 15 55 1
rect:420 517 47 90 8
rect:644 304 58 36 5
rect:793 392 74 35 5
rect:67 223 15 35 1
rect:241 161 130 21 5
rect:837 246 45 20 6
rect:172 37 73 59 6
rect:212 215 25 21 11
rect:552 1 35 46 1
rect:507 113 32 44 1
rect:733 373 36 17 6
rect:432 69 32 43 1
rect:455 363 41 79 1
rect:142 58 100 35 5
rect:74 19 19 35 1
rect:329 215 34 54 1
rect:42 376 31 65 1
rect:467 26 29 43 1
rect:442 236 32 70 1
rect:80 56 30 54 1
rect:102 94 17 40 1
rect:391 197 45 24 11
rect:65 261 27 47 1
rect:71 348 20 38 1
rect:379 184 153 74 2
Anchorage1964_06.jpg 0x0
rect:228 326 89 74 11
rect:84 94 292 377 12
rect:215 169 68 228 3
Anchorage1964_07.jpg 0x0
rect:303 127 34 158 3
rect:18 303 233 30 11
rect:247 189 259 159 2
rect:6 401 359 43 14
rect:256 2 95 64 2
rect:6 53 846 365 2
rect:195 144 143 190 11
rect:337 165 84 71 11
rect:389 197 37 118 13
Anchorage1964_08.jpg 0x0
rect:317 42 124 117 1
rect:241 407 90 148 1
rect:61 279 117 135 1
rect:49 98 134 119 1
rect:343 199 107 147 1
rect:53 531 127 131 1
Anchorage1964_09.jpg 0x0
rect:721 221 1 1 16
rect:17 18 43 15 16
rect:398 166 47 76 1
rect:307 8 197 14 15
rect:131 145 72 52 1
rect:182 117 90 77 1
rect:13 19 302 13 15
rect:704 8 107 13 16
rect:502 305 93 95 8
rect:14 191 20 11 16
rect:349 89 107 20 15
rect:198 165 365 13 15
rect:130 45 94 84 8
rect:657 192 80 52 1
rect:676 32 102 76 8
rect:109 298 93 61 8
rect:73 101 58 7 16
rect:577 98 164 19 15
rect:16 135 128 15 15
Anchorage1964_10.jpg 0x0
rect:88 395 348 119 18
rect:180 161 252 107 18
rect:252 350 105 159 17
rect:72 238 383 427 1
Anchorage1964_11.jpg 0x0
rect:361 211 304 41 11
rect:74 157 453 98 2
rect:167 69 136 143 4
rect:67 356 460 13 14
rect:427 8 102 27 1
rect:631 104 146 75 1
rect:97 554 501 20 14
rect:256 132 471 26 15
Anchorage1964_12.jpg 0x0
rect:462 98 57 166 3
rect:407 111 163 149 11
rect:319 95 71 216 3
rect:162 131 29 129 3
rect:11 105 618 362 2
Anchorage1964_13.jpg 0x0
rect:320 564 83 10 19
rect:345 533 169 20 2
rect:572 451 31 111 20
Anchorage1964_14.jpg 0x0
rect:20 694 20 51 22
rect:247 158 164 65 15
rect:167 540 43 66 22
rect:234 215 92 75 21
rect:83 200 99 29 15
rect:51 538 48 77 22
rect:220 14 52 263 11
rect:137 655 45 59 22
rect:346 7 97 174 11
rect:12 559 211 97 11
rect:265 468 189 62 23
rect:207 15 78 526 20
Anchorage1964_15.jpg 0x0
rect:358 215 139 53 11
rect:279 169 31 55 11
rect:503 238 141 35 24
rect:154 261 160 31 15
rect:229 98 49 63 25
rect:170 51 80 519 20
rect:214 471 269 72 2
rect:391 9 94 77 4
rect:200 10 101 73 4
Anchorage1964_16.jpg 0x0
rect:205 167 200 272 11
rect:92 321 60 123 11
rect:493 215 174 238 2
rect:228 73 315 157 2
rect:15 312 60 83 2
rect:13 149 144 196 2
Anchorage1964_17.jpg 0x0
rect:14 144 184 168 9
rect:11 190 699 161 10
rect:315 38 203 190 9
Anchorage1964_18.jpg 0x0
rect:476 131 126 101 4
rect:165 239 24 62 11
rect:446 348 394 29 15
rect:199 247 98 114 4
rect:445 279 33 20 2
rect:142 275 99 56 11
rect:816 230 48 15 2
rect:485 132 90 74 4
rect:290 318 32 72 11
rect:300 388 98 19 2
Anchorage1964_19.jpg 0x0
rect:478 213 9 9 26
rect:240 110 53 39 26
rect:498 255 8 20 26
rect:472 175 17 48 26
rect:6 253 66 168 26
rect:458 129 25 20 26
rect:21 230 32 110 27
rect:340 263 24 36 26
rect:355 112 30 22 27
rect:338 180 9 18 26
rect:537 185 10 6 26
rect:345 149 21 63 29
rect:327 199 15 31 26
rect:664 294 47 31 28
rect:359 65 50 140 29
rect:334 291 43 65 26
rect:378 71 39 93 29
rect:549 147 59 24 28
Anchorage1964_20.jpg 0x0
rect:152 449 81 111 26
rect:495 474 42 58 26
rect:173 120 88 79 26
rect:145 110 65 35 27
rect:127 82 171 176 29
Anchorage1964_21.jpg 0x0
rect:172 121 557 215 30
rect:69 224 24 24 26
rect:-5 58 104 133 29
rect:2 106 51 35 26
Bingol2003_01.jpg 0x0
rect:803 211 96 71 6
rect:470 368 50 245 32
rect:191 230 57 85 33
rect:297 459 100 104 6
rect:444 185 52 65 6
rect:545 576 65 44 33
rect:603 53 96 64 6
rect:536 106 175 169 31
rect:2 393 1024 322 10
rect:610 187 74 89 33
rect:208 231 75 55 33
rect:454 341 59 51 34
rect:597 146 77 100 6
rect:426 173 36 95 34
rect:294 79 85 29 6
rect:459 226 154 142 31
rect:564 347 82 58 33
rect:396 373 118 79 6
rect:26 254 89 73 33
Bingol2003_02.jpg 0x0
rect:238 171 964 499 31
rect:372 471 89 77 6
rect:111 561 140 235 32
rect:451 167 371 172 35
rect:121 67 462 228 34
rect:545 273 102 104 26
rect:589 71 122 96 36
rect:177 329 72 358 32
Bingol2003_03.jpg 0x0
rect:898 -8 200 263 4
rect:94 29 130 33 2
rect:94 41 91 118 33
rect:761 307 302 652 4
rect:334 168 315 131 2
rect:616 329 196 266 2
rect:467 231 201 50 11
Bingol2003_04.jpg 0x0
rect:97 451 25 87 3
rect:222 194 125 165 4
rect:53 639 114 106 2
rect:161 476 248 235 2
rect:267 543 45 98 3
rect:141 776 40 74 3
rect:339 751 99 60 2
rect:187 648 31 111 3
CanterburyNZSeries2010_01.jpg 0x0
rect:102 80 118 351 12
CanterburyNZSeries2010_02.jpg 0x0
rect:35 10 172 205 37
rect:73 43 162 297 6
CanterburyNZSeries2010_03.jpg 0x0
rect:53 79 423 136 38
CanterburyNZSeries2010_04.jpg 0x0
rect:268 9 73 135 42
rect:294 422 18 74 40
rect:229 324 90 180 41
rect:155 349 191 248 39
rect:482 458 59 98 40
rect:291 405 21 78 40
rect:340 349 24 57 40
rect:274 361 23 183 40
CanterburyNZSeries2010_05.jpg 0x0
rect:240 275 173 86 15
rect:319 342 238 441 4
CanterburyNZSeries2010_06.jpg 0x0
rect:58 141 746 768 4
rect:252 244 295 93 2
CanterburyNZSeries2010_08.jpg 0x0
rect:524 121 118 247 43
rect:962 511 107 108 44
rect:576 400 29 143 32
rect:1077 548 72 130 44
CanterburyNZSeries2010_09.jpg 0x0
rect:208 139 154 236 45
rect:325 399 205 369 39
CanterburyNZSeries2010_10.jpg 0x0
rect:255 580 239 76 6
rect:247 281 466 192 6
rect:208 325 243 78 46
rect:424 188 331 86 7
CanterburyNZSeries2010_11.jpg 0x0
rect:371 282 293 166 5
rect:325 188 256 90 7
CanterburyNZSeries2010_12.jpg 0x0
rect:164 522 162 33 11
rect:35 434 644 287 2
rect:6 321 993 386 47
rect:638 592 223 81 11
CanterburyNZSeries2010_13.jpg 0x0
rect:382 208 113 402 11
rect:196 17 560 785 12
Caracas1967_01.jpg 0x0
rect:316 172 12 83 48
rect:275 173 77 125 48
rect:216 188 53 64 48
rect:578 72 169 264 48
Caracas1967_02.jpg 0x0
rect:235 152 191 321 51
rect:316 1 98 154 15
rect:126 457 43 53 49
rect:105 417 47 27 50
Caracas1967_03.jpg 0x0
rect:219 353 111 156 34
rect:430 469 30 99 27
rect:15 377 208 104 6
rect:276 453 58 67 26
rect:204 318 41 48 27
rect:191 62 62 72 14
Caracas1967_04.jpg 0x0
rect:94 371 221 166 34
rect:139 371 25 125 27
rect:108 385 57 101 26
Caracas1967_05.jpg 0x0
rect:224 225 156 152 52
rect:22 83 461 743 48
rect:67 393 83 344 40
rect:417 167 46 319 40
rect:138 253 46 246 40
rect:282 192 56 153 40
rect:66 329 220 146 52
rect:241 315 68 191 40
rect:42 157 285 488 41
rect:155 417 36 297 40
Caracas1967_06.jpg 0x0
rect:332 68 368 308 7
rect:240 236 84 68 6
Caracas1967_07.jpg 0x0
rect:315 392 86 138 53
rect:227 109 49 254 27
rect:303 202 162 229 34
rect:197 131 190 221 34
rect:434 424 75 55 53
rect:516 36 38 299 27
rect:439 6 103 247 34
Caracas1967_08.jpg 0x0
rect:268 203 86 118 55
rect:299 187 60 122 54
rect:271 299 78 106 54
Caracas1967_09.jpg 0x0
rect:110 159 51 55 48
rect:24 238 69 39 48
rect:178 145 95 77 48
rect:467 10 233 142 48
Caracas1967_10.jpg 0x0
rect:339 279 67 126 40
rect:391 181 65 132 40
rect:31 198 253 372 41
rect:16 124 379 519 48
Caracas1967_11.jpg 0x0
rect:65 15 283 929 48
rect:348 11 177 255 41
rect:71 249 309 480 41
Caracas1967_12.jpg 0x0
rect:546 188 41 54 34
rect:855 481 24 65 32
rect:836 280 19 49 32
rect:224 265 22 57 56
Caracas1967_13.jpg 0x0
rect:194 259 109 304 55
Caracas1967_14.jpg 0x0
rect:108 111 591 247 57
rect:118 206 242 45 6
Chichi1999_01.jpg 0x0
rect:407 107 60 161 42
rect:4 10 923 191 58
Chichi1999_02.jpg 0x0
rect:6 103 325 146 58
rect:413 131 200 286 59
Chichi1999_03.jpg 0x0
rect:64 166 60 91 60
rect:0 190 535 185 58
Chichi1999_04.jpg 0x0
rect:285 -11 46 136 48
rect:140 153 70 322 48
rect:286 297 29 44 52
Chichi1999_05.jpg 0x0
rect:487 358 33 26 41
rect:478 89 83 243 48
rect:266 156 52 56 41
rect:285 231 38 97 52
Chichi1999_06.jpg 0x0
rect:599 -9 64 89 61
rect:641 213 39 47 41
rect:442 226 21 41 52
rect:214 22 417 185 10
rect:371 156 46 88 48
rect:399 130 60 49 62
Chichi1999_07.jpg 0x0
rect:480 229 22 35 64
rect:112 190 39 156 48
rect:508 186 36 103 48
rect:55 231 557 135 63
rect:307 264 63 100 48
rect:128 186 32 45 64
rect:584 289 22 20 64
Chichi1999_08.jpg 0x0
rect:134 17 574 553 10
Chichi1999_09.jpg 0x0
rect:296 135 27 89 40
rect:228 57 202 171 48
rect:237 98 67 82 40
rect:254 80 104 89 41
Chichi1999_10.jpg 0x0
rect:178 15 396 411 10
Chichi1999_11.jpg 0x0
rect:2 144 207 422 10
rect:173 176 70 119 65
Chichi1999_12.jpg 0x0
rect:11 30 326 771 66
Chichi1999_13.jpg 0x0
rect:35 36 719 506 10
Chichi1999_14.jpg 0x0
rect:156 423 34 43 67
rect:155 204 60 61 67
rect:242 647 91 78 67
rect:61 366 56 54 67
rect:73 566 41 34 67
rect:118 288 60 55 67
rect:163 316 32 57 67
rect:291 329 33 40 39
rect:284 395 23 17 39
rect:157 309 31 39 67
rect:189 321 18 54 67
rect:161 348 33 40 67
rect:188 463 38 64 67
rect:192 373 20 32 39
rect:92 490 52 52 67
rect:251 364 41 41 67
rect:261 259 38 54 39
Chichi1999_15.jpg 0x0
rect:265 26 198 504 41
Chichi1999_16.jpg 0x0
rect:162 148 74 165 32
Chichi1999_17.jpg 0x0
rect:179 347 27 41 32
Chichi1999_18.jpg 0x0
rect:171 258 31 89 69
rect:161 150 110 386 68
rect:244 370 25 107 69
rect:211 255 38 134 70
rect:184 332 31 94 69
rect:178 179 20 100 69
Chichi1999_19.jpg 0x0
rect:248 20 360 440 2
rect:182 152 130 222 3
YogyakartaInd2006_03.jpg 0x0
rect:278 304 255 189 71
rect:365 93 151 45 15
rect:382 440 64 30 16
rect:210 27 97 2 15
rect:153 331 272 23 15
rect:230 138 15 6 16
rect:305 107 78 23 15
rect:456 83 62 45 16
Chichi1999_20.jpg 0x0
rect:227 420 53 241 41
rect:223 242 128 380 42
Chichi1999_21.jpg 0x0
rect:205 146 182 356 72
rect:13 3 285 172 30
rect:308 37 281 170 37
rect:322 7 167 76 57
rect:293 111 159 87 6
rect:77 272 173 125 5
rect:307 270 110 147 6
rect:236 226 195 125 37
Chichi1999_22.jpg 0x0
rect:229 153 269 141 10
rect:245 316 21 18 73
rect:403 231 16 22 73
rect:182 318 16 28 73
Chichi1999_23.jpg 0x0
rect:353 153 33 74 73
rect:130 214 64 38 73
rect:119 451 32 88 34
rect:303 237 32 72 34
rect:375 188 25 33 26
rect:4 67 544 237 74
rect:148 178 24 26 34
rect:135 292 61 113 73
rect:295 229 32 20 27
rect:277 268 64 114 73
Chichi1999_24.jpg 0x0
rect:270 366 1 2 46
rect:173 182 95 58 34
rect:3 456 329 214 74
rect:129 169 126 107 75
rect:275 177 31 64 46
Chichi1999_25.jpg 0x0
rect:214 259 151 216 34
rect:181 263 144 426 73
rect:221 344 54 90 26
Chichi1999_26.jpg 0x0
rect:93 509 137 143 73
rect:210 13 38 33 73
rect:256 192 38 140 73
rect:144 417 94 75 26
rect:137 665 98 78 27
rect:219 325 147 512 76
Chichi1999_27.jpg 0x0
rect:208 251 94 319 32
Chichi1999_28.jpg 0x0
rect:272 214 179 126 77
rect:150 93 167 219 5
rect:18 66 290 144 6
rect:241 95 151 201 75
Chichi1999_29.jpg 0x0
rect:226 213 96 173 40
rect:142 147 184 291 48
rect:208 321 99 162 52
Chichi1999_30.jpg 0x0
rect:25 343 70 143 73
rect:184 125 255 285 40
rect:254 229 135 42 78
rect:221 104 167 54 52
Chichi1999_31.jpg 0x0
rect:535 134 39 168 48
rect:163 87 129 357 79
Chichi1999_32.jpg 0x0
rect:398 147 43 146 39
rect:186 67 46 161 81
rect:193 265 40 121 81
rect:113 10 81 343 80
Chichi1999_33.jpg 0x0
rect:71 80 132 476 33
rect:302 115 33 155 49
rect:139 162 39 144 49
rect:260 91 84 315 56
rect:280 65 99 392 32
rect:115 141 107 261 32
Chichi1999_34.jpg 0x0
rect:156 82 343 458 10
Duzce1999_01.jpg 0x0
rect:126 125 101 160 41
rect:125 68 133 323 39
Duzce1999_02.jpg 0x0
rect:76 68 120 431 41
Duzce1999_03.jpg 0x0
rect:298 145 71 197 31
rect:101 79 150 208 42
rect:0 151 135 308 31
Gediz1970_01.jpg 0x0
rect:150 138 237 568 68
rect:105 364 115 211 69
rect:165 335 98 185 69
Guatemala1976_01.jpg 0x0
rect:20 90 769 225 82
rect:591 203 55 86 41
rect:43 236 80 39 52
rect:526 190 186 99 48
rect:73 174 40 46 41
rect:53 185 119 142 48
Guatemala1976_02.jpg 0x0
rect:182 60 126 117 40
rect:227 74 248 341 48
Guatemala1976_03.jpg 0x0
rect:16 67 496 293 75
Guatemala1976_04.jpg 0x0
rect:368 336 72 206 4
rect:511 161 109 405 4
rect:174 29 343 53 30
rect:47 57 577 290 30
Guatemala1976_05.jpg 0x0
rect:161 176 220 102 41
rect:173 139 448 168 40
rect:105 74 478 445 48
Guatemala1976_06.jpg 0x0
rect:120 122 227 435 39
Guatemala1976_07.jpg 0x0
rect:20 226 460 348 10
rect:263 567 114 63 83
rect:30 269 51 42 6
Guatemala1976_08.jpg 0x0
rect:360 71 168 261 40
rect:206 22 353 561 48
rect:169 42 363 287 41
Guatemala1976_09.jpg 0x0
rect:347 198 57 28 85
rect:134 362 33 22 84
rect:705 239 48 62 84
rect:765 266 65 55 85
rect:104 253 37 22 84
rect:82 363 39 32 85
rect:154 247 61 78 85
rect:426 372 71 61 84
Guatemala1976_10.jpg 0x0
rect:429 291 41 149 87
rect:247 220 201 281 86
rect:241 89 293 178 87
Guatemala1976_11.jpg 0x0
rect:150 264 150 200 34
GujaratIndia2001_01.jpg 0x0
rect:86 499 72 36 2
rect:371 516 66 56 11
rect:161 296 227 73 2
rect:22 271 207 124 4
Haiti2010_01.jpg 0x0
rect:323 475 253 225 4
rect:671 278 132 150 4
rect:248 114 221 247 41
rect:295 216 27 124 40
rect:143 38 102 130 7
Haiti2010_02.jpg 0x0
rect:57 101 436 167 88
rect:323 31 149 58 14
Haiti2010_03.jpg 0x0
rect:193 433 168 265 32
rect:321 650 58 61 49
rect:236 762 253 253 89
rect:431 1 48 726 32
Haiti2010_04.jpg 0x0
rect:2 180 206 125 6
rect:225 38 245 271 34
rect:158 375 403 566 41
Haiti2010_05.jpg 0x0
rect:300 131 312 446 90
rect:221 205 26 123 40
rect:300 186 156 85 52
rect:265 208 42 68 40
Haiti2010_06.jpg 0x0
rect:402 178 148 470 33
rect:353 210 84 51 6
rect:643 181 75 98 34
rect:663 126 580 499 91
rect:140 229 225 258 91
rect:445 200 73 267 32
rect:236 359 48 50 34
ImperialValley1979_01.jpg 0x0
rect:48 391 97 123 50
rect:14 231 150 128 32
rect:373 253 41 52 50
rect:510 245 19 27 49
rect:528 348 52 31 32
rect:18 252 71 66 49
rect:262 428 37 32 49
rect:398 268 34 31 50
rect:460 345 38 68 32
rect:394 413 14 14 49
rect:669 315 25 34 32
ImperialValley1979_02.jpg 0x0
rect:200 225 113 37 49
rect:369 201 64 181 50
rect:156 92 133 205 32
rect:197 164 93 173 50
rect:367 113 119 192 50
rect:156 165 271 85 92
ImperialValley1979_03.jpg 0x0
rect:97 432 234 41 92
rect:182 370 119 187 50
rect:96 263 74 195 50
rect:220 326 72 166 50
rect:111 293 224 28 92
rect:173 164 248 160 32
rect:144 208 168 247 32
Izmit1999_01.jpg 0x0
rect:218 88 58 223 27
rect:166 85 318 261 34
rect:282 312 39 134 27
rect:239 131 35 189 27
rect:587 317 75 55 26
Izmit1999_02.jpg 0x0
rect:27 122 822 233 10
Izmit1999_03.jpg 0x0
rect:175 264 447 30 92
rect:188 64 236 333 32
rect:433 118 29 220 50
rect:156 32 352 340 93
rect:530 124 37 269 50
rect:287 116 52 177 50
rect:217 99 71 207 50
rect:341 75 66 398 50
Izmit1999_04.jpg 0x0
rect:91 450 246 138 88
rect:61 536 54 116 41
rect:417 480 21 59 40
rect:44 463 55 56 34
rect:259 310 21 57 40
rect:101 252 127 54 88
rect:286 79 80 103 41
rect:78 325 43 72 42
rect:318 250 72 92 41
rect:296 85 104 98 48
Izmit1999_05.jpg 0x0
rect:86 19 516 322 10
Izmit1999_06.jpg 0x0
rect:71 330 72 242 50
rect:144 185 168 550 32
rect:203 218 104 104 49
rect:165 191 52 181 50
rect:332 245 59 142 50
rect:143 243 65 180 50
Izmit1999_07.jpg 0x0
rect:227 295 43 116 3
rect:398 344 84 293 4
rect:30 123 409 503 2
rect:366 123 55 104 3
rect:350 264 38 76 3
rect:291 53 129 62 6
rect:244 150 54 125 3
Izmit1999_08.jpg 0x0
rect:393 5 115 53 45
rect:125 23 84 119 34
rect:177 135 107 98 41
rect:175 408 62 86 45
rect:614 106 50 93 41
rect:661 98 50 23 52
rect:235 213 169 146 88
Izmit1999_09.jpg 0x0
rect:351 247 88 133 94
rect:58 171 48 43 41
rect:673 205 54 79 94
rect:791 290 70 64 41
rect:257 235 78 102 41
rect:191 213 32 24 41
Izmit1999_10.jpg 0x0
rect:257 650 94 108 40
rect:45 232 349 34 78
rect:75 259 318 53 78
rect:97 100 420 441 41
rect:291 580 41 59 40
rect:204 216 59 151 40
rect:166 243 65 227 40
rect:275 119 124 175 40
rect:53 120 71 181 40
rect:153 387 168 46 78
rect:225 621 75 29 78
Izmit1999_11.jpg 0x0
rect:410 194 64 234 40
rect:231 527 99 120 41
rect:154 211 149 180 41
rect:157 269 72 119 40
rect:149 273 75 124 40
Izmit1999_12.jpg 0x0
rect:315 217 32 28 6
rect:234 347 50 77 52
rect:235 293 89 160 41
rect:370 21 112 56 34
rect:98 314 26 48 40
rect:262 93 49 82 45
rect:330 164 56 78 41
rect:546 84 30 99 41
rect:339 156 41 80 42
rect:1 160 26 30 41
rect:439 182 62 39 7
rect:347 305 122 152 94
rect:51 298 57 120 94
rect:487 187 163 259 91
rect:14 72 58 18 6
rect:86 59 42 17 6
rect:180 172 104 45 88
rect:44 283 61 63 52
Izmit1999_13.jpg 0x0
rect:161 236 78 75 52
rect:135 169 77 99 94
rect:295 197 65 233 41
rect:5 54 117 197 42
rect:329 58 159 387 48
rect:111 94 53 51 6
rect:231 112 89 114 41
rect:106 272 37 90 41
rect:193 236 45 98 41
Izmit1999_14.jpg 0x0
rect:396 361 41 22 34
rect:297 6 196 83 35
rect:509 42 70 48 95
rect:409 170 71 66 35
rect:609 81 94 86 34
rect:526 297 65 31 34
rect:383 228 60 51 34
rect:69 205 141 63 34
rect:267 328 46 28 34
Izmit1999_15.jpg 0x0
rect:149 159 290 353 42
Izmit1999_16.jpg 0x0
rect:135 77 198 140 41
rect:70 59 475 335 33
rect:173 96 37 130 40
rect:131 55 242 294 39
Izmit1999_17.jpg 0x0
rect:113 125 184 330 41
Izmit1999_18.jpg 0x0
rect:121 157 182 245 39
rect:158 169 117 149 41
Izmit1999_19.jpg 0x0
rect:302 89 211 360 96
rect:424 127 21 59 50
rect:245 117 211 208 32
rect:331 103 31 65 50
Kobe1995_01.jpg 0x0
rect:20 148 687 172 63
Kobe1995_02.jpg 0x0
rect:2 52 603 777 68
Kobe1995_03.jpg 0x0
rect:44 41 444 776 10
Kobe1995_04.jpg 0x0
rect:344 265 43 47 41
Kobe1995_05.jpg 0x0
rect:348 183 126 464 40
rect:148 184 225 603 52
rect:121 402 298 169 78
rect:52 219 495 71 78
rect:4 176 153 423 40
Kobe1995_06.jpg 0x0
rect:69 186 295 505 41
rect:150 302 291 302 42
Kobe1995_07.jpg 0x0
rect:425 403 57 37 39
rect:247 392 30 28 39
rect:222 170 31 50 39
rect:434 154 47 37 39
rect:411 135 50 43 39
rect:369 536 25 41 39
rect:201 115 25 35 39
rect:177 282 33 47 39
rect:150 216 46 59 39
rect:84 334 33 43 39
rect:187 488 24 37 39
rect:216 113 43 33 39
rect:302 355 42 37 39
rect:120 289 39 29 39
rect:195 573 35 42 39
rect:455 362 41 46 39
rect:255 308 26 23 39
rect:123 372 39 32 39
rect:122 229 45 43 39
rect:63 285 37 35 39
rect:242 217 33 32 39
rect:376 290 26 24 39
rect:419 284 35 42 39
rect:525 308 49 28 39
rect:419 223 41 61 39
rect:30 277 42 33 39
Kobe1995_08.jpg 0x0
rect:300 53 469 274 97
Kobe1995_09.jpg 0x0
rect:97 787 82 111 88
rect:248 481 213 94 97
rect:101 608 63 54 88
rect:96 535 53 81 88
SanSalvador_1986_01.jpg 0x0
rect:81 3 88 290 68
rect:201 168 98 182 41
SanSalvador_1986_02.jpg 0x0
rect:353 160 35 45 41
rect:372 150 49 48 42
rect:279 148 17 20 41
rect:307 261 36 38 41
rect:503 255 51 37 41
rect:218 230 32 37 41
rect:166 350 38 53 41
rect:376 330 34 40 41
rect:165 202 26 26 41
SikkimIndia2001_01.jpg 0x0
rect:177 145 144 150 34
SikkimIndia2001_02.jpg 0x0
rect:407 264 73 18 16
rect:12 7 381 59 16
rect:323 222 79 58 16
rect:523 88 104 37 16
rect:144 62 211 400 33
rect:11 188 66 43 54
rect:-17 2 442 123 33
rect:588 133 94 187 33
SikkimIndia2001_03.jpg 0x0
rect:231 69 70 192 69
rect:208 259 122 132 70
rect:271 11 223 626 98
SikkimIndia2001_04.jpg 0x0
rect:244 160 95 126 34
rect:439 200 329 135 99
rect:3 30 273 253 99
SumatraInd2009_01.jpg 0x0
rect:261 30 47 383 81
SumatraInd2009_02.jpg 0x0
rect:199 66 236 164 41
WhittierNarrows1987_01.jpg 0x0
rect:19 22 943 453 10
WhittierNarrows1987_02.jpg 0x0
rect:187 331 96 313 41
WhittierNarrows1987_03.jpg 0x0
rect:224 169 193 189 32
WhittierNarrows1987_04.jpg 0x0
rect:293 17 322 190 100
rect:177 7 401 53 6
rect:235 72 131 168 41
YogyakartaInd2006_01.jpg 0x0
rect:286 186 357 96 49
rect:242 31 263 312 32
rect:176 -23 316 585 29
YogyakartaInd2006_02.jpg 0x0
rect:267 109 64 273 69
rect:287 53 132 385 98
rect:371 79 95 178 70
