Anchorage1964_01.jpg 0x0
rect:99 5 214 179 1
rect:87 265 242 164 1
Anchorage1964_02.jpg 0x0
rect:373 310 23 71 3
rect:300 190 27 68 3
rect:247 37 185 78 4
rect:654 195 13 63 3
rect:101 26 114 19 6
rect:401 238 85 40 4
rect:234 283 439 71 2
rect:186 271 27 85 3
rect:398 302 16 63 3
rect:31 263 175 47 5
rect:397 61 110 132 8
rect:92 230 47 14 6
rect:27 24 115 35 5
rect:285 88 83 95 4
rect:379 337 25 53 3
rect:388 294 29 54 3
rect:501 342 27 53 3
rect:159 115 65 55 7
rect:119 231 19 22 6
Anchorage1964_03.jpg 0x0
rect:227 109 300 234 9
rect:2 269 185 104 9
rect:0 262 490 52 10
Anchorage1964_04.jpg 0x0
rect:346 73 34 18 5
rect:364 148 11 29 1
rect:159 173 27 14 5
rect:172 544 23 22 5
rect:302 281 27 15 5
rect:276 330 20 21 5
rect:310 290 22 26 5
rect:124 25 34 21 5
rect:199 254 10 1 1
rect:195 421 17 34 1
rect:206 250 23 29 1
rect:456 257 21 17 5
rect:188 206 37 21 5
rect:201 197 37 18 5
rect:149 324 37 12 5
rect:389 175 22 21 5
rect:363 125 24 36 1
rect:356 282 15 26 1
rect:345 419 21 33 1
rect:133 449 38 23 5
rect:154 171 26 22 5
rect:204 45 23 16 5
rect:187 147 23 25 1
rect:441 147 29 18 5
rect:164 496 35 18 5
rect:248 214 25 19 5
rect:292 320 19 34 1
rect:459 443 27 20 5
rect:147 112 34 17 5
rect:180 74 25 21 5
rect:273 306 28 26 8
rect:322 436 22 21 5
rect:248 28 25 16 5
rect:324 57 29 13 5
rect:244 357 22 17 1
rect:455 259 31 22 5
rect:220 245 17 30 1
rect:194 602 66 18 2
rect:303 298 19 33 1
Anchorage1964_05.jpg 0x0
rect:391 89 53 45 1
rect:257 53 133 52 6
rect:125 80 17 40 1
rect:92 20 28 36 1
rect:54 283 21 28 1
rect:31 375 24 72 1
rect:201 156 122 32 6
rect:662 282 62 30 5
rect:465 247 50 42 5
rect:282 253 56 27 11
rect:434 297 44 76 8
rect:191 119 138 28 5
rect:213 55 100 30 5
rect:612 300 35 27 6
rect:113 231 23 46 1
rect:394 129 33 75 1
rect:396 204 103 97 2
rect:770 361 34 13 6
rect:326 213 17 21 11
rect:351 144 46 45 1
rect:320 1 31 70 1
rect:72 91 31 37 1
rect:480 313 45 69 8
rect:569 305 63 54 1
rect:61 225 23 53 1
rect:483 167 35 46 1
rect:48 363 27 59 1
rect:621 22 40 59 1
rect:62 157 13 30 1
Anchorage1964_06.jpg 0x0
rect:150 58 204 544 12
rect:188 245 92 81 11
rect:194 161 77 352 3
Anchorage1964_07.jpg 0x0
rect:8 49 890 385 2
rect:251 159 51 87 3
rect:304 124 180 120 11
rect:412 117 49 97 13
rect:504 175 77 88 11
rect:19 305 350 32 11
rect:429 225 415 249 2
rect:7 415 384 23 14
rect:186 2 138 64 2
Anchorage1964_08.jpg 0x0
rect:50 634 74 109 1
rect:58 84 148 91 1
rect:387 35 93 79 1
rect:326 203 118 94 1
rect:62 342 119 109 1
rect:277 349 99 132 1
Anchorage1964_09.jpg 0x0
rect:106 362 68 49 8
rect:129 216 62 60 1
rect:327 9 303 13 15
rect:66 102 74 12 16
rect:566 202 94 81 1
rect:420 135 93 14 15
rect:517 36 65 66 8
rect:153 169 335 12 15
rect:14 145 71 25 15
rect:328 159 62 69 1
rect:16 13 82 13 16
rect:614 327 78 65 8
rect:90 30 87 60 8
rect:372 155 118 24 15
rect:767 169 1 1 16
rect:189 183 51 74 1
rect:13 167 26 8 16
rect:16 18 490 11 15
rect:433 11 79 13 16
Anchorage1964_10.jpg 0x0
rect:252 364 87 125 17
rect:94 435 283 144 18
rect:62 187 240 290 1
rect:188 255 268 59 18
Anchorage1964_11.jpg 0x0
rect:114 256 640 59 2
rect:95 317 794 18 14
rect:435 6 132 48 1
rect:144 45 172 132 4
rect:176 198 405 19 15
rect:210 219 360 36 11
rect:89 543 822 11 14
rect:421 99 166 89 1
Anchorage1964_12.jpg 0x0
rect:473 74 164 128 11
rect:556 95 43 163 3
rect:161 141 28 111 3
rect:284 83 48 273 3
rect:13 88 643 372 2
Anchorage1964_13.jpg 0x0
rect:254 685 180 24 2
rect:549 281 41 194 20
rect:311 682 92 14 19
Anchorage1964_14.jpg 0x0
rect:442 163 199 55 15
rect:56 277 119 41 15
rect:58 605 55 54 22
rect:199 10 71 249 11
rect:235 466 217 100 23
rect:232 10 74 453 20
rect:115 460 40 67 22
rect:7 755 227 88 11
rect:187 379 51 70 21
rect:82 769 40 51 22
rect:25 521 33 42 22
rect:404 5 58 178 11
Anchorage1964_15.jpg 0x0
rect:378 277 98 48 11
rect:196 10 93 76 4
rect:205 447 297 57 2
rect:208 162 37 57 11
rect:227 57 89 460 20
rect:535 9 89 58 4
rect:192 162 58 114 25
rect:428 292 130 33 24
rect:225 197 185 48 15
Anchorage1964_16.jpg 0x0
rect:61 289 110 104 11
rect:10 275 82 101 2
rect:145 83 288 107 2
rect:620 179 122 189 2
rect:13 143 150 201 2
rect:181 170 263 240 11
Anchorage1964_17.jpg 0x0
rect:205 49 246 156 9
rect:10 96 323 153 9
rect:7 215 808 257 10
Anchorage1964_18.jpg 0x0
rect:404 231 41 63 11
rect:477 353 76 16 2
rect:301 244 262 23 15
rect:108 271 19 36 11
rect:510 162 93 90 4
rect:165 252 58 52 11
rect:687 174 106 115 4
rect:387 242 35 14 2
rect:429 395 67 21 2
rect:155 173 99 84 4
Anchorage1964_19.jpg 0x0
rect:295 111 36 41 27
rect:402 135 21 31 26
rect:363 68 51 103 29
rect:605 123 18 63 29
rect:331 111 52 35 26
rect:801 167 8 9 26
rect:5 200 79 169 26
rect:529 167 12 24 26
rect:496 236 27 40 28
rect:387 104 39 37 28
rect:252 240 56 52 26
rect:311 178 24 41 26
rect:29 348 30 86 27
rect:413 145 25 29 26
rect:378 136 8 15 26
rect:496 181 6 13 26
rect:329 97 61 145 29
rect:312 239 12 17 26
Anchorage1964_20.jpg 0x0
rect:234 117 111 85 26
rect:145 86 123 168 29
rect:224 320 87 132 26
rect:430 388 51 86 26
rect:222 126 95 38 27
Anchorage1964_21.jpg 0x0
rect:-6 58 115 116 29
rect:51 208 28 24 26
rect:2 85 57 49 26
rect:182 193 631 192 30
Bingol2003_01.jpg 0x0
rect:678 277 55 67 6
rect:460 267 47 41 34
rect:387 84 138 228 31
rect:802 215 133 65 33
rect:724 409 65 36 33
rect:582 402 122 86 6
rect:847 295 118 47 33
rect:628 339 65 247 32
rect:262 100 95 32 6
rect:314 159 92 90 33
rect:2 317 1120 259 10
rect:381 331 184 211 31
rect:463 208 54 40 6
rect:368 229 54 116 34
rect:123 234 95 83 33
rect:446 333 84 63 6
rect:35 242 75 58 33
rect:622 135 88 69 6
rect:424 90 101 72 6
Bingol2003_02.jpg 0x0
rect:670 83 118 93 36
rect:124 613 119 295 32
rect:302 218 840 668 31
rect:460 172 381 109 35
rect:524 234 133 78 26
rect:349 264 72 71 6
rect:112 120 307 179 34
rect:166 207 88 276 32
Bingol2003_03.jpg 0x0
rect:79 59 88 152 33
rect:89 25 185 29 2
rect:760 313 227 434 4
rect:409 277 172 83 11
rect:411 167 431 197 2
rect:622 598 219 394 2
rect:775 -8 221 291 4
Bingol2003_04.jpg 0x0
rect:155 427 40 83 3
rect:67 434 20 70 3
rect:367 648 96 105 2
rect:380 251 210 214 4
rect:190 591 34 63 3
rect:79 686 83 71 2
rect:128 340 256 209 2
rect:290 435 28 120 3
CanterburyNZSeries2010_01.jpg 0x0
rect:66 141 128 285 12
CanterburyNZSeries2010_02.jpg 0x0
rect:65 50 124 254 6
rect:30 9 209 297 37
CanterburyNZSeries2010_03.jpg 0x0
rect:49 81 351 183 38
CanterburyNZSeries2010_04.jpg 0x0
rect:274 328 179 232 39
rect:318 9 67 132 42
rect:436 460 13 53 40
rect:411 444 21 37 40
rect:354 388 63 92 40
rect:166 437 100 181 41
rect:283 501 23 66 40
rect:263 474 35 165 40
CanterburyNZSeries2010_05.jpg 0x0
rect:225 417 156 468 4
rect:320 267 109 80 15
CanterburyNZSeries2010_06.jpg 0x0
rect:64 105 967 724 4
rect:268 190 187 115 2
CanterburyNZSeries2010_08.jpg 0x0
rect:972 531 69 144 44
rect:938 614 33 183 32
rect:952 493 84 161 44
rect:592 147 216 280 43
CanterburyNZSeries2010_09.jpg 0x0
rect:250 130 225 210 45
rect:250 380 143 424 39
CanterburyNZSeries2010_10.jpg 0x0
rect:187 215 337 151 6
rect:164 574 215 86 6
rect:383 190 217 153 7
rect:361 362 198 83 46
CanterburyNZSeries2010_11.jpg 0x0
rect:372 250 253 154 7
rect:406 329 228 175 5
CanterburyNZSeries2010_12.jpg 0x0
rect:36 355 763 358 2
rect:589 363 211 83 11
rect:156 515 157 60 11
rect:5 190 843 280 47
CanterburyNZSeries2010_13.jpg 0x0
rect:192 17 463 607 12
rect:286 204 142 451 11
Caracas1967_01.jpg 0x0
rect:312 171 59 90 48
rect:240 157 53 118 48
rect:515 60 220 244 48
rect:374 140 13 75 48
Caracas1967_02.jpg 0x0
rect:90 433 46 70 49
rect:135 538 41 34 50
rect:142 239 251 246 51
rect:264 1 91 150 15
Caracas1967_03.jpg 0x0
rect:211 330 43 72 27
rect:232 250 121 191 34
rect:211 91 63 101 14
rect:442 428 35 126 27
rect:18 450 279 111 6
rect:229 269 69 73 26
Caracas1967_04.jpg 0x0
rect:154 419 221 137 34
rect:172 399 66 93 26
rect:158 347 23 77 27
Caracas1967_05.jpg 0x0
rect:111 241 48 180 40
rect:261 224 33 276 40
rect:66 316 79 238 40
rect:310 264 61 124 40
rect:315 180 182 117 52
rect:40 143 310 370 41
rect:337 353 70 205 40
rect:78 469 291 197 52
rect:248 282 70 288 40
rect:38 91 277 427 48
Caracas1967_06.jpg 0x0
rect:358 284 79 39 6
rect:353 124 234 241 7
Caracas1967_07.jpg 0x0
rect:511 226 118 102 53
rect:261 148 58 200 27
rect:308 53 37 274 27
rect:330 488 130 96 53
rect:194 142 220 209 34
rect:458 6 102 358 34
rect:379 163 174 299 34
Caracas1967_08.jpg 0x0
rect:187 350 50 101 55
rect:323 242 81 90 54
rect:258 303 52 94 54
Caracas1967_09.jpg 0x0
rect:217 173 71 101 48
rect:30 218 50 51 48
rect:109 265 43 79 48
rect:539 9 167 198 48
Caracas1967_10.jpg 0x0
rect:18 162 413 412 48
rect:324 244 83 232 40
rect:390 213 89 134 40
rect:32 208 326 379 41
Caracas1967_11.jpg 0x0
rect:49 11 393 609 48
rect:74 299 286 359 41
rect:212 15 171 365 41
Caracas1967_12.jpg 0x0
rect:169 215 28 49 56
rect:483 346 27 42 32
rect:364 176 34 44 34
rect:584 428 19 69 32
Caracas1967_13.jpg 0x0
rect:158 314 110 326 55
Caracas1967_14.jpg 0x0
rect:95 141 568 202 57
rect:118 244 315 32 6
Chichi1999_01.jpg 0x0
rect:415 106 35 284 42
rect:4 6 500 200 58
Chichi1999_02.jpg 0x0
rect:6 90 282 129 58
rect:419 144 240 392 59
Chichi1999_03.jpg 0x0
rect:71 212 66 139 60
rect:0 135 977 183 58
Chichi1999_04.jpg 0x0
rect:252 252 29 51 52
rect:189 -15 53 104 48
rect:180 164 101 461 48
Chichi1999_05.jpg 0x0
rect:298 155 68 252 48
rect:351 215 32 27 41
rect:500 130 40 51 41
rect:308 246 31 53 52
Chichi1999_06.jpg 0x0
rect:249 233 60 98 48
rect:321 101 56 51 62
rect:718 122 44 42 41
rect:691 -11 103 59 61
rect:430 222 18 31 52
rect:144 15 500 188 10
Chichi1999_07.jpg 0x0
rect:48 207 510 186 63
rect:214 207 29 41 64
rect:561 218 15 28 64
rect:395 190 47 103 48
rect:311 255 21 35 64
rect:145 231 52 210 48
rect:650 331 40 131 48
Chichi1999_08.jpg 0x0
rect:69 12 635 610 10
Chichi1999_09.jpg 0x0
rect:199 101 69 55 40
rect:289 103 154 76 41
rect:221 60 143 157 48
rect:241 107 38 92 40
Chichi1999_10.jpg 0x0
rect:220 23 693 582 10
Chichi1999_11.jpg 0x0
rect:194 205 69 85 65
rect:2 156 197 552 10
Chichi1999_12.jpg 0x0
rect:7 26 520 734 66
Chichi1999_13.jpg 0x0
rect:37 58 609 459 10
Chichi1999_14.jpg 0x0
rect:203 284 35 61 67
rect:150 509 21 39 67
rect:222 373 26 45 67
rect:213 533 28 27 39
rect:101 586 27 35 67
rect:106 357 66 60 67
rect:442 591 63 88 67
rect:85 562 59 33 67
rect:375 375 36 46 67
rect:241 304 25 45 39
rect:210 476 36 48 39
rect:140 461 27 32 67
rect:283 397 26 29 39
rect:178 225 88 40 67
rect:93 193 37 53 67
rect:218 271 18 48 67
rect:98 493 77 55 67
Chichi1999_15.jpg 0x0
rect:268 22 298 364 41
Chichi1999_16.jpg 0x0
rect:171 131 54 164 32
Chichi1999_17.jpg 0x0
rect:149 364 24 34 32
Chichi1999_18.jpg 0x0
rect:347 388 27 178 69
rect:153 164 191 442 68
rect:127 315 40 119 69
rect:300 202 25 98 69
rect:129 221 25 116 69
rect:234 230 36 144 70
Chichi1999_19.jpg 0x0
rect:255 147 158 313 3
rect:198 25 249 485 2
YogyakartaInd2006_03.jpg 0x0
rect:179 457 182 25 15
rect:217 118 24 6 16
rect:287 323 365 160 71
rect:402 540 56 34 16
rect:302 25 94 2 15
rect:436 65 165 52 15
rect:465 77 80 30 16
rect:200 156 55 40 15
Chichi1999_20.jpg 0x0
rect:229 251 111 341 42
rect:342 289 56 209 41
Chichi1999_21.jpg 0x0
rect:77 291 184 77 5
rect:326 355 97 147 6
rect:150 136 284 315 72
rect:23 5 304 181 30
rect:185 265 211 151 37
rect:287 135 162 119 6
rect:413 7 104 143 57
rect:338 35 226 235 37
Chichi1999_22.jpg 0x0
rect:282 136 231 163 10
rect:188 224 12 16 73
rect:332 247 15 24 73
rect:197 209 22 19 73
Chichi1999_23.jpg 0x0
rect:134 233 47 63 34
rect:330 304 95 131 73
rect:211 360 29 54 34
rect:380 205 45 78 73
rect:101 204 28 27 34
rect:112 164 62 63 73
rect:251 177 32 20 27
rect:3 64 406 164 74
rect:83 393 36 103 73
rect:297 182 29 27 26
Chichi1999_24.jpg 0x0
rect:184 192 115 121 75
rect:347 283 1 2 46
rect:290 171 39 53 46
rect:248 277 67 52 34
rect:3 315 400 229 74
Chichi1999_25.jpg 0x0
rect:175 201 142 422 73
rect:190 391 50 69 26
rect:125 281 153 167 34
Chichi1999_26.jpg 0x0
rect:156 501 103 71 26
rect:136 591 114 135 27
rect:295 253 114 267 76
rect:269 142 68 96 73
rect:131 594 180 152 73
rect:182 16 41 28 73
Chichi1999_27.jpg 0x0
rect:227 227 95 262 32
Chichi1999_28.jpg 0x0
rect:102 99 161 230 5
rect:22 50 306 151 6
rect:316 198 279 123 77
rect:399 152 204 248 75
Chichi1999_29.jpg 0x0
rect:196 243 81 133 52
rect:157 168 142 166 40
rect:154 157 144 278 48
Chichi1999_30.jpg 0x0
rect:187 110 253 355 40
rect:24 193 95 179 73
rect:201 190 194 71 78
rect:185 154 172 98 52
Chichi1999_31.jpg 0x0
rect:491 116 52 203 48
rect:194 116 138 366 79
Chichi1999_32.jpg 0x0
rect:172 270 40 127 81
rect:117 7 105 441 80
rect:157 63 57 151 81
rect:626 102 62 198 39
Chichi1999_33.jpg 0x0
rect:63 72 108 407 33
rect:333 83 128 171 56
rect:135 119 63 147 49
rect:172 89 119 310 32
rect:359 170 30 88 49
rect:277 94 152 347 32
Chichi1999_34.jpg 0x0
rect:140 97 420 311 10
Duzce1999_01.jpg 0x0
rect:111 54 127 302 39
rect:108 187 108 135 41
Duzce1999_02.jpg 0x0
rect:82 45 156 330 41
Duzce1999_03.jpg 0x0
rect:0 143 122 178 31
rect:140 127 109 222 42
rect:263 121 67 266 31
Gediz1970_01.jpg 0x0
rect:290 437 55 168 69
rect:107 81 219 459 68
rect:118 262 131 235 69
Guatemala1976_01.jpg 0x0
rect:353 121 52 97 41
rect:367 187 175 120 48
rect:38 120 71 93 48
rect:20 125 662 132 82
rect:49 277 83 35 52
rect:64 140 56 37 41
Guatemala1976_02.jpg 0x0
rect:124 70 334 297 48
rect:203 79 83 121 40
Guatemala1976_03.jpg 0x0
rect:18 79 691 366 75
Guatemala1976_04.jpg 0x0
rect:102 20 431 95 30
rect:486 215 97 171 4
rect:547 136 111 376 4
rect:50 53 508 239 30
Guatemala1976_05.jpg 0x0
rect:196 178 416 129 40
rect:114 76 337 350 48
rect:231 144 279 173 41
Guatemala1976_06.jpg 0x0
rect:128 99 209 319 39
Guatemala1976_07.jpg 0x0
rect:213 462 168 102 83
rect:32 346 79 68 6
rect:24 202 558 379 10
Guatemala1976_08.jpg 0x0
rect:230 65 425 320 41
rect:126 25 423 450 48
rect:239 75 179 351 40
Guatemala1976_09.jpg 0x0
rect:181 183 76 74 85
rect:62 312 37 25 84
rect:155 366 39 31 84
rect:381 194 81 39 85
rect:85 331 42 29 85
rect:648 280 47 60 85
rect:888 309 66 70 84
rect:294 253 64 55 84
Guatemala1976_10.jpg 0x0
rect:204 139 243 163 87
rect:392 353 33 122 87
rect:167 219 179 247 86
Guatemala1976_11.jpg 0x0
rect:240 315 148 172 34
GujaratIndia2001_01.jpg 0x0
rect:149 429 258 108 2
rect:220 321 67 40 11
rect:42 440 209 157 4
rect:73 469 59 25 2
Haiti2010_01.jpg 0x0
rect:353 139 123 416 41
rect:321 298 22 167 40
rect:118 49 161 115 7
rect:436 436 219 181 4
rect:558 212 139 83 4
Haiti2010_02.jpg 0x0
rect:47 107 378 272 88
rect:243 37 226 47 14
Haiti2010_03.jpg 0x0
rect:237 804 262 247 89
rect:405 1 62 740 32
rect:193 437 81 85 49
rect:238 388 216 170 32
Haiti2010_04.jpg 0x0
rect:165 337 236 439 41
rect:236 36 229 205 34
rect:2 180 215 192 6
Haiti2010_05.jpg 0x0
rect:447 284 32 69 40
rect:250 193 218 129 52
rect:256 154 194 446 90
rect:264 207 27 86 40
Haiti2010_06.jpg 0x0
rect:549 196 57 202 32
rect:538 118 54 66 34
rect:370 137 68 33 6
rect:219 285 48 33 34
rect:444 167 243 306 33
rect:689 171 723 523 91
rect:158 325 275 502 91
ImperialValley1979_01.jpg 0x0
rect:645 423 22 15 49
rect:252 411 50 57 50
rect:429 332 52 33 49
rect:458 218 40 40 32
rect:47 280 129 105 50
rect:14 254 87 54 49
rect:335 373 24 42 50
rect:420 282 39 55 32
rect:549 277 43 26 32
rect:515 293 28 19 49
rect:9 243 119 141 32
ImperialValley1979_02.jpg 0x0
rect:346 221 63 104 50
rect:188 102 180 172 32
rect:195 139 335 84 92
rect:331 264 160 53 49
rect:337 147 90 197 50
rect:149 113 67 253 50
ImperialValley1979_03.jpg 0x0
rect:105 530 265 46 92
rect:122 357 93 268 50
rect:123 183 231 118 32
rect:134 293 225 29 92
rect:341 196 81 167 50
rect:158 234 98 159 50
rect:154 298 173 161 32
Izmit1999_01.jpg 0x0
rect:269 213 32 139 27
rect:338 73 43 223 27
rect:173 145 33 124 27
rect:375 247 57 56 26
rect:245 92 332 294 34
Izmit1999_02.jpg 0x0
rect:22 95 760 189 10
Izmit1999_03.jpg 0x0
rect:383 75 39 239 50
rect:213 123 29 234 50
rect:354 69 47 189 50
rect:155 49 362 327 93
rect:198 105 68 340 50
rect:239 76 221 305 32
rect:295 113 37 198 50
rect:129 196 426 33 92
Izmit1999_04.jpg 0x0
rect:52 322 81 69 34
rect:337 481 28 76 40
rect:165 222 166 71 88
rect:66 521 46 135 41
rect:452 449 15 42 40
rect:56 473 30 66 42
rect:293 73 61 92 41
rect:304 398 78 65 41
rect:322 59 64 97 48
rect:134 543 212 135 88
Izmit1999_05.jpg 0x0
rect:128 26 831 413 10
Izmit1999_06.jpg 0x0
rect:161 252 56 285 50
rect:131 158 196 406 32
rect:114 313 88 213 50
rect:282 253 58 120 50
rect:225 240 49 205 50
rect:209 182 148 60 49
Izmit1999_07.jpg 0x0
rect:219 381 41 126 3
rect:377 310 83 283 4
rect:369 144 64 84 3
rect:19 130 477 588 2
rect:349 72 107 34 6
rect:353 222 34 146 3
rect:218 242 50 106 3
Izmit1999_08.jpg 0x0
rect:133 142 81 69 41
rect:192 180 151 88 88
rect:147 27 78 118 34
rect:185 464 79 79 45
rect:671 64 72 36 52
rect:449 87 90 78 41
rect:611 6 68 68 45
Izmit1999_09.jpg 0x0
rect:282 245 33 25 41
rect:771 255 42 76 94
rect:312 343 113 89 41
rect:496 212 73 48 41
rect:452 230 83 119 94
rect:57 274 45 47 41
Izmit1999_10.jpg 0x0
rect:184 144 135 186 40
rect:256 456 68 58 40
rect:189 401 184 39 78
rect:64 125 244 567 41
rect:112 393 282 56 78
rect:199 668 114 84 40
rect:186 255 92 194 40
rect:261 171 70 174 40
rect:85 181 60 188 40
rect:51 188 272 43 78
rect:335 695 67 24 78
Izmit1999_11.jpg 0x0
rect:371 221 53 174 40
rect:218 269 63 117 40
rect:274 346 139 151 41
rect:143 161 101 130 41
rect:116 380 68 158 40
Izmit1999_12.jpg 0x0
rect:18 80 32 25 6
rect:1 189 33 29 41
rect:57 247 46 53 52
rect:153 294 96 46 88
rect:386 377 90 135 41
rect:115 379 32 33 40
rect:107 96 29 31 6
rect:535 35 74 75 34
rect:349 268 66 81 41
rect:35 272 80 110 94
rect:427 118 58 66 7
rect:256 285 75 110 52
rect:329 211 56 124 42
rect:313 251 87 116 94
rect:255 85 37 101 45
rect:320 164 33 27 6
rect:510 227 261 227 91
rect:426 92 42 64 41
Izmit1999_13.jpg 0x0
rect:141 104 60 40 6
rect:354 208 84 222 41
rect:266 81 147 330 48
rect:264 298 40 64 41
rect:5 67 106 180 42
rect:118 245 36 117 41
rect:170 203 113 174 94
rect:238 79 76 81 41
rect:147 295 81 46 52
Izmit1999_14.jpg 0x0
rect:443 177 81 56 34
rect:346 68 57 88 34
rect:498 7 134 56 35
rect:339 260 78 47 34
rect:510 126 99 106 35
rect:305 244 48 36 34
rect:244 502 40 22 34
rect:340 33 72 71 95
rect:65 154 92 51 34
Izmit1999_15.jpg 0x0
rect:182 204 255 357 42
Izmit1999_16.jpg 0x0
rect:118 68 340 341 39
rect:148 140 49 105 40
rect:166 128 157 191 41
rect:112 53 438 603 33
Izmit1999_17.jpg 0x0
rect:139 167 150 324 41
Izmit1999_18.jpg 0x0
rect:161 118 91 120 41
rect:178 138 155 334 39
Izmit1999_19.jpg 0x0
rect:179 110 265 346 96
rect:528 118 33 88 50
rect:194 105 309 295 32
rect:325 144 25 59 50
Kobe1995_01.jpg 0x0
rect:27 114 954 189 63
Kobe1995_02.jpg 0x0
rect:2 48 425 582 68
Kobe1995_03.jpg 0x0
rect:31 78 395 814 10
Kobe1995_04.jpg 0x0
rect:407 263 45 63 41
Kobe1995_05.jpg 0x0
rect:157 211 229 500 52
rect:236 186 170 494 40
rect:4 208 104 491 40
rect:66 731 296 136 78
rect:42 202 309 102 78
Kobe1995_06.jpg 0x0
rect:154 263 302 332 42
rect:67 178 368 364 41
Kobe1995_07.jpg 0x0
rect:444 274 26 42 39
rect:168 455 35 38 39
rect:251 298 33 34 39
rect:494 235 45 29 39
rect:167 204 47 50 39
rect:289 424 31 38 39
rect:122 92 41 28 39
rect:213 455 54 43 39
rect:293 209 32 58 39
rect:408 525 25 41 39
rect:398 165 37 31 39
rect:62 285 42 45 39
rect:85 411 41 25 39
rect:287 185 26 49 39
rect:111 310 30 30 39
rect:438 338 39 57 39
rect:181 123 32 30 39
rect:284 197 55 42 39
rect:360 208 28 26 39
rect:179 274 25 29 39
rect:218 262 34 52 39
rect:309 211 38 31 39
rect:440 95 34 42 39
rect:335 391 51 48 39
rect:31 377 44 23 39
rect:194 210 40 56 39
Kobe1995_08.jpg 0x0
rect:355 66 396 211 97
Kobe1995_09.jpg 0x0
rect:80 530 87 57 88
rect:97 475 63 62 88
rect:137 619 63 63 88
rect:246 488 171 82 97
SanSalvador_1986_01.jpg 0x0
rect:59 3 119 297 68
rect:297 181 139 128 41
SanSalvador_1986_02.jpg 0x0
rect:361 236 36 42 41
rect:580 265 43 56 41
rect:423 284 32 51 41
rect:456 151 16 37 41
rect:226 161 32 36 41
rect:388 179 36 39 42
rect:369 138 41 33 41
rect:203 196 26 25 41
rect:164 206 25 44 41
SikkimIndia2001_01.jpg 0x0
rect:217 114 164 172 34
SikkimIndia2001_02.jpg 0x0
rect:232 94 132 460 33
rect:-16 2 499 111 33
rect:223 205 96 55 16
rect:337 229 129 14 16
rect:9 6 332 72 16
rect:376 104 78 170 33
rect:369 79 106 32 16
rect:9 182 64 38 54
SikkimIndia2001_03.jpg 0x0
rect:192 85 91 216 69
rect:252 264 95 198 70
rect:150 11 188 358 98
SikkimIndia2001_04.jpg 0x0
rect:338 139 148 175 34
rect:394 237 198 99 99
rect:3 33 247 283 99
SumatraInd2009_01.jpg 0x0
rect:318 26 81 421 81
SumatraInd2009_02.jpg 0x0
rect:176 94 144 190 41
WhittierNarrows1987_01.jpg 0x0
rect:15 25 712 382 10
WhittierNarrows1987_02.jpg 0x0
rect:152 205 125 341 41
WhittierNarrows1987_03.jpg 0x0
rect:228 127 125 190 32
WhittierNarrows1987_04.jpg 0x0
rect:150 9 216 68 6
rect:255 16 186 124 100
rect:192 71 85 143 41
YogyakartaInd2006_01.jpg 0x0
rect:208 -19 340 440 29
rect:231 164 373 66 49
rect:168 26 252 279 32
YogyakartaInd2006_02.jpg 0x0
rect:282 133 57 132 70
rect:348 57 96 374 98
rect:329 158 56 176 69
