Anchorage1964_01.jpg 0x0
rect:89 9 182 173 1
rect:65 391 158 238 1
Anchorage1964_02.jpg 0x0
rect:238 309 24 89 3
rect:292 363 33 57 3
rect:532 269 14 73 3
rect:23 202 152 52 5
rect:245 209 330 76 2
rect:567 332 12 62 3
rect:419 225 110 63 4
rect:81 44 91 14 6
rect:351 62 116 92 8
rect:100 151 63 38 7
rect:44 30 117 33 5
rect:108 222 20 20 6
rect:445 265 22 42 3
rect:373 231 22 55 3
rect:124 277 55 16 6
rect:169 80 116 72 4
rect:172 41 265 92 4
rect:246 211 26 53 3
rect:291 320 32 76 3
Anchorage1964_03.jpg 0x0
rect:223 107 424 157 9
rect:2 293 208 59 9
rect:0 268 581 55 10
Anchorage1964_04.jpg 0x0
rect:341 364 16 26 1
rect:338 243 26 16 5
rect:260 37 37 14 5
rect:350 306 22 21 5
rect:340 174 22 28 1
rect:229 527 48 20 2
rect:133 153 26 18 5
rect:381 268 24 15 5
rect:324 187 21 33 8
rect:336 88 27 18 5
rect:426 431 24 17 5
rect:123 101 39 18 5
rect:163 254 34 15 5
rect:241 407 18 18 1
rect:408 403 27 17 5
rect:214 188 26 27 5
rect:389 588 39 22 5
rect:167 155 30 18 5
rect:342 137 22 32 1
rect:198 158 23 20 1
rect:454 163 31 15 5
rect:175 329 34 13 5
rect:306 314 13 21 1
rect:204 300 31 19 5
rect:212 287 35 18 5
rect:255 324 31 23 5
rect:118 77 29 11 5
rect:351 455 20 34 1
rect:258 276 22 29 1
rect:361 285 22 33 1
rect:202 31 23 22 5
rect:151 520 34 24 5
rect:323 435 8 1 1
rect:338 386 24 20 1
rect:299 103 27 16 5
rect:171 128 37 19 5
rect:279 181 13 25 1
rect:417 226 28 18 5
rect:311 82 33 17 5
Anchorage1964_05.jpg 0x0
rect:365 193 19 22 11
rect:431 288 68 38 5
rect:143 118 95 23 5
rect:106 23 19 31 1
rect:591 81 40 71 1
rect:121 114 12 48 1
rect:328 256 44 29 11
rect:75 258 18 28 1
rect:79 264 24 41 1
rect:301 136 170 61 2
rect:541 60 42 66 1
rect:405 304 61 47 1
rect:199 156 98 44 6
rect:669 199 56 26 5
rect:424 359 34 63 8
rect:49 231 24 47 1
rect:135 61 115 40 5
rect:463 124 38 76 1
rect:35 513 19 54 1
rect:341 27 33 46 1
rect:531 366 45 11 6
rect:67 77 26 57 1
rect:60 122 12 43 1
rect:378 142 46 72 1
rect:398 365 63 71 8
rect:422 1 48 65 1
rect:63 331 26 64 1
rect:192 51 139 58 6
rect:820 290 44 26 6
Anchorage1964_06.jpg 0x0
rect:148 55 169 471 12
rect:136 198 68 64 11
rect:208 94 85 295 3
Anchorage1964_07.jpg 0x0
rect:252 107 55 107 3
rect:517 249 62 61 11
rect:9 56 770 342 2
rect:8 276 398 42 14
rect:459 170 44 121 13
rect:257 2 143 51 2
rect:16 300 233 23 11
rect:251 262 283 197 2
rect:280 155 166 140 11
Anchorage1964_08.jpg 0x0
rect:370 282 102 99 1
rect:408 27 103 143 1
rect:43 562 114 159 1
rect:40 76 143 157 1
rect:383 484 149 90 1
rect:42 326 72 136 1
Anchorage1964_09.jpg 0x0
rect:55 120 43 11 16
rect:609 27 64 67 8
rect:70 159 68 88 1
rect:503 130 1 1 16
rect:18 153 16 10 16
rect:353 110 80 83 1
rect:185 171 291 10 15
rect:15 15 67 15 16
rect:116 202 87 63 8
rect:458 176 49 66 1
rect:448 10 131 9 16
rect:445 138 82 23 15
rect:87 47 67 83 8
rect:529 103 139 14 15
rect:423 8 372 12 15
rect:605 111 86 55 1
rect:500 199 67 79 8
rect:13 167 96 25 15
rect:12 15 510 15 15
Anchorage1964_10.jpg 0x0
rect:237 310 91 143 17
rect:73 377 301 161 18
rect:85 234 384 372 1
rect:209 246 228 79 18
Anchorage1964_11.jpg 0x0
rect:315 211 276 25 11
rect:617 7 133 46 1
rect:141 78 161 87 4
rect:50 368 776 15 14
rect:512 154 186 85 1
rect:229 118 481 25 15
rect:142 154 369 56 2
rect:57 323 542 20 14
Anchorage1964_12.jpg 0x0
rect:15 98 621 248 2
rect:454 91 39 226 3
rect:226 93 47 276 3
rect:436 98 149 137 11
rect:244 156 22 96 3
Anchorage1964_13.jpg 0x0
rect:401 403 34 125 20
rect:460 641 132 15 19
rect:294 489 194 26 2
Anchorage1964_14.jpg 0x0
rect:126 762 40 72 22
rect:334 156 161 54 15
rect:24 470 22 70 22
rect:506 6 59 149 11
rect:305 733 142 87 23
rect:77 213 150 34 15
rect:302 10 67 181 11
rect:228 377 62 84 21
rect:232 11 108 683 20
rect:12 694 257 92 11
rect:87 536 38 72 22
rect:30 464 65 53 22
Anchorage1964_15.jpg 0x0
rect:259 117 36 110 25
rect:213 623 267 49 2
rect:177 7 59 55 4
rect:176 94 62 504 20
rect:213 128 37 88 11
rect:354 11 104 77 4
rect:376 211 148 57 11
rect:336 369 88 40 24
rect:283 186 115 50 15
Anchorage1964_16.jpg 0x0
rect:16 371 82 84 2
rect:400 235 167 228 2
rect:18 130 203 142 2
rect:72 401 87 131 11
rect:160 168 324 159 11
rect:270 63 211 156 2
Anchorage1964_17.jpg 0x0
rect:353 40 196 260 9
rect:7 206 841 246 10
rect:14 129 257 131 9
Anchorage1964_18.jpg 0x0
rect:370 196 29 70 11
rect:642 398 27 23 2
rect:139 208 60 77 4
rect:172 206 101 37 11
rect:529 152 128 59 4
rect:293 253 288 25 15
rect:120 277 21 37 11
rect:306 388 91 21 2
rect:659 167 132 68 4
rect:458 382 69 21 2
Anchorage1964_19.jpg 0x0
rect:331 163 22 54 29
rect:6 198 78 151 26
rect:370 295 44 31 28
rect:382 198 52 55 26
rect:416 98 27 40 27
rect:565 185 10 9 26
rect:304 76 70 177 29
rect:24 251 34 124 27
rect:536 282 16 34 26
rect:793 181 6 12 26
rect:454 155 13 30 26
rect:369 170 25 49 26
rect:405 69 47 94 29
rect:566 277 13 31 26
rect:226 92 59 57 26
rect:595 169 7 20 26
rect:426 118 38 29 26
rect:436 144 54 33 28
Anchorage1964_20.jpg 0x0
rect:179 115 99 55 27
rect:241 560 65 154 26
rect:156 114 110 49 26
rect:196 93 167 109 29
rect:392 579 32 106 26
Anchorage1964_21.jpg 0x0
rect:43 385 30 31 26
rect:2 68 45 29 26
rect:189 212 429 201 30
rect:-5 77 68 211 29
Bingol2003_01.jpg 0x0
rect:995 178 130 81 33
rect:2 370 764 287 10
rect:295 92 89 23 6
rect:596 234 43 135 34
rect:319 319 103 93 6
rect:248 221 67 77 33
rect:491 311 45 41 34
rect:938 326 92 63 33
rect:465 267 42 57 6
rect:521 278 73 70 6
rect:21 212 52 50 33
rect:452 107 155 147 31
rect:519 156 121 89 6
rect:209 228 57 90 33
rect:506 339 44 164 32
rect:904 398 55 38 33
rect:524 88 84 53 6
rect:692 530 192 73 6
rect:372 271 161 144 31
Bingol2003_02.jpg 0x0
rect:198 108 486 188 34
rect:197 318 610 603 31
rect:440 273 451 164 35
rect:591 390 93 122 26
rect:857 50 96 65 36
rect:185 293 62 363 32
rect:370 257 71 73 6
rect:107 525 150 214 32
Bingol2003_03.jpg 0x0
rect:792 -7 250 278 4
rect:543 210 260 50 11
rect:862 182 196 479 4
rect:546 489 189 392 2
rect:364 207 282 118 2
rect:153 58 110 100 33
rect:109 28 165 30 2
Bingol2003_04.jpg 0x0
rect:147 381 310 188 2
rect:85 625 32 95 3
rect:286 445 103 94 2
rect:63 761 113 66 2
rect:81 744 34 72 3
rect:335 424 50 132 3
rect:170 580 37 106 3
rect:332 203 143 146 4
CanterburyNZSeries2010_01.jpg 0x0
rect:67 108 127 307 12
CanterburyNZSeries2010_02.jpg 0x0
rect:45 9 145 301 37
rect:45 35 152 279 6
CanterburyNZSeries2010_03.jpg 0x0
rect:36 71 457 142 38
CanterburyNZSeries2010_04.jpg 0x0
rect:255 415 34 77 40
rect:358 387 53 143 40
rect:235 455 100 219 41
rect:297 318 20 211 40
rect:218 321 278 442 39
rect:298 277 20 70 40
rect:186 10 97 146 42
rect:219 425 26 48 40
CanterburyNZSeries2010_05.jpg 0x0
rect:253 278 122 121 15
rect:306 399 141 383 4
CanterburyNZSeries2010_06.jpg 0x0
rect:75 149 796 764 4
rect:254 230 272 92 2
CanterburyNZSeries2010_08.jpg 0x0
rect:621 158 179 242 43
rect:596 495 71 175 44
rect:652 381 33 167 32
rect:832 285 84 114 44
CanterburyNZSeries2010_09.jpg 0x0
rect:350 329 220 451 39
rect:246 106 241 174 45
CanterburyNZSeries2010_10.jpg 0x0
rect:229 233 196 97 46
rect:204 192 438 269 6
rect:312 186 354 120 7
rect:292 383 314 146 6
CanterburyNZSeries2010_11.jpg 0x0
rect:323 212 215 150 7
rect:338 392 360 271 5
CanterburyNZSeries2010_12.jpg 0x0
rect:40 313 646 309 2
rect:499 336 194 78 11
rect:235 489 179 37 11
rect:5 207 717 503 47
CanterburyNZSeries2010_13.jpg 0x0
rect:488 203 78 613 11
rect:141 12 315 879 12
Caracas1967_01.jpg 0x0
rect:273 148 52 73 48
rect:262 202 14 81 48
rect:355 82 206 240 48
rect:292 163 78 131 48
Caracas1967_02.jpg 0x0
rect:103 438 54 45 50
rect:130 187 221 359 51
rect:319 1 91 163 15
rect:122 426 33 46 49
Caracas1967_03.jpg 0x0
rect:300 418 25 47 27
rect:321 455 56 53 26
rect:408 359 33 99 27
rect:248 72 72 97 14
rect:297 281 136 148 34
rect:11 343 204 94 6
Caracas1967_04.jpg 0x0
rect:130 270 53 140 26
rect:138 411 144 196 34
rect:194 247 16 104 27
Caracas1967_05.jpg 0x0
rect:76 274 233 232 52
rect:191 459 48 184 40
rect:274 244 51 159 40
rect:290 304 59 140 40
rect:317 256 145 163 52
rect:139 251 41 280 40
rect:35 88 520 811 48
rect:260 165 44 257 40
rect:54 145 291 384 41
rect:43 436 81 279 40
Caracas1967_06.jpg 0x0
rect:241 126 276 189 7
rect:279 322 64 67 6
Caracas1967_07.jpg 0x0
rect:172 125 166 269 34
rect:255 8 66 336 34
rect:204 100 45 157 27
rect:460 297 132 181 34
rect:397 209 93 102 53
rect:362 53 34 202 27
rect:475 282 78 79 53
Caracas1967_08.jpg 0x0
rect:197 374 53 121 54
rect:223 377 88 94 55
rect:502 202 98 158 54
Caracas1967_09.jpg 0x0
rect:77 256 79 70 48
rect:27 193 43 46 48
rect:354 14 221 144 48
rect:214 164 99 110 48
Caracas1967_10.jpg 0x0
rect:457 443 57 236 40
rect:51 216 309 427 41
rect:18 183 363 550 48
rect:276 245 103 230 40
Caracas1967_11.jpg 0x0
rect:44 14 488 859 48
rect:60 292 277 363 41
rect:238 14 193 306 41
Caracas1967_12.jpg 0x0
rect:509 311 45 44 34
rect:713 332 22 52 32
rect:895 358 25 37 32
rect:266 207 30 61 56
Caracas1967_13.jpg 0x0
rect:210 447 145 286 55
Caracas1967_14.jpg 0x0
rect:114 118 626 234 57
rect:115 299 277 45 6
Chichi1999_01.jpg 0x0
rect:266 157 59 204 42
rect:5 10 664 165 58
Chichi1999_02.jpg 0x0
rect:7 120 401 207 58
rect:452 120 186 345 59
Chichi1999_03.jpg 0x0
rect:60 115 74 139 60
rect:0 146 509 237 58
Chichi1999_04.jpg 0x0
rect:232 313 31 45 52
rect:193 -12 50 139 48
rect:216 255 60 271 48
Chichi1999_05.jpg 0x0
rect:306 179 62 63 41
rect:485 125 64 231 48
rect:309 359 24 32 41
rect:361 200 40 74 52
Chichi1999_06.jpg 0x0
rect:260 111 67 67 62
rect:677 -15 73 80 61
rect:780 139 44 58 41
rect:229 163 43 91 48
rect:125 17 482 161 10
rect:412 208 24 22 52
Chichi1999_07.jpg 0x0
rect:116 132 44 185 48
rect:65 197 640 111 63
rect:730 249 42 135 48
rect:435 187 22 21 64
rect:395 163 24 36 64
rect:307 198 54 166 48
rect:146 165 29 43 64
Chichi1999_08.jpg 0x0
rect:90 19 546 469 10
Chichi1999_09.jpg 0x0
rect:254 121 68 93 40
rect:287 123 87 92 41
rect:197 81 200 147 48
rect:196 77 30 84 40
Chichi1999_10.jpg 0x0
rect:218 14 637 416 10
Chichi1999_11.jpg 0x0
rect:163 189 125 81 65
rect:2 115 198 498 10
Chichi1999_12.jpg 0x0
rect:10 31 467 810 66
Chichi1999_13.jpg 0x0
rect:24 62 809 458 10
Chichi1999_14.jpg 0x0
rect:142 423 35 50 67
rect:213 412 24 31 39
rect:65 487 48 42 67
rect:149 481 28 56 67
rect:294 217 19 33 67
rect:112 313 51 73 67
rect:166 206 44 43 67
rect:271 307 47 42 39
rect:250 261 22 18 39
rect:465 516 73 86 67
rect:185 401 42 56 67
rect:232 384 23 43 39
rect:122 263 49 55 67
rect:104 467 28 33 67
rect:166 434 21 55 67
rect:131 167 74 61 67
rect:272 552 49 53 67
Chichi1999_15.jpg 0x0
rect:191 30 316 401 41
Chichi1999_16.jpg 0x0
rect:201 151 83 104 32
Chichi1999_17.jpg 0x0
rect:173 425 32 57 32
Chichi1999_18.jpg 0x0
rect:155 279 32 165 69
rect:174 260 185 539 68
rect:305 284 36 147 69
rect:124 272 38 122 69
rect:372 345 40 105 69
rect:248 211 40 153 70
Chichi1999_19.jpg 0x0
rect:206 26 266 387 2
rect:299 132 154 301 3
YogyakartaInd2006_03.jpg 0x0
rect:178 245 246 174 71
rect:160 201 59 40 15
rect:241 286 70 30 16
rect:418 82 83 41 16
rect:260 422 296 31 15
rect:245 215 25 8 16
rect:281 32 109 2 15
rect:245 74 92 50 15
Chichi1999_20.jpg 0x0
rect:212 454 58 209 41
rect:166 185 121 439 42
Chichi1999_21.jpg 0x0
rect:371 38 171 174 37
rect:311 9 101 91 57
rect:334 97 149 89 6
rect:15 3 298 149 30
rect:141 97 179 346 72
rect:163 382 149 194 37
rect:194 346 113 97 6
rect:85 379 123 144 5
Chichi1999_22.jpg 0x0
rect:376 167 20 26 73
rect:296 232 18 26 73
rect:225 125 261 119 10
rect:330 304 17 23 73
Chichi1999_23.jpg 0x0
rect:90 128 57 61 73
rect:250 215 30 34 27
rect:133 403 40 82 34
rect:133 192 20 31 34
rect:4 72 516 148 74
rect:293 139 22 24 26
rect:140 350 63 128 73
rect:361 186 37 78 73
rect:312 381 39 97 34
rect:242 317 65 118 73
Chichi1999_24.jpg 0x0
rect:263 163 30 53 46
rect:159 213 104 70 75
rect:3 330 334 151 74
rect:148 249 68 66 34
rect:242 310 1 2 46
Chichi1999_25.jpg 0x0
rect:228 221 104 226 34
rect:220 282 49 61 26
rect:174 169 145 394 73
Chichi1999_26.jpg 0x0
rect:242 193 60 99 73
rect:118 504 79 94 26
rect:152 639 97 178 73
rect:220 356 150 401 76
rect:135 437 125 101 27
rect:338 14 48 24 73
Chichi1999_27.jpg 0x0
rect:197 167 107 369 32
Chichi1999_28.jpg 0x0
rect:259 106 197 218 75
rect:18 62 271 89 6
rect:112 72 110 250 5
rect:230 333 275 124 77
Chichi1999_29.jpg 0x0
rect:276 282 149 210 40
rect:215 184 68 157 52
rect:153 234 244 292 48
Chichi1999_30.jpg 0x0
rect:226 150 219 71 78
rect:263 84 289 282 40
rect:284 114 154 72 52
rect:23 200 77 124 73
Chichi1999_31.jpg 0x0
rect:186 70 110 306 79
rect:378 131 51 231 48
Chichi1999_32.jpg 0x0
rect:139 63 55 189 81
rect:602 140 54 180 39
rect:116 9 119 285 80
rect:124 161 43 103 81
Chichi1999_33.jpg 0x0
rect:76 64 127 372 33
rect:95 135 49 117 49
rect:130 103 93 242 32
rect:346 147 27 95 49
rect:336 67 144 312 32
rect:318 71 68 207 56
Chichi1999_34.jpg 0x0
rect:127 134 451 328 10
Duzce1999_01.jpg 0x0
rect:107 169 137 144 41
rect:150 55 100 224 39
Duzce1999_02.jpg 0x0
rect:102 37 196 333 41
Duzce1999_03.jpg 0x0
rect:0 149 98 211 31
rect:249 122 83 291 31
rect:88 87 77 299 42
Gediz1970_01.jpg 0x0
rect:161 122 250 673 68
rect:107 276 127 214 69
rect:256 305 84 139 69
Guatemala1976_01.jpg 0x0
rect:22 100 460 143 82
rect:54 186 74 61 52
rect:48 164 110 88 48
rect:51 208 34 46 41
rect:533 181 46 75 41
rect:624 110 150 99 48
Guatemala1976_02.jpg 0x0
rect:206 68 81 107 40
rect:240 70 233 209 48
Guatemala1976_03.jpg 0x0
rect:18 109 763 336 75
Guatemala1976_04.jpg 0x0
rect:535 237 129 241 4
rect:146 19 441 88 30
rect:639 159 146 449 4
rect:32 90 594 261 30
Guatemala1976_05.jpg 0x0
rect:215 154 227 158 41
rect:214 151 458 173 40
rect:194 93 278 420 48
Guatemala1976_06.jpg 0x0
rect:115 129 239 426 39
Guatemala1976_07.jpg 0x0
rect:26 258 349 322 10
rect:20 348 61 50 6
rect:245 554 157 57 83
Guatemala1976_08.jpg 0x0
rect:175 72 276 500 41
rect:302 97 163 380 40
rect:167 25 518 535 48
Guatemala1976_09.jpg 0x0
rect:749 288 44 61 85
rect:689 247 54 48 84
rect:208 237 53 50 85
rect:110 281 40 35 85
rect:99 258 27 22 84
rect:262 370 82 32 85
rect:223 260 50 29 84
rect:370 313 42 65 84
Guatemala1976_10.jpg 0x0
rect:388 290 47 123 87
rect:138 116 232 203 87
rect:224 142 291 278 86
Guatemala1976_11.jpg 0x0
rect:231 169 164 293 34
GujaratIndia2001_01.jpg 0x0
rect:55 627 46 43 2
rect:335 440 46 66 11
rect:22 385 170 120 4
rect:195 530 155 109 2
Haiti2010_01.jpg 0x0
rect:295 141 175 388 41
rect:236 312 23 141 40
rect:381 207 109 80 4
rect:169 56 159 139 7
rect:344 603 261 222 4
Haiti2010_02.jpg 0x0
rect:217 23 145 34 14
rect:46 74 522 218 88
Haiti2010_03.jpg 0x0
rect:187 427 264 247 32
rect:288 529 308 257 89
rect:375 1 64 576 32
rect:300 709 62 61 49
Haiti2010_04.jpg 0x0
rect:152 401 224 563 41
rect:246 54 266 215 34
rect:2 142 306 170 6
Haiti2010_05.jpg 0x0
rect:276 188 37 95 40
rect:289 208 198 377 90
rect:344 190 205 118 52
rect:209 309 24 124 40
Haiti2010_06.jpg 0x0
rect:493 219 224 408 33
rect:199 286 28 48 34
rect:505 155 88 92 34
rect:410 281 48 210 32
rect:143 290 338 381 91
rect:713 132 683 616 91
rect:518 180 59 47 6
ImperialValley1979_01.jpg 0x0
rect:562 383 27 27 50
rect:358 349 55 28 32
rect:397 242 28 40 32
rect:421 230 50 42 32
rect:287 359 56 84 50
rect:11 356 179 102 32
rect:686 420 13 13 49
rect:542 291 25 25 49
rect:44 425 113 149 50
rect:16 421 86 71 49
rect:251 367 38 32 49
ImperialValley1979_02.jpg 0x0
rect:218 107 141 201 32
rect:301 115 60 176 50
rect:169 143 88 220 50
rect:312 185 96 61 49
rect:295 92 99 146 50
rect:235 187 356 77 92
ImperialValley1979_03.jpg 0x0
rect:115 203 99 254 50
rect:161 201 199 107 32
rect:388 281 80 231 50
rect:154 377 267 230 32
rect:126 333 348 26 92
rect:213 356 105 156 50
rect:104 519 215 47 92
Izmit1999_01.jpg 0x0
rect:369 324 54 73 26
rect:202 166 32 81 27
rect:217 136 44 113 27
rect:239 68 60 180 27
rect:245 73 297 249 34
Izmit1999_02.jpg 0x0
rect:22 107 765 341 10
Izmit1999_03.jpg 0x0
rect:199 95 75 365 50
rect:313 166 46 187 50
rect:476 107 45 302 50
rect:536 111 48 391 50
rect:303 75 328 372 32
rect:155 33 400 439 93
rect:462 121 35 304 50
rect:162 236 300 43 92
Izmit1999_04.jpg 0x0
rect:365 75 68 103 41
rect:124 303 130 51 88
rect:469 398 15 69 40
rect:57 561 45 64 42
rect:46 483 57 120 41
rect:354 90 111 122 48
rect:67 280 85 68 34
rect:456 444 25 63 40
rect:109 506 292 155 88
rect:314 459 66 75 41
Izmit1999_05.jpg 0x0
rect:83 32 431 451 10
Izmit1999_06.jpg 0x0
rect:97 203 220 504 32
rect:132 239 122 58 49
rect:289 354 52 135 50
rect:178 249 98 235 50
rect:254 174 48 122 50
rect:76 214 48 227 50
Izmit1999_07.jpg 0x0
rect:402 51 119 41 6
rect:396 113 58 53 3
rect:445 261 95 301 4
rect:189 171 42 138 3
rect:18 124 343 540 2
rect:167 318 41 141 3
rect:199 284 35 79 3
Izmit1999_08.jpg 0x0
rect:132 405 106 65 45
rect:356 6 95 66 45
rect:180 32 111 116 34
rect:592 83 54 60 41
rect:477 110 75 30 52
rect:187 134 107 62 41
rect:204 316 237 145 88
Izmit1999_09.jpg 0x0
rect:253 235 72 118 41
rect:232 266 109 99 94
rect:610 312 54 75 41
rect:195 166 43 26 41
rect:464 283 51 84 94
rect:50 271 55 38 41
Izmit1999_10.jpg 0x0
rect:315 412 54 88 40
rect:245 476 70 30 78
rect:167 434 99 40 78
rect:35 217 371 37 78
rect:107 327 252 80 78
rect:164 117 61 174 40
rect:92 167 343 573 41
rect:270 533 81 81 40
rect:286 106 108 185 40
rect:47 139 64 213 40
rect:171 174 97 244 40
Izmit1999_11.jpg 0x0
rect:184 230 102 188 41
rect:177 522 80 126 41
rect:265 296 90 132 40
rect:272 249 98 203 40
rect:156 376 63 130 40
Izmit1999_12.jpg 0x0
rect:579 76 55 72 41
rect:379 283 124 138 94
rect:242 279 70 115 41
rect:410 32 69 51 34
rect:188 172 55 63 88
rect:291 136 57 139 42
rect:61 231 47 119 94
rect:1 199 31 35 41
rect:319 141 64 60 7
rect:441 357 74 137 52
rect:253 107 66 104 45
rect:88 257 30 39 40
rect:355 206 38 35 6
rect:17 69 57 30 6
rect:489 185 51 50 41
rect:107 75 34 24 6
rect:339 190 212 242 91
rect:75 322 47 44 52
Izmit1999_13.jpg 0x0
rect:285 98 86 115 41
rect:145 265 80 66 52
rect:205 241 37 89 41
rect:158 275 111 159 94
rect:164 309 29 99 41
rect:131 101 44 45 6
rect:290 60 174 314 48
rect:4 69 117 163 42
rect:324 162 112 172 41
Izmit1999_14.jpg 0x0
rect:460 127 114 61 35
rect:396 6 129 59 35
rect:259 395 34 28 34
rect:451 49 46 64 95
rect:536 244 96 47 34
rect:335 60 93 96 34
rect:66 114 123 59 34
rect:603 429 69 45 34
rect:192 464 50 26 34
Izmit1999_15.jpg 0x0
rect:191 223 262 490 42
Izmit1999_16.jpg 0x0
rect:110 53 472 393 33
rect:163 136 130 157 41
rect:152 48 188 268 39
rect:252 140 38 138 40
Izmit1999_17.jpg 0x0
rect:108 142 173 191 41
Izmit1999_18.jpg 0x0
rect:185 178 137 159 41
rect:221 113 191 332 39
Izmit1999_19.jpg 0x0
rect:513 110 32 121 50
rect:299 115 186 255 96
rect:444 176 22 88 50
rect:245 94 325 179 32
Kobe1995_01.jpg 0x0
rect:31 144 606 157 63
Kobe1995_02.jpg 0x0
rect:2 68 534 431 68
Kobe1995_03.jpg 0x0
rect:37 66 457 699 10
Kobe1995_04.jpg 0x0
rect:268 394 67 38 41
Kobe1995_05.jpg 0x0
rect:4 126 174 526 40
rect:43 235 430 65 78
rect:230 133 198 472 40
rect:113 667 307 163 78
rect:124 194 253 620 52
Kobe1995_06.jpg 0x0
rect:133 296 379 461 42
rect:43 111 374 597 41
Kobe1995_07.jpg 0x0
rect:189 236 43 37 39
rect:348 184 32 52 39
rect:374 403 37 38 39
rect:447 505 42 28 39
rect:263 438 33 41 39
rect:439 361 43 37 39
rect:160 189 50 53 39
rect:180 120 40 29 39
rect:190 452 40 37 39
rect:229 389 46 25 39
rect:379 252 46 44 39
rect:203 456 37 36 39
rect:123 209 32 48 39
rect:244 285 24 56 39
rect:372 442 30 59 39
rect:344 206 25 28 39
rect:160 408 44 36 39
rect:237 229 37 55 39
rect:250 101 26 29 39
rect:141 225 29 32 39
rect:484 123 34 42 39
rect:39 329 46 23 39
rect:205 427 34 42 39
rect:43 308 42 47 39
rect:311 242 37 36 39
rect:265 446 30 45 39
Kobe1995_08.jpg 0x0
rect:249 47 534 239 97
Kobe1995_09.jpg 0x0
rect:93 796 80 59 88
rect:131 630 79 63 88
rect:69 659 49 50 88
rect:139 675 216 97 97
SanSalvador_1986_01.jpg 0x0
rect:192 180 134 230 41
rect:56 3 92 163 68
SanSalvador_1986_02.jpg 0x0
rect:381 273 30 62 41
rect:644 230 30 54 42
rect:121 196 28 26 41
rect:321 237 36 56 41
rect:203 269 25 50 41
rect:144 227 20 40 41
rect:550 196 42 30 41
rect:311 281 25 38 41
rect:328 166 13 28 41
SikkimIndia2001_01.jpg 0x0
rect:232 156 164 159 34
SikkimIndia2001_02.jpg 0x0
rect:12 6 422 89 16
rect:-12 2 458 92 33
rect:320 179 102 48 16
rect:8 143 42 40 54
rect:402 98 72 45 16
rect:301 91 113 146 33
rect:210 61 224 283 33
rect:526 224 90 21 16
SikkimIndia2001_03.jpg 0x0
rect:231 94 62 255 69
rect:236 9 241 595 98
rect:177 231 108 192 70
SikkimIndia2001_04.jpg 0x0
rect:275 182 267 92 99
rect:312 152 127 165 34
rect:3 39 354 231 99
SumatraInd2009_01.jpg 0x0
rect:366 18 82 244 81
SumatraInd2009_02.jpg 0x0
rect:262 106 160 153 41
WhittierNarrows1987_01.jpg 0x0
rect:17 32 958 481 10
WhittierNarrows1987_02.jpg 0x0
rect:126 277 121 350 41
WhittierNarrows1987_03.jpg 0x0
rect:203 103 205 239 32
WhittierNarrows1987_04.jpg 0x0
rect:210 68 90 185 41
rect:151 6 216 52 6
rect:235 16 309 174 100
YogyakartaInd2006_01.jpg 0x0
rect:136 -21 535 351 29
rect:218 44 334 277 32
rect:311 180 234 101 49
YogyakartaInd2006_02.jpg 0x0
rect:352 136 71 273 69
rect:455 51 121 566 98
rect:482 125 55 132 70
