Anchorage1964_01.jpg 0x0
rect:94 9 283 179 1
rect:57 283 227 270 1
Anchorage1964_02.jpg 0x0
rect:134 177 56 42 7
rect:524 233 107 48 4
rect:150 202 50 21 6
rect:189 278 386 99 2
rect:34 150 172 35 5
rect:38 21 162 46 5
rect:277 288 19 53 3
rect:266 225 30 48 3
rect:317 236 22 54 3
rect:600 347 18 54 3
rect:241 354 31 73 3
rect:354 244 27 63 3
rect:186 53 64 98 4
rect:509 266 12 76 3
rect:257 31 234 114 4
rect:346 78 157 108 8
rect:219 300 33 69 3
rect:76 43 88 11 6
rect:130 271 24 20 6
Anchorage1964_03.jpg 0x0
rect:2 206 228 91 9
rect:0 239 842 65 10
rect:244 107 457 221 9
Anchorage1964_04.jpg 0x0
rect:332 390 28 23 5
rect:316 207 17 21 1
rect:157 450 31 16 5
rect:408 96 34 16 5
rect:387 160 28 15 5
rect:285 309 9 19 1
rect:222 237 14 32 1
rect:287 230 29 17 5
rect:174 105 32 14 5
rect:236 189 33 23 5
rect:211 378 40 17 2
rect:294 312 20 21 8
rect:300 365 35 21 5
rect:148 226 33 17 5
rect:231 264 17 28 1
rect:188 286 44 20 5
rect:134 43 36 14 5
rect:349 53 29 19 5
rect:193 199 13 23 1
rect:344 163 24 12 5
rect:139 260 28 17 5
rect:167 104 25 22 5
rect:250 373 23 22 1
rect:327 87 26 32 1
rect:387 268 22 16 5
rect:206 289 36 22 5
rect:254 117 17 25 1
rect:325 513 21 38 1
rect:327 240 7 1 1
rect:219 199 32 24 5
rect:197 510 23 29 1
rect:310 164 26 22 5
rect:309 37 38 18 5
rect:184 28 35 17 5
rect:247 214 15 21 1
rect:170 453 38 12 5
rect:272 163 39 24 5
rect:464 290 30 19 5
rect:188 74 37 18 5
Anchorage1964_05.jpg 0x0
rect:140 110 102 29 5
rect:447 119 42 48 1
rect:80 355 19 51 1
rect:464 325 59 17 6
rect:384 323 38 77 8
rect:214 37 74 26 5
rect:473 17 38 72 1
rect:316 136 31 68 1
rect:56 116 17 54 1
rect:69 18 17 51 1
rect:517 1 47 60 1
rect:751 240 37 13 6
rect:52 84 21 55 1
rect:639 312 76 34 5
rect:231 41 102 32 6
rect:356 210 39 60 1
rect:528 396 63 42 5
rect:59 223 25 44 1
rect:44 314 29 44 1
rect:81 160 24 33 1
rect:473 274 42 78 1
rect:85 119 16 42 1
rect:329 192 55 29 11
rect:26 312 24 60 1
rect:176 182 113 38 6
rect:416 62 49 66 1
rect:274 202 117 63 2
rect:247 246 30 24 11
rect:598 374 34 69 8
Anchorage1964_06.jpg 0x0
rect:125 236 79 105 11
rect:137 131 84 363 3
rect:121 65 291 341 12
Anchorage1964_07.jpg 0x0
rect:208 89 188 172 11
rect:432 132 65 81 13
rect:391 124 38 130 3
rect:152 2 114 47 2
rect:7 222 527 42 14
rect:8 47 742 298 2
rect:455 197 84 90 11
rect:16 212 205 31 11
rect:245 333 405 235 2
Anchorage1964_08.jpg 0x0
rect:52 468 109 98 1
rect:59 87 121 90 1
rect:324 36 121 93 1
rect:372 242 117 136 1
rect:432 513 118 108 1
rect:45 300 114 108 1
Anchorage1964_09.jpg 0x0
rect:16 124 25 7 16
rect:839 197 1 1 16
rect:16 147 74 19 15
rect:462 200 47 83 1
rect:72 51 73 75 8
rect:159 103 389 12 15
rect:518 8 94 11 16
rect:91 124 76 93 1
rect:17 21 56 15 16
rect:545 98 133 29 15
rect:498 34 100 72 8
rect:136 323 95 73 8
rect:436 132 99 67 1
rect:574 9 366 10 15
rect:10 15 298 16 15
rect:452 340 72 91 8
rect:42 193 39 12 16
rect:349 156 80 82 1
rect:794 154 115 19 15
Anchorage1964_10.jpg 0x0
rect:224 278 97 91 17
rect:83 158 261 399 1
rect:127 140 171 84 18
rect:84 455 316 142 18
Anchorage1964_11.jpg 0x0
rect:113 135 689 101 2
rect:249 172 284 25 15
rect:75 625 628 11 14
rect:592 157 125 104 1
rect:563 7 75 51 1
rect:122 47 157 91 4
rect:72 293 749 20 14
rect:398 161 329 32 11
Anchorage1964_12.jpg 0x0
rect:12 82 713 313 2
rect:336 103 194 119 11
rect:295 97 40 144 3
rect:388 88 47 202 3
rect:176 239 34 76 3
Anchorage1964_13.jpg 0x0
rect:469 590 105 10 19
rect:591 383 22 204 20
rect:396 394 150 29 2
Anchorage1964_14.jpg 0x0
rect:434 190 172 57 15
rect:247 198 57 77 21
rect:212 15 68 201 11
rect:140 575 31 58 22
rect:23 450 33 46 22
rect:54 473 41 71 22
rect:9 648 246 76 11
rect:186 642 54 52 22
rect:265 16 80 511 20
rect:449 415 116 68 23
rect:485 6 106 109 11
rect:91 206 155 32 15
Anchorage1964_15.jpg 0x0
rect:374 179 163 41 11
rect:401 371 138 41 24
rect:199 201 199 45 15
rect:249 69 61 536 20
rect:277 107 25 77 11
rect:203 88 34 108 25
rect:293 9 78 59 4
rect:319 524 225 71 2
rect:415 9 71 80 4
Anchorage1964_16.jpg 0x0
rect:210 300 269 235 11
rect:90 329 91 138 11
rect:445 238 181 210 2
rect:11 160 157 136 2
rect:196 62 311 172 2
rect:18 382 79 109 2
Anchorage1964_17.jpg 0x0
rect:8 182 906 180 10
rect:278 38 194 152 9
rect:12 134 285 133 9
Anchorage1964_18.jpg 0x0
rect:484 170 129 90 4
rect:302 112 99 108 4
rect:341 279 270 30 15
rect:148 224 20 38 11
rect:174 222 65 121 4
rect:431 292 38 77 11
rect:435 236 64 14 2
rect:154 327 59 37 11
rect:522 345 33 20 2
rect:335 223 80 22 2
Anchorage1964_19.jpg 0x0
rect:249 76 79 121 29
rect:278 129 32 100 29
rect:682 155 47 36 28
rect:37 258 28 123 27
rect:581 307 42 34 28
rect:281 371 46 64 26
rect:893 206 10 15 26
rect:410 282 14 31 26
rect:383 110 20 41 27
rect:514 158 21 62 29
rect:310 102 16 37 26
rect:521 110 7 18 26
rect:6 285 52 160 26
rect:378 150 10 30 26
rect:511 157 37 22 26
rect:914 190 8 7 26
rect:475 290 19 46 26
rect:378 75 71 49 26
Anchorage1964_20.jpg 0x0
rect:136 85 114 88 26
rect:478 600 55 64 26
rect:214 561 67 129 26
rect:263 70 55 62 27
rect:188 50 135 175 29
Anchorage1964_21.jpg 0x0
rect:-6 73 112 159 29
rect:217 210 403 221 30
rect:2 79 46 36 26
rect:56 261 39 43 26
Bingol2003_01.jpg 0x0
rect:821 249 131 48 33
rect:703 138 122 86 6
rect:381 379 54 192 32
rect:257 159 58 67 33
rect:771 468 113 85 33
rect:541 149 38 129 34
rect:413 216 47 66 6
rect:350 267 38 78 34
rect:561 247 171 140 31
rect:28 266 86 82 33
rect:616 73 96 83 6
rect:136 188 82 86 33
rect:497 217 98 79 6
rect:632 582 104 47 33
rect:440 65 175 257 31
rect:549 396 144 85 6
rect:360 496 68 93 6
rect:175 95 58 28 6
rect:2 425 823 247 10
Bingol2003_02.jpg 0x0
rect:610 271 394 131 35
rect:138 118 522 145 34
rect:820 46 91 93 36
rect:216 325 68 252 32
rect:303 321 709 606 31
rect:137 469 213 230 32
rect:403 311 78 87 6
rect:470 376 100 86 26
Bingol2003_03.jpg 0x0
rect:619 167 230 69 11
rect:791 332 324 465 2
rect:142 47 121 153 33
rect:413 127 359 153 2
rect:100 18 197 28 2
rect:720 192 313 598 4
rect:892 -7 331 244 4
Bingol2003_04.jpg 0x0
rect:433 713 101 102 2
rect:80 513 93 96 2
rect:240 297 141 203 4
rect:187 395 293 141 2
rect:165 632 23 111 3
rect:66 548 25 62 3
rect:203 467 36 145 3
rect:102 410 32 52 3
CanterburyNZSeries2010_01.jpg 0x0
rect:74 89 148 275 12
CanterburyNZSeries2010_02.jpg 0x0
rect:56 7 163 223 37
rect:38 65 202 210 6
CanterburyNZSeries2010_03.jpg 0x0
rect:57 59 474 131 38
CanterburyNZSeries2010_04.jpg 0x0
rect:244 417 19 78 40
rect:289 429 21 96 40
rect:280 210 157 311 39
rect:171 434 87 313 41
rect:385 346 35 143 40
rect:365 521 25 54 40
rect:227 334 25 136 40
rect:255 8 85 141 42
CanterburyNZSeries2010_05.jpg 0x0
rect:283 208 133 95 15
rect:387 305 181 335 4
CanterburyNZSeries2010_06.jpg 0x0
rect:48 125 889 474 4
rect:305 234 243 118 2
CanterburyNZSeries2010_08.jpg 0x0
rect:689 513 109 134 44
rect:834 640 31 185 32
rect:582 661 45 98 44
rect:665 116 141 176 43
CanterburyNZSeries2010_09.jpg 0x0
rect:165 148 190 151 45
rect:327 280 120 273 39
CanterburyNZSeries2010_10.jpg 0x0
rect:331 179 320 87 7
rect:242 302 325 170 6
rect:296 525 205 117 6
rect:288 268 247 53 46
CanterburyNZSeries2010_11.jpg 0x0
rect:343 254 347 103 7
rect:394 341 299 195 5
CanterburyNZSeries2010_12.jpg 0x0
rect:6 296 1105 294 47
rect:484 563 146 83 11
rect:190 418 114 48 11
rect:46 255 945 385 2
CanterburyNZSeries2010_13.jpg 0x0
rect:118 18 418 804 12
rect:407 192 84 579 11
Caracas1967_01.jpg 0x0
rect:260 237 10 64 48
rect:411 164 92 126 48
rect:383 194 43 115 48
rect:515 94 131 223 48
Caracas1967_02.jpg 0x0
rect:197 1 111 204 15
rect:127 491 50 74 49
rect:162 484 54 30 50
rect:232 217 202 299 51
Caracas1967_03.jpg 0x0
rect:277 333 83 73 26
rect:16 454 319 67 6
rect:230 294 137 215 34
rect:277 429 33 129 27
rect:292 456 39 65 27
rect:272 72 94 92 14
Caracas1967_04.jpg 0x0
rect:100 360 134 189 34
rect:169 334 25 117 27
rect:175 443 40 118 26
Caracas1967_05.jpg 0x0
rect:37 133 262 565 41
rect:237 351 48 221 40
rect:385 185 60 179 40
rect:50 357 159 259 52
rect:79 385 49 323 40
rect:262 208 57 242 40
rect:25 120 454 680 48
rect:300 247 47 252 40
rect:291 170 188 125 52
rect:141 349 35 215 40
Caracas1967_06.jpg 0x0
rect:330 72 387 286 7
rect:379 330 73 41 6
Caracas1967_07.jpg 0x0
rect:558 342 129 142 53
rect:589 532 85 78 53
rect:541 62 31 229 27
rect:215 179 53 260 27
rect:256 6 112 313 34
rect:542 273 177 290 34
rect:170 170 139 225 34
Caracas1967_08.jpg 0x0
rect:222 202 53 95 55
rect:383 207 97 116 54
rect:205 298 49 120 54
Caracas1967_09.jpg 0x0
rect:167 134 106 111 48
rect:441 11 305 153 48
rect:115 195 68 60 48
rect:23 251 50 55 48
Caracas1967_10.jpg 0x0
rect:214 287 103 173 40
rect:13 221 438 497 48
rect:39 150 325 286 41
rect:308 239 98 210 40
Caracas1967_11.jpg 0x0
rect:47 286 254 457 41
rect:362 10 227 223 41
rect:64 17 440 681 48
Caracas1967_12.jpg 0x0
rect:839 382 16 62 32
rect:303 252 24 54 56
rect:665 187 26 43 34
rect:530 410 18 58 32
Caracas1967_13.jpg 0x0
rect:116 355 91 188 55
Caracas1967_14.jpg 0x0
rect:137 220 296 34 6
rect:152 109 427 234 57
Chichi1999_01.jpg 0x0
rect:240 143 51 187 42
rect:4 7 554 184 58
Chichi1999_02.jpg 0x0
rect:6 91 511 196 58
rect:423 96 230 458 59
Chichi1999_03.jpg 0x0
rect:0 131 709 215 58
rect:64 152 74 81 60
Chichi1999_04.jpg 0x0
rect:195 247 68 332 48
rect:240 -20 49 151 48
rect:282 301 30 79 52
Chichi1999_05.jpg 0x0
rect:455 355 30 32 41
rect:357 175 52 57 41
rect:328 135 87 210 48
rect:380 143 36 59 52
Chichi1999_06.jpg 0x0
rect:412 248 59 67 48
rect:246 214 27 32 52
rect:439 -12 81 79 61
rect:751 129 27 74 41
rect:179 19 643 232 10
rect:272 122 66 81 62
Chichi1999_07.jpg 0x0
rect:640 193 54 122 48
rect:747 191 19 24 64
rect:118 200 33 44 64
rect:487 185 47 151 48
rect:128 214 61 110 48
rect:57 277 649 170 63
rect:349 297 35 34 64
Chichi1999_08.jpg 0x0
rect:93 17 410 395 10
Chichi1999_09.jpg 0x0
rect:212 99 54 61 40
rect:228 125 39 60 40
rect:184 135 170 65 41
rect:182 51 179 177 48
Chichi1999_10.jpg 0x0
rect:136 14 490 470 10
Chichi1999_11.jpg 0x0
rect:129 276 116 82 65
rect:2 145 151 479 10
Chichi1999_12.jpg 0x0
rect:10 30 389 798 66
Chichi1999_13.jpg 0x0
rect:42 38 940 544 10
Chichi1999_14.jpg 0x0
rect:207 515 25 51 67
rect:98 263 53 62 67
rect:275 274 24 31 67
rect:79 274 47 62 67
rect:248 458 20 33 39
rect:173 289 22 41 67
rect:152 309 39 50 67
rect:73 514 50 39 67
rect:319 334 29 44 39
rect:101 585 41 40 67
rect:146 255 42 50 67
rect:238 342 28 29 39
rect:115 204 116 39 67
rect:370 330 41 56 39
rect:439 625 86 58 67
rect:117 659 28 42 67
rect:288 506 30 69 67
Chichi1999_15.jpg 0x0
rect:278 26 324 537 41
Chichi1999_16.jpg 0x0
rect:229 154 59 127 32
Chichi1999_17.jpg 0x0
rect:138 324 28 35 32
Chichi1999_18.jpg 0x0
rect:223 299 45 104 69
rect:289 320 52 142 70
rect:195 330 23 141 69
rect:347 352 37 188 69
rect:205 317 40 171 69
rect:167 193 154 572 68
Chichi1999_19.jpg 0x0
rect:166 113 160 281 3
rect:161 20 196 464 2
YogyakartaInd2006_03.jpg 0x0
rect:185 127 67 28 15
rect:344 367 74 31 16
rect:234 493 240 33 15
rect:447 103 83 28 16
rect:407 83 140 55 15
rect:279 111 16 8 16
rect:275 19 94 2 15
rect:153 312 262 152 71
Chichi1999_20.jpg 0x0
rect:323 327 61 252 41
rect:204 197 104 272 42
Chichi1999_21.jpg 0x0
rect:336 362 64 151 6
rect:88 470 205 89 5
rect:241 353 180 156 37
rect:249 92 157 243 72
rect:20 3 210 115 30
rect:423 34 199 142 37
rect:573 7 94 101 57
rect:478 114 146 89 6
Chichi1999_22.jpg 0x0
rect:305 163 11 27 73
rect:251 193 237 144 10
rect:556 228 15 24 73
rect:192 227 20 22 73
Chichi1999_23.jpg 0x0
rect:250 125 30 23 26
rect:132 185 17 21 34
rect:328 162 24 19 27
rect:81 254 40 94 34
rect:164 172 64 42 73
rect:341 197 56 51 73
rect:4 81 462 186 74
rect:266 230 55 121 73
rect:104 356 49 126 73
rect:260 364 50 52 34
Chichi1999_24.jpg 0x0
rect:129 155 137 68 75
rect:191 202 44 64 46
rect:162 221 61 52 34
rect:457 458 1 2 46
rect:3 380 368 216 74
Chichi1999_25.jpg 0x0
rect:173 178 118 248 34
rect:110 167 207 229 73
rect:149 340 53 93 26
Chichi1999_26.jpg 0x0
rect:109 396 96 143 73
rect:179 675 75 66 26
rect:159 448 141 118 27
rect:306 15 55 27 73
rect:233 204 85 477 76
rect:290 212 55 118 73
Chichi1999_27.jpg 0x0
rect:166 172 108 277 32
Chichi1999_28.jpg 0x0
rect:324 108 193 288 75
rect:257 267 263 104 77
rect:151 75 173 244 5
rect:14 68 376 148 6
Chichi1999_29.jpg 0x0
rect:183 199 197 349 48
rect:205 216 75 212 52
rect:254 220 143 193 40
Chichi1999_30.jpg 0x0
rect:214 203 142 67 78
rect:200 150 142 58 52
rect:39 361 83 161 73
rect:135 120 261 252 40
Chichi1999_31.jpg 0x0
rect:486 136 37 154 48
rect:174 73 163 358 79
Chichi1999_32.jpg 0x0
rect:500 130 59 133 39
rect:137 258 25 171 81
rect:184 46 37 146 81
rect:179 8 107 486 80
Chichi1999_33.jpg 0x0
rect:131 189 55 128 49
rect:107 105 114 222 32
rect:88 74 127 564 33
rect:280 80 127 286 32
rect:265 132 123 199 56
rect:296 153 28 137 49
Chichi1999_34.jpg 0x0
rect:165 99 339 504 10
Duzce1999_01.jpg 0x0
rect:138 125 88 102 41
rect:175 50 134 308 39
Duzce1999_02.jpg 0x0
rect:109 59 117 273 41
Duzce1999_03.jpg 0x0
rect:270 94 88 192 31
rect:0 133 132 183 31
rect:132 96 132 277 42
Gediz1970_01.jpg 0x0
rect:100 124 202 416 68
rect:236 493 88 188 69
rect:163 247 111 196 69
Guatemala1976_01.jpg 0x0
rect:622 151 131 122 48
rect:53 172 38 41 41
rect:54 157 54 37 52
rect:30 140 637 186 82
rect:635 138 76 93 41
rect:46 179 75 121 48
Guatemala1976_02.jpg 0x0
rect:175 75 320 342 48
rect:196 74 81 130 40
Guatemala1976_03.jpg 0x0
rect:18 92 800 301 75
Guatemala1976_04.jpg 0x0
rect:98 34 355 88 30
rect:785 178 159 315 4
rect:340 333 74 292 4
rect:28 87 341 250 30
Guatemala1976_05.jpg 0x0
rect:254 107 248 107 41
rect:141 89 360 238 48
rect:123 161 409 135 40
Guatemala1976_06.jpg 0x0
rect:105 71 260 531 39
Guatemala1976_07.jpg 0x0
rect:28 326 73 67 6
rect:202 612 123 65 83
rect:31 164 310 275 10
Guatemala1976_08.jpg 0x0
rect:162 41 377 318 41
rect:435 75 177 257 40
rect:145 38 375 486 48
Guatemala1976_09.jpg 0x0
rect:231 264 59 23 85
rect:817 322 60 70 84
rect:93 344 35 21 85
rect:306 364 68 49 84
rect:158 268 62 47 85
rect:186 353 51 26 84
rect:554 259 77 65 85
rect:117 337 33 26 84
Guatemala1976_10.jpg 0x0
rect:229 471 45 146 87
rect:221 152 264 196 86
rect:172 148 198 185 87
Guatemala1976_11.jpg 0x0
rect:223 184 133 201 34
GujaratIndia2001_01.jpg 0x0
rect:422 480 62 66 11
rect:26 511 223 149 4
rect:70 565 77 30 2
rect:144 525 229 77 2
Haiti2010_01.jpg 0x0
rect:244 98 204 434 41
rect:378 551 216 246 4
rect:231 252 27 168 40
rect:116 35 96 131 7
rect:712 258 126 143 4
Haiti2010_02.jpg 0x0
rect:60 85 536 209 88
rect:321 37 193 43 14
Haiti2010_03.jpg 0x0
rect:302 597 193 270 89
rect:222 432 61 62 49
rect:454 1 53 469 32
rect:236 302 267 209 32
Haiti2010_04.jpg 0x0
rect:219 290 263 620 41
rect:196 43 282 353 34
rect:2 144 320 193 6
Haiti2010_05.jpg 0x0
rect:259 334 36 125 40
rect:313 137 330 597 90
rect:378 330 37 82 40
rect:335 207 206 99 52
Haiti2010_06.jpg 0x0
rect:350 130 62 110 34
rect:297 154 65 44 6
rect:201 209 51 43 34
rect:356 167 57 231 32
rect:362 216 206 277 33
rect:216 300 255 411 91
rect:360 138 536 746 91
ImperialValley1979_01.jpg 0x0
rect:357 348 41 32 32
rect:510 222 38 41 32
rect:295 405 36 22 49
rect:11 259 54 55 49
rect:642 316 20 16 49
rect:545 387 26 24 49
rect:517 265 24 33 50
rect:15 210 140 99 32
rect:406 224 44 38 32
rect:74 396 71 95 50
rect:242 248 37 60 50
ImperialValley1979_02.jpg 0x0
rect:230 162 59 171 50
rect:205 155 81 211 50
rect:182 78 248 192 32
rect:131 156 240 69 92
rect:296 220 134 36 49
rect:338 104 63 142 50
ImperialValley1979_03.jpg 0x0
rect:112 226 110 252 50
rect:115 338 285 30 92
rect:317 305 53 131 50
rect:80 469 331 41 92
rect:93 283 196 132 32
rect:223 338 119 118 50
rect:179 198 201 138 32
Izmit1999_01.jpg 0x0
rect:203 79 426 344 34
rect:356 350 47 76 26
rect:231 139 55 131 27
rect:178 229 27 114 27
rect:197 107 63 181 27
Izmit1999_02.jpg 0x0
rect:28 156 534 279 10
Izmit1999_03.jpg 0x0
rect:199 159 48 161 50
rect:343 118 42 307 50
rect:554 104 71 386 50
rect:157 34 308 400 93
rect:304 122 45 190 50
rect:205 64 86 323 50
rect:256 72 278 396 32
rect:149 145 315 30 92
Izmit1999_04.jpg 0x0
rect:334 340 103 67 41
rect:95 431 281 169 88
rect:420 352 24 54 40
rect:230 81 74 104 48
rect:465 330 28 50 40
rect:37 393 77 51 34
rect:60 536 60 73 41
rect:138 277 115 75 88
rect:52 517 36 82 42
rect:251 99 63 101 41
Izmit1999_05.jpg 0x0
rect:86 27 601 413 10
Izmit1999_06.jpg 0x0
rect:79 230 64 183 50
rect:228 330 34 130 50
rect:187 233 149 69 49
rect:149 229 86 293 50
rect:166 263 52 176 50
rect:171 171 194 580 32
Izmit1999_07.jpg 0x0
rect:128 367 38 133 3
rect:206 197 30 84 3
rect:338 267 122 276 4
rect:455 105 69 69 3
rect:160 190 64 96 3
rect:27 144 463 562 2
rect:450 66 156 41 6
Izmit1999_08.jpg 0x0
rect:100 498 108 91 45
rect:483 62 76 30 52
rect:145 87 81 77 41
rect:245 247 242 120 88
rect:519 60 56 72 41
rect:540 7 88 73 45
rect:177 21 82 72 34
Izmit1999_09.jpg 0x0
rect:53 271 39 59 41
rect:257 291 107 81 94
rect:689 271 67 94 94
rect:618 249 73 75 41
rect:369 222 91 91 41
rect:346 147 56 25 41
Izmit1999_10.jpg 0x0
rect:187 91 171 124 40
rect:283 463 51 81 40
rect:356 690 97 24 78
rect:177 283 149 36 78
rect:63 124 410 533 41
rect:53 176 86 211 40
rect:147 227 66 211 40
rect:107 406 309 74 78
rect:300 573 91 139 40
rect:33 161 260 33 78
rect:282 217 68 150 40
Izmit1999_11.jpg 0x0
rect:190 350 101 150 41
rect:414 348 90 225 40
rect:138 222 117 210 41
rect:134 226 59 153 40
rect:283 250 91 171 40
Izmit1999_12.jpg 0x0
rect:356 144 58 149 42
rect:196 222 88 46 88
rect:392 287 55 138 41
rect:66 329 41 82 52
rect:329 345 68 191 94
rect:1 219 29 39 41
rect:231 131 39 38 6
rect:107 392 32 63 40
rect:47 264 62 95 94
rect:550 223 65 78 41
rect:80 88 33 29 6
rect:566 107 56 103 41
rect:410 383 53 131 52
rect:567 187 198 242 91
rect:13 80 33 28 6
rect:500 34 80 68 34
rect:381 143 66 59 45
rect:352 190 66 70 7
Izmit1999_13.jpg 0x0
rect:5 54 114 181 42
rect:471 200 118 226 41
rect:104 92 61 34 6
rect:257 78 50 134 41
rect:177 259 95 68 52
rect:173 229 125 95 94
rect:173 317 37 61 41
rect:267 99 206 433 48
rect:163 186 28 80 41
Izmit1999_14.jpg 0x0
rect:350 47 74 74 95
rect:330 192 90 72 35
rect:317 102 82 71 34
rect:511 255 51 44 34
rect:308 305 52 39 34
rect:46 104 94 49 34
rect:299 505 41 25 34
rect:327 375 48 31 34
rect:489 8 145 61 35
Izmit1999_15.jpg 0x0
rect:106 208 314 375 42
Izmit1999_16.jpg 0x0
rect:90 72 526 531 33
rect:165 84 194 113 41
rect:215 137 50 97 40
rect:99 71 319 331 39
Izmit1999_17.jpg 0x0
rect:121 139 155 208 41
Izmit1999_18.jpg 0x0
rect:218 121 119 335 39
rect:224 214 159 128 41
Izmit1999_19.jpg 0x0
rect:192 152 266 204 32
rect:182 64 330 418 96
rect:438 113 37 83 50
rect:411 175 27 86 50
Kobe1995_01.jpg 0x0
rect:28 190 1049 148 63
Kobe1995_02.jpg 0x0
rect:2 51 452 758 68
Kobe1995_03.jpg 0x0
rect:29 59 391 698 10
Kobe1995_04.jpg 0x0
rect:414 413 54 54 41
Kobe1995_05.jpg 0x0
rect:88 651 251 131 78
rect:319 203 159 567 40
rect:33 201 312 70 78
rect:160 147 198 397 52
rect:4 199 135 520 40
Kobe1995_06.jpg 0x0
rect:199 386 208 298 42
rect:53 120 358 407 41
Kobe1995_07.jpg 0x0
rect:81 215 25 36 39
rect:170 166 38 40 39
rect:318 248 35 28 39
rect:345 213 52 58 39
rect:344 169 54 40 39
rect:281 471 26 35 39
rect:148 289 25 37 39
rect:266 310 45 34 39
rect:132 363 40 30 39
rect:173 121 29 47 39
rect:390 99 41 42 39
rect:56 192 41 49 39
rect:166 123 39 42 39
rect:287 389 39 38 39
rect:122 519 35 33 39
rect:320 329 37 42 39
rect:300 119 30 30 39
rect:332 174 39 58 39
rect:339 207 36 42 39
rect:366 313 36 31 39
rect:212 207 37 37 39
rect:247 276 29 30 39
rect:389 420 35 29 39
rect:402 200 44 60 39
rect:57 343 43 27 39
rect:330 280 22 37 39
Kobe1995_08.jpg 0x0
rect:284 59 430 264 97
Kobe1995_09.jpg 0x0
rect:95 411 92 85 88
rect:82 576 67 107 88
rect:87 481 58 77 88
rect:226 750 255 84 97
SanSalvador_1986_01.jpg 0x0
rect:197 174 109 131 41
rect:50 3 126 267 68
SanSalvador_1986_02.jpg 0x0
rect:321 181 14 27 41
rect:123 213 26 29 41
rect:193 360 29 35 41
rect:414 276 41 59 41
rect:247 186 39 48 41
rect:357 175 40 46 42
rect:497 158 36 42 41
rect:186 287 38 33 41
rect:355 339 30 50 41
SikkimIndia2001_01.jpg 0x0
rect:252 165 112 122 34
SikkimIndia2001_02.jpg 0x0
rect:8 5 360 100 16
rect:587 105 78 40 16
rect:212 164 95 37 16
rect:9 167 50 41 54
rect:584 96 143 149 33
rect:-17 2 481 112 33
rect:330 266 90 13 16
rect:214 60 233 373 33
SikkimIndia2001_03.jpg 0x0
rect:286 157 74 168 70
rect:203 9 240 633 98
rect:181 123 95 271 69
SikkimIndia2001_04.jpg 0x0
rect:405 133 187 112 99
rect:210 160 118 198 34
rect:3 23 344 193 99
SumatraInd2009_01.jpg 0x0
rect:288 28 69 305 81
SumatraInd2009_02.jpg 0x0
rect:223 93 129 213 41
WhittierNarrows1987_01.jpg 0x0
rect:16 35 597 477 10
WhittierNarrows1987_02.jpg 0x0
rect:141 195 136 257 41
WhittierNarrows1987_03.jpg 0x0
rect:321 158 115 330 32
WhittierNarrows1987_04.jpg 0x0
rect:224 9 227 101 6
rect:278 16 278 135 100
rect:156 49 68 272 41
YogyakartaInd2006_01.jpg 0x0
rect:339 111 242 76 49
rect:259 44 299 277 32
rect:152 -23 459 509 29
YogyakartaInd2006_02.jpg 0x0
rect:334 110 98 247 70
rect:247 101 55 266 69
rect:340 50 150 342 98
