Anchorage1964_01.jpg 0x0
rect:86 469 236 302 1
rect:73 8 152 167 1
Anchorage1964_02.jpg 0x0
rect:221 220 362 120 2
rect:80 43 69 15 6
rect:93 268 49 18 6
rect:301 41 185 105 4
rect:401 297 26 64 3
rect:82 282 20 16 6
rect:113 148 51 44 7
rect:415 297 25 70 3
rect:534 337 16 67 3
rect:312 244 19 62 3
rect:265 239 18 68 3
rect:45 25 157 45 5
rect:28 213 119 54 5
rect:539 262 15 47 3
rect:468 192 95 59 4
rect:281 299 32 55 3
rect:295 187 32 48 3
rect:170 74 103 78 4
rect:668 67 147 87 8
Anchorage1964_03.jpg 0x0
rect:198 68 273 223 9
rect:2 265 241 56 9
rect:0 339 536 50 10
Anchorage1964_04.jpg 0x0
rect:113 99 29 13 5
rect:439 94 41 18 5
rect:236 290 29 21 5
rect:236 383 14 29 1
rect:373 199 33 13 5
rect:352 375 12 26 1
rect:145 318 31 18 5
rect:192 342 31 14 5
rect:205 299 39 15 5
rect:364 444 15 29 1
rect:308 300 14 23 1
rect:116 66 23 16 5
rect:452 343 19 19 5
rect:340 237 24 14 5
rect:204 183 28 23 5
rect:150 519 34 15 5
rect:342 497 37 15 5
rect:148 441 24 16 5
rect:146 400 59 21 2
rect:455 417 25 22 5
rect:307 405 25 35 1
rect:321 256 17 29 1
rect:343 281 6 1 1
rect:397 456 30 16 5
rect:119 19 26 17 5
rect:399 36 31 18 5
rect:165 321 23 26 8
rect:146 91 30 21 5
rect:337 255 13 26 1
rect:333 538 34 13 5
rect:195 159 20 37 1
rect:267 128 17 32 1
rect:329 205 22 29 1
rect:432 75 42 15 5
rect:143 245 35 13 5
rect:192 236 22 21 1
rect:315 107 40 18 5
rect:233 135 33 23 5
rect:117 256 24 15 5
Anchorage1964_05.jpg 0x0
rect:67 84 30 53 1
rect:704 264 57 36 5
rect:49 396 29 62 1
rect:485 410 39 17 6
rect:49 151 13 50 1
rect:451 287 34 22 6
rect:99 95 20 39 1
rect:194 123 95 18 5
rect:219 246 116 52 2
rect:293 269 55 22 11
rect:511 252 55 58 1
rect:117 207 25 54 1
rect:521 177 33 76 1
rect:173 38 77 53 6
rect:669 428 47 35 5
rect:450 122 52 54 1
rect:425 83 49 78 1
rect:363 255 42 78 8
rect:213 253 29 21 11
rect:206 137 87 47 6
rect:351 1 54 51 1
rect:72 402 26 62 1
rect:531 196 37 52 1
rect:116 26 27 31 1
rect:47 301 26 32 1
rect:477 413 54 63 8
rect:605 28 25 42 1
rect:170 62 89 33 5
rect:38 562 30 55 1
Anchorage1964_06.jpg 0x0
rect:146 95 118 315 3
rect:120 83 192 373 12
rect:183 172 78 78 11
Anchorage1964_07.jpg 0x0
rect:286 2 139 46 2
rect:313 268 289 267 2
rect:240 121 154 129 11
rect:451 188 69 100 13
rect:20 217 276 34 11
rect:6 53 611 390 2
rect:356 139 38 96 3
rect:488 163 99 96 11
rect:7 431 523 28 14
Anchorage1964_08.jpg 0x0
rect:53 319 116 73 1
rect:34 60 153 154 1
rect:331 23 101 104 1
rect:34 680 76 159 1
rect:442 465 93 92 1
rect:249 185 146 94 1
Anchorage1964_09.jpg 0x0
rect:124 207 72 63 1
rect:273 157 63 52 1
rect:13 148 127 23 15
rect:11 21 69 12 16
rect:108 44 84 65 8
rect:109 265 95 53 8
rect:18 182 25 8 16
rect:522 252 57 58 8
rect:879 191 1 1 16
rect:467 126 125 21 15
rect:664 98 129 23 15
rect:546 11 114 12 16
rect:631 38 68 66 8
rect:16 15 466 19 15
rect:152 101 254 12 15
rect:403 141 45 53 1
rect:464 132 83 51 1
rect:449 10 301 10 15
rect:72 191 53 11 16
Anchorage1964_10.jpg 0x0
rect:81 168 410 420 1
rect:118 155 185 79 18
rect:267 196 66 105 17
rect:81 325 317 125 18
Anchorage1964_11.jpg 0x0
rect:204 224 260 34 11
rect:62 431 593 15 14
rect:202 207 455 19 15
rect:498 157 178 122 1
rect:62 444 738 16 14
rect:95 69 178 80 4
rect:81 215 403 70 2
rect:428 7 125 29 1
Anchorage1964_12.jpg 0x0
rect:495 86 179 116 11
rect:9 95 424 200 2
rect:361 87 57 150 3
rect:236 179 21 127 3
rect:532 60 50 183 3
Anchorage1964_13.jpg 0x0
rect:353 643 107 17 19
rect:273 545 207 26 2
rect:442 464 28 161 20
Anchorage1964_14.jpg 0x0
rect:220 668 29 66 22
rect:241 462 179 81 23
rect:328 291 211 46 15
rect:333 10 86 276 11
rect:12 595 235 70 11
rect:205 16 115 557 20
rect:499 6 71 155 11
rect:71 226 169 45 15
rect:49 400 62 59 22
rect:233 321 52 88 21
rect:21 692 22 42 22
rect:100 642 41 70 22
Anchorage1964_15.jpg 0x0
rect:242 247 171 42 15
rect:195 80 53 514 20
rect:325 337 119 29 24
rect:369 214 102 46 11
rect:234 115 44 97 25
rect:196 109 42 84 11
rect:516 10 121 63 4
rect:272 599 153 71 2
rect:321 9 64 55 4
Anchorage1964_16.jpg 0x0
rect:13 113 254 222 2
rect:258 198 301 194 11
rect:272 111 208 150 2
rect:60 345 108 84 11
rect:10 328 58 60 2
rect:520 224 114 156 2
Anchorage1964_17.jpg 0x0
rect:9 202 875 150 10
rect:377 40 286 161 9
rect:10 162 279 153 9
Anchorage1964_18.jpg 0x0
rect:300 345 356 31 15
rect:173 314 24 62 11
rect:811 297 65 14 2
rect:255 204 37 64 11
rect:442 269 106 19 2
rect:523 261 47 19 2
rect:560 131 87 117 4
rect:179 235 95 140 4
rect:541 125 117 59 4
rect:146 323 90 54 11
Anchorage1964_19.jpg 0x0
rect:438 114 46 28 28
rect:37 267 28 68 27
rect:439 120 26 72 29
rect:427 122 24 23 27
rect:313 161 9 23 26
rect:530 198 43 33 28
rect:452 151 20 47 26
rect:453 79 28 61 29
rect:6 298 97 181 26
rect:217 58 72 92 29
rect:372 274 49 64 26
rect:375 71 52 44 26
rect:755 146 8 8 26
rect:472 175 15 48 26
rect:515 95 8 16 26
rect:910 241 8 16 26
rect:381 167 15 27 26
rect:348 124 33 27 26
Anchorage1964_20.jpg 0x0
rect:584 482 49 91 26
rect:224 93 177 126 29
rect:200 120 84 44 27
rect:179 307 94 135 26
rect:189 111 98 77 26
Anchorage1964_21.jpg 0x0
rect:160 195 788 138 30
rect:60 315 23 34 26
rect:-5 62 91 189 29
rect:2 69 54 39 26
Bingol2003_01.jpg 0x0
rect:309 146 54 55 33
rect:2 369 1169 333 10
rect:373 168 48 98 34
rect:329 481 43 54 34
rect:650 502 220 59 6
rect:995 311 125 84 33
rect:799 543 100 49 33
rect:36 313 61 51 33
rect:360 355 182 225 31
rect:767 134 67 64 6
rect:669 224 98 80 33
rect:159 197 92 84 33
rect:478 305 96 75 6
rect:704 234 51 41 6
rect:581 327 40 207 32
rect:622 80 73 92 6
rect:475 111 196 142 31
rect:435 331 91 85 6
rect:290 85 88 29 6
Bingol2003_02.jpg 0x0
rect:115 579 204 265 32
rect:614 310 125 106 26
rect:225 210 737 646 31
rect:660 66 161 58 36
rect:451 321 90 72 6
rect:209 270 96 443 32
rect:331 314 560 151 35
rect:145 112 397 139 34
Bingol2003_03.jpg 0x0
rect:848 228 214 798 4
rect:107 20 131 25 2
rect:147 35 110 113 33
rect:879 434 314 355 2
rect:542 175 153 62 11
rect:775 -7 228 209 4
rect:389 168 381 122 2
Bingol2003_04.jpg 0x0
rect:121 590 27 68 3
rect:276 510 52 107 3
rect:281 494 109 84 2
rect:166 297 265 205 2
rect:353 248 125 133 4
rect:75 739 111 84 2
rect:154 639 31 108 3
rect:63 767 25 62 3
CanterburyNZSeries2010_01.jpg 0x0
rect:127 147 138 321 12
CanterburyNZSeries2010_02.jpg 0x0
rect:31 9 238 245 37
rect:59 52 139 242 6
CanterburyNZSeries2010_03.jpg 0x0
rect:60 57 376 112 38
CanterburyNZSeries2010_04.jpg 0x0
rect:301 345 35 194 40
rect:301 264 46 127 40
rect:324 410 25 50 40
rect:280 317 37 73 40
rect:336 8 115 120 42
rect:363 341 13 50 40
rect:232 425 99 254 41
rect:202 187 256 252 39
CanterburyNZSeries2010_05.jpg 0x0
rect:396 196 115 102 15
rect:402 370 196 253 4
CanterburyNZSeries2010_06.jpg 0x0
rect:47 88 654 549 4
rect:261 171 259 96 2
CanterburyNZSeries2010_08.jpg 0x0
rect:726 439 132 114 44
rect:497 118 189 206 43
rect:757 614 63 166 44
rect:733 552 39 181 32
CanterburyNZSeries2010_09.jpg 0x0
rect:275 114 212 151 45
rect:361 379 151 392 39
CanterburyNZSeries2010_10.jpg 0x0
rect:230 230 175 63 46
rect:199 323 440 254 6
rect:169 360 300 93 6
rect:339 145 292 130 7
CanterburyNZSeries2010_11.jpg 0x0
rect:417 435 280 194 5
rect:342 296 381 125 7
CanterburyNZSeries2010_12.jpg 0x0
rect:185 380 152 46 11
rect:6 233 1081 489 47
rect:638 542 181 85 11
rect:59 347 906 235 2
CanterburyNZSeries2010_13.jpg 0x0
rect:198 17 448 982 12
rect:352 138 107 585 11
Caracas1967_01.jpg 0x0
rect:332 85 173 204 48
rect:363 104 63 77 48
rect:319 179 29 74 48
rect:266 218 9 57 48
Caracas1967_02.jpg 0x0
rect:137 153 162 372 51
rect:157 337 57 62 49
rect:160 345 43 44 50
rect:219 1 145 163 15
Caracas1967_03.jpg 0x0
rect:302 318 30 54 27
rect:376 371 64 55 26
rect:200 88 81 104 14
rect:15 284 225 96 6
rect:263 451 151 206 34
rect:332 353 23 154 27
Caracas1967_04.jpg 0x0
rect:95 345 126 187 34
rect:162 256 18 81 27
rect:108 429 66 101 26
Caracas1967_05.jpg 0x0
rect:442 153 47 198 40
rect:192 261 70 266 40
rect:293 295 150 133 52
rect:56 364 162 237 52
rect:193 392 56 174 40
rect:33 123 261 566 41
rect:26 120 440 618 48
rect:56 430 88 227 40
rect:344 310 42 137 40
rect:139 412 34 256 40
Caracas1967_06.jpg 0x0
rect:269 309 95 52 6
rect:445 87 297 162 7
Caracas1967_07.jpg 0x0
rect:572 221 117 77 53
rect:195 124 132 154 34
rect:223 109 41 259 27
rect:345 10 86 292 34
rect:447 201 165 308 34
rect:373 62 29 161 27
rect:389 286 103 62 53
Caracas1967_08.jpg 0x0
rect:159 384 66 133 54
rect:284 305 59 77 55
rect:335 176 88 141 54
Caracas1967_09.jpg 0x0
rect:109 277 76 48 48
rect:174 156 79 100 48
rect:414 12 305 155 48
rect:20 227 55 62 48
Caracas1967_10.jpg 0x0
rect:40 149 329 250 41
rect:319 273 103 139 40
rect:367 417 97 203 40
rect:14 214 560 349 48
Caracas1967_11.jpg 0x0
rect:348 12 124 281 41
rect:77 295 267 573 41
rect:57 14 527 960 48
Caracas1967_12.jpg 0x0
rect:308 288 27 62 56
rect:912 302 30 49 32
rect:602 248 33 35 34
rect:558 267 26 69 32
Caracas1967_13.jpg 0x0
rect:116 334 144 231 55
Caracas1967_14.jpg 0x0
rect:161 99 769 243 57
rect:129 248 222 50 6
Chichi1999_01.jpg 0x0
rect:4 7 940 127 58
rect:449 147 43 182 42
Chichi1999_02.jpg 0x0
rect:5 98 353 164 58
rect:398 89 170 452 59
Chichi1999_03.jpg 0x0
rect:0 109 780 193 58
rect:66 134 49 134 60
Chichi1999_04.jpg 0x0
rect:187 169 95 373 48
rect:213 -12 38 103 48
rect:295 226 33 78 52
Chichi1999_05.jpg 0x0
rect:348 208 27 102 52
rect:433 118 105 208 48
rect:432 295 33 40 41
rect:472 94 47 48 41
Chichi1999_06.jpg 0x0
rect:245 206 26 23 52
rect:734 146 30 41 41
rect:614 -12 93 50 61
rect:374 142 53 64 62
rect:444 195 48 110 48
rect:161 12 658 223 10
Chichi1999_07.jpg 0x0
rect:779 320 51 98 48
rect:204 146 25 33 64
rect:495 276 28 42 64
rect:112 188 54 162 48
rect:308 151 54 100 48
rect:686 251 12 19 64
rect:46 260 615 106 63
Chichi1999_08.jpg 0x0
rect:111 19 424 491 10
Chichi1999_09.jpg 0x0
rect:337 119 48 101 40
rect:297 129 118 113 41
rect:194 102 30 57 40
rect:254 83 223 158 48
Chichi1999_10.jpg 0x0
rect:121 13 575 318 10
Chichi1999_11.jpg 0x0
rect:2 133 188 432 10
rect:120 196 89 83 65
Chichi1999_12.jpg 0x0
rect:10 19 423 853 66
Chichi1999_13.jpg 0x0
rect:31 57 650 345 10
Chichi1999_14.jpg 0x0
rect:180 574 27 54 67
rect:488 319 37 70 67
rect:182 302 32 44 67
rect:316 539 25 25 39
rect:182 456 34 52 67
rect:81 542 30 40 67
rect:339 249 30 45 39
rect:82 407 54 55 67
rect:284 272 19 43 67
rect:122 416 81 55 67
rect:172 463 23 51 67
rect:96 253 34 73 67
rect:249 510 78 64 67
rect:359 498 16 24 39
rect:158 306 61 86 67
rect:191 131 63 42 67
rect:251 528 40 49 39
Chichi1999_15.jpg 0x0
rect:175 29 205 538 41
Chichi1999_16.jpg 0x0
rect:126 117 59 94 32
Chichi1999_17.jpg 0x0
rect:101 297 31 35 32
Chichi1999_18.jpg 0x0
rect:123 147 169 518 68
rect:228 273 36 73 69
rect:210 325 46 124 70
rect:120 267 19 119 69
rect:279 193 33 126 69
rect:367 258 24 181 69
Chichi1999_19.jpg 0x0
rect:156 80 134 367 3
rect:225 22 241 446 2
YogyakartaInd2006_03.jpg 0x0
rect:180 344 225 25 15
rect:274 195 28 8 16
rect:184 236 387 168 71
rect:305 25 125 2 15
rect:303 195 88 31 15
rect:517 95 114 29 16
rect:291 390 40 31 16
rect:373 67 140 71 15
Chichi1999_20.jpg 0x0
rect:232 453 51 181 41
rect:131 181 97 456 42
Chichi1999_21.jpg 0x0
rect:448 25 182 156 37
rect:436 121 178 79 6
rect:539 7 134 106 57
rect:13 3 173 195 30
rect:84 280 162 123 5
rect:223 332 167 141 37
rect:222 136 287 332 72
rect:324 368 79 146 6
Chichi1999_22.jpg 0x0
rect:171 200 288 140 10
rect:296 302 23 14 73
rect:509 297 11 24 73
rect:167 267 11 16 73
Chichi1999_23.jpg 0x0
rect:249 280 79 72 73
rect:107 166 47 36 73
rect:287 134 41 73 73
rect:215 171 40 33 27
rect:121 375 46 63 34
rect:151 240 57 111 73
rect:187 134 30 32 34
rect:230 172 23 29 26
rect:5 68 513 166 74
rect:370 321 49 96 34
Chichi1999_24.jpg 0x0
rect:179 229 53 43 34
rect:446 250 1 2 46
rect:3 264 391 143 74
rect:138 174 141 116 75
rect:186 218 55 77 46
Chichi1999_25.jpg 0x0
rect:242 440 46 93 26
rect:171 267 151 220 73
rect:189 226 151 242 34
Chichi1999_26.jpg 0x0
rect:125 700 72 75 26
rect:139 426 136 182 73
rect:89 501 156 82 27
rect:171 295 89 318 76
rect:191 16 56 33 73
rect:201 175 45 78 73
Chichi1999_27.jpg 0x0
rect:230 200 63 411 32
Chichi1999_28.jpg 0x0
rect:249 91 165 229 75
rect:233 197 301 152 77
rect:179 137 134 280 5
rect:18 93 331 118 6
Chichi1999_29.jpg 0x0
rect:199 330 70 216 52
rect:168 198 200 206 48
rect:249 182 134 143 40
Chichi1999_30.jpg 0x0
rect:221 86 348 338 40
rect:39 218 86 144 73
rect:184 121 154 96 52
rect:204 265 230 65 78
Chichi1999_31.jpg 0x0
rect:663 139 40 187 48
rect:183 86 153 271 79
Chichi1999_32.jpg 0x0
rect:192 8 121 436 80
rect:186 284 35 118 81
rect:177 43 32 145 81
rect:346 172 53 147 39
Chichi1999_33.jpg 0x0
rect:330 104 122 225 56
rect:126 120 47 107 49
rect:89 79 98 192 32
rect:183 94 106 345 32
rect:61 46 148 448 33
rect:305 153 38 146 49
Chichi1999_34.jpg 0x0
rect:92 111 350 304 10
Duzce1999_01.jpg 0x0
rect:144 189 131 157 41
rect:139 67 96 330 39
Duzce1999_02.jpg 0x0
rect:74 54 196 443 41
Duzce1999_03.jpg 0x0
rect:286 116 111 296 31
rect:131 110 91 221 42
rect:0 230 128 205 31
Gediz1970_01.jpg 0x0
rect:136 139 269 482 68
rect:283 350 74 210 69
rect:146 412 87 346 69
Guatemala1976_01.jpg 0x0
rect:572 181 83 58 41
rect:388 173 143 90 48
rect:39 119 118 95 48
rect:29 113 718 127 82
rect:70 218 70 42 52
rect:57 187 62 54 41
Guatemala1976_02.jpg 0x0
rect:336 64 78 111 40
rect:197 92 206 329 48
Guatemala1976_03.jpg 0x0
rect:19 83 578 295 75
Guatemala1976_04.jpg 0x0
rect:536 198 164 283 4
rect:29 78 601 280 30
rect:348 279 118 282 4
rect:168 22 433 85 30
Guatemala1976_05.jpg 0x0
rect:196 107 364 200 40
rect:137 99 473 366 48
rect:240 147 311 112 41
Guatemala1976_06.jpg 0x0
rect:135 119 218 528 39
Guatemala1976_07.jpg 0x0
rect:28 202 47 71 6
rect:189 439 86 98 83
rect:22 317 573 306 10
Guatemala1976_08.jpg 0x0
rect:227 71 312 425 41
rect:313 73 188 381 40
rect:193 42 322 513 48
Guatemala1976_09.jpg 0x0
rect:354 328 60 31 85
rect:824 364 50 58 85
rect:61 233 32 31 84
rect:186 247 36 22 84
rect:442 374 56 65 84
rect:784 338 40 74 84
rect:224 290 58 64 85
rect:120 236 28 33 85
Guatemala1976_10.jpg 0x0
rect:223 194 205 191 86
rect:400 333 51 93 87
rect:144 114 160 135 87
Guatemala1976_11.jpg 0x0
rect:171 290 127 254 34
GujaratIndia2001_01.jpg 0x0
rect:23 313 160 218 4
rect:406 515 60 43 11
rect:154 461 167 72 2
rect:60 590 50 32 2
Haiti2010_01.jpg 0x0
rect:356 159 223 377 41
rect:166 47 154 78 7
rect:556 216 95 139 4
rect:409 317 159 246 4
rect:263 243 32 162 40
Haiti2010_02.jpg 0x0
rect:49 94 492 198 88
rect:355 23 230 65 14
Haiti2010_03.jpg 0x0
rect:283 658 52 80 49
rect:327 774 185 258 89
rect:212 264 147 194 32
rect:335 1 79 400 32
Haiti2010_04.jpg 0x0
rect:157 297 253 506 41
rect:2 150 190 191 6
rect:170 40 299 341 34
Haiti2010_05.jpg 0x0
rect:298 193 143 86 52
rect:318 287 25 110 40
rect:360 253 24 80 40
rect:169 167 347 621 90
Haiti2010_06.jpg 0x0
rect:431 165 70 63 34
rect:533 295 72 246 32
rect:171 279 291 429 91
rect:173 293 41 36 34
rect:422 151 195 374 33
rect:441 183 61 35 6
rect:444 143 583 485 91
ImperialValley1979_01.jpg 0x0
rect:442 327 30 16 49
rect:11 474 78 91 49
rect:487 239 33 40 32
rect:74 294 92 98 50
rect:576 402 22 38 50
rect:494 295 23 22 49
rect:419 438 32 29 49
rect:271 239 44 37 32
rect:546 297 50 41 32
rect:10 273 139 160 32
rect:418 218 47 75 50
ImperialValley1979_02.jpg 0x0
rect:277 122 78 241 50
rect:183 85 133 271 32
rect:151 213 288 77 92
rect:248 205 41 98 50
rect:314 277 102 47 49
rect:150 92 97 189 50
ImperialValley1979_03.jpg 0x0
rect:114 228 247 195 32
rect:261 345 79 151 50
rect:93 421 245 47 92
rect:104 265 90 240 50
rect:126 422 357 24 92
rect:255 281 76 210 50
rect:147 372 179 137 32
Izmit1999_01.jpg 0x0
rect:223 94 34 141 27
rect:594 274 59 68 26
rect:231 199 28 116 27
rect:231 96 419 317 34
rect:273 81 47 142 27
Izmit1999_02.jpg 0x0
rect:29 131 617 224 10
Izmit1999_03.jpg 0x0
rect:180 107 48 233 50
rect:163 38 528 349 93
rect:286 149 37 223 50
rect:583 107 63 212 50
rect:438 96 34 284 50
rect:246 56 239 414 32
rect:118 221 408 32 92
rect:356 71 37 245 50
Izmit1999_04.jpg 0x0
rect:86 438 242 113 88
rect:387 443 25 46 40
rect:54 457 84 73 34
rect:167 194 158 91 88
rect:252 59 95 114 48
rect:402 374 87 56 41
rect:273 459 23 70 40
rect:46 376 65 72 41
rect:318 68 81 103 41
rect:67 547 46 107 42
Izmit1999_05.jpg 0x0
rect:78 21 748 326 10
Izmit1999_06.jpg 0x0
rect:293 231 41 201 50
rect:96 206 144 502 32
rect:117 207 87 151 50
rect:142 292 200 64 49
rect:169 225 104 207 50
rect:283 259 30 142 50
Izmit1999_07.jpg 0x0
rect:226 205 52 75 3
rect:135 416 31 114 3
rect:301 162 63 62 3
rect:309 67 135 43 6
rect:340 386 96 353 4
rect:23 104 369 411 2
rect:350 251 49 123 3
Izmit1999_08.jpg 0x0
rect:180 32 76 106 34
rect:599 99 82 96 41
rect:133 334 61 98 45
rect:432 114 49 37 52
rect:144 103 72 79 41
rect:394 5 75 60 45
rect:225 299 206 144 88
Izmit1999_09.jpg 0x0
rect:453 250 86 99 94
rect:58 255 49 47 41
rect:794 307 65 68 94
rect:618 248 40 47 41
rect:307 258 81 83 41
rect:354 223 45 34 41
Izmit1999_10.jpg 0x0
rect:46 221 360 55 78
rect:89 389 234 78 78
rect:54 163 89 257 40
rect:63 102 334 544 41
rect:278 579 63 80 40
rect:169 355 157 26 78
rect:301 211 47 171 40
rect:319 373 121 80 40
rect:137 208 62 330 40
rect:208 104 102 154 40
rect:300 593 89 26 78
Izmit1999_11.jpg 0x0
rect:143 182 168 136 41
rect:184 199 74 190 40
rect:213 327 153 115 41
rect:169 226 60 165 40
rect:305 292 85 242 40
Izmit1999_12.jpg 0x0
rect:38 256 76 98 94
rect:42 208 57 79 52
rect:340 261 86 148 41
rect:83 325 30 52 40
rect:277 160 46 111 42
rect:318 127 35 24 6
rect:418 160 87 48 7
rect:21 77 36 21 6
rect:69 71 44 29 6
rect:360 169 170 204 91
rect:204 284 67 57 88
rect:379 123 39 86 41
rect:319 23 69 41 34
rect:213 304 77 156 94
rect:290 158 36 92 45
rect:607 249 60 83 41
rect:235 223 79 118 52
rect:1 204 25 30 41
Izmit1999_13.jpg 0x0
rect:5 98 86 208 42
rect:284 87 85 108 41
rect:135 158 125 138 94
rect:311 158 82 231 41
rect:265 316 33 96 41
rect:90 122 64 48 6
rect:174 183 23 94 41
rect:170 194 68 68 52
rect:200 71 154 404 48
Izmit1999_14.jpg 0x0
rect:54 183 122 80 34
rect:558 376 52 32 34
rect:315 321 59 24 34
rect:564 90 74 89 34
rect:349 114 93 93 35
rect:363 55 63 63 95
rect:318 230 66 37 34
rect:430 9 106 79 35
rect:290 463 46 20 34
Izmit1999_15.jpg 0x0
rect:111 145 299 511 42
Izmit1999_16.jpg 0x0
rect:185 78 154 114 41
rect:275 96 31 88 40
rect:129 64 251 385 39
rect:103 72 303 434 33
Izmit1999_17.jpg 0x0
rect:75 158 181 326 41
Izmit1999_18.jpg 0x0
rect:200 165 136 238 39
rect:177 119 138 114 41
Izmit1999_19.jpg 0x0
rect:213 109 330 313 32
rect:341 141 30 80 50
rect:287 78 278 232 96
rect:550 144 30 102 50
Kobe1995_01.jpg 0x0
rect:32 136 897 153 63
Kobe1995_02.jpg 0x0
rect:2 54 368 550 68
Kobe1995_03.jpg 0x0
rect:32 55 358 540 10
Kobe1995_04.jpg 0x0
rect:269 392 72 49 41
Kobe1995_05.jpg 0x0
rect:89 537 347 96 78
rect:152 136 189 448 52
rect:47 313 365 65 78
rect:4 132 128 577 40
rect:393 183 146 402 40
Kobe1995_06.jpg 0x0
rect:215 482 231 445 42
rect:48 120 519 491 41
Kobe1995_07.jpg 0x0
rect:469 110 42 35 39
rect:322 185 40 33 39
rect:141 197 49 51 39
rect:47 240 42 22 39
rect:158 237 29 39 39
rect:126 326 37 34 39
rect:119 322 30 55 39
rect:427 221 34 28 39
rect:251 90 26 36 39
rect:170 426 32 39 39
rect:258 235 30 60 39
rect:139 172 42 50 39
rect:37 344 29 63 39
rect:383 260 27 47 39
rect:203 285 31 31 39
rect:360 572 45 44 39
rect:193 353 33 21 39
rect:140 405 32 29 39
rect:347 303 34 30 39
rect:390 480 42 48 39
rect:217 484 21 34 39
rect:249 266 33 52 39
rect:141 119 35 48 39
rect:307 225 36 37 39
rect:387 177 36 41 39
rect:242 221 42 21 39
Kobe1995_08.jpg 0x0
rect:337 43 591 255 97
Kobe1995_09.jpg 0x0
rect:125 455 51 54 88
rect:114 472 86 73 88
rect:84 499 106 93 88
rect:226 546 210 80 97
SanSalvador_1986_01.jpg 0x0
rect:276 126 86 175 41
rect:80 3 94 317 68
SanSalvador_1986_02.jpg 0x0
rect:314 125 22 36 41
rect:498 197 42 38 42
rect:656 197 48 41 41
rect:143 380 28 31 41
rect:139 280 30 31 41
rect:207 210 32 27 41
rect:357 324 34 41 41
rect:232 132 34 52 41
rect:398 204 40 30 41
SikkimIndia2001_01.jpg 0x0
rect:241 167 139 149 34
SikkimIndia2001_02.jpg 0x0
rect:610 95 117 35 16
rect:347 291 85 47 16
rect:422 327 113 21 16
rect:9 116 64 46 54
rect:12 6 279 69 16
rect:-11 2 431 70 33
rect:152 89 204 414 33
rect:548 118 103 130 33
SikkimIndia2001_03.jpg 0x0
rect:207 77 93 226 69
rect:260 234 100 194 70
rect:152 9 154 483 98
SikkimIndia2001_04.jpg 0x0
rect:379 245 253 93 99
rect:3 26 315 212 99
rect:275 116 106 136 34
SumatraInd2009_01.jpg 0x0
rect:332 19 66 382 81
SumatraInd2009_02.jpg 0x0
rect:199 97 156 150 41
WhittierNarrows1987_01.jpg 0x0
rect:12 26 607 311 10
WhittierNarrows1987_02.jpg 0x0
rect:142 225 125 314 41
WhittierNarrows1987_03.jpg 0x0
rect:256 153 186 330 32
WhittierNarrows1987_04.jpg 0x0
rect:297 16 225 132 100
rect:223 65 76 209 41
rect:233 9 369 87 6
YogyakartaInd2006_01.jpg 0x0
rect:190 -25 395 656 29
rect:276 151 305 94 49
rect:176 39 314 274 32
YogyakartaInd2006_02.jpg 0x0
rect:293 77 121 404 98
rect:274 133 62 207 70
rect:284 150 48 164 69
