Anchorage1964_01.jpg 0x0
rect:86 8 233 131 1
rect:64 442 267 189 1
Anchorage1964_02.jpg 0x0
rect:70 42 87 13 6
rect:318 295 24 54 3
rect:228 31 190 83 4
rect:40 25 154 33 5
rect:377 202 19 39 3
rect:371 293 12 43 3
rect:31 142 119 38 5
rect:320 206 18 71 3
rect:493 85 163 144 8
rect:70 214 30 21 6
rect:174 188 69 60 7
rect:420 223 23 71 3
rect:145 289 41 13 6
rect:516 205 103 75 4
rect:220 259 460 127 2
rect:161 60 119 78 4
rect:427 286 12 58 3
rect:296 251 28 58 3
rect:284 353 33 55 3
Anchorage1964_03.jpg 0x0
rect:2 169 232 64 9
rect:0 272 844 57 10
rect:198 110 274 189 9
Anchorage1964_04.jpg 0x0
rect:187 67 42 12 5
rect:279 200 28 15 5
rect:257 69 27 13 5
rect:233 260 23 27 8
rect:376 145 30 18 5
rect:278 304 8 1 1
rect:192 187 18 34 1
rect:231 358 17 26 1
rect:448 337 27 12 5
rect:326 276 14 26 1
rect:251 203 15 22 1
rect:307 282 17 27 1
rect:398 37 23 19 5
rect:301 274 15 31 1
rect:228 464 19 35 1
rect:162 27 22 16 5
rect:217 293 35 17 5
rect:166 212 25 22 5
rect:239 86 39 18 5
rect:372 201 39 15 5
rect:182 64 29 19 5
rect:260 463 31 19 5
rect:209 518 63 17 2
rect:244 99 23 30 1
rect:134 585 33 26 5
rect:121 262 26 14 5
rect:243 360 22 21 5
rect:198 420 30 16 5
rect:324 571 21 20 1
rect:277 230 19 28 1
rect:292 264 15 38 1
rect:196 378 35 15 5
rect:155 142 26 16 5
rect:357 456 29 14 5
rect:359 208 25 21 5
rect:257 208 32 18 5
rect:132 138 25 23 5
rect:292 543 39 24 5
rect:221 245 34 21 5
Anchorage1964_05.jpg 0x0
rect:105 231 26 48 1
rect:97 124 18 48 1
rect:615 345 70 40 5
rect:614 134 45 47 1
rect:591 197 54 76 1
rect:807 247 72 42 5
rect:117 145 24 32 1
rect:236 54 96 27 5
rect:565 227 46 30 6
rect:500 524 31 70 8
rect:326 207 33 65 1
rect:32 558 31 60 1
rect:408 251 42 79 8
rect:133 153 136 24 5
rect:41 308 22 28 1
rect:83 24 20 44 1
rect:227 183 162 76 2
rect:771 256 45 14 6
rect:184 33 83 59 6
rect:331 236 54 29 11
rect:442 1 46 39 1
rect:58 112 21 36 1
rect:78 91 28 36 1
rect:358 170 36 75 1
rect:493 99 33 71 1
rect:57 307 17 65 1
rect:281 263 24 25 11
rect:522 26 39 42 1
rect:158 134 146 42 6
Anchorage1964_06.jpg 0x0
rect:209 269 50 58 11
rect:208 169 120 326 3
rect:149 79 294 509 12
Anchorage1964_07.jpg 0x0
rect:267 142 69 77 13
rect:9 382 367 28 14
rect:285 94 158 180 11
rect:19 298 279 38 11
rect:260 2 118 83 2
rect:470 222 412 167 2
rect:10 82 933 425 2
rect:217 129 44 140 3
rect:426 263 108 83 11
Anchorage1964_08.jpg 0x0
rect:50 647 101 148 1
rect:47 67 134 114 1
rect:285 33 76 122 1
rect:56 369 90 90 1
rect:240 230 92 152 1
rect:333 611 158 85 1
Anchorage1964_09.jpg 0x0
rect:669 207 1 1 16
rect:475 204 76 64 1
rect:451 144 102 14 15
rect:83 45 53 88 8
rect:650 28 75 47 8
rect:147 154 237 13 15
rect:598 12 121 14 16
rect:74 210 57 81 8
rect:358 175 61 64 1
rect:652 263 67 90 8
rect:602 9 297 10 15
rect:78 153 80 69 1
rect:432 108 92 72 1
rect:55 178 63 12 16
rect:14 20 58 9 16
rect:15 108 70 17 15
rect:15 167 26 9 16
rect:315 93 116 33 15
rect:11 15 497 12 15
Anchorage1964_10.jpg 0x0
rect:55 156 319 345 1
rect:251 304 72 121 17
rect:86 375 256 111 18
rect:222 252 174 94 18
Anchorage1964_11.jpg 0x0
rect:100 534 435 24 14
rect:82 368 467 15 14
rect:451 86 185 94 1
rect:654 8 78 49 1
rect:360 159 240 27 11
rect:91 53 160 81 4
rect:160 181 297 21 15
rect:116 135 553 98 2
Anchorage1964_12.jpg 0x0
rect:266 79 71 219 3
rect:9 57 386 294 2
rect:325 58 51 232 3
rect:421 80 175 191 11
rect:247 149 35 99 3
Anchorage1964_13.jpg 0x0
rect:357 590 133 12 19
rect:233 444 234 34 2
rect:598 279 34 131 20
Anchorage1964_14.jpg 0x0
rect:10 482 202 108 11
rect:48 613 46 81 22
rect:380 307 151 74 15
rect:161 364 57 77 21
rect:131 770 50 80 22
rect:452 5 82 156 11
rect:75 330 149 28 15
rect:150 677 50 74 22
rect:338 529 219 78 23
rect:25 784 24 66 22
rect:236 10 75 216 11
rect:239 13 89 630 20
Anchorage1964_15.jpg 0x0
rect:158 120 33 65 11
rect:219 8 90 75 4
rect:284 11 84 85 4
rect:307 151 40 97 25
rect:135 72 51 358 20
rect:210 279 153 35 15
rect:253 538 213 74 2
rect:382 167 118 46 11
rect:519 324 82 37 24
Anchorage1964_16.jpg 0x0
rect:182 116 248 154 2
rect:266 273 354 162 11
rect:17 387 87 108 2
rect:524 186 171 255 2
rect:68 241 76 92 11
rect:15 124 229 196 2
Anchorage1964_17.jpg 0x0
rect:14 87 325 116 9
rect:9 219 730 265 10
rect:269 51 229 276 9
Anchorage1964_18.jpg 0x0
rect:150 198 19 62 11
rect:309 342 69 23 2
rect:141 359 77 41 11
rect:158 140 74 113 4
rect:745 383 54 21 2
rect:423 243 46 60 11
rect:621 147 103 76 4
rect:375 387 405 22 15
rect:329 162 104 73 4
rect:475 315 32 16 2
Anchorage1964_19.jpg 0x0
rect:487 143 8 8 26
rect:531 169 25 28 28
rect:462 175 53 39 28
rect:364 297 12 31 26
rect:253 275 49 72 26
rect:469 127 5 14 26
rect:476 101 29 72 29
rect:20 358 34 103 27
rect:380 152 10 18 26
rect:276 217 25 42 26
rect:265 71 50 56 26
rect:7 261 53 195 26
rect:324 91 37 23 26
rect:393 87 32 30 27
rect:335 64 52 137 29
rect:590 176 25 43 29
rect:571 135 17 36 26
rect:919 191 7 10 26
Anchorage1964_20.jpg 0x0
rect:206 79 144 193 29
rect:146 81 88 90 26
rect:536 671 52 68 26
rect:190 104 87 61 27
rect:261 417 85 106 26
Anchorage1964_21.jpg 0x0
rect:128 223 402 187 30
rect:62 240 41 24 26
rect:-6 95 76 180 29
rect:2 109 33 45 26
Bingol2003_01.jpg 0x0
rect:893 307 59 29 33
rect:364 284 50 76 34
rect:482 344 185 217 31
rect:684 286 42 75 6
rect:539 369 91 73 33
rect:22 284 56 73 33
rect:396 514 159 85 6
rect:684 324 68 44 6
rect:460 239 63 134 34
rect:471 90 78 50 6
rect:705 117 102 75 6
rect:397 506 106 65 6
rect:226 88 68 34 6
rect:195 172 93 80 33
rect:344 197 71 70 33
rect:2 292 949 286 10
rect:530 73 121 156 31
rect:1021 255 131 78 33
rect:404 374 39 256 32
Bingol2003_02.jpg 0x0
rect:151 629 161 309 32
rect:457 328 115 84 26
rect:116 121 410 189 34
rect:614 188 506 131 35
rect:449 313 85 106 6
rect:741 65 161 96 36
rect:254 283 794 523 31
rect:240 186 76 385 32
Bingol2003_03.jpg 0x0
rect:405 174 462 141 2
rect:515 -8 310 284 4
rect:92 31 202 31 2
rect:931 324 187 359 2
rect:685 258 179 658 4
rect:83 58 102 109 33
rect:568 183 225 72 11
Bingol2003_04.jpg 0x0
rect:56 480 22 97 3
rect:335 206 150 234 4
rect:242 649 23 79 3
rect:303 623 133 80 2
rect:323 394 46 85 3
rect:123 568 258 158 2
rect:85 453 109 77 2
rect:130 562 40 77 3
CanterburyNZSeries2010_01.jpg 0x0
rect:78 107 128 385 12
CanterburyNZSeries2010_02.jpg 0x0
rect:42 10 231 203 37
rect:59 40 210 164 6
CanterburyNZSeries2010_03.jpg 0x0
rect:55 78 304 95 38
CanterburyNZSeries2010_04.jpg 0x0
rect:280 223 279 455 39
rect:433 405 57 111 40
rect:366 476 11 57 40
rect:262 411 78 316 41
rect:344 496 28 40 40
rect:220 408 32 92 40
rect:221 389 30 113 40
rect:220 10 122 202 42
CanterburyNZSeries2010_05.jpg 0x0
rect:288 221 160 109 15
rect:213 267 170 291 4
CanterburyNZSeries2010_06.jpg 0x0
rect:278 174 208 121 2
rect:67 85 564 435 4
CanterburyNZSeries2010_08.jpg 0x0
rect:1138 377 76 141 44
rect:452 109 179 296 43
rect:858 363 25 213 32
rect:868 362 71 136 44
CanterburyNZSeries2010_09.jpg 0x0
rect:278 386 137 273 39
rect:187 134 207 228 45
CanterburyNZSeries2010_10.jpg 0x0
rect:295 176 434 202 6
rect:308 560 308 88 6
rect:333 162 249 99 7
rect:280 322 262 94 46
CanterburyNZSeries2010_11.jpg 0x0
rect:367 258 253 176 5
rect:270 165 336 103 7
CanterburyNZSeries2010_12.jpg 0x0
rect:721 454 130 66 11
rect:193 539 183 47 11
rect:6 305 763 516 47
rect:46 389 770 369 2
CanterburyNZSeries2010_13.jpg 0x0
rect:548 222 129 608 11
rect:178 15 530 937 12
Caracas1967_01.jpg 0x0
rect:280 152 85 74 48
rect:479 92 118 292 48
rect:238 224 37 86 48
rect:364 207 14 52 48
Caracas1967_02.jpg 0x0
rect:325 1 88 185 15
rect:142 509 32 62 49
rect:139 407 36 27 50
rect:193 272 205 368 51
Caracas1967_03.jpg 0x0
rect:208 254 65 87 26
rect:327 66 65 97 14
rect:15 270 299 65 6
rect:211 326 27 74 27
rect:193 319 94 119 34
rect:319 282 39 125 27
Caracas1967_04.jpg 0x0
rect:157 289 15 79 27
rect:119 291 55 106 26
rect:134 235 228 172 34
Caracas1967_05.jpg 0x0
rect:53 172 376 472 41
rect:340 161 43 149 40
rect:25 76 304 579 48
rect:299 191 58 279 40
rect:182 449 48 227 40
rect:60 384 78 286 40
rect:326 193 173 140 52
rect:295 324 47 188 40
rect:238 450 66 221 40
rect:79 399 245 146 52
Caracas1967_06.jpg 0x0
rect:384 105 235 222 7
rect:403 247 56 68 6
Caracas1967_07.jpg 0x0
rect:359 249 86 137 53
rect:499 411 130 50 53
rect:278 62 34 278 27
rect:424 258 98 264 34
rect:219 162 32 210 27
rect:429 6 126 238 34
rect:170 169 155 182 34
Caracas1967_08.jpg 0x0
rect:150 284 48 71 55
rect:441 259 84 113 54
rect:252 318 75 81 54
Caracas1967_09.jpg 0x0
rect:27 245 66 42 48
rect:123 198 120 102 48
rect:87 177 61 63 48
rect:550 11 246 147 48
Caracas1967_10.jpg 0x0
rect:227 213 110 159 40
rect:413 374 70 144 40
rect:18 219 447 377 48
rect:43 146 312 259 41
Caracas1967_11.jpg 0x0
rect:236 14 209 311 41
rect:78 269 246 511 41
rect:43 18 509 933 48
Caracas1967_12.jpg 0x0
rect:561 209 29 32 34
rect:181 237 31 55 56
rect:717 239 22 59 32
rect:802 419 24 65 32
Caracas1967_13.jpg 0x0
rect:130 289 159 224 55
Caracas1967_14.jpg 0x0
rect:112 88 435 212 57
rect:103 230 199 38 6
Chichi1999_01.jpg 0x0
rect:335 166 45 211 42
rect:4 9 559 129 58
Chichi1999_02.jpg 0x0
rect:7 113 415 201 58
rect:271 121 172 376 59
Chichi1999_03.jpg 0x0
rect:0 148 980 168 58
rect:80 188 60 136 60
Chichi1999_04.jpg 0x0
rect:231 208 60 368 48
rect:257 317 28 65 52
rect:229 -21 39 171 48
Chichi1999_05.jpg 0x0
rect:313 94 118 249 48
rect:275 95 39 40 41
rect:352 143 27 105 52
rect:352 332 23 25 41
Chichi1999_06.jpg 0x0
rect:317 230 20 40 52
rect:162 14 603 144 10
rect:303 155 59 115 48
rect:580 -13 103 72 61
rect:543 222 27 47 41
rect:347 105 56 87 62
Chichi1999_07.jpg 0x0
rect:288 174 30 32 64
rect:57 202 772 169 63
rect:152 219 49 175 48
rect:500 196 34 147 48
rect:535 250 45 121 48
rect:476 270 13 27 64
rect:170 158 27 32 64
Chichi1999_08.jpg 0x0
rect:70 11 415 539 10
Chichi1999_09.jpg 0x0
rect:287 117 35 99 40
rect:153 85 151 182 48
rect:193 76 40 58 40
rect:275 128 151 86 41
Chichi1999_10.jpg 0x0
rect:214 14 432 380 10
Chichi1999_11.jpg 0x0
rect:131 246 80 100 65
rect:2 156 160 428 10
Chichi1999_12.jpg 0x0
rect:10 21 543 611 66
Chichi1999_13.jpg 0x0
rect:30 57 690 402 10
Chichi1999_14.jpg 0x0
rect:187 489 34 39 67
rect:344 206 33 46 39
rect:124 321 52 47 67
rect:279 454 28 45 39
rect:91 563 36 41 67
rect:256 505 24 38 39
rect:292 200 19 47 67
rect:83 526 30 45 67
rect:138 162 59 52 67
rect:103 282 69 54 67
rect:397 475 62 82 67
rect:389 333 44 44 67
rect:147 450 26 43 67
rect:113 211 36 58 67
rect:222 278 32 69 67
rect:390 322 17 28 39
rect:223 324 33 49 67
Chichi1999_15.jpg 0x0
rect:340 30 338 579 41
Chichi1999_16.jpg 0x0
rect:216 156 67 95 32
Chichi1999_17.jpg 0x0
rect:105 252 25 55 32
Chichi1999_18.jpg 0x0
rect:172 315 39 130 69
rect:169 292 29 112 69
rect:185 177 19 134 69
rect:199 291 21 115 69
rect:351 320 32 153 70
rect:149 257 123 318 68
Chichi1999_19.jpg 0x0
rect:219 118 184 304 3
rect:216 25 203 486 2
YogyakartaInd2006_03.jpg 0x0
rect:187 18 92 2 15
rect:322 75 125 71 15
rect:348 464 57 35 16
rect:159 217 327 140 71
rect:248 133 47 41 15
rect:426 90 64 37 16
rect:262 157 19 7 16
rect:191 555 164 32 15
Chichi1999_20.jpg 0x0
rect:135 210 135 253 42
rect:203 412 57 176 41
Chichi1999_21.jpg 0x0
rect:163 299 121 160 37
rect:351 108 157 87 6
rect:312 317 65 124 6
rect:472 35 320 259 37
rect:95 328 212 139 5
rect:215 108 149 301 72
rect:409 7 165 94 57
rect:21 4 279 121 30
Chichi1999_22.jpg 0x0
rect:456 309 15 25 73
rect:222 217 13 22 73
rect:350 189 16 17 73
rect:218 137 304 201 10
Chichi1999_23.jpg 0x0
rect:335 216 51 83 34
rect:101 184 20 22 34
rect:320 204 25 22 26
rect:199 235 99 105 73
rect:208 128 34 27 27
rect:98 136 58 41 73
rect:120 368 37 79 73
rect:320 225 44 74 73
rect:117 343 35 75 34
rect:4 50 534 235 74
Chichi1999_24.jpg 0x0
rect:300 218 50 59 46
rect:149 341 73 37 34
rect:3 277 363 218 74
rect:340 373 1 2 46
rect:218 187 139 74 75
Chichi1999_25.jpg 0x0
rect:164 246 150 277 34
rect:218 251 35 83 26
rect:156 232 199 329 73
Chichi1999_26.jpg 0x0
rect:311 13 49 26 73
rect:111 451 92 107 27
rect:182 135 40 119 73
rect:176 273 131 265 76
rect:126 433 66 71 26
rect:151 735 110 174 73
Chichi1999_27.jpg 0x0
rect:202 187 124 341 32
Chichi1999_28.jpg 0x0
rect:18 92 343 166 6
rect:341 313 223 103 77
rect:127 125 165 221 5
rect:213 133 183 245 75
Chichi1999_29.jpg 0x0
rect:159 213 78 198 52
rect:158 240 82 197 40
rect:101 141 205 231 48
Chichi1999_30.jpg 0x0
rect:196 172 242 86 52
rect:22 235 105 128 73
rect:252 137 247 47 78
rect:225 95 236 219 40
Chichi1999_31.jpg 0x0
rect:565 110 63 197 48
rect:161 77 162 263 79
Chichi1999_32.jpg 0x0
rect:192 6 124 294 80
rect:456 145 51 173 39
rect:207 216 34 120 81
rect:162 80 45 158 81
Chichi1999_33.jpg 0x0
rect:305 64 124 305 32
rect:251 118 38 94 49
rect:327 92 128 229 56
rect:91 131 62 191 32
rect:86 65 89 507 33
rect:149 151 38 139 49
Chichi1999_34.jpg 0x0
rect:104 124 543 287 10
Duzce1999_01.jpg 0x0
rect:96 141 116 173 41
rect:177 61 107 225 39
Duzce1999_02.jpg 0x0
rect:68 67 100 327 41
Duzce1999_03.jpg 0x0
rect:86 107 135 237 42
rect:0 226 131 234 31
rect:221 90 87 265 31
Gediz1970_01.jpg 0x0
rect:126 134 207 623 68
rect:174 466 96 198 69
rect:110 218 124 252 69
Guatemala1976_01.jpg 0x0
rect:37 151 77 91 48
rect:44 189 53 45 41
rect:538 165 51 94 41
rect:58 143 66 47 52
rect:24 125 448 180 82
rect:632 105 100 123 48
Guatemala1976_02.jpg 0x0
rect:154 91 274 207 48
rect:252 61 121 132 40
Guatemala1976_03.jpg 0x0
rect:16 86 744 295 75
Guatemala1976_04.jpg 0x0
rect:551 149 109 290 4
rect:44 98 646 159 30
rect:111 32 432 59 30
rect:409 326 100 262 4
Guatemala1976_05.jpg 0x0
rect:172 142 444 213 40
rect:183 72 466 348 48
rect:249 203 372 104 41
Guatemala1976_06.jpg 0x0
rect:112 107 163 585 39
Guatemala1976_07.jpg 0x0
rect:24 199 478 407 10
rect:26 341 79 76 6
rect:215 653 147 84 83
Guatemala1976_08.jpg 0x0
rect:192 42 461 394 48
rect:345 90 124 379 40
rect:204 67 372 497 41
Guatemala1976_09.jpg 0x0
rect:650 357 47 47 84
rect:468 315 58 65 84
rect:89 317 37 28 85
rect:172 207 27 27 84
rect:610 263 48 56 85
rect:229 306 60 62 85
rect:443 307 86 34 85
rect:81 291 37 22 84
Guatemala1976_10.jpg 0x0
rect:151 139 222 321 86
rect:247 150 201 204 87
rect:418 456 48 117 87
Guatemala1976_11.jpg 0x0
rect:218 269 159 263 34
GujaratIndia2001_01.jpg 0x0
rect:52 376 52 37 2
rect:229 538 245 66 2
rect:394 421 68 53 11
rect:38 497 141 222 4
Haiti2010_01.jpg 0x0
rect:578 603 135 297 4
rect:297 213 27 136 40
rect:195 145 154 448 41
rect:171 46 131 133 7
rect:566 213 124 82 4
Haiti2010_02.jpg 0x0
rect:365 38 148 43 14
rect:60 116 341 205 88
Haiti2010_03.jpg 0x0
rect:249 401 55 46 49
rect:170 680 302 158 89
rect:170 386 172 144 32
rect:407 1 70 619 32
Haiti2010_04.jpg 0x0
rect:186 63 197 246 34
rect:2 161 238 107 6
rect:214 262 257 502 41
Haiti2010_05.jpg 0x0
rect:324 199 157 128 52
rect:294 212 190 377 90
rect:466 274 25 75 40
rect:288 332 24 112 40
Haiti2010_06.jpg 0x0
rect:505 223 99 47 6
rect:374 212 71 235 32
rect:228 321 287 506 91
rect:378 199 192 334 33
rect:576 187 716 491 91
rect:243 305 40 56 34
rect:367 178 67 69 34
ImperialValley1979_01.jpg 0x0
rect:422 378 60 69 32
rect:234 265 47 66 50
rect:326 216 30 33 50
rect:420 256 26 22 49
rect:446 334 30 25 49
rect:11 457 90 63 49
rect:74 319 117 86 50
rect:15 373 127 125 32
rect:561 288 19 15 49
rect:637 249 42 40 32
rect:393 286 54 48 32
ImperialValley1979_02.jpg 0x0
rect:365 151 44 180 50
rect:139 152 95 240 50
rect:456 146 113 222 50
rect:208 134 206 62 92
rect:154 107 187 198 32
rect:272 261 115 39 49
ImperialValley1979_03.jpg 0x0
rect:99 463 213 43 92
rect:220 329 67 250 50
rect:137 301 313 33 92
rect:83 326 71 220 50
rect:174 171 237 150 32
rect:126 360 222 185 32
rect:174 356 80 165 50
Izmit1999_01.jpg 0x0
rect:178 82 296 290 34
rect:200 175 38 144 27
rect:492 337 41 48 26
rect:242 154 53 134 27
rect:364 108 73 158 27
Izmit1999_02.jpg 0x0
rect:24 116 576 235 10
Izmit1999_03.jpg 0x0
rect:470 66 48 325 50
rect:513 71 26 220 50
rect:183 169 421 33 92
rect:265 47 291 385 32
rect:243 123 52 168 50
rect:210 69 73 287 50
rect:147 49 482 408 93
rect:292 84 29 266 50
Izmit1999_04.jpg 0x0
rect:302 85 83 73 41
rect:74 465 262 90 88
rect:158 187 145 78 88
rect:448 464 16 52 40
rect:315 411 66 80 41
rect:414 63 102 89 48
rect:44 320 67 50 34
rect:62 505 50 125 41
rect:387 364 18 76 40
rect:78 512 45 107 42
Izmit1999_05.jpg 0x0
rect:74 27 453 365 10
Izmit1999_06.jpg 0x0
rect:185 264 76 161 50
rect:221 202 52 179 50
rect:92 298 88 209 50
rect:262 258 54 164 50
rect:173 212 168 58 49
rect:159 151 265 543 32
Izmit1999_07.jpg 0x0
rect:405 131 67 83 3
rect:183 254 55 108 3
rect:339 209 119 406 4
rect:194 181 48 146 3
rect:20 81 461 411 2
rect:218 383 50 132 3
rect:261 81 133 57 6
Izmit1999_08.jpg 0x0
rect:183 499 107 104 45
rect:169 19 96 77 34
rect:477 74 56 39 52
rect:676 6 98 87 45
rect:243 229 209 140 88
rect:191 148 71 93 41
rect:548 68 56 80 41
Izmit1999_09.jpg 0x0
rect:432 171 91 134 94
rect:795 317 60 78 94
rect:348 159 48 36 41
rect:729 255 62 72 41
rect:258 209 78 73 41
rect:61 264 51 62 41
Izmit1999_10.jpg 0x0
rect:53 152 445 45 78
rect:96 352 204 85 78
rect:238 117 159 176 40
rect:360 571 75 21 78
rect:69 175 269 580 41
rect:227 412 104 44 78
rect:266 210 62 194 40
rect:55 153 76 131 40
rect:342 404 107 122 40
rect:149 203 88 268 40
rect:234 484 46 76 40
Izmit1999_11.jpg 0x0
rect:178 273 54 147 40
rect:144 233 99 169 41
rect:173 228 62 111 40
rect:349 298 95 151 40
rect:254 464 95 97 41
Izmit1999_12.jpg 0x0
rect:20 88 43 17 6
rect:430 34 89 59 34
rect:556 115 70 38 7
rect:172 260 63 73 88
rect:59 314 43 59 52
rect:253 292 87 144 94
rect:69 273 28 41 40
rect:637 186 175 143 91
rect:44 218 69 119 94
rect:291 247 76 131 52
rect:442 66 39 112 41
rect:110 73 28 22 6
rect:236 143 61 66 45
rect:245 180 31 25 6
rect:255 165 40 107 42
rect:344 158 54 70 41
rect:1 161 24 41 41
rect:364 382 83 123 41
Izmit1999_13.jpg 0x0
rect:125 217 36 98 41
rect:361 96 53 110 41
rect:179 354 35 67 41
rect:189 85 251 456 48
rect:156 219 75 167 94
rect:80 90 44 33 6
rect:186 188 60 80 52
rect:451 122 91 212 41
rect:4 75 104 127 42
Izmit1999_14.jpg 0x0
rect:524 358 67 40 34
rect:510 35 70 59 95
rect:607 241 84 38 34
rect:498 166 70 80 35
rect:71 146 127 74 34
rect:378 7 150 92 35
rect:304 398 44 19 34
rect:307 91 102 91 34
rect:320 256 43 27 34
Izmit1999_15.jpg 0x0
rect:172 237 270 512 42
Izmit1999_16.jpg 0x0
rect:158 102 220 135 41
rect:113 64 455 502 33
rect:159 54 238 298 39
rect:213 125 53 114 40
Izmit1999_17.jpg 0x0
rect:135 138 185 205 41
Izmit1999_18.jpg 0x0
rect:219 165 155 147 41
rect:153 110 113 250 39
Izmit1999_19.jpg 0x0
rect:465 205 26 79 50
rect:394 182 27 81 50
rect:204 171 300 177 32
rect:238 68 199 264 96
Kobe1995_01.jpg 0x0
rect:28 126 962 142 63
Kobe1995_02.jpg 0x0
rect:2 77 646 618 68
Kobe1995_03.jpg 0x0
rect:31 58 348 760 10
Kobe1995_04.jpg 0x0
rect:401 406 72 59 41
Kobe1995_05.jpg 0x0
rect:43 312 402 67 78
rect:93 190 162 598 52
rect:306 136 128 531 40
rect:4 160 102 518 40
rect:106 492 248 167 78
Kobe1995_06.jpg 0x0
rect:194 264 377 280 42
rect:43 151 313 566 41
Kobe1995_07.jpg 0x0
rect:250 126 21 32 39
rect:42 233 31 28 39
rect:376 337 43 33 39
rect:327 214 30 32 39
rect:159 448 38 32 39
rect:249 222 37 56 39
rect:349 275 30 18 39
rect:115 393 37 38 39
rect:354 165 40 39 39
rect:158 280 46 51 39
rect:522 515 24 30 39
rect:184 484 51 45 39
rect:234 406 33 43 39
rect:159 181 31 38 39
rect:555 340 44 48 39
rect:180 262 34 34 39
rect:363 294 27 42 39
rect:260 248 35 32 39
rect:274 106 31 45 39
rect:329 475 38 38 39
rect:260 303 34 44 39
rect:125 117 28 40 39
rect:239 328 42 22 39
rect:49 236 31 40 39
rect:237 342 33 36 39
rect:122 285 34 33 39
Kobe1995_08.jpg 0x0
rect:308 54 398 169 97
Kobe1995_09.jpg 0x0
rect:69 661 93 70 88
rect:176 754 223 72 97
rect:106 551 79 85 88
rect:72 618 71 90 88
SanSalvador_1986_01.jpg 0x0
rect:62 3 119 241 68
rect:268 193 128 203 41
SanSalvador_1986_02.jpg 0x0
rect:149 195 31 34 41
rect:363 338 26 54 41
rect:369 163 42 45 42
rect:239 259 54 43 41
rect:131 265 25 27 41
rect:413 178 17 22 41
rect:166 365 32 30 41
rect:389 228 41 47 41
rect:670 250 32 56 41
SikkimIndia2001_01.jpg 0x0
rect:284 148 153 168 34
SikkimIndia2001_02.jpg 0x0
rect:10 153 59 36 54
rect:474 245 96 14 16
rect:-12 2 314 100 33
rect:12 6 259 79 16
rect:333 132 91 45 16
rect:150 91 204 251 33
rect:369 121 151 181 33
rect:212 229 88 42 16
SikkimIndia2001_03.jpg 0x0
rect:206 80 66 226 69
rect:212 10 172 361 98
rect:165 229 98 216 70
SikkimIndia2001_04.jpg 0x0
rect:285 206 118 202 34
rect:3 23 266 260 99
rect:433 163 333 72 99
SumatraInd2009_01.jpg 0x0
rect:228 19 64 333 81
SumatraInd2009_02.jpg 0x0
rect:178 55 131 121 41
WhittierNarrows1987_01.jpg 0x0
rect:12 22 919 288 10
WhittierNarrows1987_02.jpg 0x0
rect:161 363 117 301 41
WhittierNarrows1987_03.jpg 0x0
rect:362 135 125 264 32
WhittierNarrows1987_04.jpg 0x0
rect:211 9 318 65 6
rect:155 70 83 205 41
rect:341 13 330 150 100
YogyakartaInd2006_01.jpg 0x0
rect:309 30 330 193 32
rect:294 125 325 83 49
rect:220 -29 478 446 29
YogyakartaInd2006_02.jpg 0x0
rect:364 83 40 249 69
rect:376 109 88 225 70
rect:373 64 174 345 98
