Anchorage1964_01.jpg 0x0
rect:75 311 309 199 1
rect:92 7 258 222 1
Anchorage1964_02.jpg 0x0
rect:145 182 417 87 2
rect:41 220 126 54 5
rect:147 97 104 98 4
rect:52 38 92 11 6
rect:103 286 30 17 6
rect:181 205 20 52 3
rect:431 212 17 48 3
rect:248 203 28 56 3
rect:472 221 16 58 3
rect:631 227 14 43 3
rect:130 172 68 18 6
rect:35 24 179 51 5
rect:320 38 227 68 4
rect:149 142 82 59 7
rect:387 228 16 58 3
rect:386 234 32 63 3
rect:424 170 114 74 4
rect:378 84 164 118 8
rect:208 307 23 75 3
Anchorage1964_03.jpg 0x0
rect:2 291 177 63 9
rect:195 114 447 242 9
rect:0 352 862 52 10
Anchorage1964_04.jpg 0x0
rect:233 196 17 31 1
rect:202 379 32 23 5
rect:157 71 27 16 5
rect:210 163 37 22 5
rect:187 420 31 14 5
rect:251 160 12 26 1
rect:310 214 33 18 5
rect:203 348 36 24 5
rect:246 327 15 22 1
rect:168 241 15 21 1
rect:201 244 42 22 5
rect:147 88 26 20 5
rect:319 508 27 32 1
rect:439 478 39 26 5
rect:358 239 33 15 5
rect:331 150 24 18 5
rect:410 78 33 18 5
rect:230 503 68 18 2
rect:433 72 39 23 5
rect:254 205 28 22 5
rect:317 252 26 17 5
rect:292 490 22 22 1
rect:340 305 33 16 5
rect:298 35 28 15 5
rect:247 215 21 34 1
rect:288 98 21 36 1
rect:391 199 30 15 5
rect:352 385 19 29 1
rect:206 205 19 20 1
rect:269 382 21 19 1
rect:215 238 20 24 5
rect:256 127 23 20 5
rect:155 196 24 15 5
rect:151 32 27 21 5
rect:377 439 36 23 5
rect:178 68 35 16 5
rect:252 467 8 1 1
rect:309 283 25 34 8
rect:147 250 37 15 5
Anchorage1964_05.jpg 0x0
rect:76 22 24 33 1
rect:761 225 71 26 5
rect:314 256 25 21 11
rect:570 90 45 68 1
rect:51 399 28 64 1
rect:759 300 42 19 6
rect:214 119 88 23 5
rect:281 226 52 29 11
rect:347 143 127 92 2
rect:601 400 39 16 6
rect:382 409 44 83 8
rect:66 59 19 37 1
rect:106 95 21 43 1
rect:213 190 138 49 6
rect:58 216 23 50 1
rect:466 1 43 69 1
rect:471 29 34 45 1
rect:61 220 17 42 1
rect:552 61 42 53 1
rect:80 114 15 49 1
rect:385 352 68 87 1
rect:573 291 44 35 5
rect:350 150 33 75 1
rect:135 47 118 54 6
rect:524 195 63 86 8
rect:451 247 44 68 1
rect:213 62 71 31 5
rect:43 373 17 48 1
rect:64 292 25 43 1
Anchorage1964_06.jpg 0x0
rect:119 109 97 254 3
rect:157 273 72 90 11
rect:106 55 274 342 12
Anchorage1964_07.jpg 0x0
rect:9 46 624 300 2
rect:344 263 415 256 2
rect:516 149 83 96 11
rect:263 131 177 176 11
rect:19 233 208 38 11
rect:287 126 68 77 13
rect:7 422 288 23 14
rect:342 118 48 160 3
rect:209 2 103 79 2
Anchorage1964_08.jpg 0x0
rect:45 682 130 172 1
rect:57 91 131 99 1
rect:397 291 158 146 1
rect:288 462 103 108 1
rect:256 33 103 110 1
rect:44 318 114 79 1
Anchorage1964_09.jpg 0x0
rect:654 225 1 1 16
rect:10 19 336 18 15
rect:86 129 91 61 1
rect:457 8 250 14 15
rect:98 281 72 46 8
rect:452 202 52 66 1
rect:793 12 84 10 16
rect:498 151 135 22 15
rect:376 336 96 91 8
rect:116 40 81 55 8
rect:232 153 80 70 1
rect:479 106 84 25 15
rect:13 138 24 11 16
rect:200 141 284 12 15
rect:636 38 94 78 8
rect:16 16 82 9 16
rect:59 115 67 9 16
rect:730 123 90 56 1
rect:12 139 127 20 15
Anchorage1964_10.jpg 0x0
rect:172 255 207 73 18
rect:88 491 211 119 18
rect:59 150 413 243 1
rect:259 199 102 94 17
Anchorage1964_11.jpg 0x0
rect:63 373 797 19 14
rect:431 148 132 90 1
rect:345 251 295 34 11
rect:57 614 570 13 14
rect:184 182 483 22 15
rect:165 71 175 104 4
rect:414 7 89 33 1
rect:85 149 421 58 2
Anchorage1964_12.jpg 0x0
rect:386 108 34 182 3
rect:12 87 647 281 2
rect:402 106 52 155 3
rect:133 207 26 112 3
rect:372 73 134 195 11
Anchorage1964_13.jpg 0x0
rect:516 454 32 192 20
rect:386 545 216 20 2
rect:256 595 149 17 19
Anchorage1964_14.jpg 0x0
rect:7 425 141 84 11
rect:122 568 47 65 22
rect:375 282 127 46 15
rect:74 225 161 34 15
rect:18 512 30 75 22
rect:253 14 110 690 20
rect:337 409 119 63 23
rect:139 533 36 70 22
rect:56 752 47 86 22
rect:252 13 77 223 11
rect:319 6 89 165 11
rect:200 251 51 108 21
Anchorage1964_15.jpg 0x0
rect:235 387 246 41 2
rect:269 302 101 60 11
rect:162 110 44 64 11
rect:223 84 85 419 20
rect:519 11 124 85 4
rect:316 11 98 52 4
rect:212 140 42 86 25
rect:322 219 83 46 24
rect:246 260 175 42 15
Anchorage1964_16.jpg 0x0
rect:464 151 177 139 2
rect:268 176 339 257 11
rect:14 158 140 198 2
rect:234 73 272 100 2
rect:14 373 87 75 2
rect:69 330 97 120 11
Anchorage1964_17.jpg 0x0
rect:362 48 153 215 9
rect:9 256 482 167 10
rect:12 144 210 89 9
Anchorage1964_18.jpg 0x0
rect:103 248 56 92 4
rect:315 270 36 56 11
rect:260 262 68 25 2
rect:513 194 131 56 4
rect:127 239 14 43 11
rect:303 372 228 20 15
rect:663 388 39 18 2
rect:146 304 67 41 11
rect:629 116 88 82 4
rect:777 331 53 18 2
Anchorage1964_19.jpg 0x0
rect:309 246 8 27 26
rect:24 336 26 114 27
rect:323 110 22 34 27
rect:682 108 44 24 28
rect:279 113 33 26 26
rect:375 90 73 33 26
rect:368 164 35 33 28
rect:745 155 9 7 26
rect:271 102 49 70 29
rect:742 189 10 12 26
rect:208 383 41 97 26
rect:548 137 9 15 26
rect:342 184 20 34 26
rect:536 164 12 42 26
rect:480 267 12 33 26
rect:418 90 25 62 29
rect:257 86 84 110 29
rect:6 174 76 102 26
Anchorage1964_20.jpg 0x0
rect:141 105 76 88 26
rect:258 73 93 61 27
rect:484 484 43 95 26
rect:128 63 97 179 29
rect:266 490 87 118 26
Anchorage1964_21.jpg 0x0
rect:184 192 445 177 30
rect:62 350 31 31 26
rect:-6 67 115 140 29
rect:2 63 53 49 26
Bingol2003_01.jpg 0x0
rect:615 250 123 86 33
rect:384 416 68 109 6
rect:22 322 63 85 33
rect:822 296 78 71 6
rect:583 265 60 68 6
rect:502 345 41 59 34
rect:676 127 75 71 6
rect:368 258 136 170 31
rect:507 539 117 57 6
rect:164 206 70 72 33
rect:706 65 117 238 31
rect:1032 396 99 51 33
rect:427 173 42 151 34
rect:398 167 102 53 33
rect:591 230 71 231 32
rect:178 80 78 30 6
rect:2 291 1152 312 10
rect:403 69 74 53 6
rect:647 457 71 51 33
Bingol2003_02.jpg 0x0
rect:339 319 553 486 31
rect:199 108 354 132 34
rect:935 50 149 63 36
rect:495 301 458 158 35
rect:400 377 105 87 6
rect:377 346 108 116 26
rect:165 338 108 424 32
rect:163 515 159 268 32
Bingol2003_03.jpg 0x0
rect:101 56 144 130 33
rect:600 235 199 49 11
rect:586 -8 300 286 4
rect:87 26 123 27 2
rect:304 162 465 226 2
rect:913 192 328 544 4
rect:640 322 214 328 2
Bingol2003_04.jpg 0x0
rect:202 555 30 105 3
rect:183 326 41 124 3
rect:83 565 82 96 2
rect:365 180 133 220 4
rect:73 452 21 72 3
rect:175 554 276 239 2
rect:246 599 91 89 2
rect:124 495 38 90 3
CanterburyNZSeries2010_01.jpg 0x0
rect:118 94 161 365 12
CanterburyNZSeries2010_02.jpg 0x0
rect:42 37 111 212 6
rect:39 10 246 302 37
CanterburyNZSeries2010_03.jpg 0x0
rect:45 59 329 103 38
CanterburyNZSeries2010_04.jpg 0x0
rect:422 525 21 36 40
rect:298 7 73 179 42
rect:354 384 41 104 40
rect:348 456 22 73 40
rect:291 266 169 248 39
rect:153 325 108 233 41
rect:365 400 19 71 40
rect:218 314 26 210 40
CanterburyNZSeries2010_05.jpg 0x0
rect:215 349 194 305 4
rect:393 186 123 97 15
CanterburyNZSeries2010_06.jpg 0x0
rect:71 148 943 665 4
rect:245 168 238 93 2
CanterburyNZSeries2010_08.jpg 0x0
rect:646 163 185 263 43
rect:602 448 79 169 44
rect:642 318 85 152 44
rect:579 437 23 170 32
CanterburyNZSeries2010_09.jpg 0x0
rect:185 229 162 282 39
rect:240 147 183 206 45
CanterburyNZSeries2010_10.jpg 0x0
rect:271 521 203 147 6
rect:241 224 294 156 6
rect:345 200 336 81 7
rect:310 389 277 103 46
CanterburyNZSeries2010_11.jpg 0x0
rect:371 369 220 211 5
rect:416 284 399 121 7
CanterburyNZSeries2010_12.jpg 0x0
rect:220 483 132 57 11
rect:6 304 941 280 47
rect:67 344 695 417 2
rect:581 435 135 86 11
CanterburyNZSeries2010_13.jpg 0x0
rect:314 128 120 400 11
rect:135 13 293 935 12
Caracas1967_01.jpg 0x0
rect:351 179 13 55 48
rect:287 104 68 111 48
rect:281 205 45 119 48
rect:316 66 136 296 48
Caracas1967_02.jpg 0x0
rect:189 228 252 338 51
rect:239 1 110 204 15
rect:124 521 42 30 50
rect:121 370 45 78 49
Caracas1967_03.jpg 0x0
rect:191 83 72 121 14
rect:383 294 30 123 27
rect:19 491 178 73 6
rect:344 415 46 68 26
rect:289 492 25 69 27
rect:219 334 98 216 34
Caracas1967_04.jpg 0x0
rect:175 428 49 122 26
rect:119 415 23 96 27
rect:102 425 176 206 34
Caracas1967_05.jpg 0x0
rect:160 274 44 315 40
rect:22 101 441 589 48
rect:421 204 58 212 40
rect:173 171 147 138 52
rect:352 252 40 167 40
rect:48 102 390 625 41
rect:228 341 61 167 40
rect:48 373 67 180 40
rect:72 340 210 150 52
rect:238 332 68 213 40
Caracas1967_06.jpg 0x0
rect:365 98 229 282 7
rect:407 308 91 36 6
Caracas1967_07.jpg 0x0
rect:307 9 116 231 34
rect:443 316 165 323 34
rect:298 272 106 89 53
rect:251 153 57 264 27
rect:126 145 116 194 34
rect:403 55 33 199 27
rect:326 534 73 85 53
Caracas1967_08.jpg 0x0
rect:447 175 103 116 54
rect:228 295 87 98 54
rect:189 356 75 129 55
Caracas1967_09.jpg 0x0
rect:197 209 93 63 48
rect:23 171 54 56 48
rect:108 177 64 54 48
rect:339 12 230 156 48
Caracas1967_10.jpg 0x0
rect:301 390 63 176 40
rect:405 162 97 187 40
rect:14 155 487 393 48
rect:47 184 221 401 41
Caracas1967_11.jpg 0x0
rect:231 12 189 238 41
rect:57 330 249 371 41
rect:36 14 526 752 48
Caracas1967_12.jpg 0x0
rect:726 210 17 53 32
rect:639 281 42 49 34
rect:246 287 27 44 56
rect:684 384 18 64 32
Caracas1967_13.jpg 0x0
rect:151 271 97 208 55
Caracas1967_14.jpg 0x0
rect:121 165 425 227 57
rect:118 229 295 34 6
Chichi1999_01.jpg 0x0
rect:269 106 63 248 42
rect:4 7 751 125 58
Chichi1999_02.jpg 0x0
rect:447 146 160 453 59
rect:5 99 446 148 58
Chichi1999_03.jpg 0x0
rect:0 137 748 158 58
rect:92 162 50 134 60
Chichi1999_04.jpg 0x0
rect:224 232 82 457 48
rect:153 197 34 69 52
rect:163 -17 39 114 48
Chichi1999_05.jpg 0x0
rect:333 115 56 64 41
rect:371 107 72 186 48
rect:396 157 29 103 52
rect:363 275 34 25 41
Chichi1999_06.jpg 0x0
rect:425 228 21 28 52
rect:320 183 61 76 48
rect:310 120 47 69 62
rect:163 17 351 176 10
rect:529 160 36 70 41
rect:382 -13 91 53 61
Chichi1999_07.jpg 0x0
rect:762 174 21 29 64
rect:162 115 26 51 64
rect:56 250 559 110 63
rect:571 286 33 131 48
rect:152 144 63 164 48
rect:392 234 37 41 64
rect:446 149 52 145 48
Chichi1999_08.jpg 0x0
rect:118 13 699 412 10
Chichi1999_09.jpg 0x0
rect:209 79 63 60 40
rect:229 53 191 158 48
rect:179 76 146 104 41
rect:165 127 40 71 40
Chichi1999_10.jpg 0x0
rect:212 23 483 338 10
Chichi1999_11.jpg 0x0
rect:189 162 125 105 65
rect:2 115 234 587 10
Chichi1999_12.jpg 0x0
rect:10 32 370 714 66
Chichi1999_13.jpg 0x0
rect:27 53 938 418 10
Chichi1999_14.jpg 0x0
rect:328 310 22 33 39
rect:105 318 32 47 67
rect:96 283 40 51 67
rect:211 391 25 53 39
rect:145 442 26 69 67
rect:119 445 71 50 67
rect:254 329 17 26 39
rect:226 324 41 41 67
rect:190 244 71 39 67
rect:136 382 38 71 67
rect:212 322 28 51 67
rect:81 679 32 49 67
rect:382 499 42 47 67
rect:238 433 24 44 39
rect:261 280 19 43 67
rect:123 370 34 53 67
rect:448 412 85 76 67
Chichi1999_15.jpg 0x0
rect:325 30 205 325 41
Chichi1999_16.jpg 0x0
rect:162 104 79 111 32
Chichi1999_17.jpg 0x0
rect:112 412 18 37 32
Chichi1999_18.jpg 0x0
rect:217 206 145 400 68
rect:142 236 35 125 69
rect:224 313 59 124 70
rect:140 239 20 87 69
rect:238 233 38 132 69
rect:194 409 30 109 69
Chichi1999_19.jpg 0x0
rect:275 113 151 294 3
rect:141 19 305 429 2
YogyakartaInd2006_03.jpg 0x0
rect:420 61 179 75 15
rect:214 445 54 29 16
rect:309 18 92 2 15
rect:454 87 82 50 16
rect:227 156 16 5 16
rect:213 307 202 29 15
rect:251 169 70 30 15
rect:267 284 284 128 71
Chichi1999_20.jpg 0x0
rect:277 458 71 146 41
rect:133 225 115 324 42
Chichi1999_21.jpg 0x0
rect:434 115 215 81 6
rect:183 384 162 168 37
rect:191 403 73 142 6
rect:62 420 156 108 5
rect:264 121 216 275 72
rect:291 7 152 77 57
rect:443 37 290 238 37
rect:19 4 180 168 30
Chichi1999_22.jpg 0x0
rect:315 307 11 18 73
rect:500 256 16 14 73
rect:210 265 16 15 73
rect:247 117 341 190 10
Chichi1999_23.jpg 0x0
rect:189 177 20 28 34
rect:111 299 47 80 73
rect:303 332 44 73 34
rect:245 260 65 134 73
rect:374 217 22 19 26
rect:358 125 55 55 73
rect:147 283 40 65 34
rect:346 215 23 19 27
rect:136 132 65 60 73
rect:4 80 417 129 74
Chichi1999_24.jpg 0x0
rect:240 279 85 41 34
rect:229 145 178 124 75
rect:3 320 246 202 74
rect:404 396 1 2 46
rect:226 228 37 53 46
Chichi1999_25.jpg 0x0
rect:151 167 172 243 73
rect:169 250 117 159 34
rect:203 398 46 59 26
Chichi1999_26.jpg 0x0
rect:155 540 105 178 73
rect:166 600 155 90 27
rect:107 716 95 61 26
rect:278 161 44 122 73
rect:233 308 131 449 76
rect:198 21 45 23 73
Chichi1999_27.jpg 0x0
rect:156 167 89 274 32
Chichi1999_28.jpg 0x0
rect:119 106 182 281 5
rect:20 88 349 116 6
rect:293 197 192 125 77
rect:385 94 126 294 75
Chichi1999_29.jpg 0x0
rect:228 203 82 134 52
rect:205 227 98 132 40
rect:184 179 199 295 48
Chichi1999_30.jpg 0x0
rect:21 355 105 123 73
rect:147 259 220 42 78
rect:250 173 143 72 52
rect:231 134 340 205 40
Chichi1999_31.jpg 0x0
rect:600 80 54 194 48
rect:116 68 97 220 79
Chichi1999_32.jpg 0x0
rect:149 8 106 395 80
rect:190 60 48 144 81
rect:397 130 64 146 39
rect:151 197 28 101 81
Chichi1999_33.jpg 0x0
rect:84 82 123 394 33
rect:113 138 67 247 32
rect:220 85 143 238 32
rect:204 157 33 124 49
rect:308 85 84 267 56
rect:133 128 34 93 49
Chichi1999_34.jpg 0x0
rect:88 93 328 261 10
Duzce1999_01.jpg 0x0
rect:160 168 74 179 41
rect:172 59 81 301 39
Duzce1999_02.jpg 0x0
rect:62 54 127 276 41
Duzce1999_03.jpg 0x0
rect:0 133 135 229 31
rect:293 89 122 308 31
rect:135 81 109 285 42
Gediz1970_01.jpg 0x0
rect:159 339 131 205 69
rect:206 385 91 256 69
rect:159 127 325 583 68
Guatemala1976_01.jpg 0x0
rect:639 114 179 90 48
rect:32 122 119 158 48
rect:67 138 47 47 41
rect:26 128 815 206 82
rect:485 128 71 93 41
rect:42 161 46 48 52
Guatemala1976_02.jpg 0x0
rect:347 58 108 123 40
rect:188 75 360 203 48
Guatemala1976_03.jpg 0x0
rect:15 85 820 407 75
Guatemala1976_04.jpg 0x0
rect:489 215 68 177 4
rect:126 23 490 78 30
rect:32 88 551 171 30
rect:651 181 109 429 4
Guatemala1976_05.jpg 0x0
rect:233 143 373 102 41
rect:167 139 338 130 40
rect:120 100 516 446 48
Guatemala1976_06.jpg 0x0
rect:120 96 277 324 39
Guatemala1976_07.jpg 0x0
rect:28 377 70 69 6
rect:31 323 583 428 10
rect:171 392 138 95 83
Guatemala1976_08.jpg 0x0
rect:280 82 183 411 40
rect:211 29 482 441 48
rect:232 60 460 345 41
Guatemala1976_09.jpg 0x0
rect:849 272 74 71 84
rect:202 281 28 32 84
rect:768 235 63 44 85
rect:189 294 69 79 85
rect:354 348 73 27 85
rect:278 271 53 72 84
rect:89 233 25 35 85
rect:102 286 43 25 84
Guatemala1976_10.jpg 0x0
rect:291 376 43 151 87
rect:253 155 172 288 86
rect:232 142 201 149 87
Guatemala1976_11.jpg 0x0
rect:230 292 161 158 34
GujaratIndia2001_01.jpg 0x0
rect:363 332 62 55 11
rect:231 581 295 61 2
rect:39 480 135 187 4
rect:86 442 47 42 2
Haiti2010_01.jpg 0x0
rect:340 226 23 164 40
rect:161 45 87 124 7
rect:289 102 201 242 41
rect:521 457 228 291 4
rect:702 329 127 151 4
Haiti2010_02.jpg 0x0
rect:53 100 475 155 88
rect:299 24 132 47 14
Haiti2010_03.jpg 0x0
rect:282 351 209 231 32
rect:178 436 77 45 49
rect:260 1 57 525 32
rect:215 748 258 240 89
Haiti2010_04.jpg 0x0
rect:2 143 192 207 6
rect:308 49 288 315 34
rect:216 292 242 612 41
Haiti2010_05.jpg 0x0
rect:194 299 212 99 52
rect:269 183 22 91 40
rect:360 228 25 83 40
rect:242 171 246 456 90
Haiti2010_06.jpg 0x0
rect:392 204 56 85 34
rect:146 340 37 46 34
rect:558 166 604 930 91
rect:257 271 210 384 91
rect:641 222 68 235 32
rect:510 143 95 43 6
rect:393 193 160 491 33
ImperialValley1979_01.jpg 0x0
rect:67 389 80 112 50
rect:629 248 16 17 49
rect:357 396 71 49 32
rect:603 265 27 25 49
rect:13 282 110 152 32
rect:239 226 55 69 50
rect:485 344 33 37 50
rect:10 308 92 91 49
rect:393 240 40 33 32
rect:641 294 39 41 32
rect:470 278 51 22 49
ImperialValley1979_02.jpg 0x0
rect:235 211 39 183 50
rect:225 93 190 173 32
rect:204 218 212 71 92
rect:281 85 107 210 50
rect:203 103 91 142 50
rect:284 264 115 43 49
ImperialValley1979_03.jpg 0x0
rect:206 246 186 181 32
rect:391 319 74 175 50
rect:93 285 339 34 92
rect:115 394 351 43 92
rect:121 384 246 194 32
rect:72 254 104 228 50
rect:151 242 115 120 50
Izmit1999_01.jpg 0x0
rect:199 78 251 412 34
rect:246 87 49 154 27
rect:334 353 53 67 26
rect:356 72 56 209 27
rect:238 168 39 94 27
Izmit1999_02.jpg 0x0
rect:26 86 747 342 10
Izmit1999_03.jpg 0x0
rect:127 33 505 325 93
rect:150 213 417 41 92
rect:157 80 201 377 32
rect:508 94 45 251 50
rect:174 70 54 346 50
rect:428 96 33 298 50
rect:370 82 63 262 50
rect:247 150 35 146 50
Izmit1999_04.jpg 0x0
rect:76 396 258 134 88
rect:345 65 76 96 48
rect:421 74 82 71 41
rect:421 367 62 103 41
rect:147 238 158 76 88
rect:368 329 22 72 40
rect:69 424 69 128 41
rect:322 269 21 53 40
rect:51 341 66 43 34
rect:53 597 40 94 42
Izmit1999_05.jpg 0x0
rect:73 28 625 490 10
Izmit1999_06.jpg 0x0
rect:166 165 264 463 32
rect:228 232 62 183 50
rect:141 192 165 90 49
rect:105 279 86 149 50
rect:126 178 77 245 50
rect:206 357 39 188 50
Izmit1999_07.jpg 0x0
rect:353 316 70 398 4
rect:246 255 27 76 3
rect:415 113 62 61 3
rect:192 285 38 177 3
rect:269 279 66 87 3
rect:24 133 424 545 2
rect:405 53 179 61 6
Izmit1999_08.jpg 0x0
rect:528 5 87 62 45
rect:160 34 86 126 34
rect:393 90 66 65 41
rect:139 111 94 58 41
rect:105 296 105 85 45
rect:154 318 157 119 88
rect:467 90 59 27 52
Izmit1999_09.jpg 0x0
rect:782 257 69 87 41
rect:290 290 73 101 41
rect:37 217 59 40 41
rect:432 229 64 54 94
rect:245 222 100 76 94
rect:298 268 43 45 41
Izmit1999_10.jpg 0x0
rect:64 172 97 132 40
rect:246 604 89 147 40
rect:80 284 335 85 78
rect:307 343 52 101 40
rect:236 217 43 132 40
rect:228 459 178 39 78
rect:57 232 461 55 78
rect:134 203 94 253 40
rect:357 101 139 117 40
rect:338 527 74 24 78
rect:78 118 248 408 41
Izmit1999_11.jpg 0x0
rect:215 271 46 171 40
rect:187 293 70 190 40
rect:231 300 63 233 40
rect:242 362 112 155 41
rect:229 264 155 215 41
Izmit1999_12.jpg 0x0
rect:386 124 77 63 7
rect:266 203 40 112 42
rect:35 249 61 92 94
rect:424 126 52 69 45
rect:253 314 61 126 41
rect:341 210 47 126 52
rect:526 120 45 66 41
rect:208 185 36 38 6
rect:60 282 50 81 52
rect:623 203 240 257 91
rect:228 190 94 107 94
rect:97 356 39 61 40
rect:431 239 71 64 41
rect:73 102 43 17 6
rect:496 28 86 68 34
rect:167 247 59 55 88
rect:17 79 38 18 6
rect:1 252 27 45 41
Izmit1999_13.jpg 0x0
rect:135 194 29 78 41
rect:107 169 67 38 6
rect:278 171 124 291 41
rect:236 125 82 96 41
rect:180 254 55 66 52
rect:6 61 98 224 42
rect:130 266 88 117 94
rect:207 251 33 95 41
rect:318 67 235 265 48
Izmit1999_14.jpg 0x0
rect:454 224 62 47 34
rect:570 208 59 43 34
rect:283 110 65 98 35
rect:461 45 61 61 95
rect:209 266 47 30 34
rect:510 7 160 68 35
rect:43 149 97 54 34
rect:345 74 59 62 34
rect:354 475 35 18 34
Izmit1999_15.jpg 0x0
rect:148 181 277 359 42
Izmit1999_16.jpg 0x0
rect:138 86 204 367 39
rect:80 47 310 530 33
rect:117 126 141 116 41
rect:239 95 43 112 40
Izmit1999_17.jpg 0x0
rect:142 147 217 240 41
Izmit1999_18.jpg 0x0
rect:150 181 110 174 41
rect:237 103 180 209 39
Izmit1999_19.jpg 0x0
rect:280 151 333 279 32
rect:293 99 287 241 96
rect:427 128 31 73 50
rect:490 111 22 107 50
Kobe1995_01.jpg 0x0
rect:20 142 910 186 63
Kobe1995_02.jpg 0x0
rect:2 68 416 697 68
Kobe1995_03.jpg 0x0
rect:42 74 588 790 10
Kobe1995_04.jpg 0x0
rect:355 273 45 52 41
Kobe1995_05.jpg 0x0
rect:167 131 228 448 52
rect:4 210 172 636 40
rect:30 194 528 85 78
rect:114 693 293 94 78
rect:373 121 208 413 40
Kobe1995_06.jpg 0x0
rect:47 127 530 376 41
rect:142 395 225 324 42
Kobe1995_07.jpg 0x0
rect:425 191 54 43 39
rect:469 224 41 48 39
rect:180 257 29 26 39
rect:281 290 24 47 39
rect:504 282 31 30 39
rect:205 143 18 43 39
rect:426 104 45 37 39
rect:214 301 39 46 39
rect:55 310 49 32 39
rect:291 205 36 20 39
rect:210 228 51 30 39
rect:475 444 30 44 39
rect:356 536 42 32 39
rect:88 257 39 23 39
rect:269 609 44 29 39
rect:271 544 45 48 39
rect:229 313 41 23 39
rect:192 183 42 43 39
rect:187 116 24 41 39
rect:54 217 46 36 39
rect:158 445 28 40 39
rect:256 469 34 34 39
rect:115 281 25 55 39
rect:328 241 24 24 39
rect:454 143 52 32 39
rect:400 411 38 33 39
Kobe1995_08.jpg 0x0
rect:392 59 568 212 97
Kobe1995_09.jpg 0x0
rect:78 604 80 85 88
rect:236 414 158 90 97
rect:77 697 73 101 88
rect:123 427 68 66 88
SanSalvador_1986_01.jpg 0x0
rect:48 3 88 303 68
rect:324 129 102 163 41
SanSalvador_1986_02.jpg 0x0
rect:636 218 33 33 41
rect:390 103 14 27 41
rect:167 269 40 24 41
rect:272 180 31 31 41
rect:146 292 35 40 41
rect:666 237 51 54 41
rect:461 230 45 51 42
rect:403 156 47 38 41
rect:183 203 20 40 41
SikkimIndia2001_01.jpg 0x0
rect:209 210 133 163 34
SikkimIndia2001_02.jpg 0x0
rect:9 126 53 56 54
rect:555 242 101 20 16
rect:13 5 325 66 16
rect:231 83 236 464 33
rect:-17 2 259 98 33
rect:333 312 78 31 16
rect:442 87 107 122 33
rect:536 92 85 29 16
SikkimIndia2001_03.jpg 0x0
rect:249 10 223 493 98
rect:220 81 53 140 69
rect:241 158 80 158 70
SikkimIndia2001_04.jpg 0x0
rect:467 161 333 119 99
rect:290 122 137 152 34
rect:3 29 246 355 99
SumatraInd2009_01.jpg 0x0
rect:220 31 59 353 81
SumatraInd2009_02.jpg 0x0
rect:225 80 239 208 41
WhittierNarrows1987_01.jpg 0x0
rect:16 28 987 341 10
WhittierNarrows1987_02.jpg 0x0
rect:164 242 111 318 41
WhittierNarrows1987_03.jpg 0x0
rect:247 161 110 313 32
WhittierNarrows1987_04.jpg 0x0
rect:225 46 87 235 41
rect:178 7 360 100 6
rect:248 16 318 108 100
YogyakartaInd2006_01.jpg 0x0
rect:196 -26 513 450 29
rect:326 146 347 74 49
rect:219 27 297 340 32
YogyakartaInd2006_02.jpg 0x0
rect:398 68 180 461 98
rect:253 104 52 167 69
rect:364 71 61 219 70
