Anchorage1964_01.jpg 0x0
rect:55 318 308 195 1
rect:72 7 190 166 1
Anchorage1964_02.jpg 0x0
rect:121 279 18 16 6
rect:100 36 115 17 6
rect:297 261 35 47 3
rect:98 217 59 15 6
rect:33 25 184 54 5
rect:331 150 65 60 4
rect:444 330 17 56 3
rect:31 194 180 54 5
rect:544 219 27 36 3
rect:253 51 70 95 4
rect:582 51 137 125 8
rect:112 135 73 50 7
rect:248 227 297 118 2
rect:599 245 15 70 3
rect:370 346 35 80 3
rect:266 278 18 69 3
rect:213 200 33 77 3
rect:499 328 20 54 3
rect:234 24 234 90 4
Anchorage1964_03.jpg 0x0
rect:182 116 307 156 9
rect:2 183 280 96 9
rect:0 293 666 58 10
Anchorage1964_04.jpg 0x0
rect:230 300 21 28 1
rect:329 108 38 15 5
rect:306 23 30 18 5
rect:314 207 32 22 5
rect:253 254 19 25 1
rect:255 500 19 26 1
rect:126 401 28 14 5
rect:338 180 35 18 5
rect:215 23 31 16 5
rect:215 227 29 13 5
rect:258 132 28 18 5
rect:365 364 21 34 1
rect:147 292 30 13 5
rect:395 381 40 26 5
rect:132 328 27 18 5
rect:200 102 14 34 1
rect:348 326 22 15 5
rect:195 550 57 12 2
rect:213 318 13 19 1
rect:251 293 8 1 1
rect:181 47 35 16 5
rect:235 335 30 19 8
rect:371 219 17 36 1
rect:416 100 28 19 5
rect:284 167 17 23 1
rect:388 259 32 20 5
rect:144 168 32 25 5
rect:184 142 31 13 5
rect:158 156 32 22 5
rect:356 294 31 12 5
rect:165 97 40 22 5
rect:219 303 28 17 5
rect:301 158 22 33 1
rect:272 376 22 26 5
rect:148 336 24 16 5
rect:426 241 26 13 5
rect:349 413 17 25 1
rect:264 434 24 21 1
rect:316 47 46 17 5
Anchorage1964_05.jpg 0x0
rect:71 288 26 40 1
rect:564 320 54 25 6
rect:544 233 54 36 5
rect:167 200 165 47 6
rect:330 282 48 65 8
rect:358 84 34 76 1
rect:296 183 22 17 11
rect:80 263 17 52 1
rect:295 165 108 77 2
rect:362 25 27 50 1
rect:506 223 61 54 1
rect:89 33 22 48 1
rect:128 70 22 50 1
rect:507 288 51 32 5
rect:444 415 59 66 8
rect:60 141 20 52 1
rect:565 177 48 68 1
rect:110 151 17 35 1
rect:36 406 25 47 1
rect:491 83 38 61 1
rect:71 77 21 33 1
rect:201 59 79 34 5
rect:418 1 39 67 1
rect:658 258 49 77 1
rect:134 53 82 42 6
rect:124 155 128 17 5
rect:30 482 17 51 1
rect:755 292 46 13 6
rect:369 229 35 25 11
Anchorage1964_06.jpg 0x0
rect:129 247 61 100 11
rect:150 73 238 447 12
rect:161 148 103 268 3
Anchorage1964_07.jpg 0x0
rect:304 105 48 137 13
rect:298 153 94 68 11
rect:8 281 319 40 14
rect:295 87 180 121 11
rect:210 2 92 55 2
rect:315 341 454 273 2
rect:14 257 211 24 11
rect:211 93 41 122 3
rect:8 73 593 524 2
Anchorage1964_08.jpg 0x0
rect:68 300 108 118 1
rect:376 35 123 114 1
rect:36 454 76 124 1
rect:57 96 176 137 1
rect:274 557 104 103 1
rect:417 191 146 101 1
Anchorage1964_09.jpg 0x0
rect:828 8 130 14 16
rect:13 163 19 7 16
rect:567 27 86 70 8
rect:349 88 92 30 15
rect:13 19 376 15 15
rect:121 293 70 66 8
rect:10 21 43 13 16
rect:415 190 76 52 8
rect:422 209 83 70 1
rect:147 107 208 12 15
rect:417 191 74 91 1
rect:112 174 67 53 1
rect:14 133 121 22 15
rect:351 155 72 71 1
rect:922 220 1 1 16
rect:781 111 169 21 15
rect:73 116 53 7 16
rect:120 31 63 90 8
rect:506 6 298 12 15
Anchorage1964_10.jpg 0x0
rect:158 339 103 153 17
rect:90 527 355 160 18
rect:56 251 418 323 1
rect:184 243 274 103 18
Anchorage1964_11.jpg 0x0
rect:323 194 348 35 11
rect:119 75 167 130 4
rect:480 122 119 65 1
rect:255 124 440 15 15
rect:85 442 449 16 14
rect:127 185 678 69 2
rect:677 5 139 34 1
rect:64 436 580 13 14
Anchorage1964_12.jpg 0x0
rect:249 241 37 71 3
rect:334 84 52 215 3
rect:314 109 60 244 3
rect:15 57 672 208 2
rect:392 98 215 203 11
Anchorage1964_13.jpg 0x0
rect:425 671 155 13 19
rect:383 668 170 22 2
rect:472 403 25 201 20
Anchorage1964_14.jpg 0x0
rect:184 244 62 105 21
rect:57 193 177 39 15
rect:222 13 48 221 11
rect:348 280 208 64 15
rect:12 530 152 107 11
rect:21 419 22 72 22
rect:346 591 174 98 23
rect:109 595 40 45 22
rect:48 518 48 89 22
rect:203 462 45 56 22
rect:352 6 66 137 11
rect:244 15 93 649 20
Anchorage1964_15.jpg 0x0
rect:329 420 182 73 2
rect:203 106 58 110 25
rect:285 199 212 30 15
rect:321 7 95 80 4
rect:287 278 132 42 11
rect:226 9 69 56 4
rect:159 76 84 382 20
rect:283 204 127 41 24
rect:254 110 30 59 11
Anchorage1964_16.jpg 0x0
rect:471 236 169 212 2
rect:66 217 110 113 11
rect:14 435 54 77 2
rect:157 106 295 93 2
rect:12 164 175 240 2
rect:174 234 202 244 11
Anchorage1964_17.jpg 0x0
rect:15 108 344 92 9
rect:9 225 813 278 10
rect:270 35 174 206 9
Anchorage1964_18.jpg 0x0
rect:101 274 14 41 11
rect:183 140 67 77 4
rect:551 131 115 84 4
rect:618 406 37 20 2
rect:535 370 78 18 2
rect:109 394 63 60 11
rect:406 246 91 16 2
rect:476 277 391 36 15
rect:667 119 81 86 4
rect:344 231 40 72 11
Anchorage1964_19.jpg 0x0
rect:217 290 46 98 26
rect:466 100 13 25 26
rect:6 247 66 165 26
rect:251 67 68 168 29
rect:22 213 42 68 27
rect:354 143 42 25 28
rect:480 251 8 22 26
rect:574 225 9 15 26
rect:410 75 20 31 27
rect:509 254 36 38 28
rect:300 93 29 22 26
rect:534 185 7 16 26
rect:269 327 15 33 26
rect:444 155 18 64 29
rect:281 117 73 47 26
rect:891 182 10 9 26
rect:463 81 41 92 29
rect:346 183 18 22 26
Anchorage1964_20.jpg 0x0
rect:258 77 60 45 27
rect:419 349 51 94 26
rect:222 74 123 174 29
rect:276 370 88 166 26
rect:248 70 123 55 26
Anchorage1964_21.jpg 0x0
rect:2 87 48 49 26
rect:-6 67 94 152 29
rect:148 173 563 181 30
rect:66 351 24 27 26
Bingol2003_01.jpg 0x0
rect:580 78 80 73 6
rect:535 483 155 58 6
rect:349 172 73 52 33
rect:819 356 100 66 33
rect:513 150 121 101 6
rect:559 162 93 76 33
rect:2 326 608 288 10
rect:156 164 65 85 33
rect:32 178 86 71 33
rect:548 292 50 211 32
rect:324 98 59 30 6
rect:477 458 55 76 34
rect:458 400 100 78 6
rect:590 138 54 147 34
rect:534 365 62 53 6
rect:543 356 96 51 33
rect:363 275 43 70 6
rect:498 66 148 235 31
rect:444 285 151 180 31
Bingol2003_02.jpg 0x0
rect:763 54 161 96 36
rect:491 290 125 116 26
rect:152 340 188 228 32
rect:256 179 513 603 31
rect:199 117 524 191 34
rect:534 178 490 144 35
rect:238 292 87 419 32
rect:293 324 74 61 6
Bingol2003_03.jpg 0x0
rect:761 317 212 511 4
rect:154 41 89 141 33
rect:310 150 297 129 2
rect:640 615 193 423 2
rect:502 -9 345 229 4
rect:74 18 119 41 2
rect:430 167 204 70 11
Bingol2003_04.jpg 0x0
rect:110 630 25 83 3
rect:264 324 44 105 3
rect:202 425 210 209 2
rect:93 429 71 78 2
rect:246 196 171 132 4
rect:159 444 23 60 3
rect:406 460 125 82 2
rect:234 361 30 94 3
CanterburyNZSeries2010_01.jpg 0x0
rect:96 87 120 264 12
CanterburyNZSeries2010_02.jpg 0x0
rect:39 11 163 268 37
rect:71 34 154 166 6
CanterburyNZSeries2010_03.jpg 0x0
rect:34 93 344 107 38
CanterburyNZSeries2010_04.jpg 0x0
rect:263 237 153 340 39
rect:247 463 29 50 40
rect:390 345 58 123 40
rect:203 544 81 220 41
rect:313 413 32 200 40
rect:296 9 100 158 42
rect:324 467 21 53 40
rect:385 318 17 61 40
CanterburyNZSeries2010_05.jpg 0x0
rect:292 479 223 410 4
rect:315 213 137 115 15
CanterburyNZSeries2010_06.jpg 0x0
rect:264 173 201 98 2
rect:83 151 736 440 4
CanterburyNZSeries2010_08.jpg 0x0
rect:617 403 52 110 44
rect:590 412 34 205 32
rect:731 469 94 148 44
rect:425 161 139 241 43
CanterburyNZSeries2010_09.jpg 0x0
rect:297 226 151 473 39
rect:298 165 183 263 45
CanterburyNZSeries2010_10.jpg 0x0
rect:184 279 375 245 6
rect:339 232 203 159 7
rect:312 402 270 56 46
rect:229 540 326 108 6
CanterburyNZSeries2010_11.jpg 0x0
rect:304 300 224 111 7
rect:255 417 309 142 5
CanterburyNZSeries2010_12.jpg 0x0
rect:60 351 991 341 2
rect:5 257 941 442 47
rect:719 392 155 47 11
rect:145 652 174 42 11
CanterburyNZSeries2010_13.jpg 0x0
rect:179 16 430 526 12
rect:445 132 86 524 11
Caracas1967_01.jpg 0x0
rect:365 178 11 64 48
rect:211 125 33 107 48
rect:443 81 221 297 48
rect:413 198 64 88 48
Caracas1967_02.jpg 0x0
rect:104 523 41 45 50
rect:111 366 35 43 49
rect:301 1 90 123 15
rect:161 158 154 300 51
Caracas1967_03.jpg 0x0
rect:197 477 25 77 27
rect:223 483 61 61 26
rect:260 395 23 157 27
rect:19 447 304 122 6
rect:348 66 60 124 14
rect:258 381 126 166 34
Caracas1967_04.jpg 0x0
rect:141 238 43 107 26
rect:171 260 20 98 27
rect:106 220 219 203 34
Caracas1967_05.jpg 0x0
rect:58 360 269 239 52
rect:428 179 45 331 40
rect:142 289 41 268 40
rect:53 164 301 563 41
rect:215 202 59 173 40
rect:212 270 184 192 52
rect:61 359 54 326 40
rect:32 95 265 619 48
rect:171 328 44 275 40
rect:184 186 54 301 40
Caracas1967_06.jpg 0x0
rect:360 109 200 204 7
rect:336 251 66 37 6
Caracas1967_07.jpg 0x0
rect:369 391 76 94 53
rect:168 139 146 250 34
rect:468 293 97 93 53
rect:427 276 141 279 34
rect:473 57 37 222 27
rect:282 128 46 230 27
rect:450 8 76 291 34
Caracas1967_08.jpg 0x0
rect:457 193 73 95 54
rect:273 294 77 99 54
rect:258 225 48 84 55
Caracas1967_09.jpg 0x0
rect:83 268 47 60 48
rect:335 14 262 147 48
rect:24 248 51 39 48
rect:188 125 127 58 48
Caracas1967_10.jpg 0x0
rect:284 306 65 147 40
rect:266 231 81 138 40
rect:49 234 253 229 41
rect:15 127 325 481 48
Caracas1967_11.jpg 0x0
rect:40 281 220 443 41
rect:257 17 132 269 41
rect:51 16 433 630 48
Caracas1967_12.jpg 0x0
rect:527 259 32 53 34
rect:542 281 30 33 32
rect:588 316 24 49 32
rect:184 316 33 58 56
Caracas1967_13.jpg 0x0
rect:143 461 103 281 55
Caracas1967_14.jpg 0x0
rect:147 313 218 53 6
rect:157 151 722 225 57
Chichi1999_01.jpg 0x0
rect:405 174 41 282 42
rect:4 9 812 145 58
Chichi1999_02.jpg 0x0
rect:5 91 403 151 58
rect:478 83 207 502 59
Chichi1999_03.jpg 0x0
rect:0 149 688 136 58
rect:95 192 56 89 60
Chichi1999_04.jpg 0x0
rect:254 -14 46 99 48
rect:241 323 35 53 52
rect:237 213 61 424 48
Chichi1999_05.jpg 0x0
rect:310 186 35 32 41
rect:468 103 65 49 41
rect:255 157 70 280 48
rect:329 171 41 73 52
Chichi1999_06.jpg 0x0
rect:336 231 60 101 48
rect:425 125 66 65 62
rect:760 -11 77 68 61
rect:676 212 48 74 41
rect:211 18 391 124 10
rect:407 188 16 22 52
Chichi1999_07.jpg 0x0
rect:72 190 463 125 63
rect:331 241 38 47 64
rect:499 171 60 110 48
rect:115 221 53 204 48
rect:424 254 38 128 48
rect:750 308 17 25 64
rect:164 158 20 59 64
Chichi1999_08.jpg 0x0
rect:70 15 628 615 10
Chichi1999_09.jpg 0x0
rect:268 61 215 123 48
rect:228 99 143 94 41
rect:218 112 48 78 40
rect:258 119 34 104 40
Chichi1999_10.jpg 0x0
rect:226 22 547 419 10
Chichi1999_11.jpg 0x0
rect:2 171 236 466 10
rect:112 187 102 77 65
Chichi1999_12.jpg 0x0
rect:10 32 528 473 66
Chichi1999_13.jpg 0x0
rect:42 52 862 399 10
Chichi1999_14.jpg 0x0
rect:452 387 37 53 67
rect:369 429 25 42 39
rect:105 580 40 51 67
rect:143 315 29 42 67
rect:182 396 38 43 67
rect:373 343 26 34 39
rect:92 273 65 85 67
rect:164 164 91 56 67
rect:145 337 22 65 67
rect:71 342 50 52 67
rect:343 429 18 29 39
rect:67 535 43 63 67
rect:216 279 34 43 67
rect:258 169 14 31 67
rect:220 337 23 23 39
rect:242 581 79 88 67
rect:130 411 28 43 67
Chichi1999_15.jpg 0x0
rect:234 25 280 570 41
Chichi1999_16.jpg 0x0
rect:201 145 77 165 32
Chichi1999_17.jpg 0x0
rect:112 337 25 52 32
Chichi1999_18.jpg 0x0
rect:191 167 22 161 69
rect:228 188 26 134 69
rect:196 215 184 541 68
rect:206 324 39 153 69
rect:251 360 46 117 70
rect:175 170 39 71 69
Chichi1999_19.jpg 0x0
rect:167 22 334 331 2
rect:171 150 190 194 3
YogyakartaInd2006_03.jpg 0x0
rect:311 97 78 32 16
rect:170 234 375 109 71
rect:315 151 75 35 15
rect:297 33 116 2 15
rect:332 385 53 38 16
rect:219 350 161 39 15
rect:312 86 94 50 15
rect:263 135 24 7 16
Chichi1999_20.jpg 0x0
rect:174 153 83 446 42
rect:249 464 58 195 41
Chichi1999_21.jpg 0x0
rect:138 297 165 117 37
rect:243 104 158 205 72
rect:432 7 120 84 57
rect:438 30 241 142 37
rect:313 342 104 144 6
rect:91 265 153 108 5
rect:309 148 170 84 6
rect:17 4 179 137 30
Chichi1999_22.jpg 0x0
rect:230 183 387 158 10
rect:483 235 16 25 73
rect:308 183 16 26 73
rect:288 197 16 18 73
Chichi1999_23.jpg 0x0
rect:239 197 29 27 26
rect:125 211 55 60 73
rect:4 54 504 136 74
rect:384 191 43 26 27
rect:250 343 85 107 73
rect:338 220 39 95 34
rect:142 374 55 134 73
rect:189 215 21 30 34
rect:131 433 44 92 34
rect:296 163 56 61 73
Chichi1999_24.jpg 0x0
rect:331 344 1 2 46
rect:164 282 92 41 34
rect:247 189 33 52 46
rect:187 223 142 66 75
rect:3 339 380 240 74
Chichi1999_25.jpg 0x0
rect:232 416 59 79 26
rect:196 261 155 289 34
rect:126 148 149 315 73
Chichi1999_26.jpg 0x0
rect:124 594 92 125 73
rect:133 586 62 53 26
rect:140 701 152 119 27
rect:273 199 44 98 73
rect:248 17 40 41 73
rect:225 345 137 501 76
Chichi1999_27.jpg 0x0
rect:158 201 104 266 32
Chichi1999_28.jpg 0x0
rect:207 177 171 241 75
rect:23 84 277 168 6
rect:306 267 214 111 77
rect:134 84 128 204 5
Chichi1999_29.jpg 0x0
rect:223 308 103 120 52
rect:142 274 236 334 48
rect:196 203 125 135 40
Chichi1999_30.jpg 0x0
rect:25 212 72 193 73
rect:238 115 135 71 52
rect:193 158 173 42 78
rect:237 145 211 344 40
Chichi1999_31.jpg 0x0
rect:484 98 48 147 48
rect:135 118 164 206 79
Chichi1999_32.jpg 0x0
rect:206 230 33 152 81
rect:181 60 58 119 81
rect:455 121 35 255 39
rect:136 9 89 325 80
Chichi1999_33.jpg 0x0
rect:56 70 169 376 33
rect:140 153 115 211 32
rect:319 67 160 237 32
rect:380 117 33 141 49
rect:330 80 124 203 56
rect:111 176 47 83 49
Chichi1999_34.jpg 0x0
rect:115 127 455 459 10
Duzce1999_01.jpg 0x0
rect:159 100 139 106 41
rect:105 79 124 358 39
Duzce1999_02.jpg 0x0
rect:93 65 139 464 41
Duzce1999_03.jpg 0x0
rect:113 103 108 271 42
rect:196 134 89 323 31
rect:0 202 139 195 31
Gediz1970_01.jpg 0x0
rect:114 135 305 645 68
rect:282 556 79 146 69
rect:124 280 120 277 69
Guatemala1976_01.jpg 0x0
rect:24 99 536 203 82
rect:55 133 56 45 41
rect:531 220 56 84 41
rect:41 213 96 92 48
rect:75 279 47 40 52
rect:618 189 135 159 48
Guatemala1976_02.jpg 0x0
rect:276 84 119 93 40
rect:197 65 359 190 48
Guatemala1976_03.jpg 0x0
rect:17 98 698 258 75
Guatemala1976_04.jpg 0x0
rect:53 90 497 310 30
rect:137 19 274 63 30
rect:527 313 81 219 4
rect:564 166 95 373 4
Guatemala1976_05.jpg 0x0
rect:177 63 500 279 48
rect:160 119 254 145 40
rect:217 140 346 155 41
Guatemala1976_06.jpg 0x0
rect:120 123 202 314 39
Guatemala1976_07.jpg 0x0
rect:23 236 47 64 6
rect:27 308 395 443 10
rect:213 558 109 67 83
Guatemala1976_08.jpg 0x0
rect:155 30 431 491 48
rect:156 62 455 439 41
rect:263 97 146 348 40
Guatemala1976_09.jpg 0x0
rect:220 200 50 36 84
rect:74 349 29 25 85
rect:441 242 56 44 84
rect:256 306 86 39 85
rect:190 175 53 45 85
rect:707 276 43 65 85
rect:76 369 27 23 84
rect:481 285 45 71 84
Guatemala1976_10.jpg 0x0
rect:167 160 302 178 87
rect:279 215 263 359 86
rect:403 407 32 119 87
Guatemala1976_11.jpg 0x0
rect:207 275 136 202 34
GujaratIndia2001_01.jpg 0x0
rect:61 449 46 32 2
rect:226 423 204 70 2
rect:377 457 73 62 11
rect:24 485 223 197 4
Haiti2010_01.jpg 0x0
rect:342 167 136 313 41
rect:494 247 120 79 4
rect:357 261 25 123 40
rect:600 544 231 276 4
rect:126 47 88 90 7
Haiti2010_02.jpg 0x0
rect:322 31 158 42 14
rect:42 119 478 276 88
Haiti2010_03.jpg 0x0
rect:292 1 87 782 32
rect:287 488 60 51 49
rect:295 595 282 170 89
rect:251 413 217 180 32
Haiti2010_04.jpg 0x0
rect:2 125 223 135 6
rect:214 303 212 569 41
rect:264 43 171 346 34
Haiti2010_05.jpg 0x0
rect:304 332 36 107 40
rect:299 174 198 127 52
rect:318 216 312 475 90
rect:391 252 29 76 40
Haiti2010_06.jpg 0x0
rect:408 201 194 417 33
rect:533 133 461 705 91
rect:666 174 65 95 34
rect:254 184 308 498 91
rect:329 289 47 172 32
rect:385 196 74 56 6
rect:218 374 35 50 34
ImperialValley1979_01.jpg 0x0
rect:622 273 20 15 49
rect:558 303 51 34 32
rect:12 231 109 113 32
rect:480 224 27 50 50
rect:18 329 71 67 49
rect:40 220 122 83 50
rect:333 394 48 28 49
rect:314 306 62 69 32
rect:435 337 22 18 49
rect:500 271 36 30 32
rect:349 259 34 69 50
ImperialValley1979_02.jpg 0x0
rect:196 99 88 211 50
rect:209 101 225 272 32
rect:232 230 161 55 49
rect:216 177 353 70 92
rect:491 112 74 209 50
rect:249 130 53 159 50
ImperialValley1979_03.jpg 0x0
rect:174 305 73 133 50
rect:379 239 88 210 50
rect:133 294 244 206 32
rect:122 299 345 42 92
rect:100 187 81 271 50
rect:143 336 265 42 92
rect:122 146 260 150 32
Izmit1999_01.jpg 0x0
rect:235 246 42 93 27
rect:246 116 48 144 27
rect:200 68 422 363 34
rect:203 169 44 99 27
rect:345 329 49 75 26
Izmit1999_02.jpg 0x0
rect:26 104 854 332 10
Izmit1999_03.jpg 0x0
rect:196 33 323 502 93
rect:479 95 64 210 50
rect:173 140 41 176 50
rect:400 110 39 314 50
rect:169 85 58 380 50
rect:506 112 42 208 50
rect:192 71 288 313 32
rect:223 207 374 40 92
Izmit1999_04.jpg 0x0
rect:421 96 61 79 41
rect:448 476 23 58 40
rect:47 426 39 129 41
rect:366 313 18 56 40
rect:45 493 70 56 34
rect:56 483 33 93 42
rect:97 640 215 148 88
rect:319 305 111 101 41
rect:364 75 96 117 48
rect:130 324 150 85 88
Izmit1999_05.jpg 0x0
rect:77 19 585 449 10
Izmit1999_06.jpg 0x0
rect:147 169 246 512 32
rect:242 296 64 149 50
rect:184 271 94 204 50
rect:117 299 64 219 50
rect:143 303 170 72 49
rect:221 315 52 127 50
Izmit1999_07.jpg 0x0
rect:392 103 73 62 3
rect:407 51 152 54 6
rect:308 260 90 456 4
rect:139 362 55 139 3
rect:293 224 45 91 3
rect:273 200 61 73 3
rect:28 106 377 733 2
Izmit1999_08.jpg 0x0
rect:131 28 63 101 34
rect:610 94 71 70 41
rect:135 87 80 58 41
rect:644 66 73 36 52
rect:443 6 74 90 45
rect:143 366 95 86 45
rect:154 262 268 149 88
Izmit1999_09.jpg 0x0
rect:588 168 43 88 94
rect:45 217 54 61 41
rect:643 250 64 70 41
rect:255 244 36 23 41
rect:306 296 78 78 41
rect:327 229 121 91 94
Izmit1999_10.jpg 0x0
rect:146 307 268 72 78
rect:113 156 110 313 40
rect:206 345 50 59 40
rect:199 132 62 136 40
rect:355 101 101 141 40
rect:84 146 97 252 40
rect:55 238 254 42 78
rect:129 427 189 27 78
rect:238 471 71 20 78
rect:291 632 111 103 40
rect:72 185 307 558 41
Izmit1999_11.jpg 0x0
rect:154 255 89 178 40
rect:224 156 81 195 40
rect:294 331 97 129 40
rect:253 241 155 211 41
rect:256 405 98 163 41
Izmit1999_12.jpg 0x0
rect:369 205 68 123 41
rect:338 161 189 192 91
rect:1 276 32 43 41
rect:328 181 43 28 6
rect:524 79 34 94 41
rect:99 233 27 45 40
rect:408 224 48 69 41
rect:169 271 101 65 88
rect:98 55 38 26 6
rect:315 23 83 70 34
rect:390 225 67 103 94
rect:296 130 36 115 42
rect:427 290 75 93 52
rect:52 327 55 103 94
rect:278 130 51 100 45
rect:465 114 86 41 7
rect:71 270 72 73 52
rect:17 57 58 26 6
Izmit1999_13.jpg 0x0
rect:5 94 77 170 42
rect:330 117 75 123 41
rect:158 218 103 162 94
rect:203 222 58 49 52
rect:319 70 185 354 48
rect:82 162 65 36 6
rect:182 193 39 71 41
rect:209 221 33 97 41
rect:366 167 77 242 41
Izmit1999_14.jpg 0x0
rect:426 88 59 85 34
rect:481 7 122 68 35
rect:567 239 81 57 34
rect:453 197 92 63 35
rect:364 387 41 18 34
rect:447 54 65 68 95
rect:604 273 60 46 34
rect:189 280 44 29 34
rect:58 114 131 69 34
Izmit1999_15.jpg 0x0
rect:111 240 327 436 42
Izmit1999_16.jpg 0x0
rect:87 70 246 259 39
rect:152 136 44 139 40
rect:178 119 169 112 41
rect:114 86 335 493 33
Izmit1999_17.jpg 0x0
rect:114 142 226 251 41
Izmit1999_18.jpg 0x0
rect:170 222 122 178 41
rect:201 142 106 280 39
Izmit1999_19.jpg 0x0
rect:299 134 213 316 32
rect:545 113 19 79 50
rect:242 82 181 245 96
rect:496 112 23 72 50
Kobe1995_01.jpg 0x0
rect:23 133 698 187 63
Kobe1995_02.jpg 0x0
rect:2 78 354 566 68
Kobe1995_03.jpg 0x0
rect:37 71 474 532 10
Kobe1995_04.jpg 0x0
rect:439 356 66 66 41
Kobe1995_05.jpg 0x0
rect:4 133 98 562 40
rect:343 194 205 410 40
rect:141 188 188 549 52
rect:39 214 346 79 78
rect:66 464 278 126 78
Kobe1995_06.jpg 0x0
rect:185 488 343 378 42
rect:43 124 396 369 41
Kobe1995_07.jpg 0x0
rect:406 207 35 35 39
rect:141 273 36 52 39
rect:99 240 34 35 39
rect:422 188 47 38 39
rect:141 253 24 33 39
rect:416 300 21 44 39
rect:261 283 33 39 39
rect:124 184 31 40 39
rect:130 202 43 52 39
rect:386 310 28 33 39
rect:383 112 37 34 39
rect:272 284 43 39 39
rect:288 279 28 52 39
rect:61 259 39 63 39
rect:55 383 42 23 39
rect:312 182 52 53 39
rect:358 327 42 34 39
rect:211 275 35 39 39
rect:271 554 34 29 39
rect:285 362 49 42 39
rect:167 334 27 41 39
rect:222 87 25 31 39
rect:296 253 46 20 39
rect:403 196 41 46 39
rect:322 123 26 24 39
rect:351 503 25 49 39
Kobe1995_08.jpg 0x0
rect:394 76 313 227 97
Kobe1995_09.jpg 0x0
rect:92 519 81 75 88
rect:81 441 71 103 88
rect:98 725 81 85 88
rect:254 677 262 56 97
SanSalvador_1986_01.jpg 0x0
rect:57 3 139 162 68
rect:262 126 148 170 41
SanSalvador_1986_02.jpg 0x0
rect:619 180 35 40 41
rect:419 314 36 35 41
rect:664 174 41 52 42
rect:535 181 50 48 41
rect:163 303 40 33 41
rect:161 325 29 46 41
rect:249 204 32 49 41
rect:139 172 32 26 41
rect:241 149 19 34 41
SikkimIndia2001_01.jpg 0x0
rect:234 192 107 119 34
SikkimIndia2001_02.jpg 0x0
rect:531 125 88 184 33
rect:457 118 87 30 16
rect:450 333 115 23 16
rect:8 5 351 97 16
rect:355 175 65 32 16
rect:167 94 155 319 33
rect:-17 2 404 131 33
rect:7 179 74 44 54
SikkimIndia2001_03.jpg 0x0
rect:203 230 110 175 70
rect:171 108 74 157 69
rect:266 9 130 503 98
SikkimIndia2001_04.jpg 0x0
rect:472 230 298 93 99
rect:214 190 77 180 34
rect:3 36 343 304 99
SumatraInd2009_01.jpg 0x0
rect:361 21 62 276 81
SumatraInd2009_02.jpg 0x0
rect:147 94 130 129 41
WhittierNarrows1987_01.jpg 0x0
rect:13 36 645 396 10
WhittierNarrows1987_02.jpg 0x0
rect:158 207 99 228 41
WhittierNarrows1987_03.jpg 0x0
rect:351 157 117 218 32
WhittierNarrows1987_04.jpg 0x0
rect:287 40 105 228 41
rect:268 8 261 60 6
rect:319 17 211 128 100
YogyakartaInd2006_01.jpg 0x0
rect:207 175 241 100 49
rect:280 41 240 309 32
rect:222 -26 464 582 29
YogyakartaInd2006_02.jpg 0x0
rect:394 60 141 431 98
rect:396 118 89 170 70
rect:401 139 38 188 69
