Anchorage1964_01.jpg 0x0
rect:91 7 261 197 1
rect:107 408 308 256 1
Anchorage1964_02.jpg 0x0
rect:365 231 72 48 4
rect:203 277 35 50 3
rect:274 313 25 69 3
rect:35 19 134 50 5
rect:93 287 44 14 6
rect:223 177 439 84 2
rect:55 48 88 12 6
rect:173 44 191 80 4
rect:633 353 14 70 3
rect:39 246 193 54 5
rect:449 180 34 72 3
rect:482 286 21 46 3
rect:643 46 115 137 8
rect:349 313 33 50 3
rect:180 203 73 55 7
rect:197 57 91 86 4
rect:270 315 23 54 3
rect:616 250 18 60 3
rect:107 195 17 24 6
Anchorage1964_03.jpg 0x0
rect:211 91 295 240 9
rect:2 196 205 89 9
rect:0 320 446 59 10
Anchorage1964_04.jpg 0x0
rect:152 312 25 21 5
rect:401 248 31 16 5
rect:291 69 25 17 5
rect:352 165 23 15 5
rect:159 174 30 22 5
rect:112 413 42 16 5
rect:213 340 27 33 1
rect:304 338 25 12 5
rect:300 237 17 25 1
rect:200 32 34 17 5
rect:162 156 24 16 5
rect:350 32 35 17 5
rect:338 134 18 18 1
rect:172 303 24 16 5
rect:282 118 21 28 1
rect:281 209 36 15 5
rect:303 354 26 17 5
rect:327 283 20 27 1
rect:361 324 31 17 5
rect:147 429 75 17 2
rect:454 99 33 21 5
rect:305 285 28 20 5
rect:197 163 35 20 5
rect:182 466 27 23 5
rect:303 437 27 28 1
rect:226 254 11 29 1
rect:312 311 12 23 1
rect:313 385 8 1 1
rect:161 141 21 21 5
rect:323 341 40 21 5
rect:276 188 23 27 8
rect:218 114 30 22 5
rect:426 361 19 22 5
rect:140 68 28 14 5
rect:324 119 40 27 5
rect:159 181 22 18 5
rect:250 155 15 28 1
rect:267 322 13 29 1
rect:215 430 16 25 1
Anchorage1964_05.jpg 0x0
rect:269 185 17 18 11
rect:58 66 23 45 1
rect:130 18 22 28 1
rect:368 63 32 66 1
rect:454 256 58 74 8
rect:25 373 26 65 1
rect:390 77 32 60 1
rect:643 28 43 64 1
rect:242 44 110 43 6
rect:76 200 22 51 1
rect:44 192 13 43 1
rect:45 282 26 36 1
rect:191 126 127 18 5
rect:68 95 21 44 1
rect:365 176 44 46 1
rect:58 418 21 50 1
rect:414 167 30 28 11
rect:510 397 55 17 6
rect:734 255 72 26 5
rect:208 60 67 29 5
rect:302 191 130 61 2
rect:556 218 74 40 5
rect:595 165 55 79 1
rect:533 1 54 63 1
rect:163 161 133 40 6
rect:491 466 35 60 8
rect:591 192 59 28 6
rect:636 306 56 45 1
rect:63 282 20 55 1
Anchorage1964_06.jpg 0x0
rect:129 57 235 390 12
rect:172 113 122 227 3
rect:190 210 73 69 11
Anchorage1964_07.jpg 0x0
rect:11 299 265 24 11
rect:6 66 926 525 2
rect:293 122 63 85 13
rect:227 153 132 100 11
rect:230 2 128 77 2
rect:367 350 364 255 2
rect:431 180 105 61 11
rect:6 440 478 25 14
rect:352 101 47 123 3
Anchorage1964_08.jpg 0x0
rect:52 219 102 91 1
rect:391 27 103 115 1
rect:451 371 111 156 1
rect:43 578 98 145 1
rect:63 60 129 98 1
rect:344 217 160 111 1
Anchorage1964_09.jpg 0x0
rect:18 120 15 12 16
rect:821 88 123 16 15
rect:180 131 374 9 15
rect:350 152 77 30 15
rect:99 139 61 55 1
rect:57 187 49 13 16
rect:528 187 100 94 1
rect:738 165 1 1 16
rect:767 12 93 10 16
rect:421 170 50 81 1
rect:561 7 299 10 15
rect:258 178 70 48 1
rect:106 340 88 86 8
rect:10 22 46 11 16
rect:667 226 71 86 8
rect:13 152 129 17 15
rect:468 38 62 70 8
rect:128 30 77 58 8
rect:10 16 399 15 15
Anchorage1964_10.jpg 0x0
rect:213 346 107 96 17
rect:195 234 216 98 18
rect:77 147 301 298 1
rect:78 469 214 113 18
Anchorage1964_11.jpg 0x0
rect:93 316 659 24 14
rect:718 86 204 67 1
rect:51 349 464 12 14
rect:142 232 568 94 2
rect:389 152 304 39 11
rect:125 61 140 86 4
rect:206 195 388 17 15
rect:577 6 103 35 1
Anchorage1964_12.jpg 0x0
rect:399 74 181 193 11
rect:422 115 46 216 3
rect:10 91 501 196 2
rect:487 76 63 137 3
rect:179 175 30 95 3
Anchorage1964_13.jpg 0x0
rect:332 408 31 174 20
rect:238 640 178 26 2
rect:316 366 136 16 19
Anchorage1964_14.jpg 0x0
rect:310 505 135 98 23
rect:88 754 51 85 22
rect:9 611 223 91 11
rect:274 217 59 75 21
rect:32 711 53 79 22
rect:60 356 119 33 15
rect:244 9 77 228 11
rect:23 609 35 55 22
rect:165 15 103 628 20
rect:351 224 160 42 15
rect:219 439 46 74 22
rect:454 5 71 156 11
Anchorage1964_15.jpg 0x0
rect:194 70 84 333 20
rect:462 338 82 34 24
rect:218 618 184 47 2
rect:234 9 76 72 4
rect:298 9 124 66 4
rect:239 230 146 53 15
rect:360 222 146 49 11
rect:233 135 37 74 11
rect:293 101 49 65 25
Anchorage1964_16.jpg 0x0
rect:208 270 202 239 11
rect:66 423 71 78 11
rect:365 290 104 137 2
rect:238 93 198 131 2
rect:10 418 67 77 2
rect:12 110 206 177 2
Anchorage1964_17.jpg 0x0
rect:11 95 344 128 9
rect:213 48 204 176 9
rect:9 220 501 269 10
Anchorage1964_18.jpg 0x0
rect:660 161 119 101 4
rect:128 263 77 46 11
rect:451 395 92 16 2
rect:637 326 48 23 2
rect:137 180 22 49 11
rect:477 201 414 33 15
rect:281 346 25 49 11
rect:500 132 80 101 4
rect:560 313 52 19 2
rect:175 194 85 133 4
Anchorage1964_19.jpg 0x0
rect:29 299 28 131 27
rect:404 190 8 21 26
rect:435 327 18 49 26
rect:350 114 58 58 26
rect:469 124 38 26 28
rect:392 63 77 166 29
rect:425 178 7 17 26
rect:236 79 33 41 27
rect:375 287 14 37 26
rect:552 205 28 36 28
rect:524 134 20 29 26
rect:510 168 6 14 26
rect:353 293 38 56 26
rect:761 123 7 8 26
rect:337 101 23 35 26
rect:5 316 58 176 26
rect:267 69 49 104 29
rect:436 170 21 66 29
Anchorage1964_20.jpg 0x0
rect:163 112 77 89 26
rect:222 99 72 63 27
rect:227 71 134 160 29
rect:568 582 31 58 26
rect:287 447 75 116 26
Anchorage1964_21.jpg 0x0
rect:-6 71 98 149 29
rect:67 400 32 33 26
rect:2 109 39 38 26
rect:201 129 737 124 30
Bingol2003_01.jpg 0x0
rect:609 180 33 40 6
rect:462 303 170 210 31
rect:310 204 80 93 33
rect:720 112 115 92 6
rect:27 198 75 70 33
rect:627 367 35 54 34
rect:158 289 70 76 33
rect:860 550 103 36 33
rect:549 223 51 102 34
rect:497 442 119 84 6
rect:368 79 94 70 6
rect:1000 229 115 58 33
rect:172 68 88 27 6
rect:2 279 842 237 10
rect:459 482 73 92 6
rect:644 315 87 73 33
rect:324 356 68 166 32
rect:381 64 202 178 31
rect:468 344 68 73 6
Bingol2003_02.jpg 0x0
rect:146 91 349 150 34
rect:1025 47 135 56 36
rect:214 229 602 362 31
rect:650 316 111 95 26
rect:204 276 87 430 32
rect:151 590 209 196 32
rect:304 469 69 91 6
rect:431 194 452 129 35
Bingol2003_03.jpg 0x0
rect:710 221 326 741 4
rect:596 -6 333 271 4
rect:269 179 416 121 2
rect:731 605 323 345 2
rect:118 48 90 155 33
rect:427 279 173 68 11
rect:68 26 168 46 2
Bingol2003_04.jpg 0x0
rect:63 460 25 62 3
rect:291 249 113 221 4
rect:203 346 308 195 2
rect:245 702 153 55 2
rect:70 780 124 63 2
rect:111 521 30 75 3
rect:222 469 40 104 3
rect:165 548 31 110 3
CanterburyNZSeries2010_01.jpg 0x0
rect:119 131 121 210 12
CanterburyNZSeries2010_02.jpg 0x0
rect:53 59 175 300 6
rect:53 10 163 209 37
CanterburyNZSeries2010_03.jpg 0x0
rect:31 51 248 138 38
CanterburyNZSeries2010_04.jpg 0x0
rect:150 463 119 238 41
rect:232 9 95 183 42
rect:258 358 50 118 40
rect:267 382 35 71 40
rect:171 294 214 305 39
rect:324 480 33 172 40
rect:408 348 19 42 40
rect:424 434 15 45 40
CanterburyNZSeries2010_05.jpg 0x0
rect:322 214 173 96 15
rect:337 260 254 293 4
CanterburyNZSeries2010_06.jpg 0x0
rect:204 278 253 92 2
rect:46 95 991 634 4
CanterburyNZSeries2010_08.jpg 0x0
rect:979 301 74 120 44
rect:995 622 34 208 32
rect:571 126 152 281 43
rect:733 634 71 135 44
CanterburyNZSeries2010_09.jpg 0x0
rect:344 285 152 433 39
rect:269 153 138 236 45
CanterburyNZSeries2010_10.jpg 0x0
rect:271 202 307 116 7
rect:348 401 191 93 46
rect:277 552 251 81 6
rect:159 258 322 279 6
CanterburyNZSeries2010_11.jpg 0x0
rect:375 253 233 112 7
rect:319 402 260 256 5
CanterburyNZSeries2010_12.jpg 0x0
rect:572 570 159 84 11
rect:196 417 166 62 11
rect:5 333 1182 351 47
rect:60 326 980 392 2
CanterburyNZSeries2010_13.jpg 0x0
rect:116 19 346 648 12
rect:473 129 148 457 11
Caracas1967_01.jpg 0x0
rect:313 146 34 92 48
rect:308 184 70 77 48
rect:453 81 146 233 48
rect:241 135 13 71 48
Caracas1967_02.jpg 0x0
rect:92 466 38 47 50
rect:165 446 34 68 49
rect:206 1 108 147 15
rect:175 260 192 277 51
Caracas1967_03.jpg 0x0
rect:308 291 75 63 26
rect:19 446 312 98 6
rect:335 81 87 96 14
rect:333 311 23 48 27
rect:196 420 149 205 34
rect:253 377 23 144 27
Caracas1967_04.jpg 0x0
rect:165 274 223 122 34
rect:100 478 25 104 27
rect:142 448 60 136 26
Caracas1967_05.jpg 0x0
rect:288 302 136 104 52
rect:42 126 308 370 41
rect:427 171 48 320 40
rect:230 301 33 185 40
rect:67 229 68 331 40
rect:173 245 53 216 40
rect:145 311 37 198 40
rect:64 276 302 223 52
rect:151 413 43 164 40
rect:22 85 514 522 48
Caracas1967_06.jpg 0x0
rect:274 92 250 290 7
rect:392 338 94 63 6
Caracas1967_07.jpg 0x0
rect:595 390 92 55 53
rect:444 37 30 279 27
rect:555 357 85 116 53
rect:160 97 44 260 27
rect:358 7 72 255 34
rect:449 188 174 263 34
rect:169 166 201 278 34
Caracas1967_08.jpg 0x0
rect:307 312 67 129 54
rect:325 205 94 155 54
rect:211 316 69 114 55
Caracas1967_09.jpg 0x0
rect:28 312 41 58 48
rect:101 163 62 86 48
rect:214 172 87 65 48
rect:541 14 165 111 48
Caracas1967_10.jpg 0x0
rect:434 418 51 207 40
rect:22 177 516 448 48
rect:394 166 104 227 40
rect:46 162 203 288 41
Caracas1967_11.jpg 0x0
rect:76 187 296 409 41
rect:306 12 140 191 41
rect:38 15 504 597 48
Caracas1967_12.jpg 0x0
rect:616 279 29 70 32
rect:627 340 45 51 34
rect:298 242 30 36 56
rect:867 269 18 60 32
Caracas1967_13.jpg 0x0
rect:193 511 160 251 55
Caracas1967_14.jpg 0x0
rect:93 109 776 152 57
rect:177 295 365 40 6
Chichi1999_01.jpg 0x0
rect:4 8 527 127 58
rect:317 121 57 181 42
Chichi1999_02.jpg 0x0
rect:6 92 455 174 58
rect:295 79 233 308 59
Chichi1999_03.jpg 0x0
rect:66 191 68 104 60
rect:0 190 683 191 58
Chichi1999_04.jpg 0x0
rect:252 313 34 53 52
rect:175 236 56 276 48
rect:300 -17 53 105 48
Chichi1999_05.jpg 0x0
rect:346 329 31 37 41
rect:463 155 84 205 48
rect:487 98 52 68 41
rect:296 134 42 63 52
Chichi1999_06.jpg 0x0
rect:760 -12 105 62 61
rect:785 205 33 42 41
rect:266 161 52 77 48
rect:280 105 48 87 62
rect:270 259 26 35 52
rect:169 18 580 158 10
Chichi1999_07.jpg 0x0
rect:52 267 470 138 63
rect:685 203 15 20 64
rect:443 158 61 165 48
rect:380 158 35 29 64
rect:567 182 48 118 48
rect:151 141 57 201 48
rect:130 140 29 38 64
Chichi1999_08.jpg 0x0
rect:76 15 712 423 10
Chichi1999_09.jpg 0x0
rect:182 89 142 145 48
rect:243 97 38 94 40
rect:177 92 41 96 40
rect:214 130 160 127 41
Chichi1999_10.jpg 0x0
rect:196 24 713 316 10
Chichi1999_11.jpg 0x0
rect:179 217 97 118 65
rect:2 98 197 664 10
Chichi1999_12.jpg 0x0
rect:11 27 481 599 66
Chichi1999_13.jpg 0x0
rect:27 57 640 344 10
Chichi1999_14.jpg 0x0
rect:199 437 36 30 67
rect:350 336 44 57 39
rect:238 469 26 16 39
rect:190 235 102 59 67
rect:197 447 29 60 67
rect:122 351 66 39 67
rect:123 521 32 52 67
rect:337 331 25 34 39
rect:262 174 22 42 67
rect:418 416 38 56 67
rect:192 370 37 37 67
rect:138 312 39 59 67
rect:455 399 78 71 67
rect:93 291 39 47 67
rect:70 514 43 52 67
rect:225 557 25 24 39
rect:121 237 57 49 67
Chichi1999_15.jpg 0x0
rect:289 24 263 452 41
Chichi1999_16.jpg 0x0
rect:202 146 88 145 32
Chichi1999_17.jpg 0x0
rect:125 400 25 48 32
Chichi1999_18.jpg 0x0
rect:309 239 31 184 69
rect:204 301 47 120 70
rect:159 319 18 132 69
rect:281 334 33 180 69
rect:153 186 103 382 68
rect:183 198 45 103 69
Chichi1999_19.jpg 0x0
rect:307 81 227 346 3
rect:143 27 186 531 2
YogyakartaInd2006_03.jpg 0x0
rect:164 356 287 127 71
rect:275 32 91 2 15
rect:285 546 213 36 15
rect:412 86 171 70 15
rect:220 195 26 7 16
rect:183 186 61 36 15
rect:378 84 87 32 16
rect:279 324 62 20 16
Chichi1999_20.jpg 0x0
rect:210 240 112 263 42
rect:214 325 39 228 41
Chichi1999_21.jpg 0x0
rect:229 355 81 135 6
rect:410 27 202 140 37
rect:136 95 193 221 72
rect:18 4 239 170 30
rect:71 280 171 133 5
rect:456 109 181 97 6
rect:425 6 152 114 57
rect:150 296 195 115 37
Chichi1999_22.jpg 0x0
rect:540 274 15 20 73
rect:300 299 10 23 73
rect:273 242 22 25 73
rect:207 172 332 129 10
Chichi1999_23.jpg 0x0
rect:230 193 36 28 27
rect:125 145 69 43 73
rect:290 217 27 24 26
rect:107 313 62 133 73
rect:5 86 410 175 74
rect:191 132 19 24 34
rect:332 215 37 78 73
rect:250 226 70 104 73
rect:286 341 45 79 34
rect:136 288 47 108 34
Chichi1999_24.jpg 0x0
rect:241 219 30 76 46
rect:3 241 392 202 74
rect:267 414 1 2 46
rect:248 267 72 59 34
rect:168 148 165 69 75
Chichi1999_25.jpg 0x0
rect:190 255 41 95 26
rect:107 220 238 231 73
rect:229 304 118 153 34
Chichi1999_26.jpg 0x0
rect:148 656 92 83 26
rect:133 453 124 95 27
rect:275 293 145 300 76
rect:123 683 169 174 73
rect:331 16 62 26 73
rect:205 150 43 94 73
Chichi1999_27.jpg 0x0
rect:172 304 110 395 32
Chichi1999_28.jpg 0x0
rect:337 170 139 172 75
rect:149 116 99 198 5
rect:18 66 192 106 6
rect:325 332 167 110 77
Chichi1999_29.jpg 0x0
rect:180 250 89 222 52
rect:155 261 181 255 48
rect:297 178 147 183 40
Chichi1999_30.jpg 0x0
rect:241 122 290 358 40
rect:30 348 119 118 73
rect:170 224 157 50 78
rect:210 179 171 67 52
Chichi1999_31.jpg 0x0
rect:669 87 34 183 48
rect:115 100 125 331 79
Chichi1999_32.jpg 0x0
rect:226 71 44 153 81
rect:132 9 85 337 80
rect:591 147 44 214 39
rect:223 222 31 130 81
Chichi1999_33.jpg 0x0
rect:107 189 63 110 49
rect:305 103 110 282 32
rect:62 66 102 432 33
rect:112 139 107 257 32
rect:206 80 76 319 56
rect:367 101 29 90 49
Chichi1999_34.jpg 0x0
rect:99 103 355 284 10
Duzce1999_01.jpg 0x0
rect:115 122 111 123 41
rect:129 66 116 316 39
Duzce1999_02.jpg 0x0
rect:76 52 190 492 41
Duzce1999_03.jpg 0x0
rect:0 161 121 170 31
rect:122 112 99 249 42
rect:290 112 108 337 31
Gediz1970_01.jpg 0x0
rect:97 222 129 292 69
rect:305 437 98 164 69
rect:92 141 280 729 68
Guatemala1976_01.jpg 0x0
rect:44 206 34 41 41
rect:551 116 104 161 48
rect:39 211 125 119 48
rect:418 155 52 96 41
rect:24 130 734 157 82
rect:50 179 43 45 52
Guatemala1976_02.jpg 0x0
rect:233 47 86 125 40
rect:213 78 377 318 48
Guatemala1976_03.jpg 0x0
rect:19 103 606 446 75
Guatemala1976_04.jpg 0x0
rect:31 64 620 291 30
rect:125 23 267 79 30
rect:512 128 91 257 4
rect:626 222 108 172 4
Guatemala1976_05.jpg 0x0
rect:138 114 401 97 41
rect:104 73 398 391 48
rect:208 152 280 124 40
Guatemala1976_06.jpg 0x0
rect:127 101 199 594 39
Guatemala1976_07.jpg 0x0
rect:24 216 512 527 10
rect:17 362 66 58 6
rect:290 626 157 72 83
Guatemala1976_08.jpg 0x0
rect:195 50 303 483 41
rect:389 81 204 314 40
rect:163 35 302 294 48
Guatemala1976_09.jpg 0x0
rect:73 296 28 26 84
rect:170 299 29 32 84
rect:307 198 56 33 85
rect:265 220 55 45 84
rect:478 214 49 55 85
rect:140 298 44 65 85
rect:798 269 39 49 84
rect:104 314 43 29 85
Guatemala1976_10.jpg 0x0
rect:244 487 34 118 87
rect:196 129 256 180 87
rect:206 157 178 212 86
Guatemala1976_11.jpg 0x0
rect:194 236 136 211 34
GujaratIndia2001_01.jpg 0x0
rect:255 487 41 52 11
rect:62 406 66 30 2
rect:36 480 168 181 4
rect:160 458 160 78 2
Haiti2010_01.jpg 0x0
rect:279 298 27 171 40
rect:634 210 99 116 4
rect:446 504 238 233 4
rect:334 179 131 301 41
rect:98 44 132 83 7
Haiti2010_02.jpg 0x0
rect:361 31 198 65 14
rect:46 80 377 214 88
Haiti2010_03.jpg 0x0
rect:374 1 55 748 32
rect:293 410 211 221 89
rect:177 406 142 241 32
rect:278 642 62 64 49
Haiti2010_04.jpg 0x0
rect:155 229 207 554 41
rect:2 170 230 164 6
rect:290 37 179 303 34
Haiti2010_05.jpg 0x0
rect:361 271 24 117 40
rect:238 203 248 507 90
rect:273 204 36 69 40
rect:230 244 230 90 52
Haiti2010_06.jpg 0x0
rect:385 232 85 268 32
rect:434 179 73 82 34
rect:378 155 217 436 33
rect:482 142 61 36 6
rect:571 193 715 544 91
rect:168 310 34 39 34
rect:205 241 249 372 91
ImperialValley1979_01.jpg 0x0
rect:350 377 64 69 32
rect:479 354 32 34 50
rect:306 303 40 66 50
rect:434 295 34 41 32
rect:609 237 19 13 49
rect:360 276 50 48 32
rect:568 382 26 23 49
rect:13 458 87 52 49
rect:57 345 66 113 50
rect:357 334 48 26 49
rect:12 298 138 143 32
ImperialValley1979_02.jpg 0x0
rect:229 162 100 228 50
rect:280 154 147 38 49
rect:279 213 63 150 50
rect:222 146 367 73 92
rect:271 93 204 169 32
rect:381 104 111 164 50
ImperialValley1979_03.jpg 0x0
rect:114 287 90 190 50
rect:126 478 328 34 92
rect:125 241 216 146 32
rect:193 359 76 104 50
rect:177 227 146 125 32
rect:99 477 267 46 92
rect:312 256 79 222 50
Izmit1999_01.jpg 0x0
rect:249 141 30 153 27
rect:332 238 46 67 26
rect:239 86 279 313 34
rect:307 206 28 82 27
rect:262 87 73 217 27
Izmit1999_02.jpg 0x0
rect:24 102 796 288 10
Izmit1999_03.jpg 0x0
rect:150 85 44 258 50
rect:221 146 395 29 92
rect:303 48 340 398 32
rect:370 70 32 166 50
rect:530 72 42 159 50
rect:156 29 449 463 93
rect:288 156 30 157 50
rect:434 100 46 324 50
Izmit1999_04.jpg 0x0
rect:79 351 26 76 42
rect:276 68 68 62 41
rect:85 408 196 157 88
rect:409 56 79 97 48
rect:344 423 66 74 41
rect:326 435 24 61 40
rect:41 489 62 126 41
rect:42 292 78 54 34
rect:468 450 17 77 40
rect:157 218 112 58 88
Izmit1999_05.jpg 0x0
rect:117 25 807 327 10
Izmit1999_06.jpg 0x0
rect:87 222 69 144 50
rect:136 191 122 58 49
rect:164 269 51 181 50
rect:215 281 49 163 50
rect:114 142 234 398 32
rect:163 235 63 211 50
Izmit1999_07.jpg 0x0
rect:237 207 51 90 3
rect:435 85 159 49 6
rect:365 242 86 366 4
rect:179 334 35 100 3
rect:289 189 29 108 3
rect:19 147 455 659 2
rect:394 166 99 53 3
Izmit1999_08.jpg 0x0
rect:194 130 104 80 41
rect:231 315 220 94 88
rect:672 7 132 90 45
rect:683 73 55 90 41
rect:183 24 86 80 34
rect:642 68 60 29 52
rect:99 390 96 94 45
Izmit1999_09.jpg 0x0
rect:549 251 69 82 94
rect:435 226 50 61 41
rect:399 230 92 67 41
rect:276 194 44 34 41
rect:38 264 51 52 41
rect:433 287 90 94 94
Izmit1999_10.jpg 0x0
rect:100 308 196 74 78
rect:193 127 103 127 40
rect:56 216 457 45 78
rect:175 126 41 137 40
rect:187 345 104 31 78
rect:292 717 89 36 78
rect:90 188 255 612 41
rect:256 413 127 118 40
rect:173 178 84 307 40
rect:77 186 67 226 40
rect:234 336 40 61 40
Izmit1999_11.jpg 0x0
rect:194 163 115 140 41
rect:179 410 59 121 40
rect:372 278 90 184 40
rect:245 426 154 122 41
rect:164 178 69 109 40
Izmit1999_12.jpg 0x0
rect:36 232 70 121 94
rect:476 20 100 59 34
rect:301 223 69 91 41
rect:47 253 47 55 52
rect:15 65 51 17 6
rect:655 224 138 214 91
rect:1 229 25 27 41
rect:472 97 50 96 41
rect:105 224 30 41 40
rect:294 195 38 38 6
rect:254 145 41 104 42
rect:280 196 99 126 94
rect:93 99 43 18 6
rect:377 282 67 132 52
rect:443 141 63 71 45
rect:494 197 48 55 7
rect:187 239 82 59 88
rect:431 247 61 61 41
Izmit1999_13.jpg 0x0
rect:200 344 34 86 41
rect:184 241 29 105 41
rect:360 85 133 443 48
rect:101 159 141 101 94
rect:110 236 79 45 52
rect:107 97 61 51 6
rect:5 79 116 160 42
rect:344 108 64 138 41
rect:420 213 104 194 41
Izmit1999_14.jpg 0x0
rect:352 389 59 44 34
rect:280 316 27 16 34
rect:581 75 60 63 34
rect:340 340 47 38 34
rect:506 48 62 68 95
rect:65 166 82 68 34
rect:349 7 148 62 35
rect:597 258 69 56 34
rect:405 132 67 66 35
Izmit1999_15.jpg 0x0
rect:189 141 274 512 42
Izmit1999_16.jpg 0x0
rect:240 119 37 116 40
rect:129 55 295 325 39
rect:148 138 189 99 41
rect:114 47 352 569 33
Izmit1999_17.jpg 0x0
rect:136 95 230 267 41
Izmit1999_18.jpg 0x0
rect:143 129 129 103 41
rect:152 188 193 208 39
Izmit1999_19.jpg 0x0
rect:590 200 29 63 50
rect:179 99 304 221 32
rect:488 129 20 87 50
rect:286 71 335 236 96
Kobe1995_01.jpg 0x0
rect:18 182 679 111 63
Kobe1995_02.jpg 0x0
rect:2 66 414 657 68
Kobe1995_03.jpg 0x0
rect:35 51 444 485 10
Kobe1995_04.jpg 0x0
rect:269 357 41 52 41
Kobe1995_05.jpg 0x0
rect:31 217 295 58 78
rect:157 136 159 602 52
rect:123 571 361 111 78
rect:4 123 145 416 40
rect:357 180 187 339 40
Kobe1995_06.jpg 0x0
rect:191 425 250 422 42
rect:51 165 433 458 41
Kobe1995_07.jpg 0x0
rect:391 180 47 53 39
rect:146 129 38 47 39
rect:352 136 48 33 39
rect:138 220 43 45 39
rect:181 166 29 35 39
rect:243 118 28 41 39
rect:314 236 54 33 39
rect:51 391 45 28 39
rect:250 199 42 31 39
rect:183 388 45 42 39
rect:579 523 33 39 39
rect:391 187 38 42 39
rect:334 541 41 32 39
rect:378 458 28 57 39
rect:49 255 39 38 39
rect:228 426 22 28 39
rect:91 355 37 23 39
rect:280 314 45 29 39
rect:262 316 33 30 39
rect:456 255 32 24 39
rect:253 242 33 46 39
rect:232 576 38 42 39
rect:163 453 39 39 39
rect:188 84 27 49 39
rect:482 383 39 42 39
rect:285 367 51 33 39
Kobe1995_08.jpg 0x0
rect:326 55 544 211 97
Kobe1995_09.jpg 0x0
rect:84 497 67 77 88
rect:264 630 146 97 97
rect:122 686 103 77 88
rect:121 557 68 59 88
SanSalvador_1986_01.jpg 0x0
rect:85 3 106 180 68
rect:222 150 86 186 41
SanSalvador_1986_02.jpg 0x0
rect:133 300 29 38 41
rect:131 191 34 31 41
rect:308 173 15 27 41
rect:373 202 21 37 41
rect:343 199 55 55 41
rect:636 229 41 51 42
rect:155 243 25 43 41
rect:439 201 25 44 41
rect:303 246 59 37 41
SikkimIndia2001_01.jpg 0x0
rect:177 214 103 151 34
SikkimIndia2001_02.jpg 0x0
rect:328 288 111 18 16
rect:10 6 344 88 16
rect:228 243 60 49 16
rect:-16 2 428 125 33
rect:402 73 108 194 33
rect:154 65 177 264 33
rect:530 143 114 45 16
rect:9 204 70 47 54
SikkimIndia2001_03.jpg 0x0
rect:186 173 122 208 70
rect:177 13 241 463 98
rect:171 123 93 163 69
SikkimIndia2001_04.jpg 0x0
rect:370 144 310 123 99
rect:3 30 270 235 99
rect:302 219 98 129 34
SumatraInd2009_01.jpg 0x0
rect:234 27 78 279 81
SumatraInd2009_02.jpg 0x0
rect:173 76 208 216 41
WhittierNarrows1987_01.jpg 0x0
rect:18 29 1052 379 10
WhittierNarrows1987_02.jpg 0x0
rect:193 310 125 214 41
WhittierNarrows1987_03.jpg 0x0
rect:296 90 157 210 32
WhittierNarrows1987_04.jpg 0x0
rect:276 74 69 232 41
rect:140 7 362 94 6
rect:222 14 183 187 100
YogyakartaInd2006_01.jpg 0x0
rect:230 -27 281 594 29
rect:291 29 280 289 32
rect:360 138 373 96 49
YogyakartaInd2006_02.jpg 0x0
rect:418 77 146 406 98
rect:313 82 66 233 70
rect:309 96 66 146 69
