Anchorage1964_01.jpg 0x0
rect:110 6 200 179 1
rect:97 269 296 217 1
Anchorage1964_02.jpg 0x0
rect:576 53 132 130 8
rect:212 34 225 63 4
rect:321 210 25 74 3
rect:115 184 43 19 6
rect:164 192 65 38 7
rect:569 260 85 53 4
rect:462 285 14 57 3
rect:236 296 443 133 2
rect:328 224 23 60 3
rect:25 165 137 43 5
rect:348 222 22 49 3
rect:45 30 161 34 5
rect:111 206 17 15 6
rect:405 179 21 40 3
rect:344 282 23 44 3
rect:269 241 20 59 3
rect:649 349 20 40 3
rect:73 34 59 14 6
rect:270 62 87 91 4
Anchorage1964_03.jpg 0x0
rect:2 152 299 68 9
rect:0 274 747 61 10
rect:227 97 440 211 9
Anchorage1964_04.jpg 0x0
rect:333 71 46 20 5
rect:223 278 18 32 1
rect:234 115 40 26 5
rect:180 258 33 18 5
rect:199 157 30 19 5
rect:421 283 26 19 5
rect:384 253 28 18 5
rect:193 83 35 13 5
rect:354 250 12 37 1
rect:195 536 41 19 2
rect:288 336 38 23 5
rect:349 107 15 30 1
rect:265 559 31 17 5
rect:113 274 34 16 5
rect:250 447 33 14 5
rect:164 119 24 13 5
rect:132 392 36 21 5
rect:250 104 25 24 1
rect:197 217 24 29 8
rect:163 74 44 17 5
rect:352 230 21 31 1
rect:213 284 16 34 1
rect:256 374 8 1 1
rect:363 201 29 24 5
rect:141 274 46 20 5
rect:362 306 19 21 1
rect:173 290 25 19 1
rect:307 280 21 14 5
rect:399 376 29 25 5
rect:247 163 42 20 5
rect:210 26 19 12 5
rect:226 24 32 19 5
rect:280 423 14 21 1
rect:138 392 37 19 5
rect:187 206 40 13 5
rect:443 72 25 19 5
rect:159 124 27 26 5
rect:257 408 15 19 1
rect:207 362 15 27 1
Anchorage1964_05.jpg 0x0
rect:453 250 33 23 11
rect:115 25 22 35 1
rect:501 26 29 39 1
rect:607 306 56 44 5
rect:45 398 23 57 1
rect:496 446 49 15 6
rect:631 217 69 75 1
rect:132 137 121 43 6
rect:94 379 19 45 1
rect:75 296 23 46 1
rect:618 103 53 47 1
rect:204 30 126 61 6
rect:254 59 68 39 5
rect:43 501 26 47 1
rect:538 286 70 43 5
rect:442 220 51 24 6
rect:364 214 46 63 8
rect:62 257 19 46 1
rect:73 111 15 39 1
rect:511 92 32 57 1
rect:76 82 29 37 1
rect:348 1 53 54 1
rect:84 81 20 48 1
rect:155 192 86 26 5
rect:588 375 37 68 8
rect:404 167 37 56 1
rect:474 137 42 59 1
rect:248 222 122 83 2
rect:312 243 16 17 11
Anchorage1964_06.jpg 0x0
rect:152 79 158 291 12
rect:136 196 67 96 11
rect:132 95 71 203 3
Anchorage1964_07.jpg 0x0
rect:7 54 539 446 2
rect:326 187 50 124 13
rect:413 213 58 96 11
rect:259 97 51 99 3
rect:331 309 446 229 2
rect:255 2 141 69 2
rect:15 228 324 38 11
rect:7 279 473 39 14
rect:290 92 187 120 11
Anchorage1964_08.jpg 0x0
rect:281 250 103 104 1
rect:390 566 96 138 1
rect:388 23 97 128 1
rect:37 81 154 112 1
rect:64 398 79 136 1
rect:52 601 111 151 1
Anchorage1964_09.jpg 0x0
rect:98 48 96 63 8
rect:87 203 81 82 1
rect:13 17 278 11 15
rect:16 17 55 15 16
rect:773 212 1 1 16
rect:88 301 65 70 8
rect:453 8 280 14 15
rect:213 185 72 50 1
rect:390 157 108 20 15
rect:507 9 132 11 16
rect:45 109 63 10 16
rect:676 112 58 76 1
rect:596 129 176 19 15
rect:13 115 129 19 15
rect:147 107 321 13 15
rect:736 211 86 93 8
rect:348 165 57 77 1
rect:20 184 16 11 16
rect:583 29 66 64 8
Anchorage1964_10.jpg 0x0
rect:179 256 69 104 17
rect:181 204 161 77 18
rect:75 181 250 333 1
rect:59 294 221 91 18
Anchorage1964_11.jpg 0x0
rect:678 113 142 107 1
rect:88 254 367 86 2
rect:71 442 695 15 14
rect:288 208 233 27 11
rect:222 204 429 26 15
rect:71 378 570 18 14
rect:628 7 110 50 1
rect:178 54 140 73 4
Anchorage1964_12.jpg 0x0
rect:281 63 42 281 3
rect:14 84 474 310 2
rect:295 81 175 202 11
rect:465 66 42 138 3
rect:236 169 20 119 3
Anchorage1964_13.jpg 0x0
rect:228 439 153 29 2
rect:599 285 32 168 20
rect:366 362 133 17 19
Anchorage1964_14.jpg 0x0
rect:191 10 100 749 20
rect:23 407 34 59 22
rect:154 497 38 72 22
rect:11 467 202 107 11
rect:307 12 82 293 11
rect:419 594 207 56 23
rect:73 724 47 85 22
rect:43 479 50 72 22
rect:486 6 60 177 11
rect:226 312 89 81 21
rect:236 249 210 58 15
rect:90 347 113 43 15
Anchorage1964_15.jpg 0x0
rect:431 366 143 36 24
rect:207 9 84 51 4
rect:282 605 173 45 2
rect:159 309 172 40 15
rect:248 85 89 402 20
rect:298 106 38 110 25
rect:455 8 71 65 4
rect:199 151 41 46 11
rect:405 224 159 50 11
Anchorage1964_16.jpg 0x0
rect:15 246 68 76 2
rect:241 219 317 171 11
rect:461 187 166 223 2
rect:62 255 83 79 11
rect:240 91 341 104 2
rect:13 105 192 205 2
Anchorage1964_17.jpg 0x0
rect:11 141 661 238 10
rect:13 122 332 89 9
rect:280 41 247 143 9
Anchorage1964_18.jpg 0x0
rect:476 172 130 88 4
rect:146 227 17 40 11
rect:376 321 313 27 15
rect:277 234 77 24 2
rect:562 238 36 24 2
rect:159 183 95 116 4
rect:535 309 47 18 2
rect:605 202 98 82 4
rect:376 277 40 43 11
rect:181 312 54 56 11
Anchorage1964_19.jpg 0x0
rect:27 290 28 127 27
rect:219 72 84 162 29
rect:310 313 21 43 26
rect:294 201 15 28 26
rect:506 185 51 27 28
rect:437 114 7 15 26
rect:281 121 22 34 26
rect:294 297 48 80 26
rect:368 106 28 32 27
rect:5 203 90 121 26
rect:473 253 10 31 26
rect:460 96 44 91 29
rect:373 102 70 45 26
rect:319 139 16 26 26
rect:414 285 41 40 28
rect:921 153 7 9 26
rect:427 177 26 44 29
rect:625 174 9 10 26
Anchorage1964_20.jpg 0x0
rect:222 109 99 37 27
rect:224 100 68 58 26
rect:204 66 111 118 29
rect:508 678 52 58 26
rect:202 579 78 128 26
Anchorage1964_21.jpg 0x0
rect:56 379 34 38 26
rect:-5 70 77 118 29
rect:212 210 713 115 30
rect:2 84 36 49 26
Bingol2003_01.jpg 0x0
rect:712 386 117 57 33
rect:726 121 82 97 6
rect:254 102 91 24 6
rect:471 576 130 62 6
rect:282 352 68 68 6
rect:537 106 108 198 31
rect:600 260 41 67 6
rect:437 90 99 53 6
rect:544 257 76 70 33
rect:624 490 102 34 33
rect:27 266 51 79 33
rect:440 192 55 110 34
rect:372 253 59 66 33
rect:465 353 51 43 34
rect:506 305 219 131 31
rect:585 362 48 236 32
rect:2 416 996 329 10
rect:180 286 76 88 33
rect:496 280 57 63 6
Bingol2003_02.jpg 0x0
rect:546 286 335 93 35
rect:897 77 132 58 36
rect:185 125 450 169 34
rect:411 354 61 102 6
rect:106 445 128 256 32
rect:235 227 81 474 32
rect:527 409 72 80 26
rect:204 222 601 342 31
Bingol2003_03.jpg 0x0
rect:589 -9 252 254 4
rect:623 249 147 63 11
rect:624 579 330 336 2
rect:98 25 130 38 2
rect:386 171 261 152 2
rect:709 290 205 580 4
rect:150 48 81 80 33
Bingol2003_04.jpg 0x0
rect:124 574 27 75 3
rect:66 537 18 80 3
rect:185 365 269 227 2
rect:219 548 46 156 3
rect:158 482 40 80 3
rect:449 802 101 81 2
rect:78 675 69 76 2
rect:221 274 173 136 4
CanterburyNZSeries2010_01.jpg 0x0
rect:93 148 133 350 12
CanterburyNZSeries2010_02.jpg 0x0
rect:66 54 206 221 6
rect:36 11 177 329 37
CanterburyNZSeries2010_03.jpg 0x0
rect:41 62 289 165 38
CanterburyNZSeries2010_04.jpg 0x0
rect:266 8 125 228 42
rect:319 277 53 173 40
rect:461 532 11 59 40
rect:304 361 25 55 40
rect:211 441 86 256 41
rect:167 319 34 164 40
rect:183 251 202 375 39
rect:337 380 18 57 40
CanterburyNZSeries2010_05.jpg 0x0
rect:355 284 260 368 4
rect:226 206 142 89 15
CanterburyNZSeries2010_06.jpg 0x0
rect:61 119 1003 570 4
rect:292 255 164 149 2
CanterburyNZSeries2010_08.jpg 0x0
rect:793 595 86 143 44
rect:569 577 36 217 32
rect:595 133 156 329 43
rect:593 364 72 145 44
CanterburyNZSeries2010_09.jpg 0x0
rect:344 235 196 406 39
rect:223 95 146 202 45
CanterburyNZSeries2010_10.jpg 0x0
rect:213 390 219 90 6
rect:252 238 383 253 6
rect:209 323 179 57 46
rect:339 152 250 134 7
CanterburyNZSeries2010_11.jpg 0x0
rect:369 278 312 147 7
rect:264 412 278 186 5
CanterburyNZSeries2010_12.jpg 0x0
rect:5 212 806 443 47
rect:209 513 177 41 11
rect:494 433 231 87 11
rect:44 422 871 257 2
CanterburyNZSeries2010_13.jpg 0x0
rect:397 142 125 563 11
rect:135 17 456 814 12
Caracas1967_01.jpg 0x0
rect:278 148 90 91 48
rect:288 189 11 71 48
rect:453 54 154 254 48
rect:224 215 41 72 48
Caracas1967_02.jpg 0x0
rect:161 156 205 310 51
rect:270 1 140 148 15
rect:173 326 52 41 50
rect:145 266 54 67 49
Caracas1967_03.jpg 0x0
rect:15 460 232 108 6
rect:304 414 25 63 27
rect:297 488 52 85 26
rect:247 351 81 146 34
rect:350 56 72 119 14
rect:428 346 23 103 27
Caracas1967_04.jpg 0x0
rect:99 404 20 80 27
rect:119 433 175 161 34
rect:143 251 47 125 26
Caracas1967_05.jpg 0x0
rect:275 291 73 192 40
rect:71 422 255 160 52
rect:264 240 44 175 40
rect:324 325 158 189 52
rect:78 339 53 304 40
rect:456 248 46 223 40
rect:24 111 488 788 48
rect:176 250 53 251 40
rect:38 177 380 400 41
rect:198 240 62 220 40
Caracas1967_06.jpg 0x0
rect:317 364 66 46 6
rect:267 114 306 289 7
Caracas1967_07.jpg 0x0
rect:407 259 119 77 53
rect:529 451 126 65 53
rect:445 6 116 341 34
rect:296 280 152 318 34
rect:220 179 50 205 27
rect:171 168 176 278 34
rect:505 51 37 229 27
Caracas1967_08.jpg 0x0
rect:166 279 51 110 54
rect:178 356 91 80 55
rect:330 234 78 110 54
Caracas1967_09.jpg 0x0
rect:27 177 62 50 48
rect:99 193 79 46 48
rect:202 134 72 61 48
rect:454 14 263 118 48
Caracas1967_10.jpg 0x0
rect:17 155 465 554 48
rect:399 428 93 210 40
rect:32 149 296 257 41
rect:340 284 68 204 40
Caracas1967_11.jpg 0x0
rect:54 14 480 884 48
rect:357 10 212 363 41
rect:44 218 254 382 41
Caracas1967_12.jpg 0x0
rect:420 238 25 56 34
rect:563 349 20 40 32
rect:685 266 25 58 32
rect:180 296 23 58 56
Caracas1967_13.jpg 0x0
rect:125 490 96 212 55
Caracas1967_14.jpg 0x0
rect:103 365 243 42 6
rect:138 92 425 237 57
Chichi1999_01.jpg 0x0
rect:264 171 51 173 42
rect:4 10 899 124 58
Chichi1999_02.jpg 0x0
rect:253 116 154 396 59
rect:5 85 439 166 58
Chichi1999_03.jpg 0x0
rect:0 118 701 190 58
rect:97 208 66 76 60
Chichi1999_04.jpg 0x0
rect:247 167 74 391 48
rect:253 -18 61 166 48
rect:212 271 27 43 52
Chichi1999_05.jpg 0x0
rect:449 243 50 89 52
rect:399 149 66 44 41
rect:460 334 28 24 41
rect:395 131 91 213 48
Chichi1999_06.jpg 0x0
rect:473 199 19 35 52
rect:434 203 60 75 48
rect:501 147 38 41 41
rect:310 111 76 77 62
rect:119 16 471 149 10
rect:515 -10 107 91 61
Chichi1999_07.jpg 0x0
rect:615 176 15 15 64
rect:509 194 28 38 64
rect:608 268 55 96 48
rect:223 153 33 46 64
rect:61 239 592 97 63
rect:142 216 49 188 48
rect:459 239 59 141 48
Chichi1999_08.jpg 0x0
rect:116 19 701 466 10
Chichi1999_09.jpg 0x0
rect:286 119 103 100 41
rect:233 76 256 200 48
rect:242 83 30 98 40
rect:265 72 70 67 40
Chichi1999_10.jpg 0x0
rect:222 19 719 565 10
Chichi1999_11.jpg 0x0
rect:167 195 110 95 65
rect:2 98 165 547 10
Chichi1999_12.jpg 0x0
rect:10 25 428 726 66
Chichi1999_13.jpg 0x0
rect:31 53 866 514 10
Chichi1999_14.jpg 0x0
rect:165 215 88 46 67
rect:338 291 36 57 39
rect:221 245 20 47 67
rect:108 370 33 36 67
rect:122 534 27 30 67
rect:71 372 40 47 67
rect:450 489 42 42 67
rect:155 420 22 52 67
rect:174 605 22 53 67
rect:98 327 58 50 67
rect:290 438 40 41 39
rect:335 496 17 26 39
rect:120 448 70 43 67
rect:282 393 65 88 67
rect:149 198 37 43 67
rect:287 614 23 36 39
rect:200 342 34 48 67
Chichi1999_15.jpg 0x0
rect:330 28 325 323 41
Chichi1999_16.jpg 0x0
rect:217 161 51 123 32
Chichi1999_17.jpg 0x0
rect:154 413 32 34 32
Chichi1999_18.jpg 0x0
rect:113 180 21 85 69
rect:136 175 151 465 68
rect:317 209 30 113 69
rect:298 281 59 146 70
rect:207 385 29 147 69
rect:170 211 51 75 69
Chichi1999_19.jpg 0x0
rect:264 21 335 409 2
rect:229 97 170 235 3
YogyakartaInd2006_03.jpg 0x0
rect:231 170 74 27 15
rect:371 77 76 46 16
rect:266 283 327 107 71
rect:199 34 101 2 15
rect:446 84 105 64 15
rect:154 317 217 30 15
rect:286 554 51 22 16
rect:185 190 28 5 16
Chichi1999_20.jpg 0x0
rect:211 261 81 391 42
rect:283 465 48 189 41
Chichi1999_21.jpg 0x0
rect:325 246 67 118 6
rect:413 111 125 94 6
rect:56 345 204 82 5
rect:267 103 246 299 72
rect:17 4 181 195 30
rect:424 7 140 131 57
rect:187 265 202 176 37
rect:378 38 228 210 37
Chichi1999_22.jpg 0x0
rect:456 224 13 20 73
rect:315 273 15 14 73
rect:294 264 17 23 73
rect:193 179 222 191 10
Chichi1999_23.jpg 0x0
rect:4 55 393 188 74
rect:204 146 36 22 27
rect:117 136 24 25 34
rect:134 118 58 50 73
rect:341 128 57 58 73
rect:256 147 35 23 26
rect:250 309 55 135 73
rect:293 233 30 72 34
rect:130 256 68 78 73
rect:116 316 31 64 34
Chichi1999_24.jpg 0x0
rect:403 319 1 2 46
rect:210 292 62 59 34
rect:3 273 225 149 74
rect:164 220 173 105 75
rect:242 194 51 41 46
Chichi1999_25.jpg 0x0
rect:249 325 53 93 26
rect:201 203 81 205 34
rect:117 214 236 256 73
Chichi1999_26.jpg 0x0
rect:201 14 37 28 73
rect:220 186 161 261 76
rect:274 151 63 92 73
rect:198 616 57 75 26
rect:100 557 126 82 27
rect:167 653 96 139 73
Chichi1999_27.jpg 0x0
rect:199 217 98 281 32
Chichi1999_28.jpg 0x0
rect:18 69 284 100 6
rect:168 114 113 250 5
rect:320 150 127 251 75
rect:354 329 165 138 77
Chichi1999_29.jpg 0x0
rect:184 223 129 201 40
rect:240 294 66 170 52
rect:96 227 154 335 48
Chichi1999_30.jpg 0x0
rect:21 332 90 127 73
rect:174 124 330 230 40
rect:239 187 216 75 52
rect:190 203 219 56 78
Chichi1999_31.jpg 0x0
rect:205 74 127 212 79
rect:447 76 45 199 48
Chichi1999_32.jpg 0x0
rect:132 9 95 433 80
rect:127 277 30 188 81
rect:568 167 43 232 39
rect:245 56 55 197 81
Chichi1999_33.jpg 0x0
rect:243 93 123 176 56
rect:65 66 136 469 33
rect:242 88 131 212 32
rect:373 153 31 121 49
rect:115 108 62 91 49
rect:163 134 105 252 32
Chichi1999_34.jpg 0x0
rect:113 112 394 385 10
Duzce1999_01.jpg 0x0
rect:130 56 79 384 39
rect:120 181 132 177 41
Duzce1999_02.jpg 0x0
rect:77 60 115 525 41
Duzce1999_03.jpg 0x0
rect:103 109 110 221 42
rect:274 96 69 230 31
rect:0 201 90 274 31
Gediz1970_01.jpg 0x0
rect:95 78 180 386 68
rect:189 344 82 186 69
rect:101 373 98 297 69
Guatemala1976_01.jpg 0x0
rect:41 195 44 49 41
rect:51 213 78 42 52
rect:35 176 126 114 48
rect:21 98 550 184 82
rect:600 115 77 53 41
rect:513 118 189 113 48
Guatemala1976_02.jpg 0x0
rect:222 45 110 69 40
rect:200 94 324 346 48
Guatemala1976_03.jpg 0x0
rect:16 59 889 440 75
Guatemala1976_04.jpg 0x0
rect:34 79 423 273 30
rect:134 22 466 53 30
rect:462 340 111 204 4
rect:414 204 107 368 4
Guatemala1976_05.jpg 0x0
rect:226 130 218 119 41
rect:143 95 270 124 40
rect:146 103 348 402 48
Guatemala1976_06.jpg 0x0
rect:84 132 274 308 39
Guatemala1976_07.jpg 0x0
rect:189 590 120 61 83
rect:25 262 391 363 10
rect:31 247 62 45 6
Guatemala1976_08.jpg 0x0
rect:236 71 334 424 41
rect:113 29 332 527 48
rect:322 80 145 271 40
Guatemala1976_09.jpg 0x0
rect:558 314 42 46 85
rect:668 353 55 74 84
rect:79 203 36 28 85
rect:370 251 78 36 85
rect:197 260 58 65 85
rect:109 229 26 21 84
rect:239 259 29 30 84
rect:298 350 38 57 84
Guatemala1976_10.jpg 0x0
rect:372 272 49 119 87
rect:180 135 305 362 86
rect:253 152 255 156 87
Guatemala1976_11.jpg 0x0
rect:163 226 102 172 34
GujaratIndia2001_01.jpg 0x0
rect:376 400 71 60 11
rect:66 614 82 29 2
rect:42 490 216 126 4
rect:236 495 153 110 2
Haiti2010_01.jpg 0x0
rect:163 61 114 92 7
rect:344 143 230 337 41
rect:592 560 185 262 4
rect:719 334 118 150 4
rect:300 226 34 165 40
Haiti2010_02.jpg 0x0
rect:60 104 633 210 88
rect:336 26 121 40 14
Haiti2010_03.jpg 0x0
rect:190 508 154 150 32
rect:261 693 71 59 49
rect:453 1 59 496 32
rect:227 714 267 242 89
Haiti2010_04.jpg 0x0
rect:278 49 271 264 34
rect:2 174 342 111 6
rect:206 329 369 610 41
Haiti2010_05.jpg 0x0
rect:187 213 252 619 90
rect:240 262 153 102 52
rect:266 173 25 63 40
rect:339 307 35 70 40
Haiti2010_06.jpg 0x0
rect:513 230 87 52 6
rect:477 117 229 415 33
rect:711 180 645 532 91
rect:145 206 30 42 34
rect:352 279 68 161 32
rect:466 220 49 109 34
rect:249 261 302 407 91
ImperialValley1979_01.jpg 0x0
rect:638 285 29 39 32
rect:44 350 69 105 50
rect:295 316 48 31 49
rect:511 358 32 34 50
rect:432 242 21 18 49
rect:13 352 79 62 49
rect:373 315 35 34 32
rect:367 244 53 57 50
rect:392 243 42 64 32
rect:12 301 131 151 32
rect:471 241 19 15 49
ImperialValley1979_02.jpg 0x0
rect:185 166 98 186 50
rect:483 135 95 150 50
rect:307 219 38 162 50
rect:334 181 114 62 49
rect:206 140 233 56 92
rect:154 93 155 209 32
ImperialValley1979_03.jpg 0x0
rect:104 229 178 145 32
rect:135 267 358 40 92
rect:80 294 117 289 50
rect:96 550 318 50 92
rect:161 339 104 178 50
rect:151 331 304 241 32
rect:345 346 67 165 50
Izmit1999_01.jpg 0x0
rect:225 171 35 126 27
rect:248 110 40 160 27
rect:129 61 394 280 34
rect:500 268 48 58 26
rect:282 176 41 106 27
Izmit1999_02.jpg 0x0
rect:24 130 481 348 10
Izmit1999_03.jpg 0x0
rect:521 109 45 252 50
rect:599 81 38 256 50
rect:180 235 423 45 92
rect:238 113 53 132 50
rect:152 44 309 397 93
rect:342 116 49 278 50
rect:166 114 71 276 50
rect:290 46 334 408 32
Izmit1999_04.jpg 0x0
rect:355 403 19 73 40
rect:42 285 78 62 34
rect:492 278 22 54 40
rect:244 50 83 72 48
rect:173 321 118 75 88
rect:349 110 67 62 41
rect:127 426 178 121 88
rect:55 393 35 97 42
rect:78 518 39 90 41
rect:429 357 71 90 41
Izmit1999_05.jpg 0x0
rect:89 25 712 353 10
Izmit1999_06.jpg 0x0
rect:79 314 76 208 50
rect:198 368 54 207 50
rect:236 314 59 198 50
rect:206 282 155 85 49
rect:138 239 80 245 50
rect:97 176 246 321 32
Izmit1999_07.jpg 0x0
rect:443 380 107 252 4
rect:142 220 41 108 3
rect:28 154 365 506 2
rect:452 112 95 57 3
rect:170 285 30 139 3
rect:371 53 156 61 6
rect:369 172 32 132 3
Izmit1999_08.jpg 0x0
rect:185 20 102 113 34
rect:132 436 109 98 45
rect:663 96 75 90 41
rect:688 7 89 60 45
rect:150 155 102 59 41
rect:682 90 44 28 52
rect:260 202 196 83 88
Izmit1999_09.jpg 0x0
rect:340 207 83 104 94
rect:37 164 49 44 41
rect:375 290 109 90 41
rect:605 238 79 101 94
rect:196 219 39 29 41
rect:619 329 72 85 41
Izmit1999_10.jpg 0x0
rect:101 263 342 70 78
rect:243 107 122 127 40
rect:193 373 189 38 78
rect:389 628 89 144 40
rect:109 223 87 240 40
rect:354 348 39 71 40
rect:60 126 63 149 40
rect:268 628 61 30 78
rect:90 126 408 619 41
rect:158 141 66 123 40
rect:40 225 373 45 78
Izmit1999_11.jpg 0x0
rect:177 263 122 146 41
rect:230 367 126 153 41
rect:148 342 52 178 40
rect:318 356 97 213 40
rect:274 281 76 114 40
Izmit1999_12.jpg 0x0
rect:458 205 42 85 42
rect:282 174 75 58 7
rect:437 258 62 64 41
rect:491 224 163 233 91
rect:358 360 64 106 52
rect:346 206 67 117 41
rect:92 321 36 41 40
rect:120 61 45 19 6
rect:237 152 38 85 45
rect:180 201 92 52 88
rect:371 28 104 71 34
rect:222 334 93 177 94
rect:58 221 72 69 52
rect:1 266 24 34 41
rect:456 83 36 99 41
rect:63 237 65 97 94
rect:257 163 39 38 6
rect:16 86 53 29 6
Izmit1999_13.jpg 0x0
rect:284 170 96 282 41
rect:5 65 102 138 42
rect:178 321 53 93 41
rect:339 102 147 455 48
rect:142 272 34 82 41
rect:135 286 103 101 94
rect:327 126 54 137 41
rect:126 140 62 44 6
rect:191 297 53 60 52
Izmit1999_14.jpg 0x0
rect:513 412 48 50 34
rect:535 89 77 74 34
rect:185 277 32 24 34
rect:383 7 147 70 35
rect:387 200 92 101 35
rect:529 258 59 54 34
rect:415 487 39 23 34
rect:352 54 50 65 95
rect:60 199 88 53 34
Izmit1999_15.jpg 0x0
rect:162 197 273 338 42
Izmit1999_16.jpg 0x0
rect:184 136 41 97 40
rect:103 70 388 333 33
rect:196 129 195 131 41
rect:99 56 185 263 39
Izmit1999_17.jpg 0x0
rect:110 141 133 310 41
Izmit1999_18.jpg 0x0
rect:250 154 143 158 41
rect:190 179 125 222 39
Izmit1999_19.jpg 0x0
rect:284 78 322 378 96
rect:487 218 24 84 50
rect:547 137 39 70 50
rect:316 155 209 231 32
Kobe1995_01.jpg 0x0
rect:25 110 544 136 63
Kobe1995_02.jpg 0x0
rect:2 73 461 725 68
Kobe1995_03.jpg 0x0
rect:35 73 575 571 10
Kobe1995_04.jpg 0x0
rect:276 361 58 41 41
Kobe1995_05.jpg 0x0
rect:4 133 114 610 40
rect:40 339 385 86 78
rect:85 579 281 127 78
rect:226 119 215 513 40
rect:125 133 164 385 52
Kobe1995_06.jpg 0x0
rect:219 254 250 266 42
rect:69 107 488 482 41
Kobe1995_07.jpg 0x0
rect:149 288 40 34 39
rect:242 591 53 44 39
rect:247 259 38 45 39
rect:42 390 29 35 39
rect:156 223 40 35 39
rect:339 145 40 56 39
rect:364 373 40 33 39
rect:62 263 35 60 39
rect:330 316 57 28 39
rect:384 170 49 43 39
rect:420 97 43 36 39
rect:356 474 37 27 39
rect:291 101 20 46 39
rect:198 115 38 32 39
rect:275 230 24 47 39
rect:229 571 29 43 39
rect:275 345 35 39 39
rect:122 197 28 39 39
rect:290 318 32 23 39
rect:302 319 24 36 39
rect:281 147 54 34 39
rect:85 266 48 21 39
rect:218 166 38 39 39
rect:194 216 27 43 39
rect:445 465 34 26 39
rect:124 235 34 30 39
Kobe1995_08.jpg 0x0
rect:369 46 464 214 97
Kobe1995_09.jpg 0x0
rect:98 704 87 111 88
rect:97 596 80 63 88
rect:247 693 225 81 97
rect:99 364 97 53 88
SanSalvador_1986_01.jpg 0x0
rect:67 3 74 169 68
rect:197 194 136 223 41
SanSalvador_1986_02.jpg 0x0
rect:316 222 52 50 41
rect:371 353 26 37 41
rect:178 230 23 42 41
rect:501 131 24 47 41
rect:179 237 30 32 41
rect:327 167 15 23 41
rect:507 172 52 58 42
rect:170 243 34 49 41
rect:503 306 50 59 41
SikkimIndia2001_01.jpg 0x0
rect:150 181 159 131 34
SikkimIndia2001_02.jpg 0x0
rect:427 109 137 178 33
rect:10 168 60 42 54
rect:388 201 90 39 16
rect:585 220 103 13 16
rect:227 75 209 339 33
rect:-13 2 432 125 33
rect:10 6 407 65 16
rect:535 80 121 43 16
SikkimIndia2001_03.jpg 0x0
rect:202 165 90 222 70
rect:232 92 74 270 69
rect:192 13 172 422 98
SikkimIndia2001_04.jpg 0x0
rect:372 158 331 104 99
rect:3 24 343 242 99
rect:188 202 142 112 34
SumatraInd2009_01.jpg 0x0
rect:238 33 53 253 81
SumatraInd2009_02.jpg 0x0
rect:141 102 206 203 41
WhittierNarrows1987_01.jpg 0x0
rect:15 27 937 414 10
WhittierNarrows1987_02.jpg 0x0
rect:159 212 95 342 41
WhittierNarrows1987_03.jpg 0x0
rect:348 154 154 294 32
WhittierNarrows1987_04.jpg 0x0
rect:197 8 318 61 6
rect:289 18 268 168 100
rect:232 62 128 160 41
YogyakartaInd2006_01.jpg 0x0
rect:167 -23 358 352 29
rect:295 32 262 207 32
rect:244 176 326 94 49
YogyakartaInd2006_02.jpg 0x0
rect:361 93 60 156 70
rect:286 70 114 574 98
rect:305 141 53 214 69
