Anchorage1964_01.jpg 0x0
rect:86 429 237 184 1
rect:119 5 143 194 1
Anchorage1964_02.jpg 0x0
rect:459 148 74 43 4
rect:520 52 136 90 8
rect:589 319 15 58 3
rect:280 221 19 48 3
rect:112 227 23 26 6
rect:310 212 28 60 3
rect:343 243 13 51 3
rect:269 32 297 100 4
rect:33 203 157 33 5
rect:405 195 26 68 3
rect:99 35 70 13 6
rect:134 262 38 20 6
rect:237 81 97 66 4
rect:482 306 18 61 3
rect:323 351 24 77 3
rect:209 307 415 94 2
rect:34 28 144 43 5
rect:418 253 32 48 3
rect:176 109 70 72 7
Anchorage1964_03.jpg 0x0
rect:0 304 484 47 10
rect:189 111 319 217 9
rect:2 232 230 94 9
Anchorage1964_04.jpg 0x0
rect:332 550 27 29 1
rect:244 77 23 21 5
rect:208 66 43 14 5
rect:258 232 26 17 5
rect:181 244 31 16 5
rect:426 211 33 19 5
rect:246 292 17 21 1
rect:412 285 26 23 5
rect:436 380 24 18 5
rect:113 31 33 13 5
rect:210 210 12 21 1
rect:187 133 37 19 5
rect:206 423 16 28 1
rect:419 399 38 17 5
rect:164 477 29 17 5
rect:292 160 26 26 5
rect:334 280 31 20 5
rect:271 184 32 18 5
rect:134 145 26 27 5
rect:143 106 30 20 5
rect:284 275 16 33 1
rect:221 341 51 13 2
rect:266 160 32 17 5
rect:274 362 10 18 1
rect:353 81 39 15 5
rect:218 423 21 34 1
rect:260 24 23 19 5
rect:263 130 13 22 1
rect:163 199 28 17 5
rect:124 222 26 18 5
rect:308 223 19 19 1
rect:200 149 15 29 1
rect:127 336 36 18 5
rect:367 318 8 1 1
rect:191 540 41 24 5
rect:130 421 47 23 5
rect:243 322 20 32 8
rect:366 264 27 23 5
rect:232 142 21 19 1
Anchorage1964_05.jpg 0x0
rect:50 148 15 53 1
rect:58 274 27 53 1
rect:705 278 43 28 5
rect:159 53 87 57 6
rect:123 171 156 24 5
rect:657 366 58 18 6
rect:573 83 54 47 1
rect:360 185 154 98 2
rect:28 497 21 56 1
rect:510 242 63 60 8
rect:93 387 22 69 1
rect:788 325 58 29 6
rect:400 1 42 39 1
rect:401 272 44 19 11
rect:637 26 36 47 1
rect:552 286 67 71 1
rect:504 210 59 44 5
rect:80 30 24 41 1
rect:296 175 17 17 11
rect:416 236 46 71 1
rect:510 108 44 50 1
rect:486 150 47 45 1
rect:106 103 13 38 1
rect:173 189 135 48 6
rect:68 219 25 38 1
rect:77 74 30 46 1
rect:67 218 21 47 1
rect:239 43 100 40 5
rect:535 276 32 57 8
Anchorage1964_06.jpg 0x0
rect:159 227 67 70 11
rect:117 89 284 533 12
rect:203 177 90 380 3
Anchorage1964_07.jpg 0x0
rect:5 222 391 31 14
rect:221 2 81 79 2
rect:307 147 33 168 3
rect:345 254 409 218 2
rect:21 189 222 32 11
rect:284 123 185 112 11
rect:301 179 59 77 13
rect:7 81 518 374 2
rect:553 164 80 79 11
Anchorage1964_08.jpg 0x0
rect:346 281 120 152 1
rect:56 436 90 137 1
rect:316 42 95 96 1
rect:49 240 115 81 1
rect:58 82 91 115 1
rect:337 402 117 145 1
Anchorage1964_09.jpg 0x0
rect:15 16 81 12 16
rect:322 164 46 86 1
rect:494 37 76 45 8
rect:580 83 136 25 15
rect:605 221 69 53 8
rect:707 197 86 75 1
rect:164 111 291 12 15
rect:717 135 1 1 16
rect:16 121 22 12 16
rect:113 30 65 75 8
rect:85 257 74 47 8
rect:13 143 118 24 15
rect:49 179 57 7 16
rect:301 124 76 53 1
rect:424 8 94 10 16
rect:99 124 94 76 1
rect:564 114 134 14 15
rect:406 9 376 14 15
rect:14 11 472 16 15
Anchorage1964_10.jpg 0x0
rect:191 322 87 97 17
rect:58 178 241 440 1
rect:113 140 217 83 18
rect:84 535 324 168 18
Anchorage1964_11.jpg 0x0
rect:648 92 154 65 1
rect:81 463 646 11 14
rect:69 527 418 18 14
rect:183 214 517 21 15
rect:722 6 97 39 1
rect:154 58 209 76 4
rect:383 289 255 35 11
rect:117 224 564 84 2
Anchorage1964_12.jpg 0x0
rect:180 211 35 125 3
rect:415 88 51 192 3
rect:300 103 51 264 3
rect:13 102 764 264 2
rect:479 65 234 221 11
Anchorage1964_13.jpg 0x0
rect:324 530 152 13 19
rect:291 517 240 27 2
rect:439 363 31 124 20
Anchorage1964_14.jpg 0x0
rect:188 13 129 869 20
rect:365 12 50 185 11
rect:11 406 242 88 11
rect:162 371 95 99 21
rect:211 688 34 54 22
rect:448 634 116 74 23
rect:89 406 28 49 22
rect:24 558 19 71 22
rect:64 227 97 30 15
rect:39 714 54 87 22
rect:386 302 114 68 15
rect:383 6 75 176 11
Anchorage1964_15.jpg 0x0
rect:248 11 70 69 4
rect:209 279 188 53 15
rect:190 96 45 49 11
rect:358 263 124 51 11
rect:377 289 92 48 24
rect:480 11 87 67 4
rect:327 98 56 80 25
rect:136 77 46 388 20
rect:234 626 190 45 2
Anchorage1964_16.jpg 0x0
rect:214 247 214 164 11
rect:261 113 242 136 2
rect:14 297 57 87 2
rect:11 148 151 142 2
rect:356 280 126 160 2
rect:108 239 97 107 11
Anchorage1964_17.jpg 0x0
rect:8 271 786 153 10
rect:15 124 229 168 9
rect:218 49 157 230 9
Anchorage1964_18.jpg 0x0
rect:635 228 73 23 2
rect:286 291 100 20 2
rect:115 285 15 53 11
rect:181 191 97 75 4
rect:428 307 28 21 2
rect:291 396 347 24 15
rect:350 141 88 79 4
rect:524 149 131 98 4
rect:144 380 68 44 11
rect:346 219 26 56 11
Anchorage1964_19.jpg 0x0
rect:601 106 35 27 28
rect:401 101 50 108 29
rect:639 260 47 37 28
rect:447 293 14 25 26
rect:352 137 36 27 26
rect:327 376 57 86 26
rect:591 131 26 61 29
rect:499 274 8 20 26
rect:22 324 43 96 27
rect:506 123 17 42 26
rect:730 185 10 13 26
rect:399 119 30 33 27
rect:286 73 74 144 29
rect:823 169 8 7 26
rect:231 110 45 34 26
rect:404 113 5 16 26
rect:6 289 56 113 26
rect:357 270 20 34 26
Anchorage1964_20.jpg 0x0
rect:237 86 70 82 26
rect:622 449 52 87 26
rect:166 65 120 128 29
rect:186 435 60 96 26
rect:222 127 60 46 27
Anchorage1964_21.jpg 0x0
rect:179 159 569 123 30
rect:47 323 28 36 26
rect:2 100 38 30 26
rect:-6 52 95 169 29
Bingol2003_01.jpg 0x0
rect:806 207 94 75 6
rect:225 94 64 27 6
rect:831 164 81 59 6
rect:231 161 71 79 33
rect:520 395 51 70 34
rect:123 222 90 53 33
rect:596 157 45 151 34
rect:29 180 54 69 33
rect:565 162 133 63 33
rect:2 357 1037 309 10
rect:381 319 225 178 31
rect:421 370 160 51 6
rect:758 273 83 62 33
rect:694 72 132 251 31
rect:692 309 33 59 6
rect:539 71 70 48 6
rect:573 269 58 212 32
rect:605 413 63 45 33
rect:422 331 106 91 6
Bingol2003_02.jpg 0x0
rect:567 246 98 136 26
rect:538 230 420 134 35
rect:429 367 67 95 6
rect:289 201 590 401 31
rect:154 279 78 355 32
rect:914 70 132 64 36
rect:112 481 209 204 32
rect:195 83 510 217 34
Bingol2003_03.jpg 0x0
rect:98 34 141 44 2
rect:486 -6 339 216 4
rect:859 613 198 270 2
rect:113 48 117 125 33
rect:343 156 389 188 2
rect:795 244 201 587 4
rect:527 186 213 85 11
Bingol2003_04.jpg 0x0
rect:50 458 119 73 2
rect:82 774 29 52 3
rect:145 436 23 98 3
rect:113 357 251 215 2
rect:236 549 49 132 3
rect:327 550 132 77 2
rect:157 359 34 107 3
rect:341 310 130 150 4
CanterburyNZSeries2010_01.jpg 0x0
rect:72 108 122 223 12
CanterburyNZSeries2010_02.jpg 0x0
rect:56 48 129 296 6
rect:56 8 239 357 37
CanterburyNZSeries2010_03.jpg 0x0
rect:49 61 279 160 38
CanterburyNZSeries2010_04.jpg 0x0
rect:422 465 40 155 40
rect:375 379 23 64 40
rect:284 301 207 278 39
rect:197 10 121 119 42
rect:187 576 76 195 41
rect:292 402 28 89 40
rect:382 417 16 58 40
rect:257 319 20 182 40
CanterburyNZSeries2010_05.jpg 0x0
rect:243 385 146 431 4
rect:326 264 124 132 15
CanterburyNZSeries2010_06.jpg 0x0
rect:201 172 255 141 2
rect:89 93 858 537 4
CanterburyNZSeries2010_08.jpg 0x0
rect:914 467 24 167 32
rect:609 423 70 165 44
rect:546 469 118 141 44
rect:607 126 137 238 43
CanterburyNZSeries2010_09.jpg 0x0
rect:227 240 164 303 39
rect:180 155 216 259 45
CanterburyNZSeries2010_10.jpg 0x0
rect:435 144 324 145 7
rect:333 293 214 94 46
rect:156 437 248 104 6
rect:168 262 461 181 6
CanterburyNZSeries2010_11.jpg 0x0
rect:310 158 350 88 7
rect:399 286 302 208 5
CanterburyNZSeries2010_12.jpg 0x0
rect:57 315 864 420 2
rect:214 603 172 50 11
rect:436 352 158 66 11
rect:5 244 1137 342 47
CanterburyNZSeries2010_13.jpg 0x0
rect:360 148 100 322 11
rect:168 17 418 577 12
Caracas1967_01.jpg 0x0
rect:315 79 194 276 48
rect:313 145 11 50 48
rect:336 165 46 65 48
rect:361 176 80 111 48
Caracas1967_02.jpg 0x0
rect:174 235 165 323 51
rect:145 417 54 82 49
rect:115 475 38 35 50
rect:197 1 110 203 15
Caracas1967_03.jpg 0x0
rect:201 84 75 102 14
rect:237 275 30 71 27
rect:349 438 36 102 27
rect:14 446 205 81 6
rect:325 409 73 50 26
rect:213 431 122 120 34
Caracas1967_04.jpg 0x0
rect:109 369 35 95 26
rect:157 470 23 75 27
rect:106 246 168 128 34
Caracas1967_05.jpg 0x0
rect:42 79 294 687 48
rect:308 245 45 145 40
rect:77 371 68 299 40
rect:163 381 47 218 40
rect:195 380 53 277 40
rect:286 216 136 109 52
rect:273 290 54 195 40
rect:69 444 284 140 52
rect:332 158 32 231 40
rect:48 136 454 618 41
Caracas1967_06.jpg 0x0
rect:374 270 71 49 6
rect:380 109 312 262 7
Caracas1967_07.jpg 0x0
rect:161 131 60 174 27
rect:211 111 118 258 34
rect:559 418 111 98 53
rect:352 55 34 237 27
rect:344 320 84 116 53
rect:307 7 111 247 34
rect:454 243 113 310 34
Caracas1967_08.jpg 0x0
rect:223 346 63 99 54
rect:387 251 69 174 54
rect:291 296 88 88 55
Caracas1967_09.jpg 0x0
rect:148 152 89 93 48
rect:524 15 193 160 48
rect:60 189 51 69 48
rect:26 199 40 67 48
Caracas1967_10.jpg 0x0
rect:45 238 188 444 41
rect:207 203 70 227 40
rect:14 148 466 407 48
rect:356 337 74 213 40
Caracas1967_11.jpg 0x0
rect:68 194 309 659 41
rect:298 11 202 356 41
rect:54 14 517 784 48
Caracas1967_12.jpg 0x0
rect:884 371 25 34 32
rect:567 298 28 44 32
rect:659 228 38 35 34
rect:210 348 24 42 56
Caracas1967_13.jpg 0x0
rect:141 498 165 180 55
Caracas1967_14.jpg 0x0
rect:124 136 476 165 57
rect:115 358 222 41 6
Chichi1999_01.jpg 0x0
rect:4 6 960 159 58
rect:271 104 43 170 42
Chichi1999_02.jpg 0x0
rect:5 98 383 183 58
rect:439 99 261 506 59
Chichi1999_03.jpg 0x0
rect:0 117 820 209 58
rect:98 172 67 128 60
Chichi1999_04.jpg 0x0
rect:183 179 86 290 48
rect:269 -20 70 113 48
rect:163 199 28 77 52
Chichi1999_05.jpg 0x0
rect:300 258 24 26 41
rect:348 90 108 202 48
rect:444 207 42 100 52
rect:401 152 57 67 41
Chichi1999_06.jpg 0x0
rect:264 190 17 28 52
rect:116 20 356 224 10
rect:594 -15 103 89 61
rect:260 246 63 72 48
rect:663 197 40 57 41
rect:281 92 60 51 62
Chichi1999_07.jpg 0x0
rect:195 139 46 179 48
rect:577 340 18 18 64
rect:386 191 62 125 48
rect:787 253 46 96 48
rect:379 175 36 26 64
rect:46 203 462 105 63
rect:180 149 31 55 64
Chichi1999_08.jpg 0x0
rect:78 19 646 405 10
Chichi1999_09.jpg 0x0
rect:251 88 32 70 40
rect:280 91 161 76 41
rect:186 124 48 93 40
rect:226 83 218 152 48
Chichi1999_10.jpg 0x0
rect:164 23 470 331 10
Chichi1999_11.jpg 0x0
rect:2 121 175 398 10
rect:119 151 92 90 65
Chichi1999_12.jpg 0x0
rect:11 33 284 473 66
Chichi1999_13.jpg 0x0
rect:30 50 731 355 10
Chichi1999_14.jpg 0x0
rect:146 232 63 47 67
rect:318 554 40 62 67
rect:130 579 20 32 67
rect:153 239 43 43 67
rect:331 335 34 44 39
rect:337 318 25 28 39
rect:319 378 37 40 39
rect:463 510 74 83 67
rect:288 358 21 31 39
rect:142 330 34 60 67
rect:126 333 63 37 67
rect:205 181 14 49 67
rect:119 345 35 50 67
rect:154 578 28 45 67
rect:158 319 39 43 67
rect:67 449 48 42 67
rect:130 153 60 48 67
Chichi1999_15.jpg 0x0
rect:288 25 334 430 41
Chichi1999_16.jpg 0x0
rect:212 129 59 106 32
Chichi1999_17.jpg 0x0
rect:175 391 27 53 32
Chichi1999_18.jpg 0x0
rect:342 304 47 87 70
rect:174 251 148 356 68
rect:180 239 46 82 69
rect:239 207 30 140 69
rect:279 379 30 187 69
rect:186 257 22 162 69
Chichi1999_19.jpg 0x0
rect:257 85 133 299 3
rect:259 21 220 306 2
YogyakartaInd2006_03.jpg 0x0
rect:238 60 94 71 15
rect:197 141 85 37 15
rect:168 206 19 9 16
rect:243 237 369 119 71
rect:290 409 48 31 16
rect:215 484 196 23 15
rect:247 30 121 2 15
rect:353 60 97 42 16
Chichi1999_20.jpg 0x0
rect:217 204 120 458 42
rect:185 349 69 154 41
Chichi1999_21.jpg 0x0
rect:184 144 193 355 72
rect:345 277 91 95 6
rect:20 3 239 204 30
rect:188 221 184 197 37
rect:354 136 152 102 6
rect:64 321 150 84 5
rect:445 6 101 118 57
rect:326 35 176 161 37
Chichi1999_22.jpg 0x0
rect:376 209 17 25 73
rect:192 271 13 25 73
rect:190 187 10 27 73
rect:293 175 407 126 10
Chichi1999_23.jpg 0x0
rect:204 294 44 68 34
rect:363 207 70 95 73
rect:276 235 41 70 73
rect:95 382 34 70 34
rect:104 343 40 124 73
rect:122 224 21 20 34
rect:4 63 383 174 74
rect:249 185 34 26 27
rect:109 160 60 56 73
rect:331 225 20 32 26
Chichi1999_24.jpg 0x0
rect:194 223 68 39 34
rect:3 450 358 258 74
rect:200 216 121 76 75
rect:273 149 45 58 46
rect:442 310 1 2 46
Chichi1999_25.jpg 0x0
rect:150 336 41 70 26
rect:114 262 178 231 73
rect:150 216 140 276 34
Chichi1999_26.jpg 0x0
rect:185 164 61 123 73
rect:245 15 55 26 73
rect:157 235 160 278 76
rect:152 430 179 103 73
rect:100 706 112 89 27
rect:105 534 58 50 26
Chichi1999_27.jpg 0x0
rect:216 203 100 420 32
Chichi1999_28.jpg 0x0
rect:256 223 216 84 77
rect:17 63 249 101 6
rect:224 145 211 187 75
rect:105 93 111 291 5
Chichi1999_29.jpg 0x0
rect:142 166 193 361 48
rect:213 179 117 151 40
rect:150 315 62 120 52
Chichi1999_30.jpg 0x0
rect:199 118 179 74 52
rect:34 277 133 209 73
rect:252 122 335 351 40
rect:251 244 189 49 78
Chichi1999_31.jpg 0x0
rect:204 64 119 329 79
rect:431 125 33 164 48
Chichi1999_32.jpg 0x0
rect:645 119 58 148 39
rect:140 273 44 176 81
rect:191 54 31 201 81
rect:170 8 72 368 80
Chichi1999_33.jpg 0x0
rect:201 108 162 206 32
rect:163 132 87 226 32
rect:295 71 70 233 56
rect:305 147 43 155 49
rect:75 58 135 537 33
rect:107 116 60 125 49
Chichi1999_34.jpg 0x0
rect:163 101 537 283 10
Duzce1999_01.jpg 0x0
rect:108 179 103 100 41
rect:144 51 101 402 39
Duzce1999_02.jpg 0x0
rect:68 61 139 430 41
Duzce1999_03.jpg 0x0
rect:191 157 66 221 31
rect:0 128 119 236 31
rect:112 103 82 178 42
Gediz1970_01.jpg 0x0
rect:128 401 135 319 69
rect:116 98 221 713 68
rect:245 515 90 189 69
Guatemala1976_01.jpg 0x0
rect:43 274 69 54 52
rect:48 113 128 92 48
rect:61 204 41 56 41
rect:533 126 194 130 48
rect:530 175 71 54 41
rect:29 102 570 125 82
Guatemala1976_02.jpg 0x0
rect:169 51 331 302 48
rect:239 80 96 108 40
Guatemala1976_03.jpg 0x0
rect:20 59 939 227 75
Guatemala1976_04.jpg 0x0
rect:29 50 600 232 30
rect:624 210 97 372 4
rect:108 22 327 80 30
rect:432 256 123 299 4
Guatemala1976_05.jpg 0x0
rect:213 177 340 178 41
rect:174 146 262 127 40
rect:163 83 317 370 48
Guatemala1976_06.jpg 0x0
rect:132 100 195 354 39
Guatemala1976_07.jpg 0x0
rect:33 236 47 50 6
rect:197 610 90 95 83
rect:25 312 544 271 10
Guatemala1976_08.jpg 0x0
rect:433 68 221 240 40
rect:197 32 281 292 48
rect:229 77 323 443 41
Guatemala1976_09.jpg 0x0
rect:385 261 55 72 84
rect:62 303 45 35 85
rect:182 174 57 44 85
rect:787 281 65 43 85
rect:501 337 44 64 84
rect:117 234 31 19 84
rect:243 246 50 23 84
rect:307 337 65 38 85
Guatemala1976_10.jpg 0x0
rect:219 100 241 196 87
rect:289 442 34 107 87
rect:198 137 303 257 86
Guatemala1976_11.jpg 0x0
rect:245 206 167 271 34
GujaratIndia2001_01.jpg 0x0
rect:93 338 86 24 2
rect:35 421 173 215 4
rect:166 479 268 111 2
rect:364 331 58 50 11
Haiti2010_01.jpg 0x0
rect:285 127 198 439 41
rect:391 334 27 129 40
rect:178 44 124 131 7
rect:608 305 141 90 4
rect:361 581 221 213 4
Haiti2010_02.jpg 0x0
rect:212 24 206 65 14
rect:60 85 470 207 88
Haiti2010_03.jpg 0x0
rect:274 534 58 61 49
rect:279 439 256 197 89
rect:197 494 227 182 32
rect:284 1 74 742 32
Haiti2010_04.jpg 0x0
rect:121 319 291 664 41
rect:257 51 290 292 34
rect:2 198 222 118 6
Haiti2010_05.jpg 0x0
rect:223 110 306 338 90
rect:236 315 25 86 40
rect:370 175 39 65 40
rect:256 234 227 109 52
Haiti2010_06.jpg 0x0
rect:599 199 64 200 32
rect:377 180 75 115 34
rect:152 192 267 417 91
rect:412 215 777 697 91
rect:205 252 51 35 34
rect:508 161 76 37 6
rect:432 201 167 314 33
ImperialValley1979_01.jpg 0x0
rect:466 228 31 37 32
rect:12 358 77 83 49
rect:14 347 143 161 32
rect:346 407 47 49 50
rect:513 308 32 33 50
rect:508 257 24 27 32
rect:372 427 52 61 32
rect:373 388 21 17 49
rect:44 377 97 129 50
rect:349 246 32 18 49
rect:272 325 56 25 49
ImperialValley1979_02.jpg 0x0
rect:208 212 399 82 92
rect:187 224 83 36 49
rect:192 155 97 142 50
rect:262 60 168 205 32
rect:210 174 50 140 50
rect:367 161 88 177 50
ImperialValley1979_03.jpg 0x0
rect:263 247 48 217 50
rect:222 439 79 156 50
rect:184 195 202 186 32
rect:165 373 184 187 32
rect:95 301 182 39 92
rect:128 200 103 162 50
rect:90 315 220 45 92
Izmit1999_01.jpg 0x0
rect:441 228 57 76 26
rect:188 72 408 378 34
rect:313 126 51 144 27
rect:296 79 41 181 27
rect:203 181 46 111 27
Izmit1999_02.jpg 0x0
rect:31 91 557 327 10
Izmit1999_03.jpg 0x0
rect:200 43 377 333 93
rect:293 120 51 132 50
rect:182 254 463 26 92
rect:298 84 33 289 50
rect:127 69 78 384 50
rect:428 100 49 256 50
rect:256 63 185 268 32
rect:523 109 60 212 50
Izmit1999_04.jpg 0x0
rect:393 327 99 95 41
rect:370 63 89 55 41
rect:285 82 76 81 48
rect:46 501 63 65 34
rect:106 613 297 116 88
rect:333 455 25 58 40
rect:444 387 26 65 40
rect:62 380 37 62 42
rect:181 344 181 90 88
rect:59 466 46 134 41
Izmit1999_05.jpg 0x0
rect:101 34 732 512 10
Izmit1999_06.jpg 0x0
rect:110 263 56 223 50
rect:166 195 66 263 50
rect:200 260 53 151 50
rect:158 181 163 517 32
rect:154 240 177 102 49
rect:245 240 52 166 50
Izmit1999_07.jpg 0x0
rect:18 104 365 428 2
rect:204 165 45 122 3
rect:301 166 98 86 3
rect:296 299 63 269 4
rect:178 220 44 92 3
rect:337 224 38 107 3
rect:346 45 128 56 6
Izmit1999_08.jpg 0x0
rect:205 220 154 82 88
rect:171 27 65 91 34
rect:159 150 76 63 41
rect:158 340 83 69 45
rect:356 6 112 82 45
rect:425 111 68 39 52
rect:653 58 77 62 41
Izmit1999_09.jpg 0x0
rect:53 262 31 37 41
rect:594 267 61 67 94
rect:486 275 39 57 41
rect:300 256 52 27 41
rect:335 190 110 102 94
rect:359 302 96 100 41
Izmit1999_10.jpg 0x0
rect:199 531 97 123 40
rect:127 414 293 84 78
rect:108 286 69 224 40
rect:95 166 360 450 41
rect:58 196 61 231 40
rect:273 516 68 85 40
rect:211 220 40 132 40
rect:45 178 313 50 78
rect:366 383 91 37 78
rect:195 301 160 45 78
rect:194 110 136 138 40
Izmit1999_11.jpg 0x0
rect:274 176 92 147 40
rect:320 338 84 165 40
rect:142 245 168 165 41
rect:171 322 134 111 41
rect:186 347 88 144 40
Izmit1999_12.jpg 0x0
rect:70 58 35 18 6
rect:1 290 35 46 41
rect:59 215 70 107 94
rect:305 26 81 51 34
rect:315 195 50 25 6
rect:406 312 81 143 94
rect:417 83 38 89 41
rect:106 317 23 55 40
rect:407 211 69 80 41
rect:153 294 99 83 88
rect:390 331 58 99 52
rect:56 306 54 74 52
rect:378 235 85 106 41
rect:13 65 37 18 6
rect:275 135 39 78 42
rect:561 228 167 201 91
rect:463 133 54 65 7
rect:454 86 45 76 45
Izmit1999_13.jpg 0x0
rect:136 232 32 87 41
rect:457 169 77 181 41
rect:206 325 30 84 41
rect:373 96 76 129 41
rect:182 298 141 133 94
rect:5 60 79 145 42
rect:171 358 67 54 52
rect:314 99 224 356 48
rect:105 114 54 34 6
Izmit1999_14.jpg 0x0
rect:205 445 51 35 34
rect:54 131 104 54 34
rect:340 35 58 50 95
rect:307 73 64 69 34
rect:406 353 47 43 34
rect:415 8 127 58 35
rect:561 336 70 53 34
rect:363 136 86 74 35
rect:299 500 46 29 34
Izmit1999_15.jpg 0x0
rect:137 181 329 289 42
Izmit1999_16.jpg 0x0
rect:117 84 307 360 39
rect:145 95 184 171 41
rect:162 96 40 134 40
rect:68 69 432 475 33
Izmit1999_17.jpg 0x0
rect:73 95 132 190 41
Izmit1999_18.jpg 0x0
rect:215 98 100 311 39
rect:233 169 129 181 41
Izmit1999_19.jpg 0x0
rect:179 170 199 247 32
rect:338 187 18 93 50
rect:194 63 214 283 96
rect:467 113 28 107 50
Kobe1995_01.jpg 0x0
rect:26 156 865 115 63
Kobe1995_02.jpg 0x0
rect:2 78 419 714 68
Kobe1995_03.jpg 0x0
rect:44 75 578 505 10
Kobe1995_04.jpg 0x0
rect:354 372 58 68 41
Kobe1995_05.jpg 0x0
rect:5 119 91 549 40
rect:429 197 204 497 40
rect:114 686 283 123 78
rect:30 335 572 60 78
rect:135 200 256 658 52
Kobe1995_06.jpg 0x0
rect:70 144 515 480 41
rect:215 305 362 323 42
Kobe1995_07.jpg 0x0
rect:337 354 27 33 39
rect:108 398 34 24 39
rect:355 156 32 42 39
rect:244 510 40 25 39
rect:259 232 37 53 39
rect:301 360 22 48 39
rect:399 235 49 45 39
rect:85 297 39 51 39
rect:165 317 24 48 39
rect:146 232 32 50 39
rect:368 501 44 37 39
rect:42 228 29 36 39
rect:234 225 38 41 39
rect:204 102 36 35 39
rect:547 109 42 26 39
rect:208 112 28 35 39
rect:279 382 33 38 39
rect:465 312 25 57 39
rect:404 439 26 25 39
rect:35 357 53 28 39
rect:482 367 35 45 39
rect:357 280 29 56 39
rect:172 242 29 33 39
rect:339 248 49 42 39
rect:403 337 50 43 39
rect:327 373 41 33 39
Kobe1995_08.jpg 0x0
rect:245 51 558 163 97
Kobe1995_09.jpg 0x0
rect:96 632 50 82 88
rect:208 396 205 103 97
rect:105 475 52 70 88
rect:100 760 102 72 88
SanSalvador_1986_01.jpg 0x0
rect:276 166 130 169 41
rect:72 3 122 271 68
SanSalvador_1986_02.jpg 0x0
rect:555 214 30 59 42
rect:494 276 35 50 41
rect:221 179 33 33 41
rect:271 144 51 42 41
rect:344 177 21 31 41
rect:183 237 26 39 41
rect:217 217 27 42 41
rect:397 308 30 50 41
rect:405 169 41 34 41
SikkimIndia2001_01.jpg 0x0
rect:264 130 154 117 34
SikkimIndia2001_02.jpg 0x0
rect:468 75 121 36 16
rect:233 58 179 409 33
rect:9 175 49 39 54
rect:9 5 262 93 16
rect:347 106 86 148 33
rect:472 236 76 19 16
rect:-16 2 481 71 33
rect:236 227 66 42 16
SikkimIndia2001_03.jpg 0x0
rect:259 103 58 268 69
rect:200 240 75 120 70
rect:276 8 189 642 98
SikkimIndia2001_04.jpg 0x0
rect:323 177 346 79 99
rect:235 215 133 152 34
rect:3 33 290 330 99
SumatraInd2009_01.jpg 0x0
rect:320 18 80 297 81
SumatraInd2009_02.jpg 0x0
rect:259 85 144 211 41
WhittierNarrows1987_01.jpg 0x0
rect:14 31 731 277 10
WhittierNarrows1987_02.jpg 0x0
rect:146 241 109 240 41
WhittierNarrows1987_03.jpg 0x0
rect:286 151 176 254 32
WhittierNarrows1987_04.jpg 0x0
rect:181 15 256 137 100
rect:160 39 98 206 41
rect:222 8 223 61 6
YogyakartaInd2006_01.jpg 0x0
rect:287 46 269 303 32
rect:345 120 300 72 49
rect:131 -24 316 355 29
YogyakartaInd2006_02.jpg 0x0
rect:410 115 93 210 70
rect:343 55 184 291 98
rect:297 81 54 173 69
