Anchorage1964_01.jpg 0x0
rect:66 6 148 168 1
rect:102 387 282 210 1
Anchorage1964_02.jpg 0x0
rect:44 20 187 39 5
rect:104 278 43 20 6
rect:281 27 333 110 4
rect:382 313 29 75 3
rect:110 139 53 66 7
rect:327 261 27 82 3
rect:220 209 341 93 2
rect:272 74 77 54 4
rect:362 238 16 73 3
rect:357 191 19 58 3
rect:549 261 100 68 4
rect:69 26 112 15 6
rect:539 60 128 128 8
rect:388 276 28 42 3
rect:383 333 32 58 3
rect:165 249 20 74 3
rect:123 176 28 21 6
rect:463 262 12 61 3
rect:40 177 152 47 5
Anchorage1964_03.jpg 0x0
rect:0 217 709 83 10
rect:2 154 260 66 9
rect:268 93 501 196 9
Anchorage1964_04.jpg 0x0
rect:340 348 19 29 1
rect:369 29 37 19 5
rect:245 227 21 31 8
rect:357 274 13 20 1
rect:375 58 26 12 5
rect:251 278 32 21 5
rect:404 310 24 18 5
rect:439 526 39 22 5
rect:150 22 20 14 5
rect:171 69 39 18 5
rect:212 250 26 22 5
rect:202 324 22 25 1
rect:247 95 24 28 1
rect:259 229 38 22 5
rect:140 488 27 16 5
rect:285 342 10 1 1
rect:195 462 31 20 5
rect:218 219 14 28 1
rect:164 214 35 17 5
rect:172 75 32 13 5
rect:215 134 16 25 1
rect:145 110 35 16 5
rect:197 553 19 19 1
rect:240 266 24 19 5
rect:185 171 30 17 5
rect:202 352 21 25 1
rect:418 336 23 16 5
rect:264 148 34 16 5
rect:261 524 18 25 1
rect:423 137 28 21 5
rect:250 195 33 21 5
rect:220 192 24 26 1
rect:267 78 27 23 5
rect:182 383 36 21 5
rect:152 397 40 15 5
rect:164 246 37 23 5
rect:243 153 15 23 1
rect:192 511 67 18 2
rect:347 236 29 14 5
Anchorage1964_05.jpg 0x0
rect:45 316 19 60 1
rect:300 1 38 66 1
rect:207 133 127 38 6
rect:105 21 26 31 1
rect:605 283 67 59 1
rect:343 88 51 57 1
rect:405 119 53 64 1
rect:549 337 54 85 8
rect:88 247 27 59 1
rect:257 48 91 52 6
rect:390 193 24 21 11
rect:748 265 51 43 5
rect:513 196 60 29 5
rect:410 477 57 73 8
rect:253 229 108 76 2
rect:775 374 43 18 6
rect:452 231 51 70 1
rect:219 48 118 30 5
rect:78 130 16 39 1
rect:464 178 55 26 11
rect:409 138 27 55 1
rect:90 92 17 37 1
rect:174 159 116 26 5
rect:789 248 47 26 6
rect:39 425 29 69 1
rect:58 223 18 37 1
rect:61 267 16 52 1
rect:381 24 43 52 1
rect:76 53 26 45 1
Anchorage1964_06.jpg 0x0
rect:163 291 56 71 11
rect:195 137 97 272 3
rect:142 56 279 483 12
Anchorage1964_07.jpg 0x0
rect:223 2 143 67 2
rect:253 157 47 92 3
rect:270 211 411 244 2
rect:15 170 319 38 11
rect:342 161 69 116 11
rect:7 387 459 43 14
rect:315 126 116 178 11
rect:408 190 39 138 13
rect:8 47 508 483 2
Anchorage1964_08.jpg 0x0
rect:48 333 90 80 1
rect:38 56 150 84 1
rect:38 424 73 154 1
rect:250 367 112 97 1
rect:384 330 139 141 1
rect:284 40 105 133 1
Anchorage1964_09.jpg 0x0
rect:125 157 60 79 1
rect:154 92 270 15 15
rect:427 119 71 65 1
rect:76 257 75 76 8
rect:502 105 146 19 15
rect:14 12 451 15 15
rect:14 149 101 19 15
rect:70 44 63 68 8
rect:603 117 73 62 1
rect:361 6 380 14 15
rect:14 12 65 11 16
rect:284 113 88 46 1
rect:401 25 92 46 8
rect:557 11 121 10 16
rect:505 222 1 1 16
rect:633 246 66 80 8
rect:47 122 46 10 16
rect:497 122 133 22 15
rect:14 172 27 10 16
Anchorage1964_10.jpg 0x0
rect:212 285 108 133 17
rect:55 344 317 94 18
rect:182 197 238 109 18
rect:62 188 392 416 1
Anchorage1964_11.jpg 0x0
rect:71 434 718 13 14
rect:617 148 188 110 1
rect:111 455 626 25 14
rect:284 273 314 43 11
rect:191 140 277 21 15
rect:550 7 91 41 1
rect:120 50 130 81 4
rect:102 138 639 79 2
Anchorage1964_12.jpg 0x0
rect:191 200 33 136 3
rect:469 88 234 147 11
rect:15 104 549 191 2
rect:390 77 59 194 3
rect:294 70 39 223 3
Anchorage1964_13.jpg 0x0
rect:594 518 36 124 20
rect:346 495 84 14 19
rect:377 560 180 33 2
Anchorage1964_14.jpg 0x0
rect:43 690 58 72 22
rect:252 510 169 85 23
rect:435 283 163 41 15
rect:117 749 49 78 22
rect:281 12 65 267 11
rect:201 270 73 70 21
rect:384 5 56 102 11
rect:25 507 36 58 22
rect:196 526 45 66 22
rect:89 254 147 25 15
rect:222 12 123 545 20
rect:10 675 184 73 11
Anchorage1964_15.jpg 0x0
rect:263 95 39 119 25
rect:304 7 99 52 4
rect:342 243 106 51 11
rect:213 191 148 39 15
rect:332 306 130 36 24
rect:422 10 119 59 4
rect:164 97 60 330 20
rect:207 432 225 42 2
rect:178 140 40 48 11
Anchorage1964_16.jpg 0x0
rect:220 72 331 132 2
rect:17 280 85 90 2
rect:106 327 80 127 11
rect:162 165 254 190 11
rect:366 209 126 253 2
rect:11 102 143 251 2
Anchorage1964_17.jpg 0x0
rect:249 57 258 177 9
rect:8 191 928 269 10
rect:15 96 219 142 9
Anchorage1964_18.jpg 0x0
rect:304 360 333 31 15
rect:162 247 15 51 11
rect:339 267 44 19 2
rect:449 330 44 72 11
rect:549 109 108 66 4
rect:559 189 135 82 4
rect:121 232 87 74 4
rect:502 250 91 27 2
rect:702 308 59 18 2
rect:101 253 96 38 11
Anchorage1964_19.jpg 0x0
rect:541 130 20 56 29
rect:397 102 35 27 28
rect:303 80 31 38 27
rect:465 93 19 29 26
rect:350 254 17 29 26
rect:381 286 16 31 26
rect:499 156 7 19 26
rect:37 307 34 91 27
rect:205 98 63 38 26
rect:6 253 53 174 26
rect:344 112 37 36 26
rect:588 204 7 11 26
rect:583 161 7 6 26
rect:480 183 11 23 26
rect:248 65 85 130 29
rect:247 327 47 90 26
rect:472 96 36 84 29
rect:537 279 46 29 28
Anchorage1964_20.jpg 0x0
rect:175 109 97 38 27
rect:161 79 131 85 26
rect:628 466 31 69 26
rect:205 412 77 154 26
rect:197 74 167 118 29
Anchorage1964_21.jpg 0x0
rect:2 116 59 27 26
rect:62 353 40 41 26
rect:-6 72 65 135 29
rect:130 193 666 173 30
Bingol2003_01.jpg 0x0
rect:363 434 41 75 34
rect:206 68 53 20 6
rect:733 125 96 58 6
rect:562 75 63 70 6
rect:601 230 85 74 6
rect:615 107 114 259 31
rect:545 324 218 91 6
rect:983 512 59 40 33
rect:24 197 65 48 33
rect:427 510 89 97 6
rect:778 241 76 70 33
rect:390 324 219 179 31
rect:364 240 53 203 32
rect:2 303 770 294 10
rect:827 259 113 66 33
rect:393 254 62 107 34
rect:407 182 45 39 6
rect:336 193 70 70 33
rect:121 266 75 55 33
Bingol2003_02.jpg 0x0
rect:872 48 169 83 36
rect:250 193 673 433 31
rect:111 473 167 191 32
rect:189 231 110 387 32
rect:200 104 513 154 34
rect:385 286 109 88 26
rect:385 249 74 70 6
rect:496 214 341 137 35
Bingol2003_03.jpg 0x0
rect:87 56 119 81 33
rect:904 588 259 347 2
rect:725 302 230 819 4
rect:299 139 491 192 2
rect:554 -7 203 182 4
rect:485 270 257 92 11
rect:93 20 164 30 2
Bingol2003_04.jpg 0x0
rect:338 257 147 160 4
rect:154 491 192 185 2
rect:98 523 30 59 3
rect:394 440 81 86 2
rect:253 549 24 100 3
rect:90 526 26 89 3
rect:250 514 42 93 3
rect:74 544 105 108 2
CanterburyNZSeries2010_01.jpg 0x0
rect:68 104 91 235 12
CanterburyNZSeries2010_02.jpg 0x0
rect:32 9 196 208 37
rect:42 44 134 289 6
CanterburyNZSeries2010_03.jpg 0x0
rect:40 84 433 115 38
CanterburyNZSeries2010_04.jpg 0x0
rect:219 462 33 151 40
rect:482 328 48 163 40
rect:437 284 17 81 40
rect:201 414 87 272 41
rect:210 11 115 174 42
rect:208 246 173 275 39
rect:425 523 21 63 40
rect:325 500 25 50 40
CanterburyNZSeries2010_05.jpg 0x0
rect:340 384 186 405 4
rect:353 223 162 112 15
CanterburyNZSeries2010_06.jpg 0x0
rect:260 175 319 83 2
rect:81 106 544 556 4
CanterburyNZSeries2010_08.jpg 0x0
rect:868 521 33 132 32
rect:513 185 155 223 43
rect:995 493 74 92 44
rect:863 502 98 100 44
CanterburyNZSeries2010_09.jpg 0x0
rect:267 160 190 194 45
rect:363 282 197 411 39
CanterburyNZSeries2010_10.jpg 0x0
rect:206 488 282 119 6
rect:333 328 200 96 46
rect:388 178 271 126 7
rect:265 290 257 205 6
CanterburyNZSeries2010_11.jpg 0x0
rect:423 178 220 135 7
rect:226 339 320 152 5
CanterburyNZSeries2010_12.jpg 0x0
rect:5 302 1143 301 47
rect:67 336 882 303 2
rect:415 605 167 80 11
rect:144 529 103 42 11
CanterburyNZSeries2010_13.jpg 0x0
rect:178 17 549 536 12
rect:349 136 91 556 11
Caracas1967_01.jpg 0x0
rect:212 219 45 89 48
rect:275 169 11 45 48
rect:446 95 207 225 48
rect:320 119 60 79 48
Caracas1967_02.jpg 0x0
rect:289 1 85 193 15
rect:137 529 36 42 50
rect:125 271 222 296 51
rect:103 273 35 58 49
Caracas1967_03.jpg 0x0
rect:213 51 58 88 14
rect:224 336 85 60 26
rect:324 444 25 101 27
rect:18 421 311 93 6
rect:212 468 36 73 27
rect:321 346 122 162 34
Caracas1967_04.jpg 0x0
rect:149 479 14 122 27
rect:169 355 175 195 34
rect:121 364 57 142 26
Caracas1967_05.jpg 0x0
rect:264 182 56 208 40
rect:89 296 275 153 52
rect:157 350 32 279 40
rect:397 257 52 211 40
rect:32 102 318 744 48
rect:244 203 112 112 52
rect:74 345 46 254 40
rect:54 184 366 477 41
rect:372 208 41 213 40
rect:178 251 42 276 40
Caracas1967_06.jpg 0x0
rect:312 337 103 53 6
rect:285 117 324 255 7
Caracas1967_07.jpg 0x0
rect:472 9 83 323 34
rect:563 214 173 221 34
rect:180 97 46 165 27
rect:411 506 72 84 53
rect:179 121 162 259 34
rect:589 307 109 88 53
rect:500 55 23 265 27
Caracas1967_08.jpg 0x0
rect:185 289 77 120 55
rect:203 206 55 117 54
rect:395 269 105 127 54
Caracas1967_09.jpg 0x0
rect:336 14 284 182 48
rect:76 170 76 73 48
rect:190 128 77 77 48
rect:18 292 46 68 48
Caracas1967_10.jpg 0x0
rect:338 399 85 184 40
rect:263 271 78 189 40
rect:49 256 291 357 41
rect:22 202 357 512 48
Caracas1967_11.jpg 0x0
rect:254 13 200 222 41
rect:41 172 242 403 41
rect:37 11 384 532 48
Caracas1967_12.jpg 0x0
rect:190 220 24 33 56
rect:770 375 31 58 32
rect:747 373 26 48 32
rect:613 327 38 31 34
Caracas1967_13.jpg 0x0
rect:195 417 162 218 55
Caracas1967_14.jpg 0x0
rect:154 162 470 217 57
rect:105 270 191 43 6
Chichi1999_01.jpg 0x0
rect:392 191 51 183 42
rect:5 9 500 117 58
Chichi1999_02.jpg 0x0
rect:6 94 265 198 58
rect:254 107 190 389 59
Chichi1999_03.jpg 0x0
rect:0 114 854 188 58
rect:88 176 60 81 60
Chichi1999_04.jpg 0x0
rect:247 -20 40 124 48
rect:259 245 34 50 52
rect:206 146 79 374 48
Chichi1999_05.jpg 0x0
rect:427 360 36 40 41
rect:424 160 50 71 52
rect:248 142 69 227 48
rect:382 132 61 54 41
Chichi1999_06.jpg 0x0
rect:467 309 26 34 52
rect:116 19 454 180 10
rect:456 167 56 115 48
rect:796 149 46 57 41
rect:235 104 58 58 62
rect:744 -12 79 59 61
Chichi1999_07.jpg 0x0
rect:518 190 47 90 48
rect:393 299 33 37 64
rect:412 252 35 126 48
rect:173 160 35 133 48
rect:671 217 14 22 64
rect:72 172 503 130 63
rect:183 142 33 52 64
Chichi1999_08.jpg 0x0
rect:126 11 554 414 10
Chichi1999_09.jpg 0x0
rect:200 124 69 87 40
rect:256 116 35 94 40
rect:235 85 154 172 48
rect:176 114 154 70 41
Chichi1999_10.jpg 0x0
rect:194 23 500 306 10
Chichi1999_11.jpg 0x0
rect:110 151 87 82 65
rect:2 140 204 600 10
Chichi1999_12.jpg 0x0
rect:10 20 427 752 66
Chichi1999_13.jpg 0x0
rect:43 42 678 549 10
Chichi1999_14.jpg 0x0
rect:301 408 18 29 39
rect:308 519 39 27 39
rect:265 333 36 37 39
rect:159 343 24 43 67
rect:370 371 43 38 67
rect:178 183 61 47 67
rect:202 646 21 37 39
rect:112 460 41 56 67
rect:156 368 38 44 67
rect:68 600 41 47 67
rect:164 321 25 44 67
rect:68 367 45 51 67
rect:205 251 31 42 67
rect:394 692 71 53 67
rect:156 302 35 73 67
rect:185 567 33 47 67
rect:139 190 40 68 67
Chichi1999_15.jpg 0x0
rect:248 36 303 298 41
Chichi1999_16.jpg 0x0
rect:165 113 69 131 32
Chichi1999_17.jpg 0x0
rect:147 341 21 54 32
Chichi1999_18.jpg 0x0
rect:164 190 114 499 68
rect:210 298 23 132 69
rect:199 185 27 115 69
rect:346 399 42 160 70
rect:375 250 40 123 69
rect:158 171 46 104 69
Chichi1999_19.jpg 0x0
rect:251 135 204 208 3
rect:153 27 194 487 2
YogyakartaInd2006_03.jpg 0x0
rect:305 20 129 2 15
rect:236 557 74 37 16
rect:194 380 256 30 15
rect:191 152 22 8 16
rect:239 220 355 191 71
rect:173 121 58 32 15
rect:270 72 116 43 16
rect:407 93 165 50 15
Chichi1999_20.jpg 0x0
rect:232 294 66 170 41
rect:228 143 113 376 42
Chichi1999_21.jpg 0x0
rect:18 5 221 141 30
rect:277 230 114 153 6
rect:372 30 243 171 37
rect:210 107 282 280 72
rect:205 225 168 200 37
rect:82 270 162 116 5
rect:321 119 193 85 6
rect:348 8 109 109 57
Chichi1999_22.jpg 0x0
rect:375 197 15 24 73
rect:214 191 247 194 10
rect:349 275 19 21 73
rect:249 302 16 22 73
Chichi1999_23.jpg 0x0
rect:295 296 78 124 73
rect:112 336 54 94 34
rect:388 214 41 76 34
rect:122 425 53 84 73
rect:4 61 424 210 74
rect:193 180 43 68 73
rect:151 195 62 64 73
rect:121 157 31 19 34
rect:327 181 43 32 27
rect:297 168 37 25 26
Chichi1999_24.jpg 0x0
rect:248 230 49 62 46
rect:139 148 130 84 75
rect:332 324 1 2 46
rect:3 347 271 214 74
rect:168 300 70 63 34
Chichi1999_25.jpg 0x0
rect:171 425 38 88 26
rect:203 170 93 278 34
rect:114 270 138 369 73
Chichi1999_26.jpg 0x0
rect:163 224 126 389 76
rect:302 13 33 29 73
rect:152 192 63 133 73
rect:137 395 103 163 73
rect:146 631 63 71 26
rect:123 377 89 97 27
Chichi1999_27.jpg 0x0
rect:172 239 105 454 32
Chichi1999_28.jpg 0x0
rect:15 67 200 172 6
rect:260 98 160 223 75
rect:105 111 119 152 5
rect:332 280 285 148 77
Chichi1999_29.jpg 0x0
rect:242 290 121 221 40
rect:183 295 72 145 52
rect:185 206 196 340 48
Chichi1999_30.jpg 0x0
rect:238 145 354 210 40
rect:201 148 138 72 52
rect:23 352 98 207 73
rect:153 148 207 69 78
Chichi1999_31.jpg 0x0
rect:157 84 136 351 79
rect:619 95 56 158 48
Chichi1999_32.jpg 0x0
rect:459 154 39 220 39
rect:223 70 48 193 81
rect:171 256 32 183 81
rect:150 9 77 268 80
Chichi1999_33.jpg 0x0
rect:94 138 41 90 49
rect:190 108 138 233 32
rect:225 118 75 214 56
rect:89 116 117 313 32
rect:299 127 38 101 49
rect:71 46 93 601 33
Chichi1999_34.jpg 0x0
rect:86 107 286 333 10
Duzce1999_01.jpg 0x0
rect:90 184 98 176 41
rect:102 78 98 405 39
Duzce1999_02.jpg 0x0
rect:97 55 166 497 41
Duzce1999_03.jpg 0x0
rect:85 99 116 211 42
rect:0 158 72 188 31
rect:189 147 114 246 31
Gediz1970_01.jpg 0x0
rect:156 286 73 309 69
rect:252 512 87 228 69
rect:99 92 224 576 68
Guatemala1976_01.jpg 0x0
rect:559 125 47 52 41
rect:538 101 156 89 48
rect:70 261 73 63 52
rect:48 172 111 131 48
rect:18 113 656 206 82
rect:40 224 43 51 41
Guatemala1976_02.jpg 0x0
rect:205 63 120 112 40
rect:137 67 247 194 48
Guatemala1976_03.jpg 0x0
rect:18 75 823 276 75
Guatemala1976_04.jpg 0x0
rect:53 57 615 287 30
rect:702 235 154 279 4
rect:133 20 336 73 30
rect:620 226 74 292 4
Guatemala1976_05.jpg 0x0
rect:160 94 424 378 48
rect:151 105 275 222 40
rect:200 107 216 171 41
Guatemala1976_06.jpg 0x0
rect:98 125 215 459 39
Guatemala1976_07.jpg 0x0
rect:275 655 159 82 83
rect:27 350 54 66 6
rect:20 283 446 477 10
Guatemala1976_08.jpg 0x0
rect:325 83 159 287 40
rect:198 50 368 375 41
rect:186 26 415 504 48
Guatemala1976_09.jpg 0x0
rect:443 284 81 45 85
rect:717 368 56 71 84
rect:442 281 78 24 85
rect:161 324 66 73 85
rect:243 210 33 29 84
rect:77 206 39 29 85
rect:114 379 23 30 84
rect:352 205 41 70 84
Guatemala1976_10.jpg 0x0
rect:294 142 216 281 86
rect:423 320 43 141 87
rect:199 148 219 182 87
Guatemala1976_11.jpg 0x0
rect:156 252 97 183 34
GujaratIndia2001_01.jpg 0x0
rect:227 479 56 44 11
rect:88 457 66 27 2
rect:30 495 153 133 4
rect:213 299 206 100 2
Haiti2010_01.jpg 0x0
rect:148 43 113 86 7
rect:313 175 166 359 41
rect:634 322 117 86 4
rect:287 362 34 95 40
rect:421 521 251 223 4
Haiti2010_02.jpg 0x0
rect:46 115 393 270 88
rect:387 31 184 49 14
Haiti2010_03.jpg 0x0
rect:403 1 84 543 32
rect:208 494 64 47 49
rect:246 282 217 231 32
rect:315 637 166 205 89
Haiti2010_04.jpg 0x0
rect:183 59 157 272 34
rect:121 415 283 527 41
rect:2 108 277 155 6
Haiti2010_05.jpg 0x0
rect:271 181 30 129 40
rect:329 257 212 150 52
rect:454 326 42 115 40
rect:223 186 294 430 90
Haiti2010_06.jpg 0x0
rect:211 193 286 311 91
rect:535 209 712 627 91
rect:208 222 40 38 34
rect:534 167 183 341 33
rect:396 245 87 35 6
rect:387 306 59 188 32
rect:586 126 56 85 34
ImperialValley1979_01.jpg 0x0
rect:488 361 30 41 50
rect:10 400 183 107 32
rect:404 404 40 43 32
rect:583 258 31 36 32
rect:653 292 13 22 49
rect:14 325 63 91 49
rect:381 309 59 54 50
rect:265 373 52 30 49
rect:49 249 96 113 50
rect:539 410 54 34 32
rect:356 362 19 27 49
ImperialValley1979_02.jpg 0x0
rect:490 124 81 131 50
rect:223 91 57 243 50
rect:263 225 67 126 50
rect:236 181 137 44 49
rect:214 199 378 46 92
rect:274 76 225 327 32
ImperialValley1979_03.jpg 0x0
rect:71 209 71 262 50
rect:233 379 91 179 50
rect:324 206 73 221 50
rect:179 223 258 145 32
rect:106 397 291 27 92
rect:126 224 208 129 32
rect:102 408 329 44 92
Izmit1999_01.jpg 0x0
rect:175 69 287 410 34
rect:329 201 50 58 26
rect:278 83 41 207 27
rect:317 163 56 184 27
rect:180 271 42 92 27
Izmit1999_02.jpg 0x0
rect:21 129 613 292 10
Izmit1999_03.jpg 0x0
rect:244 55 258 353 32
rect:167 66 69 260 50
rect:316 143 38 141 50
rect:143 261 405 36 92
rect:145 42 343 484 93
rect:634 80 43 369 50
rect:545 94 42 273 50
rect:459 122 29 203 50
Izmit1999_04.jpg 0x0
rect:58 347 63 100 41
rect:409 53 99 83 48
rect:440 313 18 54 40
rect:157 188 107 61 88
rect:42 491 45 56 34
rect:324 455 24 44 40
rect:302 367 111 98 41
rect:140 477 240 94 88
rect:61 512 41 106 42
rect:373 86 70 88 41
Izmit1999_05.jpg 0x0
rect:81 20 807 316 10
Izmit1999_06.jpg 0x0
rect:111 210 95 277 50
rect:240 204 45 143 50
rect:104 225 279 404 32
rect:248 256 62 111 50
rect:106 234 77 158 50
rect:151 291 141 56 49
Izmit1999_07.jpg 0x0
rect:158 346 45 160 3
rect:232 247 43 99 3
rect:411 275 117 296 4
rect:27 149 274 636 2
rect:337 138 52 101 3
rect:305 64 164 51 6
rect:204 160 39 147 3
Izmit1999_08.jpg 0x0
rect:142 32 89 88 34
rect:666 88 75 72 41
rect:106 152 107 70 41
rect:144 284 82 102 45
rect:266 265 148 131 88
rect:530 5 129 72 45
rect:459 92 74 25 52
Izmit1999_09.jpg 0x0
rect:47 231 51 49 41
rect:231 282 116 111 41
rect:656 314 45 68 41
rect:786 259 60 80 94
rect:377 230 113 90 94
rect:350 277 41 31 41
Izmit1999_10.jpg 0x0
rect:186 310 58 104 40
rect:110 100 243 435 41
rect:305 408 83 78 40
rect:56 202 366 51 78
rect:333 151 91 103 40
rect:357 400 93 21 78
rect:115 358 203 86 78
rect:69 115 84 220 40
rect:165 182 74 230 40
rect:200 132 56 208 40
rect:202 329 168 33 78
Izmit1999_11.jpg 0x0
rect:203 304 58 179 40
rect:291 220 91 154 40
rect:343 324 81 174 40
rect:147 223 160 225 41
rect:181 420 114 146 41
Izmit1999_12.jpg 0x0
rect:14 78 35 23 6
rect:313 182 51 67 7
rect:72 333 59 52 52
rect:385 319 98 161 94
rect:639 227 200 271 91
rect:588 25 108 70 34
rect:548 94 50 103 41
rect:274 376 49 142 52
rect:345 272 67 104 41
rect:105 95 27 27 6
rect:1 265 39 39 41
rect:391 112 37 89 45
rect:312 169 55 136 42
rect:503 173 57 53 41
rect:173 226 62 80 88
rect:111 251 30 52 40
rect:276 210 58 35 6
rect:69 174 82 66 94
Izmit1999_13.jpg 0x0
rect:344 66 158 356 48
rect:486 193 107 285 41
rect:148 271 72 81 52
rect:375 118 72 85 41
rect:113 162 44 50 6
rect:256 297 40 103 41
rect:114 288 142 115 94
rect:167 241 23 126 41
rect:6 67 80 204 42
Izmit1999_14.jpg 0x0
rect:320 7 189 82 35
rect:401 49 47 43 95
rect:334 438 47 36 34
rect:47 183 105 58 34
rect:485 82 70 97 34
rect:410 149 97 66 35
rect:590 337 82 47 34
rect:346 360 43 29 34
rect:560 337 96 35 34
Izmit1999_15.jpg 0x0
rect:168 235 269 312 42
Izmit1999_16.jpg 0x0
rect:67 68 477 355 33
rect:120 58 307 318 39
rect:199 130 133 187 41
rect:175 122 38 108 40
Izmit1999_17.jpg 0x0
rect:97 89 175 337 41
Izmit1999_18.jpg 0x0
rect:142 151 134 146 41
rect:201 121 193 224 39
Izmit1999_19.jpg 0x0
rect:516 153 24 87 50
rect:188 111 271 272 96
rect:368 192 17 89 50
rect:284 91 325 265 32
Kobe1995_01.jpg 0x0
rect:21 143 620 165 63
Kobe1995_02.jpg 0x0
rect:2 72 406 491 68
Kobe1995_03.jpg 0x0
rect:35 66 631 580 10
Kobe1995_04.jpg 0x0
rect:253 304 69 55 41
Kobe1995_05.jpg 0x0
rect:156 198 210 679 52
rect:108 668 259 158 78
rect:347 136 125 494 40
rect:46 322 453 77 78
rect:3 193 153 421 40
Kobe1995_06.jpg 0x0
rect:160 419 313 370 42
rect:55 179 368 531 41
Kobe1995_07.jpg 0x0
rect:40 357 41 57 39
rect:554 218 53 45 39
rect:343 297 56 37 39
rect:377 140 51 29 39
rect:471 537 42 32 39
rect:228 509 35 41 39
rect:165 509 34 30 39
rect:299 258 38 38 39
rect:87 377 47 30 39
rect:170 128 19 46 39
rect:183 81 26 42 39
rect:231 261 34 28 39
rect:451 321 33 35 39
rect:383 100 52 33 39
rect:368 216 47 23 39
rect:227 228 44 41 39
rect:369 365 38 34 39
rect:182 265 34 34 39
rect:257 232 25 23 39
rect:188 172 36 38 39
rect:41 426 54 32 39
rect:254 146 47 45 39
rect:364 365 38 34 39
rect:215 467 47 28 39
rect:368 475 25 36 39
rect:135 314 30 34 39
Kobe1995_08.jpg 0x0
rect:351 59 519 242 97
Kobe1995_09.jpg 0x0
rect:65 545 63 79 88
rect:117 481 65 61 88
rect:199 754 172 64 97
rect:95 469 54 47 88
SanSalvador_1986_01.jpg 0x0
rect:65 3 91 164 68
rect:208 135 125 223 41
SanSalvador_1986_02.jpg 0x0
rect:125 188 36 24 41
rect:391 186 36 40 41
rect:196 375 31 31 41
rect:394 211 38 52 41
rect:218 203 20 29 41
rect:306 102 19 37 41
rect:442 167 33 36 41
rect:428 203 35 52 42
rect:390 244 43 40 41
SikkimIndia2001_01.jpg 0x0
rect:240 169 151 109 34
SikkimIndia2001_02.jpg 0x0
rect:471 108 119 218 33
rect:572 208 127 18 16
rect:606 104 111 49 16
rect:-15 2 267 104 33
rect:11 6 398 53 16
rect:367 263 97 49 16
rect:9 112 62 40 54
rect:191 83 245 293 33
SikkimIndia2001_03.jpg 0x0
rect:178 13 241 510 98
rect:234 217 79 170 70
rect:253 99 73 147 69
SikkimIndia2001_04.jpg 0x0
rect:3 37 218 343 99
rect:378 200 221 126 99
rect:349 137 125 177 34
SumatraInd2009_01.jpg 0x0
rect:291 21 61 398 81
SumatraInd2009_02.jpg 0x0
rect:162 63 135 135 41
WhittierNarrows1987_01.jpg 0x0
rect:18 30 582 260 10
WhittierNarrows1987_02.jpg 0x0
rect:152 328 81 356 41
WhittierNarrows1987_03.jpg 0x0
rect:342 144 146 290 32
WhittierNarrows1987_04.jpg 0x0
rect:261 10 234 107 100
rect:294 64 103 276 41
rect:212 7 347 66 6
YogyakartaInd2006_01.jpg 0x0
rect:240 96 350 87 49
rect:311 38 295 276 32
rect:158 -16 280 414 29
YogyakartaInd2006_02.jpg 0x0
rect:416 40 169 548 98
rect:293 83 49 228 69
rect:489 100 88 242 70
