Anchorage1964_01.jpg 0x0
rect:58 381 259 172 1
rect:84 6 261 154 1
Anchorage1964_02.jpg 0x0
rect:633 327 19 60 3
rect:208 191 272 75 2
rect:303 341 35 68 3
rect:353 253 76 60 4
rect:236 284 22 82 3
rect:40 264 165 40 5
rect:266 88 91 54 4
rect:615 198 19 57 3
rect:222 25 170 62 4
rect:248 247 35 76 3
rect:147 113 74 64 7
rect:640 63 143 138 8
rect:394 329 26 42 3
rect:450 328 15 59 3
rect:288 332 25 45 3
rect:96 279 69 14 6
rect:77 281 28 22 6
rect:35 24 181 50 5
rect:92 31 74 15 6
Anchorage1964_03.jpg 0x0
rect:2 236 294 97 9
rect:0 336 588 81 10
rect:249 116 264 245 9
Anchorage1964_04.jpg 0x0
rect:132 302 35 17 5
rect:261 365 30 13 5
rect:467 363 18 21 5
rect:115 481 46 14 5
rect:339 259 21 38 1
rect:275 107 20 36 1
rect:214 177 25 25 5
rect:343 173 18 31 1
rect:423 151 27 22 5
rect:137 134 34 12 5
rect:116 203 24 16 5
rect:114 139 25 23 5
rect:269 32 41 22 5
rect:264 382 27 28 1
rect:197 62 41 14 5
rect:304 163 14 29 1
rect:249 348 6 1 1
rect:236 331 23 21 5
rect:313 242 37 21 5
rect:165 511 28 25 5
rect:458 500 24 15 5
rect:333 270 21 15 5
rect:307 94 27 16 5
rect:348 384 9 27 1
rect:274 230 16 17 1
rect:325 245 18 30 1
rect:298 422 21 27 1
rect:135 398 67 21 2
rect:388 101 23 21 5
rect:337 480 23 30 1
rect:188 441 24 20 5
rect:145 77 24 23 5
rect:137 18 28 12 5
rect:187 229 20 26 8
rect:131 247 28 21 5
rect:232 164 26 20 5
rect:305 412 40 18 5
rect:401 47 26 20 5
rect:293 181 20 29 1
Anchorage1964_05.jpg 0x0
rect:571 133 50 42 1
rect:209 148 143 38 6
rect:69 261 22 32 1
rect:540 117 50 80 1
rect:37 479 26 42 1
rect:488 293 59 24 6
rect:474 228 46 17 11
rect:598 170 56 36 5
rect:630 207 63 48 1
rect:202 117 156 27 5
rect:566 231 38 68 1
rect:83 128 12 55 1
rect:200 39 92 36 5
rect:176 54 128 38 6
rect:88 217 21 45 1
rect:103 31 26 48 1
rect:334 18 42 44 1
rect:779 374 42 12 6
rect:306 247 36 68 8
rect:45 410 17 57 1
rect:506 306 67 28 5
rect:102 270 19 38 1
rect:221 195 126 97 2
rect:303 1 31 61 1
rect:61 163 16 54 1
rect:63 63 25 48 1
rect:339 213 23 20 11
rect:517 71 30 65 1
rect:402 485 35 76 8
Anchorage1964_06.jpg 0x0
rect:96 65 151 407 12
rect:205 130 93 269 3
rect:142 191 49 88 11
Anchorage1964_07.jpg 0x0
rect:9 437 463 33 14
rect:7 55 654 533 2
rect:261 2 123 67 2
rect:286 166 51 73 13
rect:233 89 196 146 11
rect:415 256 414 240 2
rect:399 140 62 112 11
rect:14 221 213 36 11
rect:361 123 48 112 3
Anchorage1964_08.jpg 0x0
rect:430 571 120 142 1
rect:56 447 127 162 1
rect:56 61 150 130 1
rect:377 235 94 120 1
rect:55 404 114 118 1
rect:395 29 83 78 1
Anchorage1964_09.jpg 0x0
rect:103 33 68 99 8
rect:742 166 1 1 16
rect:11 16 51 15 16
rect:16 19 339 11 15
rect:169 113 324 14 15
rect:409 199 70 57 1
rect:532 156 123 31 15
rect:594 23 100 67 8
rect:73 139 57 9 16
rect:428 300 55 92 8
rect:317 7 274 13 15
rect:824 150 165 17 15
rect:596 195 63 95 1
rect:122 219 82 54 1
rect:112 361 59 48 8
rect:758 7 115 12 16
rect:13 130 72 25 15
rect:281 213 54 75 1
rect:20 155 27 10 16
Anchorage1964_10.jpg 0x0
rect:243 306 90 159 17
rect:84 229 368 426 1
rect:113 255 272 98 18
rect:101 488 392 110 18
Anchorage1964_11.jpg 0x0
rect:95 445 625 16 14
rect:170 47 185 120 4
rect:434 6 112 42 1
rect:465 89 169 108 1
rect:335 247 208 26 11
rect:210 159 263 16 15
rect:90 393 445 16 14
rect:137 151 506 79 2
Anchorage1964_12.jpg 0x0
rect:15 64 560 219 2
rect:427 79 125 160 11
rect:514 66 39 196 3
rect:147 209 22 134 3
rect:328 84 60 190 3
Anchorage1964_13.jpg 0x0
rect:461 503 29 174 20
rect:422 450 206 24 2
rect:408 654 104 11 19
Anchorage1964_14.jpg 0x0
rect:379 561 148 86 23
rect:289 13 78 247 11
rect:176 308 57 98 21
rect:421 6 55 116 11
rect:27 527 26 79 22
rect:61 267 119 36 15
rect:11 496 159 77 11
rect:149 791 54 40 22
rect:255 14 128 641 20
rect:80 599 50 72 22
rect:44 508 44 63 22
rect:348 170 160 69 15
Anchorage1964_15.jpg 0x0
rect:185 174 203 35 15
rect:243 119 31 55 11
rect:153 51 76 326 20
rect:490 11 100 60 4
rect:231 149 38 89 25
rect:216 11 61 63 4
rect:192 343 269 58 2
rect:528 352 108 42 24
rect:490 254 92 49 11
Anchorage1964_16.jpg 0x0
rect:411 247 111 208 2
rect:18 246 71 101 2
rect:75 351 69 134 11
rect:14 88 191 159 2
rect:187 63 238 139 2
rect:237 164 248 266 11
Anchorage1964_17.jpg 0x0
rect:9 222 707 275 10
rect:9 89 280 154 9
rect:227 48 192 242 9
Anchorage1964_18.jpg 0x0
rect:182 218 83 110 4
rect:373 143 120 70 4
rect:112 266 63 45 11
rect:357 395 387 30 15
rect:324 204 24 72 11
rect:591 309 40 19 2
rect:144 257 15 49 11
rect:691 121 95 91 4
rect:371 326 86 20 2
rect:706 212 64 19 2
Anchorage1964_19.jpg 0x0
rect:414 105 25 58 29
rect:7 213 95 110 26
rect:438 194 14 37 26
rect:445 145 36 29 26
rect:352 68 38 44 26
rect:341 94 20 36 26
rect:300 114 25 27 27
rect:29 249 35 72 27
rect:290 303 39 86 26
rect:423 97 50 108 29
rect:422 117 57 42 28
rect:573 157 10 27 26
rect:863 200 8 13 26
rect:336 177 25 40 26
rect:619 218 36 33 28
rect:851 102 7 6 26
rect:335 135 7 19 26
rect:366 99 75 117 29
Anchorage1964_20.jpg 0x0
rect:136 110 131 68 26
rect:477 552 40 97 26
rect:184 110 61 53 27
rect:184 370 70 129 26
rect:174 59 142 158 29
Anchorage1964_21.jpg 0x0
rect:42 231 26 27 26
rect:-6 69 106 196 29
rect:2 81 58 26 26
rect:155 212 759 212 30
Bingol2003_01.jpg 0x0
rect:375 84 175 253 31
rect:576 395 214 62 6
rect:295 513 77 66 6
rect:369 199 52 52 33
rect:339 424 42 213 32
rect:567 183 50 143 34
rect:668 86 96 49 6
rect:700 306 164 144 31
rect:26 279 89 58 33
rect:197 283 62 68 33
rect:706 190 86 70 33
rect:789 403 116 59 33
rect:502 135 87 88 6
rect:2 317 975 192 10
rect:364 211 46 52 6
rect:208 118 92 31 6
rect:529 272 64 44 6
rect:878 414 86 49 33
rect:502 417 45 69 34
Bingol2003_02.jpg 0x0
rect:301 361 115 65 6
rect:512 270 118 76 26
rect:657 67 129 85 36
rect:397 264 385 124 35
rect:147 213 109 363 32
rect:171 86 384 173 34
rect:257 201 801 404 31
rect:146 379 148 256 32
Bingol2003_03.jpg 0x0
rect:88 42 112 146 33
rect:682 403 290 433 2
rect:108 30 142 44 2
rect:493 149 150 71 11
rect:666 251 280 613 4
rect:324 171 443 228 2
rect:533 -9 343 230 4
Bingol2003_04.jpg 0x0
rect:66 513 79 72 2
rect:206 454 38 109 3
rect:126 339 317 134 2
rect:352 557 122 56 2
rect:118 696 40 89 3
rect:303 217 125 155 4
rect:277 460 50 126 3
rect:83 628 19 67 3
CanterburyNZSeries2010_01.jpg 0x0
rect:70 125 138 273 12
CanterburyNZSeries2010_02.jpg 0x0
rect:58 52 210 260 6
rect:52 9 202 360 37
CanterburyNZSeries2010_03.jpg 0x0
rect:35 79 472 182 38
CanterburyNZSeries2010_04.jpg 0x0
rect:272 261 186 252 39
rect:280 468 18 40 40
rect:226 286 25 130 40
rect:163 319 77 221 41
rect:265 341 24 70 40
rect:417 451 12 62 40
rect:180 9 117 166 42
rect:425 356 53 147 40
CanterburyNZSeries2010_05.jpg 0x0
rect:400 242 119 142 15
rect:392 465 261 449 4
CanterburyNZSeries2010_06.jpg 0x0
rect:65 101 953 722 4
rect:195 194 249 135 2
CanterburyNZSeries2010_08.jpg 0x0
rect:647 646 40 174 32
rect:898 458 133 157 44
rect:864 514 59 138 44
rect:525 179 222 201 43
CanterburyNZSeries2010_09.jpg 0x0
rect:276 226 151 256 39
rect:194 156 158 142 45
CanterburyNZSeries2010_10.jpg 0x0
rect:290 426 179 103 46
rect:309 199 224 118 7
rect:167 598 329 102 6
rect:256 279 288 250 6
CanterburyNZSeries2010_11.jpg 0x0
rect:400 418 260 217 5
rect:236 274 365 132 7
CanterburyNZSeries2010_12.jpg 0x0
rect:505 523 126 60 11
rect:58 440 840 251 2
rect:5 304 977 382 47
rect:208 674 114 47 11
CanterburyNZSeries2010_13.jpg 0x0
rect:155 13 338 679 12
rect:463 186 131 446 11
Caracas1967_01.jpg 0x0
rect:353 227 12 74 48
rect:215 121 45 106 48
rect:268 108 86 83 48
rect:441 55 179 236 48
Caracas1967_02.jpg 0x0
rect:269 1 88 125 15
rect:211 245 167 228 51
rect:127 366 59 44 49
rect:154 464 40 37 50
Caracas1967_03.jpg 0x0
rect:229 292 66 58 26
rect:303 409 32 69 27
rect:186 256 116 202 34
rect:17 363 289 65 6
rect:255 66 64 128 14
rect:311 465 26 99 27
Caracas1967_04.jpg 0x0
rect:175 390 55 83 26
rect:155 337 213 206 34
rect:184 350 22 75 27
Caracas1967_05.jpg 0x0
rect:59 403 76 338 40
rect:31 144 357 431 41
rect:27 75 472 720 48
rect:222 310 53 158 40
rect:328 212 60 318 40
rect:49 433 177 146 52
rect:267 243 49 176 40
rect:315 168 33 198 40
rect:172 272 34 298 40
rect:233 292 120 192 52
Caracas1967_06.jpg 0x0
rect:394 221 82 67 6
rect:269 77 258 280 7
Caracas1967_07.jpg 0x0
rect:564 177 179 275 34
rect:520 334 90 123 53
rect:200 139 156 268 34
rect:263 156 53 205 27
rect:345 374 111 79 53
rect:270 6 84 362 34
rect:390 52 24 209 27
Caracas1967_08.jpg 0x0
rect:405 159 78 93 54
rect:161 289 67 78 55
rect:213 363 76 94 54
Caracas1967_09.jpg 0x0
rect:112 169 62 84 48
rect:442 14 290 124 48
rect:187 181 104 87 48
rect:22 273 72 71 48
Caracas1967_10.jpg 0x0
rect:19 126 431 449 48
rect:391 251 91 169 40
rect:489 355 96 240 40
rect:52 283 203 343 41
Caracas1967_11.jpg 0x0
rect:271 15 144 221 41
rect:56 10 443 513 48
rect:52 302 216 460 41
Caracas1967_12.jpg 0x0
rect:262 335 31 48 56
rect:664 336 22 46 32
rect:531 401 17 47 32
rect:489 278 42 36 34
Caracas1967_13.jpg 0x0
rect:174 402 121 178 55
Caracas1967_14.jpg 0x0
rect:96 109 774 172 57
rect:169 387 369 55 6
Chichi1999_01.jpg 0x0
rect:3 7 724 196 58
rect:268 126 40 247 42
Chichi1999_02.jpg 0x0
rect:325 118 201 283 59
rect:6 107 301 211 58
Chichi1999_03.jpg 0x0
rect:0 134 859 221 58
rect:69 128 44 81 60
Chichi1999_04.jpg 0x0
rect:182 -16 70 135 48
rect:275 252 38 45 52
rect:195 208 77 264 48
Chichi1999_05.jpg 0x0
rect:263 325 31 39 41
rect:354 95 73 213 48
rect:394 160 66 51 41
rect:400 161 35 81 52
Chichi1999_06.jpg 0x0
rect:412 200 62 115 48
rect:621 -12 91 52 61
rect:405 117 70 80 62
rect:277 241 17 36 52
rect:601 185 34 76 41
rect:197 15 586 192 10
Chichi1999_07.jpg 0x0
rect:405 213 35 133 48
rect:469 327 21 19 64
rect:45 279 467 178 63
rect:521 222 37 25 64
rect:161 217 55 123 48
rect:191 143 22 52 64
rect:466 189 47 135 48
Chichi1999_08.jpg 0x0
rect:137 16 712 403 10
Chichi1999_09.jpg 0x0
rect:229 83 214 177 48
rect:224 93 50 74 40
rect:223 114 50 65 40
rect:219 104 137 90 41
Chichi1999_10.jpg 0x0
rect:148 18 511 343 10
Chichi1999_11.jpg 0x0
rect:127 243 104 121 65
rect:2 105 153 457 10
Chichi1999_12.jpg 0x0
rect:10 28 419 809 66
Chichi1999_13.jpg 0x0
rect:45 46 652 423 10
Chichi1999_14.jpg 0x0
rect:315 674 98 87 67
rect:195 334 35 68 67
rect:117 219 35 68 67
rect:344 333 35 27 39
rect:103 411 79 41 67
rect:288 664 33 24 39
rect:219 291 30 49 67
rect:285 238 17 43 67
rect:274 438 41 69 67
rect:176 333 37 31 67
rect:86 687 45 58 67
rect:325 223 32 50 39
rect:199 654 28 35 67
rect:117 321 42 35 67
rect:260 274 26 27 39
rect:173 200 63 42 67
rect:136 181 37 61 67
Chichi1999_15.jpg 0x0
rect:258 25 224 531 41
Chichi1999_16.jpg 0x0
rect:156 169 75 114 32
Chichi1999_17.jpg 0x0
rect:149 396 24 45 32
Chichi1999_18.jpg 0x0
rect:294 239 26 160 69
rect:145 185 34 134 69
rect:358 267 43 93 70
rect:202 217 163 369 68
rect:177 270 25 97 69
rect:204 241 36 121 69
Chichi1999_19.jpg 0x0
rect:226 24 193 509 2
rect:187 155 192 211 3
YogyakartaInd2006_03.jpg 0x0
rect:176 124 67 31 15
rect:237 377 52 35 16
rect:352 71 61 43 16
rect:218 376 246 143 71
rect:207 30 86 2 15
rect:372 78 136 46 15
rect:321 204 20 8 16
rect:288 504 206 23 15
Chichi1999_20.jpg 0x0
rect:336 398 44 194 41
rect:165 185 108 303 42
Chichi1999_21.jpg 0x0
rect:321 96 202 95 6
rect:314 7 104 86 57
rect:246 360 112 142 6
rect:21 4 236 203 30
rect:74 423 191 145 5
rect:384 37 300 246 37
rect:230 275 173 147 37
rect:171 147 173 360 72
Chichi1999_22.jpg 0x0
rect:236 159 211 145 10
rect:411 312 14 22 73
rect:218 305 13 16 73
rect:327 224 16 15 73
Chichi1999_23.jpg 0x0
rect:104 256 39 92 34
rect:162 233 25 28 34
rect:344 155 24 31 27
rect:230 201 85 91 73
rect:147 193 39 39 73
rect:359 367 37 93 34
rect:365 175 23 22 26
rect:93 245 49 90 73
rect:4 72 458 128 74
rect:235 204 43 79 73
Chichi1999_24.jpg 0x0
rect:164 329 88 39 34
rect:207 159 173 101 75
rect:401 258 1 2 46
rect:250 228 30 75 46
rect:3 429 399 213 74
Chichi1999_25.jpg 0x0
rect:147 378 32 87 26
rect:189 273 96 286 34
rect:136 242 137 366 73
Chichi1999_26.jpg 0x0
rect:111 390 144 144 73
rect:162 198 58 107 73
rect:168 392 88 78 26
rect:265 344 134 276 76
rect:190 16 55 41 73
rect:150 620 108 137 27
Chichi1999_27.jpg 0x0
rect:233 238 96 462 32
Chichi1999_28.jpg 0x0
rect:17 62 363 89 6
rect:168 105 185 251 5
rect:215 159 114 271 75
rect:187 336 201 115 77
Chichi1999_29.jpg 0x0
rect:254 190 81 200 40
rect:216 317 77 221 52
rect:179 253 143 240 48
Chichi1999_30.jpg 0x0
rect:167 241 185 42 78
rect:201 113 354 305 40
rect:36 220 75 165 73
rect:247 146 191 72 52
Chichi1999_31.jpg 0x0
rect:394 126 33 131 48
rect:149 108 149 301 79
Chichi1999_32.jpg 0x0
rect:186 57 39 192 81
rect:114 10 115 414 80
rect:228 180 38 137 81
rect:387 141 49 187 39
Chichi1999_33.jpg 0x0
rect:169 107 82 290 32
rect:160 120 63 135 49
rect:228 60 160 272 32
rect:248 144 35 112 49
rect:89 58 141 631 33
rect:290 118 93 268 56
Chichi1999_34.jpg 0x0
rect:117 72 512 385 10
Duzce1999_01.jpg 0x0
rect:132 107 77 109 41
rect:110 46 130 348 39
Duzce1999_02.jpg 0x0
rect:78 50 106 300 41
Duzce1999_03.jpg 0x0
rect:102 84 128 267 42
rect:0 172 132 253 31
rect:197 144 111 188 31
Gediz1970_01.jpg 0x0
rect:294 294 100 155 69
rect:92 389 85 234 69
rect:148 136 321 647 68
Guatemala1976_01.jpg 0x0
rect:492 104 123 134 48
rect:55 201 113 108 48
rect:685 202 81 76 41
rect:22 142 429 137 82
rect:67 245 64 52 52
rect:55 150 39 61 41
Guatemala1976_02.jpg 0x0
rect:206 65 119 89 40
rect:179 74 380 309 48
Guatemala1976_03.jpg 0x0
rect:12 100 691 334 75
Guatemala1976_04.jpg 0x0
rect:48 95 609 202 30
rect:513 136 168 337 4
rect:576 360 86 323 4
rect:139 30 447 102 30
Guatemala1976_05.jpg 0x0
rect:140 119 308 139 40
rect:229 193 379 104 41
rect:114 71 460 334 48
Guatemala1976_06.jpg 0x0
rect:89 134 268 519 39
Guatemala1976_07.jpg 0x0
rect:24 245 64 44 6
rect:253 481 131 93 83
rect:24 186 433 488 10
Guatemala1976_08.jpg 0x0
rect:187 24 367 555 48
rect:363 94 131 276 40
rect:218 69 458 272 41
Guatemala1976_09.jpg 0x0
rect:121 297 36 30 85
rect:342 273 70 31 85
rect:245 224 37 37 84
rect:243 274 49 77 84
rect:819 221 45 70 85
rect:74 345 35 26 84
rect:743 225 47 65 84
rect:121 231 75 52 85
Guatemala1976_10.jpg 0x0
rect:260 109 244 170 87
rect:369 447 41 149 87
rect:174 234 303 239 86
Guatemala1976_11.jpg 0x0
rect:164 189 109 177 34
GujaratIndia2001_01.jpg 0x0
rect:67 321 72 24 2
rect:24 481 136 175 4
rect:284 456 53 72 11
rect:216 388 193 80 2
Haiti2010_01.jpg 0x0
rect:709 256 83 137 4
rect:287 356 27 148 40
rect:124 39 130 91 7
rect:371 446 144 246 4
rect:375 103 174 330 41
Haiti2010_02.jpg 0x0
rect:42 112 451 252 88
rect:322 30 148 42 14
Haiti2010_03.jpg 0x0
rect:219 525 159 240 89
rect:184 579 82 73 49
rect:378 1 69 761 32
rect:272 476 197 212 32
Haiti2010_04.jpg 0x0
rect:136 402 374 400 41
rect:2 154 216 107 6
rect:282 56 191 285 34
Haiti2010_05.jpg 0x0
rect:297 215 173 86 52
rect:205 234 23 126 40
rect:176 155 204 589 90
rect:449 335 44 80 40
Haiti2010_06.jpg 0x0
rect:389 158 75 48 6
rect:155 353 27 58 34
rect:523 116 191 396 33
rect:629 255 63 167 32
rect:585 177 469 775 91
rect:176 301 301 455 91
rect:470 197 88 107 34
ImperialValley1979_01.jpg 0x0
rect:12 245 172 175 32
rect:450 309 24 31 32
rect:528 396 32 39 32
rect:410 367 34 20 49
rect:592 288 18 13 49
rect:564 407 23 27 49
rect:13 409 94 49 49
rect:268 267 47 65 50
rect:271 233 58 57 32
rect:73 391 129 121 50
rect:511 323 28 50 50
ImperialValley1979_02.jpg 0x0
rect:209 154 59 166 50
rect:286 144 89 131 50
rect:185 239 364 52 92
rect:214 73 168 293 32
rect:314 175 59 112 50
rect:195 154 135 61 49
ImperialValley1979_03.jpg 0x0
rect:89 489 278 41 92
rect:80 460 354 38 92
rect:316 307 75 142 50
rect:179 282 117 152 50
rect:141 276 271 218 32
rect:119 195 195 125 32
rect:98 235 110 174 50
Izmit1999_01.jpg 0x0
rect:416 185 57 73 26
rect:357 104 63 204 27
rect:238 81 283 365 34
rect:309 245 42 89 27
rect:303 103 46 182 27
Izmit1999_02.jpg 0x0
rect:26 114 702 252 10
Izmit1999_03.jpg 0x0
rect:147 35 348 263 93
rect:512 89 41 382 50
rect:555 69 47 291 50
rect:328 70 45 287 50
rect:296 97 41 152 50
rect:172 91 46 376 50
rect:151 199 414 39 92
rect:159 45 242 447 32
Izmit1999_04.jpg 0x0
rect:216 102 101 59 41
rect:58 529 54 133 41
rect:410 412 114 64 41
rect:306 391 14 50 40
rect:59 312 37 110 42
rect:83 467 285 136 88
rect:503 345 23 66 40
rect:292 83 76 106 48
rect:52 453 57 67 34
rect:121 240 97 55 88
Izmit1999_05.jpg 0x0
rect:115 21 442 294 10
Izmit1999_06.jpg 0x0
rect:137 280 108 69 49
rect:173 238 48 163 50
rect:288 239 48 195 50
rect:104 217 80 235 50
rect:141 151 192 484 32
rect:119 231 62 198 50
Izmit1999_07.jpg 0x0
rect:214 307 29 150 3
rect:400 62 138 61 6
rect:227 200 41 111 3
rect:261 396 114 388 4
rect:29 115 369 565 2
rect:191 239 54 102 3
rect:374 94 51 93 3
Izmit1999_08.jpg 0x0
rect:101 29 87 102 34
rect:178 374 61 89 45
rect:466 75 49 21 52
rect:392 82 55 71 41
rect:162 231 274 132 88
rect:645 6 121 85 45
rect:198 85 83 101 41
Izmit1999_09.jpg 0x0
rect:408 325 108 99 41
rect:454 172 87 130 94
rect:49 187 53 39 41
rect:697 242 70 60 41
rect:305 215 34 29 41
rect:432 166 54 88 94
Izmit1999_10.jpg 0x0
rect:110 317 375 45 78
rect:41 187 447 37 78
rect:59 112 88 152 40
rect:119 270 98 313 40
rect:133 441 167 43 78
rect:369 649 80 27 78
rect:267 121 103 172 40
rect:245 152 68 215 40
rect:240 447 91 87 40
rect:207 313 66 59 40
rect:111 180 361 349 41
Izmit1999_11.jpg 0x0
rect:243 184 147 209 41
rect:155 287 89 121 40
rect:150 578 90 161 41
rect:160 374 77 154 40
rect:220 295 100 194 40
Izmit1999_12.jpg 0x0
rect:361 97 38 88 41
rect:112 278 92 77 88
rect:381 25 89 64 34
rect:17 77 31 25 6
rect:303 87 57 92 45
rect:418 199 45 79 41
rect:90 75 42 27 6
rect:1 248 36 29 41
rect:52 209 67 83 52
rect:314 264 109 117 94
rect:86 393 24 55 40
rect:380 184 55 28 6
rect:53 252 57 109 94
rect:364 162 244 257 91
rect:401 317 52 147 52
rect:365 235 42 125 42
rect:456 126 51 37 7
rect:352 317 70 110 41
Izmit1999_13.jpg 0x0
rect:6 71 63 173 42
rect:171 260 78 76 52
rect:309 71 236 372 48
rect:452 222 94 186 41
rect:175 321 33 97 41
rect:126 310 78 99 94
rect:240 329 35 73 41
rect:96 161 69 48 6
rect:228 72 74 106 41
Izmit1999_14.jpg 0x0
rect:56 173 111 54 34
rect:519 65 100 57 34
rect:289 34 72 64 95
rect:288 314 29 28 34
rect:429 432 60 28 34
rect:281 194 71 72 35
rect:396 7 151 73 35
rect:359 293 69 57 34
rect:297 249 60 29 34
Izmit1999_15.jpg 0x0
rect:141 175 269 278 42
Izmit1999_16.jpg 0x0
rect:218 98 35 122 40
rect:145 95 137 136 41
rect:95 64 368 404 33
rect:91 74 321 217 39
Izmit1999_17.jpg 0x0
rect:126 90 141 248 41
Izmit1999_18.jpg 0x0
rect:153 120 129 145 41
rect:158 120 194 204 39
Izmit1999_19.jpg 0x0
rect:367 168 21 82 50
rect:602 180 29 104 50
rect:168 150 254 230 32
rect:263 96 193 420 96
Kobe1995_01.jpg 0x0
rect:22 189 899 166 63
Kobe1995_02.jpg 0x0
rect:2 75 642 512 68
Kobe1995_03.jpg 0x0
rect:29 48 596 573 10
Kobe1995_04.jpg 0x0
rect:240 416 40 42 41
Kobe1995_05.jpg 0x0
rect:45 232 349 64 78
rect:291 133 203 507 40
rect:3 181 157 676 40
rect:107 704 268 131 78
rect:162 198 265 493 52
Kobe1995_06.jpg 0x0
rect:40 168 513 522 41
rect:138 370 300 281 42
Kobe1995_07.jpg 0x0
rect:161 167 29 45 39
rect:211 383 49 44 39
rect:283 310 31 44 39
rect:337 177 34 42 39
rect:282 274 32 46 39
rect:373 161 50 35 39
rect:112 426 25 22 39
rect:523 165 48 57 39
rect:115 199 37 50 39
rect:34 238 42 22 39
rect:237 373 42 32 39
rect:250 385 43 27 39
rect:245 152 22 38 39
rect:189 99 34 48 39
rect:384 243 32 23 39
rect:223 373 29 35 39
rect:277 350 39 46 39
rect:112 338 30 50 39
rect:430 547 35 42 39
rect:330 312 51 37 39
rect:228 268 40 37 39
rect:414 263 44 33 39
rect:386 136 46 38 39
rect:167 299 51 43 39
rect:60 309 45 43 39
rect:457 428 36 41 39
Kobe1995_08.jpg 0x0
rect:390 71 423 214 97
Kobe1995_09.jpg 0x0
rect:75 382 90 72 88
rect:233 409 178 96 97
rect:109 598 78 52 88
rect:115 469 96 110 88
SanSalvador_1986_01.jpg 0x0
rect:73 3 143 216 68
rect:216 203 115 218 41
SanSalvador_1986_02.jpg 0x0
rect:342 142 22 28 41
rect:548 163 35 37 41
rect:582 197 33 47 42
rect:220 289 26 26 41
rect:129 252 24 49 41
rect:233 228 33 41 41
rect:324 241 43 31 41
rect:238 183 21 23 41
rect:416 201 35 61 41
SikkimIndia2001_01.jpg 0x0
rect:177 119 93 134 34
SikkimIndia2001_02.jpg 0x0
rect:10 6 233 82 16
rect:487 316 106 23 16
rect:391 115 121 35 16
rect:360 104 114 116 33
rect:-17 2 466 91 33
rect:318 171 105 39 16
rect:9 118 57 33 54
rect:216 81 178 335 33
SikkimIndia2001_03.jpg 0x0
rect:215 9 172 328 98
rect:204 114 75 182 69
rect:225 160 72 122 70
SikkimIndia2001_04.jpg 0x0
rect:267 193 198 85 99
rect:3 25 293 255 99
rect:338 225 80 126 34
SumatraInd2009_01.jpg 0x0
rect:211 18 77 274 81
SumatraInd2009_02.jpg 0x0
rect:171 84 136 191 41
WhittierNarrows1987_01.jpg 0x0
rect:15 29 600 285 10
WhittierNarrows1987_02.jpg 0x0
rect:148 245 143 195 41
WhittierNarrows1987_03.jpg 0x0
rect:192 108 183 244 32
WhittierNarrows1987_04.jpg 0x0
rect:184 56 94 227 41
rect:330 13 311 99 100
rect:202 8 283 95 6
YogyakartaInd2006_01.jpg 0x0
rect:223 152 281 54 49
rect:186 30 299 356 32
rect:185 -24 481 440 29
YogyakartaInd2006_02.jpg 0x0
rect:418 97 58 267 69
rect:267 63 123 488 98
rect:316 100 96 225 70
