Anchorage1964_01.jpg 0x0
rect:72 333 288 297 1
rect:73 6 212 147 1
Anchorage1964_02.jpg 0x0
rect:398 289 26 54 3
rect:411 332 17 64 3
rect:128 264 26 27 6
rect:102 291 54 19 6
rect:530 66 110 127 8
rect:435 312 19 38 3
rect:134 173 349 102 2
rect:281 328 28 87 3
rect:32 28 202 58 5
rect:154 68 101 99 4
rect:336 299 27 45 3
rect:489 223 92 59 4
rect:369 212 22 61 3
rect:172 38 273 63 4
rect:265 210 31 70 3
rect:79 45 75 13 6
rect:162 207 68 69 7
rect:40 266 115 44 5
rect:190 268 35 58 3
Anchorage1964_03.jpg 0x0
rect:184 111 456 139 9
rect:0 232 620 77 10
rect:2 284 271 93 9
Anchorage1964_04.jpg 0x0
rect:343 508 17 29 1
rect:321 244 18 26 1
rect:138 77 38 17 5
rect:178 465 37 12 5
rect:341 286 37 15 5
rect:356 204 32 18 5
rect:280 187 25 26 5
rect:324 363 15 23 1
rect:136 303 24 13 5
rect:153 139 34 20 5
rect:261 145 17 23 1
rect:171 63 32 14 5
rect:408 302 22 13 5
rect:266 346 21 17 1
rect:360 98 23 16 5
rect:216 204 22 14 5
rect:149 31 36 13 5
rect:369 370 29 16 5
rect:374 111 25 17 5
rect:176 468 31 23 5
rect:271 566 21 34 1
rect:327 384 12 15 1
rect:204 251 26 18 5
rect:434 270 27 17 5
rect:217 321 22 21 5
rect:261 306 13 27 1
rect:370 38 23 24 5
rect:262 297 25 29 8
rect:185 194 26 28 5
rect:428 262 24 22 5
rect:347 84 31 20 5
rect:246 123 20 23 1
rect:168 223 20 14 5
rect:266 530 38 12 5
rect:360 172 28 20 5
rect:210 164 19 28 1
rect:149 469 75 17 2
rect:192 266 12 30 1
rect:377 311 9 1 1
Anchorage1964_05.jpg 0x0
rect:121 100 17 35 1
rect:55 161 16 29 1
rect:472 365 56 49 1
rect:598 191 63 36 5
rect:82 266 23 60 1
rect:354 185 38 17 11
rect:356 1 45 64 1
rect:46 174 16 44 1
rect:220 175 17 20 11
rect:436 193 32 52 1
rect:270 203 182 58 2
rect:353 68 33 59 1
rect:346 200 41 82 8
rect:54 81 33 56 1
rect:106 23 28 46 1
rect:43 264 23 52 1
rect:749 222 55 18 6
rect:105 284 25 46 1
rect:723 298 71 31 5
rect:34 366 18 53 1
rect:256 41 122 33 6
rect:548 134 33 46 1
rect:375 24 38 65 1
rect:187 194 115 17 5
rect:226 134 92 55 6
rect:422 396 38 55 8
rect:188 62 88 40 5
rect:551 116 41 43 1
rect:806 400 59 14 6
Anchorage1964_06.jpg 0x0
rect:138 58 161 320 12
rect:162 243 90 91 11
rect:187 154 72 282 3
Anchorage1964_07.jpg 0x0
rect:16 229 357 24 11
rect:256 257 459 166 2
rect:248 2 140 65 2
rect:298 132 39 136 3
rect:8 428 311 25 14
rect:240 142 204 176 11
rect:449 144 49 105 13
rect:7 84 632 529 2
rect:360 227 78 79 11
Anchorage1964_08.jpg 0x0
rect:374 367 86 119 1
rect:299 310 138 116 1
rect:55 270 132 87 1
rect:53 610 96 99 1
rect:59 80 154 120 1
rect:415 35 81 113 1
Anchorage1964_09.jpg 0x0
rect:596 181 1 1 16
rect:284 121 73 72 1
rect:13 16 473 12 15
rect:755 7 105 12 16
rect:370 123 120 29 15
rect:91 55 86 65 8
rect:460 34 81 76 8
rect:319 9 206 14 15
rect:81 316 78 52 8
rect:474 230 67 76 8
rect:456 150 154 23 15
rect:83 149 92 72 1
rect:13 110 112 17 15
rect:265 118 67 76 1
rect:48 112 63 7 16
rect:16 22 81 14 16
rect:15 105 17 10 16
rect:152 158 267 12 15
rect:617 109 77 91 1
Anchorage1964_10.jpg 0x0
rect:64 317 301 125 18
rect:184 211 181 89 18
rect:144 259 123 110 17
rect:48 225 368 250 1
Anchorage1964_11.jpg 0x0
rect:95 553 611 22 14
rect:461 8 126 39 1
rect:689 132 159 67 1
rect:88 643 471 15 14
rect:195 156 519 21 15
rect:394 284 229 43 11
rect:177 75 174 98 4
rect:107 176 497 90 2
Anchorage1964_12.jpg 0x0
rect:185 223 34 82 3
rect:9 75 593 342 2
rect:413 68 222 193 11
rect:236 73 62 290 3
rect:371 59 50 212 3
Anchorage1964_13.jpg 0x0
rect:414 495 38 157 20
rect:403 467 142 13 19
rect:378 367 234 19 2
Anchorage1964_14.jpg 0x0
rect:21 789 28 60 22
rect:10 505 238 68 11
rect:202 266 51 72 21
rect:208 737 55 57 22
rect:155 14 78 676 20
rect:43 741 38 71 22
rect:317 179 207 73 15
rect:100 316 136 30 15
rect:332 15 52 263 11
rect:296 710 121 60 23
rect:539 5 68 105 11
rect:113 653 28 51 22
Anchorage1964_15.jpg 0x0
rect:281 191 126 30 24
rect:218 117 44 82 11
rect:276 502 219 42 2
rect:285 10 98 70 4
rect:298 310 116 45 11
rect:243 174 164 35 15
rect:246 93 83 378 20
rect:268 10 91 73 4
rect:327 126 35 114 25
Anchorage1964_16.jpg 0x0
rect:231 88 274 158 2
rect:107 354 96 136 11
rect:14 328 58 75 2
rect:217 227 312 213 11
rect:12 113 213 216 2
rect:433 181 137 175 2
Anchorage1964_17.jpg 0x0
rect:227 45 256 277 9
rect:10 97 329 116 9
rect:7 210 683 252 10
Anchorage1964_18.jpg 0x0
rect:312 193 30 60 11
rect:569 259 44 14 2
rect:312 189 125 71 4
rect:611 334 29 21 2
rect:158 316 15 54 11
rect:170 264 78 39 11
rect:445 375 262 28 15
rect:426 264 107 19 2
rect:644 170 77 61 4
rect:169 186 96 110 4
Anchorage1964_19.jpg 0x0
rect:328 90 73 178 29
rect:384 116 29 38 29
rect:327 265 10 25 26
rect:746 239 6 10 26
rect:318 96 36 29 26
rect:392 244 14 31 26
rect:320 281 23 37 26
rect:6 303 69 118 26
rect:21 196 27 81 27
rect:628 224 35 34 28
rect:251 77 47 62 26
rect:488 134 8 6 26
rect:376 227 51 64 26
rect:428 90 13 36 26
rect:480 136 7 18 26
rect:510 126 39 84 29
rect:631 101 36 33 28
rect:227 104 22 22 27
Anchorage1964_20.jpg 0x0
rect:469 499 34 103 26
rect:200 72 156 108 29
rect:159 77 85 88 26
rect:153 127 56 60 27
rect:155 386 49 141 26
Anchorage1964_21.jpg 0x0
rect:65 291 34 32 26
rect:127 199 632 192 30
rect:-5 64 70 129 29
rect:2 63 58 47 26
Bingol2003_01.jpg 0x0
rect:673 93 60 78 6
rect:313 91 55 29 6
rect:2 320 761 263 10
rect:767 361 63 44 33
rect:193 154 62 90 33
rect:467 234 34 56 6
rect:661 214 63 44 6
rect:620 275 99 59 33
rect:373 221 86 70 33
rect:429 333 35 61 34
rect:470 174 50 135 34
rect:459 284 64 136 32
rect:499 272 130 129 31
rect:365 87 194 163 31
rect:31 218 76 69 33
rect:477 545 162 72 6
rect:654 120 99 60 6
rect:972 216 109 62 33
rect:395 438 100 79 6
Bingol2003_02.jpg 0x0
rect:645 329 124 80 26
rect:500 211 495 131 35
rect:103 345 154 286 32
rect:191 185 889 374 31
rect:472 335 99 96 6
rect:150 96 376 128 34
rect:196 238 76 425 32
rect:822 81 159 75 36
Bingol2003_03.jpg 0x0
rect:984 466 231 270 2
rect:467 -7 203 233 4
rect:350 176 297 220 2
rect:122 19 194 44 2
rect:147 59 126 105 33
rect:704 309 314 528 4
rect:370 217 263 50 11
Bingol2003_04.jpg 0x0
rect:136 441 172 161 2
rect:253 655 22 84 3
rect:268 661 89 79 2
rect:194 419 50 92 3
rect:132 687 23 77 3
rect:87 482 32 51 3
rect:52 439 75 96 2
rect:213 282 196 147 4
CanterburyNZSeries2010_01.jpg 0x0
rect:72 133 89 332 12
CanterburyNZSeries2010_02.jpg 0x0
rect:62 49 214 179 6
rect:50 9 155 213 37
CanterburyNZSeries2010_03.jpg 0x0
rect:47 79 319 127 38
CanterburyNZSeries2010_04.jpg 0x0
rect:375 486 20 58 40
rect:268 325 267 287 39
rect:304 377 42 103 40
rect:348 500 24 52 40
rect:237 9 131 128 42
rect:207 370 111 256 41
rect:322 319 21 63 40
rect:207 409 30 114 40
CanterburyNZSeries2010_05.jpg 0x0
rect:344 430 235 343 4
rect:384 212 136 107 15
CanterburyNZSeries2010_06.jpg 0x0
rect:68 100 536 446 4
rect:184 307 266 140 2
CanterburyNZSeries2010_08.jpg 0x0
rect:973 524 41 210 32
rect:716 484 118 135 44
rect:963 405 57 155 44
rect:482 167 176 209 43
CanterburyNZSeries2010_09.jpg 0x0
rect:349 360 149 483 39
rect:288 124 129 157 45
CanterburyNZSeries2010_10.jpg 0x0
rect:356 178 213 100 7
rect:215 187 423 250 6
rect:388 385 173 57 46
rect:207 586 310 126 6
CanterburyNZSeries2010_11.jpg 0x0
rect:274 287 329 116 7
rect:231 251 236 198 5
CanterburyNZSeries2010_12.jpg 0x0
rect:5 303 948 516 47
rect:158 383 155 43 11
rect:48 260 848 295 2
rect:620 426 187 50 11
CanterburyNZSeries2010_13.jpg 0x0
rect:140 20 355 916 12
rect:314 191 147 562 11
Caracas1967_01.jpg 0x0
rect:310 171 44 87 48
rect:249 224 12 64 48
rect:362 70 173 231 48
rect:324 134 65 88 48
Caracas1967_02.jpg 0x0
rect:151 267 35 55 49
rect:143 191 191 357 51
rect:169 462 44 35 50
rect:184 1 150 130 15
Caracas1967_03.jpg 0x0
rect:211 433 27 57 27
rect:221 253 45 90 26
rect:18 305 301 116 6
rect:178 237 138 190 34
rect:330 92 56 109 14
rect:433 440 30 116 27
Caracas1967_04.jpg 0x0
rect:132 315 60 108 26
rect:109 385 19 112 27
rect:174 315 127 196 34
Caracas1967_05.jpg 0x0
rect:37 64 272 782 48
rect:326 248 37 202 40
rect:235 391 68 204 40
rect:67 417 66 219 40
rect:169 280 33 277 40
rect:317 185 48 291 40
rect:47 161 320 637 41
rect:74 406 221 138 52
rect:283 263 165 124 52
rect:289 237 48 306 40
Caracas1967_06.jpg 0x0
rect:331 238 100 46 6
rect:366 118 271 164 7
Caracas1967_07.jpg 0x0
rect:486 175 174 203 34
rect:315 42 29 192 27
rect:527 355 77 133 53
rect:209 135 55 146 27
rect:193 162 129 153 34
rect:284 9 126 219 34
rect:388 447 84 54 53
Caracas1967_08.jpg 0x0
rect:182 327 82 104 54
rect:226 272 51 127 55
rect:347 223 75 174 54
Caracas1967_09.jpg 0x0
rect:423 10 191 184 48
rect:210 167 77 89 48
rect:85 252 46 69 48
rect:33 303 61 71 48
Caracas1967_10.jpg 0x0
rect:375 251 108 237 40
rect:21 125 427 524 48
rect:30 280 322 306 41
rect:319 344 84 192 40
Caracas1967_11.jpg 0x0
rect:343 12 202 341 41
rect:63 17 322 842 48
rect:49 176 254 555 41
Caracas1967_12.jpg 0x0
rect:749 363 23 51 32
rect:630 282 34 34 34
rect:550 363 23 35 32
rect:301 229 33 49 56
Caracas1967_13.jpg 0x0
rect:198 465 141 288 55
Caracas1967_14.jpg 0x0
rect:146 314 324 48 6
rect:92 100 722 174 57
Chichi1999_01.jpg 0x0
rect:4 7 535 126 58
rect:277 171 66 248 42
Chichi1999_02.jpg 0x0
rect:6 118 293 125 58
rect:277 139 220 406 59
Chichi1999_03.jpg 0x0
rect:66 175 68 80 60
rect:0 147 992 142 58
Chichi1999_04.jpg 0x0
rect:239 226 30 55 52
rect:230 -13 37 138 48
rect:148 227 58 445 48
Chichi1999_05.jpg 0x0
rect:508 125 36 48 41
rect:471 259 26 31 41
rect:297 155 49 95 52
rect:292 127 98 202 48
Chichi1999_06.jpg 0x0
rect:378 96 41 53 62
rect:850 209 28 44 41
rect:372 176 23 27 52
rect:389 255 47 71 48
rect:196 16 553 215 10
rect:619 -13 86 86 61
Chichi1999_07.jpg 0x0
rect:445 209 51 124 48
rect:71 208 416 143 63
rect:603 193 57 76 48
rect:538 275 37 30 64
rect:175 161 20 43 64
rect:153 184 42 125 48
rect:822 269 21 17 64
Chichi1999_08.jpg 0x0
rect:101 16 567 530 10
Chichi1999_09.jpg 0x0
rect:176 108 117 100 41
rect:289 120 46 102 40
rect:155 63 202 166 48
rect:174 70 29 58 40
Chichi1999_10.jpg 0x0
rect:193 21 716 514 10
Chichi1999_11.jpg 0x0
rect:109 226 95 112 65
rect:2 94 143 534 10
Chichi1999_12.jpg 0x0
rect:11 29 511 773 66
Chichi1999_13.jpg 0x0
rect:43 48 819 419 10
Chichi1999_14.jpg 0x0
rect:213 281 31 60 67
rect:193 215 98 44 67
rect:129 357 30 67 67
rect:77 602 34 39 67
rect:110 314 54 70 67
rect:404 501 39 51 67
rect:56 509 57 64 67
rect:274 495 18 27 39
rect:104 161 30 74 67
rect:223 274 21 32 67
rect:323 449 18 23 39
rect:215 302 26 52 67
rect:360 333 32 54 39
rect:72 299 72 65 67
rect:261 464 33 33 39
rect:358 529 96 63 67
rect:119 633 33 35 67
Chichi1999_15.jpg 0x0
rect:259 28 187 581 41
Chichi1999_16.jpg 0x0
rect:163 135 63 130 32
Chichi1999_17.jpg 0x0
rect:143 367 28 34 32
Chichi1999_18.jpg 0x0
rect:207 204 28 125 69
rect:297 251 48 140 70
rect:192 294 25 109 69
rect:164 160 155 416 68
rect:341 218 37 110 69
rect:122 233 51 110 69
Chichi1999_19.jpg 0x0
rect:210 21 216 344 2
rect:261 152 175 306 3
YogyakartaInd2006_03.jpg 0x0
rect:310 82 133 78 15
rect:277 339 275 25 15
rect:341 437 52 36 16
rect:270 331 205 114 71
rect:260 201 78 43 15
rect:186 29 115 2 15
rect:273 167 29 7 16
rect:361 86 95 44 16
Chichi1999_20.jpg 0x0
rect:289 289 59 212 41
rect:192 206 85 381 42
Chichi1999_21.jpg 0x0
rect:236 342 99 111 6
rect:72 436 207 114 5
rect:385 7 98 129 57
rect:319 29 301 227 37
rect:204 136 277 224 72
rect:15 5 271 137 30
rect:471 133 181 89 6
rect:251 342 139 162 37
Chichi1999_22.jpg 0x0
rect:324 217 20 21 73
rect:284 302 17 27 73
rect:202 169 262 126 10
rect:435 244 18 21 73
Chichi1999_23.jpg 0x0
rect:256 228 24 27 26
rect:4 69 568 129 74
rect:124 217 23 21 34
rect:331 228 33 75 34
rect:365 135 44 78 73
rect:292 205 54 82 73
rect:100 297 49 86 73
rect:106 301 35 84 34
rect:93 157 53 67 73
rect:229 193 33 26 27
Chichi1999_24.jpg 0x0
rect:236 208 72 51 34
rect:3 315 251 148 74
rect:163 172 135 94 75
rect:271 187 44 68 46
rect:420 423 1 2 46
Chichi1999_25.jpg 0x0
rect:123 179 139 175 34
rect:147 240 214 298 73
rect:245 432 55 57 26
Chichi1999_26.jpg 0x0
rect:195 607 73 88 26
rect:281 236 153 395 76
rect:107 557 109 138 73
rect:203 177 57 111 73
rect:101 538 117 119 27
rect:273 21 59 36 73
Chichi1999_27.jpg 0x0
rect:199 163 110 291 32
Chichi1999_28.jpg 0x0
rect:192 101 148 166 5
rect:23 75 346 159 6
rect:271 148 209 160 75
rect:327 349 244 93 77
Chichi1999_29.jpg 0x0
rect:153 279 106 195 40
rect:176 218 261 315 48
rect:133 283 72 153 52
Chichi1999_30.jpg 0x0
rect:226 148 232 57 52
rect:21 274 95 123 73
rect:206 126 294 213 40
rect:194 188 149 44 78
Chichi1999_31.jpg 0x0
rect:196 63 136 364 79
rect:700 80 36 194 48
Chichi1999_32.jpg 0x0
rect:173 261 26 114 81
rect:644 172 46 192 39
rect:245 76 42 180 81
rect:201 7 130 411 80
Chichi1999_33.jpg 0x0
rect:267 110 117 269 56
rect:118 147 56 106 49
rect:259 117 126 376 32
rect:302 138 50 105 49
rect:138 149 96 310 32
rect:71 64 112 550 33
Chichi1999_34.jpg 0x0
rect:139 88 448 314 10
Duzce1999_01.jpg 0x0
rect:149 98 80 108 41
rect:133 73 94 240 39
Duzce1999_02.jpg 0x0
rect:61 43 137 404 41
Duzce1999_03.jpg 0x0
rect:242 111 126 328 31
rect:0 150 119 310 31
rect:91 89 135 343 42
Gediz1970_01.jpg 0x0
rect:122 73 329 470 68
rect:119 398 128 244 69
rect:214 354 76 257 69
Guatemala1976_01.jpg 0x0
rect:404 121 79 79 41
rect:39 172 128 83 48
rect:346 139 144 149 48
rect:67 210 66 34 52
rect:42 133 55 39 41
rect:25 93 707 153 82
Guatemala1976_02.jpg 0x0
rect:236 81 122 96 40
rect:179 66 377 322 48
Guatemala1976_03.jpg 0x0
rect:21 104 915 237 75
Guatemala1976_04.jpg 0x0
rect:628 178 146 358 4
rect:38 95 426 222 30
rect:116 24 474 94 30
rect:557 299 113 308 4
Guatemala1976_05.jpg 0x0
rect:197 103 424 296 48
rect:208 145 383 147 40
rect:166 184 293 136 41
Guatemala1976_06.jpg 0x0
rect:159 92 276 381 39
Guatemala1976_07.jpg 0x0
rect:203 390 98 87 83
rect:31 308 503 421 10
rect:27 238 66 74 6
Guatemala1976_08.jpg 0x0
rect:280 103 162 210 40
rect:170 25 462 389 48
rect:230 40 248 499 41
Guatemala1976_09.jpg 0x0
rect:295 301 42 62 84
rect:340 234 53 34 85
rect:540 273 71 61 85
rect:459 309 68 81 84
rect:147 302 58 81 85
rect:109 375 40 31 84
rect:89 315 39 30 85
rect:167 341 38 31 84
Guatemala1976_10.jpg 0x0
rect:346 458 44 99 87
rect:148 98 175 135 87
rect:179 244 318 206 86
Guatemala1976_11.jpg 0x0
rect:209 239 148 266 34
GujaratIndia2001_01.jpg 0x0
rect:298 436 48 70 11
rect:211 430 167 61 2
rect:39 370 128 181 4
rect:62 575 82 30 2
Haiti2010_01.jpg 0x0
rect:347 554 172 196 4
rect:329 301 35 97 40
rect:182 44 122 142 7
rect:319 95 170 346 41
rect:647 332 135 95 4
Haiti2010_02.jpg 0x0
rect:62 89 468 251 88
rect:316 33 167 44 14
Haiti2010_03.jpg 0x0
rect:441 1 66 520 32
rect:268 395 86 46 49
rect:325 622 274 219 89
rect:280 508 256 249 32
Haiti2010_04.jpg 0x0
rect:179 275 338 417 41
rect:211 64 277 332 34
rect:2 168 295 191 6
Haiti2010_05.jpg 0x0
rect:246 278 31 101 40
rect:171 122 282 359 90
rect:254 177 36 85 40
rect:345 298 156 98 52
Haiti2010_06.jpg 0x0
rect:171 192 302 300 91
rect:527 162 196 292 33
rect:648 279 88 190 32
rect:552 247 81 33 6
rect:417 175 64 95 34
rect:188 341 33 35 34
rect:566 142 620 550 91
ImperialValley1979_01.jpg 0x0
rect:456 248 31 25 49
rect:520 360 41 26 32
rect:9 279 152 141 32
rect:11 328 52 60 49
rect:697 222 13 16 49
rect:551 259 23 19 49
rect:585 227 35 46 32
rect:242 373 67 41 32
rect:356 351 37 38 50
rect:297 360 49 49 50
rect:41 422 94 137 50
ImperialValley1979_02.jpg 0x0
rect:294 222 89 45 49
rect:129 140 347 68 92
rect:261 86 253 216 32
rect:400 171 56 172 50
rect:376 140 110 231 50
rect:169 144 83 165 50
ImperialValley1979_03.jpg 0x0
rect:195 449 83 137 50
rect:132 280 205 132 32
rect:113 295 106 205 50
rect:346 269 69 196 50
rect:174 219 259 168 32
rect:111 323 327 35 92
rect:100 342 304 29 92
Izmit1999_01.jpg 0x0
rect:315 137 43 124 27
rect:489 239 73 67 26
rect:152 82 489 266 34
rect:296 293 33 79 27
rect:274 120 65 129 27
Izmit1999_02.jpg 0x0
rect:27 130 511 285 10
Izmit1999_03.jpg 0x0
rect:490 83 66 238 50
rect:130 196 329 27 92
rect:195 51 208 427 32
rect:416 102 32 189 50
rect:173 42 456 361 93
rect:531 114 53 193 50
rect:146 111 83 341 50
rect:203 118 38 194 50
Izmit1999_04.jpg 0x0
rect:267 271 25 71 40
rect:287 84 108 98 41
rect:338 393 104 57 41
rect:44 572 39 70 42
rect:94 436 268 163 88
rect:300 56 92 96 48
rect:442 444 20 50 40
rect:47 349 77 50 34
rect:107 188 175 49 88
rect:76 552 73 131 41
Izmit1999_05.jpg 0x0
rect:82 31 716 307 10
Izmit1999_06.jpg 0x0
rect:230 312 45 156 50
rect:253 294 42 144 50
rect:81 277 55 208 50
rect:150 195 165 299 32
rect:129 213 96 184 50
rect:127 204 162 90 49
Izmit1999_07.jpg 0x0
rect:23 82 362 579 2
rect:255 175 28 79 3
rect:373 319 78 332 4
rect:217 232 49 119 3
rect:480 165 82 67 3
rect:398 49 128 34 6
rect:132 327 47 127 3
Izmit1999_08.jpg 0x0
rect:437 62 84 85 41
rect:131 31 83 108 34
rect:196 308 203 99 88
rect:149 133 81 75 41
rect:170 375 100 76 45
rect:661 7 82 81 45
rect:432 89 43 30 52
Izmit1999_09.jpg 0x0
rect:813 284 54 65 94
rect:254 238 88 117 94
rect:697 243 63 56 41
rect:266 335 76 87 41
rect:266 144 29 27 41
rect:50 241 37 62 41
Izmit1999_10.jpg 0x0
rect:70 144 74 175 40
rect:237 306 175 49 78
rect:120 251 70 295 40
rect:238 700 73 132 40
rect:41 259 435 39 78
rect:297 410 46 80 40
rect:81 423 290 72 78
rect:88 151 371 371 41
rect:172 182 65 192 40
rect:275 131 98 132 40
rect:362 424 94 34 78
Izmit1999_11.jpg 0x0
rect:184 290 52 116 40
rect:284 182 95 176 40
rect:250 383 144 155 41
rect:173 290 134 201 41
rect:346 187 64 204 40
Izmit1999_12.jpg 0x0
rect:94 211 39 41 40
rect:39 292 61 55 52
rect:372 218 43 105 52
rect:226 197 48 23 6
rect:15 75 43 31 6
rect:455 98 37 79 45
rect:237 353 90 140 94
rect:407 121 54 100 41
rect:190 179 61 65 88
rect:462 160 60 58 41
rect:328 147 68 57 7
rect:384 256 83 127 41
rect:59 269 59 79 94
rect:1 262 32 42 41
rect:274 239 58 134 42
rect:317 31 101 42 34
rect:526 219 227 173 91
rect:88 90 39 20 6
Izmit1999_13.jpg 0x0
rect:438 202 66 234 41
rect:374 82 81 84 41
rect:123 209 75 174 94
rect:292 72 247 419 48
rect:5 70 100 221 42
rect:199 304 41 69 41
rect:119 128 58 50 6
rect:182 175 26 79 41
rect:176 337 89 52 52
Izmit1999_14.jpg 0x0
rect:406 199 91 57 34
rect:402 6 167 87 35
rect:264 366 50 33 34
rect:378 60 65 75 95
rect:464 122 82 97 35
rect:452 96 99 89 34
rect:359 278 31 17 34
rect:63 189 111 69 34
rect:376 278 55 44 34
Izmit1999_15.jpg 0x0
rect:160 131 227 290 42
Izmit1999_16.jpg 0x0
rect:143 111 42 73 40
rect:109 122 224 165 41
rect:98 85 461 360 33
rect:168 84 274 298 39
Izmit1999_17.jpg 0x0
rect:84 128 209 253 41
Izmit1999_18.jpg 0x0
rect:152 130 101 134 41
rect:141 123 186 190 39
Izmit1999_19.jpg 0x0
rect:294 154 201 213 32
rect:342 164 24 54 50
rect:276 100 268 407 96
rect:314 190 25 103 50
Kobe1995_01.jpg 0x0
rect:33 122 960 109 63
Kobe1995_02.jpg 0x0
rect:2 74 586 532 68
Kobe1995_03.jpg 0x0
rect:47 70 593 592 10
Kobe1995_04.jpg 0x0
rect:265 325 55 54 41
Kobe1995_05.jpg 0x0
rect:40 312 563 99 78
rect:4 119 130 563 40
rect:225 191 210 329 40
rect:109 697 388 173 78
rect:160 209 226 529 52
Kobe1995_06.jpg 0x0
rect:173 273 328 486 42
rect:61 173 517 457 41
Kobe1995_07.jpg 0x0
rect:451 347 28 35 39
rect:181 375 39 43 39
rect:136 282 29 43 39
rect:380 232 24 60 39
rect:239 190 27 53 39
rect:223 82 26 35 39
rect:279 112 22 39 39
rect:337 228 35 31 39
rect:290 271 30 31 39
rect:297 314 62 29 39
rect:362 145 37 44 39
rect:465 98 42 28 39
rect:409 242 38 43 39
rect:260 501 48 37 39
rect:113 289 42 24 39
rect:33 402 42 19 39
rect:533 225 32 46 39
rect:148 230 41 50 39
rect:280 160 37 40 39
rect:159 161 35 38 39
rect:144 176 41 47 39
rect:302 485 28 37 39
rect:352 326 47 39 39
rect:402 325 30 46 39
rect:45 337 49 39 39
rect:473 544 41 34 39
Kobe1995_08.jpg 0x0
rect:212 49 303 233 97
Kobe1995_09.jpg 0x0
rect:98 429 91 75 88
rect:70 384 88 54 88
rect:245 669 237 83 97
rect:76 595 54 66 88
SanSalvador_1986_01.jpg 0x0
rect:274 144 111 174 41
rect:46 3 77 199 68
SanSalvador_1986_02.jpg 0x0
rect:446 176 35 38 41
rect:115 218 25 29 41
rect:286 276 35 36 41
rect:405 182 15 32 41
rect:192 129 19 35 41
rect:348 231 56 39 41
rect:626 131 30 42 42
rect:516 319 42 62 41
rect:156 297 40 43 41
SikkimIndia2001_01.jpg 0x0
rect:235 118 173 166 34
SikkimIndia2001_02.jpg 0x0
rect:168 58 159 300 33
rect:504 112 92 40 16
rect:-17 2 262 84 33
rect:556 253 124 14 16
rect:285 238 77 51 16
rect:482 114 143 165 33
rect:10 6 334 90 16
rect:9 195 76 55 54
SikkimIndia2001_03.jpg 0x0
rect:258 218 68 216 70
rect:263 13 171 640 98
rect:199 109 63 267 69
SikkimIndia2001_04.jpg 0x0
rect:3 34 330 342 99
rect:343 171 84 180 34
rect:308 212 285 76 99
SumatraInd2009_01.jpg 0x0
rect:229 31 51 239 81
SumatraInd2009_02.jpg 0x0
rect:236 76 146 232 41
WhittierNarrows1987_01.jpg 0x0
rect:13 34 545 362 10
WhittierNarrows1987_02.jpg 0x0
rect:189 191 97 247 41
WhittierNarrows1987_03.jpg 0x0
rect:327 109 142 233 32
WhittierNarrows1987_04.jpg 0x0
rect:296 63 99 246 41
rect:238 8 251 88 6
rect:260 11 276 128 100
YogyakartaInd2006_01.jpg 0x0
rect:189 -19 434 580 29
rect:200 37 444 242 32
rect:270 132 351 93 49
YogyakartaInd2006_02.jpg 0x0
rect:344 110 68 211 69
rect:296 100 66 173 70
rect:314 50 110 457 98
