Anchorage1964_01.jpg 0x0
rect:68 9 173 119 1
rect:71 286 284 307 1
Anchorage1964_02.jpg 0x0
rect:90 245 22 24 6
rect:200 98 97 64 4
rect:239 29 277 110 4
rect:677 269 15 43 3
rect:53 46 70 14 6
rect:489 303 19 61 3
rect:496 69 117 124 8
rect:207 315 24 49 3
rect:102 148 79 51 7
rect:224 217 365 104 2
rect:30 245 193 52 5
rect:516 231 16 63 3
rect:90 156 55 16 6
rect:469 263 79 54 4
rect:281 280 31 78 3
rect:186 224 27 67 3
rect:36 28 179 42 5
rect:279 347 27 42 3
rect:323 297 18 47 3
Anchorage1964_03.jpg 0x0
rect:2 237 249 102 9
rect:326 115 430 260 9
rect:0 207 478 69 10
Anchorage1964_04.jpg 0x0
rect:433 298 28 18 5
rect:428 325 34 17 5
rect:235 119 39 26 5
rect:301 189 20 30 1
rect:259 333 21 30 8
rect:269 462 20 29 1
rect:253 540 27 13 5
rect:150 196 34 15 5
rect:369 69 36 14 5
rect:170 132 32 16 5
rect:339 118 14 27 1
rect:113 19 24 13 5
rect:145 507 43 22 2
rect:169 516 32 15 5
rect:372 165 34 20 5
rect:233 263 37 20 5
rect:139 494 25 17 5
rect:318 339 21 23 1
rect:160 104 32 15 5
rect:378 333 23 17 5
rect:141 55 35 11 5
rect:249 489 19 25 1
rect:282 113 14 25 1
rect:337 320 10 15 1
rect:190 183 13 41 1
rect:348 213 17 18 1
rect:218 159 41 19 5
rect:364 94 33 21 5
rect:153 252 37 19 5
rect:339 378 7 1 1
rect:287 226 30 22 5
rect:117 298 29 19 5
rect:413 29 22 19 5
rect:246 429 16 33 1
rect:219 196 17 21 1
rect:451 317 29 14 5
rect:222 230 19 23 5
rect:249 345 24 18 5
rect:162 233 25 16 5
Anchorage1964_05.jpg 0x0
rect:190 164 158 38 6
rect:237 62 119 34 5
rect:660 210 41 29 5
rect:273 214 32 23 11
rect:36 391 25 47 1
rect:120 84 13 42 1
rect:289 262 17 21 11
rect:454 385 48 46 5
rect:417 131 46 68 1
rect:92 310 19 52 1
rect:455 1 36 54 1
rect:516 109 50 70 1
rect:66 271 29 34 1
rect:113 21 23 34 1
rect:339 178 54 65 1
rect:207 184 105 30 5
rect:557 519 59 69 8
rect:356 224 175 92 2
rect:379 303 40 74 1
rect:473 209 52 42 1
rect:45 266 26 29 1
rect:54 133 19 43 1
rect:732 445 32 15 6
rect:575 312 35 22 6
rect:28 349 22 68 1
rect:56 49 28 54 1
rect:430 19 25 53 1
rect:391 243 52 58 8
rect:134 52 95 42 6
Anchorage1964_06.jpg 0x0
rect:162 181 50 90 11
rect:205 177 114 294 3
rect:118 56 234 337 12
Anchorage1964_07.jpg 0x0
rect:317 330 361 240 2
rect:387 230 82 69 11
rect:225 107 57 119 3
rect:8 245 470 25 14
rect:7 78 514 399 2
rect:320 149 44 109 13
rect:192 2 132 76 2
rect:272 122 181 110 11
rect:16 195 239 27 11
Anchorage1964_08.jpg 0x0
rect:232 287 118 93 1
rect:452 448 112 115 1
rect:31 648 134 172 1
rect:265 38 75 136 1
rect:45 337 108 102 1
rect:63 78 123 102 1
Anchorage1964_09.jpg 0x0
rect:380 116 134 20 15
rect:576 11 89 11 16
rect:132 131 56 58 1
rect:573 87 97 15 15
rect:17 17 71 16 16
rect:105 51 54 52 8
rect:95 320 94 70 8
rect:604 8 211 9 15
rect:559 161 85 76 1
rect:16 183 24 9 16
rect:15 138 95 17 15
rect:339 126 62 61 1
rect:189 190 75 83 1
rect:737 288 64 63 8
rect:520 126 1 1 16
rect:155 153 222 11 15
rect:591 23 80 85 8
rect:56 180 57 8 16
rect:16 15 537 15 15
Anchorage1964_10.jpg 0x0
rect:174 162 177 81 18
rect:53 184 357 459 1
rect:160 195 106 97 17
rect:58 333 399 130 18
Anchorage1964_11.jpg 0x0
rect:178 61 223 138 4
rect:85 512 696 25 14
rect:75 335 767 10 14
rect:117 222 698 78 2
rect:686 8 132 33 1
rect:469 126 162 111 1
rect:390 219 354 31 11
rect:189 114 462 18 15
Anchorage1964_12.jpg 0x0
rect:10 77 746 304 2
rect:170 249 23 103 3
rect:242 73 62 242 3
rect:344 109 124 180 11
rect:288 102 54 250 3
Anchorage1964_13.jpg 0x0
rect:380 279 34 166 20
rect:297 652 151 12 19
rect:304 577 198 29 2
Anchorage1964_14.jpg 0x0
rect:119 661 31 58 22
rect:234 278 83 89 21
rect:121 750 51 50 22
rect:13 704 233 110 11
rect:92 244 131 33 15
rect:279 488 144 90 23
rect:387 6 92 106 11
rect:212 14 119 734 20
rect:340 9 55 275 11
rect:31 639 41 89 22
rect:27 547 19 49 22
rect:388 201 161 66 15
Anchorage1964_15.jpg 0x0
rect:314 9 69 51 4
rect:271 173 178 51 15
rect:440 265 135 43 24
rect:248 166 54 106 25
rect:497 7 74 58 4
rect:501 202 126 46 11
rect:176 575 302 46 2
rect:194 72 53 357 20
rect:180 142 26 86 11
Anchorage1964_16.jpg 0x0
rect:15 220 57 93 2
rect:370 290 104 205 2
rect:12 161 194 235 2
rect:89 364 60 101 11
rect:197 82 272 131 2
rect:165 295 228 237 11
Anchorage1964_17.jpg 0x0
rect:7 269 649 180 10
rect:11 136 270 98 9
rect:356 54 247 217 9
Anchorage1964_18.jpg 0x0
rect:312 208 132 56 4
rect:561 123 103 88 4
rect:330 349 37 44 11
rect:831 293 43 21 2
rect:561 355 45 15 2
rect:416 397 106 19 2
rect:145 245 55 40 11
rect:165 150 57 87 4
rect:103 211 19 52 11
rect:392 246 299 21 15
Anchorage1964_19.jpg 0x0
rect:341 106 22 55 29
rect:388 84 32 37 27
rect:467 85 26 33 26
rect:499 179 50 33 28
rect:400 211 14 40 26
rect:32 199 35 74 27
rect:296 56 52 174 29
rect:526 285 44 34 28
rect:293 110 34 90 29
rect:6 291 80 181 26
rect:383 221 12 35 26
rect:241 201 61 70 26
rect:486 194 9 26 26
rect:872 224 10 12 26
rect:587 115 8 16 26
rect:457 161 16 27 26
rect:396 85 57 40 26
rect:749 181 9 8 26
Anchorage1964_20.jpg 0x0
rect:585 539 52 72 26
rect:183 122 99 35 27
rect:229 105 90 47 26
rect:244 74 154 164 29
rect:175 443 63 113 26
Anchorage1964_21.jpg 0x0
rect:2 75 43 43 26
rect:-6 79 107 203 29
rect:41 273 30 28 26
rect:182 166 702 192 30
Bingol2003_01.jpg 0x0
rect:465 433 78 117 6
rect:282 219 78 55 33
rect:2 301 842 302 10
rect:647 162 83 78 33
rect:382 281 39 207 32
rect:420 92 61 89 6
rect:602 206 43 73 6
rect:556 367 156 124 31
rect:182 105 91 22 6
rect:411 374 121 82 6
rect:121 248 81 63 33
rect:515 174 63 107 34
rect:988 329 87 75 33
rect:33 206 55 51 33
rect:668 204 68 71 6
rect:535 365 85 37 33
rect:542 128 75 56 6
rect:626 489 38 43 34
rect:633 77 197 209 31
Bingol2003_02.jpg 0x0
rect:291 454 80 78 6
rect:430 233 130 100 26
rect:153 474 177 197 32
rect:240 242 922 629 31
rect:167 115 442 146 34
rect:411 313 567 98 35
rect:1043 69 150 66 36
rect:194 210 80 275 32
Bingol2003_03.jpg 0x0
rect:403 173 300 151 2
rect:70 30 200 33 2
rect:609 182 170 90 11
rect:916 171 216 757 4
rect:667 -7 223 290 4
rect:132 38 132 84 33
rect:826 383 200 325 2
Bingol2003_04.jpg 0x0
rect:288 525 100 63 2
rect:175 398 196 240 2
rect:192 437 28 155 3
rect:92 619 72 109 2
rect:144 663 28 63 3
rect:315 340 195 221 4
rect:199 614 23 111 3
rect:81 666 24 91 3
CanterburyNZSeries2010_01.jpg 0x0
rect:80 139 102 286 12
CanterburyNZSeries2010_02.jpg 0x0
rect:40 51 191 210 6
rect:34 8 179 272 37
CanterburyNZSeries2010_03.jpg 0x0
rect:57 57 333 165 38
CanterburyNZSeries2010_04.jpg 0x0
rect:435 401 43 92 40
rect:332 465 21 59 40
rect:334 10 95 186 42
rect:190 342 241 333 39
rect:298 352 20 125 40
rect:313 362 23 43 40
rect:190 520 77 304 41
rect:418 446 18 62 40
CanterburyNZSeries2010_05.jpg 0x0
rect:406 320 242 379 4
rect:256 280 126 96 15
CanterburyNZSeries2010_06.jpg 0x0
rect:198 263 271 127 2
rect:71 82 720 709 4
CanterburyNZSeries2010_08.jpg 0x0
rect:813 460 45 108 44
rect:663 495 39 209 32
rect:517 124 200 245 43
rect:752 418 107 162 44
CanterburyNZSeries2010_09.jpg 0x0
rect:230 250 135 472 39
rect:225 116 181 191 45
CanterburyNZSeries2010_10.jpg 0x0
rect:298 308 275 294 6
rect:222 553 329 115 6
rect:440 174 343 148 7
rect:270 345 173 70 46
CanterburyNZSeries2010_11.jpg 0x0
rect:299 188 234 147 7
rect:240 421 310 170 5
CanterburyNZSeries2010_12.jpg 0x0
rect:38 411 992 249 2
rect:182 658 125 45 11
rect:574 538 228 66 11
rect:5 201 1159 321 47
CanterburyNZSeries2010_13.jpg 0x0
rect:211 16 293 543 12
rect:463 178 118 422 11
Caracas1967_01.jpg 0x0
rect:362 165 11 44 48
rect:369 200 51 80 48
rect:336 78 168 319 48
rect:233 188 81 115 48
Caracas1967_02.jpg 0x0
rect:89 274 54 56 49
rect:157 325 48 32 50
rect:229 236 230 300 51
rect:222 1 110 168 15
Caracas1967_03.jpg 0x0
rect:299 65 76 100 14
rect:329 311 137 124 34
rect:233 283 61 57 26
rect:276 318 33 60 27
rect:439 440 35 86 27
rect:15 384 259 125 6
Caracas1967_04.jpg 0x0
rect:145 375 124 159 34
rect:139 462 54 137 26
rect:190 449 26 90 27
Caracas1967_05.jpg 0x0
rect:131 283 34 219 40
rect:242 199 58 162 40
rect:321 253 168 105 52
rect:165 303 44 273 40
rect:401 228 46 264 40
rect:44 117 377 578 41
rect:64 399 64 285 40
rect:51 467 279 250 52
rect:38 102 485 672 48
rect:270 260 48 114 40
Caracas1967_06.jpg 0x0
rect:297 93 310 312 7
rect:299 322 80 60 6
Caracas1967_07.jpg 0x0
rect:361 9 106 341 34
rect:337 55 24 293 27
rect:403 259 101 141 53
rect:247 144 42 258 27
rect:219 95 155 173 34
rect:546 307 179 341 34
rect:419 473 117 50 53
Caracas1967_08.jpg 0x0
rect:187 258 83 73 55
rect:396 244 76 131 54
rect:171 298 84 104 54
Caracas1967_09.jpg 0x0
rect:84 201 45 52 48
rect:423 12 208 209 48
rect:114 179 85 59 48
rect:24 283 71 52 48
Caracas1967_10.jpg 0x0
rect:296 294 98 218 40
rect:501 341 88 137 40
rect:33 266 333 316 41
rect:14 187 366 562 48
Caracas1967_11.jpg 0x0
rect:304 16 207 319 41
rect:76 178 259 456 41
rect:45 16 372 542 48
Caracas1967_12.jpg 0x0
rect:297 358 19 58 56
rect:750 485 22 57 32
rect:373 241 27 49 34
rect:755 327 30 63 32
Caracas1967_13.jpg 0x0
rect:208 510 141 224 55
Caracas1967_14.jpg 0x0
rect:151 249 237 32 6
rect:97 95 530 254 57
Chichi1999_01.jpg 0x0
rect:4 9 879 143 58
rect:332 181 42 220 42
Chichi1999_02.jpg 0x0
rect:494 100 199 392 59
rect:7 110 369 201 58
Chichi1999_03.jpg 0x0
rect:86 174 76 109 60
rect:0 123 826 230 58
Chichi1999_04.jpg 0x0
rect:239 202 92 250 48
rect:224 -12 55 148 48
rect:285 246 38 62 52
Chichi1999_05.jpg 0x0
rect:304 256 37 81 52
rect:507 238 29 40 41
rect:379 178 57 44 41
rect:313 107 121 244 48
Chichi1999_06.jpg 0x0
rect:560 -11 57 84 61
rect:774 147 44 70 41
rect:303 143 40 102 48
rect:424 141 71 77 62
rect:170 15 532 210 10
rect:370 306 23 25 52
Chichi1999_07.jpg 0x0
rect:457 151 33 148 48
rect:66 208 610 161 63
rect:690 322 50 100 48
rect:187 167 48 125 48
rect:222 147 31 44 64
rect:591 199 15 23 64
rect:515 246 30 33 64
Chichi1999_08.jpg 0x0
rect:130 14 367 537 10
Chichi1999_09.jpg 0x0
rect:326 120 59 81 40
rect:173 92 223 162 48
rect:166 97 27 105 40
rect:169 90 108 122 41
Chichi1999_10.jpg 0x0
rect:148 22 561 338 10
Chichi1999_11.jpg 0x0
rect:169 272 80 92 65
rect:2 174 203 471 10
Chichi1999_12.jpg 0x0
rect:9 30 324 499 66
Chichi1999_13.jpg 0x0
rect:44 46 644 371 10
Chichi1999_14.jpg 0x0
rect:78 425 59 62 67
rect:108 187 111 38 67
rect:119 372 58 65 67
rect:180 602 20 47 67
rect:96 436 36 29 67
rect:350 516 33 41 67
rect:301 332 44 41 39
rect:224 249 24 38 67
rect:88 293 26 68 67
rect:267 501 67 55 67
rect:316 359 23 29 39
rect:170 298 39 60 67
rect:144 360 37 50 67
rect:202 345 27 39 67
rect:248 558 18 24 39
rect:273 348 30 41 39
rect:171 327 21 30 67
Chichi1999_15.jpg 0x0
rect:320 30 308 369 41
Chichi1999_16.jpg 0x0
rect:125 174 57 165 32
Chichi1999_17.jpg 0x0
rect:149 356 25 53 32
Chichi1999_18.jpg 0x0
rect:231 175 23 167 69
rect:190 235 28 116 69
rect:226 261 51 87 70
rect:187 259 24 152 69
rect:262 331 30 130 69
rect:134 171 113 434 68
Chichi1999_19.jpg 0x0
rect:263 20 361 527 2
rect:212 142 151 297 3
YogyakartaInd2006_03.jpg 0x0
rect:243 338 265 29 15
rect:251 132 66 31 15
rect:246 127 24 8 16
rect:410 88 110 29 16
rect:429 92 129 54 15
rect:244 329 243 153 71
rect:394 303 54 37 16
rect:236 26 122 2 15
Chichi1999_20.jpg 0x0
rect:124 175 81 310 42
rect:276 384 49 250 41
Chichi1999_21.jpg 0x0
rect:242 137 291 227 72
rect:300 143 193 87 6
rect:290 7 116 139 57
rect:306 230 122 138 6
rect:14 4 169 113 30
rect:58 424 147 144 5
rect:130 313 147 131 37
rect:407 24 231 150 37
Chichi1999_22.jpg 0x0
rect:545 180 18 23 73
rect:264 115 338 139 10
rect:279 290 18 23 73
rect:318 286 16 16 73
Chichi1999_23.jpg 0x0
rect:113 236 61 111 73
rect:96 384 31 72 34
rect:320 329 73 114 73
rect:113 187 42 43 73
rect:251 131 32 20 27
rect:380 318 46 54 34
rect:4 69 566 165 74
rect:300 168 35 59 73
rect:341 139 21 20 26
rect:172 232 29 23 34
Chichi1999_24.jpg 0x0
rect:444 390 1 2 46
rect:210 316 94 68 34
rect:3 437 301 188 74
rect:302 125 41 68 46
rect:171 156 117 84 75
Chichi1999_25.jpg 0x0
rect:128 305 121 265 34
rect:140 165 236 297 73
rect:186 426 46 50 26
Chichi1999_26.jpg 0x0
rect:197 253 101 461 76
rect:198 22 40 28 73
rect:230 153 43 143 73
rect:148 562 66 64 26
rect:173 532 112 135 27
rect:125 507 130 167 73
Chichi1999_27.jpg 0x0
rect:175 162 71 275 32
Chichi1999_28.jpg 0x0
rect:256 327 167 109 77
rect:24 51 207 103 6
rect:382 102 211 221 75
rect:148 94 152 250 5
Chichi1999_29.jpg 0x0
rect:138 147 209 326 48
rect:186 196 96 177 52
rect:274 157 131 136 40
Chichi1999_30.jpg 0x0
rect:163 159 227 81 52
rect:230 121 251 238 40
rect:202 176 176 71 78
rect:35 230 118 143 73
Chichi1999_31.jpg 0x0
rect:694 136 43 160 48
rect:188 117 144 258 79
Chichi1999_32.jpg 0x0
rect:173 10 123 274 80
rect:674 140 63 196 39
rect:142 62 45 144 81
rect:208 236 35 107 81
Chichi1999_33.jpg 0x0
rect:165 176 59 93 49
rect:336 97 107 324 32
rect:322 152 32 89 49
rect:277 88 79 213 56
rect:97 53 93 367 33
rect:164 109 95 290 32
Chichi1999_34.jpg 0x0
rect:93 106 458 438 10
Duzce1999_01.jpg 0x0
rect:133 106 86 155 41
rect:130 46 89 317 39
Duzce1999_02.jpg 0x0
rect:64 61 123 454 41
Duzce1999_03.jpg 0x0
rect:124 123 82 211 42
rect:217 87 111 251 31
rect:0 190 95 195 31
Gediz1970_01.jpg 0x0
rect:152 142 309 493 68
rect:137 414 115 342 69
rect:206 378 86 212 69
Guatemala1976_01.jpg 0x0
rect:359 161 164 130 48
rect:56 184 70 159 48
rect:414 152 82 59 41
rect:25 106 690 116 82
rect:52 216 60 48 52
rect:63 232 40 52 41
Guatemala1976_02.jpg 0x0
rect:194 60 337 350 48
rect:339 49 70 72 40
Guatemala1976_03.jpg 0x0
rect:12 102 705 301 75
Guatemala1976_04.jpg 0x0
rect:422 157 109 433 4
rect:29 92 521 205 30
rect:105 19 252 65 30
rect:406 314 107 270 4
Guatemala1976_05.jpg 0x0
rect:204 78 509 424 48
rect:260 107 380 127 41
rect:171 142 237 171 40
Guatemala1976_06.jpg 0x0
rect:128 123 279 387 39
Guatemala1976_07.jpg 0x0
rect:32 244 67 67 6
rect:30 207 504 512 10
rect:188 387 87 98 83
Guatemala1976_08.jpg 0x0
rect:144 52 282 305 41
rect:322 84 128 310 40
rect:177 40 478 448 48
Guatemala1976_09.jpg 0x0
rect:208 244 64 81 85
rect:223 318 34 26 84
rect:65 213 33 24 84
rect:480 217 40 75 84
rect:649 351 79 47 85
rect:415 279 56 60 84
rect:119 340 39 25 85
rect:275 290 90 25 85
Guatemala1976_10.jpg 0x0
rect:414 435 47 103 87
rect:239 133 169 278 86
rect:218 160 162 205 87
Guatemala1976_11.jpg 0x0
rect:201 168 100 257 34
GujaratIndia2001_01.jpg 0x0
rect:156 516 171 74 2
rect:75 460 63 38 2
rect:329 570 71 46 11
rect:33 456 185 156 4
Haiti2010_01.jpg 0x0
rect:397 587 221 205 4
rect:359 151 139 373 41
rect:109 35 155 130 7
rect:203 354 22 158 40
rect:643 177 100 126 4
Haiti2010_02.jpg 0x0
rect:312 25 123 38 14
rect:44 81 322 159 88
Haiti2010_03.jpg 0x0
rect:166 522 311 143 89
rect:429 1 64 760 32
rect:289 449 57 60 49
rect:252 487 173 161 32
Haiti2010_04.jpg 0x0
rect:2 161 357 160 6
rect:232 58 271 242 34
rect:217 284 290 453 41
Haiti2010_05.jpg 0x0
rect:320 116 326 398 90
rect:386 322 28 85 40
rect:322 244 172 126 52
rect:237 294 31 99 40
Haiti2010_06.jpg 0x0
rect:577 127 71 120 34
rect:450 189 67 47 6
rect:619 196 456 906 91
rect:400 175 182 494 33
rect:256 279 28 51 34
rect:393 197 71 202 32
rect:138 187 230 434 91
ImperialValley1979_01.jpg 0x0
rect:528 409 34 28 32
rect:9 366 143 150 32
rect:564 265 23 17 49
rect:437 424 22 27 49
rect:397 212 34 43 32
rect:47 407 120 78 50
rect:461 355 47 33 49
rect:383 355 42 50 32
rect:269 215 53 82 50
rect:331 290 26 44 50
rect:16 325 86 85 49
ImperialValley1979_02.jpg 0x0
rect:207 148 387 70 92
rect:196 91 167 245 32
rect:216 146 63 115 50
rect:207 120 91 170 50
rect:403 167 117 145 50
rect:179 226 121 54 49
ImperialValley1979_03.jpg 0x0
rect:104 250 193 210 32
rect:128 322 271 35 92
rect:123 340 94 167 50
rect:172 297 119 100 50
rect:119 297 340 30 92
rect:328 214 83 141 50
rect:193 204 253 174 32
Izmit1999_01.jpg 0x0
rect:575 324 71 74 26
rect:244 296 49 98 27
rect:315 80 38 229 27
rect:191 139 36 125 27
rect:144 63 466 336 34
Izmit1999_02.jpg 0x0
rect:30 101 687 335 10
Izmit1999_03.jpg 0x0
rect:524 72 62 390 50
rect:250 77 216 273 32
rect:152 177 275 30 92
rect:210 54 409 336 93
rect:217 110 54 168 50
rect:516 124 44 314 50
rect:190 71 46 320 50
rect:415 95 43 180 50
Izmit1999_04.jpg 0x0
rect:325 84 71 80 41
rect:395 479 18 61 40
rect:516 249 28 47 40
rect:358 48 89 84 48
rect:115 650 274 159 88
rect:44 348 31 67 42
rect:153 299 144 47 88
rect:74 321 53 105 41
rect:44 298 62 63 34
rect:282 364 68 61 41
Izmit1999_05.jpg 0x0
rect:119 23 598 468 10
Izmit1999_06.jpg 0x0
rect:118 243 58 227 50
rect:201 338 44 138 50
rect:92 226 214 512 32
rect:97 224 66 185 50
rect:324 270 42 165 50
rect:160 280 127 68 49
Izmit1999_07.jpg 0x0
rect:446 367 82 301 4
rect:177 234 62 99 3
rect:349 145 93 75 3
rect:216 216 57 124 3
rect:331 83 142 53 6
rect:188 162 32 121 3
rect:21 133 446 465 2
Izmit1999_08.jpg 0x0
rect:495 60 69 30 52
rect:360 7 110 80 45
rect:245 310 190 97 88
rect:134 363 114 64 45
rect:577 70 87 90 41
rect:156 161 88 108 41
rect:173 24 99 133 34
Izmit1999_09.jpg 0x0
rect:435 275 102 98 94
rect:319 144 48 42 41
rect:234 287 78 100 41
rect:509 310 66 88 94
rect:52 240 49 64 41
rect:641 254 75 78 41
Izmit1999_10.jpg 0x0
rect:208 127 138 115 40
rect:302 479 113 100 40
rect:103 334 277 73 78
rect:178 343 159 31 78
rect:70 145 263 437 41
rect:173 229 76 266 40
rect:32 169 327 56 78
rect:291 530 70 29 78
rect:260 463 40 102 40
rect:71 135 63 184 40
rect:284 187 61 172 40
Izmit1999_11.jpg 0x0
rect:156 395 111 109 41
rect:221 313 83 134 40
rect:219 152 97 192 40
rect:138 272 132 231 41
rect:119 294 55 130 40
Izmit1999_12.jpg 0x0
rect:289 149 49 150 42
rect:599 100 34 110 41
rect:454 267 72 50 41
rect:86 82 45 22 6
rect:343 147 74 55 7
rect:81 230 29 58 40
rect:402 339 67 111 52
rect:165 246 70 79 88
rect:44 323 72 66 52
rect:380 351 55 158 41
rect:17 65 33 21 6
rect:482 22 82 50 34
rect:362 288 79 146 94
rect:1 280 31 33 41
rect:417 162 183 271 91
rect:342 152 47 27 6
rect:64 192 55 115 94
rect:321 137 57 84 45
Izmit1999_13.jpg 0x0
rect:348 124 70 206 41
rect:254 117 74 131 41
rect:122 142 49 33 6
rect:126 319 67 56 52
rect:175 244 48 98 41
rect:176 207 29 91 41
rect:5 104 87 214 42
rect:169 239 122 119 94
rect:220 84 251 456 48
Izmit1999_14.jpg 0x0
rect:445 475 29 20 34
rect:45 150 107 69 34
rect:522 82 108 69 34
rect:345 256 82 52 34
rect:483 382 49 31 34
rect:250 283 40 39 34
rect:512 215 87 54 35
rect:455 47 40 77 95
rect:412 7 179 80 35
Izmit1999_15.jpg 0x0
rect:140 165 279 349 42
Izmit1999_16.jpg 0x0
rect:128 64 297 206 39
rect:173 108 47 130 40
rect:69 70 481 576 33
rect:192 127 229 192 41
Izmit1999_17.jpg 0x0
rect:75 164 245 288 41
Izmit1999_18.jpg 0x0
rect:136 146 108 290 39
rect:188 198 140 162 41
Izmit1999_19.jpg 0x0
rect:391 129 27 52 50
rect:222 168 203 296 32
rect:273 100 342 354 96
rect:589 200 33 116 50
Kobe1995_01.jpg 0x0
rect:30 109 767 163 63
Kobe1995_02.jpg 0x0
rect:2 47 425 728 68
Kobe1995_03.jpg 0x0
rect:44 74 532 776 10
Kobe1995_04.jpg 0x0
rect:316 383 47 37 41
Kobe1995_05.jpg 0x0
rect:46 327 535 84 78
rect:168 122 230 610 52
rect:3 180 164 483 40
rect:75 606 316 145 78
rect:344 118 122 554 40
Kobe1995_06.jpg 0x0
rect:40 170 440 559 41
rect:161 389 237 249 42
Kobe1995_07.jpg 0x0
rect:494 218 48 37 39
rect:324 242 28 50 39
rect:182 147 50 43 39
rect:431 92 34 41 39
rect:449 227 35 38 39
rect:387 463 42 39 39
rect:228 141 37 39 39
rect:139 339 32 56 39
rect:255 398 29 27 39
rect:308 112 43 37 39
rect:272 352 47 40 39
rect:202 252 45 43 39
rect:34 346 47 21 39
rect:334 430 37 38 39
rect:192 252 30 45 39
rect:218 394 28 29 39
rect:297 430 42 29 39
rect:265 95 20 42 39
rect:399 153 33 57 39
rect:45 306 41 54 39
rect:348 316 32 23 39
rect:341 179 39 55 39
rect:222 357 31 25 39
rect:268 235 44 44 39
rect:146 272 39 32 39
rect:131 329 32 36 39
Kobe1995_08.jpg 0x0
rect:335 43 355 144 97
Kobe1995_09.jpg 0x0
rect:151 430 237 83 97
rect:98 569 59 84 88
rect:119 626 64 65 88
rect:67 820 106 85 88
SanSalvador_1986_01.jpg 0x0
rect:330 169 128 169 41
rect:59 3 117 246 68
SanSalvador_1986_02.jpg 0x0
rect:303 159 61 51 41
rect:347 146 32 48 41
rect:545 280 34 43 41
rect:142 160 27 28 41
rect:322 104 15 22 41
rect:184 229 22 34 41
rect:171 288 29 39 41
rect:259 210 29 48 41
rect:592 210 33 57 42
SikkimIndia2001_01.jpg 0x0
rect:221 184 107 109 34
SikkimIndia2001_02.jpg 0x0
rect:-19 2 414 78 33
rect:244 228 59 48 16
rect:13 7 414 92 16
rect:11 178 62 38 54
rect:226 101 205 469 33
rect:462 130 101 38 16
rect:500 307 107 18 16
rect:428 74 116 209 33
SikkimIndia2001_03.jpg 0x0
rect:272 86 63 140 69
rect:235 13 208 331 98
rect:233 184 94 169 70
SikkimIndia2001_04.jpg 0x0
rect:215 129 139 194 34
rect:271 236 182 125 99
rect:3 25 200 194 99
SumatraInd2009_01.jpg 0x0
rect:334 27 64 367 81
SumatraInd2009_02.jpg 0x0
rect:158 60 150 179 41
WhittierNarrows1987_01.jpg 0x0
rect:14 21 1066 402 10
WhittierNarrows1987_02.jpg 0x0
rect:162 323 101 237 41
WhittierNarrows1987_03.jpg 0x0
rect:285 126 162 252 32
WhittierNarrows1987_04.jpg 0x0
rect:185 9 242 64 6
rect:343 13 310 118 100
rect:226 73 72 167 41
YogyakartaInd2006_01.jpg 0x0
rect:309 47 403 309 32
rect:201 112 329 90 49
rect:128 -24 385 352 29
YogyakartaInd2006_02.jpg 0x0
rect:444 83 47 225 69
rect:349 81 91 164 70
rect:236 51 167 568 98
