Anchorage1964_01.jpg 0x0
rect:55 333 234 189 1
rect:115 7 151 177 1
Anchorage1964_02.jpg 0x0
rect:343 193 28 66 3
rect:586 247 17 52 3
rect:57 41 101 13 6
rect:164 270 385 83 2
rect:351 206 22 64 3
rect:130 167 70 48 7
rect:351 236 17 52 3
rect:241 55 116 72 4
rect:384 85 112 150 8
rect:210 28 273 69 4
rect:142 176 62 16 6
rect:300 256 21 65 3
rect:26 17 140 44 5
rect:39 234 147 41 5
rect:538 326 17 48 3
rect:333 148 64 59 4
rect:113 264 30 17 6
rect:378 214 30 72 3
rect:296 254 31 53 3
Anchorage1964_03.jpg 0x0
rect:195 73 438 190 9
rect:2 220 253 78 9
rect:0 295 842 66 10
Anchorage1964_04.jpg 0x0
rect:286 303 21 36 1
rect:186 147 31 19 5
rect:245 293 23 22 5
rect:163 387 37 13 5
rect:288 140 24 21 1
rect:420 290 34 21 5
rect:245 262 13 29 1
rect:217 205 22 30 1
rect:207 238 17 23 1
rect:349 169 41 20 5
rect:124 137 24 16 5
rect:123 105 41 19 5
rect:225 273 14 19 1
rect:357 158 34 27 5
rect:416 364 36 21 5
rect:143 536 39 18 5
rect:359 351 28 21 5
rect:428 188 34 21 5
rect:201 427 18 34 1
rect:279 36 29 17 5
rect:318 250 33 25 5
rect:195 42 27 11 5
rect:264 439 9 1 1
rect:240 209 17 34 1
rect:134 127 25 14 5
rect:165 242 30 26 8
rect:339 300 15 33 1
rect:142 331 36 22 5
rect:435 48 33 17 5
rect:126 25 34 17 5
rect:309 413 27 23 1
rect:185 595 61 16 2
rect:191 484 25 20 5
rect:150 253 28 14 5
rect:146 227 32 14 5
rect:342 246 28 17 5
rect:295 99 22 17 5
rect:247 135 11 30 1
rect:372 319 28 25 5
Anchorage1964_05.jpg 0x0
rect:53 90 31 40 1
rect:75 98 15 30 1
rect:454 234 56 19 6
rect:370 28 45 67 1
rect:547 84 50 75 1
rect:37 332 20 49 1
rect:232 236 17 19 11
rect:47 286 23 61 1
rect:585 324 35 56 8
rect:693 290 53 44 5
rect:145 34 73 52 6
rect:378 296 52 50 1
rect:71 134 16 40 1
rect:76 227 16 46 1
rect:77 25 23 41 1
rect:129 197 162 46 6
rect:516 1 54 59 1
rect:94 243 30 45 1
rect:530 105 36 74 1
rect:500 235 38 56 1
rect:165 199 144 24 5
rect:480 235 46 45 1
rect:372 206 44 20 11
rect:701 449 57 32 5
rect:57 237 16 42 1
rect:231 49 121 28 5
rect:441 316 37 63 8
rect:508 445 57 15 6
rect:274 124 132 58 2
Anchorage1964_06.jpg 0x0
rect:212 94 92 331 3
rect:159 191 85 114 11
rect:115 90 274 442 12
Anchorage1964_07.jpg 0x0
rect:365 212 437 161 2
rect:317 120 51 142 13
rect:9 77 483 398 2
rect:12 180 341 36 11
rect:312 102 147 125 11
rect:174 2 93 71 2
rect:289 160 37 166 3
rect:6 376 360 33 14
rect:327 240 105 95 11
Anchorage1964_08.jpg 0x0
rect:390 33 134 126 1
rect:284 283 101 94 1
rect:59 246 124 82 1
rect:383 346 95 127 1
rect:41 54 165 140 1
rect:32 440 95 112 1
Anchorage1964_09.jpg 0x0
rect:549 10 133 8 16
rect:92 159 67 58 1
rect:540 31 60 85 8
rect:106 55 87 55 8
rect:503 127 1 1 16
rect:287 187 64 57 1
rect:541 109 58 69 1
rect:681 98 130 23 15
rect:9 12 488 17 15
rect:91 227 78 55 8
rect:61 159 65 13 16
rect:11 19 65 10 16
rect:11 119 23 9 16
rect:189 177 275 15 15
rect:11 117 127 16 15
rect:550 331 67 53 8
rect:510 7 261 12 15
rect:467 128 108 18 15
rect:232 186 49 62 1
Anchorage1964_10.jpg 0x0
rect:67 180 264 259 1
rect:186 238 67 89 17
rect:168 186 213 66 18
rect:57 301 242 93 18
Anchorage1964_11.jpg 0x0
rect:79 383 707 14 14
rect:416 104 132 124 1
rect:395 7 142 33 1
rect:80 169 435 55 2
rect:359 219 298 33 11
rect:132 55 129 114 4
rect:73 531 548 25 14
rect:150 198 461 27 15
Anchorage1964_12.jpg 0x0
rect:281 61 145 223 11
rect:474 88 61 233 3
rect:15 86 457 264 2
rect:335 102 67 201 3
rect:188 240 28 76 3
Anchorage1964_13.jpg 0x0
rect:279 435 106 14 19
rect:233 560 221 20 2
rect:568 351 33 155 20
Anchorage1964_14.jpg 0x0
rect:45 586 47 86 22
rect:224 16 112 653 20
rect:9 488 196 79 11
rect:445 251 124 41 15
rect:218 381 94 98 21
rect:333 673 140 102 23
rect:21 588 21 66 22
rect:132 694 40 61 22
rect:82 330 119 31 15
rect:488 5 82 170 11
rect:145 450 52 43 22
rect:291 10 49 287 11
Anchorage1964_15.jpg 0x0
rect:470 10 107 59 4
rect:132 55 89 495 20
rect:330 87 49 81 25
rect:316 10 84 58 4
rect:200 128 43 62 11
rect:279 546 234 50 2
rect:264 197 179 47 15
rect:514 305 112 35 24
rect:401 229 158 42 11
Anchorage1964_16.jpg 0x0
rect:196 91 229 122 2
rect:595 175 128 251 2
rect:17 283 53 90 2
rect:225 234 218 245 11
rect:14 91 232 204 2
rect:68 304 75 77 11
Anchorage1964_17.jpg 0x0
rect:11 205 691 253 10
rect:12 112 262 109 9
rect:308 35 170 182 9
Anchorage1964_18.jpg 0x0
rect:178 334 16 61 11
rect:491 148 120 93 4
rect:478 216 50 21 2
rect:145 283 63 40 11
rect:380 314 33 15 2
rect:290 393 425 29 15
rect:157 164 53 87 4
rect:354 203 45 43 11
rect:438 271 57 23 2
rect:442 156 137 89 4
Anchorage1964_19.jpg 0x0
rect:336 141 28 32 26
rect:34 264 43 110 27
rect:481 291 16 24 26
rect:325 167 13 41 26
rect:200 80 43 61 26
rect:323 91 33 32 27
rect:322 110 18 43 29
rect:206 56 73 108 29
rect:721 104 8 7 26
rect:366 230 33 60 26
rect:399 205 22 50 26
rect:352 131 7 16 26
rect:7 179 63 172 26
rect:361 197 30 29 28
rect:541 237 7 15 26
rect:518 117 44 26 28
rect:374 133 52 89 29
rect:394 154 9 21 26
Anchorage1964_20.jpg 0x0
rect:244 343 49 134 26
rect:382 505 35 84 26
rect:163 113 105 80 26
rect:169 76 62 43 27
rect:134 55 131 141 29
Anchorage1964_21.jpg 0x0
rect:-7 84 87 206 29
rect:209 124 625 157 30
rect:2 84 54 44 26
rect:64 266 36 44 26
Bingol2003_01.jpg 0x0
rect:601 293 56 148 32
rect:2 267 1174 286 10
rect:669 308 36 74 6
rect:670 282 122 129 31
rect:538 102 105 48 6
rect:165 88 53 33 6
rect:140 188 80 54 33
rect:757 296 86 66 33
rect:428 356 121 123 6
rect:463 338 183 96 6
rect:621 199 54 103 34
rect:695 85 178 195 31
rect:546 336 68 51 33
rect:371 446 57 75 34
rect:245 201 67 63 33
rect:615 199 96 76 6
rect:20 305 66 71 33
rect:498 127 82 68 6
rect:1001 283 118 61 33
Bingol2003_02.jpg 0x0
rect:107 593 162 272 32
rect:313 234 699 458 31
rect:457 399 89 102 26
rect:469 194 476 155 35
rect:921 45 144 57 36
rect:200 287 101 445 32
rect:242 333 105 62 6
rect:186 124 545 209 34
Bingol2003_03.jpg 0x0
rect:131 61 112 154 33
rect:109 33 121 35 2
rect:440 253 276 93 11
rect:598 560 345 443 2
rect:670 -9 305 173 4
rect:297 222 319 156 2
rect:492 289 340 524 4
Bingol2003_04.jpg 0x0
rect:205 417 189 134 2
rect:93 693 99 104 2
rect:103 618 22 94 3
rect:286 630 92 104 2
rect:93 734 32 67 3
rect:369 184 116 224 4
rect:182 566 22 81 3
rect:328 328 37 83 3
CanterburyNZSeries2010_01.jpg 0x0
rect:91 132 120 380 12
CanterburyNZSeries2010_02.jpg 0x0
rect:67 56 124 296 6
rect:39 9 170 366 37
CanterburyNZSeries2010_03.jpg 0x0
rect:54 80 341 147 38
CanterburyNZSeries2010_04.jpg 0x0
rect:240 537 98 226 41
rect:306 542 32 69 40
rect:158 351 235 382 39
rect:311 9 114 160 42
rect:256 346 18 68 40
rect:265 465 25 181 40
rect:302 542 25 41 40
rect:310 485 36 156 40
CanterburyNZSeries2010_05.jpg 0x0
rect:341 485 272 298 4
rect:287 178 147 131 15
CanterburyNZSeries2010_06.jpg 0x0
rect:174 162 236 138 2
rect:80 107 615 653 4
CanterburyNZSeries2010_08.jpg 0x0
rect:656 396 118 144 44
rect:723 651 65 153 44
rect:569 109 144 231 43
rect:534 445 23 188 32
CanterburyNZSeries2010_09.jpg 0x0
rect:186 221 171 262 39
rect:181 153 142 218 45
CanterburyNZSeries2010_10.jpg 0x0
rect:386 366 148 65 46
rect:322 206 326 144 7
rect:179 426 313 149 6
rect:302 177 329 276 6
CanterburyNZSeries2010_11.jpg 0x0
rect:420 238 353 99 7
rect:413 387 306 171 5
CanterburyNZSeries2010_12.jpg 0x0
rect:5 268 1238 294 47
rect:241 411 107 41 11
rect:626 558 147 84 11
rect:49 241 676 277 2
CanterburyNZSeries2010_13.jpg 0x0
rect:137 14 489 534 12
rect:528 158 89 472 11
Caracas1967_01.jpg 0x0
rect:397 116 78 82 48
rect:381 215 46 67 48
rect:360 67 128 300 48
rect:351 214 12 74 48
Caracas1967_02.jpg 0x0
rect:155 283 37 54 49
rect:109 452 51 31 50
rect:169 270 264 359 51
rect:282 1 124 148 15
Caracas1967_03.jpg 0x0
rect:255 52 54 92 14
rect:238 385 95 168 34
rect:230 282 50 52 26
rect:18 304 271 97 6
rect:424 366 35 133 27
rect:193 362 38 49 27
Caracas1967_04.jpg 0x0
rect:188 295 15 66 27
rect:188 403 42 115 26
rect:105 306 122 188 34
Caracas1967_05.jpg 0x0
rect:64 375 68 350 40
rect:299 186 47 287 40
rect:64 349 233 248 52
rect:294 310 48 199 40
rect:339 250 73 222 40
rect:27 66 282 489 48
rect:281 305 109 107 52
rect:108 342 46 283 40
rect:51 147 409 501 41
rect:180 409 62 284 40
Caracas1967_06.jpg 0x0
rect:324 127 291 275 7
rect:356 301 54 54 6
Caracas1967_07.jpg 0x0
rect:568 453 96 71 53
rect:338 9 76 216 34
rect:271 115 38 220 27
rect:375 342 123 126 53
rect:497 54 38 288 27
rect:390 267 97 262 34
rect:237 100 167 290 34
Caracas1967_08.jpg 0x0
rect:164 391 68 101 55
rect:357 266 57 161 54
rect:233 331 70 101 54
Caracas1967_09.jpg 0x0
rect:105 234 63 55 48
rect:126 157 120 81 48
rect:25 194 53 49 48
rect:516 10 302 133 48
Caracas1967_10.jpg 0x0
rect:55 206 185 301 41
rect:399 175 111 187 40
rect:15 133 573 519 48
rect:532 404 78 131 40
Caracas1967_11.jpg 0x0
rect:59 12 456 849 48
rect:51 177 267 339 41
rect:335 17 122 201 41
Caracas1967_12.jpg 0x0
rect:620 486 22 70 32
rect:553 228 23 47 32
rect:223 292 34 44 56
rect:478 269 39 33 34
Caracas1967_13.jpg 0x0
rect:135 296 121 257 55
Caracas1967_14.jpg 0x0
rect:83 144 676 227 57
rect:160 259 232 37 6
Chichi1999_01.jpg 0x0
rect:4 8 945 147 58
rect:251 190 45 191 42
Chichi1999_02.jpg 0x0
rect:6 84 403 201 58
rect:272 85 196 301 59
Chichi1999_03.jpg 0x0
rect:0 176 931 216 58
rect:103 138 79 142 60
Chichi1999_04.jpg 0x0
rect:152 285 30 47 52
rect:167 -17 60 96 48
rect:162 156 72 449 48
Chichi1999_05.jpg 0x0
rect:305 163 91 188 48
rect:426 158 40 68 52
rect:305 205 30 35 41
rect:290 175 36 62 41
Chichi1999_06.jpg 0x0
rect:450 206 48 58 41
rect:446 222 19 29 52
rect:456 -9 79 79 61
rect:166 18 506 199 10
rect:317 166 41 80 62
rect:341 152 63 82 48
Chichi1999_07.jpg 0x0
rect:595 340 16 16 64
rect:431 245 37 28 64
rect:71 194 418 142 63
rect:175 166 54 141 48
rect:536 227 36 121 48
rect:173 122 22 54 64
rect:411 278 46 152 48
Chichi1999_08.jpg 0x0
rect:107 11 641 375 10
Chichi1999_09.jpg 0x0
rect:259 101 116 82 41
rect:258 89 225 157 48
rect:306 117 39 80 40
rect:267 91 29 66 40
Chichi1999_10.jpg 0x0
rect:171 16 382 338 10
Chichi1999_11.jpg 0x0
rect:170 256 109 67 65
rect:2 129 227 599 10
Chichi1999_12.jpg 0x0
rect:12 26 492 838 66
Chichi1999_13.jpg 0x0
rect:26 37 584 418 10
Chichi1999_14.jpg 0x0
rect:201 388 31 37 67
rect:109 236 34 80 67
rect:126 553 25 53 67
rect:116 412 64 50 67
rect:262 225 38 52 39
rect:224 355 33 68 67
rect:428 417 33 53 67
rect:385 380 21 18 39
rect:450 508 62 84 67
rect:165 213 94 52 67
rect:219 386 25 39 67
rect:95 348 37 36 67
rect:287 304 31 44 39
rect:168 243 21 35 67
rect:193 545 33 25 39
rect:81 461 51 60 67
rect:69 472 47 42 67
Chichi1999_15.jpg 0x0
rect:324 22 200 579 41
Chichi1999_16.jpg 0x0
rect:191 119 79 164 32
Chichi1999_17.jpg 0x0
rect:131 235 26 56 32
Chichi1999_18.jpg 0x0
rect:374 291 23 124 69
rect:251 303 37 121 70
rect:175 202 43 140 69
rect:200 248 26 123 69
rect:140 248 37 103 69
rect:172 249 114 552 68
Chichi1999_19.jpg 0x0
rect:192 20 227 500 2
rect:156 81 199 211 3
YogyakartaInd2006_03.jpg 0x0
rect:158 265 316 176 71
rect:428 61 64 32 16
rect:271 26 89 2 15
rect:258 342 43 32 16
rect:418 91 142 56 15
rect:192 123 79 26 15
rect:199 169 18 5 16
rect:229 354 303 30 15
Chichi1999_20.jpg 0x0
rect:231 166 143 441 42
rect:230 341 39 198 41
Chichi1999_21.jpg 0x0
rect:172 79 212 291 72
rect:18 4 305 143 30
rect:214 204 127 126 37
rect:98 494 207 144 5
rect:348 7 155 132 57
rect:389 131 130 80 6
rect:333 279 97 92 6
rect:329 35 323 194 37
Chichi1999_22.jpg 0x0
rect:176 274 17 28 73
rect:221 164 276 159 10
rect:410 173 20 20 73
rect:311 265 16 17 73
Chichi1999_23.jpg 0x0
rect:4 72 334 232 74
rect:108 383 51 118 73
rect:162 220 22 23 34
rect:124 298 33 69 34
rect:263 126 21 20 26
rect:356 205 56 64 73
rect:203 220 40 79 34
rect:225 226 41 21 27
rect:143 190 69 54 73
rect:328 339 53 137 73
Chichi1999_24.jpg 0x0
rect:270 402 1 2 46
rect:3 339 221 148 74
rect:142 209 129 120 75
rect:161 174 56 48 46
rect:136 209 62 56 34
Chichi1999_25.jpg 0x0
rect:155 325 42 75 26
rect:166 292 118 186 34
rect:144 217 175 307 73
Chichi1999_26.jpg 0x0
rect:157 216 60 94 73
rect:176 18 58 37 73
rect:119 664 166 155 73
rect:212 337 147 325 76
rect:193 608 97 63 26
rect:149 440 135 97 27
Chichi1999_27.jpg 0x0
rect:137 205 85 343 32
Chichi1999_28.jpg 0x0
rect:344 145 155 163 75
rect:18 72 228 108 6
rect:183 100 151 255 5
rect:342 309 287 105 77
Chichi1999_29.jpg 0x0
rect:149 190 96 193 52
rect:183 239 172 195 48
rect:207 221 121 153 40
Chichi1999_30.jpg 0x0
rect:172 124 228 74 52
rect:25 227 82 141 73
rect:214 117 217 338 40
rect:150 178 221 63 78
Chichi1999_31.jpg 0x0
rect:175 110 95 363 79
rect:708 94 47 194 48
Chichi1999_32.jpg 0x0
rect:168 54 37 149 81
rect:557 146 51 213 39
rect:234 213 43 183 81
rect:123 9 123 304 80
Chichi1999_33.jpg 0x0
rect:277 170 30 84 49
rect:58 78 99 321 33
rect:146 146 58 105 49
rect:199 89 116 349 32
rect:216 131 83 291 56
rect:99 119 72 240 32
Chichi1999_34.jpg 0x0
rect:130 101 354 465 10
Duzce1999_01.jpg 0x0
rect:99 59 72 364 39
rect:108 123 130 121 41
Duzce1999_02.jpg 0x0
rect:103 67 134 448 41
Duzce1999_03.jpg 0x0
rect:0 124 140 200 31
rect:137 129 100 301 42
rect:184 151 98 207 31
Gediz1970_01.jpg 0x0
rect:183 468 91 204 69
rect:112 268 80 224 69
rect:105 106 237 451 68
Guatemala1976_01.jpg 0x0
rect:69 231 46 35 52
rect:54 110 99 93 48
rect:598 145 46 56 41
rect:331 176 115 96 48
rect:74 166 57 42 41
rect:25 133 664 217 82
Guatemala1976_02.jpg 0x0
rect:192 59 287 211 48
rect:314 83 103 104 40
Guatemala1976_03.jpg 0x0
rect:15 93 835 360 75
Guatemala1976_04.jpg 0x0
rect:621 150 128 362 4
rect:54 90 619 163 30
rect:126 22 364 75 30
rect:546 229 129 285 4
Guatemala1976_05.jpg 0x0
rect:269 116 273 148 41
rect:170 73 454 313 48
rect:185 157 400 194 40
Guatemala1976_06.jpg 0x0
rect:82 92 279 543 39
Guatemala1976_07.jpg 0x0
rect:18 340 69 65 6
rect:29 308 597 318 10
rect:286 595 141 102 83
Guatemala1976_08.jpg 0x0
rect:193 25 380 570 48
rect:164 58 267 430 41
rect:434 66 142 268 40
Guatemala1976_09.jpg 0x0
rect:374 245 60 69 84
rect:132 214 61 63 85
rect:101 227 31 35 85
rect:385 361 72 27 85
rect:148 353 28 24 84
rect:897 234 54 53 84
rect:864 191 49 44 85
rect:100 260 35 31 84
Guatemala1976_10.jpg 0x0
rect:168 164 232 210 87
rect:228 479 50 132 87
rect:160 249 188 351 86
Guatemala1976_11.jpg 0x0
rect:169 288 99 212 34
GujaratIndia2001_01.jpg 0x0
rect:66 336 47 32 2
rect:34 342 191 216 4
rect:204 429 253 64 2
rect:380 579 54 69 11
Haiti2010_01.jpg 0x0
rect:482 294 104 116 4
rect:582 408 202 185 4
rect:281 128 154 268 41
rect:244 191 31 149 40
rect:141 51 166 145 7
Haiti2010_02.jpg 0x0
rect:35 70 434 201 88
rect:327 37 182 63 14
Haiti2010_03.jpg 0x0
rect:289 447 257 179 89
rect:189 427 82 64 49
rect:262 483 190 168 32
rect:442 1 45 485 32
Haiti2010_04.jpg 0x0
rect:115 332 238 569 41
rect:2 119 187 114 6
rect:234 48 244 269 34
Haiti2010_05.jpg 0x0
rect:372 336 44 71 40
rect:353 251 30 102 40
rect:287 178 199 579 90
rect:227 212 192 90 52
Haiti2010_06.jpg 0x0
rect:292 124 210 451 33
rect:198 235 316 377 91
rect:418 249 73 42 6
rect:712 205 784 647 91
rect:373 115 60 78 34
rect:166 221 48 48 34
rect:436 191 51 235 32
ImperialValley1979_01.jpg 0x0
rect:400 257 27 31 32
rect:396 315 62 37 32
rect:10 324 131 97 32
rect:312 294 53 32 49
rect:374 218 15 20 49
rect:17 471 64 72 49
rect:599 266 40 37 32
rect:405 232 33 32 50
rect:440 325 31 15 49
rect:59 380 126 137 50
rect:349 376 33 69 50
ImperialValley1979_02.jpg 0x0
rect:344 120 64 144 50
rect:156 195 342 47 92
rect:231 129 93 268 50
rect:233 109 206 207 32
rect:370 214 54 127 50
rect:220 165 145 54 49
ImperialValley1979_03.jpg 0x0
rect:257 348 75 218 50
rect:171 186 257 181 32
rect:290 235 67 169 50
rect:128 466 255 27 92
rect:91 357 299 53 92
rect:133 321 187 221 32
rect:92 247 84 223 50
Izmit1999_01.jpg 0x0
rect:270 68 57 222 27
rect:412 268 41 55 26
rect:275 241 38 99 27
rect:249 71 460 389 34
rect:294 102 36 157 27
Izmit1999_02.jpg 0x0
rect:20 103 769 261 10
Izmit1999_03.jpg 0x0
rect:529 99 62 395 50
rect:183 106 84 244 50
rect:192 80 206 285 32
rect:467 64 36 268 50
rect:299 143 47 257 50
rect:331 89 43 192 50
rect:120 53 282 342 93
rect:210 255 398 42 92
Izmit1999_04.jpg 0x0
rect:53 368 78 59 34
rect:412 82 107 94 41
rect:244 72 109 93 48
rect:102 685 295 123 88
rect:523 347 25 75 40
rect:124 337 159 83 88
rect:477 451 24 61 40
rect:60 501 67 95 41
rect:424 352 71 61 41
rect:83 377 26 65 42
Izmit1999_05.jpg 0x0
rect:67 29 623 503 10
Izmit1999_06.jpg 0x0
rect:105 153 60 162 50
rect:135 347 183 81 49
rect:256 344 39 138 50
rect:300 194 58 193 50
rect:114 185 87 132 50
rect:125 145 228 510 32
Izmit1999_07.jpg 0x0
rect:384 229 93 245 4
rect:254 80 167 48 6
rect:183 415 36 168 3
rect:268 211 67 75 3
rect:213 194 44 108 3
rect:22 152 447 565 2
rect:316 92 92 76 3
Izmit1999_08.jpg 0x0
rect:171 309 183 96 88
rect:144 28 104 111 34
rect:120 459 64 81 45
rect:636 110 65 29 52
rect:371 5 132 71 45
rect:181 85 109 102 41
rect:440 61 50 101 41
Izmit1999_09.jpg 0x0
rect:717 198 54 96 94
rect:342 225 101 69 41
rect:225 178 37 29 41
rect:54 207 50 50 41
rect:393 239 78 125 94
rect:754 279 57 53 41
Izmit1999_10.jpg 0x0
rect:236 146 152 115 40
rect:220 693 88 143 40
rect:192 254 61 230 40
rect:258 477 64 74 40
rect:292 119 64 164 40
rect:376 463 82 36 78
rect:106 429 285 66 78
rect:31 285 441 47 78
rect:69 145 260 505 41
rect:154 492 129 35 78
rect:46 119 64 149 40
Izmit1999_11.jpg 0x0
rect:134 267 64 191 40
rect:255 410 82 152 41
rect:271 172 70 195 40
rect:260 272 76 251 40
rect:232 277 94 177 41
Izmit1999_12.jpg 0x0
rect:556 182 73 49 41
rect:235 108 37 85 45
rect:332 289 44 125 52
rect:62 195 73 90 94
rect:584 34 83 52 34
rect:170 256 59 71 88
rect:306 266 90 126 94
rect:1 224 25 42 41
rect:333 129 38 116 42
rect:106 356 36 36 40
rect:331 264 73 162 41
rect:262 145 54 28 6
rect:15 59 43 18 6
rect:73 206 56 63 52
rect:494 95 54 87 41
rect:97 64 36 19 6
rect:542 197 65 61 7
rect:606 186 215 186 91
Izmit1999_13.jpg 0x0
rect:5 101 77 172 42
rect:293 190 89 164 41
rect:166 243 36 105 41
rect:268 81 77 113 41
rect:121 308 90 125 94
rect:208 297 35 93 41
rect:300 83 254 426 48
rect:85 168 57 38 6
rect:176 190 75 53 52
Izmit1999_14.jpg 0x0
rect:315 340 36 27 34
rect:594 53 60 98 34
rect:362 37 43 62 95
rect:483 7 120 79 35
rect:396 299 70 48 34
rect:59 124 105 66 34
rect:594 229 67 55 34
rect:444 456 33 28 34
rect:438 217 118 62 35
Izmit1999_15.jpg 0x0
rect:177 133 239 325 42
Izmit1999_16.jpg 0x0
rect:177 102 50 116 40
rect:109 56 336 394 39
rect:155 139 244 122 41
rect:85 49 500 425 33
Izmit1999_17.jpg 0x0
rect:135 128 151 193 41
Izmit1999_18.jpg 0x0
rect:164 141 91 151 41
rect:148 159 105 309 39
Izmit1999_19.jpg 0x0
rect:218 102 304 295 96
rect:247 105 207 210 32
rect:535 185 37 108 50
rect:479 189 18 56 50
Kobe1995_01.jpg 0x0
rect:25 185 782 104 63
Kobe1995_02.jpg 0x0
rect:2 53 452 566 68
Kobe1995_03.jpg 0x0
rect:41 66 594 583 10
Kobe1995_04.jpg 0x0
rect:265 301 47 44 41
Kobe1995_05.jpg 0x0
rect:52 311 434 102 78
rect:79 716 246 118 78
rect:4 188 175 370 40
rect:341 126 200 344 40
rect:174 215 228 363 52
Kobe1995_06.jpg 0x0
rect:216 452 297 267 42
rect:64 140 292 518 41
Kobe1995_07.jpg 0x0
rect:298 234 35 42 39
rect:292 337 36 41 39
rect:43 228 29 38 39
rect:377 472 32 38 39
rect:196 190 44 33 39
rect:52 325 50 29 39
rect:248 396 41 59 39
rect:205 481 20 34 39
rect:243 606 51 31 39
rect:153 89 36 49 39
rect:554 111 42 27 39
rect:100 195 44 49 39
rect:312 497 45 50 39
rect:333 370 34 36 39
rect:335 265 39 24 39
rect:323 358 32 36 39
rect:189 280 38 40 39
rect:109 268 29 24 39
rect:466 159 42 32 39
rect:301 186 34 41 39
rect:223 178 39 33 39
rect:111 319 35 48 39
rect:196 135 41 37 39
rect:326 125 26 38 39
rect:234 218 33 38 39
rect:249 178 38 35 39
Kobe1995_08.jpg 0x0
rect:260 62 455 159 97
Kobe1995_09.jpg 0x0
rect:91 375 58 83 88
rect:119 665 57 108 88
rect:214 507 170 71 97
rect:78 595 70 77 88
SanSalvador_1986_01.jpg 0x0
rect:186 134 135 218 41
rect:67 3 123 304 68
SanSalvador_1986_02.jpg 0x0
rect:369 143 46 46 41
rect:188 201 25 32 41
rect:289 295 25 45 41
rect:468 331 56 45 41
rect:600 145 50 31 42
rect:221 309 26 40 41
rect:250 110 13 30 41
rect:534 138 34 40 41
rect:206 214 32 35 41
SikkimIndia2001_01.jpg 0x0
rect:167 178 115 96 34
SikkimIndia2001_02.jpg 0x0
rect:9 5 369 60 16
rect:468 121 65 34 16
rect:379 251 129 18 16
rect:195 62 254 308 33
rect:-15 2 263 77 33
rect:278 222 90 45 16
rect:9 180 44 44 54
rect:496 124 81 127 33
SikkimIndia2001_03.jpg 0x0
rect:273 9 219 356 98
rect:242 94 92 215 69
rect:237 266 85 166 70
SikkimIndia2001_04.jpg 0x0
rect:3 41 266 315 99
rect:273 210 114 219 34
rect:386 241 188 85 99
SumatraInd2009_01.jpg 0x0
rect:323 23 47 377 81
SumatraInd2009_02.jpg 0x0
rect:257 96 221 197 41
WhittierNarrows1987_01.jpg 0x0
rect:11 35 802 365 10
WhittierNarrows1987_02.jpg 0x0
rect:133 290 84 299 41
WhittierNarrows1987_03.jpg 0x0
rect:236 164 192 291 32
WhittierNarrows1987_04.jpg 0x0
rect:303 12 207 170 100
rect:251 9 292 55 6
rect:165 74 130 253 41
YogyakartaInd2006_01.jpg 0x0
rect:165 32 251 297 32
rect:121 -24 485 528 29
rect:360 109 243 78 49
YogyakartaInd2006_02.jpg 0x0
rect:361 60 110 520 98
rect:332 71 85 132 70
rect:351 152 48 153 69
