Anchorage1964_01.jpg 0x0
rect:88 8 172 210 1
rect:103 373 190 202 1
Anchorage1964_02.jpg 0x0
rect:505 257 115 51 4
rect:474 337 13 56 3
rect:26 29 200 43 5
rect:480 249 27 56 3
rect:645 86 122 129 8
rect:227 202 19 79 3
rect:27 198 102 35 5
rect:117 292 18 22 6
rect:170 184 91 55 7
rect:324 330 19 54 3
rect:358 281 29 64 3
rect:222 29 192 89 4
rect:98 34 83 15 6
rect:117 175 55 13 6
rect:671 257 16 71 3
rect:226 68 72 64 4
rect:252 354 35 58 3
rect:220 320 350 88 2
rect:423 241 20 72 3
Anchorage1964_03.jpg 0x0
rect:0 194 545 81 10
rect:251 73 362 181 9
rect:2 188 225 63 9
Anchorage1964_04.jpg 0x0
rect:112 181 35 22 5
rect:281 288 17 39 1
rect:114 184 32 20 5
rect:137 119 24 15 5
rect:143 176 24 18 5
rect:406 172 33 20 5
rect:341 338 30 21 5
rect:264 306 18 19 1
rect:218 164 18 24 1
rect:319 45 35 21 5
rect:247 344 21 33 1
rect:195 502 69 21 2
rect:187 51 25 14 5
rect:370 306 34 24 5
rect:242 346 21 16 5
rect:396 236 34 21 5
rect:374 31 28 17 5
rect:220 117 36 14 5
rect:174 280 37 14 5
rect:318 168 26 11 5
rect:264 174 31 23 5
rect:298 329 20 22 1
rect:282 326 12 24 1
rect:309 159 23 30 1
rect:196 169 28 16 5
rect:219 24 34 20 5
rect:428 242 20 15 5
rect:306 207 15 29 1
rect:290 176 20 28 1
rect:370 323 23 22 1
rect:134 317 40 14 5
rect:269 473 33 20 5
rect:348 393 6 1 1
rect:298 299 17 21 1
rect:265 204 26 26 8
rect:204 578 31 15 5
rect:426 73 37 23 5
rect:423 437 42 26 5
rect:162 372 36 21 5
Anchorage1964_05.jpg 0x0
rect:74 73 29 36 1
rect:86 106 15 55 1
rect:358 214 30 18 11
rect:31 545 20 48 1
rect:197 143 102 57 6
rect:424 466 33 57 8
rect:47 422 30 55 1
rect:106 25 15 30 1
rect:596 276 45 24 5
rect:402 317 64 65 1
rect:298 189 146 85 2
rect:684 414 50 12 6
rect:98 234 19 38 1
rect:72 188 16 36 1
rect:632 292 55 41 5
rect:373 76 50 45 1
rect:455 371 40 89 8
rect:79 185 17 43 1
rect:437 1 34 70 1
rect:537 180 38 55 1
rect:236 56 96 38 5
rect:237 137 131 29 5
rect:329 248 50 28 11
rect:506 31 47 56 1
rect:701 222 54 18 6
rect:144 42 128 36 6
rect:59 187 17 52 1
rect:659 183 39 66 1
rect:477 127 38 73 1
Anchorage1964_06.jpg 0x0
rect:180 198 56 73 11
rect:92 63 221 450 12
rect:134 165 80 363 3
Anchorage1964_07.jpg 0x0
rect:8 55 670 436 2
rect:19 168 192 27 11
rect:358 322 414 240 2
rect:351 151 52 124 3
rect:306 192 100 78 11
rect:313 159 187 180 11
rect:7 408 308 39 14
rect:235 2 117 83 2
rect:267 117 53 129 13
Anchorage1964_08.jpg 0x0
rect:48 446 116 139 1
rect:298 655 152 95 1
rect:39 66 146 138 1
rect:275 40 135 120 1
rect:56 345 111 86 1
rect:298 252 158 86 1
Anchorage1964_09.jpg 0x0
rect:128 145 303 9 15
rect:9 168 104 24 15
rect:497 163 1 1 16
rect:14 18 341 12 15
rect:571 27 98 61 8
rect:119 363 84 64 8
rect:291 162 65 88 1
rect:91 54 77 52 8
rect:13 110 19 8 16
rect:495 153 101 53 1
rect:510 87 80 25 15
rect:520 11 89 13 16
rect:313 182 72 49 1
rect:465 8 202 10 15
rect:389 262 67 94 8
rect:72 130 43 12 16
rect:628 142 119 18 15
rect:79 213 83 53 1
rect:14 14 57 13 16
Anchorage1964_10.jpg 0x0
rect:86 205 296 426 1
rect:161 216 80 90 17
rect:223 161 252 57 18
rect:93 428 319 144 18
Anchorage1964_11.jpg 0x0
rect:326 227 219 34 11
rect:55 615 777 10 14
rect:267 133 420 26 15
rect:555 101 206 121 1
rect:461 7 114 49 1
rect:135 77 167 94 4
rect:103 139 452 79 2
rect:92 510 450 25 14
Anchorage1964_12.jpg 0x0
rect:193 240 21 130 3
rect:14 104 480 279 2
rect:472 110 38 216 3
rect:274 85 54 175 3
rect:368 62 127 175 11
Anchorage1964_13.jpg 0x0
rect:463 489 37 149 20
rect:393 462 156 14 19
rect:376 515 127 20 2
Anchorage1964_14.jpg 0x0
rect:278 160 136 45 15
rect:199 601 48 73 22
rect:100 281 162 31 15
rect:539 5 62 142 11
rect:205 303 68 112 21
rect:135 730 40 56 22
rect:404 747 156 98 23
rect:13 547 210 93 11
rect:50 556 61 61 22
rect:18 708 36 59 22
rect:191 16 71 557 20
rect:322 12 50 274 11
Anchorage1964_15.jpg 0x0
rect:270 573 271 41 2
rect:330 103 50 122 25
rect:342 9 100 71 4
rect:178 92 71 601 20
rect:261 94 26 81 11
rect:343 9 78 81 4
rect:300 269 90 37 24
rect:194 275 134 42 15
rect:345 235 95 51 11
Anchorage1964_16.jpg 0x0
rect:10 418 85 97 2
rect:15 147 213 164 2
rect:263 74 279 170 2
rect:61 244 91 82 11
rect:146 182 360 160 11
rect:461 258 134 213 2
Anchorage1964_17.jpg 0x0
rect:12 122 207 133 9
rect:305 47 158 187 9
rect:9 173 592 277 10
Anchorage1964_18.jpg 0x0
rect:430 274 44 72 11
rect:169 294 92 41 11
rect:271 280 78 25 2
rect:106 274 23 61 11
rect:617 147 91 77 4
rect:411 275 299 26 15
rect:558 132 119 90 4
rect:130 155 95 104 4
rect:595 344 35 20 2
rect:580 366 75 18 2
Anchorage1964_19.jpg 0x0
rect:415 166 12 26 26
rect:475 91 14 27 26
rect:267 108 38 32 27
rect:25 293 30 86 27
rect:388 284 47 100 26
rect:758 173 8 16 26
rect:269 190 20 42 26
rect:301 90 55 46 26
rect:314 203 14 40 26
rect:598 171 47 38 28
rect:6 328 82 111 26
rect:329 134 6 17 26
rect:527 123 54 39 28
rect:498 137 16 67 29
rect:728 127 8 6 26
rect:355 98 67 120 29
rect:473 102 33 61 29
rect:390 156 30 23 26
Anchorage1964_20.jpg 0x0
rect:208 85 158 122 29
rect:215 368 53 178 26
rect:144 87 96 48 27
rect:171 109 89 47 26
rect:381 409 30 86 26
Anchorage1964_21.jpg 0x0
rect:61 375 37 34 26
rect:2 64 38 39 26
rect:-6 75 98 194 29
rect:119 200 679 133 30
Bingol2003_01.jpg 0x0
rect:900 377 92 44 33
rect:33 245 54 49 33
rect:436 356 38 157 32
rect:394 93 167 193 31
rect:593 181 96 48 33
rect:2 417 1130 268 10
rect:208 268 50 75 33
rect:174 88 84 25 6
rect:599 305 65 69 6
rect:892 343 110 47 33
rect:622 364 180 205 31
rect:754 90 108 65 6
rect:260 218 60 77 33
rect:638 265 47 67 6
rect:484 329 98 102 6
rect:586 278 40 63 34
rect:519 151 54 85 34
rect:683 536 172 92 6
rect:358 75 87 52 6
Bingol2003_02.jpg 0x0
rect:463 336 132 136 26
rect:223 179 700 581 31
rect:125 623 179 200 32
rect:401 198 294 120 35
rect:797 83 91 67 36
rect:294 419 74 83 6
rect:170 125 429 164 34
rect:214 286 71 423 32
Bingol2003_03.jpg 0x0
rect:107 26 211 34 2
rect:381 141 409 147 2
rect:573 -8 210 213 4
rect:119 46 124 139 33
rect:711 326 294 578 4
rect:709 576 213 492 2
rect:456 223 174 71 11
Bingol2003_04.jpg 0x0
rect:83 693 81 99 2
rect:173 420 270 147 2
rect:120 665 31 95 3
rect:418 450 113 72 2
rect:258 328 36 107 3
rect:97 640 26 59 3
rect:195 542 31 111 3
rect:351 329 163 210 4
CanterburyNZSeries2010_01.jpg 0x0
rect:107 118 100 366 12
CanterburyNZSeries2010_02.jpg 0x0
rect:64 41 149 284 6
rect:46 8 216 191 37
CanterburyNZSeries2010_03.jpg 0x0
rect:39 73 389 160 38
CanterburyNZSeries2010_04.jpg 0x0
rect:292 395 45 169 40
rect:148 498 82 295 41
rect:307 314 26 35 40
rect:327 302 13 68 40
rect:184 262 26 193 40
rect:152 191 215 407 39
rect:236 366 23 79 40
rect:202 9 71 179 42
CanterburyNZSeries2010_05.jpg 0x0
rect:291 245 177 104 15
rect:207 413 157 371 4
CanterburyNZSeries2010_06.jpg 0x0
rect:63 111 990 626 4
rect:250 231 212 105 2
CanterburyNZSeries2010_08.jpg 0x0
rect:847 593 45 162 44
rect:796 563 25 171 32
rect:601 272 94 160 44
rect:484 136 144 272 43
CanterburyNZSeries2010_09.jpg 0x0
rect:195 274 170 291 39
rect:246 166 217 212 45
CanterburyNZSeries2010_10.jpg 0x0
rect:260 217 319 277 6
rect:295 163 243 98 7
rect:261 370 254 93 6
rect:358 368 219 57 46
CanterburyNZSeries2010_11.jpg 0x0
rect:350 297 377 92 7
rect:262 394 366 185 5
CanterburyNZSeries2010_12.jpg 0x0
rect:580 521 163 47 11
rect:156 526 129 43 11
rect:5 281 739 455 47
rect:43 272 604 371 2
CanterburyNZSeries2010_13.jpg 0x0
rect:208 16 495 788 12
rect:389 186 136 599 11
Caracas1967_01.jpg 0x0
rect:376 204 14 82 48
rect:392 69 166 202 48
rect:349 196 88 115 48
rect:333 151 35 64 48
Caracas1967_02.jpg 0x0
rect:145 443 48 49 49
rect:168 1 134 205 15
rect:109 494 44 40 50
rect:136 238 167 351 51
Caracas1967_03.jpg 0x0
rect:221 338 59 71 26
rect:336 409 84 137 34
rect:313 63 67 101 14
rect:435 260 31 112 27
rect:19 327 168 73 6
rect:274 403 31 54 27
Caracas1967_04.jpg 0x0
rect:185 443 56 118 26
rect:171 357 122 209 34
rect:110 420 24 90 27
Caracas1967_05.jpg 0x0
rect:53 267 184 143 52
rect:288 263 51 297 40
rect:363 235 49 211 40
rect:24 123 311 579 48
rect:250 206 187 122 52
rect:72 227 53 228 40
rect:255 228 52 262 40
rect:293 272 32 183 40
rect:108 428 48 298 40
rect:31 167 381 472 41
Caracas1967_06.jpg 0x0
rect:431 69 221 271 7
rect:271 236 80 68 6
Caracas1967_07.jpg 0x0
rect:463 455 91 73 53
rect:558 341 126 142 53
rect:343 287 128 314 34
rect:236 91 161 154 34
rect:381 52 39 267 27
rect:243 152 54 203 27
rect:483 9 91 207 34
Caracas1967_08.jpg 0x0
rect:180 244 82 97 55
rect:275 341 74 120 54
rect:261 216 62 170 54
Caracas1967_09.jpg 0x0
rect:574 12 191 136 48
rect:26 298 61 39 48
rect:101 225 42 83 48
rect:179 166 120 111 48
Caracas1967_10.jpg 0x0
rect:429 236 72 132 40
rect:241 260 63 174 40
rect:14 133 402 314 48
rect:34 177 306 416 41
Caracas1967_11.jpg 0x0
rect:60 14 540 980 48
rect:49 235 252 643 41
rect:332 14 186 204 41
Caracas1967_12.jpg 0x0
rect:617 261 43 31 34
rect:867 214 26 49 32
rect:572 298 21 72 32
rect:183 302 26 36 56
Caracas1967_13.jpg 0x0
rect:205 421 150 317 55
Caracas1967_14.jpg 0x0
rect:137 261 292 47 6
rect:158 87 593 254 57
Chichi1999_01.jpg 0x0
rect:4 6 580 218 58
rect:266 156 37 158 42
Chichi1999_02.jpg 0x0
rect:491 127 158 315 59
rect:7 77 404 138 58
Chichi1999_03.jpg 0x0
rect:0 148 729 158 58
rect:59 178 62 121 60
Chichi1999_04.jpg 0x0
rect:265 208 32 47 52
rect:254 -18 52 98 48
rect:139 176 80 371 48
Chichi1999_05.jpg 0x0
rect:408 179 39 53 41
rect:273 242 24 31 41
rect:317 149 94 218 48
rect:484 187 37 88 52
Chichi1999_06.jpg 0x0
rect:175 14 441 159 10
rect:396 179 51 67 48
rect:583 177 37 75 41
rect:355 233 24 40 52
rect:600 -11 88 82 61
rect:242 120 43 66 62
Chichi1999_07.jpg 0x0
rect:311 161 32 25 64
rect:129 196 31 51 64
rect:193 228 39 173 48
rect:698 287 14 27 64
rect:367 227 51 163 48
rect:42 253 751 129 63
rect:561 274 38 126 48
Chichi1999_08.jpg 0x0
rect:121 19 629 409 10
Chichi1999_09.jpg 0x0
rect:186 106 49 104 40
rect:276 112 92 82 41
rect:251 60 238 175 48
rect:216 70 31 59 40
Chichi1999_10.jpg 0x0
rect:196 16 694 493 10
Chichi1999_11.jpg 0x0
rect:2 180 183 437 10
rect:115 238 91 98 65
Chichi1999_12.jpg 0x0
rect:8 26 435 478 66
Chichi1999_13.jpg 0x0
rect:33 54 728 335 10
Chichi1999_14.jpg 0x0
rect:304 275 27 26 39
rect:58 690 31 54 67
rect:122 507 26 41 67
rect:112 177 94 52 67
rect:197 340 21 28 39
rect:277 278 36 37 39
rect:161 437 32 38 67
rect:109 508 31 34 67
rect:140 297 27 31 67
rect:194 361 22 29 39
rect:181 360 40 59 67
rect:115 239 60 48 67
rect:455 530 84 69 67
rect:152 324 22 42 67
rect:106 396 46 65 67
rect:93 206 30 64 67
rect:442 405 45 49 67
Chichi1999_15.jpg 0x0
rect:278 38 252 317 41
Chichi1999_16.jpg 0x0
rect:121 124 53 178 32
Chichi1999_17.jpg 0x0
rect:108 367 20 39 32
Chichi1999_18.jpg 0x0
rect:210 263 34 107 69
rect:138 225 20 92 69
rect:167 191 147 384 68
rect:197 338 23 108 69
rect:291 304 45 113 70
rect:218 275 33 87 69
Chichi1999_19.jpg 0x0
rect:234 15 244 396 2
rect:255 81 183 369 3
YogyakartaInd2006_03.jpg 0x0
rect:224 346 316 190 71
rect:260 64 86 30 16
rect:303 517 56 28 16
rect:359 68 137 80 15
rect:192 31 117 2 15
rect:189 115 20 6 16
rect:166 165 56 33 15
rect:154 497 189 23 15
Chichi1999_20.jpg 0x0
rect:310 472 71 246 41
rect:216 221 82 322 42
Chichi1999_21.jpg 0x0
rect:298 41 218 197 37
rect:236 138 168 191 72
rect:461 7 117 118 57
rect:51 353 154 83 5
rect:139 300 226 194 37
rect:507 147 131 92 6
rect:178 396 85 96 6
rect:17 4 191 166 30
Chichi1999_22.jpg 0x0
rect:249 271 12 21 73
rect:191 210 297 147 10
rect:315 218 12 26 73
rect:285 291 20 18 73
Chichi1999_23.jpg 0x0
rect:132 309 47 100 73
rect:4 60 653 140 74
rect:366 148 37 21 27
rect:93 292 40 103 34
rect:246 338 39 53 34
rect:332 150 52 75 73
rect:229 127 23 28 26
rect:338 238 89 108 73
rect:130 200 53 55 73
rect:113 126 24 27 34
Chichi1999_24.jpg 0x0
rect:3 435 380 241 74
rect:243 127 56 57 46
rect:158 207 75 48 34
rect:365 440 1 2 46
rect:153 164 168 84 75
Chichi1999_25.jpg 0x0
rect:154 147 144 421 73
rect:211 297 43 70 26
rect:159 273 89 244 34
Chichi1999_26.jpg 0x0
rect:222 327 130 389 76
rect:223 18 63 34 73
rect:149 582 101 161 73
rect:209 206 53 74 73
rect:141 655 88 71 26
rect:143 426 112 86 27
Chichi1999_27.jpg 0x0
rect:127 163 90 448 32
Chichi1999_28.jpg 0x0
rect:118 87 189 297 5
rect:18 84 272 101 6
rect:344 153 174 258 75
rect:251 293 164 105 77
Chichi1999_29.jpg 0x0
rect:250 170 82 113 40
rect:149 273 236 202 48
rect:167 254 70 217 52
Chichi1999_30.jpg 0x0
rect:231 176 133 87 52
rect:218 163 171 71 78
rect:144 135 257 264 40
rect:25 236 135 134 73
Chichi1999_31.jpg 0x0
rect:372 103 41 214 48
rect:143 83 114 332 79
Chichi1999_32.jpg 0x0
rect:553 149 56 240 39
rect:152 9 88 407 80
rect:141 70 54 107 81
rect:123 282 44 146 81
Chichi1999_33.jpg 0x0
rect:273 97 161 326 32
rect:131 155 111 283 32
rect:164 154 38 127 49
rect:306 133 84 274 56
rect:383 102 51 117 49
rect:67 86 128 550 33
Chichi1999_34.jpg 0x0
rect:138 84 549 259 10
Duzce1999_01.jpg 0x0
rect:164 139 99 155 41
rect:164 69 87 222 39
Duzce1999_02.jpg 0x0
rect:85 66 193 418 41
Duzce1999_03.jpg 0x0
rect:161 122 96 368 31
rect:0 121 122 177 31
rect:92 126 143 306 42
Gediz1970_01.jpg 0x0
rect:113 258 126 303 69
rect:293 362 95 265 69
rect:146 138 266 725 68
Guatemala1976_01.jpg 0x0
rect:43 128 118 133 48
rect:62 216 49 41 41
rect:49 204 64 54 52
rect:631 176 161 122 48
rect:31 145 527 223 82
rect:672 137 48 94 41
Guatemala1976_02.jpg 0x0
rect:229 84 197 307 48
rect:262 54 73 99 40
Guatemala1976_03.jpg 0x0
rect:18 91 615 417 75
Guatemala1976_04.jpg 0x0
rect:49 90 506 238 30
rect:105 25 492 102 30
rect:387 220 111 324 4
rect:476 199 98 436 4
Guatemala1976_05.jpg 0x0
rect:198 205 326 100 41
rect:163 88 309 341 48
rect:161 128 434 221 40
Guatemala1976_06.jpg 0x0
rect:81 114 180 543 39
Guatemala1976_07.jpg 0x0
rect:220 643 101 76 83
rect:20 196 304 310 10
rect:25 343 74 72 6
Guatemala1976_08.jpg 0x0
rect:435 74 134 330 40
rect:235 60 376 401 41
rect:176 26 452 562 48
Guatemala1976_09.jpg 0x0
rect:602 331 53 53 85
rect:166 307 57 76 85
rect:68 211 40 20 84
rect:249 220 45 36 84
rect:78 215 41 32 85
rect:273 276 44 66 84
rect:355 324 88 35 85
rect:689 322 51 81 84
Guatemala1976_10.jpg 0x0
rect:153 169 184 355 86
rect:155 91 264 125 87
rect:273 389 32 125 87
Guatemala1976_11.jpg 0x0
rect:188 228 94 233 34
GujaratIndia2001_01.jpg 0x0
rect:218 419 56 41 11
rect:39 478 221 195 4
rect:75 447 87 42 2
rect:219 422 269 108 2
Haiti2010_01.jpg 0x0
rect:375 118 231 374 41
rect:486 592 230 250 4
rect:180 59 107 111 7
rect:198 237 27 173 40
rect:491 279 81 151 4
Haiti2010_02.jpg 0x0
rect:37 75 386 151 88
rect:391 37 147 64 14
Haiti2010_03.jpg 0x0
rect:265 790 197 257 89
rect:203 378 205 249 32
rect:334 1 83 662 32
rect:179 454 66 82 49
Haiti2010_04.jpg 0x0
rect:162 325 309 587 41
rect:280 62 271 318 34
rect:2 199 307 133 6
Haiti2010_05.jpg 0x0
rect:463 295 24 120 40
rect:306 195 30 81 40
rect:239 189 221 610 90
rect:223 259 177 142 52
Haiti2010_06.jpg 0x0
rect:571 229 53 37 6
rect:222 209 39 48 34
rect:398 129 72 99 34
rect:544 162 48 229 32
rect:399 185 267 344 33
rect:226 240 275 295 91
rect:379 146 628 481 91
ImperialValley1979_01.jpg 0x0
rect:247 425 44 59 32
rect:239 419 43 25 49
rect:494 236 52 39 32
rect:361 325 38 46 50
rect:9 348 151 92 32
rect:360 397 61 68 50
rect:18 432 64 76 49
rect:684 375 44 35 32
rect:587 408 33 16 49
rect:55 290 106 134 50
rect:406 369 16 18 49
ImperialValley1979_02.jpg 0x0
rect:291 238 124 59 49
rect:192 166 90 154 50
rect:226 94 253 245 32
rect:231 177 298 82 92
rect:413 113 96 212 50
rect:393 156 36 136 50
ImperialValley1979_03.jpg 0x0
rect:240 291 59 153 50
rect:93 552 191 52 92
rect:107 359 97 229 50
rect:174 235 205 183 32
rect:270 294 66 142 50
rect:102 482 222 40 92
rect:181 258 204 154 32
Izmit1999_01.jpg 0x0
rect:129 96 384 347 34
rect:377 264 40 70 26
rect:207 91 54 201 27
rect:233 156 41 149 27
rect:257 310 38 97 27
Izmit1999_02.jpg 0x0
rect:20 86 879 257 10
Izmit1999_03.jpg 0x0
rect:452 73 30 238 50
rect:206 164 52 240 50
rect:274 73 263 324 32
rect:174 116 72 275 50
rect:468 107 54 394 50
rect:167 39 470 379 93
rect:120 147 468 38 92
rect:536 73 44 228 50
Izmit1999_04.jpg 0x0
rect:502 341 26 56 40
rect:387 379 27 72 40
rect:57 333 31 110 42
rect:69 504 74 123 41
rect:415 453 62 96 41
rect:213 110 77 87 41
rect:43 422 55 70 34
rect:123 289 141 63 88
rect:342 77 67 67 48
rect:86 621 282 169 88
Izmit1999_05.jpg 0x0
rect:129 30 765 372 10
Izmit1999_06.jpg 0x0
rect:158 213 71 227 50
rect:62 253 70 145 50
rect:131 346 138 81 49
rect:270 213 56 179 50
rect:127 224 241 554 32
rect:186 203 39 119 50
Izmit1999_07.jpg 0x0
rect:429 251 71 276 4
rect:227 425 46 157 3
rect:189 215 58 124 3
rect:389 65 123 42 6
rect:28 126 416 745 2
rect:288 93 68 97 3
rect:237 172 28 137 3
Izmit1999_08.jpg 0x0
rect:158 160 82 68 41
rect:189 28 109 128 34
rect:490 97 57 26 52
rect:175 317 91 68 45
rect:700 6 97 86 45
rect:684 106 55 53 41
rect:169 172 157 144 88
Izmit1999_09.jpg 0x0
rect:442 236 131 111 41
rect:49 243 36 53 41
rect:440 169 49 59 41
rect:331 187 37 29 41
rect:243 261 109 122 94
rect:597 290 71 79 94
Izmit1999_10.jpg 0x0
rect:209 119 50 214 40
rect:214 371 167 43 78
rect:160 205 85 211 40
rect:65 115 83 209 40
rect:54 228 339 50 78
rect:98 269 205 81 78
rect:96 168 289 466 41
rect:340 402 54 70 40
rect:350 510 94 110 40
rect:208 417 74 37 78
rect:208 86 105 128 40
Izmit1999_11.jpg 0x0
rect:258 273 139 151 41
rect:242 267 51 147 40
rect:252 574 94 138 41
rect:379 360 95 137 40
rect:122 369 83 165 40
Izmit1999_12.jpg 0x0
rect:397 210 47 46 41
rect:449 156 61 65 45
rect:1 194 37 37 41
rect:37 222 79 125 94
rect:237 264 76 127 52
rect:95 63 32 17 6
rect:364 226 153 266 91
rect:231 123 52 33 6
rect:62 304 68 44 52
rect:393 274 88 151 94
rect:73 333 38 59 40
rect:527 24 86 45 34
rect:494 143 75 66 7
rect:469 109 45 78 41
rect:14 54 58 19 6
rect:299 216 55 134 42
rect:130 215 70 59 88
rect:241 342 100 85 41
Izmit1999_13.jpg 0x0
rect:139 94 57 55 6
rect:336 77 92 143 41
rect:474 149 114 313 41
rect:182 352 96 53 52
rect:167 267 32 90 41
rect:267 95 224 241 48
rect:5 59 89 142 42
rect:257 302 46 95 41
rect:175 181 141 116 94
Izmit1999_14.jpg 0x0
rect:381 180 98 57 34
rect:334 335 61 36 34
rect:438 447 38 29 34
rect:258 257 56 42 34
rect:389 136 88 102 35
rect:488 36 52 62 95
rect:515 8 170 76 35
rect:39 164 124 59 34
rect:411 80 82 52 34
Izmit1999_15.jpg 0x0
rect:160 167 185 463 42
Izmit1999_16.jpg 0x0
rect:264 79 29 90 40
rect:115 57 252 385 39
rect:136 140 150 108 41
rect:92 45 349 455 33
Izmit1999_17.jpg 0x0
rect:108 141 170 320 41
Izmit1999_18.jpg 0x0
rect:139 120 116 271 39
rect:155 160 135 150 41
Izmit1999_19.jpg 0x0
rect:191 166 335 243 32
rect:208 104 277 288 96
rect:426 214 25 82 50
rect:469 157 24 65 50
Kobe1995_01.jpg 0x0
rect:20 136 820 186 63
Kobe1995_02.jpg 0x0
rect:2 43 627 403 68
Kobe1995_03.jpg 0x0
rect:29 54 491 630 10
Kobe1995_04.jpg 0x0
rect:371 337 56 48 41
Kobe1995_05.jpg 0x0
rect:51 266 545 91 78
rect:95 194 249 594 52
rect:4 141 137 522 40
rect:273 150 168 561 40
rect:91 455 395 153 78
Kobe1995_06.jpg 0x0
rect:51 173 336 566 41
rect:190 286 223 286 42
Kobe1995_07.jpg 0x0
rect:154 125 27 37 39
rect:462 266 27 40 39
rect:361 160 48 50 39
rect:383 308 35 24 39
rect:206 150 34 39 39
rect:333 341 54 39 39
rect:158 398 38 40 39
rect:308 302 37 32 39
rect:77 187 28 37 39
rect:340 246 38 35 39
rect:213 90 26 44 39
rect:42 359 42 28 39
rect:147 459 36 41 39
rect:380 471 47 41 39
rect:181 395 43 32 39
rect:180 437 31 34 39
rect:505 362 36 28 39
rect:358 474 36 32 39
rect:258 398 44 29 39
rect:489 161 28 25 39
rect:390 191 43 32 39
rect:175 202 43 43 39
rect:54 189 38 63 39
rect:397 203 42 49 39
rect:90 313 25 27 39
rect:558 460 25 44 39
Kobe1995_08.jpg 0x0
rect:314 50 551 188 97
Kobe1995_09.jpg 0x0
rect:126 361 58 81 88
rect:120 501 85 97 88
rect:190 392 248 83 97
rect:110 532 65 50 88
SanSalvador_1986_01.jpg 0x0
rect:64 3 90 295 68
rect:212 147 76 216 41
SanSalvador_1986_02.jpg 0x0
rect:423 293 33 34 41
rect:657 144 41 32 41
rect:441 176 42 51 42
rect:326 253 46 44 41
rect:207 194 26 28 41
rect:230 221 26 29 41
rect:250 112 13 31 41
rect:130 338 28 47 41
rect:511 209 48 57 41
SikkimIndia2001_01.jpg 0x0
rect:212 133 153 171 34
SikkimIndia2001_02.jpg 0x0
rect:147 56 228 309 33
rect:9 6 262 62 16
rect:-17 2 393 109 33
rect:374 128 80 188 33
rect:387 319 90 14 16
rect:329 217 82 51 16
rect:9 108 62 45 54
rect:395 114 65 45 16
SikkimIndia2001_03.jpg 0x0
rect:160 116 59 162 69
rect:296 193 115 125 70
rect:256 13 165 541 98
SikkimIndia2001_04.jpg 0x0
rect:3 39 188 229 99
rect:269 257 208 97 99
rect:245 146 139 195 34
SumatraInd2009_01.jpg 0x0
rect:301 31 67 220 81
SumatraInd2009_02.jpg 0x0
rect:143 99 181 180 41
WhittierNarrows1987_01.jpg 0x0
rect:13 31 737 339 10
WhittierNarrows1987_02.jpg 0x0
rect:227 320 104 188 41
WhittierNarrows1987_03.jpg 0x0
rect:207 112 106 342 32
WhittierNarrows1987_04.jpg 0x0
rect:212 14 330 195 100
rect:198 8 342 78 6
rect:235 65 97 159 41
YogyakartaInd2006_01.jpg 0x0
rect:260 36 263 335 32
rect:211 -18 406 648 29
rect:280 174 338 73 49
YogyakartaInd2006_02.jpg 0x0
rect:276 56 102 388 98
rect:324 136 80 220 70
rect:229 84 53 161 69
