Anchorage1964_01.jpg 0x0
rect:90 419 305 267 1
rect:97 7 208 140 1
Anchorage1964_02.jpg 0x0
rect:393 312 35 67 3
rect:337 192 33 56 3
rect:106 141 97 41 7
rect:174 79 101 67 4
rect:251 43 287 77 4
rect:358 315 12 61 3
rect:242 251 31 78 3
rect:73 43 72 19 6
rect:32 141 124 46 5
rect:538 337 12 73 3
rect:26 24 107 39 5
rect:110 244 19 27 6
rect:582 47 86 127 8
rect:520 144 84 70 4
rect:145 190 51 16 6
rect:356 259 16 60 3
rect:207 275 409 111 2
rect:481 231 21 71 3
rect:233 295 30 49 3
Anchorage1964_03.jpg 0x0
rect:2 167 284 74 9
rect:0 207 568 70 10
rect:203 74 446 193 9
Anchorage1964_04.jpg 0x0
rect:125 152 19 23 5
rect:203 298 9 1 1
rect:135 114 38 18 5
rect:133 74 31 12 5
rect:197 238 21 31 1
rect:375 410 33 19 5
rect:418 268 21 14 5
rect:220 257 30 20 5
rect:184 399 23 26 5
rect:133 359 37 16 5
rect:341 300 24 24 1
rect:349 582 26 29 1
rect:377 464 27 23 5
rect:387 124 30 16 5
rect:367 151 22 26 1
rect:164 99 31 14 5
rect:373 165 27 14 5
rect:255 111 14 29 1
rect:457 347 25 18 5
rect:301 346 20 22 1
rect:278 276 30 15 5
rect:424 27 24 15 5
rect:126 18 32 19 5
rect:287 213 15 24 1
rect:350 201 34 15 5
rect:271 57 38 17 5
rect:197 298 34 18 5
rect:215 281 9 22 1
rect:302 391 21 23 5
rect:209 201 25 21 5
rect:287 366 22 34 1
rect:170 297 16 19 1
rect:310 191 28 16 5
rect:266 259 18 24 1
rect:126 204 35 12 5
rect:134 474 27 16 5
rect:298 96 31 13 5
rect:212 250 25 31 8
rect:233 335 51 19 2
Anchorage1964_05.jpg 0x0
rect:74 234 25 58 1
rect:573 208 39 29 6
rect:493 109 41 60 1
rect:647 328 47 62 8
rect:35 552 21 63 1
rect:341 1 42 39 1
rect:170 42 119 40 5
rect:76 20 15 35 1
rect:373 209 23 17 11
rect:121 83 18 40 1
rect:430 19 38 60 1
rect:759 224 68 24 5
rect:60 60 25 37 1
rect:324 220 53 46 1
rect:269 127 148 72 2
rect:61 179 17 32 1
rect:152 117 98 25 5
rect:610 438 52 41 5
rect:285 93 43 70 1
rect:101 313 21 41 1
rect:229 178 147 48 6
rect:139 38 101 49 6
rect:411 288 43 17 11
rect:354 252 47 62 1
rect:663 308 54 11 6
rect:382 227 41 50 8
rect:497 272 68 81 1
rect:54 377 23 37 1
rect:57 237 21 32 1
Anchorage1964_06.jpg 0x0
rect:208 288 57 108 11
rect:217 173 79 244 3
rect:99 76 200 465 12
Anchorage1964_07.jpg 0x0
rect:275 2 80 65 2
rect:260 345 301 221 2
rect:450 233 74 116 11
rect:324 196 48 96 13
rect:5 348 322 34 14
rect:193 142 149 116 11
rect:9 66 690 284 2
rect:14 260 351 36 11
rect:246 87 55 125 3
Anchorage1964_08.jpg 0x0
rect:54 368 83 106 1
rect:268 413 102 151 1
rect:63 61 129 110 1
rect:33 396 105 91 1
rect:332 187 118 82 1
rect:314 33 94 79 1
Anchorage1964_09.jpg 0x0
rect:565 151 166 18 15
rect:120 367 52 66 8
rect:524 10 353 14 15
rect:14 163 90 19 15
rect:106 42 52 82 8
rect:10 12 52 15 16
rect:109 193 80 58 1
rect:558 131 56 53 1
rect:497 37 103 67 8
rect:184 161 63 72 1
rect:51 133 68 9 16
rect:581 313 94 87 8
rect:650 223 1 1 16
rect:500 10 109 12 16
rect:380 190 55 57 1
rect:18 174 20 11 16
rect:196 93 232 12 15
rect:11 16 521 16 15
rect:445 94 78 25 15
Anchorage1964_10.jpg 0x0
rect:82 194 297 302 1
rect:149 137 172 98 18
rect:208 229 123 110 17
rect:60 355 323 110 18
Anchorage1964_11.jpg 0x0
rect:301 192 275 45 11
rect:648 127 105 81 1
rect:112 385 611 21 14
rect:89 245 415 90 2
rect:196 214 307 26 15
rect:508 7 75 32 1
rect:87 451 781 15 14
rect:104 48 121 75 4
Anchorage1964_12.jpg 0x0
rect:311 81 167 198 11
rect:161 189 35 134 3
rect:388 115 40 180 3
rect:13 85 621 224 2
rect:532 85 60 247 3
Anchorage1964_13.jpg 0x0
rect:324 544 119 14 19
rect:322 568 188 30 2
rect:366 518 25 153 20
Anchorage1964_14.jpg 0x0
rect:315 228 214 63 15
rect:226 255 86 73 21
rect:342 6 104 121 11
rect:240 16 87 555 20
rect:30 602 53 64 22
rect:16 402 26 47 22
rect:204 10 70 252 11
rect:12 415 160 66 11
rect:283 546 201 83 23
rect:167 499 55 42 22
rect:74 267 128 31 15
rect:132 687 40 65 22
Anchorage1964_15.jpg 0x0
rect:267 536 251 64 2
rect:379 370 114 32 24
rect:344 116 64 69 25
rect:261 11 67 63 4
rect:523 11 72 56 4
rect:168 72 69 527 20
rect:394 223 92 59 11
rect:174 171 27 81 11
rect:297 289 141 52 15
Anchorage1964_16.jpg 0x0
rect:113 388 102 73 11
rect:16 162 232 192 2
rect:196 89 319 124 2
rect:191 271 326 158 11
rect:13 387 78 97 2
rect:523 208 150 174 2
Anchorage1964_17.jpg 0x0
rect:14 147 348 121 9
rect:363 64 216 227 9
rect:10 215 814 202 10
Anchorage1964_18.jpg 0x0
rect:371 151 87 66 4
rect:162 243 21 41 11
rect:610 261 47 20 2
rect:123 226 71 59 11
rect:476 264 339 37 15
rect:119 136 83 79 4
rect:406 348 60 17 2
rect:441 276 26 55 11
rect:691 187 116 81 4
rect:612 387 32 22 2
Anchorage1964_19.jpg 0x0
rect:347 146 11 24 26
rect:242 105 21 30 27
rect:325 169 18 33 26
rect:418 279 17 29 26
rect:505 139 26 24 26
rect:802 106 7 6 26
rect:676 197 27 25 28
rect:6 302 80 160 26
rect:579 162 22 50 29
rect:412 263 14 26 26
rect:412 76 37 82 29
rect:209 78 65 58 26
rect:23 276 45 91 27
rect:879 224 8 15 26
rect:671 173 44 26 28
rect:289 234 59 100 26
rect:518 139 6 20 26
rect:211 100 82 96 29
Anchorage1964_20.jpg 0x0
rect:165 87 100 47 26
rect:350 575 40 57 26
rect:154 59 182 158 29
rect:243 80 75 41 27
rect:273 463 84 172 26
Anchorage1964_21.jpg 0x0
rect:48 332 31 32 26
rect:2 87 35 33 26
rect:-5 54 72 162 29
rect:195 154 683 133 30
Bingol2003_01.jpg 0x0
rect:686 276 77 57 33
rect:477 247 65 142 34
rect:418 484 57 43 34
rect:632 451 210 70 6
rect:619 435 92 66 33
rect:433 90 120 142 31
rect:614 140 115 57 6
rect:370 249 48 217 32
rect:625 404 105 37 33
rect:147 210 80 78 33
rect:2 414 762 252 10
rect:443 276 160 153 31
rect:275 225 56 69 33
rect:504 378 97 45 6
rect:379 189 47 63 6
rect:658 61 101 89 6
rect:37 321 50 67 33
rect:403 288 113 122 6
rect:254 78 75 32 6
Bingol2003_02.jpg 0x0
rect:278 204 806 579 31
rect:125 249 75 336 32
rect:430 319 117 107 26
rect:153 557 209 232 32
rect:535 216 373 137 35
rect:392 272 68 73 6
rect:1020 56 98 95 36
rect:176 77 476 171 34
Bingol2003_03.jpg 0x0
rect:452 164 280 204 2
rect:570 561 199 479 2
rect:631 185 278 769 4
rect:613 -9 293 203 4
rect:605 155 250 65 11
rect:84 52 138 93 33
rect:122 26 172 29 2
Bingol2003_04.jpg 0x0
rect:73 511 78 90 2
rect:113 449 26 69 3
rect:191 520 226 221 2
rect:265 311 37 117 3
rect:405 554 123 97 2
rect:200 462 41 81 3
rect:95 602 20 93 3
rect:355 209 116 197 4
CanterburyNZSeries2010_01.jpg 0x0
rect:124 109 116 202 12
CanterburyNZSeries2010_02.jpg 0x0
rect:41 9 133 322 37
rect:71 45 169 241 6
CanterburyNZSeries2010_03.jpg 0x0
rect:48 57 398 172 38
CanterburyNZSeries2010_04.jpg 0x0
rect:210 337 31 51 40
rect:248 490 20 64 40
rect:432 358 17 72 40
rect:326 308 35 117 40
rect:167 361 20 181 40
rect:217 11 107 137 42
rect:205 332 74 272 41
rect:239 316 192 403 39
CanterburyNZSeries2010_05.jpg 0x0
rect:353 265 187 84 15
rect:364 271 242 434 4
CanterburyNZSeries2010_06.jpg 0x0
rect:323 311 321 94 2
rect:79 145 672 571 4
CanterburyNZSeries2010_08.jpg 0x0
rect:739 506 42 146 32
rect:533 449 97 105 44
rect:1120 553 60 171 44
rect:451 178 120 327 43
CanterburyNZSeries2010_09.jpg 0x0
rect:251 403 209 455 39
rect:278 92 243 148 45
CanterburyNZSeries2010_10.jpg 0x0
rect:290 271 153 82 46
rect:224 611 327 115 6
rect:176 171 446 197 6
rect:337 200 242 98 7
CanterburyNZSeries2010_11.jpg 0x0
rect:318 255 321 105 7
rect:302 302 233 196 5
CanterburyNZSeries2010_12.jpg 0x0
rect:646 622 223 50 11
rect:152 409 186 56 11
rect:65 233 798 219 2
rect:4 343 1011 388 47
CanterburyNZSeries2010_13.jpg 0x0
rect:373 183 82 585 11
rect:128 17 498 574 12
Caracas1967_01.jpg 0x0
rect:549 71 188 209 48
rect:395 228 50 122 48
rect:234 186 10 83 48
rect:393 155 94 74 48
Caracas1967_02.jpg 0x0
rect:121 450 58 65 49
rect:137 234 196 217 51
rect:308 1 155 211 15
rect:158 506 54 48 50
Caracas1967_03.jpg 0x0
rect:282 249 147 165 34
rect:304 463 23 43 27
rect:261 79 91 101 14
rect:336 348 48 63 26
rect:266 341 28 115 27
rect:17 502 314 120 6
Caracas1967_04.jpg 0x0
rect:133 426 208 140 34
rect:114 265 18 70 27
rect:142 443 48 82 26
Caracas1967_05.jpg 0x0
rect:236 253 181 138 52
rect:67 249 56 298 40
rect:406 141 53 223 40
rect:284 277 59 160 40
rect:245 306 47 243 40
rect:38 106 469 684 48
rect:91 359 268 216 52
rect:47 172 248 571 41
rect:134 250 49 310 40
rect:240 366 59 278 40
Caracas1967_06.jpg 0x0
rect:244 258 75 58 6
rect:339 105 253 175 7
Caracas1967_07.jpg 0x0
rect:515 207 125 343 34
rect:468 8 115 335 34
rect:502 534 125 92 53
rect:206 105 157 184 34
rect:450 321 99 88 53
rect:216 180 41 234 27
rect:446 43 22 304 27
Caracas1967_08.jpg 0x0
rect:250 272 51 91 54
rect:285 387 94 132 55
rect:344 247 75 112 54
Caracas1967_09.jpg 0x0
rect:105 177 68 84 48
rect:25 202 57 55 48
rect:299 9 234 145 48
rect:150 214 76 85 48
Caracas1967_10.jpg 0x0
rect:20 148 604 520 48
rect:470 286 94 177 40
rect:364 209 102 128 40
rect:37 229 233 343 41
Caracas1967_11.jpg 0x0
rect:70 302 287 617 41
rect:291 15 119 205 41
rect:38 12 281 599 48
Caracas1967_12.jpg 0x0
rect:744 318 25 51 32
rect:570 297 30 55 34
rect:297 308 35 33 56
rect:758 384 28 54 32
Caracas1967_13.jpg 0x0
rect:117 399 103 286 55
Caracas1967_14.jpg 0x0
rect:159 123 469 211 57
rect:142 250 280 53 6
Chichi1999_01.jpg 0x0
rect:4 6 952 138 58
rect:339 110 63 147 42
Chichi1999_02.jpg 0x0
rect:6 103 336 121 58
rect:395 87 159 304 59
Chichi1999_03.jpg 0x0
rect:66 127 69 103 60
rect:0 199 626 150 58
Chichi1999_04.jpg 0x0
rect:163 177 34 63 52
rect:191 -15 40 104 48
rect:198 165 80 370 48
Chichi1999_05.jpg 0x0
rect:426 126 122 288 48
rect:498 196 45 60 52
rect:500 240 32 40 41
rect:479 174 58 38 41
Chichi1999_06.jpg 0x0
rect:276 232 25 24 52
rect:397 133 66 53 62
rect:625 173 46 40 41
rect:164 17 424 124 10
rect:271 177 52 76 48
rect:487 -14 77 64 61
Chichi1999_07.jpg 0x0
rect:414 264 58 136 48
rect:488 276 38 27 64
rect:418 222 13 26 64
rect:185 142 51 170 48
rect:49 275 395 178 63
rect:450 228 58 139 48
rect:144 179 23 32 64
Chichi1999_08.jpg 0x0
rect:132 18 395 413 10
Chichi1999_09.jpg 0x0
rect:313 101 38 102 40
rect:235 122 132 92 41
rect:279 76 181 184 48
rect:195 114 40 100 40
Chichi1999_10.jpg 0x0
rect:195 17 562 496 10
Chichi1999_11.jpg 0x0
rect:2 173 242 407 10
rect:161 241 116 118 65
Chichi1999_12.jpg 0x0
rect:12 23 512 441 66
Chichi1999_13.jpg 0x0
rect:33 64 563 283 10
Chichi1999_14.jpg 0x0
rect:155 222 31 56 67
rect:199 264 25 42 67
rect:154 357 34 54 67
rect:341 275 39 42 39
rect:53 527 58 52 67
rect:159 229 83 40 67
rect:98 415 54 56 67
rect:105 198 44 63 67
rect:178 533 19 32 67
rect:231 351 30 33 39
rect:142 482 38 46 67
rect:379 534 71 78 67
rect:193 322 33 41 39
rect:94 311 40 37 67
rect:242 173 15 36 67
rect:380 261 17 17 39
rect:300 397 43 61 67
Chichi1999_15.jpg 0x0
rect:221 26 294 447 41
Chichi1999_16.jpg 0x0
rect:225 141 84 138 32
Chichi1999_17.jpg 0x0
rect:147 362 31 44 32
Chichi1999_18.jpg 0x0
rect:170 163 163 391 68
rect:201 289 24 102 69
rect:170 218 44 103 69
rect:150 167 20 134 69
rect:333 248 25 172 69
rect:199 232 59 116 70
Chichi1999_19.jpg 0x0
rect:162 95 141 255 3
rect:209 19 340 392 2
YogyakartaInd2006_03.jpg 0x0
rect:231 130 16 7 16
rect:182 25 74 2 15
rect:273 98 82 27 16
rect:225 491 277 27 15
rect:245 189 75 34 15
rect:333 80 132 65 15
rect:179 247 246 108 71
rect:262 447 65 36 16
Chichi1999_20.jpg 0x0
rect:227 520 58 252 41
rect:223 164 123 377 42
Chichi1999_21.jpg 0x0
rect:374 32 189 184 37
rect:162 124 214 335 72
rect:189 282 110 160 6
rect:169 297 179 187 37
rect:495 6 147 84 57
rect:357 94 122 112 6
rect:62 280 209 103 5
rect:22 4 179 107 30
Chichi1999_22.jpg 0x0
rect:294 206 14 16 73
rect:308 283 17 19 73
rect:321 270 19 15 73
rect:296 169 352 170 10
Chichi1999_23.jpg 0x0
rect:168 129 21 27 34
rect:144 240 39 92 34
rect:107 367 59 125 73
rect:357 128 32 34 26
rect:363 125 39 18 27
rect:307 260 46 78 34
rect:277 203 77 136 73
rect:4 56 603 225 74
rect:199 130 45 43 73
rect:164 171 74 57 73
Chichi1999_24.jpg 0x0
rect:233 340 1 2 46
rect:3 417 356 182 74
rect:195 191 174 113 75
rect:179 188 51 41 34
rect:182 179 47 60 46
Chichi1999_25.jpg 0x0
rect:212 366 47 52 26
rect:139 229 111 220 34
rect:113 167 123 245 73
Chichi1999_26.jpg 0x0
rect:206 253 138 501 76
rect:117 539 101 99 27
rect:151 717 61 84 26
rect:153 591 111 132 73
rect:327 12 63 32 73
rect:239 118 53 76 73
Chichi1999_27.jpg 0x0
rect:221 232 95 415 32
Chichi1999_28.jpg 0x0
rect:153 125 152 192 5
rect:25 78 303 158 6
rect:284 134 189 234 75
rect:190 204 179 129 77
Chichi1999_29.jpg 0x0
rect:200 288 88 220 52
rect:152 219 204 346 48
rect:254 241 143 192 40
Chichi1999_30.jpg 0x0
rect:205 175 217 95 52
rect:258 235 249 40 78
rect:37 350 130 122 73
rect:207 85 245 402 40
Chichi1999_31.jpg 0x0
rect:200 118 155 284 79
rect:596 112 48 250 48
Chichi1999_32.jpg 0x0
rect:208 10 103 282 80
rect:631 108 67 138 39
rect:219 46 42 194 81
rect:140 243 39 104 81
Chichi1999_33.jpg 0x0
rect:313 84 104 310 32
rect:376 170 45 150 49
rect:97 192 46 134 49
rect:140 133 102 194 32
rect:186 123 99 245 56
rect:65 49 153 374 33
Chichi1999_34.jpg 0x0
rect:165 85 504 474 10
Duzce1999_01.jpg 0x0
rect:94 102 87 130 41
rect:155 58 96 249 39
Duzce1999_02.jpg 0x0
rect:66 40 118 372 41
Duzce1999_03.jpg 0x0
rect:0 185 95 300 31
rect:126 78 114 212 42
rect:299 118 105 351 31
Gediz1970_01.jpg 0x0
rect:170 75 257 380 68
rect:167 338 83 290 69
rect:193 509 77 176 69
Guatemala1976_01.jpg 0x0
rect:57 232 64 53 52
rect:45 198 61 61 41
rect:474 215 55 82 41
rect:24 137 430 151 82
rect:593 138 195 131 48
rect:40 126 91 86 48
Guatemala1976_02.jpg 0x0
rect:185 89 232 223 48
rect:276 70 69 93 40
Guatemala1976_03.jpg 0x0
rect:21 108 513 336 75
Guatemala1976_04.jpg 0x0
rect:470 329 97 270 4
rect:567 178 164 447 4
rect:28 54 499 284 30
rect:144 24 408 70 30
Guatemala1976_05.jpg 0x0
rect:129 77 454 322 48
rect:168 105 378 235 40
rect:223 127 262 154 41
Guatemala1976_06.jpg 0x0
rect:108 107 262 380 39
Guatemala1976_07.jpg 0x0
rect:29 355 47 52 6
rect:26 218 461 348 10
rect:254 494 113 104 83
Guatemala1976_08.jpg 0x0
rect:210 29 528 572 48
rect:314 94 229 407 40
rect:161 45 355 495 41
Guatemala1976_09.jpg 0x0
rect:65 305 28 33 84
rect:166 239 58 64 85
rect:709 220 71 59 84
rect:67 260 33 36 85
rect:382 208 69 35 85
rect:252 248 68 66 84
rect:879 207 49 57 85
rect:161 333 35 36 84
Guatemala1976_10.jpg 0x0
rect:240 163 277 177 87
rect:249 249 190 333 86
rect:335 263 45 123 87
Guatemala1976_11.jpg 0x0
rect:172 250 112 274 34
GujaratIndia2001_01.jpg 0x0
rect:86 335 81 36 2
rect:398 498 67 40 11
rect:42 383 200 158 4
rect:181 438 242 86 2
Haiti2010_01.jpg 0x0
rect:261 190 33 164 40
rect:114 61 99 137 7
rect:579 312 98 97 4
rect:343 141 231 310 41
rect:520 463 140 151 4
Haiti2010_02.jpg 0x0
rect:370 31 182 50 14
rect:65 93 560 207 88
Haiti2010_03.jpg 0x0
rect:182 722 165 188 89
rect:152 300 157 197 32
rect:346 1 52 555 32
rect:170 433 66 71 49
Haiti2010_04.jpg 0x0
rect:209 349 364 442 41
rect:243 37 249 339 34
rect:2 123 217 112 6
Haiti2010_05.jpg 0x0
rect:250 216 25 98 40
rect:469 196 35 89 40
rect:298 164 265 559 90
rect:215 304 216 142 52
Haiti2010_06.jpg 0x0
rect:205 207 245 347 91
rect:426 272 70 243 32
rect:529 160 66 53 6
rect:487 144 73 115 34
rect:249 251 39 37 34
rect:538 201 260 312 33
rect:500 221 538 893 91
ImperialValley1979_01.jpg 0x0
rect:11 439 78 50 49
rect:53 268 68 120 50
rect:370 401 30 26 49
rect:304 303 50 44 32
rect:592 359 46 39 32
rect:539 246 22 20 49
rect:9 220 101 112 32
rect:394 317 13 21 49
rect:457 225 29 28 50
rect:629 367 25 41 32
rect:292 332 42 68 50
ImperialValley1979_02.jpg 0x0
rect:473 151 109 160 50
rect:220 120 37 163 50
rect:156 105 139 218 32
rect:131 152 329 73 92
rect:267 265 156 59 49
rect:130 118 84 154 50
ImperialValley1979_03.jpg 0x0
rect:117 341 98 193 50
rect:91 467 218 53 92
rect:204 184 263 165 32
rect:138 265 266 25 92
rect:177 327 88 123 50
rect:394 351 65 164 50
rect:93 291 283 139 32
Izmit1999_01.jpg 0x0
rect:171 88 30 163 27
rect:222 87 315 271 34
rect:162 210 32 77 27
rect:314 76 42 153 27
rect:442 351 40 80 26
Izmit1999_02.jpg 0x0
rect:25 85 821 293 10
Izmit1999_03.jpg 0x0
rect:166 65 231 352 32
rect:165 38 490 377 93
rect:301 125 26 213 50
rect:455 108 35 283 50
rect:355 74 47 300 50
rect:291 151 46 165 50
rect:130 197 481 33 92
rect:216 68 74 276 50
Izmit1999_04.jpg 0x0
rect:521 464 23 77 40
rect:137 462 275 159 88
rect:410 49 95 98 48
rect:40 461 53 41 34
rect:42 500 63 84 41
rect:66 519 35 87 42
rect:120 294 121 85 88
rect:302 385 26 65 40
rect:393 390 95 65 41
rect:277 63 101 66 41
Izmit1999_05.jpg 0x0
rect:123 32 509 366 10
Izmit1999_06.jpg 0x0
rect:127 280 192 92 49
rect:169 186 207 318 32
rect:251 181 56 199 50
rect:201 365 30 110 50
rect:76 235 54 213 50
rect:155 283 72 228 50
Izmit1999_07.jpg 0x0
rect:406 52 108 46 6
rect:27 113 324 615 2
rect:472 166 67 91 3
rect:351 290 96 392 4
rect:225 187 53 113 3
rect:183 234 41 140 3
rect:365 200 48 96 3
Izmit1999_08.jpg 0x0
rect:154 32 82 114 34
rect:523 111 64 26 52
rect:112 533 88 88 45
rect:155 248 145 146 88
rect:165 88 110 89 41
rect:371 7 73 57 45
rect:418 71 97 100 41
Izmit1999_09.jpg 0x0
rect:280 171 45 35 41
rect:706 328 73 67 41
rect:64 141 35 44 41
rect:717 222 57 98 94
rect:324 314 80 112 41
rect:373 288 125 104 94
Izmit1999_10.jpg 0x0
rect:210 145 48 113 40
rect:58 131 75 173 40
rect:350 634 53 28 78
rect:110 434 353 62 78
rect:278 115 129 133 40
rect:191 170 110 255 40
rect:218 476 84 147 40
rect:130 319 113 44 78
rect:101 101 370 629 41
rect:282 559 49 105 40
rect:53 179 363 44 78
Izmit1999_11.jpg 0x0
rect:333 224 98 164 40
rect:239 591 101 149 41
rect:290 234 77 131 40
rect:156 210 115 169 41
rect:188 251 82 135 40
Izmit1999_12.jpg 0x0
rect:345 270 123 150 94
rect:1 178 40 28 41
rect:89 311 21 63 40
rect:357 33 101 75 34
rect:488 171 57 54 41
rect:186 167 80 64 88
rect:14 61 53 18 6
rect:105 78 41 22 6
rect:369 354 74 149 41
rect:353 232 45 21 6
rect:503 63 53 113 41
rect:230 400 68 124 52
rect:395 130 55 109 42
rect:45 332 61 65 94
rect:75 341 70 44 52
rect:364 211 228 262 91
rect:352 105 56 70 45
rect:390 158 83 56 7
Izmit1999_13.jpg 0x0
rect:160 187 71 54 52
rect:5 57 91 171 42
rect:162 269 52 64 41
rect:225 59 144 279 48
rect:256 87 75 116 41
rect:108 248 23 96 41
rect:95 226 93 120 94
rect:121 104 41 40 6
rect:271 223 73 245 41
Izmit1999_14.jpg 0x0
rect:51 134 91 60 34
rect:356 211 104 95 35
rect:314 264 53 31 34
rect:341 297 27 25 34
rect:321 91 97 76 34
rect:348 395 74 39 34
rect:543 303 66 40 34
rect:491 58 45 60 95
rect:525 8 145 84 35
Izmit1999_15.jpg 0x0
rect:183 191 247 329 42
Izmit1999_16.jpg 0x0
rect:191 85 41 117 40
rect:182 124 213 139 41
rect:92 50 427 628 33
rect:130 50 323 290 39
Izmit1999_17.jpg 0x0
rect:89 118 222 197 41
Izmit1999_18.jpg 0x0
rect:239 217 145 135 41
rect:169 189 113 285 39
Izmit1999_19.jpg 0x0
rect:165 146 250 236 32
rect:322 87 222 255 96
rect:447 106 38 117 50
rect:566 198 21 65 50
Kobe1995_01.jpg 0x0
rect:20 115 914 198 63
Kobe1995_02.jpg 0x0
rect:2 61 504 640 68
Kobe1995_03.jpg 0x0
rect:28 58 401 528 10
Kobe1995_04.jpg 0x0
rect:341 312 71 64 41
Kobe1995_05.jpg 0x0
rect:112 416 328 117 78
rect:257 130 204 408 40
rect:159 147 227 644 52
rect:4 147 172 440 40
rect:43 249 499 71 78
Kobe1995_06.jpg 0x0
rect:227 311 225 362 42
rect:69 112 365 552 41
Kobe1995_07.jpg 0x0
rect:208 157 42 32 39
rect:97 353 40 30 39
rect:161 372 50 37 39
rect:334 284 31 42 39
rect:53 258 49 44 39
rect:120 393 25 28 39
rect:222 174 37 41 39
rect:149 487 34 39 39
rect:369 153 38 40 39
rect:283 320 22 38 39
rect:294 334 47 49 39
rect:267 149 54 29 39
rect:45 393 39 34 39
rect:276 170 38 49 39
rect:385 298 46 41 39
rect:487 230 43 60 39
rect:428 414 40 28 39
rect:289 213 44 25 39
rect:286 472 28 37 39
rect:156 205 45 47 39
rect:295 174 42 36 39
rect:306 231 44 19 39
rect:327 390 54 46 39
rect:235 87 21 26 39
rect:101 258 35 54 39
rect:189 388 36 31 39
Kobe1995_08.jpg 0x0
rect:204 49 485 203 97
Kobe1995_09.jpg 0x0
rect:96 732 69 47 88
rect:138 575 191 57 97
rect:79 363 97 57 88
rect:110 618 60 115 88
SanSalvador_1986_01.jpg 0x0
rect:313 111 142 220 41
rect:85 3 142 232 68
SanSalvador_1986_02.jpg 0x0
rect:615 162 34 45 41
rect:348 180 17 25 41
rect:470 303 34 45 41
rect:219 197 30 40 41
rect:398 180 55 34 41
rect:194 141 24 31 41
rect:132 192 31 42 41
rect:265 320 29 34 41
rect:515 148 30 40 42
SikkimIndia2001_01.jpg 0x0
rect:227 196 152 92 34
SikkimIndia2001_02.jpg 0x0
rect:-17 2 397 105 33
rect:382 139 77 50 16
rect:10 7 346 64 16
rect:442 213 104 21 16
rect:9 144 60 41 54
rect:386 125 120 197 33
rect:219 225 78 37 16
rect:125 54 251 335 33
SikkimIndia2001_03.jpg 0x0
rect:218 88 57 261 69
rect:264 203 68 218 70
rect:249 9 160 513 98
SikkimIndia2001_04.jpg 0x0
rect:443 186 216 108 99
rect:211 187 113 161 34
rect:3 31 345 335 99
SumatraInd2009_01.jpg 0x0
rect:257 20 64 282 81
SumatraInd2009_02.jpg 0x0
rect:183 79 170 146 41
WhittierNarrows1987_01.jpg 0x0
rect:15 24 709 300 10
WhittierNarrows1987_02.jpg 0x0
rect:164 251 83 324 41
WhittierNarrows1987_03.jpg 0x0
rect:359 157 117 246 32
WhittierNarrows1987_04.jpg 0x0
rect:283 14 290 160 100
rect:275 8 342 94 6
rect:230 57 93 262 41
YogyakartaInd2006_01.jpg 0x0
rect:269 42 312 185 32
rect:134 -27 357 370 29
rect:328 104 338 78 49
YogyakartaInd2006_02.jpg 0x0
rect:327 62 101 470 98
rect:415 95 96 222 70
rect:348 93 43 177 69
