Anchorage1964_01.jpg 0x0
rect:79 379 239 247 1
rect:87 9 272 184 1
Anchorage1964_02.jpg 0x0
rect:455 232 26 49 3
rect:270 356 23 68 3
rect:196 183 336 116 2
rect:478 68 134 97 8
rect:187 166 58 47 7
rect:68 260 25 27 6
rect:422 267 108 71 4
rect:450 221 19 52 3
rect:237 220 30 69 3
rect:213 81 109 87 4
rect:219 239 24 49 3
rect:406 315 21 60 3
rect:100 202 49 17 6
rect:37 25 157 34 5
rect:637 285 13 44 3
rect:28 154 166 42 5
rect:252 34 278 70 4
rect:222 271 33 55 3
rect:57 48 64 13 6
Anchorage1964_03.jpg 0x0
rect:0 279 609 82 10
rect:2 177 228 81 9
rect:321 102 490 264 9
Anchorage1964_04.jpg 0x0
rect:359 275 14 25 1
rect:219 105 37 17 5
rect:313 334 23 20 5
rect:368 463 24 38 1
rect:339 222 21 27 1
rect:217 486 29 17 5
rect:240 372 11 20 1
rect:240 131 19 19 5
rect:300 148 19 33 1
rect:137 155 25 19 5
rect:361 278 13 21 1
rect:286 457 8 1 1
rect:401 434 22 17 5
rect:246 322 31 14 5
rect:252 236 20 19 8
rect:126 251 21 13 5
rect:144 74 34 16 5
rect:450 198 33 16 5
rect:424 101 31 14 5
rect:141 548 32 20 5
rect:139 193 35 21 5
rect:388 393 39 18 5
rect:453 132 35 20 5
rect:364 286 34 18 5
rect:278 40 34 23 5
rect:221 18 23 14 5
rect:196 363 34 13 5
rect:213 526 17 28 1
rect:259 498 59 12 2
rect:322 248 23 32 1
rect:168 150 37 28 5
rect:190 145 17 27 1
rect:410 315 34 14 5
rect:357 328 16 25 1
rect:282 246 18 34 1
rect:404 476 38 21 5
rect:163 42 26 14 5
rect:124 468 25 19 5
rect:360 84 29 20 5
Anchorage1964_05.jpg 0x0
rect:370 212 125 52 2
rect:678 315 43 22 6
rect:640 28 39 46 1
rect:406 1 51 41 1
rect:539 263 63 82 8
rect:241 52 78 36 6
rect:410 209 46 28 11
rect:128 26 28 41 1
rect:602 397 58 38 5
rect:455 106 47 71 1
rect:91 273 21 40 1
rect:426 135 39 51 1
rect:116 206 19 62 1
rect:135 48 110 34 5
rect:376 174 21 27 11
rect:338 377 61 65 1
rect:201 181 160 44 6
rect:46 54 18 58 1
rect:122 102 15 63 1
rect:79 133 17 38 1
rect:43 301 19 28 1
rect:452 279 44 45 5
rect:550 316 58 14 6
rect:659 241 46 47 1
rect:693 306 38 50 8
rect:180 203 87 20 5
rect:32 442 20 38 1
rect:566 86 41 56 1
rect:55 293 21 50 1
Anchorage1964_06.jpg 0x0
rect:204 131 85 315 3
rect:143 199 91 69 11
rect:85 102 205 360 12
Anchorage1964_07.jpg 0x0
rect:364 263 91 84 11
rect:9 77 682 368 2
rect:300 103 65 99 13
rect:234 2 83 64 2
rect:6 434 394 36 14
rect:352 156 51 108 3
rect:219 133 113 120 11
rect:16 167 343 28 11
rect:388 258 458 172 2
Anchorage1964_08.jpg 0x0
rect:384 540 134 153 1
rect:412 39 121 117 1
rect:45 548 95 125 1
rect:45 377 82 80 1
rect:329 338 115 135 1
rect:36 79 94 142 1
Anchorage1964_09.jpg 0x0
rect:417 7 249 13 15
rect:16 134 108 25 15
rect:695 189 83 77 8
rect:694 24 90 67 8
rect:358 175 81 45 1
rect:522 120 104 20 15
rect:567 10 73 14 16
rect:564 186 1 1 16
rect:621 149 87 57 1
rect:128 315 74 80 8
rect:16 15 60 12 16
rect:189 179 252 9 15
rect:449 184 73 72 1
rect:114 216 92 92 1
rect:355 86 114 21 15
rect:119 36 95 99 8
rect:15 18 452 13 15
rect:19 184 19 7 16
rect:63 108 44 8 16
Anchorage1964_10.jpg 0x0
rect:205 348 73 157 17
rect:87 414 290 154 18
rect:117 230 211 72 18
rect:73 252 348 305 1
Anchorage1964_11.jpg 0x0
rect:128 70 194 80 4
rect:778 87 159 99 1
rect:98 207 575 68 2
rect:212 155 262 27 11
rect:510 7 134 51 1
rect:181 185 343 21 15
rect:84 565 461 11 14
rect:84 431 543 14 14
Anchorage1964_12.jpg 0x0
rect:331 74 51 186 3
rect:339 99 46 211 3
rect:168 239 30 125 3
rect:15 80 483 251 2
rect:294 63 189 206 11
Anchorage1964_13.jpg 0x0
rect:377 459 27 215 20
rect:389 424 164 19 2
rect:361 638 143 15 19
Anchorage1964_14.jpg 0x0
rect:208 378 53 103 21
rect:51 429 55 88 22
rect:244 15 58 285 11
rect:103 589 39 79 22
rect:57 274 101 43 15
rect:429 792 211 84 23
rect:246 15 112 559 20
rect:534 5 58 152 11
rect:10 403 171 72 11
rect:123 516 55 48 22
rect:16 630 37 68 22
rect:428 232 142 68 15
Anchorage1964_15.jpg 0x0
rect:171 83 68 487 20
rect:371 194 118 56 11
rect:216 152 32 89 11
rect:350 9 98 60 4
rect:331 270 123 37 24
rect:194 233 163 40 15
rect:221 128 47 97 25
rect:398 9 121 78 4
rect:248 321 244 75 2
Anchorage1964_16.jpg 0x0
rect:13 111 142 215 2
rect:74 239 88 141 11
rect:181 213 234 163 11
rect:556 248 166 174 2
rect:150 88 232 90 2
rect:15 434 80 95 2
Anchorage1964_17.jpg 0x0
rect:254 38 278 210 9
rect:11 159 773 201 10
rect:15 100 246 156 9
Anchorage1964_18.jpg 0x0
rect:346 252 103 21 2
rect:353 205 115 97 4
rect:353 235 28 15 2
rect:342 239 42 49 11
rect:548 217 45 18 2
rect:175 165 60 110 4
rect:542 183 75 84 4
rect:436 344 227 23 15
rect:150 380 102 41 11
rect:153 330 19 53 11
Anchorage1964_19.jpg 0x0
rect:500 144 49 27 28
rect:313 81 50 103 29
rect:788 152 8 14 26
rect:576 182 13 24 26
rect:450 140 26 72 29
rect:288 99 48 47 26
rect:356 245 25 39 28
rect:567 225 14 29 26
rect:216 109 29 40 27
rect:508 87 40 83 29
rect:328 185 20 38 26
rect:305 138 37 31 26
rect:6 320 79 110 26
rect:545 126 8 7 26
rect:361 217 43 56 26
rect:34 360 24 121 27
rect:319 100 8 15 26
rect:457 101 14 41 26
Anchorage1964_20.jpg 0x0
rect:492 371 36 83 26
rect:244 97 81 43 27
rect:249 574 93 142 26
rect:145 68 135 170 29
rect:174 64 129 65 26
Anchorage1964_21.jpg 0x0
rect:164 204 590 202 30
rect:-6 95 84 138 29
rect:64 304 30 44 26
rect:2 117 51 30 26
Bingol2003_01.jpg 0x0
rect:485 219 70 45 6
rect:400 332 59 153 32
rect:294 135 87 85 33
rect:287 384 112 93 6
rect:626 307 146 183 31
rect:683 406 207 82 6
rect:578 111 186 196 31
rect:152 243 59 78 33
rect:2 403 870 279 10
rect:669 101 82 70 6
rect:260 73 63 19 6
rect:445 283 41 57 34
rect:709 253 84 90 33
rect:614 369 72 63 33
rect:532 94 87 62 6
rect:32 215 84 50 33
rect:504 237 33 40 6
rect:551 366 83 39 33
rect:599 145 47 139 34
Bingol2003_02.jpg 0x0
rect:394 279 61 61 6
rect:284 246 517 361 31
rect:423 249 550 170 35
rect:931 60 148 90 36
rect:140 88 540 119 34
rect:216 235 95 452 32
rect:519 238 81 85 26
rect:91 421 150 287 32
Bingol2003_03.jpg 0x0
rect:863 605 221 462 2
rect:371 158 281 91 11
rect:455 180 489 201 2
rect:827 298 311 622 4
rect:119 44 128 125 33
rect:87 21 177 28 2
rect:625 -8 329 227 4
Bingol2003_04.jpg 0x0
rect:142 669 32 89 3
rect:283 374 29 137 3
rect:111 356 266 146 2
rect:345 753 98 95 2
rect:121 802 28 74 3
rect:93 780 88 78 2
rect:312 210 208 123 4
rect:67 576 21 57 3
CanterburyNZSeries2010_01.jpg 0x0
rect:123 149 149 223 12
CanterburyNZSeries2010_02.jpg 0x0
rect:46 38 190 277 6
rect:46 11 226 326 37
CanterburyNZSeries2010_03.jpg 0x0
rect:40 71 400 95 38
CanterburyNZSeries2010_04.jpg 0x0
rect:160 206 161 232 39
rect:203 423 122 196 41
rect:441 366 57 139 40
rect:292 349 18 65 40
rect:175 10 75 232 42
rect:255 402 32 155 40
rect:349 307 17 35 40
rect:223 344 22 77 40
CanterburyNZSeries2010_05.jpg 0x0
rect:379 167 185 139 15
rect:308 446 202 294 4
CanterburyNZSeries2010_06.jpg 0x0
rect:180 189 242 102 2
rect:60 101 761 430 4
CanterburyNZSeries2010_08.jpg 0x0
rect:754 680 23 171 32
rect:634 326 79 162 44
rect:509 140 121 297 43
rect:1142 678 83 115 44
CanterburyNZSeries2010_09.jpg 0x0
rect:251 308 174 394 39
rect:283 131 199 236 45
CanterburyNZSeries2010_10.jpg 0x0
rect:310 278 238 73 46
rect:292 427 280 108 6
rect:213 287 387 232 6
rect:352 176 316 116 7
CanterburyNZSeries2010_11.jpg 0x0
rect:258 175 275 165 7
rect:308 396 255 178 5
CanterburyNZSeries2010_12.jpg 0x0
rect:159 493 179 60 11
rect:40 366 706 261 2
rect:5 330 1253 527 47
rect:657 604 128 66 11
CanterburyNZSeries2010_13.jpg 0x0
rect:186 17 429 715 12
rect:424 156 132 493 11
Caracas1967_01.jpg 0x0
rect:454 72 222 254 48
rect:306 213 50 97 48
rect:229 154 11 83 48
rect:325 132 69 81 48
Caracas1967_02.jpg 0x0
rect:96 483 44 48 49
rect:322 1 103 205 15
rect:123 425 29 45 50
rect:172 165 249 201 51
Caracas1967_03.jpg 0x0
rect:207 373 53 81 26
rect:351 348 23 64 27
rect:18 365 259 69 6
rect:311 243 83 185 34
rect:300 327 36 87 27
rect:316 87 78 98 14
Caracas1967_04.jpg 0x0
rect:109 384 166 178 34
rect:105 299 48 124 26
rect:170 313 23 110 27
Caracas1967_05.jpg 0x0
rect:362 304 41 204 40
rect:83 310 260 131 52
rect:170 446 42 266 40
rect:217 347 57 207 40
rect:188 244 192 153 52
rect:76 325 80 180 40
rect:260 185 41 210 40
rect:166 269 51 227 40
rect:25 69 356 674 48
rect:47 164 419 604 41
Caracas1967_06.jpg 0x0
rect:376 98 214 239 7
rect:314 352 102 40 6
Caracas1967_07.jpg 0x0
rect:585 360 130 74 53
rect:214 154 195 220 34
rect:177 106 36 202 27
rect:498 248 95 131 53
rect:415 6 117 297 34
rect:299 232 176 348 34
rect:436 58 22 304 27
Caracas1967_08.jpg 0x0
rect:280 174 80 151 54
rect:179 335 66 139 54
rect:220 331 56 89 55
Caracas1967_09.jpg 0x0
rect:320 14 294 196 48
rect:169 135 109 98 48
rect:60 163 51 86 48
rect:29 209 48 67 48
Caracas1967_10.jpg 0x0
rect:342 227 89 226 40
rect:409 272 116 180 40
rect:15 224 579 503 48
rect:40 222 291 441 41
Caracas1967_11.jpg 0x0
rect:314 11 190 237 41
rect:45 15 377 957 48
rect:62 315 311 587 41
Caracas1967_12.jpg 0x0
rect:281 309 32 34 56
rect:557 299 30 52 32
rect:753 439 28 73 32
rect:579 234 37 32 34
Caracas1967_13.jpg 0x0
rect:156 340 96 232 55
Caracas1967_14.jpg 0x0
rect:105 276 193 53 6
rect:89 149 792 218 57
Chichi1999_01.jpg 0x0
rect:342 139 67 152 42
rect:4 7 723 115 58
Chichi1999_02.jpg 0x0
rect:5 109 468 114 58
rect:388 143 137 455 59
Chichi1999_03.jpg 0x0
rect:0 124 851 204 58
rect:60 143 70 122 60
Chichi1999_04.jpg 0x0
rect:224 -19 64 92 48
rect:190 217 39 74 52
rect:262 217 76 340 48
Chichi1999_05.jpg 0x0
rect:260 130 51 39 41
rect:293 165 44 79 52
rect:457 112 106 206 48
rect:362 228 31 44 41
Chichi1999_06.jpg 0x0
rect:563 184 38 68 41
rect:437 -15 63 73 61
rect:389 216 46 103 48
rect:240 104 58 73 62
rect:145 18 470 152 10
rect:416 209 27 31 52
Chichi1999_07.jpg 0x0
rect:470 201 50 86 48
rect:152 185 63 114 48
rect:64 253 481 173 63
rect:606 232 14 21 64
rect:713 267 62 121 48
rect:132 203 30 38 64
rect:320 302 25 27 64
Chichi1999_08.jpg 0x0
rect:128 14 566 576 10
Chichi1999_09.jpg 0x0
rect:208 80 59 99 40
rect:239 77 121 78 41
rect:179 66 187 128 48
rect:210 109 42 67 40
Chichi1999_10.jpg 0x0
rect:219 22 659 499 10
Chichi1999_11.jpg 0x0
rect:175 181 80 90 65
rect:2 127 215 531 10
Chichi1999_12.jpg 0x0
rect:11 33 402 592 66
Chichi1999_13.jpg 0x0
rect:37 51 479 502 10
Chichi1999_14.jpg 0x0
rect:146 448 26 57 67
rect:317 582 33 36 39
rect:309 494 29 24 39
rect:339 405 95 84 67
rect:63 427 54 36 67
rect:265 355 26 49 39
rect:177 299 17 45 67
rect:92 260 61 47 67
rect:129 209 89 49 67
rect:81 378 42 46 67
rect:285 651 18 34 39
rect:169 221 41 48 67
rect:118 647 32 43 67
rect:124 288 40 49 67
rect:162 564 21 41 67
rect:149 414 40 61 67
rect:278 368 38 41 67
Chichi1999_15.jpg 0x0
rect:240 31 307 577 41
Chichi1999_16.jpg 0x0
rect:225 114 49 166 32
Chichi1999_17.jpg 0x0
rect:144 295 26 55 32
Chichi1999_18.jpg 0x0
rect:311 297 51 89 70
rect:124 233 46 119 69
rect:213 232 131 346 68
rect:196 312 27 132 69
rect:320 177 23 142 69
rect:198 388 41 175 69
Chichi1999_19.jpg 0x0
rect:255 17 194 508 2
rect:232 129 188 316 3
YogyakartaInd2006_03.jpg 0x0
rect:210 368 217 182 71
rect:281 104 81 39 15
rect:231 109 22 9 16
rect:329 83 101 73 15
rect:296 299 245 28 15
rect:347 294 69 31 16
rect:245 33 120 2 15
rect:281 103 103 45 16
Chichi1999_20.jpg 0x0
rect:316 497 57 190 41
rect:161 264 117 431 42
Chichi1999_21.jpg 0x0
rect:247 224 125 199 37
rect:79 474 154 98 5
rect:414 42 193 206 37
rect:13 4 229 195 30
rect:229 92 264 251 72
rect:341 126 199 108 6
rect:318 7 93 89 57
rect:316 347 116 163 6
Chichi1999_22.jpg 0x0
rect:179 243 14 20 73
rect:389 233 18 20 73
rect:261 167 15 16 73
rect:288 209 265 141 10
Chichi1999_23.jpg 0x0
rect:311 133 34 35 26
rect:88 377 34 94 34
rect:253 355 85 137 73
rect:255 129 30 45 73
rect:133 136 56 44 73
rect:250 299 31 95 34
rect:229 164 33 27 27
rect:192 149 31 26 34
rect:132 295 42 110 73
rect:4 50 455 191 74
Chichi1999_24.jpg 0x0
rect:120 179 123 115 75
rect:228 172 35 62 46
rect:3 303 269 142 74
rect:309 378 1 2 46
rect:166 350 86 36 34
Chichi1999_25.jpg 0x0
rect:121 202 217 313 73
rect:263 242 55 64 26
rect:135 231 97 215 34
Chichi1999_26.jpg 0x0
rect:104 425 141 160 73
rect:323 15 47 34 73
rect:262 292 138 513 76
rect:158 618 94 71 26
rect:133 716 138 139 27
rect:173 147 42 89 73
Chichi1999_27.jpg 0x0
rect:150 200 108 300 32
Chichi1999_28.jpg 0x0
rect:241 175 159 157 75
rect:335 285 260 125 77
rect:14 81 209 104 6
rect:106 121 172 279 5
Chichi1999_29.jpg 0x0
rect:97 155 134 303 48
rect:254 255 120 126 40
rect:156 245 70 137 52
Chichi1999_30.jpg 0x0
rect:259 177 141 77 52
rect:137 258 146 73 78
rect:39 201 102 134 73
rect:159 104 248 213 40
Chichi1999_31.jpg 0x0
rect:201 78 163 374 79
rect:358 104 63 223 48
Chichi1999_32.jpg 0x0
rect:174 208 36 152 81
rect:584 104 44 176 39
rect:246 71 46 134 81
rect:186 7 104 480 80
Chichi1999_33.jpg 0x0
rect:304 142 41 90 49
rect:192 66 90 242 32
rect:119 129 68 220 32
rect:198 109 80 180 56
rect:150 169 48 153 49
rect:88 66 111 368 33
Chichi1999_34.jpg 0x0
rect:116 110 490 293 10
Duzce1999_01.jpg 0x0
rect:104 102 74 96 41
rect:109 49 95 337 39
Duzce1999_02.jpg 0x0
rect:95 70 102 371 41
Duzce1999_03.jpg 0x0
rect:0 177 123 258 31
rect:131 82 96 228 42
rect:199 117 113 350 31
Gediz1970_01.jpg 0x0
rect:304 333 94 223 69
rect:146 420 107 282 69
rect:86 84 221 575 68
Guatemala1976_01.jpg 0x0
rect:43 141 111 99 48
rect:43 220 33 53 41
rect:614 203 72 99 41
rect:28 141 556 191 82
rect:586 135 108 143 48
rect:57 209 57 54 52
Guatemala1976_02.jpg 0x0
rect:189 70 238 182 48
rect:311 76 79 108 40
Guatemala1976_03.jpg 0x0
rect:14 90 917 248 75
Guatemala1976_04.jpg 0x0
rect:175 19 259 74 30
rect:405 319 98 249 4
rect:51 62 634 178 30
rect:606 152 92 337 4
Guatemala1976_05.jpg 0x0
rect:251 141 396 111 41
rect:118 148 264 219 40
rect:198 97 272 414 48
Guatemala1976_06.jpg 0x0
rect:89 134 284 309 39
Guatemala1976_07.jpg 0x0
rect:213 658 153 98 83
rect:19 309 62 44 6
rect:18 263 555 343 10
Guatemala1976_08.jpg 0x0
rect:365 54 149 385 40
rect:151 40 350 299 48
rect:142 76 466 462 41
Guatemala1976_09.jpg 0x0
rect:440 328 65 51 84
rect:467 239 65 72 84
rect:65 371 39 23 84
rect:254 351 64 41 85
rect:190 375 47 34 84
rect:676 205 49 38 85
rect:211 179 45 47 85
rect:122 253 38 23 85
Guatemala1976_10.jpg 0x0
rect:182 150 244 214 87
rect:325 413 44 128 87
rect:169 137 186 218 86
Guatemala1976_11.jpg 0x0
rect:215 211 104 224 34
GujaratIndia2001_01.jpg 0x0
rect:41 481 236 120 4
rect:272 379 69 47 11
rect:211 383 234 68 2
rect:75 446 71 43 2
Haiti2010_01.jpg 0x0
rect:287 158 151 288 41
rect:381 530 244 233 4
rect:432 218 124 116 4
rect:111 60 101 129 7
rect:325 340 27 137 40
Haiti2010_02.jpg 0x0
rect:59 100 511 242 88
rect:363 31 156 66 14
Haiti2010_03.jpg 0x0
rect:283 375 259 145 32
rect:259 575 218 171 89
rect:330 1 80 780 32
rect:240 645 64 61 49
Haiti2010_04.jpg 0x0
rect:294 34 249 352 34
rect:121 287 319 588 41
rect:2 157 339 162 6
Haiti2010_05.jpg 0x0
rect:199 212 210 349 90
rect:210 270 152 147 52
rect:238 209 40 93 40
rect:224 309 37 103 40
Haiti2010_06.jpg 0x0
rect:378 116 172 450 33
rect:406 181 93 44 6
rect:272 297 35 58 34
rect:201 191 284 341 91
rect:555 286 78 211 32
rect:652 215 65 99 34
rect:646 200 649 779 91
ImperialValley1979_01.jpg 0x0
rect:410 377 39 44 32
rect:491 282 49 34 32
rect:16 474 93 92 49
rect:415 367 18 15 49
rect:443 427 19 25 49
rect:12 278 178 146 32
rect:370 286 28 30 32
rect:310 367 37 29 50
rect:74 388 100 85 50
rect:459 309 44 27 49
rect:408 333 40 49 50
ImperialValley1979_02.jpg 0x0
rect:201 102 90 140 50
rect:371 137 88 179 50
rect:178 91 235 261 32
rect:120 249 334 56 92
rect:312 177 147 36 49
rect:296 198 58 176 50
ImperialValley1979_03.jpg 0x0
rect:162 216 258 146 32
rect:290 194 47 178 50
rect:122 430 357 54 92
rect:246 366 68 147 50
rect:76 475 331 40 92
rect:122 270 84 253 50
rect:143 223 209 134 32
Izmit1999_01.jpg 0x0
rect:156 51 316 266 34
rect:259 248 46 98 27
rect:208 106 50 168 27
rect:188 149 34 122 27
rect:605 250 74 76 26
Izmit1999_02.jpg 0x0
rect:34 108 691 346 10
Izmit1999_03.jpg 0x0
rect:141 175 379 37 92
rect:308 151 29 179 50
rect:155 118 55 211 50
rect:388 75 33 162 50
rect:418 71 32 253 50
rect:196 54 267 359 93
rect:260 54 312 455 32
rect:460 106 45 253 50
Izmit1999_04.jpg 0x0
rect:315 307 96 60 41
rect:439 404 24 76 40
rect:371 59 61 73 41
rect:293 361 20 51 40
rect:44 600 55 78 41
rect:146 223 185 78 88
rect:70 619 32 88 42
rect:402 70 96 112 48
rect:45 390 86 74 34
rect:119 531 198 158 88
Izmit1999_05.jpg 0x0
rect:101 32 671 326 10
Izmit1999_06.jpg 0x0
rect:218 301 39 118 50
rect:167 210 151 451 32
rect:117 244 62 154 50
rect:206 226 196 61 49
rect:292 186 40 194 50
rect:116 226 88 169 50
Izmit1999_07.jpg 0x0
rect:204 323 33 172 3
rect:259 129 75 105 3
rect:202 240 67 94 3
rect:287 50 148 45 6
rect:16 105 519 430 2
rect:306 321 91 359 4
rect:200 211 32 135 3
Izmit1999_08.jpg 0x0
rect:608 6 80 73 45
rect:451 85 55 32 52
rect:265 172 187 101 88
rect:161 27 117 78 34
rect:139 125 83 87 41
rect:141 377 94 97 45
rect:510 75 65 86 41
Izmit1999_09.jpg 0x0
rect:326 211 75 103 94
rect:324 265 69 86 41
rect:747 283 47 87 94
rect:521 224 65 76 41
rect:261 240 54 40 41
rect:46 245 42 42 41
Izmit1999_10.jpg 0x0
rect:243 144 151 173 40
rect:162 192 80 274 40
rect:241 421 93 102 40
rect:101 105 260 479 41
rect:271 566 53 101 40
rect:55 155 76 239 40
rect:238 516 101 42 78
rect:286 144 59 149 40
rect:286 436 61 24 78
rect:45 220 340 59 78
rect:128 308 263 61 78
Izmit1999_11.jpg 0x0
rect:159 210 75 131 40
rect:248 433 118 102 41
rect:239 340 98 208 40
rect:159 154 90 164 40
rect:152 245 107 228 41
Izmit1999_12.jpg 0x0
rect:457 81 37 112 41
rect:292 305 90 106 41
rect:56 216 50 78 52
rect:121 82 32 31 6
rect:542 19 110 75 34
rect:45 179 57 66 94
rect:401 369 105 160 94
rect:583 220 198 184 91
rect:400 216 61 108 52
rect:338 118 41 90 45
rect:370 160 51 58 7
rect:103 345 27 49 40
rect:373 157 60 83 41
rect:208 198 56 34 6
rect:126 191 87 85 88
rect:18 60 57 24 6
rect:1 267 37 40 41
rect:304 165 48 118 42
Izmit1999_13.jpg 0x0
rect:381 220 74 286 41
rect:109 262 87 125 94
rect:277 112 86 106 41
rect:103 94 41 48 6
rect:245 325 53 93 41
rect:5 60 82 166 42
rect:200 100 187 283 48
rect:200 204 56 76 52
rect:118 237 33 94 41
Izmit1999_14.jpg 0x0
rect:278 47 71 46 95
rect:428 6 125 68 35
rect:360 96 99 87 34
rect:447 294 68 43 34
rect:362 135 95 92 35
rect:383 196 77 55 34
rect:313 343 46 18 34
rect:183 260 50 35 34
rect:58 135 73 47 34
Izmit1999_15.jpg 0x0
rect:174 163 173 453 42
Izmit1999_16.jpg 0x0
rect:77 65 448 394 33
rect:231 85 46 140 40
rect:154 104 187 166 41
rect:130 77 264 231 39
Izmit1999_17.jpg 0x0
rect:73 163 163 232 41
Izmit1999_18.jpg 0x0
rect:174 175 161 177 41
rect:140 154 106 203 39
Izmit1999_19.jpg 0x0
rect:321 121 26 65 50
rect:199 108 259 228 96
rect:244 119 329 191 32
rect:303 153 20 95 50
Kobe1995_01.jpg 0x0
rect:26 164 1003 178 63
Kobe1995_02.jpg 0x0
rect:2 51 663 734 68
Kobe1995_03.jpg 0x0
rect:31 54 571 565 10
Kobe1995_04.jpg 0x0
rect:244 299 46 58 41
Kobe1995_05.jpg 0x0
rect:263 153 170 320 40
rect:171 187 224 460 52
rect:39 335 449 73 78
rect:84 447 245 152 78
rect:3 167 163 486 40
Kobe1995_06.jpg 0x0
rect:187 481 220 350 42
rect:47 105 296 473 41
Kobe1995_07.jpg 0x0
rect:91 234 31 54 39
rect:145 419 29 44 39
rect:214 180 34 57 39
rect:433 355 44 28 39
rect:84 397 45 35 39
rect:333 474 30 43 39
rect:206 317 35 39 39
rect:200 279 40 62 39
rect:311 152 23 29 39
rect:257 510 22 31 39
rect:165 381 25 35 39
rect:208 380 48 47 39
rect:354 408 28 46 39
rect:411 198 30 45 39
rect:446 447 57 54 39
rect:481 514 36 37 39
rect:335 389 43 26 39
rect:53 409 38 22 39
rect:474 180 42 34 39
rect:382 257 29 23 39
rect:227 87 44 38 39
rect:367 233 41 39 39
rect:249 154 29 50 39
rect:141 202 40 31 39
rect:119 211 51 57 39
rect:57 234 43 35 39
Kobe1995_08.jpg 0x0
rect:208 59 494 268 97
Kobe1995_09.jpg 0x0
rect:98 649 95 78 88
rect:213 437 258 74 97
rect:121 600 82 77 88
rect:78 707 75 110 88
SanSalvador_1986_01.jpg 0x0
rect:282 206 108 240 41
rect:79 3 85 269 68
SanSalvador_1986_02.jpg 0x0
rect:150 142 26 30 41
rect:432 299 51 51 41
rect:240 291 25 29 41
rect:115 246 37 40 41
rect:128 299 36 51 41
rect:237 151 18 31 41
rect:582 201 49 50 42
rect:262 257 55 47 41
rect:615 155 31 51 41
SikkimIndia2001_01.jpg 0x0
rect:187 214 93 135 34
SikkimIndia2001_02.jpg 0x0
rect:-11 2 487 100 33
rect:585 302 89 17 16
rect:514 131 104 31 16
rect:139 95 176 425 33
rect:7 173 63 42 54
rect:221 230 82 44 16
rect:526 98 105 156 33
rect:7 7 378 87 16
SikkimIndia2001_03.jpg 0x0
rect:161 64 89 269 69
rect:216 174 119 172 70
rect:185 12 157 534 98
SikkimIndia2001_04.jpg 0x0
rect:294 160 258 101 99
rect:3 36 204 227 99
rect:336 157 108 148 34
SumatraInd2009_01.jpg 0x0
rect:266 28 76 247 81
SumatraInd2009_02.jpg 0x0
rect:218 98 126 192 41
WhittierNarrows1987_01.jpg 0x0
rect:13 25 1004 409 10
WhittierNarrows1987_02.jpg 0x0
rect:169 335 98 339 41
WhittierNarrows1987_03.jpg 0x0
rect:203 167 157 265 32
WhittierNarrows1987_04.jpg 0x0
rect:181 7 230 102 6
rect:273 16 322 175 100
rect:202 63 122 211 41
YogyakartaInd2006_01.jpg 0x0
rect:136 -19 305 428 29
rect:279 147 282 55 49
rect:188 37 243 249 32
YogyakartaInd2006_02.jpg 0x0
rect:449 102 54 158 70
rect:295 93 64 189 69
rect:346 58 129 531 98
