Anchorage1964_01.jpg 0x0
rect:79 311 253 232 1
rect:66 9 211 128 1
Anchorage1964_02.jpg 0x0
rect:149 264 60 20 6
rect:523 209 19 51 3
rect:74 30 113 11 6
rect:248 43 311 70 4
rect:370 230 13 50 3
rect:128 235 23 25 6
rect:588 46 112 149 8
rect:178 277 22 63 3
rect:199 285 21 71 3
rect:35 160 146 52 5
rect:139 185 59 60 7
rect:169 275 445 88 2
rect:453 320 17 59 3
rect:220 81 92 54 4
rect:350 333 31 48 3
rect:403 192 73 51 4
rect:38 28 180 46 5
rect:551 224 19 51 3
rect:218 350 29 50 3
Anchorage1964_03.jpg 0x0
rect:297 113 465 219 9
rect:2 239 247 100 9
rect:0 188 502 65 10
Anchorage1964_04.jpg 0x0
rect:414 201 41 15 5
rect:238 301 15 22 1
rect:292 252 20 28 1
rect:304 110 27 13 5
rect:393 494 32 18 5
rect:301 455 28 16 5
rect:294 369 18 19 1
rect:158 338 26 16 5
rect:249 369 17 28 1
rect:189 362 31 16 5
rect:161 41 35 13 5
rect:402 252 30 13 5
rect:217 167 35 22 5
rect:185 538 28 13 5
rect:317 56 35 20 5
rect:197 82 32 20 5
rect:113 22 29 14 5
rect:279 238 13 20 1
rect:363 182 16 26 1
rect:289 160 23 18 5
rect:356 211 29 17 5
rect:213 405 23 23 5
rect:197 339 22 25 1
rect:467 275 22 20 5
rect:275 219 16 24 1
rect:371 296 15 31 1
rect:276 294 18 19 1
rect:412 480 28 16 5
rect:124 138 36 15 5
rect:131 162 28 22 5
rect:178 248 26 22 8
rect:210 343 68 15 2
rect:375 197 25 19 5
rect:402 31 33 19 5
rect:385 450 8 1 1
rect:142 330 42 13 5
rect:187 110 29 18 5
rect:434 193 32 20 5
rect:300 123 26 29 1
Anchorage1964_05.jpg 0x0
rect:263 157 20 25 11
rect:598 96 38 44 1
rect:80 181 12 43 1
rect:412 80 42 61 1
rect:262 227 99 73 2
rect:499 294 67 72 1
rect:113 235 23 36 1
rect:47 230 26 43 1
rect:210 49 126 54 6
rect:514 262 51 78 1
rect:530 217 50 69 8
rect:469 490 58 48 8
rect:168 35 76 32 5
rect:518 200 31 58 1
rect:82 21 22 49 1
rect:56 254 25 44 1
rect:35 458 17 60 1
rect:74 56 32 36 1
rect:416 17 40 49 1
rect:492 199 56 29 11
rect:713 405 42 13 6
rect:677 269 55 23 6
rect:173 142 103 36 6
rect:92 352 20 53 1
rect:222 134 144 23 5
rect:643 203 49 43 5
rect:823 389 52 38 5
rect:68 89 15 46 1
rect:436 1 32 60 1
Anchorage1964_06.jpg 0x0
rect:104 62 259 481 12
rect:147 250 88 63 11
rect:133 166 120 252 3
Anchorage1964_07.jpg 0x0
rect:475 348 358 164 2
rect:416 148 38 90 13
rect:7 57 564 544 2
rect:19 164 338 34 11
rect:536 156 64 112 11
rect:7 369 482 23 14
rect:304 152 55 104 3
rect:342 115 190 135 11
rect:266 2 136 81 2
Anchorage1964_08.jpg 0x0
rect:57 401 113 119 1
rect:376 238 94 84 1
rect:265 661 118 153 1
rect:52 346 102 100 1
rect:54 87 145 86 1
rect:426 42 94 123 1
Anchorage1964_09.jpg 0x0
rect:194 152 220 14 15
rect:85 54 84 91 8
rect:694 256 79 59 8
rect:422 10 121 14 16
rect:535 8 206 16 15
rect:181 149 92 84 1
rect:15 21 60 13 16
rect:559 23 100 79 8
rect:14 167 78 21 15
rect:102 212 84 71 1
rect:429 163 64 71 1
rect:523 103 132 32 15
rect:637 130 94 19 15
rect:410 178 70 92 1
rect:110 356 56 82 8
rect:69 164 67 12 16
rect:698 190 1 1 16
rect:16 15 290 15 15
rect:20 114 15 10 16
Anchorage1964_10.jpg 0x0
rect:99 412 274 129 18
rect:161 199 82 135 17
rect:60 177 322 447 1
rect:161 151 235 79 18
Anchorage1964_11.jpg 0x0
rect:82 542 746 22 14
rect:111 163 484 69 2
rect:243 288 376 27 11
rect:67 566 561 13 14
rect:449 8 137 27 1
rect:155 53 145 89 4
rect:756 166 135 76 1
rect:196 220 386 24 15
Anchorage1964_12.jpg 0x0
rect:180 171 30 97 3
rect:366 107 39 176 3
rect:492 97 160 135 11
rect:12 105 762 336 2
rect:284 92 69 171 3
Anchorage1964_13.jpg 0x0
rect:267 655 135 11 19
rect:526 295 38 127 20
rect:322 609 223 23 2
Anchorage1964_14.jpg 0x0
rect:287 563 173 85 23
rect:410 210 156 45 15
rect:26 733 37 65 22
rect:32 667 58 72 22
rect:9 699 229 101 11
rect:146 11 104 540 20
rect:184 682 46 67 22
rect:382 7 84 182 11
rect:99 253 115 29 15
rect:250 14 66 287 11
rect:81 638 43 86 22
rect:176 309 81 87 21
Anchorage1964_15.jpg 0x0
rect:437 263 164 44 11
rect:248 444 174 77 2
rect:332 9 68 45 4
rect:244 80 57 457 20
rect:422 9 106 85 4
rect:289 141 35 116 25
rect:180 150 34 64 11
rect:217 245 191 48 15
rect:472 227 122 34 24
Anchorage1964_16.jpg 0x0
rect:249 100 328 142 2
rect:15 328 60 103 2
rect:105 385 63 136 11
rect:14 143 194 175 2
rect:453 248 172 139 2
rect:233 257 227 211 11
Anchorage1964_17.jpg 0x0
rect:11 118 307 162 9
rect:7 165 700 174 10
rect:260 51 191 199 9
Anchorage1964_18.jpg 0x0
rect:411 339 78 21 2
rect:584 219 72 18 2
rect:430 179 86 79 4
rect:111 319 84 53 11
rect:410 106 89 62 4
rect:644 284 31 19 2
rect:139 335 24 60 11
rect:291 319 417 20 15
rect:103 159 78 116 4
rect:263 238 29 44 11
Anchorage1964_19.jpg 0x0
rect:30 265 35 89 27
rect:458 173 44 35 28
rect:741 192 7 13 26
rect:341 121 28 59 29
rect:932 124 9 7 26
rect:306 65 60 146 29
rect:339 100 15 48 26
rect:365 99 7 16 26
rect:576 167 11 37 26
rect:343 293 37 101 26
rect:533 97 20 65 29
rect:598 259 44 35 28
rect:414 118 23 42 27
rect:251 82 72 56 26
rect:270 103 24 23 26
rect:386 324 19 39 26
rect:6 231 58 137 26
rect:493 160 12 20 26
Anchorage1964_20.jpg 0x0
rect:281 491 84 134 26
rect:190 133 55 63 27
rect:183 73 104 79 26
rect:208 90 163 163 29
rect:492 594 47 71 26
Anchorage1964_21.jpg 0x0
rect:156 131 597 206 30
rect:40 402 29 25 26
rect:-6 53 66 212 29
rect:2 108 37 32 26
Bingol2003_01.jpg 0x0
rect:512 219 55 50 6
rect:563 181 48 121 34
rect:209 119 92 27 6
rect:768 134 109 58 6
rect:410 69 191 136 31
rect:473 374 62 249 32
rect:32 258 90 77 33
rect:291 363 119 66 6
rect:907 565 72 44 33
rect:664 392 179 135 31
rect:543 500 139 91 6
rect:210 185 65 52 33
rect:740 231 79 72 6
rect:676 54 95 83 6
rect:959 243 124 87 33
rect:180 276 68 70 33
rect:2 434 1011 307 10
rect:548 322 38 65 34
rect:881 285 121 71 33
Bingol2003_02.jpg 0x0
rect:541 169 329 123 35
rect:375 354 76 74 6
rect:164 74 328 153 34
rect:1009 59 97 82 36
rect:498 290 91 96 26
rect:117 416 202 194 32
rect:183 183 98 322 32
rect:330 165 571 605 31
Bingol2003_03.jpg 0x0
rect:321 144 244 69 11
rect:74 26 160 25 2
rect:653 -8 229 267 4
rect:83 48 88 104 33
rect:887 541 260 467 2
rect:802 311 347 570 4
rect:248 166 465 139 2
Bingol2003_04.jpg 0x0
rect:258 520 151 89 2
rect:85 542 27 72 3
rect:237 532 48 118 3
rect:95 537 94 94 2
rect:191 477 39 97 3
rect:140 513 35 90 3
rect:114 535 177 241 2
rect:285 261 134 181 4
CanterburyNZSeries2010_01.jpg 0x0
rect:112 82 96 337 12
CanterburyNZSeries2010_02.jpg 0x0
rect:40 50 123 227 6
rect:48 11 158 345 37
CanterburyNZSeries2010_03.jpg 0x0
rect:34 69 253 126 38
CanterburyNZSeries2010_04.jpg 0x0
rect:203 311 28 160 40
rect:297 429 16 61 40
rect:273 416 39 57 40
rect:238 404 114 201 41
rect:336 9 102 119 42
rect:170 351 185 418 39
rect:321 279 61 114 40
rect:235 334 29 43 40
CanterburyNZSeries2010_05.jpg 0x0
rect:401 244 261 459 4
rect:219 268 97 136 15
CanterburyNZSeries2010_06.jpg 0x0
rect:60 131 642 632 4
rect:209 258 297 131 2
CanterburyNZSeries2010_08.jpg 0x0
rect:745 530 36 175 32
rect:593 98 123 286 43
rect:1028 573 67 113 44
rect:862 307 74 142 44
CanterburyNZSeries2010_09.jpg 0x0
rect:323 285 122 494 39
rect:209 123 199 234 45
CanterburyNZSeries2010_10.jpg 0x0
rect:316 382 199 96 46
rect:306 562 284 109 6
rect:247 295 295 296 6
rect:456 149 270 138 7
CanterburyNZSeries2010_11.jpg 0x0
rect:226 194 312 162 7
rect:320 351 270 211 5
CanterburyNZSeries2010_12.jpg 0x0
rect:65 389 787 403 2
rect:5 186 781 456 47
rect:218 516 183 42 11
rect:654 367 229 66 11
CanterburyNZSeries2010_13.jpg 0x0
rect:403 195 113 430 11
rect:129 18 465 575 12
Caracas1967_01.jpg 0x0
rect:336 219 37 72 48
rect:383 164 9 57 48
rect:274 133 89 94 48
rect:456 79 213 252 48
Caracas1967_02.jpg 0x0
rect:188 1 121 149 15
rect:145 295 51 46 49
rect:236 256 158 289 51
rect:151 476 49 31 50
Caracas1967_03.jpg 0x0
rect:13 424 286 96 6
rect:250 394 34 87 27
rect:349 297 35 70 27
rect:313 484 60 90 26
rect:295 399 108 185 34
rect:191 71 71 109 14
Caracas1967_04.jpg 0x0
rect:130 312 218 121 34
rect:194 379 26 77 27
rect:126 318 55 88 26
Caracas1967_05.jpg 0x0
rect:141 296 38 286 40
rect:278 236 49 183 40
rect:138 466 41 197 40
rect:31 161 334 457 41
rect:219 159 53 204 40
rect:34 110 456 766 48
rect:55 366 247 178 52
rect:49 443 58 207 40
rect:184 255 184 159 52
rect:296 314 65 168 40
Caracas1967_06.jpg 0x0
rect:418 317 65 46 6
rect:322 70 354 257 7
Caracas1967_07.jpg 0x0
rect:559 324 91 135 53
rect:604 474 108 98 53
rect:494 63 27 235 27
rect:173 126 182 166 34
rect:163 130 44 200 27
rect:371 6 82 272 34
rect:554 195 118 332 34
Caracas1967_08.jpg 0x0
rect:164 253 48 140 54
rect:238 204 84 114 55
rect:327 144 70 167 54
Caracas1967_09.jpg 0x0
rect:217 173 72 63 48
rect:482 15 186 141 48
rect:21 171 52 45 48
rect:74 281 64 82 48
Caracas1967_10.jpg 0x0
rect:398 263 92 228 40
rect:17 160 425 299 48
rect:37 260 295 409 41
rect:372 298 81 137 40
Caracas1967_11.jpg 0x0
rect:263 15 179 217 41
rect:40 231 299 467 41
rect:52 12 430 934 48
Caracas1967_12.jpg 0x0
rect:226 382 29 61 56
rect:677 272 45 41 34
rect:499 355 22 39 32
rect:739 313 26 56 32
Caracas1967_13.jpg 0x0
rect:189 350 116 309 55
Caracas1967_14.jpg 0x0
rect:145 151 694 238 57
rect:181 258 251 56 6
Chichi1999_01.jpg 0x0
rect:5 10 681 138 58
rect:371 103 48 214 42
Chichi1999_02.jpg 0x0
rect:6 114 483 177 58
rect:426 123 252 489 59
Chichi1999_03.jpg 0x0
rect:0 188 847 152 58
rect:94 138 51 112 60
Chichi1999_04.jpg 0x0
rect:302 -21 71 110 48
rect:174 297 39 46 52
rect:177 232 65 444 48
Chichi1999_05.jpg 0x0
rect:485 160 113 281 48
rect:418 159 33 74 52
rect:461 141 56 69 41
rect:338 358 31 34 41
Chichi1999_06.jpg 0x0
rect:446 -10 56 61 61
rect:354 189 57 123 48
rect:213 13 513 136 10
rect:334 269 21 22 52
rect:631 202 35 52 41
rect:337 86 58 77 62
Chichi1999_07.jpg 0x0
rect:339 215 30 43 64
rect:776 341 13 26 64
rect:161 152 25 44 64
rect:559 173 56 119 48
rect:194 179 47 166 48
rect:75 145 515 142 63
rect:436 267 57 133 48
Chichi1999_08.jpg 0x0
rect:103 15 440 470 10
Chichi1999_09.jpg 0x0
rect:300 102 121 109 41
rect:282 51 159 215 48
rect:278 124 49 89 40
rect:309 101 51 94 40
Chichi1999_10.jpg 0x0
rect:219 13 410 458 10
Chichi1999_11.jpg 0x0
rect:2 111 210 396 10
rect:109 247 120 71 65
Chichi1999_12.jpg 0x0
rect:10 30 360 542 66
Chichi1999_13.jpg 0x0
rect:29 52 747 310 10
Chichi1999_14.jpg 0x0
rect:64 501 32 57 67
rect:160 224 44 71 67
rect:347 576 40 44 67
rect:165 261 20 46 67
rect:145 451 23 49 67
rect:252 426 31 28 39
rect:75 589 45 38 67
rect:197 364 33 37 67
rect:87 297 43 65 67
rect:454 687 54 94 67
rect:217 501 18 27 39
rect:133 281 29 44 67
rect:96 416 50 61 67
rect:273 353 33 41 39
rect:269 385 36 56 39
rect:192 234 115 33 67
rect:154 324 37 53 67
Chichi1999_15.jpg 0x0
rect:189 34 180 510 41
Chichi1999_16.jpg 0x0
rect:139 148 52 166 32
Chichi1999_17.jpg 0x0
rect:146 321 24 47 32
Chichi1999_18.jpg 0x0
rect:136 144 169 489 68
rect:213 292 26 124 69
rect:208 206 38 99 69
rect:228 321 39 158 70
rect:369 313 30 178 69
rect:293 216 39 136 69
Chichi1999_19.jpg 0x0
rect:151 19 344 414 2
rect:278 143 131 327 3
YogyakartaInd2006_03.jpg 0x0
rect:288 87 158 44 15
rect:218 508 65 37 16
rect:264 542 281 22 15
rect:212 25 124 2 15
rect:269 126 29 6 16
rect:216 292 364 113 71
rect:505 79 63 27 16
rect:225 163 75 36 15
Chichi1999_20.jpg 0x0
rect:255 342 71 247 41
rect:227 228 100 254 42
Chichi1999_21.jpg 0x0
rect:231 364 105 115 6
rect:193 257 132 146 37
rect:305 34 209 204 37
rect:22 4 300 123 30
rect:231 129 288 247 72
rect:371 152 141 152 6
rect:358 6 125 81 57
rect:63 328 127 113 5
Chichi1999_22.jpg 0x0
rect:453 269 16 16 73
rect:228 170 17 18 73
rect:256 235 15 21 73
rect:170 155 369 124 10
Chichi1999_23.jpg 0x0
rect:248 152 36 32 27
rect:360 275 77 89 73
rect:305 130 36 19 26
rect:4 47 456 192 74
rect:360 393 28 97 34
rect:356 204 53 71 73
rect:180 151 27 24 34
rect:108 235 55 102 73
rect:98 257 38 99 34
rect:113 164 53 51 73
Chichi1999_24.jpg 0x0
rect:363 247 1 2 46
rect:188 165 38 74 46
rect:137 275 68 52 34
rect:146 152 164 80 75
rect:3 345 301 264 74
Chichi1999_25.jpg 0x0
rect:254 398 33 62 26
rect:196 170 85 279 34
rect:106 152 141 395 73
Chichi1999_26.jpg 0x0
rect:239 271 145 332 76
rect:257 12 59 40 73
rect:236 158 52 133 73
rect:156 713 74 79 26
rect:157 527 152 121 73
rect:135 450 146 148 27
Chichi1999_27.jpg 0x0
rect:169 209 122 239 32
Chichi1999_28.jpg 0x0
rect:115 80 140 275 5
rect:318 286 199 142 77
rect:242 155 213 264 75
rect:23 81 363 96 6
Chichi1999_29.jpg 0x0
rect:154 241 92 120 52
rect:102 249 188 236 48
rect:201 259 111 214 40
Chichi1999_30.jpg 0x0
rect:143 154 162 59 78
rect:220 145 141 89 52
rect:192 133 294 258 40
rect:35 244 88 118 73
Chichi1999_31.jpg 0x0
rect:522 73 47 200 48
rect:113 100 124 227 79
Chichi1999_32.jpg 0x0
rect:236 232 33 128 81
rect:434 131 61 178 39
rect:184 8 93 362 80
rect:151 51 48 168 81
Chichi1999_33.jpg 0x0
rect:268 76 82 288 56
rect:172 116 162 286 32
rect:328 107 29 94 49
rect:161 124 111 239 32
rect:151 156 58 145 49
rect:62 60 110 609 33
Chichi1999_34.jpg 0x0
rect:162 126 542 262 10
Duzce1999_01.jpg 0x0
rect:163 118 135 158 41
rect:148 76 107 307 39
Duzce1999_02.jpg 0x0
rect:91 68 178 360 41
Duzce1999_03.jpg 0x0
rect:209 132 106 253 31
rect:130 126 82 197 42
rect:0 151 117 283 31
Gediz1970_01.jpg 0x0
rect:164 87 267 453 68
rect:111 245 134 326 69
rect:175 458 69 217 69
Guatemala1976_01.jpg 0x0
rect:661 156 56 92 41
rect:637 169 133 172 48
rect:39 183 94 104 48
rect:48 200 56 36 52
rect:25 102 510 151 82
rect:58 190 49 59 41
Guatemala1976_02.jpg 0x0
rect:214 56 215 260 48
rect:315 65 128 122 40
Guatemala1976_03.jpg 0x0
rect:20 83 924 274 75
Guatemala1976_04.jpg 0x0
rect:42 52 338 185 30
rect:797 158 92 343 4
rect:154 18 470 53 30
rect:355 274 69 237 4
Guatemala1976_05.jpg 0x0
rect:215 119 456 220 40
rect:175 82 330 240 48
rect:251 193 367 140 41
Guatemala1976_06.jpg 0x0
rect:93 118 174 331 39
Guatemala1976_07.jpg 0x0
rect:21 290 451 466 10
rect:302 455 163 68 83
rect:22 293 51 42 6
Guatemala1976_08.jpg 0x0
rect:218 47 249 315 41
rect:429 69 177 252 40
rect:136 32 394 536 48
Guatemala1976_09.jpg 0x0
rect:187 306 45 26 84
rect:905 359 67 63 84
rect:790 300 54 54 85
rect:100 362 33 22 85
rect:216 275 41 75 85
rect:268 217 78 27 85
rect:84 237 39 26 84
rect:447 371 69 74 84
Guatemala1976_10.jpg 0x0
rect:233 273 39 81 87
rect:244 125 178 143 87
rect:258 156 202 352 86
Guatemala1976_11.jpg 0x0
rect:151 289 144 236 34
GujaratIndia2001_01.jpg 0x0
rect:319 533 71 59 11
rect:139 524 241 85 2
rect:38 465 131 186 4
rect:72 499 65 26 2
Haiti2010_01.jpg 0x0
rect:593 372 208 250 4
rect:626 246 122 136 4
rect:146 62 138 126 7
rect:219 118 137 308 41
rect:280 247 34 153 40
Haiti2010_02.jpg 0x0
rect:332 31 199 42 14
rect:61 104 498 149 88
Haiti2010_03.jpg 0x0
rect:253 448 274 212 32
rect:275 620 277 199 89
rect:251 384 57 66 49
rect:302 1 86 592 32
Haiti2010_04.jpg 0x0
rect:2 111 242 175 6
rect:297 35 219 329 34
rect:194 408 237 684 41
Haiti2010_05.jpg 0x0
rect:457 325 25 85 40
rect:199 158 242 354 90
rect:207 312 30 82 40
rect:319 171 175 121 52
Haiti2010_06.jpg 0x0
rect:413 217 69 99 34
rect:590 230 84 255 32
rect:441 199 448 593 91
rect:266 235 51 35 34
rect:336 139 62 39 6
rect:501 162 243 490 33
rect:236 350 356 301 91
ImperialValley1979_01.jpg 0x0
rect:261 236 60 52 32
rect:246 321 44 31 49
rect:60 261 91 81 50
rect:478 378 56 30 32
rect:510 225 23 32 50
rect:445 276 28 18 49
rect:13 243 120 120 32
rect:260 405 34 55 50
rect:620 262 24 40 32
rect:17 464 97 77 49
rect:618 339 18 20 49
ImperialValley1979_02.jpg 0x0
rect:206 140 63 159 50
rect:270 104 231 174 32
rect:229 189 112 40 49
rect:188 193 307 51 92
rect:414 131 102 244 50
rect:202 86 55 263 50
ImperialValley1979_03.jpg 0x0
rect:146 466 348 52 92
rect:155 150 175 133 32
rect:99 276 62 289 50
rect:170 262 161 196 32
rect:87 432 262 34 92
rect:264 376 71 238 50
rect:258 373 109 186 50
Izmit1999_01.jpg 0x0
rect:282 113 54 178 27
rect:193 247 31 126 27
rect:225 113 32 172 27
rect:131 63 417 283 34
rect:550 322 50 80 26
Izmit1999_02.jpg 0x0
rect:29 93 490 216 10
Izmit1999_03.jpg 0x0
rect:474 120 26 314 50
rect:134 259 245 30 92
rect:242 81 224 328 32
rect:515 84 66 357 50
rect:556 90 29 175 50
rect:133 34 495 329 93
rect:157 125 53 243 50
rect:161 118 46 213 50
Izmit1999_04.jpg 0x0
rect:130 201 132 91 88
rect:338 429 23 48 40
rect:38 278 47 50 34
rect:63 326 41 118 42
rect:391 58 100 96 48
rect:92 404 218 97 88
rect:48 358 39 120 41
rect:279 330 23 82 40
rect:241 108 62 79 41
rect:406 255 75 63 41
Izmit1999_05.jpg 0x0
rect:74 27 614 431 10
Izmit1999_06.jpg 0x0
rect:112 271 82 228 50
rect:96 206 72 207 50
rect:220 269 35 165 50
rect:197 267 33 114 50
rect:168 295 195 75 49
rect:119 150 251 543 32
Izmit1999_07.jpg 0x0
rect:179 278 55 90 3
rect:174 153 49 99 3
rect:23 133 474 547 2
rect:322 330 91 457 4
rect:363 187 46 79 3
rect:349 73 107 51 6
rect:430 156 60 88 3
Izmit1999_08.jpg 0x0
rect:188 114 98 61 41
rect:153 331 67 103 45
rect:221 187 221 89 88
rect:627 113 82 65 41
rect:642 84 56 32 52
rect:702 7 88 59 45
rect:107 27 87 110 34
Izmit1999_09.jpg 0x0
rect:282 190 41 38 41
rect:699 190 57 62 41
rect:284 237 89 115 41
rect:817 218 79 58 94
rect:442 296 133 82 94
rect:38 255 38 49 41
Izmit1999_10.jpg 0x0
rect:66 103 87 194 40
rect:38 177 286 57 78
rect:173 167 88 330 40
rect:241 180 40 130 40
rect:306 624 131 94 40
rect:210 142 116 152 40
rect:238 306 47 69 40
rect:342 603 69 22 78
rect:105 319 233 77 78
rect:80 149 351 622 41
rect:176 419 179 41 78
Izmit1999_11.jpg 0x0
rect:133 228 112 138 41
rect:150 365 61 201 40
rect:149 433 99 104 41
rect:209 250 96 126 40
rect:306 191 91 141 40
Izmit1999_12.jpg 0x0
rect:339 222 71 118 94
rect:1 196 23 43 41
rect:580 35 94 62 34
rect:391 305 60 89 52
rect:404 119 44 96 41
rect:364 207 176 263 91
rect:348 243 59 118 41
rect:416 129 82 64 7
rect:496 227 58 81 41
rect:387 213 34 31 6
rect:406 146 62 89 45
rect:168 264 75 51 88
rect:39 309 61 84 94
rect:71 286 27 40 40
rect:54 207 43 78 52
rect:13 94 55 29 6
rect:455 158 52 150 42
rect:63 61 25 18 6
Izmit1999_13.jpg 0x0
rect:160 206 98 110 94
rect:140 267 31 108 41
rect:121 129 75 48 6
rect:340 178 120 211 41
rect:262 121 85 142 41
rect:145 271 54 59 52
rect:5 103 80 206 42
rect:172 281 48 109 41
rect:241 73 200 276 48
Izmit1999_14.jpg 0x0
rect:241 367 38 31 34
rect:386 517 32 28 34
rect:338 101 78 93 34
rect:471 58 66 76 95
rect:59 129 83 60 34
rect:410 7 111 79 35
rect:457 212 73 57 34
rect:295 136 104 68 35
rect:561 296 45 48 34
Izmit1999_15.jpg 0x0
rect:182 189 301 396 42
Izmit1999_16.jpg 0x0
rect:84 47 408 372 33
rect:126 54 191 270 39
rect:176 107 165 190 41
rect:276 129 30 99 40
Izmit1999_17.jpg 0x0
rect:139 144 209 232 41
Izmit1999_18.jpg 0x0
rect:204 165 120 237 39
rect:228 197 167 151 41
Izmit1999_19.jpg 0x0
rect:259 101 274 162 32
rect:235 74 243 300 96
rect:433 145 30 83 50
rect:618 131 38 87 50
Kobe1995_01.jpg 0x0
rect:33 140 924 200 63
Kobe1995_02.jpg 0x0
rect:2 68 393 528 68
Kobe1995_03.jpg 0x0
rect:38 55 447 773 10
Kobe1995_04.jpg 0x0
rect:299 391 59 53 41
Kobe1995_05.jpg 0x0
rect:35 337 371 76 78
rect:166 114 276 634 52
rect:87 488 367 167 78
rect:3 126 170 674 40
rect:302 158 204 389 40
Kobe1995_06.jpg 0x0
rect:239 418 380 369 42
rect:47 149 454 575 41
Kobe1995_07.jpg 0x0
rect:202 406 28 26 39
rect:157 133 36 40 39
rect:284 246 38 55 39
rect:410 177 35 33 39
rect:199 257 31 48 39
rect:233 102 23 35 39
rect:550 176 48 50 39
rect:305 329 31 20 39
rect:330 318 43 24 39
rect:274 256 35 32 39
rect:227 139 44 47 39
rect:204 413 48 26 39
rect:428 571 32 47 39
rect:213 217 28 23 39
rect:387 93 41 25 39
rect:129 300 30 43 39
rect:53 291 31 23 39
rect:158 165 29 36 39
rect:43 319 39 50 39
rect:156 270 35 44 39
rect:514 277 53 37 39
rect:312 260 55 49 39
rect:159 400 38 50 39
rect:476 347 29 28 39
rect:81 434 26 22 39
rect:293 524 30 49 39
Kobe1995_08.jpg 0x0
rect:390 70 528 239 97
Kobe1995_09.jpg 0x0
rect:116 454 62 66 88
rect:98 539 89 83 88
rect:188 456 161 74 97
rect:127 698 87 62 88
SanSalvador_1986_01.jpg 0x0
rect:64 3 93 181 68
rect:253 202 136 131 41
SanSalvador_1986_02.jpg 0x0
rect:402 200 39 30 41
rect:186 193 40 41 41
rect:181 298 29 31 41
rect:434 96 17 35 41
rect:226 251 37 38 41
rect:655 164 35 43 42
rect:420 255 32 49 41
rect:188 227 27 23 41
rect:630 272 36 61 41
SikkimIndia2001_01.jpg 0x0
rect:173 204 147 175 34
SikkimIndia2001_02.jpg 0x0
rect:320 84 104 30 16
rect:314 259 84 16 16
rect:223 53 215 357 33
rect:270 242 61 53 16
rect:10 6 401 71 16
rect:-17 2 336 132 33
rect:374 98 83 217 33
rect:10 133 62 53 54
SikkimIndia2001_03.jpg 0x0
rect:224 110 75 145 69
rect:257 9 214 506 98
rect:301 224 113 176 70
SikkimIndia2001_04.jpg 0x0
rect:3 25 339 230 99
rect:196 151 101 119 34
rect:348 173 262 110 99
SumatraInd2009_01.jpg 0x0
rect:228 32 52 386 81
SumatraInd2009_02.jpg 0x0
rect:195 80 160 166 41
WhittierNarrows1987_01.jpg 0x0
rect:18 33 723 307 10
WhittierNarrows1987_02.jpg 0x0
rect:129 215 105 228 41
WhittierNarrows1987_03.jpg 0x0
rect:276 175 149 252 32
WhittierNarrows1987_04.jpg 0x0
rect:258 8 358 68 6
rect:170 50 98 177 41
rect:207 16 325 138 100
YogyakartaInd2006_01.jpg 0x0
rect:271 159 203 77 49
rect:159 -18 516 606 29
rect:325 45 298 329 32
YogyakartaInd2006_02.jpg 0x0
rect:255 104 63 161 69
rect:383 95 65 213 70
rect:380 45 119 386 98
