Anchorage1964_01.jpg 0x0
rect:92 455 261 241 1
rect:110 7 221 131 1
Anchorage1964_02.jpg 0x0
rect:191 208 423 79 2
rect:100 29 68 13 6
rect:670 312 11 75 3
rect:342 214 22 69 3
rect:240 63 80 86 4
rect:367 257 27 60 3
rect:116 280 65 13 6
rect:574 238 74 41 4
rect:443 52 131 144 8
rect:116 171 78 51 7
rect:222 265 22 65 3
rect:43 24 195 49 5
rect:384 225 20 68 3
rect:265 39 328 74 4
rect:336 201 27 68 3
rect:38 171 122 44 5
rect:88 183 21 27 6
rect:364 326 20 70 3
rect:353 216 24 46 3
Anchorage1964_03.jpg 0x0
rect:335 104 414 180 9
rect:0 195 533 59 10
rect:2 208 272 64 9
Anchorage1964_04.jpg 0x0
rect:353 307 34 14 5
rect:290 138 17 24 1
rect:247 406 57 17 2
rect:299 72 25 14 5
rect:263 128 12 30 1
rect:117 159 27 14 5
rect:445 176 24 23 5
rect:118 210 22 19 5
rect:259 46 46 19 5
rect:267 400 30 12 5
rect:351 179 35 19 5
rect:239 128 26 31 1
rect:200 250 18 22 1
rect:345 250 23 16 5
rect:430 333 27 15 5
rect:342 261 10 27 1
rect:368 375 23 26 1
rect:245 237 27 17 5
rect:299 393 16 31 1
rect:165 270 20 15 5
rect:300 404 16 22 1
rect:408 35 34 22 5
rect:189 265 44 18 5
rect:413 100 39 20 5
rect:162 392 34 16 5
rect:185 120 22 18 5
rect:441 298 37 20 5
rect:172 173 34 26 5
rect:196 25 19 16 5
rect:114 186 35 23 5
rect:147 57 44 14 5
rect:272 335 19 31 1
rect:201 455 38 11 5
rect:335 237 13 25 1
rect:254 335 10 1 1
rect:242 230 16 34 1
rect:184 376 34 15 5
rect:203 227 26 18 8
rect:396 192 34 15 5
Anchorage1964_05.jpg 0x0
rect:409 339 49 66 8
rect:620 405 68 46 5
rect:261 202 23 23 11
rect:106 98 17 58 1
rect:386 82 44 61 1
rect:490 25 47 46 1
rect:438 94 39 79 1
rect:48 59 30 35 1
rect:490 262 65 45 1
rect:44 190 27 42 1
rect:534 294 59 89 8
rect:781 403 46 11 6
rect:389 195 147 81 2
rect:44 347 16 62 1
rect:69 295 26 66 1
rect:102 23 25 48 1
rect:305 204 51 43 1
rect:149 62 103 29 5
rect:50 143 18 55 1
rect:39 306 25 43 1
rect:780 272 68 38 5
rect:154 197 130 43 6
rect:657 220 43 22 6
rect:427 185 32 29 11
rect:210 151 144 22 5
rect:622 161 43 77 1
rect:205 43 105 45 6
rect:454 1 38 69 1
rect:106 257 27 49 1
Anchorage1964_06.jpg 0x0
rect:176 153 88 226 3
rect:123 279 76 103 11
rect:116 69 279 348 12
Anchorage1964_07.jpg 0x0
rect:16 234 324 35 11
rect:264 2 99 83 2
rect:216 146 61 112 3
rect:483 230 99 80 11
rect:7 323 390 37 14
rect:8 64 754 510 2
rect:326 189 43 100 13
rect:291 256 353 230 2
rect:194 101 200 162 11
Anchorage1964_08.jpg 0x0
rect:308 525 143 92 1
rect:51 499 87 141 1
rect:275 327 128 138 1
rect:53 317 88 101 1
rect:283 26 97 90 1
rect:50 79 141 100 1
Anchorage1964_09.jpg 0x0
rect:164 100 368 15 15
rect:499 8 197 11 15
rect:15 103 26 10 16
rect:528 111 64 98 1
rect:215 147 81 74 1
rect:17 109 103 25 15
rect:707 188 1 1 16
rect:590 36 85 62 8
rect:77 358 81 54 8
rect:465 257 76 67 8
rect:10 17 349 19 15
rect:13 17 60 10 16
rect:82 43 81 65 8
rect:791 100 153 20 15
rect:449 192 77 75 1
rect:116 124 79 92 1
rect:726 10 103 12 16
rect:45 107 55 11 16
rect:543 140 126 23 15
Anchorage1964_10.jpg 0x0
rect:144 307 77 120 17
rect:53 547 224 94 18
rect:58 244 432 342 1
rect:177 187 202 91 18
Anchorage1964_11.jpg 0x0
rect:116 137 555 102 2
rect:211 126 280 21 15
rect:415 112 138 98 1
rect:598 8 105 28 1
rect:157 50 196 118 4
rect:91 536 490 26 14
rect:69 642 766 13 14
rect:246 277 280 35 11
Anchorage1964_12.jpg 0x0
rect:225 151 37 71 3
rect:291 77 158 187 11
rect:9 59 719 271 2
rect:506 60 38 199 3
rect:289 110 68 197 3
Anchorage1964_13.jpg 0x0
rect:345 533 131 20 2
rect:402 555 151 17 19
rect:427 384 24 116 20
Anchorage1964_14.jpg 0x0
rect:320 10 47 245 11
rect:21 750 34 72 22
rect:345 6 73 178 11
rect:37 569 58 57 22
rect:447 257 161 66 15
rect:154 503 29 65 22
rect:82 334 111 39 15
rect:102 472 49 81 22
rect:191 15 133 673 20
rect:12 689 212 96 11
rect:260 262 89 90 21
rect:278 428 192 97 23
Anchorage1964_15.jpg 0x0
rect:302 451 230 78 2
rect:303 8 79 72 4
rect:207 92 47 374 20
rect:490 365 78 46 24
rect:219 10 81 44 4
rect:282 201 122 40 15
rect:425 260 127 58 11
rect:273 127 36 98 25
rect:245 112 33 52 11
Anchorage1964_16.jpg 0x0
rect:647 244 139 171 2
rect:95 325 64 82 11
rect:16 291 66 88 2
rect:266 81 213 151 2
rect:173 212 296 261 11
rect:10 157 188 254 2
Anchorage1964_17.jpg 0x0
rect:14 112 260 131 9
rect:8 194 732 157 10
rect:348 61 186 182 9
Anchorage1964_18.jpg 0x0
rect:355 272 35 51 11
rect:458 393 38 15 2
rect:385 312 92 25 2
rect:122 292 17 34 11
rect:310 296 358 37 15
rect:130 242 98 48 11
rect:584 250 80 18 2
rect:487 113 119 79 4
rect:601 113 111 119 4
rect:197 166 89 85 4
Anchorage1964_19.jpg 0x0
rect:6 287 68 140 26
rect:600 173 36 33 28
rect:683 143 7 11 26
rect:449 103 48 30 28
rect:514 138 12 37 26
rect:610 107 8 7 26
rect:23 307 23 113 27
rect:518 180 16 24 26
rect:501 88 43 95 29
rect:502 178 8 17 26
rect:543 270 10 18 26
rect:343 112 27 33 27
rect:224 352 47 76 26
rect:215 69 84 106 29
rect:360 170 18 47 29
rect:429 182 24 38 26
rect:365 102 57 36 26
rect:386 105 38 28 26
Anchorage1964_20.jpg 0x0
rect:235 521 79 105 26
rect:186 121 61 40 27
rect:156 108 124 78 26
rect:202 74 109 133 29
rect:601 495 44 94 26
Anchorage1964_21.jpg 0x0
rect:-6 78 90 161 29
rect:2 116 60 45 26
rect:58 231 36 30 26
rect:122 222 435 176 30
Bingol2003_01.jpg 0x0
rect:640 284 54 254 32
rect:357 349 223 210 31
rect:2 237 659 175 10
rect:959 328 75 72 33
rect:484 235 58 86 34
rect:461 93 103 54 6
rect:184 174 54 64 33
rect:706 89 179 236 31
rect:512 156 69 80 6
rect:400 137 84 61 33
rect:611 479 213 92 6
rect:265 495 73 122 6
rect:543 315 43 75 34
rect:770 289 92 78 33
rect:1023 489 81 43 33
rect:34 193 61 83 33
rect:210 86 80 24 6
rect:745 232 95 67 6
rect:661 223 37 39 6
Bingol2003_02.jpg 0x0
rect:295 296 877 412 31
rect:300 451 92 110 6
rect:176 69 504 145 34
rect:232 337 91 265 32
rect:923 49 112 87 36
rect:568 194 294 123 35
rect:159 340 133 314 32
rect:499 311 83 141 26
Bingol2003_03.jpg 0x0
rect:826 415 306 442 2
rect:98 35 145 84 33
rect:288 124 427 217 2
rect:475 244 242 811 4
rect:465 276 214 58 11
rect:87 26 144 46 2
rect:498 -10 260 198 4
Bingol2003_04.jpg 0x0
rect:271 309 152 131 4
rect:53 643 70 84 2
rect:142 362 292 198 2
rect:76 655 27 72 3
rect:218 663 38 102 3
rect:222 516 53 89 3
rect:416 773 105 98 2
rect:90 471 24 75 3
CanterburyNZSeries2010_01.jpg 0x0
rect:96 89 119 273 12
CanterburyNZSeries2010_02.jpg 0x0
rect:35 9 144 235 37
rect:40 49 162 213 6
CanterburyNZSeries2010_03.jpg 0x0
rect:52 93 257 138 38
CanterburyNZSeries2010_04.jpg 0x0
rect:456 260 51 160 40
rect:248 384 37 83 40
rect:147 184 202 382 39
rect:182 418 97 255 41
rect:183 256 29 217 40
rect:179 9 108 220 42
rect:380 313 16 49 40
rect:259 362 23 42 40
CanterburyNZSeries2010_05.jpg 0x0
rect:265 263 226 275 4
rect:332 209 133 122 15
CanterburyNZSeries2010_06.jpg 0x0
rect:257 165 210 88 2
rect:64 149 566 502 4
CanterburyNZSeries2010_08.jpg 0x0
rect:810 689 29 179 32
rect:732 287 76 152 44
rect:1125 595 62 107 44
rect:482 110 178 268 43
CanterburyNZSeries2010_09.jpg 0x0
rect:285 170 186 190 45
rect:322 335 140 260 39
CanterburyNZSeries2010_10.jpg 0x0
rect:282 392 179 92 6
rect:252 149 266 106 7
rect:341 266 262 82 46
rect:168 231 418 241 6
CanterburyNZSeries2010_11.jpg 0x0
rect:327 184 211 144 7
rect:341 230 309 181 5
CanterburyNZSeries2010_12.jpg 0x0
rect:736 619 226 61 11
rect:5 187 646 510 47
rect:59 241 936 215 2
rect:179 584 177 52 11
CanterburyNZSeries2010_13.jpg 0x0
rect:193 20 376 877 12
rect:301 137 113 556 11
Caracas1967_01.jpg 0x0
rect:295 167 12 68 48
rect:325 200 42 83 48
rect:495 94 117 230 48
rect:251 142 68 107 48
Caracas1967_02.jpg 0x0
rect:181 1 118 211 15
rect:126 468 39 81 49
rect:154 523 43 48 50
rect:232 246 186 297 51
Caracas1967_03.jpg 0x0
rect:235 396 62 72 26
rect:276 414 25 80 27
rect:285 402 128 130 34
rect:294 426 29 152 27
rect:16 321 269 72 6
rect:229 84 54 100 14
Caracas1967_04.jpg 0x0
rect:183 298 40 135 26
rect:140 474 18 107 27
rect:169 220 155 137 34
Caracas1967_05.jpg 0x0
rect:25 73 344 536 48
rect:214 165 33 130 40
rect:244 245 45 213 40
rect:265 370 50 150 40
rect:184 440 41 233 40
rect:63 248 203 219 52
rect:52 164 285 637 41
rect:59 411 77 279 40
rect:260 296 185 193 52
rect:310 324 58 174 40
Caracas1967_06.jpg 0x0
rect:416 267 79 47 6
rect:273 116 295 246 7
Caracas1967_07.jpg 0x0
rect:259 10 85 391 34
rect:177 118 216 172 34
rect:452 221 114 101 53
rect:375 402 134 74 53
rect:156 158 45 198 27
rect:402 263 109 243 34
rect:392 50 28 261 27
Caracas1967_08.jpg 0x0
rect:162 267 70 142 54
rect:203 338 50 122 55
rect:342 150 56 146 54
Caracas1967_09.jpg 0x0
rect:28 235 46 70 48
rect:115 187 88 109 48
rect:500 15 264 113 48
rect:90 166 65 75 48
Caracas1967_10.jpg 0x0
rect:33 234 234 284 41
rect:469 308 52 130 40
rect:375 276 61 186 40
rect:18 174 453 546 48
Caracas1967_11.jpg 0x0
rect:56 16 379 547 48
rect:64 300 278 430 41
rect:355 18 147 297 41
Caracas1967_12.jpg 0x0
rect:568 325 37 46 34
rect:811 308 20 41 32
rect:189 300 23 52 56
rect:521 322 21 60 32
Caracas1967_13.jpg 0x0
rect:181 469 122 251 55
Caracas1967_14.jpg 0x0
rect:123 156 444 174 57
rect:133 390 300 55 6
Chichi1999_01.jpg 0x0
rect:399 99 51 207 42
rect:4 7 944 171 58
Chichi1999_02.jpg 0x0
rect:6 76 452 198 58
rect:469 103 179 350 59
Chichi1999_03.jpg 0x0
rect:79 138 53 107 60
rect:0 106 645 155 58
Chichi1999_04.jpg 0x0
rect:224 204 99 242 48
rect:232 209 34 68 52
rect:193 -12 58 155 48
Chichi1999_05.jpg 0x0
rect:388 161 27 54 52
rect:353 216 38 45 41
rect:423 139 54 70 41
rect:413 162 91 194 48
Chichi1999_06.jpg 0x0
rect:515 189 44 76 41
rect:296 108 76 84 62
rect:170 20 415 129 10
rect:363 304 21 23 52
rect:706 -12 80 96 61
rect:347 152 52 77 48
Chichi1999_07.jpg 0x0
rect:183 197 62 107 48
rect:368 257 50 162 48
rect:467 232 26 43 64
rect:434 284 33 116 48
rect:57 155 729 106 63
rect:156 197 31 61 64
rect:674 200 13 16 64
Chichi1999_08.jpg 0x0
rect:110 13 393 498 10
Chichi1999_09.jpg 0x0
rect:148 62 174 200 48
rect:209 73 53 80 40
rect:231 82 158 82 41
rect:206 133 45 69 40
Chichi1999_10.jpg 0x0
rect:219 14 616 485 10
Chichi1999_11.jpg 0x0
rect:104 210 69 102 65
rect:2 175 165 398 10
Chichi1999_12.jpg 0x0
rect:8 19 291 647 66
Chichi1999_13.jpg 0x0
rect:39 56 695 466 10
Chichi1999_14.jpg 0x0
rect:83 619 53 36 67
rect:271 532 29 29 39
rect:90 393 74 49 67
rect:218 482 27 52 67
rect:270 271 19 39 67
rect:83 394 35 50 67
rect:101 360 50 72 67
rect:171 165 69 63 67
rect:278 483 26 28 39
rect:374 301 41 54 39
rect:243 383 25 41 39
rect:327 571 39 47 67
rect:360 614 87 70 67
rect:165 314 47 72 67
rect:202 478 32 37 67
rect:249 272 27 59 67
rect:176 364 29 47 67
Chichi1999_15.jpg 0x0
rect:173 22 202 453 41
Chichi1999_16.jpg 0x0
rect:178 170 63 183 32
Chichi1999_17.jpg 0x0
rect:166 343 29 45 32
Chichi1999_18.jpg 0x0
rect:272 306 24 99 69
rect:219 188 39 116 69
rect:273 362 55 155 70
rect:151 193 130 511 68
rect:134 324 26 117 69
rect:142 235 36 102 69
Chichi1999_19.jpg 0x0
rect:155 22 306 475 2
rect:245 143 126 222 3
YogyakartaInd2006_03.jpg 0x0
rect:301 75 61 39 16
rect:248 119 16 7 16
rect:247 61 141 48 15
rect:294 526 257 22 15
rect:263 361 311 126 71
rect:217 288 70 23 16
rect:257 135 47 30 15
rect:228 33 117 2 15
Chichi1999_20.jpg 0x0
rect:263 334 67 203 41
rect:147 151 122 375 42
Chichi1999_21.jpg 0x0
rect:371 28 282 148 37
rect:535 5 155 128 57
rect:14 4 185 172 30
rect:172 131 264 206 72
rect:345 392 94 143 6
rect:84 445 190 109 5
rect:298 142 187 97 6
rect:142 243 197 152 37
Chichi1999_22.jpg 0x0
rect:295 226 16 23 73
rect:317 164 22 16 73
rect:214 314 14 20 73
rect:187 188 215 175 10
Chichi1999_23.jpg 0x0
rect:5 90 643 143 74
rect:219 143 32 62 73
rect:111 283 62 93 73
rect:271 231 34 27 27
rect:242 232 78 103 73
rect:117 214 58 39 73
rect:86 317 51 101 34
rect:140 162 24 27 34
rect:227 143 26 35 26
rect:322 346 37 60 34
Chichi1999_24.jpg 0x0
rect:344 337 1 2 46
rect:180 303 93 50 34
rect:185 163 53 62 46
rect:3 353 243 140 74
rect:207 131 129 85 75
Chichi1999_25.jpg 0x0
rect:209 221 88 181 34
rect:232 404 55 65 26
rect:161 217 154 220 73
Chichi1999_26.jpg 0x0
rect:288 217 48 133 73
rect:118 663 101 93 27
rect:108 406 145 147 73
rect:307 20 39 38 73
rect:160 251 124 417 76
rect:167 629 88 85 26
Chichi1999_27.jpg 0x0
rect:129 275 86 408 32
Chichi1999_28.jpg 0x0
rect:270 172 168 231 75
rect:149 119 158 188 5
rect:19 63 242 105 6
rect:190 206 287 85 77
Chichi1999_29.jpg 0x0
rect:225 183 95 148 52
rect:128 148 215 335 48
rect:243 232 110 144 40
Chichi1999_30.jpg 0x0
rect:200 136 226 66 78
rect:247 74 241 257 40
rect:28 229 133 185 73
rect:176 147 220 88 52
Chichi1999_31.jpg 0x0
rect:178 100 145 273 79
rect:484 122 57 192 48
Chichi1999_32.jpg 0x0
rect:204 56 36 167 81
rect:678 147 52 135 39
rect:153 9 100 327 80
rect:145 184 35 132 81
Chichi1999_33.jpg 0x0
rect:54 64 164 511 33
rect:339 91 90 322 56
rect:188 94 136 245 32
rect:241 119 49 152 49
rect:151 95 76 267 32
rect:179 150 48 143 49
Chichi1999_34.jpg 0x0
rect:153 106 375 356 10
Duzce1999_01.jpg 0x0
rect:132 144 85 112 41
rect:134 69 87 321 39
Duzce1999_02.jpg 0x0
rect:94 37 145 275 41
Duzce1999_03.jpg 0x0
rect:114 73 125 176 42
rect:248 124 82 292 31
rect:0 186 135 202 31
Gediz1970_01.jpg 0x0
rect:269 351 76 268 69
rect:141 256 102 369 69
rect:148 128 215 409 68
Guatemala1976_01.jpg 0x0
rect:37 152 105 98 48
rect:72 215 52 37 52
rect:29 113 540 149 82
rect:613 207 45 56 41
rect:633 148 190 149 48
rect:74 167 54 54 41
Guatemala1976_02.jpg 0x0
rect:177 92 366 291 48
rect:212 67 103 115 40
Guatemala1976_03.jpg 0x0
rect:22 78 801 287 75
Guatemala1976_04.jpg 0x0
rect:98 19 426 80 30
rect:50 71 423 226 30
rect:423 303 133 214 4
rect:490 228 143 273 4
Guatemala1976_05.jpg 0x0
rect:157 72 398 455 48
rect:129 104 310 137 40
rect:234 128 214 131 41
Guatemala1976_06.jpg 0x0
rect:154 120 249 412 39
Guatemala1976_07.jpg 0x0
rect:19 310 79 66 6
rect:28 187 399 435 10
rect:258 677 122 89 83
Guatemala1976_08.jpg 0x0
rect:150 66 339 359 41
rect:157 38 527 488 48
rect:329 57 176 373 40
Guatemala1976_09.jpg 0x0
rect:425 316 95 34 85
rect:450 370 70 38 85
rect:64 312 24 24 84
rect:751 422 41 70 84
rect:72 332 41 20 85
rect:251 357 41 72 84
rect:176 307 49 29 84
rect:157 225 63 69 85
Guatemala1976_10.jpg 0x0
rect:240 97 292 115 87
rect:357 287 37 105 87
rect:158 136 293 289 86
Guatemala1976_11.jpg 0x0
rect:216 169 116 205 34
GujaratIndia2001_01.jpg 0x0
rect:375 593 58 41 11
rect:22 313 155 180 4
rect:125 293 251 91 2
rect:93 378 84 31 2
Haiti2010_01.jpg 0x0
rect:277 340 22 152 40
rect:241 170 198 301 41
rect:123 42 137 136 7
rect:636 184 114 103 4
rect:477 364 138 246 4
Haiti2010_02.jpg 0x0
rect:239 22 164 53 14
rect:38 71 418 174 88
Haiti2010_03.jpg 0x0
rect:322 469 48 66 49
rect:269 1 85 721 32
rect:171 454 182 203 32
rect:169 418 237 218 89
Haiti2010_04.jpg 0x0
rect:142 221 367 631 41
rect:285 51 169 248 34
rect:2 148 294 121 6
Haiti2010_05.jpg 0x0
rect:284 289 126 96 52
rect:260 333 36 77 40
rect:317 183 23 70 40
rect:282 218 186 343 90
Haiti2010_06.jpg 0x0
rect:455 179 581 886 91
rect:153 241 286 353 91
rect:651 258 85 179 32
rect:165 331 38 48 34
rect:314 215 89 32 6
rect:443 126 197 460 33
rect:662 166 52 122 34
ImperialValley1979_01.jpg 0x0
rect:389 257 43 42 32
rect:580 283 35 36 50
rect:71 387 97 87 50
rect:517 328 44 50 32
rect:15 370 163 121 32
rect:287 366 34 22 49
rect:361 267 62 61 32
rect:417 274 53 65 50
rect:374 280 24 22 49
rect:18 330 95 79 49
rect:517 293 19 19 49
ImperialValley1979_02.jpg 0x0
rect:212 140 227 50 92
rect:200 266 158 62 49
rect:445 130 62 148 50
rect:142 114 82 197 50
rect:260 105 160 225 32
rect:329 116 63 193 50
ImperialValley1979_03.jpg 0x0
rect:152 171 195 110 32
rect:191 330 103 186 50
rect:86 305 243 26 92
rect:161 301 301 150 32
rect:146 396 294 45 92
rect:96 359 111 245 50
rect:378 357 71 176 50
Izmit1999_01.jpg 0x0
rect:296 251 38 143 27
rect:222 101 57 212 27
rect:180 93 434 323 34
rect:555 226 53 66 26
rect:176 101 56 141 27
Izmit1999_02.jpg 0x0
rect:27 93 767 252 10
Izmit1999_03.jpg 0x0
rect:332 94 42 263 50
rect:162 208 411 47 92
rect:156 39 330 300 93
rect:302 45 325 427 32
rect:137 73 67 347 50
rect:435 101 53 289 50
rect:602 80 67 308 50
rect:275 118 47 159 50
Izmit1999_04.jpg 0x0
rect:220 69 86 111 48
rect:97 628 162 128 88
rect:186 250 140 74 88
rect:55 332 54 61 34
rect:502 292 23 47 40
rect:402 471 23 66 40
rect:378 66 76 73 41
rect:225 358 61 109 41
rect:53 571 57 125 41
rect:74 525 28 71 42
Izmit1999_05.jpg 0x0
rect:128 20 447 407 10
Izmit1999_06.jpg 0x0
rect:216 192 41 160 50
rect:165 180 72 259 50
rect:151 207 184 80 49
rect:174 220 194 422 32
rect:114 332 74 158 50
rect:363 278 44 133 50
Izmit1999_07.jpg 0x0
rect:24 122 341 493 2
rect:449 340 117 241 4
rect:233 180 28 123 3
rect:277 134 54 58 3
rect:338 70 140 60 6
rect:216 275 58 108 3
rect:140 350 51 111 3
Izmit1999_08.jpg 0x0
rect:159 273 215 119 88
rect:552 7 74 50 45
rect:645 86 95 88 41
rect:468 66 55 26 52
rect:161 438 69 124 45
rect:183 84 79 65 41
rect:156 34 74 115 34
Izmit1999_09.jpg 0x0
rect:419 194 39 75 41
rect:44 197 51 55 41
rect:254 190 41 39 41
rect:340 339 131 77 41
rect:255 176 106 106 94
rect:663 284 56 83 94
Izmit1999_10.jpg 0x0
rect:214 490 109 47 78
rect:41 226 457 44 78
rect:302 515 70 97 40
rect:302 417 70 34 78
rect:80 141 64 149 40
rect:85 112 321 340 41
rect:226 206 55 137 40
rect:192 101 162 186 40
rect:123 279 111 171 40
rect:214 435 99 139 40
rect:134 271 272 48 78
Izmit1999_11.jpg 0x0
rect:184 286 57 175 40
rect:176 386 80 185 40
rect:166 413 96 103 41
rect:153 230 104 151 41
rect:252 239 62 204 40
Izmit1999_12.jpg 0x0
rect:483 26 58 45 34
rect:88 56 25 18 6
rect:251 269 44 93 52
rect:17 87 35 28 6
rect:43 176 57 101 94
rect:416 184 47 39 7
rect:574 84 53 83 41
rect:388 269 54 133 41
rect:202 196 44 33 6
rect:71 212 37 54 40
rect:386 163 46 76 41
rect:1 254 38 27 41
rect:324 341 105 155 94
rect:389 147 249 218 91
rect:239 138 36 139 42
rect:73 337 71 58 52
rect:200 257 79 79 88
rect:422 152 45 58 45
Izmit1999_13.jpg 0x0
rect:208 332 64 64 52
rect:227 185 41 77 41
rect:196 125 80 103 41
rect:458 200 110 267 41
rect:98 260 87 94 94
rect:5 101 81 128 42
rect:339 88 183 337 48
rect:151 319 34 73 41
rect:144 165 52 35 6
Izmit1999_14.jpg 0x0
rect:564 96 61 89 34
rect:531 398 46 54 34
rect:378 446 36 16 34
rect:450 5 205 59 35
rect:325 275 48 28 34
rect:62 197 129 55 34
rect:524 52 69 68 95
rect:486 309 71 44 34
rect:453 217 84 88 35
Izmit1999_15.jpg 0x0
rect:162 251 334 272 42
Izmit1999_16.jpg 0x0
rect:155 56 264 246 39
rect:70 53 431 557 33
rect:165 129 33 129 40
rect:197 89 192 147 41
Izmit1999_17.jpg 0x0
rect:106 117 216 342 41
Izmit1999_18.jpg 0x0
rect:157 148 149 169 41
rect:137 162 139 366 39
Izmit1999_19.jpg 0x0
rect:250 63 316 259 96
rect:305 114 180 316 32
rect:538 116 26 87 50
rect:583 126 27 121 50
Kobe1995_01.jpg 0x0
rect:23 161 967 189 63
Kobe1995_02.jpg 0x0
rect:2 77 409 546 68
Kobe1995_03.jpg 0x0
rect:42 48 431 599 10
Kobe1995_04.jpg 0x0
rect:254 325 39 53 41
Kobe1995_05.jpg 0x0
rect:150 161 281 711 52
rect:224 202 147 300 40
rect:44 336 525 84 78
rect:4 196 114 488 40
rect:98 704 349 152 78
Kobe1995_06.jpg 0x0
rect:132 439 250 284 42
rect:54 185 387 395 41
Kobe1995_07.jpg 0x0
rect:509 335 39 35 39
rect:206 153 30 45 39
rect:200 176 30 57 39
rect:367 593 34 43 39
rect:217 264 31 38 39
rect:398 161 37 26 39
rect:241 144 19 35 39
rect:448 284 46 28 39
rect:427 123 32 35 39
rect:182 386 24 25 39
rect:42 257 40 36 39
rect:138 247 38 57 39
rect:251 218 32 29 39
rect:466 312 38 44 39
rect:211 356 20 37 39
rect:207 521 42 33 39
rect:122 257 33 29 39
rect:212 316 35 43 39
rect:377 193 34 57 39
rect:526 207 52 39 39
rect:268 226 31 49 39
rect:55 309 46 41 39
rect:339 208 42 34 39
rect:360 239 44 37 39
rect:177 127 42 33 39
rect:266 407 42 31 39
Kobe1995_08.jpg 0x0
rect:291 55 536 283 97
Kobe1995_09.jpg 0x0
rect:113 544 68 49 88
rect:65 587 100 77 88
rect:97 391 67 66 88
rect:272 627 224 64 97
SanSalvador_1986_01.jpg 0x0
rect:64 3 105 285 68
rect:334 146 109 212 41
SanSalvador_1986_02.jpg 0x0
rect:122 247 38 33 41
rect:342 224 55 54 41
rect:155 153 27 32 41
rect:347 127 43 59 42
rect:248 132 15 24 41
rect:164 357 23 31 41
rect:296 310 21 54 41
rect:413 158 34 37 41
rect:399 253 49 44 41
SikkimIndia2001_01.jpg 0x0
rect:194 136 91 94 34
SikkimIndia2001_02.jpg 0x0
rect:159 58 194 494 33
rect:599 184 124 17 16
rect:9 6 410 88 16
rect:-14 2 381 98 33
rect:522 106 79 136 33
rect:530 106 64 42 16
rect:10 118 81 58 54
rect:299 163 64 58 16
SikkimIndia2001_03.jpg 0x0
rect:189 109 65 160 69
rect:215 9 138 528 98
rect:214 172 65 213 70
SikkimIndia2001_04.jpg 0x0
rect:187 219 109 171 34
rect:3 38 236 262 99
rect:407 178 345 111 99
SumatraInd2009_01.jpg 0x0
rect:245 32 76 268 81
SumatraInd2009_02.jpg 0x0
rect:170 83 212 121 41
WhittierNarrows1987_01.jpg 0x0
rect:19 28 771 291 10
WhittierNarrows1987_02.jpg 0x0
rect:118 226 110 265 41
WhittierNarrows1987_03.jpg 0x0
rect:326 137 180 273 32
WhittierNarrows1987_04.jpg 0x0
rect:252 8 343 97 6
rect:236 52 116 256 41
rect:242 16 261 123 100
YogyakartaInd2006_01.jpg 0x0
rect:200 -24 526 635 29
rect:206 98 281 56 49
rect:296 33 435 303 32
YogyakartaInd2006_02.jpg 0x0
rect:255 105 89 134 70
rect:318 94 57 144 69
rect:329 62 101 516 98
