Anchorage1964_01.jpg 0x0
rect:100 304 281 216 1
rect:104 5 179 132 1
Anchorage1964_02.jpg 0x0
rect:38 17 135 45 5
rect:373 207 16 56 3
rect:155 179 44 13 6
rect:246 40 252 84 4
rect:557 61 96 107 8
rect:261 340 28 76 3
rect:30 142 139 43 5
rect:405 212 27 76 3
rect:684 224 18 66 3
rect:142 150 62 53 7
rect:229 282 18 68 3
rect:76 44 72 11 6
rect:301 211 109 59 4
rect:139 181 329 132 2
rect:253 89 90 65 4
rect:409 288 20 59 3
rect:185 302 20 69 3
rect:83 179 29 26 6
rect:364 332 21 76 3
Anchorage1964_03.jpg 0x0
rect:205 76 399 258 9
rect:2 210 291 80 9
rect:0 322 746 55 10
Anchorage1964_04.jpg 0x0
rect:343 38 35 19 5
rect:362 164 24 25 5
rect:199 322 19 18 1
rect:172 459 40 22 2
rect:270 273 9 16 1
rect:310 310 27 20 5
rect:374 455 19 27 1
rect:179 65 33 22 5
rect:125 339 32 25 5
rect:218 131 30 20 5
rect:375 118 27 16 5
rect:316 131 37 17 5
rect:272 309 14 24 1
rect:251 150 23 27 1
rect:295 83 37 22 5
rect:170 218 26 15 5
rect:190 383 41 18 5
rect:148 337 43 14 5
rect:337 69 36 20 5
rect:188 220 28 19 5
rect:203 46 33 16 5
rect:323 449 21 14 5
rect:144 345 31 12 5
rect:290 259 26 18 1
rect:217 153 18 28 1
rect:189 161 33 21 5
rect:443 240 29 20 5
rect:334 229 17 34 1
rect:285 363 34 25 5
rect:201 225 20 32 8
rect:237 188 12 25 1
rect:395 347 20 27 5
rect:279 286 21 31 1
rect:126 224 36 18 5
rect:283 182 17 34 1
rect:263 245 27 16 5
rect:135 22 29 18 5
rect:284 400 18 22 5
rect:342 291 9 1 1
Anchorage1964_05.jpg 0x0
rect:144 113 134 26 5
rect:27 415 21 50 1
rect:562 57 51 46 1
rect:496 29 25 66 1
rect:64 151 21 50 1
rect:430 298 57 75 8
rect:615 219 45 30 6
rect:159 34 120 39 5
rect:70 395 17 59 1
rect:90 33 22 43 1
rect:184 144 156 41 6
rect:369 107 44 68 1
rect:482 415 59 70 8
rect:80 71 27 34 1
rect:203 41 106 58 6
rect:72 195 19 43 1
rect:369 259 18 21 11
rect:118 100 18 63 1
rect:400 214 52 56 1
rect:333 158 56 20 11
rect:46 301 20 44 1
rect:405 201 29 59 1
rect:494 336 49 15 6
rect:106 233 29 61 1
rect:812 281 57 40 5
rect:586 237 43 45 1
rect:271 234 117 74 2
rect:626 330 58 41 5
rect:421 1 45 59 1
Anchorage1964_06.jpg 0x0
rect:158 97 95 340 3
rect:142 100 187 392 12
rect:121 195 68 82 11
Anchorage1964_07.jpg 0x0
rect:336 100 155 123 11
rect:473 243 308 169 2
rect:214 2 87 74 2
rect:530 257 73 88 11
rect:10 69 541 429 2
rect:232 124 47 111 3
rect:432 112 45 122 13
rect:5 285 364 36 14
rect:18 174 313 26 11
Anchorage1964_08.jpg 0x0
rect:55 438 87 141 1
rect:422 187 87 94 1
rect:297 548 150 100 1
rect:52 308 133 79 1
rect:377 23 98 84 1
rect:61 74 128 148 1
Anchorage1964_09.jpg 0x0
rect:365 105 121 22 15
rect:822 153 126 21 15
rect:512 131 51 73 1
rect:86 208 93 54 1
rect:118 48 68 79 8
rect:430 11 106 14 16
rect:194 138 251 12 15
rect:426 8 312 14 15
rect:131 214 54 58 8
rect:617 251 79 58 8
rect:11 18 375 18 15
rect:16 120 89 14 15
rect:66 175 42 12 16
rect:11 16 56 12 16
rect:198 121 68 69 1
rect:604 29 94 57 8
rect:490 154 1 1 16
rect:12 174 16 12 16
rect:486 197 84 94 1
Anchorage1964_10.jpg 0x0
rect:60 380 414 133 18
rect:159 260 100 84 17
rect:52 181 235 303 1
rect:215 216 215 83 18
Anchorage1964_11.jpg 0x0
rect:258 160 204 44 11
rect:118 237 368 59 2
rect:192 202 354 18 15
rect:93 349 525 17 14
rect:148 61 152 85 4
rect:52 607 462 12 14
rect:595 7 86 50 1
rect:725 99 159 109 1
Anchorage1964_12.jpg 0x0
rect:311 110 197 164 11
rect:396 71 65 220 3
rect:15 97 423 370 2
rect:187 244 36 113 3
rect:349 100 63 283 3
Anchorage1964_13.jpg 0x0
rect:364 460 141 14 19
rect:339 377 153 28 2
rect:324 398 35 121 20
Anchorage1964_14.jpg 0x0
rect:57 693 55 65 22
rect:137 11 116 580 20
rect:316 10 88 156 11
rect:203 775 42 58 22
rect:141 731 28 51 22
rect:410 606 158 92 23
rect:27 539 30 68 22
rect:71 337 153 43 15
rect:11 744 186 71 11
rect:405 177 126 46 15
rect:284 7 82 102 11
rect:212 292 63 79 21
Anchorage1964_15.jpg 0x0
rect:298 9 105 56 4
rect:210 178 41 50 11
rect:522 359 96 40 24
rect:138 98 73 500 20
rect:241 139 36 94 25
rect:248 589 294 61 2
rect:232 9 93 54 4
rect:275 260 186 44 15
rect:280 296 122 59 11
Anchorage1964_16.jpg 0x0
rect:362 217 156 242 2
rect:12 312 63 83 2
rect:71 229 73 119 11
rect:251 297 268 177 11
rect:276 100 216 149 2
rect:17 92 221 196 2
Anchorage1964_17.jpg 0x0
rect:9 229 737 280 10
rect:312 41 298 276 9
rect:12 93 256 121 9
Anchorage1964_18.jpg 0x0
rect:406 352 29 44 11
rect:140 357 90 54 11
rect:587 141 136 107 4
rect:658 297 47 23 2
rect:106 333 15 60 11
rect:359 200 255 24 15
rect:324 120 131 92 4
rect:187 146 65 83 4
rect:462 372 66 20 2
rect:553 355 67 18 2
Anchorage1964_19.jpg 0x0
rect:467 125 7 17 26
rect:21 239 42 122 27
rect:445 150 8 30 26
rect:320 82 69 42 26
rect:351 100 41 77 29
rect:575 211 16 28 26
rect:682 218 39 42 28
rect:344 80 49 112 29
rect:648 136 52 35 28
rect:577 169 16 49 29
rect:5 240 55 152 26
rect:433 87 37 35 26
rect:453 232 20 36 26
rect:848 146 6 7 26
rect:426 98 17 30 26
rect:325 297 52 78 26
rect:310 102 29 40 27
rect:727 166 9 15 26
Anchorage1964_20.jpg 0x0
rect:139 78 171 123 29
rect:158 81 119 86 26
rect:535 367 46 93 26
rect:283 587 90 109 26
rect:259 122 76 47 27
Anchorage1964_21.jpg 0x0
rect:61 316 41 35 26
rect:-5 87 98 147 29
rect:2 102 38 27 26
rect:135 220 449 133 30
Bingol2003_01.jpg 0x0
rect:637 248 64 135 34
rect:587 397 38 70 34
rect:571 503 81 42 33
rect:373 282 91 106 6
rect:36 276 80 61 33
rect:188 167 64 58 33
rect:506 397 187 56 6
rect:651 131 93 72 6
rect:623 89 77 73 6
rect:826 281 87 59 6
rect:610 347 119 208 31
rect:2 374 669 316 10
rect:231 113 101 22 6
rect:225 190 93 53 33
rect:618 294 43 267 32
rect:508 240 52 71 6
rect:860 201 104 79 33
rect:550 109 113 205 31
rect:630 296 92 83 33
Bingol2003_02.jpg 0x0
rect:576 177 522 156 35
rect:447 362 89 76 6
rect:171 93 328 154 34
rect:240 321 76 274 32
rect:257 191 828 480 31
rect:87 650 213 165 32
rect:817 48 126 77 36
rect:504 341 91 83 26
Bingol2003_03.jpg 0x0
rect:507 215 238 86 11
rect:307 172 487 155 2
rect:104 20 141 25 2
rect:509 -8 285 153 4
rect:87 58 136 112 33
rect:716 593 188 410 2
rect:467 250 286 562 4
Bingol2003_04.jpg 0x0
rect:67 747 18 54 3
rect:219 243 205 216 4
rect:122 319 311 171 2
rect:276 656 139 83 2
rect:70 602 126 66 2
rect:90 758 25 66 3
rect:179 559 39 87 3
rect:236 491 30 151 3
CanterburyNZSeries2010_01.jpg 0x0
rect:76 147 123 260 12
CanterburyNZSeries2010_02.jpg 0x0
rect:37 7 222 213 37
rect:41 58 188 200 6
CanterburyNZSeries2010_03.jpg 0x0
rect:34 53 306 96 38
CanterburyNZSeries2010_04.jpg 0x0
rect:137 606 107 207 41
rect:283 9 107 205 42
rect:421 309 16 71 40
rect:240 378 34 124 40
rect:298 362 30 67 40
rect:194 254 175 266 39
rect:363 392 50 121 40
rect:420 420 22 62 40
CanterburyNZSeries2010_05.jpg 0x0
rect:252 277 104 117 15
rect:242 301 214 353 4
CanterburyNZSeries2010_06.jpg 0x0
rect:169 188 216 100 2
rect:88 94 612 575 4
CanterburyNZSeries2010_08.jpg 0x0
rect:633 388 52 111 44
rect:356 189 168 199 43
rect:910 513 30 207 32
rect:537 427 122 122 44
CanterburyNZSeries2010_09.jpg 0x0
rect:240 113 185 193 45
rect:298 385 141 427 39
CanterburyNZSeries2010_10.jpg 0x0
rect:249 136 234 121 7
rect:180 180 457 195 6
rect:255 541 224 136 6
rect:346 419 250 93 46
CanterburyNZSeries2010_11.jpg 0x0
rect:275 266 303 196 5
rect:350 288 358 113 7
CanterburyNZSeries2010_12.jpg 0x0
rect:142 566 185 33 11
rect:5 229 1131 324 47
rect:719 466 130 80 11
rect:37 392 715 361 2
CanterburyNZSeries2010_13.jpg 0x0
rect:518 169 148 524 11
rect:161 17 407 868 12
Caracas1967_01.jpg 0x0
rect:232 191 33 104 48
rect:227 151 14 61 48
rect:528 58 148 252 48
rect:255 128 99 86 48
Caracas1967_02.jpg 0x0
rect:280 1 143 189 15
rect:144 239 252 237 51
rect:156 531 44 40 50
rect:162 359 49 58 49
Caracas1967_03.jpg 0x0
rect:301 453 64 91 26
rect:274 67 65 78 14
rect:333 312 98 154 34
rect:252 391 37 117 27
rect:318 389 35 71 27
rect:12 272 248 114 6
Caracas1967_04.jpg 0x0
rect:162 310 61 139 26
rect:96 289 219 135 34
rect:171 288 21 111 27
Caracas1967_05.jpg 0x0
rect:52 291 83 274 40
rect:319 276 100 172 52
rect:231 205 37 217 40
rect:22 86 298 496 48
rect:315 206 71 288 40
rect:283 255 49 288 40
rect:127 440 48 220 40
rect:240 331 39 207 40
rect:86 431 243 183 52
rect:34 142 298 506 41
Caracas1967_06.jpg 0x0
rect:309 103 277 184 7
rect:435 361 76 54 6
Caracas1967_07.jpg 0x0
rect:456 210 83 124 53
rect:433 49 28 304 27
rect:414 8 124 302 34
rect:197 99 33 181 27
rect:133 129 196 291 34
rect:362 349 69 55 53
rect:424 209 121 205 34
Caracas1967_08.jpg 0x0
rect:261 339 73 105 55
rect:322 210 96 91 54
rect:284 396 73 120 54
Caracas1967_09.jpg 0x0
rect:26 177 45 56 48
rect:333 10 208 154 48
rect:180 189 130 59 48
rect:60 270 64 57 48
Caracas1967_10.jpg 0x0
rect:20 195 412 403 48
rect:321 164 90 217 40
rect:533 261 72 198 40
rect:46 183 174 261 41
Caracas1967_11.jpg 0x0
rect:52 15 395 730 48
rect:70 334 190 564 41
rect:265 15 197 363 41
Caracas1967_12.jpg 0x0
rect:896 215 25 52 32
rect:501 463 27 69 32
rect:404 256 46 43 34
rect:315 359 22 55 56
Caracas1967_13.jpg 0x0
rect:145 319 133 237 55
Caracas1967_14.jpg 0x0
rect:134 257 230 39 6
rect:135 140 535 219 57
Chichi1999_01.jpg 0x0
rect:4 8 658 159 58
rect:371 168 51 217 42
Chichi1999_02.jpg 0x0
rect:6 99 339 193 58
rect:292 104 208 413 59
Chichi1999_03.jpg 0x0
rect:63 190 72 108 60
rect:0 159 919 151 58
Chichi1999_04.jpg 0x0
rect:154 230 61 394 48
rect:256 -20 44 113 48
rect:288 249 27 58 52
Chichi1999_05.jpg 0x0
rect:494 146 66 38 41
rect:407 354 39 27 41
rect:467 144 43 79 52
rect:316 106 65 263 48
Chichi1999_06.jpg 0x0
rect:661 -12 56 59 61
rect:524 229 41 48 41
rect:320 246 21 36 52
rect:273 254 35 90 48
rect:192 20 600 181 10
rect:362 110 57 64 62
Chichi1999_07.jpg 0x0
rect:680 175 60 100 48
rect:126 141 45 191 48
rect:421 313 13 26 64
rect:59 257 523 181 63
rect:167 213 24 44 64
rect:301 253 31 36 64
rect:384 204 57 143 48
Chichi1999_08.jpg 0x0
rect:82 15 511 467 10
Chichi1999_09.jpg 0x0
rect:276 106 26 104 40
rect:164 73 102 96 41
rect:267 85 178 125 48
rect:235 131 48 105 40
Chichi1999_10.jpg 0x0
rect:158 14 484 410 10
Chichi1999_11.jpg 0x0
rect:2 102 162 688 10
rect:134 182 76 125 65
Chichi1999_12.jpg 0x0
rect:11 18 458 552 66
Chichi1999_13.jpg 0x0
rect:41 33 888 410 10
Chichi1999_14.jpg 0x0
rect:55 472 49 60 67
rect:111 244 52 58 67
rect:184 254 108 47 67
rect:269 376 47 54 39
rect:122 414 63 44 67
rect:108 186 27 67 67
rect:217 402 21 26 39
rect:133 331 32 40 67
rect:313 363 22 38 39
rect:105 397 33 40 67
rect:429 505 75 57 67
rect:202 499 28 32 67
rect:274 612 41 58 67
rect:310 639 25 25 39
rect:206 528 30 37 67
rect:219 166 20 43 67
rect:167 340 35 59 67
Chichi1999_15.jpg 0x0
rect:299 26 296 296 41
Chichi1999_16.jpg 0x0
rect:226 96 74 140 32
Chichi1999_17.jpg 0x0
rect:121 405 18 35 32
Chichi1999_18.jpg 0x0
rect:197 240 128 313 68
rect:181 285 23 109 69
rect:219 417 41 137 70
rect:203 279 37 114 69
rect:228 332 31 107 69
rect:315 325 23 132 69
Chichi1999_19.jpg 0x0
rect:298 150 167 329 3
rect:252 23 360 494 2
YogyakartaInd2006_03.jpg 0x0
rect:225 304 162 39 15
rect:269 29 101 2 15
rect:327 425 68 33 16
rect:316 53 140 54 15
rect:290 276 319 161 71
rect:380 105 89 33 16
rect:165 152 24 7 16
rect:184 181 80 35 15
Chichi1999_20.jpg 0x0
rect:333 504 59 166 41
rect:137 178 109 435 42
Chichi1999_21.jpg 0x0
rect:19 4 212 163 30
rect:410 42 272 145 37
rect:493 94 178 80 6
rect:257 291 115 105 6
rect:52 416 162 141 5
rect:543 7 134 98 57
rect:138 354 143 201 37
rect:183 143 173 357 72
Chichi1999_22.jpg 0x0
rect:492 296 12 23 73
rect:364 174 21 16 73
rect:192 188 218 195 10
rect:286 178 11 21 73
Chichi1999_23.jpg 0x0
rect:403 227 37 75 34
rect:318 221 46 58 73
rect:105 396 51 130 73
rect:161 219 24 25 34
rect:149 328 52 102 34
rect:126 157 57 68 73
rect:289 213 77 131 73
rect:369 153 28 33 26
rect:361 163 41 31 27
rect:4 89 591 159 74
Chichi1999_24.jpg 0x0
rect:3 391 259 194 74
rect:146 204 81 64 34
rect:248 174 53 55 46
rect:176 195 169 101 75
rect:440 243 1 2 46
Chichi1999_25.jpg 0x0
rect:214 258 118 220 34
rect:225 303 41 83 26
rect:147 243 143 362 73
Chichi1999_26.jpg 0x0
rect:210 12 41 22 73
rect:265 168 45 76 73
rect:184 504 88 52 26
rect:270 240 83 275 76
rect:105 601 117 182 73
rect:119 683 105 134 27
Chichi1999_27.jpg 0x0
rect:163 175 94 343 32
Chichi1999_28.jpg 0x0
rect:170 88 190 216 5
rect:18 69 310 133 6
rect:375 157 168 284 75
rect:247 342 275 145 77
Chichi1999_29.jpg 0x0
rect:141 176 252 339 48
rect:171 278 61 218 52
rect:166 172 141 123 40
Chichi1999_30.jpg 0x0
rect:231 180 192 54 78
rect:30 235 129 210 73
rect:165 131 319 380 40
rect:157 160 172 86 52
Chichi1999_31.jpg 0x0
rect:397 113 61 235 48
rect:166 62 159 312 79
Chichi1999_32.jpg 0x0
rect:343 121 62 230 39
rect:147 57 38 205 81
rect:112 10 92 256 80
rect:136 234 36 144 81
Chichi1999_33.jpg 0x0
rect:116 114 45 95 49
rect:229 81 126 382 32
rect:199 103 104 257 56
rect:309 115 28 143 49
rect:91 60 164 331 33
rect:150 123 93 297 32
Chichi1999_34.jpg 0x0
rect:129 97 325 322 10
Duzce1999_01.jpg 0x0
rect:101 59 135 277 39
rect:91 131 121 141 41
Duzce1999_02.jpg 0x0
rect:65 63 129 403 41
Duzce1999_03.jpg 0x0
rect:105 96 131 237 42
rect:0 184 113 264 31
rect:175 105 99 224 31
Gediz1970_01.jpg 0x0
rect:96 306 80 252 69
rect:215 510 55 141 69
rect:151 138 295 455 68
Guatemala1976_01.jpg 0x0
rect:31 199 96 145 48
rect:28 131 761 201 82
rect:450 188 158 160 48
rect:478 218 46 67 41
rect:67 151 34 48 41
rect:60 265 63 46 52
Guatemala1976_02.jpg 0x0
rect:195 74 388 289 48
rect:244 59 131 71 40
Guatemala1976_03.jpg 0x0
rect:19 86 730 301 75
Guatemala1976_04.jpg 0x0
rect:159 19 367 69 30
rect:52 92 598 307 30
rect:548 208 116 278 4
rect:654 135 166 445 4
Guatemala1976_05.jpg 0x0
rect:135 68 317 400 48
rect:226 173 242 161 41
rect:214 171 319 180 40
Guatemala1976_06.jpg 0x0
rect:81 136 226 543 39
Guatemala1976_07.jpg 0x0
rect:202 560 163 69 83
rect:29 371 43 45 6
rect:19 175 552 407 10
Guatemala1976_08.jpg 0x0
rect:144 36 403 347 48
rect:167 56 339 388 41
rect:394 59 134 243 40
Guatemala1976_09.jpg 0x0
rect:168 315 50 21 84
rect:356 201 86 31 85
rect:615 321 59 81 84
rect:99 315 25 36 85
rect:266 327 71 75 84
rect:193 236 69 44 85
rect:85 343 27 18 84
rect:632 293 45 56 85
Guatemala1976_10.jpg 0x0
rect:226 110 291 159 87
rect:369 310 48 118 87
rect:287 187 291 219 86
Guatemala1976_11.jpg 0x0
rect:144 273 142 273 34
GujaratIndia2001_01.jpg 0x0
rect:183 381 156 62 2
rect:22 297 154 226 4
rect:245 591 74 40 11
rect:65 491 72 45 2
Haiti2010_01.jpg 0x0
rect:134 37 131 147 7
rect:386 489 167 182 4
rect:277 256 35 156 40
rect:299 144 130 326 41
rect:549 232 144 125 4
Haiti2010_02.jpg 0x0
rect:45 110 530 173 88
rect:387 38 180 66 14
Haiti2010_03.jpg 0x0
rect:446 1 62 473 32
rect:280 332 243 257 32
rect:273 592 213 273 89
rect:241 361 48 45 49
Haiti2010_04.jpg 0x0
rect:143 259 245 455 41
rect:2 122 363 205 6
rect:176 43 226 311 34
Haiti2010_05.jpg 0x0
rect:312 300 222 83 52
rect:301 222 40 117 40
rect:249 305 33 129 40
rect:303 114 260 466 90
Haiti2010_06.jpg 0x0
rect:260 367 43 50 34
rect:517 219 607 557 91
rect:258 236 371 358 91
rect:409 197 193 338 33
rect:652 162 49 93 34
rect:504 223 83 52 6
rect:451 180 69 205 32
ImperialValley1979_01.jpg 0x0
rect:11 456 74 78 49
rect:361 383 30 34 50
rect:243 236 46 75 50
rect:485 217 52 38 32
rect:72 280 122 101 50
rect:492 346 24 23 32
rect:596 366 23 15 49
rect:409 424 51 43 32
rect:354 290 31 20 49
rect:12 277 114 110 32
rect:463 280 31 17 49
ImperialValley1979_02.jpg 0x0
rect:245 160 95 36 49
rect:156 107 71 162 50
rect:356 146 48 155 50
rect:132 213 279 52 92
rect:286 78 234 231 32
rect:346 114 117 238 50
ImperialValley1979_03.jpg 0x0
rect:206 247 98 179 50
rect:125 234 177 147 32
rect:106 261 95 189 50
rect:112 427 244 44 92
rect:73 314 322 27 92
rect:243 232 84 143 50
rect:111 262 149 180 32
Izmit1999_01.jpg 0x0
rect:434 338 54 89 26
rect:203 167 31 139 27
rect:324 122 43 102 27
rect:297 93 69 163 27
rect:131 71 332 336 34
Izmit1999_02.jpg 0x0
rect:27 92 691 304 10
Izmit1999_03.jpg 0x0
rect:171 59 199 373 32
rect:457 97 39 246 50
rect:148 41 436 323 93
rect:362 117 52 235 50
rect:204 274 266 36 92
rect:511 101 34 200 50
rect:193 108 79 382 50
rect:278 130 42 149 50
Izmit1999_04.jpg 0x0
rect:65 463 58 45 34
rect:137 630 168 139 88
rect:380 72 71 93 41
rect:120 263 121 92 88
rect:329 447 17 78 40
rect:287 445 23 55 40
rect:62 550 64 93 41
rect:264 67 62 82 48
rect:272 447 107 97 41
rect:73 448 39 117 42
Izmit1999_05.jpg 0x0
rect:74 27 652 554 10
Izmit1999_06.jpg 0x0
rect:89 185 85 137 50
rect:181 272 144 74 49
rect:140 239 78 234 50
rect:167 176 247 472 32
rect:259 352 38 160 50
rect:229 197 35 193 50
Izmit1999_07.jpg 0x0
rect:354 278 69 324 4
rect:404 130 72 91 3
rect:287 162 48 78 3
rect:193 282 41 130 3
rect:188 216 54 97 3
rect:289 76 152 43 6
rect:25 129 315 640 2
Izmit1999_08.jpg 0x0
rect:189 282 219 148 88
rect:137 121 95 65 41
rect:127 453 107 109 45
rect:141 22 119 103 34
rect:483 6 107 78 45
rect:643 92 86 76 41
rect:521 101 51 37 52
Izmit1999_09.jpg 0x0
rect:400 224 122 72 94
rect:58 159 44 61 41
rect:267 191 97 71 41
rect:258 280 45 26 41
rect:705 316 48 73 94
rect:816 293 71 79 41
Izmit1999_10.jpg 0x0
rect:155 402 149 41 78
rect:39 173 318 45 78
rect:81 355 319 60 78
rect:265 136 129 140 40
rect:217 581 116 110 40
rect:215 601 46 59 40
rect:319 422 100 28 78
rect:84 169 78 200 40
rect:167 168 52 215 40
rect:86 180 328 420 41
rect:110 169 78 293 40
Izmit1999_11.jpg 0x0
rect:273 205 93 216 40
rect:275 449 112 92 41
rect:262 191 174 127 41
rect:214 257 88 179 40
rect:226 343 98 175 40
Izmit1999_12.jpg 0x0
rect:462 171 33 103 42
rect:340 245 95 144 41
rect:322 234 83 162 94
rect:403 224 49 107 52
rect:269 114 37 92 45
rect:133 185 58 51 88
rect:61 255 37 61 40
rect:441 210 178 185 91
rect:53 312 54 115 94
rect:590 246 39 75 41
rect:341 138 59 35 6
rect:360 182 79 49 7
rect:1 221 33 32 41
rect:514 79 50 70 41
rect:122 80 29 29 6
rect:327 31 85 62 34
rect:12 61 40 30 6
rect:60 320 46 79 52
Izmit1999_13.jpg 0x0
rect:150 133 58 44 6
rect:214 216 41 115 41
rect:5 76 117 201 42
rect:108 194 33 75 41
rect:119 274 63 47 52
rect:112 176 132 104 94
rect:276 162 118 222 41
rect:327 74 71 75 41
rect:367 79 232 270 48
Izmit1999_14.jpg 0x0
rect:550 38 43 60 95
rect:298 6 116 86 35
rect:60 123 134 75 34
rect:303 246 43 25 34
rect:521 213 74 65 35
rect:572 278 52 37 34
rect:428 333 73 43 34
rect:270 403 25 30 34
rect:313 74 66 95 34
Izmit1999_15.jpg 0x0
rect:135 128 203 420 42
Izmit1999_16.jpg 0x0
rect:113 56 503 483 33
rect:157 96 44 77 40
rect:196 139 155 147 41
rect:151 83 187 395 39
Izmit1999_17.jpg 0x0
rect:96 96 237 238 41
Izmit1999_18.jpg 0x0
rect:203 126 116 255 39
rect:219 224 102 141 41
Izmit1999_19.jpg 0x0
rect:512 125 26 65 50
rect:247 59 249 421 96
rect:486 199 25 116 50
rect:182 131 244 237 32
Kobe1995_01.jpg 0x0
rect:18 133 780 179 63
Kobe1995_02.jpg 0x0
rect:2 68 473 549 68
Kobe1995_03.jpg 0x0
rect:27 52 621 799 10
Kobe1995_04.jpg 0x0
rect:278 412 45 38 41
Kobe1995_05.jpg 0x0
rect:40 326 418 78 78
rect:4 218 95 578 40
rect:409 119 138 303 40
rect:80 537 426 165 78
rect:104 209 252 459 52
Kobe1995_06.jpg 0x0
rect:154 470 290 364 42
rect:36 106 456 332 41
Kobe1995_07.jpg 0x0
rect:347 566 62 45 39
rect:103 325 44 33 39
rect:214 173 28 44 39
rect:197 490 28 42 39
rect:147 313 52 35 39
rect:223 93 27 27 39
rect:139 208 48 31 39
rect:392 390 25 52 39
rect:183 382 32 34 39
rect:344 247 36 30 39
rect:260 218 37 26 39
rect:284 382 33 31 39
rect:48 308 47 35 39
rect:361 166 54 44 39
rect:307 332 46 40 39
rect:292 333 32 40 39
rect:165 494 34 39 39
rect:191 239 34 29 39
rect:339 153 54 40 39
rect:303 251 29 35 39
rect:474 234 49 46 39
rect:320 304 34 40 39
rect:323 82 30 32 39
rect:46 341 55 20 39
rect:314 250 23 52 39
rect:123 401 28 21 39
Kobe1995_08.jpg 0x0
rect:244 77 518 177 97
Kobe1995_09.jpg 0x0
rect:74 524 83 77 88
rect:151 716 225 85 97
rect:81 654 101 98 88
rect:124 558 65 56 88
SanSalvador_1986_01.jpg 0x0
rect:309 134 120 124 41
rect:76 3 142 180 68
SanSalvador_1986_02.jpg 0x0
rect:325 158 32 51 41
rect:131 224 29 38 41
rect:153 221 32 32 41
rect:430 273 28 29 41
rect:569 238 30 44 41
rect:162 288 38 38 41
rect:238 153 17 27 41
rect:632 201 50 56 42
rect:571 205 30 53 41
SikkimIndia2001_01.jpg 0x0
rect:210 204 137 160 34
SikkimIndia2001_02.jpg 0x0
rect:9 190 56 33 54
rect:553 273 128 18 16
rect:354 134 101 180 33
rect:360 237 92 51 16
rect:384 94 117 41 16
rect:10 7 271 65 16
rect:150 92 139 485 33
rect:-19 2 479 109 33
SikkimIndia2001_03.jpg 0x0
rect:274 186 68 135 70
rect:144 123 82 179 69
rect:172 11 123 363 98
SikkimIndia2001_04.jpg 0x0
rect:3 24 252 197 99
rect:221 119 134 202 34
rect:408 186 360 84 99
SumatraInd2009_01.jpg 0x0
rect:254 29 68 297 81
SumatraInd2009_02.jpg 0x0
rect:259 102 145 159 41
WhittierNarrows1987_01.jpg 0x0
rect:12 39 896 305 10
WhittierNarrows1987_02.jpg 0x0
rect:207 275 104 353 41
WhittierNarrows1987_03.jpg 0x0
rect:327 150 143 283 32
WhittierNarrows1987_04.jpg 0x0
rect:284 58 86 213 41
rect:245 8 312 64 6
rect:179 15 176 136 100
YogyakartaInd2006_01.jpg 0x0
rect:167 -22 490 358 29
rect:233 159 214 97 49
rect:222 29 275 259 32
YogyakartaInd2006_02.jpg 0x0
rect:339 100 41 240 69
rect:246 40 113 468 98
rect:363 91 76 178 70
