Anchorage1964_01.jpg 0x0
rect:65 484 299 171 1
rect:92 7 178 228 1
Anchorage1964_02.jpg 0x0
rect:28 31 134 53 5
rect:152 87 110 92 4
rect:247 238 22 69 3
rect:104 247 49 16 6
rect:324 309 31 75 3
rect:636 290 19 53 3
rect:302 38 177 95 4
rect:354 286 18 45 3
rect:451 264 88 72 4
rect:36 210 173 34 5
rect:646 56 141 139 8
rect:483 301 16 38 3
rect:309 326 30 57 3
rect:89 187 28 21 6
rect:100 151 87 43 7
rect:400 208 16 76 3
rect:82 43 116 12 6
rect:224 336 33 61 3
rect:155 312 422 85 2
Anchorage1964_03.jpg 0x0
rect:278 86 253 224 9
rect:2 201 279 79 9
rect:0 316 751 79 10
Anchorage1964_04.jpg 0x0
rect:252 196 19 35 1
rect:280 231 29 23 5
rect:114 203 35 14 5
rect:462 407 21 17 5
rect:116 572 42 22 5
rect:284 70 34 13 5
rect:276 162 26 26 1
rect:208 65 40 18 5
rect:228 262 15 18 1
rect:163 22 23 22 5
rect:306 104 34 18 5
rect:360 353 26 15 5
rect:424 285 29 25 5
rect:150 276 28 18 5
rect:237 409 28 18 5
rect:147 208 24 18 5
rect:310 176 11 17 1
rect:114 212 22 16 5
rect:201 42 42 15 5
rect:324 199 12 24 1
rect:311 406 29 17 5
rect:228 160 18 37 1
rect:437 107 26 12 5
rect:129 168 24 18 5
rect:356 255 20 20 1
rect:299 367 8 1 1
rect:255 571 24 19 1
rect:373 32 32 19 5
rect:350 237 22 21 5
rect:226 253 21 32 1
rect:191 263 32 13 5
rect:290 291 36 19 5
rect:186 117 27 13 5
rect:238 463 13 26 1
rect:391 169 37 26 5
rect:185 295 27 25 8
rect:246 372 21 35 1
rect:203 372 45 15 5
rect:244 481 55 18 2
Anchorage1964_05.jpg 0x0
rect:34 437 27 49 1
rect:47 241 28 41 1
rect:78 57 25 53 1
rect:141 42 86 36 5
rect:343 1 45 71 1
rect:359 228 49 23 11
rect:331 192 114 70 2
rect:735 308 39 17 6
rect:650 321 51 48 8
rect:559 235 61 60 8
rect:627 222 32 74 1
rect:387 280 58 86 1
rect:526 198 49 16 6
rect:597 105 41 70 1
rect:657 281 50 25 5
rect:232 151 113 23 5
rect:56 215 16 50 1
rect:734 449 39 43 5
rect:87 190 20 48 1
rect:106 31 22 46 1
rect:367 202 27 75 1
rect:540 19 30 46 1
rect:349 209 18 20 11
rect:45 192 12 53 1
rect:107 81 21 56 1
rect:301 76 51 62 1
rect:190 182 160 41 6
rect:50 303 23 49 1
rect:233 34 125 53 6
Anchorage1964_06.jpg 0x0
rect:145 248 55 85 11
rect:148 71 289 418 12
rect:215 136 77 297 3
Anchorage1964_07.jpg 0x0
rect:383 131 63 135 13
rect:7 67 649 442 2
rect:17 294 307 30 11
rect:329 161 34 116 3
rect:280 160 153 185 11
rect:6 296 313 33 14
rect:427 279 276 187 2
rect:152 2 120 70 2
rect:429 211 83 115 11
Anchorage1964_08.jpg 0x0
rect:285 292 158 148 1
rect:33 700 86 156 1
rect:398 399 102 132 1
rect:56 73 122 133 1
rect:362 37 82 92 1
rect:49 276 75 124 1
Anchorage1964_09.jpg 0x0
rect:847 234 1 1 16
rect:68 166 45 8 16
rect:432 202 64 87 1
rect:562 239 59 89 8
rect:323 113 103 28 15
rect:97 222 62 54 1
rect:14 172 131 18 15
rect:12 15 63 11 16
rect:14 17 305 15 15
rect:487 10 232 10 15
rect:17 125 19 10 16
rect:689 147 101 15 15
rect:113 34 65 89 8
rect:90 333 95 77 8
rect:523 9 87 11 16
rect:393 152 59 71 1
rect:569 38 93 63 8
rect:167 117 348 9 15
rect:357 164 68 86 1
Anchorage1964_10.jpg 0x0
rect:133 187 255 101 18
rect:54 405 386 141 18
rect:75 254 303 347 1
rect:194 308 85 123 17
Anchorage1964_11.jpg 0x0
rect:74 377 570 12 14
rect:514 7 121 42 1
rect:174 71 119 120 4
rect:99 246 572 72 2
rect:149 194 372 26 15
rect:273 231 331 41 11
rect:82 485 770 14 14
rect:675 139 190 85 1
Anchorage1964_12.jpg 0x0
rect:428 84 42 210 3
rect:399 114 66 211 3
rect:13 104 609 279 2
rect:484 71 154 164 11
rect:196 207 21 107 3
Anchorage1964_13.jpg 0x0
rect:293 668 144 16 19
rect:266 419 205 34 2
rect:434 480 23 119 20
Anchorage1964_14.jpg 0x0
rect:117 666 30 58 22
rect:421 299 161 43 15
rect:531 5 67 133 11
rect:7 701 138 101 11
rect:378 15 46 299 11
rect:181 11 79 775 20
rect:253 205 56 104 21
rect:160 618 36 44 22
rect:374 490 131 64 23
rect:40 773 45 75 22
rect:15 487 26 49 22
rect:85 265 162 30 15
Anchorage1964_15.jpg 0x0
rect:249 79 80 358 20
rect:289 89 53 98 25
rect:279 9 120 56 4
rect:283 151 36 46 11
rect:225 220 164 42 15
rect:258 187 159 56 11
rect:209 589 170 79 2
rect:327 8 87 47 4
rect:278 195 88 33 24
Anchorage1964_16.jpg 0x0
rect:233 111 325 138 2
rect:13 165 226 162 2
rect:160 198 356 183 11
rect:59 268 88 108 11
rect:394 279 110 162 2
rect:16 279 70 59 2
Anchorage1964_17.jpg 0x0
rect:9 214 736 183 10
rect:11 145 273 168 9
rect:219 47 269 159 9
Anchorage1964_18.jpg 0x0
rect:456 345 252 24 15
rect:93 397 69 58 11
rect:308 302 25 63 11
rect:142 204 99 89 4
rect:630 203 123 113 4
rect:836 404 84 19 2
rect:563 240 39 14 2
rect:152 189 20 56 11
rect:289 290 82 21 2
rect:568 173 114 65 4
Anchorage1964_19.jpg 0x0
rect:250 201 55 77 26
rect:609 154 8 6 26
rect:492 171 8 17 26
rect:30 224 37 132 27
rect:345 115 23 33 26
rect:364 91 61 41 26
rect:543 153 22 46 26
rect:6 280 92 127 26
rect:428 104 45 40 28
rect:229 97 63 135 29
rect:418 180 18 47 26
rect:254 127 25 41 27
rect:658 224 29 46 28
rect:393 118 30 74 29
rect:528 174 18 37 26
rect:541 148 24 47 29
rect:465 177 8 15 26
rect:657 175 9 11 26
Anchorage1964_20.jpg 0x0
rect:215 121 73 56 27
rect:185 72 141 136 29
rect:552 364 30 85 26
rect:259 504 69 151 26
rect:214 96 94 64 26
Anchorage1964_21.jpg 0x0
rect:142 227 664 139 30
rect:2 118 49 49 26
rect:-5 82 104 112 29
rect:66 316 39 31 26
Bingol2003_01.jpg 0x0
rect:218 88 57 31 6
rect:385 135 59 145 34
rect:2 326 757 192 10
rect:624 424 55 237 32
rect:630 541 139 53 6
rect:975 315 77 43 33
rect:458 314 48 44 6
rect:389 144 60 76 33
rect:525 245 133 84 33
rect:607 82 70 59 6
rect:442 355 105 90 6
rect:106 226 56 83 33
rect:420 231 214 120 31
rect:626 195 72 62 6
rect:664 97 120 92 6
rect:442 72 182 218 31
rect:715 454 106 76 33
rect:22 275 85 59 33
rect:612 380 51 50 34
Bingol2003_02.jpg 0x0
rect:862 48 142 83 36
rect:126 208 84 304 32
rect:202 231 673 560 31
rect:111 643 198 323 32
rect:142 92 522 177 34
rect:544 194 337 156 35
rect:292 331 87 65 6
rect:386 433 73 104 26
Bingol2003_03.jpg 0x0
rect:120 22 135 44 2
rect:855 244 291 686 4
rect:619 239 172 91 11
rect:838 420 342 369 2
rect:136 58 100 147 33
rect:837 -6 261 225 4
rect:375 160 430 172 2
Bingol2003_04.jpg 0x0
rect:432 662 117 73 2
rect:108 766 22 63 3
rect:76 664 71 68 2
rect:78 675 29 53 3
rect:202 451 305 124 2
rect:255 255 192 179 4
rect:213 380 26 100 3
rect:260 419 38 118 3
CanterburyNZSeries2010_01.jpg 0x0
rect:101 145 147 372 12
CanterburyNZSeries2010_02.jpg 0x0
rect:49 9 200 328 37
rect:44 34 203 249 6
CanterburyNZSeries2010_03.jpg 0x0
rect:35 91 269 143 38
CanterburyNZSeries2010_04.jpg 0x0
rect:356 407 34 80 40
rect:307 8 80 157 42
rect:318 304 56 173 40
rect:260 506 17 74 40
rect:229 411 28 60 40
rect:238 353 19 151 40
rect:204 272 272 372 39
rect:259 518 78 182 41
CanterburyNZSeries2010_05.jpg 0x0
rect:209 246 214 362 4
rect:311 231 117 90 15
CanterburyNZSeries2010_06.jpg 0x0
rect:66 137 585 641 4
rect:304 180 200 82 2
CanterburyNZSeries2010_08.jpg 0x0
rect:616 101 225 305 43
rect:627 373 104 150 44
rect:806 477 49 132 44
rect:914 406 25 163 32
CanterburyNZSeries2010_09.jpg 0x0
rect:248 105 242 254 45
rect:210 262 200 470 39
CanterburyNZSeries2010_10.jpg 0x0
rect:156 350 248 140 6
rect:429 225 353 114 7
rect:300 358 174 61 46
rect:279 297 337 243 6
CanterburyNZSeries2010_11.jpg 0x0
rect:389 280 285 216 5
rect:272 157 357 124 7
CanterburyNZSeries2010_12.jpg 0x0
rect:59 431 962 237 2
rect:5 351 1194 309 47
rect:411 495 218 82 11
rect:132 519 118 44 11
CanterburyNZSeries2010_13.jpg 0x0
rect:125 17 318 836 12
rect:337 146 150 618 11
Caracas1967_01.jpg 0x0
rect:365 69 158 281 48
rect:393 229 33 116 48
rect:322 113 100 120 48
rect:290 209 11 56 48
Caracas1967_02.jpg 0x0
rect:156 448 39 27 50
rect:179 1 149 190 15
rect:121 194 183 256 51
rect:115 266 50 54 49
Caracas1967_03.jpg 0x0
rect:355 317 23 71 27
rect:366 432 54 62 26
rect:427 271 38 134 27
rect:233 231 83 190 34
rect:12 377 221 85 6
rect:339 70 96 68 14
Caracas1967_04.jpg 0x0
rect:171 246 175 158 34
rect:177 434 58 97 26
rect:182 374 23 111 27
Caracas1967_05.jpg 0x0
rect:199 267 51 249 40
rect:218 332 68 226 40
rect:68 261 259 191 52
rect:323 224 43 241 40
rect:110 293 47 282 40
rect:36 67 489 510 48
rect:212 269 62 190 40
rect:58 292 76 327 40
rect:36 140 442 332 41
rect:219 314 169 160 52
Caracas1967_06.jpg 0x0
rect:458 337 71 60 6
rect:452 88 315 263 7
Caracas1967_07.jpg 0x0
rect:511 63 31 251 27
rect:175 125 218 202 34
rect:390 353 119 80 53
rect:287 131 41 217 27
rect:360 301 155 331 34
rect:451 10 117 276 34
rect:386 270 92 107 53
Caracas1967_08.jpg 0x0
rect:427 180 83 159 54
rect:210 335 73 103 54
rect:189 374 64 113 55
Caracas1967_09.jpg 0x0
rect:105 242 45 59 48
rect:30 298 64 66 48
rect:163 175 124 96 48
rect:349 15 261 176 48
Caracas1967_10.jpg 0x0
rect:46 187 238 309 41
rect:310 421 68 235 40
rect:327 225 102 130 40
rect:13 177 334 459 48
Caracas1967_11.jpg 0x0
rect:275 11 134 362 41
rect:53 13 388 790 48
rect:65 182 323 509 41
Caracas1967_12.jpg 0x0
rect:297 282 20 39 56
rect:478 274 41 47 34
rect:830 482 22 61 32
rect:754 326 27 35 32
Caracas1967_13.jpg 0x0
rect:178 288 101 201 55
Caracas1967_14.jpg 0x0
rect:159 361 279 48 6
rect:123 141 658 150 57
Chichi1999_01.jpg 0x0
rect:4 8 500 147 58
rect:281 108 52 208 42
Chichi1999_02.jpg 0x0
rect:335 94 240 350 59
rect:6 75 330 133 58
Chichi1999_03.jpg 0x0
rect:0 173 564 180 58
rect:84 183 66 84 60
Chichi1999_04.jpg 0x0
rect:210 251 35 51 52
rect:223 257 99 332 48
rect:175 -12 65 147 48
Chichi1999_05.jpg 0x0
rect:299 203 50 66 52
rect:455 227 25 45 41
rect:422 104 104 157 48
rect:283 111 51 64 41
Chichi1999_06.jpg 0x0
rect:156 21 528 188 10
rect:481 -9 88 69 61
rect:372 143 35 109 48
rect:366 142 64 62 62
rect:446 219 33 41 41
rect:472 220 16 25 52
Chichi1999_07.jpg 0x0
rect:650 317 58 134 48
rect:445 187 31 25 64
rect:525 308 14 27 64
rect:185 126 24 58 64
rect:188 177 59 125 48
rect:56 176 677 113 63
rect:366 185 48 151 48
Chichi1999_08.jpg 0x0
rect:107 13 417 347 10
Chichi1999_09.jpg 0x0
rect:214 94 60 83 40
rect:204 59 157 126 48
rect:221 69 157 111 41
rect:203 86 36 75 40
Chichi1999_10.jpg 0x0
rect:155 20 632 452 10
Chichi1999_11.jpg 0x0
rect:2 176 149 529 10
rect:121 194 97 123 65
Chichi1999_12.jpg 0x0
rect:9 30 557 785 66
Chichi1999_13.jpg 0x0
rect:42 33 589 334 10
Chichi1999_14.jpg 0x0
rect:144 255 39 70 67
rect:88 473 44 38 67
rect:367 391 98 53 67
rect:100 428 25 28 67
rect:117 351 50 47 67
rect:201 326 32 61 67
rect:190 220 114 64 67
rect:144 446 19 45 67
rect:193 637 21 30 39
rect:332 321 29 26 39
rect:226 379 40 56 39
rect:51 444 48 41 67
rect:368 478 24 28 39
rect:227 195 18 51 67
rect:208 313 31 46 67
rect:125 305 47 63 67
rect:261 493 32 47 67
Chichi1999_15.jpg 0x0
rect:329 28 258 473 41
Chichi1999_16.jpg 0x0
rect:196 162 57 153 32
Chichi1999_17.jpg 0x0
rect:112 259 27 56 32
Chichi1999_18.jpg 0x0
rect:153 141 100 439 68
rect:328 244 48 112 70
rect:331 255 24 138 69
rect:211 196 26 96 69
rect:128 206 39 132 69
rect:318 247 32 141 69
Chichi1999_19.jpg 0x0
rect:202 150 139 280 3
rect:157 19 219 386 2
YogyakartaInd2006_03.jpg 0x0
rect:302 32 96 2 15
rect:167 161 69 30 15
rect:277 75 98 41 16
rect:179 278 255 170 71
rect:281 487 240 30 15
rect:322 122 21 7 16
rect:274 54 108 50 15
rect:405 544 41 29 16
Chichi1999_20.jpg 0x0
rect:222 147 135 338 42
rect:217 496 59 228 41
Chichi1999_21.jpg 0x0
rect:232 212 157 125 37
rect:549 9 99 95 57
rect:450 34 260 181 37
rect:481 85 204 133 6
rect:22 5 236 180 30
rect:266 260 96 135 6
rect:222 131 268 349 72
rect:84 318 130 101 5
Chichi1999_22.jpg 0x0
rect:411 241 15 25 73
rect:293 293 10 18 73
rect:294 117 280 164 10
rect:201 282 19 24 73
Chichi1999_23.jpg 0x0
rect:5 56 637 128 74
rect:140 120 45 39 73
rect:124 221 23 27 34
rect:217 332 47 69 34
rect:282 201 25 20 26
rect:289 351 68 95 73
rect:204 151 44 79 73
rect:135 310 65 129 73
rect:131 270 44 64 34
rect:199 238 25 26 27
Chichi1999_24.jpg 0x0
rect:192 217 82 45 34
rect:150 199 92 95 75
rect:407 355 1 2 46
rect:3 453 393 187 74
rect:165 153 32 41 46
Chichi1999_25.jpg 0x0
rect:229 426 39 77 26
rect:185 249 189 364 73
rect:197 285 131 295 34
Chichi1999_26.jpg 0x0
rect:154 504 103 84 27
rect:147 571 75 74 26
rect:244 12 44 34 73
rect:192 129 49 138 73
rect:126 702 151 125 73
rect:265 257 149 414 76
Chichi1999_27.jpg 0x0
rect:230 217 122 378 32
Chichi1999_28.jpg 0x0
rect:16 56 370 91 6
rect:152 95 158 176 5
rect:238 295 257 98 77
rect:341 164 173 195 75
Chichi1999_29.jpg 0x0
rect:205 231 94 120 52
rect:188 206 197 374 48
rect:286 156 122 144 40
Chichi1999_30.jpg 0x0
rect:237 154 248 91 52
rect:197 142 209 353 40
rect:35 189 94 175 73
rect:216 162 251 77 78
Chichi1999_31.jpg 0x0
rect:524 88 36 218 48
rect:125 96 160 283 79
Chichi1999_32.jpg 0x0
rect:190 64 47 136 81
rect:152 9 114 421 80
rect:466 153 57 137 39
rect:163 242 45 176 81
Chichi1999_33.jpg 0x0
rect:164 125 54 116 49
rect:56 70 121 618 33
rect:151 91 97 264 32
rect:386 130 45 91 49
rect:282 129 118 256 56
rect:328 63 118 372 32
Chichi1999_34.jpg 0x0
rect:94 120 439 394 10
Duzce1999_01.jpg 0x0
rect:92 170 93 170 41
rect:126 63 138 386 39
Duzce1999_02.jpg 0x0
rect:83 38 122 406 41
Duzce1999_03.jpg 0x0
rect:0 187 115 198 31
rect:240 133 87 242 31
rect:141 117 139 280 42
Gediz1970_01.jpg 0x0
rect:131 121 273 614 68
rect:276 506 96 188 69
rect:162 286 76 211 69
Guatemala1976_01.jpg 0x0
rect:76 277 50 60 52
rect:554 117 60 56 41
rect:545 109 146 142 48
rect:52 147 109 111 48
rect:20 138 728 164 82
rect:67 128 58 33 41
Guatemala1976_02.jpg 0x0
rect:329 48 82 73 40
rect:198 68 251 286 48
Guatemala1976_03.jpg 0x0
rect:17 83 656 314 75
Guatemala1976_04.jpg 0x0
rect:720 170 127 315 4
rect:477 227 108 312 4
rect:49 87 569 169 30
rect:137 19 398 57 30
Guatemala1976_05.jpg 0x0
rect:171 141 446 205 40
rect:202 207 389 93 41
rect:152 98 361 402 48
Guatemala1976_06.jpg 0x0
rect:92 98 162 523 39
Guatemala1976_07.jpg 0x0
rect:24 231 415 404 10
rect:25 265 76 45 6
rect:159 677 156 86 83
Guatemala1976_08.jpg 0x0
rect:294 55 196 269 40
rect:178 26 500 573 48
rect:185 48 452 465 41
Guatemala1976_09.jpg 0x0
rect:88 247 35 26 85
rect:108 318 24 28 84
rect:186 367 36 30 84
rect:310 262 47 45 84
rect:188 218 72 52 85
rect:655 331 81 38 85
rect:571 328 51 74 84
rect:287 355 77 23 85
Guatemala1976_10.jpg 0x0
rect:364 397 29 119 87
rect:243 101 166 171 87
rect:187 208 187 262 86
Guatemala1976_11.jpg 0x0
rect:187 191 129 244 34
GujaratIndia2001_01.jpg 0x0
rect:59 368 79 24 2
rect:228 543 274 94 2
rect:32 283 197 166 4
rect:292 504 72 59 11
Haiti2010_01.jpg 0x0
rect:170 49 125 91 7
rect:433 260 125 107 4
rect:237 115 122 273 41
rect:352 328 35 102 40
rect:510 603 233 175 4
Haiti2010_02.jpg 0x0
rect:380 34 184 47 14
rect:65 100 563 267 88
Haiti2010_03.jpg 0x0
rect:238 681 53 75 49
rect:353 1 61 540 32
rect:247 727 271 165 89
rect:229 412 184 236 32
Haiti2010_04.jpg 0x0
rect:132 394 348 551 41
rect:282 38 271 253 34
rect:2 190 209 156 6
Haiti2010_05.jpg 0x0
rect:226 144 304 395 90
rect:252 222 39 110 40
rect:289 264 40 71 40
rect:315 197 178 146 52
Haiti2010_06.jpg 0x0
rect:253 257 201 469 91
rect:471 319 63 236 32
rect:235 378 33 48 34
rect:474 208 80 77 34
rect:523 120 625 709 91
rect:412 117 146 397 33
rect:417 202 100 42 6
ImperialValley1979_01.jpg 0x0
rect:417 305 35 39 32
rect:451 406 55 44 32
rect:15 309 98 61 49
rect:315 253 49 23 49
rect:482 311 23 13 49
rect:415 395 63 69 32
rect:14 396 140 101 32
rect:227 366 35 49 50
rect:74 392 124 100 50
rect:459 322 30 27 49
rect:385 345 37 39 50
ImperialValley1979_02.jpg 0x0
rect:254 94 225 182 32
rect:436 108 78 238 50
rect:171 225 125 55 49
rect:205 99 99 202 50
rect:245 125 59 163 50
rect:187 221 223 68 92
ImperialValley1979_03.jpg 0x0
rect:391 227 72 193 50
rect:223 447 62 146 50
rect:137 351 206 172 32
rect:112 187 165 172 32
rect:128 391 336 49 92
rect:87 426 370 30 92
rect:113 223 69 249 50
Izmit1999_01.jpg 0x0
rect:504 338 55 60 26
rect:244 94 411 262 34
rect:311 108 39 107 27
rect:216 75 43 138 27
rect:270 199 28 98 27
Izmit1999_02.jpg 0x0
rect:35 125 608 314 10
Izmit1999_03.jpg 0x0
rect:300 87 32 268 50
rect:340 122 42 176 50
rect:167 178 337 40 92
rect:128 95 82 358 50
rect:208 100 51 178 50
rect:236 65 188 387 32
rect:179 29 359 336 93
rect:609 97 65 381 50
Izmit1999_04.jpg 0x0
rect:69 502 87 58 34
rect:297 107 104 104 41
rect:327 287 16 61 40
rect:84 325 38 64 42
rect:459 464 28 54 40
rect:150 288 97 81 88
rect:316 305 77 84 41
rect:90 668 202 95 88
rect:389 49 88 109 48
rect:74 519 67 106 41
Izmit1999_05.jpg 0x0
rect:114 23 532 480 10
Izmit1999_06.jpg 0x0
rect:166 140 252 384 32
rect:195 287 187 92 49
rect:197 318 41 153 50
rect:159 223 68 248 50
rect:229 297 37 155 50
rect:84 260 75 194 50
Izmit1999_07.jpg 0x0
rect:137 281 39 95 3
rect:283 63 179 58 6
rect:442 147 70 65 3
rect:29 155 287 508 2
rect:191 216 43 100 3
rect:341 371 73 472 4
rect:236 179 43 98 3
Izmit1999_08.jpg 0x0
rect:533 5 85 60 45
rect:154 508 65 90 45
rect:177 255 249 121 88
rect:131 27 82 108 34
rect:511 82 87 82 41
rect:696 87 76 37 52
rect:123 150 107 61 41
Izmit1999_09.jpg 0x0
rect:198 197 30 41 41
rect:296 280 129 78 94
rect:414 291 66 57 41
rect:341 292 90 63 41
rect:588 177 56 57 94
rect:34 246 58 70 41
Izmit1999_10.jpg 0x0
rect:121 431 322 79 78
rect:169 453 137 38 78
rect:297 142 152 181 40
rect:241 532 113 102 40
rect:291 623 69 22 78
rect:53 150 473 34 78
rect:82 146 80 257 40
rect:126 269 106 239 40
rect:78 174 309 598 41
rect:238 168 62 146 40
rect:262 437 43 61 40
Izmit1999_11.jpg 0x0
rect:271 281 75 133 40
rect:213 377 76 156 40
rect:291 300 54 228 40
rect:195 231 108 177 41
rect:246 419 79 140 41
Izmit1999_12.jpg 0x0
rect:590 143 72 56 41
rect:424 234 55 88 52
rect:385 140 46 88 42
rect:1 153 36 43 41
rect:289 141 47 29 6
rect:109 99 39 25 6
rect:489 87 37 90 41
rect:19 51 53 25 6
rect:291 177 65 47 7
rect:254 200 79 171 94
rect:302 28 76 75 34
rect:369 99 57 99 45
rect:171 278 75 65 88
rect:86 255 21 62 40
rect:566 132 136 204 91
rect:65 328 80 44 52
rect:58 306 79 83 94
rect:305 281 89 107 41
Izmit1999_13.jpg 0x0
rect:168 292 117 105 94
rect:167 302 32 84 41
rect:5 73 98 139 42
rect:131 284 92 75 52
rect:283 74 224 333 48
rect:113 108 43 33 6
rect:165 248 43 70 41
rect:355 94 66 119 41
rect:451 191 101 209 41
Izmit1999_14.jpg 0x0
rect:502 355 63 53 34
rect:435 47 42 66 95
rect:455 6 156 91 35
rect:347 121 91 84 35
rect:319 340 52 24 34
rect:391 278 36 24 34
rect:61 134 117 59 34
rect:559 91 68 69 34
rect:378 339 82 57 34
Izmit1999_15.jpg 0x0
rect:126 198 247 483 42
Izmit1999_16.jpg 0x0
rect:87 54 297 208 39
rect:127 132 192 150 41
rect:110 46 498 532 33
rect:261 140 41 119 40
Izmit1999_17.jpg 0x0
rect:133 151 148 315 41
Izmit1999_18.jpg 0x0
rect:148 100 152 221 39
rect:253 135 170 160 41
Izmit1999_19.jpg 0x0
rect:546 201 31 110 50
rect:472 203 24 81 50
rect:190 119 332 182 32
rect:207 86 253 382 96
Kobe1995_01.jpg 0x0
rect:18 135 559 151 63
Kobe1995_02.jpg 0x0
rect:2 72 579 527 68
Kobe1995_03.jpg 0x0
rect:42 57 597 745 10
Kobe1995_04.jpg 0x0
rect:308 221 51 55 41
Kobe1995_05.jpg 0x0
rect:432 109 121 313 40
rect:114 716 416 110 78
rect:51 206 322 68 78
rect:5 159 136 476 40
rect:166 179 228 535 52
Kobe1995_06.jpg 0x0
rect:39 185 314 364 41
rect:194 352 312 256 42
Kobe1995_07.jpg 0x0
rect:126 152 31 33 39
rect:437 287 44 42 39
rect:200 499 53 45 39
rect:325 138 39 30 39
rect:159 214 54 57 39
rect:34 266 32 28 39
rect:508 400 28 47 39
rect:138 403 26 27 39
rect:375 299 32 27 39
rect:114 224 43 39 39
rect:166 283 33 39 39
rect:271 265 54 40 39
rect:308 173 25 47 39
rect:229 383 34 27 39
rect:347 389 29 49 39
rect:526 290 40 42 39
rect:189 216 33 44 39
rect:107 287 38 23 39
rect:369 407 34 50 39
rect:275 85 30 32 39
rect:267 323 43 25 39
rect:278 141 53 43 39
rect:393 297 34 38 39
rect:294 208 25 46 39
rect:40 200 30 53 39
rect:458 231 36 54 39
Kobe1995_08.jpg 0x0
rect:322 59 421 243 97
Kobe1995_09.jpg 0x0
rect:245 474 211 54 97
rect:104 579 95 113 88
rect:74 613 65 82 88
rect:114 730 71 76 88
SanSalvador_1986_01.jpg 0x0
rect:53 3 135 208 68
rect:229 191 124 196 41
SanSalvador_1986_02.jpg 0x0
rect:154 224 20 34 41
rect:283 103 18 32 41
rect:449 191 44 33 41
rect:210 201 40 30 41
rect:205 223 37 34 41
rect:224 182 57 38 41
rect:326 295 29 45 41
rect:574 122 51 42 42
rect:434 305 42 59 41
SikkimIndia2001_01.jpg 0x0
rect:186 118 123 90 34
SikkimIndia2001_02.jpg 0x0
rect:-15 2 412 70 33
rect:9 131 65 59 54
rect:134 91 238 286 33
rect:9 5 340 70 16
rect:526 205 94 22 16
rect:385 243 72 33 16
rect:414 94 98 178 33
rect:611 85 86 43 16
SikkimIndia2001_03.jpg 0x0
rect:220 180 68 123 70
rect:268 114 61 141 69
rect:241 8 168 382 98
SikkimIndia2001_04.jpg 0x0
rect:221 221 100 219 34
rect:426 142 347 128 99
rect:3 22 211 325 99
SumatraInd2009_01.jpg 0x0
rect:273 27 83 367 81
SumatraInd2009_02.jpg 0x0
rect:171 62 230 196 41
WhittierNarrows1987_01.jpg 0x0
rect:17 39 854 272 10
WhittierNarrows1987_02.jpg 0x0
rect:147 213 125 302 41
WhittierNarrows1987_03.jpg 0x0
rect:238 135 193 340 32
WhittierNarrows1987_04.jpg 0x0
rect:185 46 95 279 41
rect:221 14 266 105 100
rect:266 8 327 60 6
YogyakartaInd2006_01.jpg 0x0
rect:168 -26 370 553 29
rect:189 30 303 361 32
rect:216 150 309 86 49
YogyakartaInd2006_02.jpg 0x0
rect:238 56 130 561 98
rect:427 116 50 200 69
rect:482 132 70 200 70
