Anchorage1964_01.jpg 0x0
rect:92 263 193 200 1
rect:65 6 215 182 1
Anchorage1964_02.jpg 0x0
rect:376 319 25 55 3
rect:509 136 66 63 4
rect:223 302 270 85 2
rect:98 39 96 14 6
rect:424 273 29 74 3
rect:297 230 21 68 3
rect:32 152 127 32 5
rect:321 43 171 62 4
rect:177 82 98 57 4
rect:149 190 41 14 6
rect:70 248 19 25 6
rect:506 293 15 56 3
rect:523 55 145 87 8
rect:485 224 20 71 3
rect:190 193 72 61 7
rect:363 231 21 54 3
rect:214 353 26 45 3
rect:268 277 22 67 3
rect:28 24 158 43 5
Anchorage1964_03.jpg 0x0
rect:230 117 328 248 9
rect:2 232 196 71 9
rect:0 280 792 88 10
Anchorage1964_04.jpg 0x0
rect:366 299 22 21 5
rect:445 462 23 21 5
rect:439 63 44 13 5
rect:301 369 22 13 5
rect:198 279 35 23 5
rect:316 339 31 23 5
rect:281 338 14 25 1
rect:155 48 39 17 5
rect:207 149 14 26 1
rect:383 78 39 17 5
rect:261 101 26 18 5
rect:432 147 24 23 5
rect:175 268 28 14 5
rect:362 282 38 22 5
rect:142 311 32 16 5
rect:185 208 30 13 5
rect:189 169 34 16 5
rect:337 489 26 27 1
rect:125 74 41 16 5
rect:213 540 26 13 5
rect:283 158 22 37 1
rect:447 434 39 19 5
rect:293 27 39 21 5
rect:185 136 24 19 5
rect:205 312 21 25 1
rect:329 419 36 17 5
rect:221 203 14 17 1
rect:253 313 52 19 2
rect:180 316 25 18 5
rect:132 33 34 16 5
rect:224 197 21 35 1
rect:226 290 22 19 1
rect:257 183 27 28 8
rect:456 201 26 24 5
rect:226 390 14 34 1
rect:301 284 27 33 1
rect:240 313 12 15 1
rect:188 174 34 29 5
rect:258 436 10 1 1
Anchorage1964_05.jpg 0x0
rect:56 344 22 52 1
rect:281 205 140 98 2
rect:98 386 23 54 1
rect:328 94 42 52 1
rect:117 33 29 40 1
rect:62 303 25 33 1
rect:523 1 40 73 1
rect:129 163 151 55 6
rect:67 54 20 51 1
rect:149 146 97 21 5
rect:381 363 39 74 8
rect:467 248 57 16 6
rect:546 192 47 57 1
rect:136 41 71 46 6
rect:46 100 20 46 1
rect:577 278 42 83 8
rect:503 230 33 62 1
rect:205 51 105 38 5
rect:26 519 18 47 1
rect:520 427 45 19 6
rect:406 167 29 22 11
rect:74 133 15 36 1
rect:429 29 39 62 1
rect:689 194 75 26 5
rect:439 172 45 28 11
rect:90 235 28 48 1
rect:626 293 67 86 1
rect:447 448 68 25 5
rect:433 93 28 56 1
Anchorage1964_06.jpg 0x0
rect:222 193 79 58 11
rect:111 77 260 539 12
rect:157 122 90 282 3
Anchorage1964_07.jpg 0x0
rect:258 156 69 130 13
rect:6 386 427 27 14
rect:9 55 714 357 2
rect:280 99 125 170 11
rect:181 2 127 51 2
rect:382 166 34 165 3
rect:346 232 61 104 11
rect:331 321 409 228 2
rect:12 241 321 44 11
Anchorage1964_08.jpg 0x0
rect:358 322 143 86 1
rect:327 42 130 88 1
rect:273 432 95 99 1
rect:34 486 130 149 1
rect:55 240 128 111 1
rect:55 69 104 155 1
Anchorage1964_09.jpg 0x0
rect:393 24 57 68 8
rect:11 19 83 10 16
rect:129 268 50 77 8
rect:14 109 81 20 15
rect:530 174 1 1 16
rect:13 165 23 11 16
rect:50 150 52 11 16
rect:338 203 51 65 1
rect:123 138 66 59 1
rect:589 106 137 24 15
rect:15 15 385 15 15
rect:564 8 137 10 16
rect:193 159 202 11 15
rect:72 34 75 58 8
rect:470 173 90 76 1
rect:517 9 236 13 15
rect:459 280 87 83 8
rect:287 181 62 83 1
rect:325 125 98 18 15
Anchorage1964_10.jpg 0x0
rect:62 321 405 117 18
rect:87 212 434 338 1
rect:193 327 78 98 17
rect:221 146 146 64 18
Anchorage1964_11.jpg 0x0
rect:535 107 189 93 1
rect:224 209 462 21 15
rect:516 8 80 38 1
rect:95 346 720 13 14
rect:75 356 649 23 14
rect:371 281 313 39 11
rect:105 55 167 90 4
rect:114 148 614 100 2
Anchorage1964_12.jpg 0x0
rect:517 66 175 119 11
rect:247 111 64 205 3
rect:243 249 23 75 3
rect:13 107 467 201 2
rect:325 101 64 158 3
Anchorage1964_13.jpg 0x0
rect:423 375 88 12 19
rect:273 558 166 25 2
rect:436 312 40 120 20
Anchorage1964_14.jpg 0x0
rect:178 247 72 99 21
rect:78 687 40 63 22
rect:366 653 187 80 23
rect:32 679 60 58 22
rect:222 11 85 270 11
rect:242 9 107 488 20
rect:152 705 50 74 22
rect:429 189 165 74 15
rect:12 585 150 78 11
rect:25 443 19 78 22
rect:60 219 176 26 15
rect:469 6 71 108 11
Anchorage1964_15.jpg 0x0
rect:411 10 95 48 4
rect:411 248 97 44 24
rect:193 167 41 61 11
rect:197 81 78 347 20
rect:244 609 160 71 2
rect:358 261 137 38 11
rect:210 9 62 81 4
rect:232 183 125 49 15
rect:199 134 42 99 25
Anchorage1964_16.jpg 0x0
rect:64 413 84 86 11
rect:13 360 60 105 2
rect:199 211 307 153 11
rect:280 106 267 158 2
rect:387 169 159 179 2
rect:11 155 246 145 2
Anchorage1964_17.jpg 0x0
rect:13 135 223 110 9
rect:10 157 901 278 10
rect:349 63 285 144 9
Anchorage1964_18.jpg 0x0
rect:369 395 386 29 15
rect:183 279 97 53 11
rect:362 304 63 17 2
rect:684 145 121 71 4
rect:497 347 64 18 2
rect:245 247 29 67 11
rect:321 117 111 74 4
rect:463 389 46 18 2
rect:127 250 88 92 4
rect:94 236 22 50 11
Anchorage1964_19.jpg 0x0
rect:33 193 43 77 27
rect:359 172 43 42 28
rect:6 247 51 116 26
rect:552 174 13 24 26
rect:526 263 13 39 26
rect:322 104 16 66 29
rect:586 165 6 14 26
rect:481 135 14 35 26
rect:406 104 45 61 29
rect:243 329 39 70 26
rect:383 55 60 164 29
rect:928 186 7 8 26
rect:386 110 42 44 26
rect:348 83 28 23 27
rect:599 169 6 17 26
rect:353 306 28 38 28
rect:409 155 33 23 26
rect:369 184 20 41 26
Anchorage1964_20.jpg 0x0
rect:170 71 140 151 29
rect:146 123 74 69 26
rect:250 108 74 34 27
rect:615 494 29 86 26
rect:280 555 67 97 26
Anchorage1964_21.jpg 0x0
rect:-6 61 104 194 29
rect:192 167 403 195 30
rect:52 386 31 34 26
rect:2 78 45 38 26
Bingol2003_01.jpg 0x0
rect:460 156 123 66 6
rect:424 286 70 53 6
rect:285 183 98 52 33
rect:649 276 119 122 31
rect:337 389 33 60 34
rect:559 76 178 199 31
rect:192 101 95 35 6
rect:430 302 64 164 32
rect:505 136 42 105 34
rect:345 400 88 84 6
rect:2 351 819 192 10
rect:577 577 125 64 6
rect:605 93 104 58 6
rect:651 593 74 38 33
rect:23 182 69 46 33
rect:685 308 39 64 6
rect:561 266 81 67 33
rect:123 149 54 90 33
rect:669 276 124 55 33
Bingol2003_02.jpg 0x0
rect:299 209 964 470 31
rect:592 349 86 112 26
rect:434 371 77 99 6
rect:698 76 91 79 36
rect:170 130 528 121 34
rect:188 233 97 410 32
rect:148 641 120 311 32
rect:373 161 531 98 35
Bingol2003_03.jpg 0x0
rect:107 42 95 91 33
rect:789 298 325 677 4
rect:505 170 159 65 11
rect:83 31 143 41 2
rect:292 159 275 182 2
rect:824 -7 202 216 4
rect:953 408 337 451 2
Bingol2003_04.jpg 0x0
rect:86 592 31 77 3
rect:345 428 143 83 2
rect:151 560 32 102 3
rect:199 407 40 88 3
rect:312 272 107 198 4
rect:90 427 99 84 2
rect:101 566 22 82 3
rect:203 515 282 178 2
CanterburyNZSeries2010_01.jpg 0x0
rect:107 82 110 349 12
CanterburyNZSeries2010_02.jpg 0x0
rect:68 40 137 225 6
rect:46 11 226 341 37
CanterburyNZSeries2010_03.jpg 0x0
rect:58 67 328 169 38
CanterburyNZSeries2010_04.jpg 0x0
rect:322 308 30 44 40
rect:300 384 40 130 40
rect:303 309 29 123 40
rect:225 371 100 167 41
rect:237 222 159 280 39
rect:325 405 36 55 40
rect:392 394 16 65 40
rect:288 9 84 171 42
CanterburyNZSeries2010_05.jpg 0x0
rect:294 155 178 87 15
rect:278 447 216 381 4
CanterburyNZSeries2010_06.jpg 0x0
rect:318 307 226 92 2
rect:77 94 867 640 4
CanterburyNZSeries2010_08.jpg 0x0
rect:786 597 59 100 44
rect:750 471 127 150 44
rect:511 136 160 226 43
rect:899 511 41 168 32
CanterburyNZSeries2010_09.jpg 0x0
rect:237 379 164 416 39
rect:205 125 237 265 45
CanterburyNZSeries2010_10.jpg 0x0
rect:291 156 277 116 7
rect:230 327 335 262 6
rect:256 359 169 74 46
rect:289 454 226 120 6
CanterburyNZSeries2010_11.jpg 0x0
rect:415 338 315 195 5
rect:408 266 298 158 7
CanterburyNZSeries2010_12.jpg 0x0
rect:160 504 202 52 11
rect:653 365 216 53 11
rect:38 339 1035 319 2
rect:5 188 748 478 47
CanterburyNZSeries2010_13.jpg 0x0
rect:403 177 119 380 11
rect:185 13 434 722 12
Caracas1967_01.jpg 0x0
rect:224 172 8 83 48
rect:411 120 61 126 48
rect:388 49 173 316 48
rect:214 231 51 77 48
Caracas1967_02.jpg 0x0
rect:164 278 39 83 49
rect:282 1 131 112 15
rect:170 260 173 241 51
rect:90 384 30 38 50
Caracas1967_03.jpg 0x0
rect:321 441 41 51 27
rect:17 453 202 81 6
rect:214 293 51 92 26
rect:230 370 32 112 27
rect:253 62 100 80 14
rect:176 442 133 132 34
Caracas1967_04.jpg 0x0
rect:126 381 36 111 26
rect:141 407 22 84 27
rect:107 374 221 196 34
Caracas1967_05.jpg 0x0
rect:357 184 41 195 40
rect:48 439 50 196 40
rect:249 247 70 243 40
rect:51 156 465 455 41
rect:289 267 34 301 40
rect:79 407 292 132 52
rect:322 301 135 152 52
rect:244 392 37 198 40
rect:128 416 42 207 40
rect:39 120 362 591 48
Caracas1967_06.jpg 0x0
rect:265 123 271 173 7
rect:449 312 88 51 6
Caracas1967_07.jpg 0x0
rect:270 8 102 316 34
rect:146 98 185 225 34
rect:367 43 26 289 27
rect:590 498 126 59 53
rect:147 186 34 167 27
rect:433 335 119 132 53
rect:319 243 153 286 34
Caracas1967_08.jpg 0x0
rect:162 340 79 74 55
rect:263 148 83 119 54
rect:304 383 87 108 54
Caracas1967_09.jpg 0x0
rect:123 133 95 76 48
rect:64 244 46 51 48
rect:443 14 221 207 48
rect:21 171 40 38 48
Caracas1967_10.jpg 0x0
rect:400 264 73 195 40
rect:218 275 78 215 40
rect:35 214 344 300 41
rect:14 139 435 415 48
Caracas1967_11.jpg 0x0
rect:78 282 235 383 41
rect:325 15 209 194 41
rect:38 18 417 988 48
Caracas1967_12.jpg 0x0
rect:733 254 17 43 32
rect:187 324 28 61 56
rect:448 244 44 42 34
rect:638 291 31 70 32
Caracas1967_13.jpg 0x0
rect:168 505 98 181 55
Caracas1967_14.jpg 0x0
rect:156 110 754 157 57
rect:155 205 203 55 6
Chichi1999_01.jpg 0x0
rect:4 6 788 221 58
rect:323 188 59 285 42
Chichi1999_02.jpg 0x0
rect:429 123 163 480 59
rect:6 68 480 175 58
Chichi1999_03.jpg 0x0
rect:0 170 932 232 58
rect:77 143 53 135 60
Chichi1999_04.jpg 0x0
rect:177 -14 65 92 48
rect:208 319 26 76 52
rect:215 272 94 236 48
Chichi1999_05.jpg 0x0
rect:319 93 56 53 41
rect:393 87 67 254 48
rect:341 358 22 28 41
rect:281 196 48 59 52
Chichi1999_06.jpg 0x0
rect:583 214 49 41 41
rect:417 269 21 22 52
rect:386 199 51 101 48
rect:115 16 530 218 10
rect:509 -9 87 60 61
rect:357 114 59 73 62
Chichi1999_07.jpg 0x0
rect:680 317 14 23 64
rect:68 231 537 125 63
rect:726 237 63 134 48
rect:185 139 23 52 64
rect:404 234 50 99 48
rect:164 174 34 136 48
rect:341 244 38 31 64
Chichi1999_08.jpg 0x0
rect:111 16 677 451 10
Chichi1999_09.jpg 0x0
rect:230 121 124 82 41
rect:184 94 34 94 40
rect:199 109 50 86 40
rect:274 93 209 231 48
Chichi1999_10.jpg 0x0
rect:184 20 604 425 10
Chichi1999_11.jpg 0x0
rect:2 159 191 572 10
rect:181 217 71 104 65
Chichi1999_12.jpg 0x0
rect:7 28 409 620 66
Chichi1999_13.jpg 0x0
rect:41 47 724 415 10
Chichi1999_14.jpg 0x0
rect:166 314 38 35 67
rect:391 586 61 67 67
rect:328 601 32 69 67
rect:90 388 65 57 67
rect:252 343 33 48 67
rect:69 389 38 49 67
rect:201 344 27 60 67
rect:137 452 36 47 67
rect:101 343 70 59 67
rect:351 448 25 22 39
rect:324 336 32 47 39
rect:100 465 32 37 67
rect:156 296 31 72 67
rect:202 180 114 63 67
rect:269 410 40 37 39
rect:252 587 19 34 39
rect:201 303 16 34 67
Chichi1999_15.jpg 0x0
rect:261 23 311 459 41
Chichi1999_16.jpg 0x0
rect:175 103 58 104 32
Chichi1999_17.jpg 0x0
rect:179 446 24 45 32
Chichi1999_18.jpg 0x0
rect:180 148 116 468 68
rect:247 218 24 108 69
rect:207 230 31 121 70
rect:203 243 50 70 69
rect:327 217 23 102 69
rect:153 249 26 161 69
Chichi1999_19.jpg 0x0
rect:210 95 141 291 3
rect:209 24 281 394 2
YogyakartaInd2006_03.jpg 0x0
rect:247 423 291 31 15
rect:246 121 68 29 15
rect:194 364 325 117 71
rect:362 75 94 32 16
rect:381 49 147 58 15
rect:250 27 111 2 15
rect:213 200 20 6 16
rect:209 487 63 21 16
Chichi1999_20.jpg 0x0
rect:212 207 131 391 42
rect:225 439 64 256 41
Chichi1999_21.jpg 0x0
rect:184 310 146 183 37
rect:535 9 151 108 57
rect:18 3 220 148 30
rect:410 41 294 262 37
rect:513 124 118 103 6
rect:170 135 265 329 72
rect:82 505 138 128 5
rect:236 274 109 109 6
Chichi1999_22.jpg 0x0
rect:188 184 14 25 73
rect:168 188 290 115 10
rect:444 263 13 21 73
rect:351 183 18 23 73
Chichi1999_23.jpg 0x0
rect:362 241 43 28 27
rect:134 185 21 35 34
rect:293 218 30 25 26
rect:130 199 44 67 73
rect:3 59 653 239 74
rect:90 248 57 105 73
rect:325 411 32 86 34
rect:306 340 90 99 73
rect:255 145 47 71 73
rect:117 322 47 74 34
Chichi1999_24.jpg 0x0
rect:164 215 42 70 46
rect:3 424 267 251 74
rect:233 330 72 44 34
rect:120 160 119 113 75
rect:245 305 1 2 46
Chichi1999_25.jpg 0x0
rect:130 194 127 295 73
rect:123 274 112 270 34
rect:187 243 43 94 26
Chichi1999_26.jpg 0x0
rect:211 142 57 124 73
rect:253 327 118 403 76
rect:136 401 137 106 27
rect:129 404 125 160 73
rect:192 19 40 30 73
rect:189 484 60 65 26
Chichi1999_27.jpg 0x0
rect:147 227 93 266 32
Chichi1999_28.jpg 0x0
rect:261 111 131 170 75
rect:115 86 167 201 5
rect:185 191 184 120 77
rect:22 89 217 96 6
Chichi1999_29.jpg 0x0
rect:193 238 100 187 40
rect:143 248 256 227 48
rect:135 294 61 151 52
Chichi1999_30.jpg 0x0
rect:222 91 348 309 40
rect:145 186 150 98 52
rect:210 211 164 60 78
rect:23 207 118 129 73
Chichi1999_31.jpg 0x0
rect:521 112 41 186 48
rect:196 64 166 360 79
Chichi1999_32.jpg 0x0
rect:186 218 47 161 81
rect:120 8 70 385 80
rect:194 74 49 158 81
rect:628 136 41 213 39
Chichi1999_33.jpg 0x0
rect:144 147 58 117 49
rect:234 129 99 167 56
rect:270 86 144 375 32
rect:158 108 117 167 32
rect:285 163 30 113 49
rect:77 59 122 356 33
Chichi1999_34.jpg 0x0
rect:143 113 292 271 10
Duzce1999_01.jpg 0x0
rect:89 160 126 96 41
rect:92 50 120 223 39
Duzce1999_02.jpg 0x0
rect:106 59 120 289 41
Duzce1999_03.jpg 0x0
rect:203 139 71 276 31
rect:0 135 97 183 31
rect:79 77 135 298 42
Gediz1970_01.jpg 0x0
rect:147 130 326 696 68
rect:144 243 98 264 69
rect:270 500 89 224 69
Guatemala1976_01.jpg 0x0
rect:49 185 72 148 48
rect:656 215 82 53 41
rect:55 180 69 58 52
rect:24 129 482 119 82
rect:437 128 148 162 48
rect:61 143 48 40 41
Guatemala1976_02.jpg 0x0
rect:275 78 110 78 40
rect:193 59 229 334 48
Guatemala1976_03.jpg 0x0
rect:17 58 792 251 75
Guatemala1976_04.jpg 0x0
rect:97 26 253 98 30
rect:575 200 98 285 4
rect:34 83 424 231 30
rect:341 330 121 236 4
Guatemala1976_05.jpg 0x0
rect:105 91 499 320 48
rect:199 111 440 126 40
rect:249 138 316 132 41
Guatemala1976_06.jpg 0x0
rect:150 94 176 339 39
Guatemala1976_07.jpg 0x0
rect:25 282 77 64 6
rect:28 171 499 415 10
rect:263 383 90 77 83
Guatemala1976_08.jpg 0x0
rect:231 57 437 343 41
rect:207 22 305 308 48
rect:444 94 240 223 40
Guatemala1976_09.jpg 0x0
rect:148 384 37 36 84
rect:195 298 65 47 85
rect:85 232 23 29 84
rect:82 354 32 21 85
rect:289 389 49 68 84
rect:376 359 53 40 85
rect:467 263 54 65 84
rect:763 240 52 70 85
Guatemala1976_10.jpg 0x0
rect:197 89 296 179 87
rect:246 185 196 263 86
rect:292 381 51 83 87
Guatemala1976_11.jpg 0x0
rect:130 278 124 165 34
GujaratIndia2001_01.jpg 0x0
rect:178 422 231 78 2
rect:28 467 134 216 4
rect:342 396 68 49 11
rect:90 611 50 31 2
Haiti2010_01.jpg 0x0
rect:224 372 27 126 40
rect:146 45 112 80 7
rect:287 137 195 447 41
rect:394 254 135 118 4
rect:540 568 166 206 4
Haiti2010_02.jpg 0x0
rect:51 106 553 188 88
rect:355 31 181 50 14
Haiti2010_03.jpg 0x0
rect:212 356 241 232 32
rect:267 374 67 72 49
rect:165 419 315 247 89
rect:253 1 61 536 32
Haiti2010_04.jpg 0x0
rect:126 258 409 578 41
rect:2 154 334 203 6
rect:209 46 159 344 34
Haiti2010_05.jpg 0x0
rect:344 300 155 150 52
rect:418 211 46 116 40
rect:224 265 22 78 40
rect:175 112 235 511 90
Haiti2010_06.jpg 0x0
rect:337 182 184 428 33
rect:374 233 81 260 32
rect:576 205 473 650 91
rect:242 303 235 385 91
rect:179 205 37 63 34
rect:380 218 64 37 6
rect:652 161 80 71 34
ImperialValley1979_01.jpg 0x0
rect:387 446 40 19 49
rect:309 389 44 57 32
rect:606 234 19 15 49
rect:437 296 31 42 32
rect:308 348 24 28 50
rect:57 327 96 107 50
rect:327 412 50 48 50
rect:15 269 83 92 49
rect:451 338 31 19 49
rect:316 241 53 36 32
rect:13 389 113 132 32
ImperialValley1979_02.jpg 0x0
rect:353 126 104 155 50
rect:202 168 65 106 50
rect:222 109 85 181 50
rect:238 69 183 206 32
rect:164 250 256 71 92
rect:196 222 121 47 49
ImperialValley1979_03.jpg 0x0
rect:166 182 230 134 32
rect:317 362 48 205 50
rect:173 220 190 187 32
rect:101 459 220 31 92
rect:110 253 268 28 92
rect:72 226 64 259 50
rect:173 310 106 160 50
Izmit1999_01.jpg 0x0
rect:283 245 36 134 27
rect:273 65 39 239 27
rect:238 120 52 150 27
rect:330 317 52 84 26
rect:230 60 348 243 34
Izmit1999_02.jpg 0x0
rect:28 142 696 342 10
Izmit1999_03.jpg 0x0
rect:230 139 44 134 50
rect:380 94 42 231 50
rect:187 76 284 415 32
rect:188 76 67 232 50
rect:314 118 38 214 50
rect:480 62 65 394 50
rect:225 233 274 42 92
rect:158 49 268 489 93
Izmit1999_04.jpg 0x0
rect:139 285 153 54 88
rect:138 498 171 134 88
rect:319 98 102 66 41
rect:291 75 98 87 48
rect:84 553 38 69 42
rect:352 445 70 58 41
rect:494 427 20 75 40
rect:53 588 49 91 41
rect:38 270 61 60 34
rect:491 317 22 65 40
Izmit1999_05.jpg 0x0
rect:80 35 528 557 10
Izmit1999_06.jpg 0x0
rect:386 321 49 153 50
rect:247 371 34 123 50
rect:104 246 73 129 50
rect:158 250 189 82 49
rect:123 178 212 298 32
rect:122 204 60 230 50
Izmit1999_07.jpg 0x0
rect:355 214 49 112 3
rect:23 142 330 485 2
rect:276 331 108 369 4
rect:187 359 41 161 3
rect:179 238 66 70 3
rect:256 135 58 55 3
rect:338 78 93 60 6
Izmit1999_08.jpg 0x0
rect:127 120 66 88 41
rect:190 233 247 120 88
rect:567 80 55 29 52
rect:159 31 118 101 34
rect:141 501 62 98 45
rect:604 77 85 65 41
rect:370 7 97 89 45
Izmit1999_09.jpg 0x0
rect:242 236 141 89 94
rect:802 184 52 72 41
rect:666 218 66 78 94
rect:342 200 87 89 41
rect:55 161 42 71 41
rect:283 148 34 24 41
Izmit1999_10.jpg 0x0
rect:176 217 56 212 40
rect:322 565 38 60 40
rect:95 174 363 620 41
rect:49 170 69 240 40
rect:219 466 58 35 78
rect:127 328 138 44 78
rect:45 281 249 32 78
rect:189 200 112 196 40
rect:249 614 109 106 40
rect:225 97 150 158 40
rect:126 309 256 83 78
Izmit1999_11.jpg 0x0
rect:139 364 88 161 40
rect:170 467 132 164 41
rect:161 169 54 154 40
rect:236 300 68 212 40
rect:212 274 106 156 41
Izmit1999_12.jpg 0x0
rect:433 27 105 59 34
rect:351 219 57 110 52
rect:91 277 36 63 40
rect:143 275 86 68 88
rect:328 259 100 162 41
rect:64 331 49 60 52
rect:64 72 45 24 6
rect:38 214 80 121 94
rect:210 149 49 32 6
rect:300 346 105 145 94
rect:425 147 52 85 45
rect:541 124 88 65 7
rect:14 61 47 24 6
rect:648 141 245 156 91
rect:255 251 47 135 42
rect:1 205 40 46 41
rect:318 175 44 56 41
rect:481 121 55 116 41
Izmit1999_13.jpg 0x0
rect:169 288 40 71 41
rect:194 95 232 389 48
rect:308 87 76 104 41
rect:143 262 51 77 52
rect:148 96 56 40 6
rect:169 248 126 148 94
rect:157 287 45 109 41
rect:4 63 90 189 42
rect:341 210 110 202 41
Izmit1999_14.jpg 0x0
rect:479 61 60 76 95
rect:533 437 62 41 34
rect:494 164 74 105 35
rect:231 259 37 40 34
rect:487 183 83 36 34
rect:65 176 123 78 34
rect:441 78 69 85 34
rect:271 8 110 87 35
rect:283 515 41 23 34
Izmit1999_15.jpg 0x0
rect:158 244 253 266 42
Izmit1999_16.jpg 0x0
rect:97 82 285 602 33
rect:217 118 42 114 40
rect:124 102 220 124 41
rect:119 52 187 340 39
Izmit1999_17.jpg 0x0
rect:86 99 182 194 41
Izmit1999_18.jpg 0x0
rect:153 143 99 161 41
rect:197 152 160 192 39
Izmit1999_19.jpg 0x0
rect:250 103 331 420 96
rect:310 101 218 193 32
rect:610 106 24 122 50
rect:534 211 30 73 50
Kobe1995_01.jpg 0x0
rect:26 146 790 116 63
Kobe1995_02.jpg 0x0
rect:2 64 601 503 68
Kobe1995_03.jpg 0x0
rect:45 42 429 799 10
Kobe1995_04.jpg 0x0
rect:252 303 46 42 41
Kobe1995_05.jpg 0x0
rect:4 165 116 562 40
rect:43 239 487 90 78
rect:429 128 184 562 40
rect:85 546 378 143 78
rect:129 188 197 536 52
Kobe1995_06.jpg 0x0
rect:172 373 312 454 42
rect:68 180 332 349 41
Kobe1995_07.jpg 0x0
rect:217 286 33 51 39
rect:148 332 26 51 39
rect:470 114 45 24 39
rect:134 234 38 36 39
rect:346 405 54 46 39
rect:121 157 35 41 39
rect:106 225 43 29 39
rect:193 166 34 57 39
rect:438 281 34 41 39
rect:299 318 26 29 39
rect:355 244 37 46 39
rect:419 480 40 51 39
rect:456 254 50 58 39
rect:273 204 39 47 39
rect:33 372 42 24 39
rect:326 82 31 28 39
rect:352 176 31 55 39
rect:345 352 25 50 39
rect:288 339 43 34 39
rect:367 232 33 29 39
rect:48 214 42 44 39
rect:465 157 40 51 39
rect:253 321 43 29 39
rect:115 250 27 40 39
rect:214 397 32 32 39
rect:148 418 31 24 39
Kobe1995_08.jpg 0x0
rect:316 58 584 224 97
Kobe1995_09.jpg 0x0
rect:73 629 53 60 88
rect:140 741 136 92 97
rect:69 426 78 48 88
rect:123 704 67 67 88
SanSalvador_1986_01.jpg 0x0
rect:230 151 122 173 41
rect:57 3 141 277 68
SanSalvador_1986_02.jpg 0x0
rect:354 206 32 62 41
rect:620 219 27 36 41
rect:140 243 32 38 41
rect:274 193 35 34 41
rect:406 302 30 52 41
rect:190 306 22 39 41
rect:323 157 14 32 41
rect:463 200 51 35 42
rect:224 137 29 34 41
SikkimIndia2001_01.jpg 0x0
rect:195 138 104 124 34
SikkimIndia2001_02.jpg 0x0
rect:8 6 225 99 16
rect:-17 2 329 97 33
rect:230 316 65 36 16
rect:8 152 55 44 54
rect:484 311 113 19 16
rect:179 78 136 490 33
rect:382 86 73 33 16
rect:329 133 83 143 33
SikkimIndia2001_03.jpg 0x0
rect:196 68 76 225 69
rect:160 13 192 383 98
rect:245 153 66 125 70
SikkimIndia2001_04.jpg 0x0
rect:336 205 93 174 34
rect:3 39 291 306 99
rect:410 254 338 88 99
SumatraInd2009_01.jpg 0x0
rect:310 23 80 411 81
SumatraInd2009_02.jpg 0x0
rect:231 73 180 166 41
WhittierNarrows1987_01.jpg 0x0
rect:17 29 677 253 10
WhittierNarrows1987_02.jpg 0x0
rect:226 330 141 292 41
WhittierNarrows1987_03.jpg 0x0
rect:312 147 130 343 32
WhittierNarrows1987_04.jpg 0x0
rect:237 7 216 81 6
rect:208 55 113 165 41
rect:322 15 320 99 100
YogyakartaInd2006_01.jpg 0x0
rect:378 155 353 73 49
rect:221 30 415 228 32
rect:175 -26 286 647 29
YogyakartaInd2006_02.jpg 0x0
rect:406 138 43 264 69
rect:275 59 158 415 98
rect:282 108 67 218 70
