Anchorage1964_01.jpg 0x0
rect:93 373 266 206 1
rect:122 8 152 121 1
Anchorage1964_02.jpg 0x0
rect:674 238 15 59 3
rect:94 48 109 16 6
rect:79 220 21 20 6
rect:22 163 138 52 5
rect:630 75 89 138 8
rect:203 42 171 59 4
rect:518 289 19 45 3
rect:279 342 19 71 3
rect:540 243 27 39 3
rect:317 225 23 80 3
rect:40 18 161 30 5
rect:122 253 46 19 6
rect:553 168 69 54 4
rect:149 193 95 62 7
rect:242 265 18 82 3
rect:193 96 80 79 4
rect:444 336 24 61 3
rect:363 366 25 44 3
rect:197 177 393 104 2
Anchorage1964_03.jpg 0x0
rect:229 71 333 227 9
rect:2 161 267 61 9
rect:0 202 601 58 10
Anchorage1964_04.jpg 0x0
rect:329 114 25 20 5
rect:207 167 23 25 5
rect:230 148 41 18 5
rect:210 225 14 18 1
rect:356 365 28 27 1
rect:246 368 42 20 5
rect:113 430 34 16 5
rect:380 466 37 18 5
rect:147 122 37 18 5
rect:346 296 28 19 5
rect:312 169 12 32 1
rect:206 402 63 21 2
rect:199 290 9 18 1
rect:303 428 17 31 1
rect:323 75 41 14 5
rect:262 462 18 32 1
rect:377 462 22 24 1
rect:219 346 32 14 5
rect:299 233 21 13 5
rect:202 456 41 20 5
rect:437 279 31 16 5
rect:337 236 21 13 5
rect:253 188 22 26 1
rect:172 107 29 14 5
rect:301 112 34 20 5
rect:357 345 9 1 1
rect:172 264 23 26 8
rect:163 251 19 24 5
rect:376 295 26 21 5
rect:351 274 14 16 1
rect:204 367 39 11 5
rect:178 21 21 18 5
rect:295 24 31 23 5
rect:212 235 15 24 1
rect:171 161 21 22 5
rect:373 300 22 15 5
rect:202 56 25 10 5
rect:250 91 26 21 1
rect:148 475 39 19 5
Anchorage1964_05.jpg 0x0
rect:41 334 21 57 1
rect:421 62 52 58 1
rect:427 1 49 49 1
rect:543 286 48 17 6
rect:666 513 47 68 8
rect:320 173 38 21 11
rect:536 82 44 70 1
rect:488 313 51 56 1
rect:65 55 25 34 1
rect:74 106 20 62 1
rect:599 324 75 25 5
rect:608 24 25 64 1
rect:55 419 20 43 1
rect:228 181 29 20 11
rect:74 34 22 51 1
rect:60 120 19 46 1
rect:204 121 146 23 5
rect:634 208 71 38 5
rect:660 304 44 14 6
rect:170 51 119 60 6
rect:567 223 43 64 8
rect:84 207 18 39 1
rect:178 185 122 39 6
rect:230 198 124 72 2
rect:50 238 19 47 1
rect:368 140 32 52 1
rect:84 206 17 59 1
rect:560 180 54 65 1
rect:135 62 100 26 5
Anchorage1964_06.jpg 0x0
rect:184 167 94 379 3
rect:87 61 150 322 12
rect:191 302 74 81 11
Anchorage1964_07.jpg 0x0
rect:395 140 36 138 13
rect:8 68 868 344 2
rect:471 263 328 158 2
rect:515 250 97 89 11
rect:20 203 260 26 11
rect:305 126 36 163 3
rect:203 2 85 65 2
rect:6 439 498 34 14
rect:347 145 118 128 11
Anchorage1964_08.jpg 0x0
rect:379 24 93 85 1
rect:233 248 81 151 1
rect:60 94 156 123 1
rect:35 420 120 147 1
rect:38 294 102 130 1
rect:309 353 162 154 1
Anchorage1964_09.jpg 0x0
rect:447 8 325 15 15
rect:531 120 86 26 15
rect:112 237 75 59 8
rect:680 194 88 90 8
rect:80 30 77 68 8
rect:11 16 374 18 15
rect:16 140 96 22 15
rect:368 122 60 72 1
rect:680 110 164 19 15
rect:191 109 63 88 1
rect:776 13 110 12 16
rect:13 17 53 12 16
rect:122 186 77 60 1
rect:48 137 65 9 16
rect:20 175 23 8 16
rect:398 114 66 86 1
rect:649 42 97 51 8
rect:171 159 206 11 15
rect:761 133 1 1 16
Anchorage1964_10.jpg 0x0
rect:86 207 310 348 1
rect:62 515 391 164 18
rect:219 232 159 110 18
rect:143 291 104 144 17
Anchorage1964_11.jpg 0x0
rect:685 145 191 106 1
rect:107 189 537 63 2
rect:457 8 78 40 1
rect:272 140 322 21 15
rect:104 471 754 18 14
rect:108 67 180 112 4
rect:93 508 468 16 14
rect:357 220 266 31 11
Anchorage1964_12.jpg 0x0
rect:235 213 30 132 3
rect:360 82 65 165 3
rect:13 92 650 371 2
rect:335 96 127 130 11
rect:279 111 66 254 3
Anchorage1964_13.jpg 0x0
rect:522 363 38 128 20
rect:420 545 96 14 19
rect:240 628 218 20 2
Anchorage1964_14.jpg 0x0
rect:302 786 141 59 23
rect:110 767 38 66 22
rect:94 201 118 24 15
rect:333 220 178 65 15
rect:381 10 71 260 11
rect:293 5 96 114 11
rect:165 282 72 82 21
rect:8 423 256 83 11
rect:53 425 35 86 22
rect:154 660 42 49 22
rect:27 682 33 48 22
rect:245 13 76 562 20
Anchorage1964_15.jpg 0x0
rect:216 166 49 72 25
rect:464 211 136 33 24
rect:229 189 184 37 15
rect:351 9 124 64 4
rect:283 9 91 75 4
rect:346 282 114 51 11
rect:218 139 36 57 11
rect:223 77 67 610 20
rect:280 610 291 61 2
Anchorage1964_16.jpg 0x0
rect:84 395 74 83 11
rect:149 97 298 93 2
rect:467 180 191 131 2
rect:11 96 158 150 2
rect:263 248 323 213 11
rect:15 311 68 61 2
Anchorage1964_17.jpg 0x0
rect:9 235 690 274 10
rect:12 99 304 92 9
rect:373 61 175 164 9
Anchorage1964_18.jpg 0x0
rect:151 309 92 48 11
rect:491 123 99 106 4
rect:703 290 59 22 2
rect:651 173 139 67 4
rect:488 353 291 31 15
rect:466 271 29 20 2
rect:121 148 91 91 4
rect:505 378 61 20 2
rect:145 264 22 47 11
rect:364 356 42 51 11
Anchorage1964_19.jpg 0x0
rect:296 129 38 30 27
rect:495 194 19 31 26
rect:381 154 18 26 26
rect:218 75 84 165 29
rect:317 104 27 63 29
rect:38 259 36 86 27
rect:352 266 26 30 28
rect:451 116 42 91 29
rect:328 204 40 62 26
rect:5 314 77 184 26
rect:619 175 7 8 26
rect:573 242 10 19 26
rect:420 98 26 32 26
rect:437 243 20 29 26
rect:391 131 48 28 28
rect:531 228 7 9 26
rect:345 134 9 15 26
rect:240 90 42 56 26
Anchorage1964_20.jpg 0x0
rect:155 64 158 154 29
rect:583 499 45 93 26
rect:196 325 63 177 26
rect:220 73 54 58 27
rect:205 84 126 52 26
Anchorage1964_21.jpg 0x0
rect:143 161 748 210 30
rect:61 363 30 40 26
rect:2 100 58 26 26
rect:-6 51 73 195 29
Bingol2003_01.jpg 0x0
rect:862 373 70 46 33
rect:28 188 72 67 33
rect:714 416 218 69 6
rect:2 345 1098 318 10
rect:181 101 101 27 6
rect:648 336 69 65 6
rect:387 235 62 79 34
rect:500 72 64 56 6
rect:540 217 114 84 33
rect:569 84 119 227 31
rect:972 368 85 82 33
rect:477 301 42 69 6
rect:158 241 53 71 33
rect:571 407 53 210 32
rect:731 86 99 69 6
rect:399 192 92 94 33
rect:438 277 156 187 31
rect:420 355 72 105 6
rect:535 463 39 47 34
Bingol2003_02.jpg 0x0
rect:366 247 81 107 6
rect:241 299 963 579 31
rect:117 85 577 126 34
rect:153 572 172 170 32
rect:577 304 134 136 26
rect:602 68 156 58 36
rect:217 323 111 273 32
rect:573 178 479 131 35
Bingol2003_03.jpg 0x0
rect:396 167 263 54 11
rect:82 33 157 99 33
rect:541 249 178 416 4
rect:371 168 295 145 2
rect:97 30 143 35 2
rect:806 -8 239 265 4
rect:652 504 275 341 2
Bingol2003_04.jpg 0x0
rect:292 326 31 99 3
rect:91 708 76 107 2
rect:62 450 25 73 3
rect:133 511 177 212 2
rect:144 529 35 93 3
rect:213 212 129 129 4
rect:212 380 33 107 3
rect:354 478 86 103 2
CanterburyNZSeries2010_01.jpg 0x0
rect:119 104 161 238 12
CanterburyNZSeries2010_02.jpg 0x0
rect:38 34 163 227 6
rect:56 11 149 246 37
CanterburyNZSeries2010_03.jpg 0x0
rect:38 61 251 154 38
CanterburyNZSeries2010_04.jpg 0x0
rect:292 249 33 128 40
rect:256 366 76 187 41
rect:274 358 227 268 39
rect:291 320 19 59 40
rect:333 486 47 171 40
rect:257 304 22 89 40
rect:410 338 18 62 40
rect:282 9 130 232 42
CanterburyNZSeries2010_05.jpg 0x0
rect:370 180 167 86 15
rect:284 447 208 420 4
CanterburyNZSeries2010_06.jpg 0x0
rect:77 123 624 449 4
rect:282 163 278 107 2
CanterburyNZSeries2010_08.jpg 0x0
rect:654 518 35 182 32
rect:881 693 48 157 44
rect:599 490 110 138 44
rect:591 104 169 333 43
CanterburyNZSeries2010_09.jpg 0x0
rect:346 226 165 492 39
rect:307 108 232 244 45
CanterburyNZSeries2010_10.jpg 0x0
rect:316 127 180 129 7
rect:218 249 148 75 46
rect:223 201 428 189 6
rect:216 611 231 89 6
CanterburyNZSeries2010_11.jpg 0x0
rect:275 401 384 238 5
rect:325 176 319 133 7
CanterburyNZSeries2010_12.jpg 0x0
rect:160 444 154 45 11
rect:503 334 124 51 11
rect:6 229 740 371 47
rect:35 383 718 250 2
CanterburyNZSeries2010_13.jpg 0x0
rect:468 177 100 568 11
rect:186 21 351 598 12
Caracas1967_01.jpg 0x0
rect:360 50 204 289 48
rect:361 208 36 104 48
rect:319 162 8 61 48
rect:349 155 64 108 48
Caracas1967_02.jpg 0x0
rect:124 475 37 56 49
rect:258 1 91 117 15
rect:122 391 53 28 50
rect:123 155 222 248 51
Caracas1967_03.jpg 0x0
rect:11 392 293 123 6
rect:258 73 73 117 14
rect:350 450 33 45 27
rect:257 400 52 72 26
rect:193 372 105 185 34
rect:433 308 32 135 27
Caracas1967_04.jpg 0x0
rect:160 365 58 103 26
rect:123 367 229 206 34
rect:144 472 23 75 27
Caracas1967_05.jpg 0x0
rect:57 125 329 348 41
rect:320 324 58 187 40
rect:385 168 39 287 40
rect:393 307 40 212 40
rect:170 270 158 200 52
rect:34 106 494 680 48
rect:148 449 48 192 40
rect:78 257 58 310 40
rect:151 295 42 171 40
rect:71 458 233 249 52
Caracas1967_06.jpg 0x0
rect:251 250 85 64 6
rect:408 109 346 177 7
Caracas1967_07.jpg 0x0
rect:423 441 110 67 53
rect:383 292 174 213 34
rect:316 7 97 382 34
rect:519 261 69 113 53
rect:511 57 22 301 27
rect:138 166 118 256 34
rect:268 163 46 166 27
Caracas1967_08.jpg 0x0
rect:514 189 55 172 54
rect:246 245 76 75 55
rect:261 346 62 105 54
Caracas1967_09.jpg 0x0
rect:141 178 98 111 48
rect:95 231 64 54 48
rect:26 256 46 42 48
rect:499 13 218 147 48
Caracas1967_10.jpg 0x0
rect:280 257 71 136 40
rect:48 146 332 395 41
rect:369 214 76 242 40
rect:13 186 359 468 48
Caracas1967_11.jpg 0x0
rect:59 235 228 507 41
rect:36 13 438 690 48
rect:353 17 184 325 41
Caracas1967_12.jpg 0x0
rect:819 289 27 48 32
rect:192 288 22 56 56
rect:641 313 24 66 32
rect:447 210 35 41 34
Caracas1967_13.jpg 0x0
rect:180 387 108 318 55
Caracas1967_14.jpg 0x0
rect:119 113 505 166 57
rect:101 307 296 35 6
Chichi1999_01.jpg 0x0
rect:243 150 65 246 42
rect:4 6 983 132 58
Chichi1999_02.jpg 0x0
rect:444 108 150 374 59
rect:6 129 393 189 58
Chichi1999_03.jpg 0x0
rect:0 153 722 157 58
rect:92 150 54 123 60
Chichi1999_04.jpg 0x0
rect:244 -16 64 91 48
rect:204 220 30 70 52
rect:162 147 83 342 48
Chichi1999_05.jpg 0x0
rect:431 137 48 37 41
rect:377 136 89 170 48
rect:259 215 48 62 52
rect:335 350 39 42 41
Chichi1999_06.jpg 0x0
rect:534 -15 87 56 61
rect:759 229 52 44 41
rect:315 182 19 32 52
rect:373 226 52 73 48
rect:389 111 49 77 62
rect:216 12 651 229 10
Chichi1999_07.jpg 0x0
rect:711 296 46 86 48
rect:462 213 50 166 48
rect:51 159 612 141 63
rect:143 169 58 207 48
rect:469 196 22 28 64
rect:640 180 19 22 64
rect:176 216 29 58 64
Chichi1999_08.jpg 0x0
rect:119 14 481 500 10
Chichi1999_09.jpg 0x0
rect:298 110 88 96 41
rect:170 52 138 228 48
rect:296 123 28 65 40
rect:286 93 69 104 40
Chichi1999_10.jpg 0x0
rect:219 23 427 475 10
Chichi1999_11.jpg 0x0
rect:2 166 163 558 10
rect:138 164 105 77 65
Chichi1999_12.jpg 0x0
rect:8 32 519 722 66
Chichi1999_13.jpg 0x0
rect:38 63 719 398 10
Chichi1999_14.jpg 0x0
rect:210 255 31 60 67
rect:179 169 104 38 67
rect:195 414 33 40 67
rect:74 411 36 41 67
rect:229 327 27 47 67
rect:159 269 50 68 67
rect:208 202 39 43 39
rect:102 254 45 61 67
rect:231 295 25 28 39
rect:181 606 28 31 67
rect:354 424 97 71 67
rect:233 335 35 34 39
rect:421 339 36 37 67
rect:295 224 18 34 67
rect:185 619 18 33 39
rect:69 401 45 42 67
rect:83 538 35 50 67
Chichi1999_15.jpg 0x0
rect:337 25 326 581 41
Chichi1999_16.jpg 0x0
rect:231 124 55 121 32
Chichi1999_17.jpg 0x0
rect:173 438 25 59 32
Chichi1999_18.jpg 0x0
rect:296 392 38 175 69
rect:110 293 28 94 69
rect:254 300 41 132 70
rect:132 160 99 518 68
rect:183 271 40 93 69
rect:202 255 42 158 69
Chichi1999_19.jpg 0x0
rect:247 95 119 289 3
rect:187 21 344 490 2
YogyakartaInd2006_03.jpg 0x0
rect:332 79 156 45 15
rect:444 63 78 46 16
rect:253 405 214 21 15
rect:275 354 71 23 16
rect:210 242 402 112 71
rect:200 24 117 2 15
rect:203 169 23 7 16
rect:176 171 54 35 15
Chichi1999_20.jpg 0x0
rect:152 164 119 326 42
rect:259 278 63 221 41
Chichi1999_21.jpg 0x0
rect:424 8 129 132 57
rect:213 327 70 104 6
rect:205 140 243 370 72
rect:323 38 188 207 37
rect:53 445 141 139 5
rect:339 119 202 132 6
rect:228 379 150 135 37
rect:17 4 293 178 30
Chichi1999_22.jpg 0x0
rect:338 304 17 24 73
rect:228 179 15 19 73
rect:186 181 205 113 10
rect:456 228 17 20 73
Chichi1999_23.jpg 0x0
rect:4 56 601 170 74
rect:172 134 49 48 73
rect:352 307 95 99 73
rect:93 387 53 56 34
rect:376 123 54 77 73
rect:245 193 24 29 26
rect:330 315 36 52 34
rect:94 265 35 85 73
rect:251 215 38 26 27
rect:182 147 25 26 34
Chichi1999_24.jpg 0x0
rect:352 261 1 2 46
rect:177 285 52 60 34
rect:163 162 39 43 46
rect:212 126 153 125 75
rect:3 355 276 242 74
Chichi1999_25.jpg 0x0
rect:175 273 188 226 73
rect:183 280 56 85 26
rect:157 190 155 168 34
Chichi1999_26.jpg 0x0
rect:143 614 177 164 73
rect:161 221 43 122 73
rect:92 434 159 136 27
rect:179 607 84 71 26
rect:176 237 107 351 76
rect:279 16 60 34 73
Chichi1999_27.jpg 0x0
rect:156 267 81 367 32
Chichi1999_28.jpg 0x0
rect:253 101 151 189 75
rect:190 97 105 268 5
rect:208 268 263 88 77
rect:21 77 361 165 6
Chichi1999_29.jpg 0x0
rect:225 200 69 144 52
rect:134 158 213 249 48
rect:173 170 76 195 40
Chichi1999_30.jpg 0x0
rect:192 138 129 74 52
rect:152 93 316 334 40
rect:208 268 132 74 78
rect:31 210 121 153 73
Chichi1999_31.jpg 0x0
rect:384 90 40 194 48
rect:155 120 99 358 79
Chichi1999_32.jpg 0x0
rect:178 68 39 179 81
rect:145 7 85 270 80
rect:143 198 40 104 81
rect:634 156 65 233 39
Chichi1999_33.jpg 0x0
rect:329 129 75 254 56
rect:205 89 117 384 32
rect:153 106 117 316 32
rect:107 167 38 115 49
rect:316 110 50 92 49
rect:77 70 158 589 33
Chichi1999_34.jpg 0x0
rect:163 121 459 325 10
Duzce1999_01.jpg 0x0
rect:145 116 74 145 41
rect:116 65 111 245 39
Duzce1999_02.jpg 0x0
rect:86 63 196 475 41
Duzce1999_03.jpg 0x0
rect:120 103 104 290 42
rect:0 189 88 175 31
rect:227 167 82 222 31
Gediz1970_01.jpg 0x0
rect:138 102 322 552 68
rect:258 296 85 141 69
rect:104 347 78 256 69
Guatemala1976_01.jpg 0x0
rect:43 233 70 60 52
rect:606 150 56 97 41
rect:45 143 58 42 41
rect:497 173 173 136 48
rect:49 208 89 135 48
rect:26 143 768 120 82
Guatemala1976_02.jpg 0x0
rect:190 81 84 125 40
rect:165 98 224 288 48
Guatemala1976_03.jpg 0x0
rect:19 79 838 301 75
Guatemala1976_04.jpg 0x0
rect:597 129 172 231 4
rect:99 29 346 64 30
rect:54 93 614 173 30
rect:347 210 85 296 4
Guatemala1976_05.jpg 0x0
rect:123 72 471 387 48
rect:158 140 245 129 40
rect:191 202 203 114 41
Guatemala1976_06.jpg 0x0
rect:122 104 282 324 39
Guatemala1976_07.jpg 0x0
rect:24 300 586 289 10
rect:214 669 140 86 83
rect:33 283 58 74 6
Guatemala1976_08.jpg 0x0
rect:132 55 370 496 41
rect:388 66 181 367 40
rect:202 38 481 426 48
Guatemala1976_09.jpg 0x0
rect:430 217 97 22 85
rect:184 354 47 21 84
rect:152 199 50 54 85
rect:122 194 45 35 85
rect:396 256 59 41 84
rect:79 380 35 24 84
rect:522 273 50 58 85
rect:757 398 42 87 84
Guatemala1976_10.jpg 0x0
rect:203 222 243 262 86
rect:429 331 31 101 87
rect:133 159 214 196 87
Guatemala1976_11.jpg 0x0
rect:168 312 119 213 34
GujaratIndia2001_01.jpg 0x0
rect:82 415 66 29 2
rect:299 488 66 58 11
rect:196 526 256 110 2
rect:28 439 218 125 4
Haiti2010_01.jpg 0x0
rect:141 48 91 82 7
rect:338 170 193 447 41
rect:405 554 188 215 4
rect:390 232 21 145 40
rect:644 211 86 112 4
Haiti2010_02.jpg 0x0
rect:288 35 214 44 14
rect:66 76 427 166 88
Haiti2010_03.jpg 0x0
rect:246 440 63 46 49
rect:188 654 285 283 89
rect:285 292 142 179 32
rect:467 1 85 730 32
Haiti2010_04.jpg 0x0
rect:2 135 219 150 6
rect:181 255 304 434 41
rect:261 52 203 279 34
Haiti2010_05.jpg 0x0
rect:395 177 35 87 40
rect:313 192 36 72 40
rect:331 142 301 347 90
rect:184 284 153 122 52
Haiti2010_06.jpg 0x0
rect:152 326 292 446 91
rect:419 206 91 103 34
rect:349 240 85 57 6
rect:398 314 83 223 32
rect:497 141 136 357 33
rect:240 290 30 56 34
rect:606 134 551 508 91
ImperialValley1979_01.jpg 0x0
rect:454 436 48 19 49
rect:510 292 25 29 32
rect:367 335 59 42 32
rect:564 224 23 17 49
rect:556 213 27 39 50
rect:62 407 100 133 50
rect:14 318 59 50 49
rect:343 377 38 65 50
rect:13 270 160 126 32
rect:364 237 39 29 32
rect:536 382 24 25 49
ImperialValley1979_02.jpg 0x0
rect:298 170 116 51 49
rect:144 223 341 70 92
rect:267 126 45 143 50
rect:276 81 193 289 32
rect:250 117 95 141 50
rect:147 86 97 157 50
ImperialValley1979_03.jpg 0x0
rect:119 276 252 27 92
rect:139 279 214 208 32
rect:315 339 80 170 50
rect:143 451 348 41 92
rect:110 292 68 270 50
rect:244 299 91 160 50
rect:136 168 183 197 32
Izmit1999_01.jpg 0x0
rect:243 301 43 128 27
rect:218 81 53 217 27
rect:296 129 54 193 27
rect:158 93 479 273 34
rect:510 307 69 57 26
Izmit1999_02.jpg 0x0
rect:23 144 693 253 10
Izmit1999_03.jpg 0x0
rect:164 92 83 219 50
rect:311 119 30 278 50
rect:205 54 303 466 32
rect:337 113 42 309 50
rect:501 96 38 309 50
rect:199 151 401 42 92
rect:143 51 497 419 93
rect:275 179 53 197 50
Izmit1999_04.jpg 0x0
rect:132 219 114 54 88
rect:88 407 230 131 88
rect:363 288 22 52 40
rect:313 317 24 65 40
rect:267 269 69 76 41
rect:249 100 105 71 41
rect:48 489 50 79 34
rect:316 57 104 88 48
rect:62 353 45 96 42
rect:65 603 41 96 41
Izmit1999_05.jpg 0x0
rect:94 30 627 463 10
Izmit1999_06.jpg 0x0
rect:219 225 43 208 50
rect:224 330 53 182 50
rect:81 211 62 162 50
rect:163 169 85 198 50
rect:121 202 185 510 32
rect:116 255 197 76 49
Izmit1999_07.jpg 0x0
rect:275 269 35 142 3
rect:376 73 109 57 6
rect:208 280 30 157 3
rect:241 273 66 86 3
rect:343 121 85 87 3
rect:457 373 111 339 4
rect:23 140 387 429 2
Izmit1999_08.jpg 0x0
rect:161 19 62 99 34
rect:504 99 58 94 41
rect:223 303 156 101 88
rect:467 6 101 57 45
rect:502 67 76 29 52
rect:181 390 63 65 45
rect:185 115 92 101 41
Izmit1999_09.jpg 0x0
rect:368 320 67 104 41
rect:575 236 57 50 41
rect:411 284 59 82 94
rect:272 319 125 121 94
rect:53 207 59 50 41
rect:343 157 42 25 41
Izmit1999_10.jpg 0x0
rect:123 236 298 53 78
rect:229 487 188 46 78
rect:131 215 101 336 40
rect:285 653 95 138 40
rect:45 250 413 54 78
rect:79 176 81 203 40
rect:347 95 170 181 40
rect:99 106 383 600 41
rect:238 651 92 25 78
rect:291 382 68 95 40
rect:281 117 62 213 40
Izmit1999_11.jpg 0x0
rect:191 410 102 166 41
rect:159 167 52 115 40
rect:209 238 52 154 40
rect:403 308 86 174 40
rect:187 187 129 227 41
Izmit1999_12.jpg 0x0
rect:66 246 46 72 52
rect:1 234 23 37 41
rect:293 172 59 36 6
rect:20 72 45 21 6
rect:581 30 73 64 34
rect:115 94 38 31 6
rect:538 168 87 69 7
rect:488 96 34 85 41
rect:186 187 75 48 88
rect:219 191 124 193 94
rect:309 142 56 54 45
rect:292 175 42 84 42
rect:108 291 36 39 40
rect:564 151 188 146 91
rect:53 292 75 89 94
rect:300 248 79 110 52
rect:251 388 92 153 41
rect:565 224 57 70 41
Izmit1999_13.jpg 0x0
rect:376 212 86 254 41
rect:4 56 90 182 42
rect:297 83 194 451 48
rect:144 231 43 106 41
rect:144 90 39 44 6
rect:129 196 74 54 52
rect:182 178 34 127 41
rect:143 226 74 119 94
rect:214 95 72 98 41
Izmit1999_14.jpg 0x0
rect:57 153 126 79 34
rect:255 412 59 39 34
rect:348 458 32 24 34
rect:550 52 45 42 95
rect:441 113 97 89 35
rect:560 339 91 43 34
rect:361 7 190 78 35
rect:543 92 90 51 34
rect:343 362 70 50 34
Izmit1999_15.jpg 0x0
rect:134 218 240 392 42
Izmit1999_16.jpg 0x0
rect:82 68 427 459 33
rect:170 110 197 160 41
rect:171 98 34 141 40
rect:92 51 186 391 39
Izmit1999_17.jpg 0x0
rect:141 157 182 235 41
Izmit1999_18.jpg 0x0
rect:227 189 159 326 39
rect:214 185 124 129 41
Izmit1999_19.jpg 0x0
rect:548 128 33 111 50
rect:218 87 192 237 96
rect:271 99 308 308 32
rect:457 134 24 75 50
Kobe1995_01.jpg 0x0
rect:20 134 850 108 63
Kobe1995_02.jpg 0x0
rect:2 70 551 583 68
Kobe1995_03.jpg 0x0
rect:47 44 585 576 10
Kobe1995_04.jpg 0x0
rect:246 244 57 54 41
Kobe1995_05.jpg 0x0
rect:177 138 251 487 52
rect:51 279 498 98 78
rect:123 753 368 131 78
rect:4 219 176 654 40
rect:270 181 124 446 40
Kobe1995_06.jpg 0x0
rect:187 353 402 438 42
rect:43 136 553 377 41
Kobe1995_07.jpg 0x0
rect:78 406 33 29 39
rect:230 216 38 33 39
rect:522 223 34 43 39
rect:219 212 33 28 39
rect:78 253 41 53 39
rect:134 447 36 46 39
rect:455 409 31 55 39
rect:454 254 25 26 39
rect:270 462 23 34 39
rect:249 88 28 40 39
rect:403 132 38 44 39
rect:457 131 47 47 39
rect:170 307 45 39 39
rect:430 305 42 48 39
rect:249 328 44 25 39
rect:253 303 34 20 39
rect:531 342 44 32 39
rect:506 202 30 37 39
rect:240 445 42 46 39
rect:35 254 45 24 39
rect:168 92 38 28 39
rect:166 246 38 45 39
rect:486 268 30 24 39
rect:283 212 55 49 39
rect:48 332 48 49 39
rect:263 269 31 47 39
Kobe1995_08.jpg 0x0
rect:329 74 478 175 97
Kobe1995_09.jpg 0x0
rect:97 572 91 56 88
rect:97 606 63 57 88
rect:147 588 196 97 97
rect:91 446 107 99 88
SanSalvador_1986_01.jpg 0x0
rect:47 3 107 232 68
rect:195 149 82 126 41
SanSalvador_1986_02.jpg 0x0
rect:131 239 35 39 41
rect:447 147 22 22 41
rect:132 194 27 40 41
rect:652 200 32 48 41
rect:296 141 47 41 41
rect:621 190 36 35 41
rect:408 288 35 43 41
rect:594 121 51 31 42
rect:130 158 23 34 41
SikkimIndia2001_01.jpg 0x0
rect:199 216 176 168 34
SikkimIndia2001_02.jpg 0x0
rect:9 7 324 72 16
rect:-19 2 325 89 33
rect:9 190 65 46 54
rect:167 93 167 332 33
rect:442 73 120 140 33
rect:563 233 71 21 16
rect:503 125 104 40 16
rect:303 257 85 58 16
SikkimIndia2001_03.jpg 0x0
rect:168 223 117 136 70
rect:168 73 95 166 69
rect:276 13 175 519 98
SikkimIndia2001_04.jpg 0x0
rect:376 170 249 127 99
rect:334 131 109 155 34
rect:3 24 332 258 99
SumatraInd2009_01.jpg 0x0
rect:193 20 44 311 81
SumatraInd2009_02.jpg 0x0
rect:255 94 133 191 41
WhittierNarrows1987_01.jpg 0x0
rect:14 31 654 294 10
WhittierNarrows1987_02.jpg 0x0
rect:135 253 124 235 41
WhittierNarrows1987_03.jpg 0x0
rect:257 165 141 270 32
WhittierNarrows1987_04.jpg 0x0
rect:310 16 321 100 100
rect:185 44 119 274 41
rect:168 10 387 71 6
YogyakartaInd2006_01.jpg 0x0
rect:225 -17 316 628 29
rect:285 141 278 66 49
rect:223 40 432 295 32
YogyakartaInd2006_02.jpg 0x0
rect:419 104 55 154 70
rect:322 64 170 477 98
rect:314 115 67 150 69
