Anchorage1964_01.jpg 0x0
rect:100 7 221 164 1
rect:87 447 194 177 1
Anchorage1964_02.jpg 0x0
rect:27 27 207 37 5
rect:69 37 113 15 6
rect:492 253 89 59 4
rect:432 308 16 51 3
rect:277 343 21 54 3
rect:29 170 187 44 5
rect:519 212 17 42 3
rect:316 34 318 85 4
rect:418 194 22 68 3
rect:121 173 96 60 7
rect:378 55 157 104 8
rect:250 66 91 67 4
rect:403 275 27 64 3
rect:217 328 414 68 2
rect:157 194 47 18 6
rect:178 339 23 87 3
rect:562 322 14 46 3
rect:101 264 29 21 6
rect:447 262 27 45 3
Anchorage1964_03.jpg 0x0
rect:0 234 612 59 10
rect:265 85 485 221 9
rect:2 159 293 66 9
Anchorage1964_04.jpg 0x0
rect:327 36 29 15 5
rect:307 262 14 15 1
rect:410 157 32 20 5
rect:189 246 23 27 1
rect:118 138 24 17 5
rect:266 335 21 15 5
rect:219 130 28 13 5
rect:196 114 16 37 1
rect:350 203 17 19 1
rect:294 337 23 28 1
rect:159 104 29 28 5
rect:399 312 24 18 5
rect:119 459 40 14 5
rect:123 253 33 19 5
rect:349 197 18 18 1
rect:137 579 72 17 2
rect:314 219 21 25 8
rect:378 185 35 24 5
rect:346 367 31 14 5
rect:131 375 25 17 5
rect:193 29 28 17 5
rect:318 235 17 35 1
rect:386 295 24 19 5
rect:195 206 29 19 5
rect:324 274 26 20 5
rect:265 249 27 29 1
rect:358 243 9 1 1
rect:241 288 19 28 1
rect:126 85 22 22 5
rect:242 149 34 24 5
rect:353 81 31 17 5
rect:162 228 23 19 5
rect:161 73 40 16 5
rect:358 74 37 23 5
rect:183 453 36 20 5
rect:333 569 20 31 1
rect:350 420 37 17 5
rect:275 182 16 23 1
rect:450 245 37 17 5
Anchorage1964_05.jpg 0x0
rect:506 279 60 80 1
rect:69 396 25 38 1
rect:189 43 92 44 6
rect:28 470 21 50 1
rect:76 93 23 40 1
rect:634 29 30 46 1
rect:556 88 41 60 1
rect:292 218 40 45 1
rect:260 39 124 39 5
rect:291 176 137 100 2
rect:590 293 36 90 8
rect:515 320 36 24 6
rect:212 180 127 30 6
rect:79 150 30 60 1
rect:699 309 63 44 5
rect:40 192 16 41 1
rect:55 173 19 53 1
rect:106 20 19 29 1
rect:373 91 43 82 1
rect:295 1 47 53 1
rect:461 173 56 74 1
rect:375 263 45 51 8
rect:399 218 16 22 11
rect:817 398 53 29 5
rect:429 288 30 22 11
rect:151 132 114 23 5
rect:767 420 52 12 6
rect:44 309 23 41 1
rect:121 105 20 42 1
Anchorage1964_06.jpg 0x0
rect:165 135 118 287 3
rect:209 287 72 94 11
rect:133 57 284 550 12
Anchorage1964_07.jpg 0x0
rect:345 116 48 108 13
rect:360 195 411 277 2
rect:372 162 42 92 3
rect:7 397 522 26 14
rect:342 101 119 137 11
rect:236 2 114 50 2
rect:12 288 281 31 11
rect:371 209 58 69 11
rect:6 72 527 446 2
Anchorage1964_08.jpg 0x0
rect:233 28 72 131 1
rect:40 387 129 89 1
rect:319 463 83 85 1
rect:55 642 114 120 1
rect:386 276 122 122 1
rect:50 63 110 119 1
Anchorage1964_09.jpg 0x0
rect:533 85 83 17 15
rect:687 178 1 1 16
rect:346 139 82 80 1
rect:124 151 52 68 1
rect:418 153 62 57 1
rect:17 97 114 24 15
rect:689 311 73 88 8
rect:10 12 294 12 15
rect:12 152 15 10 16
rect:15 13 65 11 16
rect:367 8 295 13 15
rect:171 112 389 13 15
rect:435 108 160 24 15
rect:781 10 129 9 16
rect:119 388 68 77 8
rect:68 151 70 10 16
rect:299 153 56 74 1
rect:74 44 87 52 8
rect:573 42 58 69 8
Anchorage1964_10.jpg 0x0
rect:185 334 102 86 17
rect:84 160 303 456 1
rect:177 139 168 66 18
rect:73 350 377 91 18
Anchorage1964_11.jpg 0x0
rect:370 163 208 27 11
rect:167 184 491 24 15
rect:128 246 356 77 2
rect:124 45 214 95 4
rect:748 138 121 122 1
rect:84 546 434 15 14
rect:106 455 742 20 14
rect:692 7 93 40 1
Anchorage1964_12.jpg 0x0
rect:408 114 72 172 3
rect:496 76 61 260 3
rect:223 253 25 92 3
rect:9 96 626 215 2
rect:338 77 203 212 11
Anchorage1964_13.jpg 0x0
rect:615 391 25 188 20
rect:344 601 160 19 2
rect:376 401 120 12 19
Anchorage1964_14.jpg 0x0
rect:378 6 57 143 11
rect:298 615 204 59 23
rect:108 326 106 27 15
rect:204 15 123 897 20
rect:332 13 68 231 11
rect:27 733 28 47 22
rect:56 765 59 59 22
rect:117 796 40 69 22
rect:387 229 112 42 15
rect:12 505 139 78 11
rect:181 317 92 97 21
rect:129 496 42 56 22
Anchorage1964_15.jpg 0x0
rect:214 277 197 29 15
rect:201 80 74 513 20
rect:280 525 211 62 2
rect:464 192 86 33 24
rect:226 160 59 87 25
rect:479 11 110 45 4
rect:484 251 117 38 11
rect:170 99 25 58 11
rect:211 9 73 57 4
Anchorage1964_16.jpg 0x0
rect:74 265 103 130 11
rect:13 295 87 103 2
rect:12 143 212 208 2
rect:284 121 314 167 2
rect:545 213 188 170 2
rect:256 193 290 256 11
Anchorage1964_17.jpg 0x0
rect:280 66 293 191 9
rect:13 109 281 118 9
rect:7 195 880 283 10
Anchorage1964_18.jpg 0x0
rect:764 383 81 17 2
rect:407 150 97 80 4
rect:136 274 16 57 11
rect:169 262 101 36 11
rect:518 359 45 20 2
rect:162 185 79 133 4
rect:488 353 62 27 2
rect:284 314 361 35 15
rect:453 110 130 87 4
rect:284 236 37 41 11
Anchorage1964_19.jpg 0x0
rect:486 116 5 21 26
rect:491 184 18 25 26
rect:703 178 8 6 26
rect:529 244 30 28 28
rect:407 109 42 38 28
rect:6 224 97 109 26
rect:379 155 34 31 26
rect:412 159 12 27 26
rect:475 157 15 39 26
rect:380 153 22 45 29
rect:382 247 43 97 26
rect:390 86 40 50 26
rect:225 78 37 37 27
rect:294 211 16 39 26
rect:245 95 83 106 29
rect:337 110 34 78 29
rect:21 219 40 75 27
rect:709 222 8 15 26
Anchorage1964_20.jpg 0x0
rect:170 91 131 47 26
rect:187 122 57 45 27
rect:612 409 36 98 26
rect:199 310 74 167 26
rect:153 64 163 130 29
Anchorage1964_21.jpg 0x0
rect:-6 60 113 177 29
rect:2 103 40 47 26
rect:54 285 30 40 26
rect:196 204 560 145 30
Bingol2003_01.jpg 0x0
rect:476 355 68 80 6
rect:964 373 67 62 33
rect:225 92 81 25 6
rect:2 269 639 210 10
rect:563 167 74 56 33
rect:778 294 84 54 6
rect:594 266 44 67 6
rect:207 278 81 75 33
rect:448 312 148 165 31
rect:702 94 103 53 6
rect:580 296 33 44 34
rect:479 88 79 63 6
rect:1040 373 76 37 33
rect:574 119 164 247 31
rect:310 145 87 81 33
rect:547 247 62 217 32
rect:512 521 176 55 6
rect:520 172 40 113 34
rect:29 243 83 78 33
Bingol2003_02.jpg 0x0
rect:558 160 464 144 35
rect:158 547 210 311 32
rect:171 244 109 313 32
rect:925 82 158 105 36
rect:379 395 124 107 26
rect:110 99 384 199 34
rect:397 384 98 60 6
rect:335 254 821 342 31
Bingol2003_03.jpg 0x0
rect:439 228 356 187 2
rect:112 48 128 147 33
rect:123 25 137 27 2
rect:608 190 181 638 4
rect:567 522 224 357 2
rect:800 -9 244 189 4
rect:591 187 193 62 11
Bingol2003_04.jpg 0x0
rect:61 462 103 94 2
rect:248 228 174 148 4
rect:61 637 21 85 3
rect:265 562 49 143 3
rect:201 647 33 86 3
rect:144 506 296 186 2
rect:282 421 117 100 2
rect:112 568 38 52 3
CanterburyNZSeries2010_01.jpg 0x0
rect:108 81 141 338 12
CanterburyNZSeries2010_02.jpg 0x0
rect:60 39 187 211 6
rect:45 11 214 307 37
CanterburyNZSeries2010_03.jpg 0x0
rect:54 91 460 143 38
CanterburyNZSeries2010_04.jpg 0x0
rect:260 434 24 92 40
rect:197 450 101 293 41
rect:214 9 71 139 42
rect:268 330 63 115 40
rect:395 522 21 45 40
rect:298 351 22 45 40
rect:218 209 248 252 39
rect:325 396 25 197 40
CanterburyNZSeries2010_05.jpg 0x0
rect:251 339 269 342 4
rect:228 198 120 89 15
CanterburyNZSeries2010_06.jpg 0x0
rect:46 152 810 768 4
rect:233 214 225 91 2
CanterburyNZSeries2010_08.jpg 0x0
rect:712 441 69 94 44
rect:762 483 33 224 32
rect:771 423 84 164 44
rect:624 145 117 253 43
CanterburyNZSeries2010_09.jpg 0x0
rect:350 398 196 312 39
rect:166 123 235 179 45
CanterburyNZSeries2010_10.jpg 0x0
rect:373 332 220 77 46
rect:169 327 379 184 6
rect:207 467 292 88 6
rect:328 158 256 81 7
CanterburyNZSeries2010_11.jpg 0x0
rect:319 351 313 254 5
rect:293 265 245 130 7
CanterburyNZSeries2010_12.jpg 0x0
rect:5 245 828 296 47
rect:155 518 193 46 11
rect:63 330 688 389 2
rect:570 551 200 86 11
CanterburyNZSeries2010_13.jpg 0x0
rect:189 17 333 536 12
rect:448 215 110 536 11
Caracas1967_01.jpg 0x0
rect:353 185 12 54 48
rect:386 84 131 346 48
rect:435 166 97 108 48
rect:243 127 41 96 48
Caracas1967_02.jpg 0x0
rect:108 330 52 40 50
rect:236 1 117 124 15
rect:109 487 43 43 49
rect:236 232 159 215 51
Caracas1967_03.jpg 0x0
rect:17 312 278 94 6
rect:255 339 125 181 34
rect:222 322 45 78 26
rect:232 447 26 125 27
rect:251 55 68 69 14
rect:323 456 24 58 27
Caracas1967_04.jpg 0x0
rect:152 331 35 92 26
rect:143 414 196 189 34
rect:186 281 17 84 27
Caracas1967_05.jpg 0x0
rect:37 120 321 580 41
rect:302 244 135 169 52
rect:287 308 47 115 40
rect:187 284 60 285 40
rect:104 373 51 297 40
rect:75 283 156 143 52
rect:72 276 68 244 40
rect:448 274 42 267 40
rect:26 105 378 499 48
rect:164 376 49 147 40
Caracas1967_06.jpg 0x0
rect:429 124 389 305 7
rect:291 365 59 36 6
Caracas1967_07.jpg 0x0
rect:449 202 152 253 34
rect:332 36 38 300 27
rect:167 100 177 208 34
rect:473 9 77 354 34
rect:489 345 104 82 53
rect:260 109 36 144 27
rect:406 302 75 99 53
Caracas1967_08.jpg 0x0
rect:492 220 59 129 54
rect:162 352 60 111 55
rect:212 303 64 73 54
Caracas1967_09.jpg 0x0
rect:143 186 75 65 48
rect:97 151 53 67 48
rect:372 14 223 154 48
rect:32 282 39 40 48
Caracas1967_10.jpg 0x0
rect:230 169 80 151 40
rect:42 153 205 302 41
rect:22 207 531 412 48
rect:419 299 73 179 40
Caracas1967_11.jpg 0x0
rect:60 231 329 574 41
rect:54 13 443 558 48
rect:197 13 229 332 41
Caracas1967_12.jpg 0x0
rect:415 260 24 34 34
rect:852 274 20 59 32
rect:304 275 22 48 56
rect:541 322 29 42 32
Caracas1967_13.jpg 0x0
rect:177 453 106 250 55
Caracas1967_14.jpg 0x0
rect:125 278 257 38 6
rect:125 151 469 249 57
Chichi1999_01.jpg 0x0
rect:3 9 637 128 58
rect:383 185 37 240 42
Chichi1999_02.jpg 0x0
rect:271 126 249 399 59
rect:6 116 465 138 58
Chichi1999_03.jpg 0x0
rect:53 184 71 128 60
rect:0 164 854 190 58
Chichi1999_04.jpg 0x0
rect:156 180 79 368 48
rect:223 -12 53 116 48
rect:267 199 22 43 52
Chichi1999_05.jpg 0x0
rect:407 158 32 59 52
rect:372 162 124 283 48
rect:438 189 21 24 41
rect:337 168 57 67 41
Chichi1999_06.jpg 0x0
rect:285 139 49 105 48
rect:306 102 57 56 62
rect:660 -10 89 84 61
rect:289 276 20 39 52
rect:156 19 370 194 10
rect:699 181 32 42 41
Chichi1999_07.jpg 0x0
rect:174 224 63 128 48
rect:635 227 17 26 64
rect:49 167 699 170 63
rect:482 273 33 25 64
rect:184 137 19 42 64
rect:499 278 47 150 48
rect:405 259 41 96 48
Chichi1999_08.jpg 0x0
rect:100 19 447 459 10
Chichi1999_09.jpg 0x0
rect:239 59 145 203 48
rect:242 78 43 80 40
rect:292 70 99 125 41
rect:299 116 44 103 40
Chichi1999_10.jpg 0x0
rect:227 23 659 584 10
Chichi1999_11.jpg 0x0
rect:178 218 109 86 65
rect:2 171 182 481 10
Chichi1999_12.jpg 0x0
rect:12 32 543 792 66
Chichi1999_13.jpg 0x0
rect:35 46 797 298 10
Chichi1999_14.jpg 0x0
rect:164 323 16 52 67
rect:213 459 26 28 39
rect:65 504 44 64 67
rect:200 648 31 32 39
rect:70 355 39 40 67
rect:149 449 27 51 67
rect:275 566 35 33 39
rect:108 303 47 65 67
rect:170 390 29 54 67
rect:121 183 46 42 67
rect:184 231 113 40 67
rect:126 434 47 38 67
rect:212 362 25 32 39
rect:350 571 44 53 67
rect:169 215 34 60 67
rect:313 393 83 88 67
rect:172 518 25 35 67
Chichi1999_15.jpg 0x0
rect:255 27 309 538 41
Chichi1999_16.jpg 0x0
rect:185 116 67 118 32
Chichi1999_17.jpg 0x0
rect:105 323 20 37 32
Chichi1999_18.jpg 0x0
rect:135 294 34 109 69
rect:272 267 31 156 69
rect:192 327 59 90 70
rect:244 217 39 94 69
rect:185 228 30 111 69
rect:165 152 113 390 68
Chichi1999_19.jpg 0x0
rect:231 156 136 265 3
rect:171 27 355 532 2
YogyakartaInd2006_03.jpg 0x0
rect:293 419 194 27 15
rect:277 458 45 31 16
rect:283 63 112 38 16
rect:305 21 108 2 15
rect:189 181 26 7 16
rect:303 69 111 76 15
rect:281 212 394 137 71
rect:268 181 52 43 15
Chichi1999_20.jpg 0x0
rect:168 216 97 374 42
rect:275 517 71 206 41
Chichi1999_21.jpg 0x0
rect:23 4 178 190 30
rect:160 287 177 125 37
rect:198 230 77 144 6
rect:440 44 292 168 37
rect:296 152 192 153 6
rect:543 8 165 134 57
rect:168 78 169 325 72
rect:96 264 212 95 5
Chichi1999_22.jpg 0x0
rect:308 284 19 25 73
rect:280 195 18 16 73
rect:180 180 320 204 10
rect:339 249 18 14 73
Chichi1999_23.jpg 0x0
rect:313 277 63 84 73
rect:216 272 35 92 34
rect:149 291 49 92 73
rect:219 238 26 33 26
rect:262 212 42 49 73
rect:79 302 30 61 34
rect:275 225 33 22 27
rect:4 74 642 209 74
rect:100 176 21 34 34
rect:130 185 48 61 73
Chichi1999_24.jpg 0x0
rect:217 276 56 45 34
rect:250 160 30 61 46
rect:310 332 1 2 46
rect:3 442 302 150 74
rect:218 176 136 82 75
Chichi1999_25.jpg 0x0
rect:157 163 183 234 73
rect:195 203 117 197 34
rect:229 258 49 74 26
Chichi1999_26.jpg 0x0
rect:295 21 63 26 73
rect:123 480 88 112 27
rect:135 429 100 126 73
rect:173 228 54 122 73
rect:267 222 97 293 76
rect:171 663 86 70 26
Chichi1999_27.jpg 0x0
rect:128 289 70 252 32
Chichi1999_28.jpg 0x0
rect:299 156 181 158 75
rect:292 225 295 155 77
rect:125 80 164 167 5
rect:26 73 333 153 6
Chichi1999_29.jpg 0x0
rect:136 241 59 157 52
rect:164 255 129 164 40
rect:176 250 193 290 48
Chichi1999_30.jpg 0x0
rect:37 225 124 200 73
rect:256 231 179 67 78
rect:165 187 155 82 52
rect:206 135 324 399 40
Chichi1999_31.jpg 0x0
rect:161 69 148 340 79
rect:524 118 38 236 48
Chichi1999_32.jpg 0x0
rect:156 240 29 160 81
rect:581 158 63 197 39
rect:208 7 132 331 80
rect:140 67 59 149 81
Chichi1999_33.jpg 0x0
rect:120 166 48 105 49
rect:97 83 106 267 32
rect:70 71 147 506 33
rect:218 191 47 106 49
rect:310 116 96 213 56
rect:297 63 119 384 32
Chichi1999_34.jpg 0x0
rect:118 128 445 281 10
Duzce1999_01.jpg 0x0
rect:159 57 127 336 39
rect:145 108 120 165 41
Duzce1999_02.jpg 0x0
rect:109 51 196 519 41
Duzce1999_03.jpg 0x0
rect:0 130 132 274 31
rect:130 102 88 294 42
rect:237 90 116 298 31
Gediz1970_01.jpg 0x0
rect:203 503 56 260 69
rect:120 93 202 427 68
rect:175 367 82 314 69
Guatemala1976_01.jpg 0x0
rect:28 158 471 115 82
rect:43 174 124 156 48
rect:605 218 66 59 41
rect:48 258 55 48 52
rect:576 184 103 121 48
rect:51 200 35 32 41
Guatemala1976_02.jpg 0x0
rect:233 49 87 133 40
rect:146 69 279 208 48
Guatemala1976_03.jpg 0x0
rect:16 74 814 443 75
Guatemala1976_04.jpg 0x0
rect:163 26 440 99 30
rect:457 190 133 242 4
rect:535 279 104 254 4
rect:50 84 497 240 30
Guatemala1976_05.jpg 0x0
rect:161 93 243 138 40
rect:177 88 329 438 48
rect:252 165 387 164 41
Guatemala1976_06.jpg 0x0
rect:135 136 143 491 39
Guatemala1976_07.jpg 0x0
rect:20 322 46 53 6
rect:198 506 108 102 83
rect:25 302 597 516 10
Guatemala1976_08.jpg 0x0
rect:232 101 234 230 40
rect:156 75 398 359 41
rect:212 38 509 438 48
Guatemala1976_09.jpg 0x0
rect:618 370 53 41 85
rect:437 221 56 64 84
rect:89 356 23 32 84
rect:208 369 45 33 84
rect:640 339 54 78 84
rect:215 262 44 67 85
rect:268 336 92 22 85
rect:109 223 28 27 85
Guatemala1976_10.jpg 0x0
rect:314 320 38 84 87
rect:224 235 214 334 86
rect:257 141 281 201 87
Guatemala1976_11.jpg 0x0
rect:239 295 131 293 34
GujaratIndia2001_01.jpg 0x0
rect:41 359 234 223 4
rect:330 395 60 57 11
rect:66 507 63 43 2
rect:125 450 176 87 2
Haiti2010_01.jpg 0x0
rect:195 108 172 306 41
rect:245 329 20 108 40
rect:453 471 135 196 4
rect:384 191 124 86 4
rect:177 52 118 103 7
Haiti2010_02.jpg 0x0
rect:57 126 441 234 88
rect:250 27 189 42 14
Haiti2010_03.jpg 0x0
rect:237 425 267 268 32
rect:309 676 66 55 49
rect:241 525 226 282 89
rect:367 1 72 559 32
Haiti2010_04.jpg 0x0
rect:210 217 337 399 41
rect:278 53 306 254 34
rect:2 138 300 126 6
Haiti2010_05.jpg 0x0
rect:197 227 35 70 40
rect:203 168 309 457 90
rect:396 202 39 65 40
rect:310 182 181 129 52
Haiti2010_06.jpg 0x0
rect:535 141 246 501 33
rect:202 262 39 59 34
rect:474 225 87 52 6
rect:204 205 382 481 91
rect:400 168 703 833 91
rect:530 161 52 164 32
rect:648 122 83 77 34
ImperialValley1979_01.jpg 0x0
rect:457 246 50 31 49
rect:18 328 66 64 49
rect:376 238 61 48 32
rect:581 402 37 28 32
rect:333 396 20 18 49
rect:12 373 107 168 32
rect:358 228 30 43 50
rect:305 351 39 66 50
rect:647 370 17 15 49
rect:39 380 69 139 50
rect:406 279 50 42 32
ImperialValley1979_02.jpg 0x0
rect:224 152 85 136 50
rect:352 123 49 150 50
rect:161 64 146 242 32
rect:436 107 104 246 50
rect:208 280 153 45 49
rect:132 225 284 46 92
ImperialValley1979_03.jpg 0x0
rect:87 240 77 152 50
rect:218 322 82 217 50
rect:176 282 179 205 32
rect:139 412 375 34 92
rect:158 297 69 133 50
rect:147 484 330 29 92
rect:159 204 257 175 32
Izmit1999_01.jpg 0x0
rect:254 64 343 301 34
rect:357 65 66 151 27
rect:461 202 68 52 26
rect:297 226 48 78 27
rect:212 167 55 131 27
Izmit1999_02.jpg 0x0
rect:31 109 792 233 10
Izmit1999_03.jpg 0x0
rect:170 95 68 221 50
rect:412 107 46 303 50
rect:128 52 468 352 93
rect:261 96 55 210 50
rect:230 61 298 360 32
rect:353 66 36 291 50
rect:116 141 443 32 92
rect:357 74 32 174 50
Izmit1999_04.jpg 0x0
rect:142 305 157 79 88
rect:403 89 86 101 48
rect:51 536 74 126 41
rect:291 92 67 73 41
rect:67 359 65 50 34
rect:82 533 250 114 88
rect:82 323 40 108 42
rect:370 451 89 85 41
rect:302 329 21 67 40
rect:448 410 29 55 40
Izmit1999_05.jpg 0x0
rect:114 27 655 389 10
Izmit1999_06.jpg 0x0
rect:71 296 72 190 50
rect:324 244 58 183 50
rect:130 242 126 104 49
rect:156 319 32 107 50
rect:105 196 96 229 50
rect:176 156 273 305 32
Izmit1999_07.jpg 0x0
rect:351 87 66 96 3
rect:451 238 82 454 4
rect:23 157 519 513 2
rect:121 374 52 168 3
rect:412 60 141 36 6
rect:222 220 44 138 3
rect:231 214 57 103 3
Izmit1999_08.jpg 0x0
rect:502 5 103 91 45
rect:203 286 271 91 88
rect:111 27 65 94 34
rect:686 99 62 79 41
rect:177 384 100 100 45
rect:653 77 46 30 52
rect:163 145 70 57 41
Izmit1999_09.jpg 0x0
rect:411 186 122 79 41
rect:184 184 32 25 41
rect:445 171 134 127 94
rect:39 244 37 41 41
rect:785 175 47 101 94
rect:687 275 42 66 41
Izmit1999_10.jpg 0x0
rect:87 227 238 84 78
rect:192 182 98 185 40
rect:330 149 124 159 40
rect:334 470 67 97 40
rect:38 223 359 39 78
rect:86 190 74 203 40
rect:225 543 56 107 40
rect:63 106 229 599 41
rect:187 165 56 121 40
rect:197 284 111 28 78
rect:375 432 65 22 78
Izmit1999_11.jpg 0x0
rect:228 350 90 197 40
rect:181 180 63 178 40
rect:160 498 143 138 41
rect:143 165 98 162 41
rect:192 269 52 128 40
Izmit1999_12.jpg 0x0
rect:614 129 222 254 91
rect:403 170 43 74 41
rect:256 356 98 181 94
rect:209 182 31 33 6
rect:444 19 100 58 34
rect:61 356 23 42 40
rect:1 226 34 29 41
rect:323 117 43 105 41
rect:190 195 67 62 88
rect:429 226 47 105 52
rect:16 61 46 20 6
rect:490 122 84 60 7
rect:292 94 61 97 45
rect:41 196 53 66 52
rect:285 227 52 152 42
rect:82 78 26 27 6
rect:277 340 75 140 41
rect:56 304 58 113 94
Izmit1999_13.jpg 0x0
rect:224 112 51 129 41
rect:5 78 115 169 42
rect:266 91 168 400 48
rect:345 187 122 267 41
rect:147 308 106 97 94
rect:115 123 50 33 6
rect:246 253 50 62 41
rect:200 309 92 81 52
rect:111 321 30 106 41
Izmit1999_14.jpg 0x0
rect:539 256 56 37 34
rect:498 7 184 82 35
rect:570 67 87 61 34
rect:275 265 45 35 34
rect:541 394 77 35 34
rect:425 150 71 75 35
rect:66 110 123 74 34
rect:340 45 53 59 95
rect:397 437 25 19 34
Izmit1999_15.jpg 0x0
rect:117 176 321 282 42
Izmit1999_16.jpg 0x0
rect:274 136 36 95 40
rect:107 85 370 362 33
rect:174 126 244 160 41
rect:128 67 185 281 39
Izmit1999_17.jpg 0x0
rect:130 117 132 335 41
Izmit1999_18.jpg 0x0
rect:175 139 115 286 39
rect:135 187 117 116 41
Izmit1999_19.jpg 0x0
rect:313 139 235 169 32
rect:307 64 286 313 96
rect:577 194 34 78 50
rect:365 218 28 53 50
Kobe1995_01.jpg 0x0
rect:33 181 942 120 63
Kobe1995_02.jpg 0x0
rect:2 41 583 630 68
Kobe1995_03.jpg 0x0
rect:31 52 561 754 10
Kobe1995_04.jpg 0x0
rect:430 300 47 47 41
Kobe1995_05.jpg 0x0
rect:388 111 145 394 40
rect:112 555 300 125 78
rect:119 166 182 479 52
rect:47 340 425 69 78
rect:5 135 102 565 40
Kobe1995_06.jpg 0x0
rect:156 363 216 312 42
rect:50 167 533 581 41
Kobe1995_07.jpg 0x0
rect:156 375 35 32 39
rect:161 246 41 32 39
rect:576 453 30 30 39
rect:162 173 50 35 39
rect:354 283 41 31 39
rect:311 342 24 52 39
rect:197 195 49 62 39
rect:86 279 33 36 39
rect:178 366 29 30 39
rect:205 343 23 30 39
rect:44 297 45 26 39
rect:431 230 44 32 39
rect:307 169 40 29 39
rect:244 368 43 27 39
rect:429 222 36 28 39
rect:343 221 41 48 39
rect:469 347 37 32 39
rect:112 249 32 23 39
rect:165 425 45 42 39
rect:174 116 29 49 39
rect:40 292 39 37 39
rect:391 540 34 35 39
rect:193 131 32 37 39
rect:250 234 51 33 39
rect:202 353 25 30 39
rect:301 131 30 42 39
Kobe1995_08.jpg 0x0
rect:240 41 564 268 97
Kobe1995_09.jpg 0x0
rect:261 676 188 80 97
rect:117 845 58 102 88
rect:72 619 53 79 88
rect:102 647 72 68 88
SanSalvador_1986_01.jpg 0x0
rect:303 122 102 128 41
rect:73 3 126 187 68
SanSalvador_1986_02.jpg 0x0
rect:370 257 31 44 41
rect:304 119 18 29 41
rect:458 179 41 34 42
rect:323 158 37 48 41
rect:152 282 33 29 41
rect:165 336 35 48 41
rect:151 218 26 40 41
rect:405 143 24 45 41
rect:431 185 35 40 41
SikkimIndia2001_01.jpg 0x0
rect:162 203 147 124 34
SikkimIndia2001_02.jpg 0x0
rect:471 264 122 16 16
rect:12 6 261 90 16
rect:195 74 192 410 33
rect:357 111 85 213 33
rect:482 111 102 26 16
rect:9 131 65 55 54
rect:-13 2 326 102 33
rect:217 310 86 58 16
SikkimIndia2001_03.jpg 0x0
rect:272 113 74 200 69
rect:198 274 75 133 70
rect:266 13 167 435 98
SikkimIndia2001_04.jpg 0x0
rect:246 222 89 209 34
rect:352 251 301 88 99
rect:3 34 335 338 99
SumatraInd2009_01.jpg 0x0
rect:326 19 60 344 81
SumatraInd2009_02.jpg 0x0
rect:205 75 147 140 41
WhittierNarrows1987_01.jpg 0x0
rect:15 33 699 252 10
WhittierNarrows1987_02.jpg 0x0
rect:128 213 117 290 41
WhittierNarrows1987_03.jpg 0x0
rect:288 129 150 184 32
WhittierNarrows1987_04.jpg 0x0
rect:272 45 80 230 41
rect:212 9 281 74 6
rect:186 16 220 108 100
YogyakartaInd2006_01.jpg 0x0
rect:234 40 328 213 32
rect:180 -23 512 407 29
rect:220 176 220 94 49
YogyakartaInd2006_02.jpg 0x0
rect:411 111 55 267 69
rect:321 64 154 508 98
rect:368 128 89 168 70
