Anchorage1964_01.jpg 0x0
rect:83 260 278 299 1
rect:82 6 171 213 1
Anchorage1964_02.jpg 0x0
rect:604 52 125 104 8
rect:322 27 216 68 4
rect:129 215 45 20 6
rect:641 308 17 50 3
rect:319 326 31 87 3
rect:94 150 24 20 6
rect:145 266 372 71 2
rect:374 249 32 61 3
rect:23 140 194 57 5
rect:56 46 110 19 6
rect:575 331 20 37 3
rect:362 185 33 51 3
rect:30 29 130 56 5
rect:397 190 114 42 4
rect:240 66 109 56 4
rect:278 245 24 46 3
rect:528 234 11 73 3
rect:232 254 23 76 3
rect:172 148 95 64 7
Anchorage1964_03.jpg 0x0
rect:0 332 858 67 10
rect:191 83 288 179 9
rect:2 193 250 88 9
Anchorage1964_04.jpg 0x0
rect:280 334 20 19 1
rect:269 260 29 21 5
rect:402 248 24 16 5
rect:175 436 32 23 5
rect:154 66 40 19 5
rect:371 348 19 17 1
rect:189 373 18 28 1
rect:359 237 20 25 1
rect:343 302 30 15 5
rect:178 231 37 14 5
rect:113 252 20 13 5
rect:136 276 41 15 5
rect:281 114 33 26 5
rect:169 99 24 17 5
rect:291 118 33 18 5
rect:239 45 36 13 5
rect:176 236 27 21 5
rect:136 69 31 16 5
rect:372 269 22 24 5
rect:329 183 14 31 1
rect:419 38 40 14 5
rect:327 336 26 20 5
rect:197 154 22 17 5
rect:424 302 25 14 5
rect:134 25 20 12 5
rect:267 238 7 1 1
rect:161 288 22 15 5
rect:336 239 18 23 1
rect:303 161 31 18 5
rect:275 141 20 33 1
rect:432 203 36 14 5
rect:294 121 14 19 1
rect:224 190 21 25 8
rect:367 444 36 17 5
rect:262 240 15 17 1
rect:134 419 29 15 5
rect:323 233 21 28 1
rect:268 483 21 23 1
rect:165 314 73 21 2
Anchorage1964_05.jpg 0x0
rect:735 198 57 33 5
rect:425 486 56 77 8
rect:68 33 19 29 1
rect:45 249 21 35 1
rect:423 212 37 23 11
rect:67 75 21 42 1
rect:135 172 97 24 5
rect:35 412 28 50 1
rect:239 130 131 82 2
rect:467 350 45 69 8
rect:131 196 123 31 6
rect:619 29 35 42 1
rect:48 217 18 37 1
rect:430 1 55 42 1
rect:366 244 55 62 1
rect:429 297 58 27 5
rect:50 119 18 51 1
rect:504 86 35 45 1
rect:258 253 19 22 11
rect:637 253 38 65 1
rect:827 343 56 11 6
rect:66 182 23 42 1
rect:536 135 52 45 1
rect:516 332 46 22 6
rect:79 65 32 31 1
rect:292 202 40 75 1
rect:97 248 26 38 1
rect:255 53 80 44 6
rect:235 39 105 35 5
Anchorage1964_06.jpg 0x0
rect:126 76 245 291 12
rect:126 136 110 286 3
rect:168 326 51 77 11
Anchorage1964_07.jpg 0x0
rect:515 258 68 61 11
rect:275 151 206 189 11
rect:7 325 278 34 14
rect:434 173 45 88 13
rect:9 56 799 415 2
rect:435 215 355 154 2
rect:251 2 76 72 2
rect:15 287 312 40 11
rect:276 105 62 117 3
Anchorage1964_08.jpg 0x0
rect:262 340 91 127 1
rect:268 185 155 124 1
rect:36 59 130 92 1
rect:358 27 122 96 1
rect:36 466 105 130 1
rect:65 273 78 70 1
Anchorage1964_09.jpg 0x0
rect:697 10 105 13 16
rect:621 242 1 1 16
rect:420 107 54 87 1
rect:351 115 48 78 1
rect:605 35 89 78 8
rect:95 220 97 71 1
rect:121 54 92 93 8
rect:13 21 68 12 16
rect:95 213 56 70 8
rect:69 162 59 7 16
rect:15 153 20 9 16
rect:404 88 88 31 15
rect:370 8 348 15 15
rect:599 321 72 71 8
rect:610 92 167 22 15
rect:14 14 512 15 15
rect:131 121 300 12 15
rect:354 210 63 88 1
rect:15 174 83 26 15
Anchorage1964_10.jpg 0x0
rect:230 237 118 91 17
rect:131 195 211 82 18
rect:88 447 315 128 18
rect:90 223 365 384 1
Anchorage1964_11.jpg 0x0
rect:212 144 410 26 15
rect:169 63 146 106 4
rect:70 360 624 16 14
rect:112 132 649 80 2
rect:421 7 106 37 1
rect:667 111 184 119 1
rect:225 209 312 39 11
rect:88 436 548 17 14
Anchorage1964_12.jpg 0x0
rect:12 65 552 193 2
rect:402 105 160 116 11
rect:311 102 48 214 3
rect:134 222 36 119 3
rect:571 90 56 219 3
Anchorage1964_13.jpg 0x0
rect:445 501 22 137 20
rect:293 622 115 15 19
rect:415 362 199 19 2
Anchorage1964_14.jpg 0x0
rect:133 422 52 47 22
rect:130 472 29 66 22
rect:235 10 74 717 20
rect:18 465 23 43 22
rect:11 731 202 89 11
rect:275 287 144 46 15
rect:165 316 67 68 21
rect:341 785 169 60 23
rect:72 306 182 37 15
rect:47 633 40 84 22
rect:474 5 66 194 11
rect:254 9 51 290 11
Anchorage1964_15.jpg 0x0
rect:211 9 98 58 4
rect:198 181 167 37 15
rect:542 10 91 51 4
rect:437 212 98 36 11
rect:197 92 57 488 20
rect:320 533 235 67 2
rect:213 162 37 85 25
rect:374 299 127 43 24
rect:194 124 43 75 11
Anchorage1964_16.jpg 0x0
rect:482 263 126 150 2
rect:15 353 60 60 2
rect:17 139 176 214 2
rect:76 244 60 136 11
rect:197 113 245 167 2
rect:182 186 296 143 11
Anchorage1964_17.jpg 0x0
rect:11 105 352 162 9
rect:9 189 804 171 10
rect:280 51 211 223 9
Anchorage1964_18.jpg 0x0
rect:454 315 355 31 15
rect:417 269 32 76 11
rect:127 177 55 112 4
rect:584 133 117 94 4
rect:359 394 36 17 2
rect:499 215 103 21 2
rect:312 130 96 96 4
rect:106 391 81 52 11
rect:127 262 21 63 11
rect:513 229 50 13 2
Anchorage1964_19.jpg 0x0
rect:220 360 63 54 26
rect:901 197 6 15 26
rect:426 130 32 24 26
rect:479 100 7 14 26
rect:311 89 60 56 26
rect:529 177 17 39 26
rect:351 125 17 49 26
rect:332 145 10 22 26
rect:321 81 34 89 29
rect:29 193 39 86 27
rect:514 134 18 56 29
rect:454 262 16 35 26
rect:228 52 80 147 29
rect:7 220 65 107 26
rect:571 137 50 32 28
rect:802 193 9 6 26
rect:362 232 35 28 28
rect:368 105 34 37 27
Anchorage1964_20.jpg 0x0
rect:349 524 46 63 26
rect:248 364 80 178 26
rect:178 137 97 40 27
rect:224 92 86 72 26
rect:184 77 176 158 29
Anchorage1964_21.jpg 0x0
rect:2 110 60 26 26
rect:-5 86 88 168 29
rect:179 180 476 153 30
rect:41 238 26 26 26
Bingol2003_01.jpg 0x0
rect:247 73 63 35 6
rect:339 240 72 80 33
rect:785 156 89 71 33
rect:620 533 86 48 33
rect:568 241 171 212 31
rect:26 254 93 57 33
rect:673 69 207 267 31
rect:527 147 98 72 6
rect:456 76 61 77 6
rect:542 382 38 210 32
rect:433 222 46 99 34
rect:650 385 226 50 6
rect:511 328 57 54 34
rect:544 277 76 84 33
rect:2 267 1060 206 10
rect:457 342 74 46 6
rect:332 289 100 84 6
rect:479 210 61 62 6
rect:117 179 88 78 33
Bingol2003_02.jpg 0x0
rect:259 470 74 76 6
rect:826 66 135 104 36
rect:130 541 167 255 32
rect:140 85 559 164 34
rect:223 289 958 579 31
rect:341 215 478 105 35
rect:405 385 121 123 26
rect:217 333 99 291 32
Bingol2003_03.jpg 0x0
rect:439 225 165 84 11
rect:703 568 207 500 2
rect:148 33 83 120 33
rect:104 32 169 43 2
rect:338 154 418 145 2
rect:780 306 197 539 4
rect:582 -7 347 226 4
Bingol2003_04.jpg 0x0
rect:385 486 134 79 2
rect:58 452 91 101 2
rect:114 512 39 63 3
rect:232 431 33 150 3
rect:89 481 19 73 3
rect:193 540 35 99 3
rect:299 278 125 236 4
rect:117 352 317 234 2
CanterburyNZSeries2010_01.jpg 0x0
rect:103 122 92 263 12
CanterburyNZSeries2010_02.jpg 0x0
rect:60 42 194 176 6
rect:56 7 192 241 37
CanterburyNZSeries2010_03.jpg 0x0
rect:37 61 409 117 38
CanterburyNZSeries2010_04.jpg 0x0
rect:317 255 22 162 40
rect:171 10 71 138 42
rect:330 359 47 96 40
rect:225 274 194 373 39
rect:240 397 124 316 41
rect:260 472 19 45 40
rect:222 333 37 60 40
rect:220 517 26 54 40
CanterburyNZSeries2010_05.jpg 0x0
rect:254 282 182 77 15
rect:357 476 209 299 4
CanterburyNZSeries2010_06.jpg 0x0
rect:75 146 566 474 4
rect:193 207 227 109 2
CanterburyNZSeries2010_08.jpg 0x0
rect:844 661 34 156 32
rect:567 110 145 262 43
rect:864 616 54 149 44
rect:781 320 85 125 44
CanterburyNZSeries2010_09.jpg 0x0
rect:211 279 140 339 39
rect:309 162 240 246 45
CanterburyNZSeries2010_10.jpg 0x0
rect:271 120 352 114 7
rect:215 282 263 56 46
rect:270 602 276 121 6
rect:200 286 354 198 6
CanterburyNZSeries2010_11.jpg 0x0
rect:227 165 218 121 7
rect:350 349 358 205 5
CanterburyNZSeries2010_12.jpg 0x0
rect:615 570 119 66 11
rect:51 382 533 288 2
rect:6 213 684 460 47
rect:243 522 179 52 11
CanterburyNZSeries2010_13.jpg 0x0
rect:372 153 76 597 11
rect:152 17 474 842 12
Caracas1967_01.jpg 0x0
rect:283 119 69 130 48
rect:256 197 36 87 48
rect:212 241 12 54 48
rect:393 55 194 232 48
Caracas1967_02.jpg 0x0
rect:130 312 50 77 49
rect:288 1 130 153 15
rect:143 216 178 326 51
rect:104 480 35 31 50
Caracas1967_03.jpg 0x0
rect:254 368 71 93 26
rect:199 380 42 74 27
rect:341 57 76 95 14
rect:287 277 32 107 27
rect:15 487 259 112 6
rect:333 304 135 124 34
Caracas1967_04.jpg 0x0
rect:133 264 155 205 34
rect:175 451 21 84 27
rect:151 391 64 130 26
Caracas1967_05.jpg 0x0
rect:279 244 106 171 52
rect:218 415 43 275 40
rect:164 338 53 270 40
rect:65 383 50 230 40
rect:37 101 288 523 41
rect:228 184 54 161 40
rect:336 184 32 263 40
rect:72 255 166 197 52
rect:257 264 62 126 40
rect:24 84 400 809 48
Caracas1967_06.jpg 0x0
rect:268 76 241 279 7
rect:316 371 65 52 6
Caracas1967_07.jpg 0x0
rect:357 7 66 239 34
rect:431 202 131 222 34
rect:307 437 104 70 53
rect:341 229 78 100 53
rect:454 63 35 258 27
rect:221 173 58 246 27
rect:129 157 117 237 34
Caracas1967_08.jpg 0x0
rect:269 337 48 77 55
rect:420 201 73 108 54
rect:203 224 83 134 54
Caracas1967_09.jpg 0x0
rect:103 258 74 64 48
rect:216 162 112 107 48
rect:18 267 43 57 48
rect:405 12 203 108 48
Caracas1967_10.jpg 0x0
rect:47 182 287 440 41
rect:284 168 112 177 40
rect:350 381 60 192 40
rect:13 150 603 484 48
Caracas1967_11.jpg 0x0
rect:64 190 280 532 41
rect:242 12 157 302 41
rect:36 11 288 599 48
Caracas1967_12.jpg 0x0
rect:237 238 19 52 56
rect:908 357 19 33 32
rect:489 453 26 43 32
rect:676 266 40 47 34
Caracas1967_13.jpg 0x0
rect:141 421 121 278 55
Caracas1967_14.jpg 0x0
rect:142 98 510 159 57
rect:148 258 280 29 6
Chichi1999_01.jpg 0x0
rect:407 155 51 223 42
rect:4 10 666 118 58
Chichi1999_02.jpg 0x0
rect:5 92 445 132 58
rect:316 130 137 504 59
Chichi1999_03.jpg 0x0
rect:0 138 823 176 58
rect:75 145 59 115 60
Chichi1999_04.jpg 0x0
rect:181 163 75 366 48
rect:211 -11 48 103 48
rect:185 239 29 71 52
Chichi1999_05.jpg 0x0
rect:343 235 27 28 41
rect:319 120 120 167 48
rect:362 226 34 92 52
rect:414 111 49 43 41
Chichi1999_06.jpg 0x0
rect:135 13 575 208 10
rect:671 -13 83 50 61
rect:670 168 50 58 41
rect:304 164 19 21 52
rect:240 157 50 87 48
rect:387 152 66 53 62
Chichi1999_07.jpg 0x0
rect:125 160 25 51 64
rect:448 180 26 46 64
rect:484 278 19 24 64
rect:122 225 34 160 48
rect:500 250 52 69 48
rect:57 153 479 131 63
rect:369 155 54 164 48
Chichi1999_08.jpg 0x0
rect:110 12 376 467 10
Chichi1999_09.jpg 0x0
rect:303 86 31 103 40
rect:159 113 133 119 41
rect:284 88 66 77 40
rect:241 75 236 171 48
Chichi1999_10.jpg 0x0
rect:201 13 377 569 10
Chichi1999_11.jpg 0x0
rect:2 137 163 592 10
rect:186 260 116 92 65
Chichi1999_12.jpg 0x0
rect:8 27 292 461 66
Chichi1999_13.jpg 0x0
rect:36 55 548 354 10
Chichi1999_14.jpg 0x0
rect:247 370 54 51 67
rect:253 405 27 44 39
rect:290 357 27 42 67
rect:304 256 42 40 39
rect:111 417 60 77 67
rect:241 456 33 47 67
rect:120 437 34 33 67
rect:215 280 19 56 67
rect:111 414 25 32 67
rect:103 345 43 49 67
rect:182 236 35 47 67
rect:372 442 20 23 39
rect:172 488 27 41 67
rect:63 452 53 46 67
rect:259 563 30 50 39
rect:127 172 38 57 67
rect:121 164 96 36 67
Chichi1999_15.jpg 0x0
rect:263 24 347 502 41
Chichi1999_16.jpg 0x0
rect:217 172 50 133 32
Chichi1999_17.jpg 0x0
rect:109 264 23 50 32
Chichi1999_18.jpg 0x0
rect:220 280 36 111 69
rect:315 327 22 167 69
rect:244 298 31 130 69
rect:214 162 109 431 68
rect:169 288 19 139 69
rect:353 272 48 144 70
Chichi1999_19.jpg 0x0
rect:240 141 174 306 3
rect:234 18 203 446 2
YogyakartaInd2006_03.jpg 0x0
rect:403 477 55 35 16
rect:254 182 16 7 16
rect:166 201 69 28 15
rect:180 373 358 128 71
rect:240 511 294 33 15
rect:296 23 90 2 15
rect:384 67 146 48 15
rect:305 63 117 40 16
Chichi1999_20.jpg 0x0
rect:233 167 129 235 42
rect:206 449 50 188 41
Chichi1999_21.jpg 0x0
rect:18 4 168 179 30
rect:246 364 209 200 37
rect:226 353 111 161 6
rect:292 138 109 144 6
rect:490 8 167 94 57
rect:83 263 167 115 5
rect:305 46 183 141 37
rect:172 113 231 272 72
Chichi1999_22.jpg 0x0
rect:286 224 22 18 73
rect:357 257 19 19 73
rect:232 255 14 28 73
rect:275 163 362 146 10
Chichi1999_23.jpg 0x0
rect:382 236 53 91 73
rect:360 223 29 27 27
rect:389 228 20 25 26
rect:105 255 41 82 34
rect:4 57 429 126 74
rect:136 299 68 74 73
rect:194 138 24 23 34
rect:210 154 40 70 73
rect:154 201 68 66 73
rect:335 378 31 57 34
Chichi1999_24.jpg 0x0
rect:193 219 51 43 46
rect:205 299 52 59 34
rect:142 183 150 114 75
rect:3 454 283 185 74
rect:266 262 1 2 46
Chichi1999_25.jpg 0x0
rect:181 287 35 81 26
rect:138 263 159 239 73
rect:153 207 90 256 34
Chichi1999_26.jpg 0x0
rect:150 478 57 86 26
rect:87 426 124 130 73
rect:113 613 107 143 27
rect:306 21 38 27 73
rect:183 149 49 139 73
rect:175 294 96 382 76
Chichi1999_27.jpg 0x0
rect:201 242 88 435 32
Chichi1999_28.jpg 0x0
rect:374 131 152 172 75
rect:202 335 229 146 77
rect:16 61 248 106 6
rect:172 101 152 163 5
Chichi1999_29.jpg 0x0
rect:124 180 197 313 48
rect:270 285 128 186 40
rect:263 322 89 120 52
Chichi1999_30.jpg 0x0
rect:275 136 144 92 52
rect:146 227 172 44 78
rect:144 85 259 315 40
rect:39 341 120 136 73
Chichi1999_31.jpg 0x0
rect:540 103 36 156 48
rect:165 63 150 371 79
Chichi1999_32.jpg 0x0
rect:142 7 128 434 80
rect:207 81 55 140 81
rect:130 242 45 122 81
rect:413 166 62 216 39
Chichi1999_33.jpg 0x0
rect:354 98 104 247 56
rect:134 117 90 265 32
rect:178 111 35 97 49
rect:323 76 120 303 32
rect:254 131 32 94 49
rect:92 46 104 614 33
Chichi1999_34.jpg 0x0
rect:103 134 295 378 10
Duzce1999_01.jpg 0x0
rect:121 53 73 226 39
rect:108 136 110 98 41
Duzce1999_02.jpg 0x0
rect:95 45 108 536 41
Duzce1999_03.jpg 0x0
rect:90 79 96 283 42
rect:0 189 78 312 31
rect:160 112 102 262 31
Gediz1970_01.jpg 0x0
rect:243 429 84 151 69
rect:133 327 120 201 69
rect:89 137 295 376 68
Guatemala1976_01.jpg 0x0
rect:552 136 157 106 48
rect:66 185 44 46 41
rect:25 139 557 215 82
rect:511 136 50 95 41
rect:54 163 58 49 52
rect:30 142 90 115 48
Guatemala1976_02.jpg 0x0
rect:198 78 212 214 48
rect:220 67 117 96 40
Guatemala1976_03.jpg 0x0
rect:14 65 861 263 75
Guatemala1976_04.jpg 0x0
rect:587 231 108 393 4
rect:116 20 292 72 30
rect:629 301 96 168 4
rect:29 84 457 194 30
Guatemala1976_05.jpg 0x0
rect:148 124 406 229 40
rect:138 58 395 393 48
rect:226 184 295 118 41
Guatemala1976_06.jpg 0x0
rect:148 112 191 363 39
Guatemala1976_07.jpg 0x0
rect:25 369 55 66 6
rect:209 620 122 97 83
rect:29 197 306 448 10
Guatemala1976_08.jpg 0x0
rect:208 59 358 460 41
rect:455 94 154 292 40
rect:109 24 504 542 48
Guatemala1976_09.jpg 0x0
rect:405 299 92 26 85
rect:455 245 52 59 84
rect:182 389 47 31 84
rect:153 333 72 61 85
rect:333 380 65 64 84
rect:522 190 66 64 85
rect:84 370 34 30 84
rect:91 271 30 36 85
Guatemala1976_10.jpg 0x0
rect:148 182 312 335 86
rect:292 430 35 125 87
rect:175 118 203 201 87
Guatemala1976_11.jpg 0x0
rect:245 277 93 167 34
GujaratIndia2001_01.jpg 0x0
rect:211 582 279 74 2
rect:293 386 50 66 11
rect:22 481 221 192 4
rect:92 473 50 30 2
Haiti2010_01.jpg 0x0
rect:302 338 24 138 40
rect:464 488 258 214 4
rect:287 158 221 383 41
rect:164 32 110 106 7
rect:673 242 92 141 4
Haiti2010_02.jpg 0x0
rect:231 29 210 47 14
rect:58 94 527 237 88
Haiti2010_03.jpg 0x0
rect:209 704 263 258 89
rect:285 1 87 658 32
rect:213 498 226 158 32
rect:206 566 68 46 49
Haiti2010_04.jpg 0x0
rect:181 47 275 222 34
rect:2 185 311 156 6
rect:143 222 252 540 41
Haiti2010_05.jpg 0x0
rect:263 111 273 328 90
rect:240 318 21 88 40
rect:304 273 35 64 40
rect:212 159 195 136 52
Haiti2010_06.jpg 0x0
rect:618 147 824 656 91
rect:144 247 28 35 34
rect:403 181 51 232 32
rect:291 196 159 417 33
rect:178 306 281 480 91
rect:413 139 80 37 6
rect:492 122 74 111 34
ImperialValley1979_01.jpg 0x0
rect:449 230 72 45 32
rect:454 234 19 12 49
rect:441 344 22 49 50
rect:14 395 83 70 49
rect:407 222 53 37 32
rect:329 266 40 19 49
rect:9 402 175 90 32
rect:385 423 30 23 49
rect:422 412 34 57 50
rect:41 280 126 139 50
rect:434 276 33 37 32
ImperialValley1979_02.jpg 0x0
rect:355 112 103 158 50
rect:176 88 147 181 32
rect:189 168 57 172 50
rect:303 194 129 59 49
rect:225 169 386 75 92
rect:363 190 46 180 50
ImperialValley1979_03.jpg 0x0
rect:106 300 107 148 50
rect:150 296 288 129 32
rect:97 331 265 36 92
rect:376 373 78 250 50
rect:253 297 87 115 50
rect:206 179 208 194 32
rect:119 451 226 32 92
Izmit1999_01.jpg 0x0
rect:346 118 57 175 27
rect:254 294 42 140 27
rect:552 263 62 69 26
rect:131 81 262 327 34
rect:274 118 51 123 27
Izmit1999_02.jpg 0x0
rect:25 95 531 293 10
Izmit1999_03.jpg 0x0
rect:351 67 43 247 50
rect:208 140 43 191 50
rect:630 100 55 382 50
rect:219 45 200 265 32
rect:152 189 389 43 92
rect:210 109 73 237 50
rect:203 37 455 482 93
rect:283 69 46 294 50
Izmit1999_04.jpg 0x0
rect:73 552 36 117 42
rect:113 674 180 119 88
rect:435 256 17 44 40
rect:133 221 112 54 88
rect:347 383 96 75 41
rect:72 319 48 97 41
rect:66 479 62 52 34
rect:358 275 16 48 40
rect:224 64 66 73 48
rect:287 71 58 89 41
Izmit1999_05.jpg 0x0
rect:106 19 540 563 10
Izmit1999_06.jpg 0x0
rect:200 222 40 203 50
rect:123 215 160 462 32
rect:118 215 73 171 50
rect:232 213 49 195 50
rect:157 216 123 67 49
rect:64 328 87 191 50
Izmit1999_07.jpg 0x0
rect:362 204 119 475 4
rect:410 158 75 65 3
rect:263 205 55 75 3
rect:18 111 350 521 2
rect:459 64 176 58 6
rect:161 261 44 132 3
rect:293 245 42 130 3
Izmit1999_08.jpg 0x0
rect:116 104 101 64 41
rect:606 6 100 92 45
rect:647 79 73 30 52
rect:105 468 97 114 45
rect:487 113 65 63 41
rect:169 25 89 136 34
rect:157 205 177 116 88
Izmit1999_09.jpg 0x0
rect:60 140 31 40 41
rect:382 322 69 89 41
rect:291 275 83 111 94
rect:224 220 48 41 41
rect:789 192 51 76 94
rect:482 332 66 55 41
Izmit1999_10.jpg 0x0
rect:94 113 322 558 41
rect:71 152 95 177 40
rect:270 446 122 146 40
rect:198 156 86 224 40
rect:222 517 38 85 40
rect:263 136 52 170 40
rect:45 248 388 42 78
rect:322 104 140 188 40
rect:228 510 87 35 78
rect:74 399 243 52 78
rect:137 545 98 35 78
Izmit1999_11.jpg 0x0
rect:240 255 87 250 40
rect:261 178 134 126 41
rect:232 583 154 142 41
rect:125 325 47 170 40
rect:206 222 63 197 40
Izmit1999_12.jpg 0x0
rect:390 385 88 106 41
rect:60 258 54 50 52
rect:442 204 39 45 41
rect:414 85 46 70 45
rect:69 66 34 20 6
rect:487 143 58 63 7
rect:1 171 40 29 41
rect:13 52 32 23 6
rect:204 203 103 78 88
rect:55 238 52 110 94
rect:439 162 174 240 91
rect:114 266 31 58 40
rect:397 166 34 113 42
rect:488 75 37 65 41
rect:478 34 110 43 34
rect:396 278 98 117 94
rect:382 225 41 26 6
rect:235 262 65 82 52
Izmit1999_13.jpg 0x0
rect:140 226 89 77 52
rect:179 259 42 108 41
rect:342 104 181 430 48
rect:148 183 44 63 41
rect:299 172 73 294 41
rect:5 73 102 161 42
rect:136 223 90 126 94
rect:122 125 74 35 6
rect:312 119 73 142 41
Izmit1999_14.jpg 0x0
rect:237 308 49 25 34
rect:506 196 72 88 35
rect:318 335 54 41 34
rect:456 54 84 58 34
rect:383 180 95 38 34
rect:481 6 127 74 35
rect:57 190 85 77 34
rect:315 33 41 64 95
rect:392 436 26 19 34
Izmit1999_15.jpg 0x0
rect:179 144 172 482 42
Izmit1999_16.jpg 0x0
rect:182 79 228 177 41
rect:143 84 317 380 39
rect:93 70 282 493 33
rect:175 125 54 103 40
Izmit1999_17.jpg 0x0
rect:138 87 135 274 41
Izmit1999_18.jpg 0x0
rect:197 166 129 282 39
rect:146 133 105 117 41
Izmit1999_19.jpg 0x0
rect:179 170 324 167 32
rect:509 141 33 109 50
rect:569 164 21 58 50
rect:178 82 275 382 96
Kobe1995_01.jpg 0x0
rect:24 190 891 180 63
Kobe1995_02.jpg 0x0
rect:2 71 596 510 68
Kobe1995_03.jpg 0x0
rect:29 49 429 826 10
Kobe1995_04.jpg 0x0
rect:447 336 60 58 41
Kobe1995_05.jpg 0x0
rect:32 325 450 68 78
rect:312 117 125 556 40
rect:110 460 411 90 78
rect:162 188 215 424 52
rect:4 208 105 445 40
Kobe1995_06.jpg 0x0
rect:59 96 402 385 41
rect:162 317 269 416 42
Kobe1995_07.jpg 0x0
rect:391 118 29 28 39
rect:233 238 37 27 39
rect:151 159 45 35 39
rect:49 286 43 61 39
rect:224 103 24 34 39
rect:198 122 27 31 39
rect:123 328 44 43 39
rect:312 352 40 25 39
rect:417 416 32 58 39
rect:191 208 41 29 39
rect:165 245 29 38 39
rect:315 127 41 47 39
rect:184 324 38 42 39
rect:553 226 31 26 39
rect:282 190 39 49 39
rect:241 579 32 52 39
rect:237 384 36 36 39
rect:233 235 35 34 39
rect:106 239 39 20 39
rect:197 284 40 46 39
rect:46 327 42 21 39
rect:215 460 52 39 39
rect:466 465 46 35 39
rect:446 144 34 45 39
rect:364 470 41 51 39
rect:479 171 46 46 39
Kobe1995_08.jpg 0x0
rect:387 75 553 151 97
Kobe1995_09.jpg 0x0
rect:104 431 83 46 88
rect:74 403 82 69 88
rect:202 656 177 76 97
rect:63 726 65 83 88
SanSalvador_1986_01.jpg 0x0
rect:221 161 137 197 41
rect:48 3 135 169 68
SanSalvador_1986_02.jpg 0x0
rect:500 293 44 44 41
rect:343 344 27 37 41
rect:502 204 37 34 41
rect:350 135 49 40 41
rect:534 170 53 45 42
rect:188 194 40 41 41
rect:451 130 14 37 41
rect:142 214 28 38 41
rect:181 228 21 41 41
SikkimIndia2001_01.jpg 0x0
rect:268 110 156 127 34
SikkimIndia2001_02.jpg 0x0
rect:8 5 282 63 16
rect:-15 2 273 110 33
rect:398 109 84 164 33
rect:125 73 155 389 33
rect:9 143 61 58 54
rect:349 247 72 31 16
rect:354 109 119 39 16
rect:566 211 68 16 16
SikkimIndia2001_03.jpg 0x0
rect:243 89 88 236 69
rect:222 12 176 341 98
rect:164 227 81 136 70
SikkimIndia2001_04.jpg 0x0
rect:440 207 268 109 99
rect:213 226 82 111 34
rect:3 34 260 350 99
SumatraInd2009_01.jpg 0x0
rect:236 18 55 278 81
SumatraInd2009_02.jpg 0x0
rect:135 59 161 142 41
WhittierNarrows1987_01.jpg 0x0
rect:15 33 1013 304 10
WhittierNarrows1987_02.jpg 0x0
rect:137 240 85 265 41
WhittierNarrows1987_03.jpg 0x0
rect:306 170 119 178 32
WhittierNarrows1987_04.jpg 0x0
rect:205 40 82 181 41
rect:293 14 314 138 100
rect:235 7 231 64 6
YogyakartaInd2006_01.jpg 0x0
rect:193 46 235 226 32
rect:239 -23 519 423 29
rect:206 116 351 52 49
YogyakartaInd2006_02.jpg 0x0
rect:231 107 66 186 69
rect:457 108 69 137 70
rect:378 75 131 418 98
