Anchorage1964_01.jpg 0x0
rect:103 333 276 287 1
rect:77 6 183 220 1
Anchorage1964_02.jpg 0x0
rect:84 46 73 18 6
rect:243 252 358 122 2
rect:569 189 12 45 3
rect:43 23 168 54 5
rect:109 174 18 21 6
rect:94 219 45 11 6
rect:406 332 22 71 3
rect:266 229 27 74 3
rect:354 259 16 52 3
rect:110 182 55 55 7
rect:255 40 294 74 4
rect:602 70 110 128 8
rect:33 232 161 43 5
rect:317 190 21 39 3
rect:330 330 24 45 3
rect:187 62 111 74 4
rect:195 233 19 78 3
rect:326 267 111 74 4
rect:439 219 20 54 3
Anchorage1964_03.jpg 0x0
rect:217 87 378 201 9
rect:0 237 755 59 10
rect:2 242 210 63 9
Anchorage1964_04.jpg 0x0
rect:248 270 34 26 5
rect:314 124 38 19 5
rect:282 347 25 17 5
rect:388 40 39 22 5
rect:320 502 25 24 1
rect:215 307 7 1 1
rect:234 317 19 28 1
rect:173 337 62 12 2
rect:402 176 24 15 5
rect:217 310 13 25 1
rect:228 310 21 19 8
rect:336 482 25 33 1
rect:172 340 33 13 5
rect:175 318 27 13 5
rect:178 395 47 14 5
rect:259 363 20 21 5
rect:158 308 33 24 5
rect:297 247 32 17 5
rect:264 457 16 21 1
rect:410 539 38 26 5
rect:433 65 26 15 5
rect:120 131 28 16 5
rect:447 96 41 21 5
rect:310 204 17 17 1
rect:359 331 30 19 5
rect:128 32 22 17 5
rect:118 45 42 16 5
rect:185 207 23 15 5
rect:260 123 24 22 5
rect:137 536 26 17 5
rect:169 115 32 15 5
rect:250 190 27 18 5
rect:188 322 18 20 1
rect:153 197 21 23 5
rect:227 279 13 18 1
rect:317 277 22 24 1
rect:253 118 13 18 1
rect:118 107 36 16 5
rect:255 133 22 32 1
Anchorage1964_05.jpg 0x0
rect:253 196 108 79 2
rect:29 562 26 72 1
rect:236 42 114 21 5
rect:540 310 60 64 1
rect:217 41 101 44 6
rect:134 108 86 48 6
rect:482 296 52 20 6
rect:740 274 78 31 5
rect:92 233 19 63 1
rect:470 89 29 53 1
rect:496 1 46 63 1
rect:533 304 56 73 8
rect:73 182 22 44 1
rect:95 26 18 39 1
rect:353 126 43 48 1
rect:337 190 50 60 1
rect:503 256 43 59 8
rect:66 88 22 31 1
rect:636 441 44 17 6
rect:216 146 138 29 5
rect:114 132 14 63 1
rect:488 242 48 20 11
rect:584 177 45 61 1
rect:56 246 27 51 1
rect:43 185 22 34 1
rect:43 262 26 31 1
rect:221 238 18 26 11
rect:331 22 29 57 1
rect:823 338 53 35 5
Anchorage1964_06.jpg 0x0
rect:112 160 112 380 3
rect:207 176 76 83 11
rect:122 68 195 505 12
Anchorage1964_07.jpg 0x0
rect:7 298 293 30 14
rect:399 194 37 137 13
rect:458 339 300 244 2
rect:177 2 109 49 2
rect:15 208 343 31 11
rect:333 207 108 67 11
rect:290 113 44 126 3
rect:8 80 845 324 2
rect:204 156 184 161 11
Anchorage1964_08.jpg 0x0
rect:274 222 141 149 1
rect:323 565 95 92 1
rect:47 320 134 93 1
rect:48 70 106 83 1
rect:55 408 101 91 1
rect:284 28 77 85 1
Anchorage1964_09.jpg 0x0
rect:477 6 262 12 15
rect:566 34 64 54 8
rect:776 99 164 24 15
rect:16 132 21 8 16
rect:822 232 1 1 16
rect:134 169 90 84 1
rect:135 288 89 57 8
rect:597 106 77 68 1
rect:309 133 82 72 1
rect:13 15 392 17 15
rect:767 12 114 13 16
rect:127 154 221 11 15
rect:85 56 93 96 8
rect:18 17 78 12 16
rect:333 117 73 62 1
rect:525 234 64 55 8
rect:54 167 66 10 16
rect:13 166 99 25 15
rect:443 152 131 19 15
Anchorage1964_10.jpg 0x0
rect:63 438 268 129 18
rect:241 294 113 131 17
rect:78 186 273 331 1
rect:151 171 261 80 18
Anchorage1964_11.jpg 0x0
rect:674 122 184 83 1
rect:50 586 756 13 14
rect:106 158 538 93 2
rect:185 159 343 22 15
rect:429 7 141 27 1
rect:283 261 330 30 11
rect:136 55 215 74 4
rect:77 549 564 24 14
Anchorage1964_12.jpg 0x0
rect:137 206 38 107 3
rect:312 86 65 259 3
rect:492 73 232 121 11
rect:386 83 64 286 3
rect:9 89 470 285 2
Anchorage1964_13.jpg 0x0
rect:447 506 146 15 19
rect:339 422 31 172 20
rect:297 598 156 28 2
Anchorage1964_14.jpg 0x0
rect:24 408 20 62 22
rect:116 707 55 64 22
rect:8 619 162 80 11
rect:161 351 65 101 21
rect:295 662 117 86 23
rect:436 6 108 106 11
rect:44 628 58 70 22
rect:117 410 51 49 22
rect:160 9 115 657 20
rect:261 12 78 257 11
rect:253 274 150 40 15
rect:81 303 183 42 15
Anchorage1964_15.jpg 0x0
rect:281 84 60 81 25
rect:391 266 108 25 24
rect:479 9 70 65 4
rect:217 335 154 42 15
rect:256 9 53 57 4
rect:174 57 60 451 20
rect:206 515 259 62 2
rect:486 195 168 56 11
rect:260 147 42 59 11
Anchorage1964_16.jpg 0x0
rect:80 320 107 113 11
rect:15 352 46 106 2
rect:14 152 180 179 2
rect:185 74 342 167 2
rect:234 205 201 150 11
rect:519 227 101 236 2
Anchorage1964_17.jpg 0x0
rect:9 251 495 211 10
rect:291 50 215 273 9
rect:9 117 247 99 9
Anchorage1964_18.jpg 0x0
rect:584 400 45 20 2
rect:236 310 45 75 11
rect:442 131 139 65 4
rect:110 194 20 38 11
rect:420 286 64 18 2
rect:118 380 93 57 11
rect:297 211 388 21 15
rect:579 299 74 16 2
rect:407 181 88 76 4
rect:174 188 90 128 4
Anchorage1964_19.jpg 0x0
rect:296 89 37 33 27
rect:447 119 40 37 26
rect:371 300 17 47 26
rect:432 211 11 39 26
rect:554 152 18 46 26
rect:33 303 36 79 27
rect:232 67 86 167 29
rect:530 187 9 6 26
rect:318 127 45 57 29
rect:327 373 40 79 26
rect:417 164 5 15 26
rect:378 92 23 58 29
rect:543 183 42 24 28
rect:568 252 46 42 28
rect:246 126 52 43 26
rect:6 238 65 138 26
rect:594 219 11 19 26
rect:770 209 6 12 26
Anchorage1964_20.jpg 0x0
rect:175 134 76 41 27
rect:239 67 117 71 26
rect:184 381 78 151 26
rect:626 578 42 102 26
rect:168 51 171 194 29
Anchorage1964_21.jpg 0x0
rect:54 225 30 44 26
rect:2 94 38 30 26
rect:-6 67 87 133 29
rect:123 162 434 157 30
Bingol2003_01.jpg 0x0
rect:944 447 101 35 33
rect:1025 178 93 72 33
rect:565 277 37 68 34
rect:727 116 72 64 6
rect:2 395 863 254 10
rect:190 222 53 65 33
rect:406 369 49 164 32
rect:590 424 107 49 33
rect:493 68 84 66 6
rect:455 159 62 129 34
rect:170 117 74 34 6
rect:732 233 77 54 6
rect:27 315 82 53 33
rect:539 202 179 146 31
rect:522 275 37 73 6
rect:460 401 151 85 6
rect:379 135 91 64 33
rect:645 78 134 202 31
rect:293 475 132 100 6
Bingol2003_02.jpg 0x0
rect:120 518 159 193 32
rect:271 306 60 90 6
rect:937 47 139 83 36
rect:607 210 493 162 35
rect:581 308 126 138 26
rect:209 315 829 423 31
rect:160 80 377 184 34
rect:235 338 112 482 32
Bingol2003_03.jpg 0x0
rect:74 22 155 34 2
rect:596 218 255 73 11
rect:765 206 222 810 4
rect:958 391 200 345 2
rect:622 -10 354 221 4
rect:370 215 264 192 2
rect:127 52 98 105 33
Bingol2003_04.jpg 0x0
rect:237 253 134 158 4
rect:181 450 40 85 3
rect:140 635 34 82 3
rect:61 533 26 68 3
rect:157 544 235 160 2
rect:56 637 104 107 2
rect:200 549 30 108 3
rect:355 569 125 67 2
CanterburyNZSeries2010_01.jpg 0x0
rect:71 114 90 370 12
CanterburyNZSeries2010_02.jpg 0x0
rect:46 8 189 336 37
rect:51 54 188 181 6
CanterburyNZSeries2010_03.jpg 0x0
rect:41 68 353 96 38
CanterburyNZSeries2010_04.jpg 0x0
rect:310 390 43 113 40
rect:246 422 32 73 40
rect:347 316 18 49 40
rect:263 311 19 77 40
rect:247 210 169 245 39
rect:214 425 122 238 41
rect:324 428 21 128 40
rect:259 9 104 180 42
CanterburyNZSeries2010_05.jpg 0x0
rect:269 169 184 110 15
rect:266 340 262 290 4
CanterburyNZSeries2010_06.jpg 0x0
rect:324 238 312 142 2
rect:66 118 595 621 4
CanterburyNZSeries2010_08.jpg 0x0
rect:869 656 49 158 44
rect:731 419 25 220 32
rect:438 192 190 278 43
rect:528 434 79 150 44
CanterburyNZSeries2010_09.jpg 0x0
rect:326 241 148 262 39
rect:270 117 181 143 45
CanterburyNZSeries2010_10.jpg 0x0
rect:298 245 280 284 6
rect:252 387 238 54 46
rect:247 134 334 101 7
rect:206 426 254 137 6
CanterburyNZSeries2010_11.jpg 0x0
rect:349 213 256 96 7
rect:408 386 329 178 5
CanterburyNZSeries2010_12.jpg 0x0
rect:38 226 864 329 2
rect:4 351 853 370 47
rect:130 553 124 57 11
rect:516 594 178 87 11
CanterburyNZSeries2010_13.jpg 0x0
rect:512 118 120 369 11
rect:162 15 476 561 12
Caracas1967_01.jpg 0x0
rect:316 86 210 264 48
rect:356 201 12 64 48
rect:320 129 98 78 48
rect:245 128 52 83 48
Caracas1967_02.jpg 0x0
rect:127 308 38 32 50
rect:161 471 48 50 49
rect:199 230 231 280 51
rect:196 1 119 154 15
Caracas1967_03.jpg 0x0
rect:18 306 279 115 6
rect:240 420 25 125 27
rect:282 332 84 174 34
rect:292 83 101 115 14
rect:364 406 76 88 26
rect:234 340 32 83 27
Caracas1967_04.jpg 0x0
rect:177 244 228 116 34
rect:123 305 35 149 26
rect:105 260 24 116 27
Caracas1967_05.jpg 0x0
rect:191 319 54 196 40
rect:209 312 59 213 40
rect:30 83 308 617 48
rect:82 311 212 173 52
rect:281 271 58 171 40
rect:358 227 32 252 40
rect:42 270 62 326 40
rect:177 255 69 182 40
rect:32 180 449 537 41
rect:244 324 173 127 52
Caracas1967_06.jpg 0x0
rect:257 77 375 272 7
rect:270 354 77 48 6
Caracas1967_07.jpg 0x0
rect:576 248 104 258 34
rect:484 412 96 56 53
rect:314 373 102 84 53
rect:322 39 26 306 27
rect:339 8 80 328 34
rect:228 153 41 204 27
rect:208 153 130 197 34
Caracas1967_08.jpg 0x0
rect:156 301 85 84 54
rect:258 291 51 91 55
rect:354 177 81 116 54
Caracas1967_09.jpg 0x0
rect:21 162 56 38 48
rect:142 173 113 84 48
rect:87 226 48 46 48
rect:455 9 211 198 48
Caracas1967_10.jpg 0x0
rect:430 402 98 187 40
rect:46 198 343 408 41
rect:14 198 457 415 48
rect:403 213 70 184 40
Caracas1967_11.jpg 0x0
rect:306 17 159 306 41
rect:40 249 326 488 41
rect:57 11 408 671 48
Caracas1967_12.jpg 0x0
rect:540 194 27 40 34
rect:217 245 24 57 56
rect:905 353 24 62 32
rect:826 370 20 45 32
Caracas1967_13.jpg 0x0
rect:162 451 133 324 55
Caracas1967_14.jpg 0x0
rect:151 114 557 141 57
rect:117 374 281 39 6
Chichi1999_01.jpg 0x0
rect:425 102 48 200 42
rect:4 9 713 165 58
Chichi1999_02.jpg 0x0
rect:347 109 202 356 59
rect:7 84 474 180 58
Chichi1999_03.jpg 0x0
rect:0 120 712 175 58
rect:94 206 64 104 60
Chichi1999_04.jpg 0x0
rect:198 174 55 250 48
rect:259 216 38 63 52
rect:295 -12 58 139 48
Chichi1999_05.jpg 0x0
rect:342 180 39 100 52
rect:301 96 42 42 41
rect:303 317 27 28 41
rect:305 100 96 281 48
Chichi1999_06.jpg 0x0
rect:252 103 71 64 62
rect:339 273 21 30 52
rect:729 171 30 39 41
rect:602 -13 76 57 61
rect:347 244 40 87 48
rect:165 16 381 140 10
Chichi1999_07.jpg 0x0
rect:525 223 23 31 64
rect:475 263 36 109 48
rect:186 142 19 60 64
rect:290 217 51 130 48
rect:134 169 40 169 48
rect:474 312 17 17 64
rect:74 203 536 137 63
Chichi1999_08.jpg 0x0
rect:98 15 381 583 10
Chichi1999_09.jpg 0x0
rect:264 82 130 116 41
rect:243 104 40 60 40
rect:175 79 146 221 48
rect:307 127 37 67 40
Chichi1999_10.jpg 0x0
rect:156 15 658 554 10
Chichi1999_11.jpg 0x0
rect:2 101 132 446 10
rect:158 288 75 79 65
Chichi1999_12.jpg 0x0
rect:10 28 483 711 66
Chichi1999_13.jpg 0x0
rect:39 37 532 368 10
Chichi1999_14.jpg 0x0
rect:124 412 35 30 67
rect:252 218 37 56 67
rect:316 496 28 30 39
rect:231 185 14 41 67
rect:106 309 75 49 67
rect:128 201 86 49 67
rect:139 327 37 75 67
rect:261 507 101 85 67
rect:198 625 37 39 67
rect:83 365 44 36 67
rect:262 496 25 28 39
rect:235 320 40 51 39
rect:232 384 36 56 67
rect:88 201 43 51 67
rect:274 578 38 44 67
rect:77 540 54 61 67
rect:318 305 28 29 39
Chichi1999_15.jpg 0x0
rect:215 29 290 338 41
Chichi1999_16.jpg 0x0
rect:149 165 76 102 32
Chichi1999_17.jpg 0x0
rect:159 373 20 48 32
Chichi1999_18.jpg 0x0
rect:148 217 44 78 69
rect:351 371 34 109 70
rect:306 392 37 131 69
rect:145 281 26 103 69
rect:179 297 23 179 69
rect:134 179 164 468 68
Chichi1999_19.jpg 0x0
rect:152 24 211 406 2
rect:205 104 167 235 3
YogyakartaInd2006_03.jpg 0x0
rect:252 25 92 2 15
rect:279 373 229 30 15
rect:318 68 98 67 15
rect:200 103 66 40 15
rect:383 532 40 24 16
rect:226 226 394 170 71
rect:232 111 26 7 16
rect:392 103 69 48 16
Chichi1999_20.jpg 0x0
rect:198 186 100 401 42
rect:317 497 73 244 41
Chichi1999_21.jpg 0x0
rect:89 303 186 105 5
rect:215 237 97 125 6
rect:21 4 169 176 30
rect:478 126 115 141 6
rect:429 7 123 81 57
rect:175 293 213 124 37
rect:284 25 237 196 37
rect:176 102 196 244 72
Chichi1999_22.jpg 0x0
rect:291 108 396 148 10
rect:284 228 13 16 73
rect:418 184 16 21 73
rect:350 196 13 22 73
Chichi1999_23.jpg 0x0
rect:267 170 54 50 73
rect:81 278 52 106 34
rect:208 209 19 22 26
rect:319 208 28 32 27
rect:146 424 55 138 73
rect:4 47 564 239 74
rect:138 207 59 57 73
rect:125 124 24 19 34
rect:343 242 45 99 34
rect:197 275 98 79 73
Chichi1999_24.jpg 0x0
rect:3 321 350 155 74
rect:139 322 68 44 34
rect:290 229 46 50 46
rect:225 124 141 94 75
rect:334 323 1 2 46
Chichi1999_25.jpg 0x0
rect:168 290 36 88 26
rect:208 271 115 221 34
rect:199 252 171 288 73
Chichi1999_26.jpg 0x0
rect:108 575 149 153 73
rect:216 309 100 327 76
rect:219 159 69 128 73
rect:105 393 80 51 26
rect:270 22 47 24 73
rect:157 514 147 92 27
Chichi1999_27.jpg 0x0
rect:205 194 115 274 32
Chichi1999_28.jpg 0x0
rect:289 305 314 102 77
rect:189 117 141 191 5
rect:246 170 215 235 75
rect:17 77 288 103 6
Chichi1999_29.jpg 0x0
rect:234 251 89 224 52
rect:209 284 78 186 40
rect:148 238 142 333 48
Chichi1999_30.jpg 0x0
rect:193 217 228 44 78
rect:171 112 255 208 40
rect:30 319 101 144 73
rect:177 151 144 78 52
Chichi1999_31.jpg 0x0
rect:186 96 108 221 79
rect:592 131 43 201 48
Chichi1999_32.jpg 0x0
rect:111 7 125 355 80
rect:120 272 45 177 81
rect:211 82 46 167 81
rect:592 153 67 258 39
Chichi1999_33.jpg 0x0
rect:99 129 52 152 49
rect:142 135 62 291 32
rect:339 172 36 143 49
rect:183 88 70 326 56
rect:277 113 95 316 32
rect:85 82 111 376 33
Chichi1999_34.jpg 0x0
rect:134 119 541 429 10
Duzce1999_01.jpg 0x0
rect:109 119 116 159 41
rect:128 53 111 224 39
Duzce1999_02.jpg 0x0
rect:105 54 106 299 41
Duzce1999_03.jpg 0x0
rect:126 127 94 267 42
rect:0 141 134 231 31
rect:281 102 110 306 31
Gediz1970_01.jpg 0x0
rect:88 82 303 690 68
rect:194 390 76 155 69
rect:174 279 81 194 69
Guatemala1976_01.jpg 0x0
rect:19 158 460 137 82
rect:78 175 80 49 52
rect:58 125 35 41 41
rect:572 100 143 165 48
rect:367 178 71 75 41
rect:39 137 101 111 48
Guatemala1976_02.jpg 0x0
rect:321 53 131 114 40
rect:180 59 333 241 48
Guatemala1976_03.jpg 0x0
rect:15 59 823 412 75
Guatemala1976_04.jpg 0x0
rect:759 201 159 324 4
rect:159 22 343 54 30
rect:29 64 388 202 30
rect:420 248 108 270 4
Guatemala1976_05.jpg 0x0
rect:195 65 410 306 48
rect:212 193 393 112 41
rect:151 129 255 139 40
Guatemala1976_06.jpg 0x0
rect:157 87 232 550 39
Guatemala1976_07.jpg 0x0
rect:275 423 165 85 83
rect:25 345 77 41 6
rect:28 313 377 525 10
Guatemala1976_08.jpg 0x0
rect:189 35 450 413 48
rect:180 68 447 301 41
rect:291 87 233 373 40
Guatemala1976_09.jpg 0x0
rect:531 426 54 75 84
rect:245 323 68 53 84
rect:543 254 50 47 85
rect:117 252 45 20 85
rect:181 322 36 37 84
rect:228 279 72 60 85
rect:306 367 54 23 85
rect:95 217 40 28 84
Guatemala1976_10.jpg 0x0
rect:266 169 183 295 86
rect:144 89 273 163 87
rect:294 415 37 147 87
Guatemala1976_11.jpg 0x0
rect:205 161 115 178 34
GujaratIndia2001_01.jpg 0x0
rect:68 382 70 28 2
rect:426 342 63 45 11
rect:31 303 204 154 4
rect:120 384 252 97 2
Haiti2010_01.jpg 0x0
rect:493 476 211 218 4
rect:285 353 32 160 40
rect:144 49 113 118 7
rect:204 99 228 335 41
rect:610 329 114 78 4
Haiti2010_02.jpg 0x0
rect:38 102 434 175 88
rect:307 33 210 39 14
Haiti2010_03.jpg 0x0
rect:192 552 50 55 49
rect:269 312 273 204 32
rect:183 671 306 196 89
rect:411 1 49 577 32
Haiti2010_04.jpg 0x0
rect:2 183 267 167 6
rect:182 396 330 494 41
rect:232 59 247 264 34
Haiti2010_05.jpg 0x0
rect:216 113 270 572 90
rect:258 223 29 109 40
rect:239 280 21 67 40
rect:260 297 228 152 52
Haiti2010_06.jpg 0x0
rect:247 232 228 336 91
rect:439 165 239 452 33
rect:177 373 40 55 34
rect:364 288 55 300 32
rect:427 193 643 726 91
rect:455 177 90 67 34
rect:315 227 56 58 6
ImperialValley1979_01.jpg 0x0
rect:287 268 55 66 50
rect:331 345 25 26 49
rect:483 315 34 27 32
rect:279 395 73 38 32
rect:412 390 44 43 32
rect:380 258 49 28 49
rect:411 233 17 18 49
rect:15 260 71 61 49
rect:382 307 30 30 50
rect:10 268 118 112 32
rect:49 354 89 108 50
ImperialValley1979_02.jpg 0x0
rect:250 162 90 162 50
rect:282 240 154 41 49
rect:231 165 62 256 50
rect:134 141 243 57 92
rect:342 163 36 173 50
rect:199 113 202 255 32
ImperialValley1979_03.jpg 0x0
rect:140 577 338 45 92
rect:357 284 81 187 50
rect:110 206 287 200 32
rect:74 448 336 34 92
rect:97 214 91 270 50
rect:263 284 86 117 50
rect:158 223 233 197 32
Izmit1999_01.jpg 0x0
rect:443 336 41 85 26
rect:195 104 67 234 27
rect:252 71 457 309 34
rect:272 120 55 172 27
rect:168 222 28 128 27
Izmit1999_02.jpg 0x0
rect:27 146 527 302 10
Izmit1999_03.jpg 0x0
rect:457 110 33 200 50
rect:567 94 50 294 50
rect:442 79 35 204 50
rect:235 75 318 266 32
rect:145 226 469 44 92
rect:231 178 50 133 50
rect:186 43 519 357 93
rect:141 104 46 307 50
Izmit1999_04.jpg 0x0
rect:361 278 21 41 40
rect:133 236 141 84 88
rect:238 91 89 96 41
rect:60 487 60 41 34
rect:106 641 212 169 88
rect:232 248 107 75 41
rect:69 589 49 113 41
rect:274 50 110 89 48
rect:84 335 39 86 42
rect:472 256 18 70 40
Izmit1999_05.jpg 0x0
rect:125 29 588 290 10
Izmit1999_06.jpg 0x0
rect:185 282 35 196 50
rect:219 232 51 137 50
rect:90 307 73 192 50
rect:171 248 68 240 50
rect:157 209 257 495 32
rect:133 198 104 105 49
Izmit1999_07.jpg 0x0
rect:386 399 122 459 4
rect:271 81 113 39 6
rect:318 148 92 95 3
rect:218 174 53 111 3
rect:300 159 45 131 3
rect:29 127 315 712 2
rect:185 388 39 100 3
Izmit1999_08.jpg 0x0
rect:403 80 57 39 52
rect:110 156 92 81 41
rect:383 59 70 84 41
rect:686 6 123 55 45
rect:149 398 64 94 45
rect:149 288 221 142 88
rect:109 34 73 138 34
Izmit1999_09.jpg 0x0
rect:276 173 55 32 41
rect:44 228 31 46 41
rect:345 316 120 84 94
rect:598 294 42 92 94
rect:347 308 131 110 41
rect:747 328 66 82 41
Izmit1999_10.jpg 0x0
rect:189 168 102 308 40
rect:48 170 74 152 40
rect:131 414 372 72 78
rect:61 187 225 459 41
rect:329 664 76 34 78
rect:38 178 472 34 78
rect:225 145 163 147 40
rect:349 512 91 100 40
rect:233 370 109 31 78
rect:227 311 62 108 40
rect:203 161 49 123 40
Izmit1999_11.jpg 0x0
rect:253 258 99 202 40
rect:207 342 86 152 40
rect:232 154 159 138 41
rect:282 168 77 147 40
rect:222 337 147 93 41
Izmit1999_12.jpg 0x0
rect:261 105 65 98 45
rect:341 21 68 58 34
rect:21 76 59 30 6
rect:353 192 75 64 7
rect:334 306 44 95 52
rect:419 233 43 81 42
rect:548 197 145 152 91
rect:109 358 33 48 40
rect:177 244 67 62 88
rect:59 363 45 77 52
rect:264 354 78 192 94
rect:447 102 52 82 41
rect:400 299 74 108 41
rect:1 161 27 32 41
rect:245 146 36 24 6
rect:122 87 25 26 6
rect:322 215 46 76 41
rect:42 227 54 69 94
Izmit1999_13.jpg 0x0
rect:240 308 40 83 41
rect:129 136 59 44 6
rect:212 80 244 321 48
rect:5 94 93 184 42
rect:95 309 26 130 41
rect:158 323 93 69 52
rect:298 179 116 185 41
rect:116 288 113 130 94
rect:339 73 55 121 41
Izmit1999_14.jpg 0x0
rect:512 111 85 69 35
rect:491 317 54 34 34
rect:281 47 67 68 95
rect:329 62 71 64 34
rect:603 342 94 37 34
rect:287 365 40 17 34
rect:355 443 51 35 34
rect:40 144 87 52 34
rect:291 6 195 63 35
Izmit1999_15.jpg 0x0
rect:161 245 246 277 42
Izmit1999_16.jpg 0x0
rect:147 61 281 239 39
rect:153 103 206 102 41
rect:85 70 298 609 33
rect:192 145 47 80 40
Izmit1999_17.jpg 0x0
rect:89 159 180 238 41
Izmit1999_18.jpg 0x0
rect:195 182 130 304 39
rect:199 177 116 171 41
Izmit1999_19.jpg 0x0
rect:200 87 261 311 96
rect:478 165 29 74 50
rect:611 143 35 120 50
rect:227 98 258 291 32
Kobe1995_01.jpg 0x0
rect:25 154 670 129 63
Kobe1995_02.jpg 0x0
rect:2 70 577 694 68
Kobe1995_03.jpg 0x0
rect:36 63 434 561 10
Kobe1995_04.jpg 0x0
rect:323 269 48 37 41
Kobe1995_05.jpg 0x0
rect:41 225 435 89 78
rect:153 176 263 425 52
rect:105 481 326 101 78
rect:220 144 213 286 40
rect:3 158 102 562 40
Kobe1995_06.jpg 0x0
rect:57 158 561 370 41
rect:123 384 353 300 42
Kobe1995_07.jpg 0x0
rect:142 210 52 61 39
rect:145 378 23 29 39
rect:106 331 31 22 39
rect:38 344 28 48 39
rect:122 307 35 41 39
rect:283 285 30 28 39
rect:345 430 33 46 39
rect:211 374 27 34 39
rect:327 226 37 54 39
rect:314 278 41 32 39
rect:48 307 33 29 39
rect:190 115 33 27 39
rect:154 566 33 42 39
rect:466 98 47 39 39
rect:386 308 37 37 39
rect:309 104 23 37 39
rect:467 284 22 33 39
rect:258 162 39 37 39
rect:146 196 32 29 39
rect:166 376 36 43 39
rect:403 545 51 49 39
rect:266 306 44 29 39
rect:312 110 41 45 39
rect:294 235 40 41 39
rect:493 264 38 35 39
rect:323 469 33 36 39
Kobe1995_08.jpg 0x0
rect:290 62 364 233 97
Kobe1995_09.jpg 0x0
rect:80 609 60 89 88
rect:175 601 233 60 97
rect:109 429 60 62 88
rect:78 490 83 83 88
SanSalvador_1986_01.jpg 0x0
rect:55 3 112 177 68
rect:235 178 135 188 41
SanSalvador_1986_02.jpg 0x0
rect:357 168 38 54 41
rect:596 138 38 31 41
rect:121 180 23 39 41
rect:643 217 48 42 42
rect:210 158 29 35 41
rect:202 306 40 44 41
rect:230 243 29 44 41
rect:270 122 19 33 41
rect:497 312 37 49 41
SikkimIndia2001_01.jpg 0x0
rect:209 144 166 96 34
SikkimIndia2001_02.jpg 0x0
rect:370 82 115 49 16
rect:142 95 212 303 33
rect:251 182 86 51 16
rect:9 6 236 77 16
rect:7 203 69 36 54
rect:-15 2 299 72 33
rect:535 83 82 144 33
rect:312 195 102 15 16
SikkimIndia2001_03.jpg 0x0
rect:264 244 90 176 70
rect:239 12 227 447 98
rect:248 94 79 176 69
SikkimIndia2001_04.jpg 0x0
rect:501 246 207 123 99
rect:3 29 205 229 99
rect:197 192 81 163 34
SumatraInd2009_01.jpg 0x0
rect:295 33 84 314 81
SumatraInd2009_02.jpg 0x0
rect:177 99 163 130 41
WhittierNarrows1987_01.jpg 0x0
rect:11 21 926 261 10
WhittierNarrows1987_02.jpg 0x0
rect:197 353 83 279 41
WhittierNarrows1987_03.jpg 0x0
rect:311 173 187 223 32
WhittierNarrows1987_04.jpg 0x0
rect:306 15 171 179 100
rect:162 9 406 100 6
rect:154 59 77 278 41
YogyakartaInd2006_01.jpg 0x0
rect:289 146 269 88 49
rect:159 -26 427 381 29
rect:214 37 252 198 32
YogyakartaInd2006_02.jpg 0x0
rect:402 156 38 180 69
rect:275 50 151 333 98
rect:482 78 88 180 70
