Anchorage1964_01.jpg 0x0
rect:89 8 229 178 1
rect:70 337 254 264 1
Anchorage1964_02.jpg 0x0
rect:217 259 359 108 2
rect:295 30 300 101 4
rect:26 268 121 31 5
rect:327 142 104 70 4
rect:96 37 66 13 6
rect:104 139 76 62 7
rect:121 248 63 17 6
rect:494 65 141 81 8
rect:115 272 18 27 6
rect:409 261 26 65 3
rect:460 284 13 70 3
rect:48 22 147 44 5
rect:291 239 27 73 3
rect:172 67 107 94 4
rect:347 227 26 58 3
rect:430 250 18 64 3
rect:345 349 32 46 3
rect:565 298 27 59 3
rect:197 229 21 64 3
Anchorage1964_03.jpg 0x0
rect:0 203 625 57 10
rect:185 82 254 141 9
rect:2 260 245 56 9
Anchorage1964_04.jpg 0x0
rect:160 30 33 16 5
rect:180 251 32 22 5
rect:196 537 57 13 2
rect:276 354 32 24 5
rect:345 447 26 32 1
rect:410 114 32 14 5
rect:114 130 35 14 5
rect:151 483 41 23 5
rect:165 410 33 13 5
rect:382 242 37 22 5
rect:374 578 23 35 1
rect:213 183 15 24 1
rect:295 379 17 15 5
rect:116 44 38 16 5
rect:239 286 14 20 1
rect:284 236 34 13 5
rect:351 152 29 27 5
rect:345 144 29 18 5
rect:420 242 35 13 5
rect:372 68 23 18 5
rect:170 66 34 22 5
rect:287 133 10 22 1
rect:314 291 9 1 1
rect:220 232 19 36 1
rect:458 250 34 17 5
rect:226 329 23 22 8
rect:277 21 30 17 5
rect:245 71 30 22 5
rect:210 265 37 11 5
rect:199 143 22 18 5
rect:296 272 12 27 1
rect:192 383 31 16 5
rect:256 114 20 22 1
rect:387 433 22 13 5
rect:197 194 28 23 5
rect:223 226 26 25 1
rect:316 452 20 26 1
rect:279 200 18 24 1
rect:122 321 22 17 5
Anchorage1964_05.jpg 0x0
rect:55 216 17 48 1
rect:713 396 41 15 6
rect:221 128 89 47 6
rect:406 156 23 26 11
rect:706 214 73 32 5
rect:291 202 37 88 8
rect:86 158 25 56 1
rect:126 24 19 52 1
rect:150 214 93 26 5
rect:568 24 38 61 1
rect:330 59 31 59 1
rect:34 461 29 58 1
rect:71 345 25 41 1
rect:184 46 65 31 5
rect:323 228 41 70 1
rect:50 87 24 34 1
rect:335 1 33 63 1
rect:432 195 47 19 6
rect:597 524 36 69 8
rect:384 293 54 19 11
rect:205 46 103 61 6
rect:452 130 48 53 1
rect:212 135 133 75 2
rect:423 136 39 71 1
rect:502 336 71 86 1
rect:59 292 27 41 1
rect:90 84 16 51 1
rect:60 103 13 30 1
rect:807 279 55 35 5
Anchorage1964_06.jpg 0x0
rect:102 55 258 540 12
rect:167 321 63 86 11
rect:192 134 120 203 3
Anchorage1964_07.jpg 0x0
rect:344 122 51 86 3
rect:423 296 437 242 2
rect:8 76 526 346 2
rect:280 151 153 142 11
rect:11 254 250 34 11
rect:263 2 138 76 2
rect:494 250 67 79 11
rect:269 136 36 132 13
rect:8 310 282 24 14
Anchorage1964_08.jpg 0x0
rect:56 61 158 123 1
rect:218 37 85 122 1
rect:422 612 139 125 1
rect:42 626 123 105 1
rect:65 386 107 103 1
rect:420 281 114 152 1
Anchorage1964_09.jpg 0x0
rect:15 141 99 20 15
rect:114 180 318 11 15
rect:69 38 97 83 8
rect:222 126 88 47 1
rect:11 18 474 11 15
rect:391 135 95 75 1
rect:79 132 96 79 1
rect:11 16 74 15 16
rect:568 11 133 10 16
rect:480 25 90 63 8
rect:354 9 269 16 15
rect:103 305 76 59 8
rect:387 144 51 91 1
rect:16 142 21 12 16
rect:581 233 1 1 16
rect:614 253 91 71 8
rect:460 112 89 25 15
rect:471 147 97 19 15
rect:67 171 43 8 16
Anchorage1964_10.jpg 0x0
rect:75 482 321 121 18
rect:181 315 118 159 17
rect:83 166 231 298 1
rect:137 187 214 78 18
Anchorage1964_11.jpg 0x0
rect:71 531 436 13 14
rect:671 140 194 91 1
rect:168 61 201 74 4
rect:102 162 466 84 2
rect:289 197 231 44 11
rect:229 206 457 24 15
rect:66 518 635 21 14
rect:681 7 76 38 1
Anchorage1964_12.jpg 0x0
rect:134 150 32 81 3
rect:355 90 63 216 3
rect:14 84 710 266 2
rect:478 65 228 158 11
rect:420 79 62 273 3
Anchorage1964_13.jpg 0x0
rect:502 265 25 160 20
rect:287 565 131 14 19
rect:355 572 228 34 2
Anchorage1964_14.jpg 0x0
rect:212 11 109 584 20
rect:212 725 42 57 22
rect:256 608 188 64 23
rect:449 5 105 173 11
rect:252 13 67 195 11
rect:10 575 215 83 11
rect:82 546 33 79 22
rect:268 287 69 113 21
rect:52 514 58 77 22
rect:94 278 160 23 15
rect:24 622 21 59 22
rect:450 232 122 48 15
Anchorage1964_15.jpg 0x0
rect:229 155 48 101 25
rect:415 291 134 35 11
rect:148 82 83 448 20
rect:295 275 144 54 15
rect:246 142 44 64 11
rect:465 354 73 46 24
rect:358 7 98 85 4
rect:188 440 261 73 2
rect:280 9 81 44 4
Anchorage1964_16.jpg 0x0
rect:15 237 66 77 2
rect:17 117 131 161 2
rect:261 86 204 143 2
rect:98 346 75 133 11
rect:484 191 102 159 2
rect:180 205 289 224 11
Anchorage1964_17.jpg 0x0
rect:281 43 207 204 9
rect:9 159 909 170 10
rect:11 151 331 148 9
Anchorage1964_18.jpg 0x0
rect:611 204 81 18 2
rect:113 169 54 88 4
rect:327 303 38 48 11
rect:651 188 77 92 4
rect:485 379 42 20 2
rect:135 179 22 52 11
rect:420 196 82 86 4
rect:109 385 74 45 11
rect:294 387 66 18 2
rect:313 356 223 35 15
Anchorage1964_19.jpg 0x0
rect:228 98 73 149 29
rect:418 173 34 24 28
rect:348 100 15 33 26
rect:787 222 9 13 26
rect:431 242 19 31 26
rect:401 243 16 35 26
rect:314 96 22 25 26
rect:338 175 10 18 26
rect:345 139 24 35 27
rect:35 207 28 107 27
rect:207 67 50 39 26
rect:5 284 61 187 26
rect:914 136 8 7 26
rect:200 310 61 62 26
rect:404 182 8 15 26
rect:557 134 29 42 29
rect:494 140 53 40 28
rect:314 112 48 98 29
Anchorage1964_20.jpg 0x0
rect:437 403 30 73 26
rect:248 132 85 40 27
rect:261 477 59 125 26
rect:141 72 88 77 26
rect:206 71 105 162 29
Anchorage1964_21.jpg 0x0
rect:-6 78 79 181 29
rect:208 231 443 209 30
rect:2 68 34 40 26
rect:41 297 37 31 26
Bingol2003_01.jpg 0x0
rect:601 211 39 103 34
rect:331 226 64 81 33
rect:935 428 93 29 33
rect:637 502 193 72 6
rect:972 185 115 66 33
rect:698 99 94 78 6
rect:166 89 82 31 6
rect:174 218 61 76 33
rect:540 327 217 131 31
rect:595 330 39 166 32
rect:406 480 86 93 6
rect:909 249 67 73 33
rect:406 441 50 77 34
rect:746 223 78 67 6
rect:414 88 204 145 31
rect:35 174 88 75 33
rect:509 196 47 46 6
rect:456 71 66 65 6
rect:2 437 661 256 10
Bingol2003_02.jpg 0x0
rect:715 69 144 84 36
rect:106 532 167 296 32
rect:247 292 926 426 31
rect:427 192 530 121 35
rect:376 370 103 85 6
rect:168 102 512 117 34
rect:663 257 98 104 26
rect:200 224 86 490 32
Bingol2003_03.jpg 0x0
rect:852 -9 352 256 4
rect:838 252 267 429 4
rect:119 35 83 150 33
rect:972 612 254 395 2
rect:99 30 144 35 2
rect:310 221 395 189 2
rect:345 147 218 53 11
Bingol2003_04.jpg 0x0
rect:342 755 110 68 2
rect:89 510 107 98 2
rect:101 773 25 87 3
rect:282 259 143 224 4
rect:193 288 168 196 2
rect:114 512 33 51 3
rect:180 313 47 117 3
rect:211 630 33 70 3
CanterburyNZSeries2010_01.jpg 0x0
rect:93 115 130 209 12
CanterburyNZSeries2010_02.jpg 0x0
rect:30 9 246 266 37
rect:48 50 185 298 6
CanterburyNZSeries2010_03.jpg 0x0
rect:48 69 414 167 38
CanterburyNZSeries2010_04.jpg 0x0
rect:440 379 16 67 40
rect:175 11 76 179 42
rect:392 283 37 143 40
rect:373 377 24 38 40
rect:197 326 114 203 41
rect:193 457 35 73 40
rect:274 316 27 147 40
rect:268 303 173 459 39
CanterburyNZSeries2010_05.jpg 0x0
rect:299 196 102 106 15
rect:366 274 262 249 4
CanterburyNZSeries2010_06.jpg 0x0
rect:80 96 741 427 4
rect:291 307 270 84 2
CanterburyNZSeries2010_08.jpg 0x0
rect:601 290 95 124 44
rect:987 474 46 150 44
rect:559 557 29 187 32
rect:655 183 190 342 43
CanterburyNZSeries2010_09.jpg 0x0
rect:252 336 156 332 39
rect:309 128 185 137 45
CanterburyNZSeries2010_10.jpg 0x0
rect:171 367 287 97 6
rect:298 314 308 233 6
rect:234 403 189 75 46
rect:253 187 271 118 7
CanterburyNZSeries2010_11.jpg 0x0
rect:285 170 320 148 7
rect:267 256 342 268 5
CanterburyNZSeries2010_12.jpg 0x0
rect:50 390 1035 382 2
rect:5 334 903 522 47
rect:140 439 163 44 11
rect:635 403 201 79 11
CanterburyNZSeries2010_13.jpg 0x0
rect:119 17 452 527 12
rect:398 175 107 500 11
Caracas1967_01.jpg 0x0
rect:298 171 89 101 48
rect:514 83 123 324 48
rect:209 234 12 54 48
rect:406 216 31 103 48
Caracas1967_02.jpg 0x0
rect:170 1 91 113 15
rect:153 258 189 333 51
rect:146 423 42 32 50
rect:149 316 34 50 49
Caracas1967_03.jpg 0x0
rect:250 82 102 69 14
rect:270 292 96 203 34
rect:271 265 24 145 27
rect:321 404 26 80 27
rect:238 274 81 81 26
rect:12 434 301 112 6
Caracas1967_04.jpg 0x0
rect:187 338 67 77 26
rect:111 352 229 162 34
rect:118 347 20 115 27
Caracas1967_05.jpg 0x0
rect:221 228 49 272 40
rect:120 362 48 237 40
rect:66 340 216 178 52
rect:374 285 59 187 40
rect:242 250 147 147 52
rect:31 126 392 590 41
rect:306 199 44 295 40
rect:199 230 73 194 40
rect:23 68 282 479 48
rect:41 229 72 328 40
Caracas1967_06.jpg 0x0
rect:410 109 344 187 7
rect:328 259 90 43 6
Caracas1967_07.jpg 0x0
rect:337 393 74 117 53
rect:431 8 105 244 34
rect:506 48 32 214 27
rect:352 315 104 260 34
rect:165 136 41 188 27
rect:157 110 125 285 34
rect:386 411 93 74 53
Caracas1967_08.jpg 0x0
rect:514 178 65 90 54
rect:153 309 65 82 55
rect:293 241 60 132 54
Caracas1967_09.jpg 0x0
rect:86 223 55 88 48
rect:30 304 63 43 48
rect:560 13 207 181 48
rect:151 200 98 68 48
Caracas1967_10.jpg 0x0
rect:42 173 233 337 41
rect:304 241 114 194 40
rect:441 363 61 195 40
rect:15 152 536 355 48
Caracas1967_11.jpg 0x0
rect:231 17 151 365 41
rect:35 17 507 775 48
rect:46 235 188 635 41
Caracas1967_12.jpg 0x0
rect:257 299 30 50 56
rect:650 368 22 40 32
rect:613 487 20 68 32
rect:389 233 39 51 34
Caracas1967_13.jpg 0x0
rect:112 477 90 238 55
Caracas1967_14.jpg 0x0
rect:163 137 459 258 57
rect:102 338 353 40 6
Chichi1999_01.jpg 0x0
rect:394 128 46 215 42
rect:4 8 716 180 58
Chichi1999_02.jpg 0x0
rect:340 136 135 475 59
rect:6 70 395 130 58
Chichi1999_03.jpg 0x0
rect:0 155 529 200 58
rect:72 126 73 110 60
Chichi1999_04.jpg 0x0
rect:290 290 33 55 52
rect:257 -16 63 170 48
rect:163 159 92 293 48
Chichi1999_05.jpg 0x0
rect:445 299 33 41 41
rect:453 85 72 241 48
rect:393 143 40 63 41
rect:370 132 26 81 52
Chichi1999_06.jpg 0x0
rect:373 207 21 23 52
rect:521 219 30 68 41
rect:755 -12 106 95 61
rect:178 17 533 164 10
rect:247 125 62 80 62
rect:317 255 56 97 48
Chichi1999_07.jpg 0x0
rect:398 181 30 28 64
rect:139 212 30 58 64
rect:127 132 56 176 48
rect:684 196 60 108 48
rect:66 198 461 148 63
rect:372 187 57 129 48
rect:547 299 20 20 64
Chichi1999_08.jpg 0x0
rect:128 16 576 503 10
Chichi1999_09.jpg 0x0
rect:250 57 139 151 48
rect:214 115 45 71 40
rect:281 109 45 99 40
rect:198 133 135 67 41
Chichi1999_10.jpg 0x0
rect:172 24 555 415 10
Chichi1999_11.jpg 0x0
rect:173 228 103 126 65
rect:2 102 130 590 10
Chichi1999_12.jpg 0x0
rect:10 24 411 764 66
Chichi1999_13.jpg 0x0
rect:24 58 473 317 10
Chichi1999_14.jpg 0x0
rect:351 386 28 37 39
rect:161 413 30 53 67
rect:467 506 28 65 67
rect:141 359 31 57 67
rect:323 586 100 55 67
rect:324 389 17 23 39
rect:92 323 51 49 67
rect:280 482 40 50 39
rect:314 620 19 35 39
rect:121 312 37 68 67
rect:151 223 36 64 67
rect:128 323 25 49 67
rect:192 191 17 53 67
rect:79 653 55 58 67
rect:179 167 90 38 67
rect:245 396 33 57 67
rect:95 560 31 45 67
Chichi1999_15.jpg 0x0
rect:205 21 300 489 41
Chichi1999_16.jpg 0x0
rect:191 126 63 135 32
Chichi1999_17.jpg 0x0
rect:152 398 29 48 32
Chichi1999_18.jpg 0x0
rect:334 253 23 132 69
rect:194 294 32 149 69
rect:198 411 34 158 70
rect:122 295 27 131 69
rect:300 333 35 181 69
rect:133 230 168 392 68
Chichi1999_19.jpg 0x0
rect:145 23 305 437 2
rect:240 124 200 331 3
YogyakartaInd2006_03.jpg 0x0
rect:462 72 180 81 15
rect:271 26 66 2 15
rect:247 352 179 32 15
rect:411 494 60 25 16
rect:502 66 99 40 16
rect:274 213 216 101 71
rect:306 164 59 24 15
rect:323 181 24 7 16
Chichi1999_20.jpg 0x0
rect:199 222 127 441 42
rect:189 508 40 196 41
Chichi1999_21.jpg 0x0
rect:86 400 132 93 5
rect:420 40 192 236 37
rect:491 7 160 82 57
rect:222 291 230 120 37
rect:255 318 107 164 6
rect:13 4 284 157 30
rect:420 101 163 117 6
rect:230 86 184 334 72
Chichi1999_22.jpg 0x0
rect:278 182 364 132 10
rect:193 222 14 24 73
rect:306 262 19 20 73
rect:534 211 19 26 73
Chichi1999_23.jpg 0x0
rect:174 155 20 29 34
rect:3 56 414 190 74
rect:280 206 36 21 26
rect:302 377 50 87 34
rect:112 113 68 65 73
rect:112 307 69 91 73
rect:200 348 59 121 73
rect:253 247 27 19 27
rect:136 332 39 102 34
rect:374 192 45 77 73
Chichi1999_24.jpg 0x0
rect:165 159 44 60 46
rect:411 240 1 2 46
rect:3 445 247 247 74
rect:121 123 111 95 75
rect:251 238 70 38 34
Chichi1999_25.jpg 0x0
rect:191 210 236 301 73
rect:199 259 87 193 34
rect:142 307 58 63 26
Chichi1999_26.jpg 0x0
rect:167 589 128 132 27
rect:263 163 62 97 73
rect:166 633 125 115 73
rect:223 15 45 29 73
rect:164 551 74 94 26
rect:263 192 154 431 76
Chichi1999_27.jpg 0x0
rect:131 303 79 436 32
Chichi1999_28.jpg 0x0
rect:322 191 267 142 77
rect:145 100 158 235 5
rect:237 129 173 263 75
rect:20 92 239 92 6
Chichi1999_29.jpg 0x0
rect:183 252 100 163 52
rect:152 167 209 234 48
rect:192 277 120 167 40
Chichi1999_30.jpg 0x0
rect:279 162 135 57 52
rect:265 208 228 65 78
rect:186 125 269 284 40
rect:38 363 128 115 73
Chichi1999_31.jpg 0x0
rect:154 99 148 335 79
rect:597 96 56 250 48
Chichi1999_32.jpg 0x0
rect:120 155 33 176 81
rect:167 80 38 188 81
rect:138 9 101 316 80
rect:528 190 46 198 39
Chichi1999_33.jpg 0x0
rect:266 82 71 267 56
rect:121 150 61 129 49
rect:64 86 131 463 33
rect:257 141 45 99 49
rect:259 100 119 235 32
rect:123 117 62 316 32
Chichi1999_34.jpg 0x0
rect:162 115 452 286 10
Duzce1999_01.jpg 0x0
rect:90 101 126 178 41
rect:96 76 117 250 39
Duzce1999_02.jpg 0x0
rect:75 64 114 500 41
Duzce1999_03.jpg 0x0
rect:110 112 120 277 42
rect:0 226 78 195 31
rect:283 117 66 275 31
Gediz1970_01.jpg 0x0
rect:177 422 82 234 69
rect:119 141 285 434 68
rect:143 341 129 227 69
Guatemala1976_01.jpg 0x0
rect:54 209 121 135 48
rect:45 234 71 47 52
rect:547 155 84 78 41
rect:354 145 184 151 48
rect:24 157 681 160 82
rect:61 126 36 38 41
Guatemala1976_02.jpg 0x0
rect:271 45 73 72 40
rect:212 97 205 273 48
Guatemala1976_03.jpg 0x0
rect:20 81 536 249 75
Guatemala1976_04.jpg 0x0
rect:641 348 96 261 4
rect:606 156 150 276 4
rect:132 31 318 54 30
rect:49 87 482 212 30
Guatemala1976_05.jpg 0x0
rect:125 109 429 201 40
rect:160 202 290 145 41
rect:167 87 425 441 48
Guatemala1976_06.jpg 0x0
rect:148 131 175 456 39
Guatemala1976_07.jpg 0x0
rect:24 186 334 413 10
rect:32 316 62 60 6
rect:247 405 92 61 83
Guatemala1976_08.jpg 0x0
rect:157 25 422 407 48
rect:148 44 240 339 41
rect:455 101 133 231 40
Guatemala1976_09.jpg 0x0
rect:793 224 46 61 84
rect:617 288 80 55 85
rect:99 285 32 28 85
rect:146 379 42 24 84
rect:426 232 52 29 85
rect:446 306 38 69 84
rect:124 190 58 76 85
rect:99 381 33 29 84
Guatemala1976_10.jpg 0x0
rect:325 375 33 114 87
rect:151 92 198 181 87
rect:152 148 241 264 86
Guatemala1976_11.jpg 0x0
rect:170 215 93 198 34
GujaratIndia2001_01.jpg 0x0
rect:40 293 202 133 4
rect:60 480 87 34 2
rect:139 395 215 61 2
rect:282 452 76 42 11
Haiti2010_01.jpg 0x0
rect:387 260 97 108 4
rect:169 33 125 109 7
rect:437 380 145 170 4
rect:281 183 138 390 41
rect:203 253 21 143 40
Haiti2010_02.jpg 0x0
rect:280 23 163 53 14
rect:50 125 324 165 88
Haiti2010_03.jpg 0x0
rect:433 1 57 609 32
rect:167 414 55 65 49
rect:211 469 250 235 32
rect:288 694 253 246 89
Haiti2010_04.jpg 0x0
rect:160 239 403 365 41
rect:242 51 181 212 34
rect:2 185 243 166 6
Haiti2010_05.jpg 0x0
rect:246 179 22 92 40
rect:368 240 44 93 40
rect:263 181 213 127 52
rect:235 148 265 533 90
Haiti2010_06.jpg 0x0
rect:223 334 313 396 91
rect:390 202 56 43 6
rect:655 163 83 101 34
rect:206 213 47 62 34
rect:382 196 68 224 32
rect:382 212 632 818 91
rect:300 218 158 302 33
ImperialValley1979_01.jpg 0x0
rect:16 287 97 60 49
rect:319 297 37 85 50
rect:450 392 36 27 32
rect:378 294 22 21 49
rect:512 385 28 46 50
rect:46 260 120 119 50
rect:418 397 41 35 32
rect:12 355 112 154 32
rect:439 429 28 25 49
rect:281 269 39 20 49
rect:249 230 47 42 32
ImperialValley1979_02.jpg 0x0
rect:233 172 229 64 92
rect:165 90 222 168 32
rect:207 168 45 142 50
rect:332 205 162 49 49
rect:490 132 73 239 50
rect:221 123 94 251 50
ImperialValley1979_03.jpg 0x0
rect:140 338 199 41 92
rect:150 197 242 209 32
rect:261 394 73 128 50
rect:245 237 56 193 50
rect:92 249 63 216 50
rect:109 427 202 48 92
rect:129 239 155 151 32
Izmit1999_01.jpg 0x0
rect:304 222 43 122 27
rect:301 108 36 135 27
rect:173 97 274 363 34
rect:247 112 62 173 27
rect:600 339 65 79 26
Izmit1999_02.jpg 0x0
rect:28 95 944 195 10
Izmit1999_03.jpg 0x0
rect:201 99 65 378 50
rect:257 109 38 200 50
rect:491 118 31 208 50
rect:343 100 39 223 50
rect:197 252 285 33 92
rect:568 87 70 388 50
rect:171 64 226 359 32
rect:160 53 523 346 93
Izmit1999_04.jpg 0x0
rect:323 89 66 74 41
rect:122 232 176 90 88
rect:70 338 45 64 42
rect:285 262 87 101 41
rect:36 399 46 55 34
rect:500 468 20 56 40
rect:123 575 286 135 88
rect:52 437 71 111 41
rect:416 344 16 68 40
rect:317 61 103 112 48
Izmit1999_05.jpg 0x0
rect:131 20 594 378 10
Izmit1999_06.jpg 0x0
rect:355 230 55 153 50
rect:226 362 57 175 50
rect:127 223 217 590 32
rect:111 239 73 197 50
rect:144 182 200 82 49
rect:116 239 87 236 50
Izmit1999_07.jpg 0x0
rect:360 166 74 55 3
rect:358 193 47 134 3
rect:349 73 151 52 6
rect:193 305 34 100 3
rect:164 153 66 115 3
rect:373 283 100 373 4
rect:21 80 508 723 2
Izmit1999_08.jpg 0x0
rect:175 334 63 88 45
rect:488 109 48 22 52
rect:187 34 111 97 34
rect:105 118 105 107 41
rect:170 293 154 144 88
rect:414 93 51 64 41
rect:689 6 119 49 45
Izmit1999_09.jpg 0x0
rect:298 227 40 43 41
rect:517 261 66 66 41
rect:64 214 31 59 41
rect:449 320 95 63 41
rect:439 178 120 111 94
rect:709 172 58 99 94
Izmit1999_10.jpg 0x0
rect:272 571 89 147 40
rect:262 399 46 61 40
rect:109 264 250 66 78
rect:296 180 49 212 40
rect:266 628 94 34 78
rect:221 139 147 187 40
rect:127 340 177 38 78
rect:188 263 62 261 40
rect:83 161 260 465 41
rect:69 167 94 237 40
rect:47 162 410 44 78
Izmit1999_11.jpg 0x0
rect:222 222 70 205 40
rect:418 224 97 183 40
rect:157 376 142 104 41
rect:122 311 74 199 40
rect:189 260 145 211 41
Izmit1999_12.jpg 0x0
rect:72 246 37 40 40
rect:392 280 98 134 41
rect:422 221 38 116 42
rect:472 67 54 65 41
rect:47 196 49 99 94
rect:361 178 39 34 6
rect:137 281 97 57 88
rect:437 31 79 66 34
rect:416 240 80 193 94
rect:118 55 45 29 6
rect:14 73 55 24 6
rect:432 131 83 71 7
rect:387 218 60 69 41
rect:464 203 161 144 91
rect:58 356 72 79 52
rect:364 99 54 87 45
rect:1 187 39 29 41
rect:253 276 76 118 52
Izmit1999_13.jpg 0x0
rect:200 213 55 56 52
rect:102 165 51 41 6
rect:100 319 36 105 41
rect:108 168 111 173 94
rect:264 153 85 207 41
rect:6 56 110 222 42
rect:242 337 43 65 41
rect:262 62 216 453 48
rect:342 100 92 93 41
Izmit1999_14.jpg 0x0
rect:232 390 48 34 34
rect:346 257 70 50 34
rect:400 6 107 88 35
rect:291 57 64 58 95
rect:375 202 111 58 35
rect:40 117 110 46 34
rect:431 98 105 63 34
rect:355 293 55 55 34
rect:350 462 43 21 34
Izmit1999_15.jpg 0x0
rect:159 195 205 351 42
Izmit1999_16.jpg 0x0
rect:115 58 414 589 33
rect:270 83 35 111 40
rect:157 75 217 219 39
rect:126 141 247 116 41
Izmit1999_17.jpg 0x0
rect:142 87 180 206 41
Izmit1999_18.jpg 0x0
rect:168 151 101 114 41
rect:192 146 122 189 39
Izmit1999_19.jpg 0x0
rect:257 110 180 288 32
rect:287 115 181 440 96
rect:338 162 37 101 50
rect:433 195 25 83 50
Kobe1995_01.jpg 0x0
rect:29 134 1028 143 63
Kobe1995_02.jpg 0x0
rect:2 71 558 456 68
Kobe1995_03.jpg 0x0
rect:41 59 549 433 10
Kobe1995_04.jpg 0x0
rect:262 210 68 39 41
Kobe1995_05.jpg 0x0
rect:48 286 401 87 78
rect:397 178 157 335 40
rect:146 202 159 504 52
rect:4 189 111 545 40
rect:92 551 368 95 78
Kobe1995_06.jpg 0x0
rect:41 163 283 372 41
rect:210 257 403 304 42
Kobe1995_07.jpg 0x0
rect:116 415 29 32 39
rect:541 187 30 31 39
rect:398 183 41 30 39
rect:186 287 31 24 39
rect:312 575 35 39 39
rect:87 187 30 39 39
rect:486 459 37 23 39
rect:470 178 39 47 39
rect:281 259 27 39 39
rect:251 382 39 34 39
rect:305 85 25 43 39
rect:173 126 33 39 39
rect:293 318 44 24 39
rect:205 362 25 43 39
rect:137 337 38 28 39
rect:32 299 42 24 39
rect:46 221 35 53 39
rect:267 600 55 43 39
rect:183 263 50 57 39
rect:401 468 54 49 39
rect:313 199 29 38 39
rect:307 130 44 34 39
rect:183 210 27 31 39
rect:384 331 35 46 39
rect:249 274 25 34 39
rect:198 453 36 45 39
Kobe1995_08.jpg 0x0
rect:265 54 362 151 97
Kobe1995_09.jpg 0x0
rect:91 341 55 50 88
rect:98 728 86 87 88
rect:160 723 165 56 97
rect:107 489 97 67 88
SanSalvador_1986_01.jpg 0x0
rect:88 3 137 220 68
rect:321 145 109 136 41
SanSalvador_1986_02.jpg 0x0
rect:567 154 43 49 41
rect:116 255 31 27 41
rect:218 200 58 31 41
rect:401 163 21 26 41
rect:413 335 31 41 41
rect:364 236 51 56 42
rect:197 227 21 32 41
rect:356 180 35 39 41
rect:132 368 29 51 41
SikkimIndia2001_01.jpg 0x0
rect:177 168 171 123 34
SikkimIndia2001_02.jpg 0x0
rect:468 89 85 38 16
rect:259 242 106 58 16
rect:8 5 232 81 16
rect:11 170 59 36 54
rect:-12 2 481 129 33
rect:615 237 90 19 16
rect:416 73 135 217 33
rect:192 64 142 482 33
SikkimIndia2001_03.jpg 0x0
rect:234 12 176 434 98
rect:255 196 118 117 70
rect:163 115 81 196 69
SikkimIndia2001_04.jpg 0x0
rect:3 38 236 319 99
rect:210 165 147 213 34
rect:379 249 327 96 99
SumatraInd2009_01.jpg 0x0
rect:348 26 82 306 81
SumatraInd2009_02.jpg 0x0
rect:237 65 202 229 41
WhittierNarrows1987_01.jpg 0x0
rect:19 37 632 247 10
WhittierNarrows1987_02.jpg 0x0
rect:209 242 88 355 41
WhittierNarrows1987_03.jpg 0x0
rect:277 109 120 267 32
WhittierNarrows1987_04.jpg 0x0
rect:162 8 351 92 6
rect:205 12 255 166 100
rect:227 64 85 160 41
YogyakartaInd2006_01.jpg 0x0
rect:238 152 289 79 49
rect:275 35 361 309 32
rect:237 -26 481 651 29
YogyakartaInd2006_02.jpg 0x0
rect:308 132 97 247 70
rect:439 112 54 264 69
rect:337 57 107 553 98
