Anchorage1964_01.jpg 0x0
rect:106 327 160 197 1
rect:73 5 270 133 1
Anchorage1964_02.jpg 0x0
rect:542 282 27 68 3
rect:428 287 19 64 3
rect:352 74 122 79 8
rect:425 304 28 68 3
rect:230 42 187 105 4
rect:509 281 19 41 3
rect:93 206 17 18 6
rect:158 61 119 66 4
rect:210 266 26 62 3
rect:566 187 95 65 4
rect:91 47 109 12 6
rect:280 297 21 67 3
rect:258 303 30 52 3
rect:442 268 27 62 3
rect:123 291 42 15 6
rect:187 117 87 65 7
rect:29 199 120 54 5
rect:41 30 168 42 5
rect:241 290 267 120 2
Anchorage1964_03.jpg 0x0
rect:2 295 226 58 9
rect:339 116 440 252 9
rect:0 315 732 71 10
Anchorage1964_04.jpg 0x0
rect:263 476 21 23 1
rect:268 314 26 28 1
rect:207 217 28 19 5
rect:311 104 18 35 1
rect:141 390 39 18 5
rect:126 268 29 18 5
rect:285 137 39 16 5
rect:397 289 23 20 5
rect:209 539 40 20 5
rect:164 174 30 22 5
rect:360 152 22 18 5
rect:294 68 41 18 5
rect:244 98 28 15 5
rect:360 34 39 16 5
rect:292 209 14 19 1
rect:433 312 32 19 5
rect:345 260 16 40 1
rect:239 377 22 17 5
rect:343 296 12 17 1
rect:168 83 39 17 5
rect:167 617 49 21 2
rect:318 386 18 27 1
rect:313 385 23 17 5
rect:124 160 22 22 5
rect:226 384 17 21 1
rect:178 46 29 10 5
rect:200 294 28 33 8
rect:184 452 32 17 5
rect:315 209 16 19 1
rect:435 349 19 23 5
rect:352 378 22 17 5
rect:191 188 20 20 1
rect:207 292 37 23 5
rect:128 31 28 15 5
rect:405 160 37 24 5
rect:246 251 7 1 1
rect:159 87 41 19 5
rect:308 311 16 23 1
rect:350 207 43 15 5
Anchorage1964_05.jpg 0x0
rect:53 83 22 51 1
rect:702 340 65 34 5
rect:605 371 42 69 1
rect:28 441 27 52 1
rect:45 369 30 51 1
rect:435 1 44 46 1
rect:210 63 74 40 5
rect:536 186 43 76 1
rect:618 403 47 65 8
rect:610 140 53 80 1
rect:434 270 48 48 8
rect:44 111 13 35 1
rect:82 263 23 60 1
rect:742 331 53 23 6
rect:266 175 130 80 2
rect:70 189 18 28 1
rect:198 213 80 23 5
rect:385 94 30 57 1
rect:431 253 55 23 11
rect:785 250 61 30 5
rect:103 76 17 66 1
rect:135 188 157 49 6
rect:224 204 26 26 11
rect:405 93 43 57 1
rect:500 24 36 59 1
rect:732 395 46 15 6
rect:141 43 74 61 6
rect:98 355 17 47 1
rect:93 29 16 35 1
Anchorage1964_06.jpg 0x0
rect:78 89 290 547 12
rect:119 162 90 241 3
rect:178 313 61 88 11
Anchorage1964_07.jpg 0x0
rect:185 128 145 190 11
rect:260 228 351 272 2
rect:346 153 66 131 13
rect:6 413 277 25 14
rect:364 114 45 97 3
rect:14 177 261 33 11
rect:360 148 77 99 11
rect:7 55 922 467 2
rect:275 2 132 84 2
Anchorage1964_08.jpg 0x0
rect:60 95 128 117 1
rect:337 648 136 158 1
rect:35 560 115 104 1
rect:264 284 121 93 1
rect:346 23 91 88 1
rect:51 382 104 114 1
Anchorage1964_09.jpg 0x0
rect:176 166 312 15 15
rect:757 131 1 1 16
rect:515 86 161 24 15
rect:603 10 116 12 16
rect:391 203 75 91 1
rect:14 14 43 10 16
rect:402 242 99 79 8
rect:71 140 92 61 1
rect:125 300 95 63 8
rect:295 133 83 80 1
rect:13 14 527 11 15
rect:640 38 95 79 8
rect:358 138 97 26 15
rect:426 9 377 13 15
rect:12 155 92 23 15
rect:12 187 22 11 16
rect:40 125 56 11 16
rect:540 165 96 87 1
rect:75 56 73 82 8
Anchorage1964_10.jpg 0x0
rect:70 168 391 363 1
rect:162 171 210 72 18
rect:224 247 70 152 17
rect:81 355 361 160 18
Anchorage1964_11.jpg 0x0
rect:63 552 801 14 14
rect:417 7 105 39 1
rect:71 376 763 22 14
rect:622 126 126 83 1
rect:117 208 485 104 2
rect:159 199 304 17 15
rect:351 226 285 34 11
rect:167 51 131 139 4
Anchorage1964_12.jpg 0x0
rect:229 221 31 92 3
rect:364 64 45 212 3
rect:371 60 223 168 11
rect:15 76 563 294 2
rect:389 114 52 214 3
Anchorage1964_13.jpg 0x0
rect:358 400 25 135 20
rect:331 366 132 25 2
rect:429 391 110 18 19
Anchorage1964_14.jpg 0x0
rect:320 12 87 244 11
rect:378 526 126 85 23
rect:150 349 54 78 21
rect:457 6 82 106 11
rect:91 426 28 64 22
rect:264 10 78 657 20
rect:18 527 29 77 22
rect:81 286 120 34 15
rect:185 646 49 59 22
rect:407 262 206 40 15
rect:37 438 66 80 22
rect:10 443 194 106 11
Anchorage1964_15.jpg 0x0
rect:308 97 34 96 25
rect:202 137 34 51 11
rect:265 9 82 58 4
rect:469 313 91 48 11
rect:487 259 92 33 24
rect:332 449 167 45 2
rect:286 202 127 37 15
rect:331 8 87 58 4
rect:249 93 48 499 20
Anchorage1964_16.jpg 0x0
rect:632 150 150 240 2
rect:192 282 283 268 11
rect:162 68 300 154 2
rect:83 371 86 117 11
rect:13 348 47 64 2
rect:10 152 167 193 2
Anchorage1964_17.jpg 0x0
rect:9 235 507 196 10
rect:210 60 172 149 9
rect:15 107 268 132 9
Anchorage1964_18.jpg 0x0
rect:176 205 23 56 11
rect:285 323 245 23 15
rect:318 363 56 15 2
rect:170 247 95 39 11
rect:363 185 35 50 11
rect:174 211 93 88 4
rect:519 277 60 22 2
rect:338 190 72 80 4
rect:575 115 136 117 4
rect:659 283 48 24 2
Anchorage1964_19.jpg 0x0
rect:35 314 40 84 27
rect:444 148 7 21 26
rect:487 137 42 38 28
rect:318 215 13 31 26
rect:714 206 8 14 26
rect:5 300 59 197 26
rect:512 148 38 34 26
rect:654 296 42 29 28
rect:398 96 14 46 26
rect:365 353 39 77 26
rect:568 169 12 32 26
rect:456 73 33 91 29
rect:552 172 6 7 26
rect:551 90 18 49 29
rect:383 112 40 54 26
rect:322 97 64 171 29
rect:292 264 23 29 26
rect:300 118 22 30 27
Anchorage1964_20.jpg 0x0
rect:152 490 76 152 26
rect:494 620 47 94 26
rect:208 136 95 52 27
rect:231 65 135 116 29
rect:192 102 107 69 26
Anchorage1964_21.jpg 0x0
rect:63 271 32 34 26
rect:2 112 43 44 26
rect:-5 63 75 123 29
rect:162 135 637 171 30
Bingol2003_01.jpg 0x0
rect:628 419 67 40 33
rect:382 365 206 55 6
rect:441 162 104 59 6
rect:37 287 54 68 33
rect:127 290 67 73 33
rect:534 169 56 60 6
rect:610 291 52 155 32
rect:1049 448 96 65 33
rect:342 419 50 43 34
rect:661 90 102 85 6
rect:685 376 81 64 6
rect:820 244 134 74 33
rect:297 490 104 66 6
rect:2 309 750 302 10
rect:378 260 134 181 31
rect:346 252 100 64 33
rect:306 112 77 35 6
rect:388 161 50 104 34
rect:703 119 198 184 31
Bingol2003_02.jpg 0x0
rect:125 117 578 225 34
rect:179 252 612 358 31
rect:218 348 102 475 32
rect:260 272 103 57 6
rect:126 617 144 165 32
rect:384 403 73 126 26
rect:462 296 386 116 35
rect:1041 76 152 68 36
Bingol2003_03.jpg 0x0
rect:128 59 116 96 33
rect:861 -8 211 217 4
rect:536 215 241 66 11
rect:605 480 197 379 2
rect:860 190 248 636 4
rect:306 212 376 217 2
rect:86 19 177 35 2
Bingol2003_04.jpg 0x0
rect:59 641 127 80 2
rect:206 308 205 174 2
rect:331 282 144 160 4
rect:214 369 41 115 3
rect:79 625 19 79 3
rect:257 647 25 67 3
rect:331 591 121 81 2
rect:128 531 37 77 3
CanterburyNZSeries2010_01.jpg 0x0
rect:81 142 128 299 12
CanterburyNZSeries2010_02.jpg 0x0
rect:70 53 203 262 6
rect:52 9 197 339 37
CanterburyNZSeries2010_03.jpg 0x0
rect:58 78 428 114 38
CanterburyNZSeries2010_04.jpg 0x0
rect:203 546 117 318 41
rect:268 431 22 94 40
rect:307 316 29 155 40
rect:243 395 31 34 40
rect:488 290 48 108 40
rect:334 310 12 49 40
rect:147 285 214 286 39
rect:224 9 89 185 42
CanterburyNZSeries2010_05.jpg 0x0
rect:356 283 144 397 4
rect:291 207 124 108 15
CanterburyNZSeries2010_06.jpg 0x0
rect:207 301 179 108 2
rect:87 111 625 758 4
CanterburyNZSeries2010_08.jpg 0x0
rect:510 550 29 178 32
rect:1077 704 47 160 44
rect:608 320 77 145 44
rect:360 115 158 263 43
CanterburyNZSeries2010_09.jpg 0x0
rect:262 323 112 427 39
rect:267 126 235 195 45
CanterburyNZSeries2010_10.jpg 0x0
rect:326 142 315 111 7
rect:244 310 244 125 6
rect:378 400 223 87 46
rect:243 319 361 183 6
CanterburyNZSeries2010_11.jpg 0x0
rect:258 361 205 163 5
rect:379 162 348 91 7
CanterburyNZSeries2010_12.jpg 0x0
rect:5 196 852 450 47
rect:40 330 544 319 2
rect:508 507 178 50 11
rect:158 350 194 33 11
CanterburyNZSeries2010_13.jpg 0x0
rect:205 17 535 543 12
rect:423 146 140 458 11
Caracas1967_01.jpg 0x0
rect:528 52 200 300 48
rect:384 157 48 99 48
rect:445 108 73 119 48
rect:396 163 9 79 48
Caracas1967_02.jpg 0x0
rect:94 504 34 37 50
rect:121 446 35 79 49
rect:266 1 105 211 15
rect:213 194 177 255 51
Caracas1967_03.jpg 0x0
rect:338 55 69 73 14
rect:282 422 41 115 27
rect:206 399 65 69 26
rect:15 379 277 94 6
rect:316 419 43 70 27
rect:327 446 86 154 34
Caracas1967_04.jpg 0x0
rect:143 318 46 98 26
rect:94 302 157 159 34
rect:114 323 24 98 27
Caracas1967_05.jpg 0x0
rect:174 338 70 164 40
rect:357 212 55 192 40
rect:350 210 61 192 40
rect:242 348 47 211 40
rect:27 116 406 485 48
rect:75 260 49 209 40
rect:284 308 161 153 52
rect:83 289 229 144 52
rect:38 142 249 397 41
rect:154 340 40 296 40
Caracas1967_06.jpg 0x0
rect:269 91 274 233 7
rect:336 328 102 38 6
Caracas1967_07.jpg 0x0
rect:176 156 156 220 34
rect:315 298 81 138 53
rect:598 302 74 72 53
rect:247 169 60 212 27
rect:462 211 167 231 34
rect:410 34 28 282 27
rect:495 6 117 314 34
Caracas1967_08.jpg 0x0
rect:212 257 58 122 54
rect:275 316 78 129 55
rect:487 237 71 112 54
Caracas1967_09.jpg 0x0
rect:23 267 50 70 48
rect:408 12 159 186 48
rect:163 190 105 95 48
rect:67 174 57 57 48
Caracas1967_10.jpg 0x0
rect:242 249 75 225 40
rect:15 148 579 549 48
rect:340 282 92 134 40
rect:40 266 212 355 41
Caracas1967_11.jpg 0x0
rect:231 14 172 254 41
rect:56 183 181 552 41
rect:46 11 422 654 48
Caracas1967_12.jpg 0x0
rect:287 263 29 32 56
rect:543 314 26 54 32
rect:534 268 16 43 32
rect:665 189 33 40 34
Caracas1967_13.jpg 0x0
rect:207 284 110 288 55
Caracas1967_14.jpg 0x0
rect:121 291 230 38 6
rect:121 107 664 263 57
Chichi1999_01.jpg 0x0
rect:4 9 912 219 58
rect:266 159 55 161 42
Chichi1999_02.jpg 0x0
rect:7 74 455 165 58
rect:394 134 141 383 59
Chichi1999_03.jpg 0x0
rect:79 137 56 86 60
rect:0 116 767 194 58
Chichi1999_04.jpg 0x0
rect:221 159 92 378 48
rect:237 -19 70 144 48
rect:202 293 29 62 52
Chichi1999_05.jpg 0x0
rect:462 119 110 176 48
rect:385 176 39 70 52
rect:381 188 29 37 41
rect:437 113 51 54 41
Chichi1999_06.jpg 0x0
rect:145 21 580 194 10
rect:431 169 55 79 48
rect:303 260 19 36 52
rect:251 146 41 67 62
rect:759 -12 70 90 61
rect:736 200 50 40 41
Chichi1999_07.jpg 0x0
rect:223 157 20 44 64
rect:517 177 18 15 64
rect:39 247 713 144 63
rect:440 172 25 32 64
rect:503 315 60 80 48
rect:497 174 62 162 48
rect:190 214 47 117 48
Chichi1999_08.jpg 0x0
rect:135 15 586 530 10
Chichi1999_09.jpg 0x0
rect:209 114 132 84 41
rect:220 99 66 66 40
rect:243 95 42 56 40
rect:284 63 249 222 48
Chichi1999_10.jpg 0x0
rect:187 17 685 345 10
Chichi1999_11.jpg 0x0
rect:150 195 95 72 65
rect:2 123 182 640 10
Chichi1999_12.jpg 0x0
rect:12 20 438 460 66
Chichi1999_13.jpg 0x0
rect:25 60 713 403 10
Chichi1999_14.jpg 0x0
rect:83 424 38 61 67
rect:136 237 79 65 67
rect:404 586 97 94 67
rect:120 317 30 29 67
rect:302 374 32 54 67
rect:272 461 24 25 39
rect:202 434 33 53 67
rect:106 534 30 43 67
rect:197 376 38 48 39
rect:156 255 61 47 67
rect:252 265 21 36 67
rect:176 272 24 66 67
rect:126 480 80 50 67
rect:328 256 44 54 39
rect:144 198 28 75 67
rect:305 467 20 34 39
rect:96 393 43 45 67
Chichi1999_15.jpg 0x0
rect:272 30 345 495 41
Chichi1999_16.jpg 0x0
rect:146 96 85 159 32
Chichi1999_17.jpg 0x0
rect:139 279 27 45 32
Chichi1999_18.jpg 0x0
rect:125 198 32 120 69
rect:224 321 28 106 69
rect:134 174 28 131 69
rect:202 315 57 126 70
rect:356 234 31 101 69
rect:224 200 123 397 68
Chichi1999_19.jpg 0x0
rect:166 26 281 286 2
rect:280 79 192 227 3
YogyakartaInd2006_03.jpg 0x0
rect:494 78 86 34 16
rect:283 506 192 37 15
rect:309 151 82 38 15
rect:193 31 115 2 15
rect:408 71 176 57 15
rect:204 164 22 8 16
rect:224 519 55 25 16
rect:224 283 393 105 71
Chichi1999_20.jpg 0x0
rect:143 255 140 381 42
rect:284 330 39 160 41
Chichi1999_21.jpg 0x0
rect:328 87 125 96 6
rect:145 325 211 186 37
rect:58 378 171 138 5
rect:445 25 256 191 37
rect:561 7 122 118 57
rect:18 4 189 181 30
rect:258 122 234 201 72
rect:339 404 101 107 6
Chichi1999_22.jpg 0x0
rect:182 241 18 21 73
rect:249 166 18 17 73
rect:421 236 16 20 73
rect:189 122 392 110 10
Chichi1999_23.jpg 0x0
rect:81 245 44 68 34
rect:125 211 64 66 73
rect:211 124 24 19 26
rect:4 87 380 164 74
rect:120 440 47 89 73
rect:124 138 22 29 34
rect:394 308 35 82 34
rect:262 138 44 74 73
rect:255 336 75 88 73
rect:345 184 39 22 27
Chichi1999_24.jpg 0x0
rect:184 241 52 58 46
rect:3 377 299 254 74
rect:126 125 104 106 75
rect:232 456 1 2 46
rect:158 321 56 64 34
Chichi1999_25.jpg 0x0
rect:111 183 223 243 73
rect:212 379 59 77 26
rect:213 315 103 168 34
Chichi1999_26.jpg 0x0
rect:157 492 102 56 26
rect:153 598 114 165 73
rect:139 630 83 140 27
rect:273 199 60 73 73
rect:174 287 137 380 76
rect:205 15 56 22 73
Chichi1999_27.jpg 0x0
rect:207 298 114 273 32
Chichi1999_28.jpg 0x0
rect:211 264 198 100 77
rect:217 164 200 245 75
rect:131 71 171 194 5
rect:22 48 328 132 6
Chichi1999_29.jpg 0x0
rect:228 215 79 218 52
rect:122 163 200 227 48
rect:269 262 94 176 40
Chichi1999_30.jpg 0x0
rect:189 156 233 64 78
rect:29 334 90 165 73
rect:252 102 221 86 52
rect:183 141 195 326 40
Chichi1999_31.jpg 0x0
rect:460 124 37 189 48
rect:199 83 134 266 79
Chichi1999_32.jpg 0x0
rect:375 159 47 156 39
rect:199 272 45 134 81
rect:203 65 34 116 81
rect:140 8 112 266 80
Chichi1999_33.jpg 0x0
rect:92 63 141 339 33
rect:277 121 72 257 56
rect:373 182 35 136 49
rect:101 137 48 154 49
rect:117 129 111 172 32
rect:306 101 163 395 32
Chichi1999_34.jpg 0x0
rect:164 125 281 264 10
Duzce1999_01.jpg 0x0
rect:152 63 104 312 39
rect:105 119 119 169 41
Duzce1999_02.jpg 0x0
rect:107 38 181 405 41
Duzce1999_03.jpg 0x0
rect:86 66 106 283 42
rect:242 98 115 288 31
rect:0 216 136 221 31
Gediz1970_01.jpg 0x0
rect:108 381 109 269 69
rect:223 310 89 266 69
rect:131 124 264 564 68
Guatemala1976_01.jpg 0x0
rect:17 125 729 223 82
rect:74 255 65 45 52
rect:495 128 146 122 48
rect:436 146 56 59 41
rect:38 217 72 150 48
rect:41 236 57 47 41
Guatemala1976_02.jpg 0x0
rect:349 80 88 79 40
rect:168 65 221 209 48
Guatemala1976_03.jpg 0x0
rect:14 87 856 306 75
Guatemala1976_04.jpg 0x0
rect:457 220 99 306 4
rect:47 74 424 173 30
rect:119 33 475 79 30
rect:731 136 168 265 4
Guatemala1976_05.jpg 0x0
rect:196 142 426 126 40
rect:114 105 464 324 48
rect:255 161 214 168 41
Guatemala1976_06.jpg 0x0
rect:130 120 238 596 39
Guatemala1976_07.jpg 0x0
rect:26 186 407 346 10
rect:27 388 62 58 6
rect:276 516 108 84 83
Guatemala1976_08.jpg 0x0
rect:418 76 211 298 40
rect:174 65 440 502 41
rect:116 37 390 476 48
Guatemala1976_09.jpg 0x0
rect:91 303 34 23 85
rect:103 292 25 22 84
rect:349 276 54 38 85
rect:451 263 57 75 84
rect:155 237 50 28 84
rect:642 256 71 62 85
rect:598 240 61 61 84
rect:196 170 43 60 85
Guatemala1976_10.jpg 0x0
rect:229 142 164 300 86
rect:221 129 208 202 87
rect:278 446 29 111 87
Guatemala1976_11.jpg 0x0
rect:160 166 95 245 34
GujaratIndia2001_01.jpg 0x0
rect:51 594 69 33 2
rect:31 498 201 213 4
rect:179 302 289 101 2
rect:370 551 71 61 11
Haiti2010_01.jpg 0x0
rect:292 174 138 286 41
rect:141 36 147 140 7
rect:602 234 121 116 4
rect:315 329 260 194 4
rect:211 364 35 131 40
Haiti2010_02.jpg 0x0
rect:57 90 370 168 88
rect:298 32 132 36 14
Haiti2010_03.jpg 0x0
rect:399 1 73 512 32
rect:257 408 85 50 49
rect:212 561 253 268 89
rect:229 349 195 195 32
Haiti2010_04.jpg 0x0
rect:112 415 367 511 41
rect:2 176 237 192 6
rect:227 45 226 263 34
Haiti2010_05.jpg 0x0
rect:215 316 38 80 40
rect:299 300 27 72 40
rect:203 178 212 587 90
rect:313 249 192 138 52
Haiti2010_06.jpg 0x0
rect:146 281 236 296 91
rect:348 146 232 319 33
rect:333 195 101 51 6
rect:184 260 29 56 34
rect:420 191 623 838 91
rect:437 312 56 250 32
rect:395 181 83 99 34
ImperialValley1979_01.jpg 0x0
rect:576 330 18 14 49
rect:66 365 72 147 50
rect:12 244 68 65 49
rect:529 379 43 43 32
rect:340 349 67 67 32
rect:286 212 61 46 50
rect:485 420 20 19 49
rect:269 400 46 25 49
rect:423 360 28 27 50
rect:10 392 171 114 32
rect:379 366 52 49 32
ImperialValley1979_02.jpg 0x0
rect:408 149 84 180 50
rect:154 91 90 233 50
rect:384 149 37 129 50
rect:267 68 182 175 32
rect:194 133 256 80 92
rect:228 149 95 59 49
ImperialValley1979_03.jpg 0x0
rect:99 374 197 34 92
rect:255 441 89 137 50
rect:114 351 243 38 92
rect:262 299 77 209 50
rect:123 312 100 173 50
rect:153 264 258 145 32
rect:136 154 189 190 32
Izmit1999_01.jpg 0x0
rect:286 186 28 143 27
rect:186 75 270 259 34
rect:433 232 70 88 26
rect:214 130 40 153 27
rect:322 84 72 147 27
Izmit1999_02.jpg 0x0
rect:31 119 742 228 10
Izmit1999_03.jpg 0x0
rect:611 95 59 293 50
rect:174 75 248 381 32
rect:529 113 34 290 50
rect:293 172 38 166 50
rect:141 265 434 40 92
rect:123 90 69 370 50
rect:195 39 480 260 93
rect:454 119 30 291 50
Izmit1999_04.jpg 0x0
rect:364 266 105 58 41
rect:252 64 90 76 48
rect:63 343 38 136 41
rect:46 429 46 116 42
rect:103 386 283 146 88
rect:364 110 58 84 41
rect:144 197 110 50 88
rect:492 274 15 66 40
rect:40 321 73 44 34
rect:384 361 17 58 40
Izmit1999_05.jpg 0x0
rect:73 19 787 388 10
Izmit1999_06.jpg 0x0
rect:193 216 73 160 50
rect:227 210 42 151 50
rect:89 310 55 133 50
rect:121 161 243 522 32
rect:186 336 150 87 49
rect:307 277 49 200 50
Izmit1999_07.jpg 0x0
rect:22 129 406 589 2
rect:275 252 67 100 3
rect:127 397 56 96 3
rect:215 166 38 128 3
rect:398 54 151 38 6
rect:438 101 75 94 3
rect:441 220 70 281 4
Izmit1999_08.jpg 0x0
rect:147 278 75 83 45
rect:102 157 78 77 41
rect:579 72 41 33 52
rect:256 163 161 102 88
rect:493 89 97 66 41
rect:174 21 112 92 34
rect:607 7 124 71 45
Izmit1999_09.jpg 0x0
rect:248 247 48 44 41
rect:331 197 69 88 41
rect:570 281 42 98 94
rect:293 314 90 115 94
rect:58 149 38 68 41
rect:671 272 59 79 41
Izmit1999_10.jpg 0x0
rect:112 249 247 79 78
rect:346 477 97 141 40
rect:145 248 101 198 40
rect:58 164 98 250 40
rect:114 191 303 635 41
rect:256 194 43 149 40
rect:274 463 74 35 78
rect:210 362 131 30 78
rect:44 205 334 33 78
rect:258 484 39 106 40
rect:190 104 107 115 40
Izmit1999_11.jpg 0x0
rect:154 263 167 179 41
rect:232 210 96 206 40
rect:148 328 56 188 40
rect:178 209 78 166 40
rect:217 486 117 116 41
Izmit1999_12.jpg 0x0
rect:307 27 80 47 34
rect:12 90 43 30 6
rect:466 263 43 72 41
rect:1 225 28 37 41
rect:150 254 90 45 88
rect:592 76 37 81 41
rect:477 166 196 193 91
rect:107 89 32 21 6
rect:271 364 99 124 41
rect:44 205 58 82 52
rect:430 153 88 41 7
rect:261 233 60 95 52
rect:68 315 62 114 94
rect:327 134 62 61 45
rect:60 367 30 57 40
rect:302 121 40 35 6
rect:260 215 34 147 42
rect:259 273 76 173 94
Izmit1999_13.jpg 0x0
rect:379 114 64 102 41
rect:199 63 181 368 48
rect:150 125 62 38 6
rect:109 189 34 120 41
rect:154 282 76 149 94
rect:161 269 63 74 52
rect:251 268 31 101 41
rect:5 74 77 176 42
rect:291 207 64 277 41
Izmit1999_14.jpg 0x0
rect:478 67 67 70 34
rect:428 250 48 42 34
rect:395 59 60 42 95
rect:386 408 36 23 34
rect:315 6 193 78 35
rect:312 244 60 57 34
rect:301 312 47 42 34
rect:54 158 119 75 34
rect:332 212 111 105 35
Izmit1999_15.jpg 0x0
rect:151 131 258 358 42
Izmit1999_16.jpg 0x0
rect:161 76 222 224 39
rect:122 59 418 618 33
rect:223 116 53 96 40
rect:157 100 157 162 41
Izmit1999_17.jpg 0x0
rect:132 92 253 226 41
Izmit1999_18.jpg 0x0
rect:122 124 134 282 39
rect:207 129 95 107 41
Izmit1999_19.jpg 0x0
rect:182 86 229 272 96
rect:305 110 229 270 32
rect:494 177 30 112 50
rect:401 215 30 76 50
Kobe1995_01.jpg 0x0
rect:23 116 854 152 63
Kobe1995_02.jpg 0x0
rect:2 44 415 470 68
Kobe1995_03.jpg 0x0
rect:30 46 329 752 10
Kobe1995_04.jpg 0x0
rect:416 302 67 50 41
Kobe1995_05.jpg 0x0
rect:282 142 206 499 40
rect:35 306 321 57 78
rect:4 150 123 581 40
rect:120 187 268 654 52
rect:68 697 259 103 78
Kobe1995_06.jpg 0x0
rect:235 454 260 432 42
rect:53 164 346 607 41
Kobe1995_07.jpg 0x0
rect:492 315 54 47 39
rect:178 91 19 40 39
rect:48 182 39 33 39
rect:199 258 37 35 39
rect:90 406 46 32 39
rect:101 228 29 37 39
rect:275 183 56 53 39
rect:271 175 27 37 39
rect:330 510 61 44 39
rect:407 268 36 52 39
rect:249 379 26 41 39
rect:440 245 40 37 39
rect:532 168 37 37 39
rect:216 390 35 37 39
rect:396 308 44 31 39
rect:360 279 36 27 39
rect:446 382 35 48 39
rect:249 361 33 30 39
rect:55 403 46 23 39
rect:198 279 31 34 39
rect:395 317 38 37 39
rect:170 131 34 31 39
rect:226 310 38 42 39
rect:279 436 37 45 39
rect:150 389 32 40 39
rect:203 226 34 45 39
Kobe1995_08.jpg 0x0
rect:320 54 554 162 97
Kobe1995_09.jpg 0x0
rect:114 434 56 62 88
rect:140 632 148 97 97
rect:91 646 68 51 88
rect:104 520 88 67 88
SanSalvador_1986_01.jpg 0x0
rect:75 3 83 267 68
rect:245 172 78 237 41
SanSalvador_1986_02.jpg 0x0
rect:519 204 48 42 42
rect:211 189 23 31 41
rect:272 252 46 46 41
rect:405 184 21 36 41
rect:222 267 32 35 41
rect:495 297 43 40 41
rect:141 352 22 54 41
rect:403 116 19 33 41
rect:359 191 31 40 41
SikkimIndia2001_01.jpg 0x0
rect:231 143 148 129 34
SikkimIndia2001_02.jpg 0x0
rect:7 117 81 39 54
rect:343 251 102 35 16
rect:13 6 352 66 16
rect:-18 2 420 118 33
rect:486 117 97 31 16
rect:561 185 99 14 16
rect:134 57 220 431 33
rect:501 119 127 165 33
SikkimIndia2001_03.jpg 0x0
rect:212 181 90 216 70
rect:140 12 137 505 98
rect:254 80 64 267 69
SikkimIndia2001_04.jpg 0x0
rect:3 39 276 360 99
rect:210 175 109 136 34
rect:335 153 262 134 99
SumatraInd2009_01.jpg 0x0
rect:292 30 78 226 81
SumatraInd2009_02.jpg 0x0
rect:146 94 144 136 41
WhittierNarrows1987_01.jpg 0x0
rect:16 26 757 415 10
WhittierNarrows1987_02.jpg 0x0
rect:170 328 108 341 41
WhittierNarrows1987_03.jpg 0x0
rect:259 175 148 303 32
WhittierNarrows1987_04.jpg 0x0
rect:176 7 382 79 6
rect:215 14 293 130 100
rect:244 42 106 181 41
YogyakartaInd2006_01.jpg 0x0
rect:204 27 403 302 32
rect:250 146 357 102 49
rect:154 -26 479 480 29
YogyakartaInd2006_02.jpg 0x0
rect:283 66 167 448 98
rect:458 73 66 173 70
rect:339 86 51 151 69
