Anchorage1964_01.jpg 0x0
rect:65 334 183 205 1
rect:65 6 239 216 1
Anchorage1964_02.jpg 0x0
rect:40 155 178 46 5
rect:376 322 22 70 3
rect:559 184 25 53 3
rect:232 321 30 49 3
rect:386 262 95 70 4
rect:222 214 24 50 3
rect:56 35 99 16 6
rect:218 62 119 89 4
rect:302 193 28 73 3
rect:251 303 30 45 3
rect:622 227 11 51 3
rect:146 187 56 13 6
rect:186 332 476 84 2
rect:198 30 239 76 4
rect:176 144 95 63 7
rect:642 208 14 62 3
rect:72 207 22 19 6
rect:47 18 113 53 5
rect:365 81 84 135 8
Anchorage1964_03.jpg 0x0
rect:2 246 262 54 9
rect:319 112 338 166 9
rect:0 257 623 64 10
Anchorage1964_04.jpg 0x0
rect:345 480 27 21 1
rect:367 407 6 1 1
rect:133 54 41 10 5
rect:162 385 31 20 5
rect:210 137 17 20 1
rect:191 167 26 17 5
rect:410 33 32 24 5
rect:373 109 26 20 5
rect:366 487 39 22 5
rect:387 199 30 21 5
rect:200 240 29 15 5
rect:282 296 14 23 1
rect:277 217 27 25 5
rect:306 578 16 34 1
rect:267 532 37 17 5
rect:326 416 16 33 1
rect:116 274 24 23 5
rect:190 163 31 25 5
rect:196 297 12 22 1
rect:366 92 35 13 5
rect:460 439 30 18 5
rect:179 398 27 23 1
rect:208 212 16 21 1
rect:197 288 16 29 1
rect:280 64 41 21 5
rect:229 316 56 21 2
rect:125 88 31 19 5
rect:239 301 12 22 1
rect:256 240 36 26 5
rect:263 223 18 16 5
rect:428 341 31 27 5
rect:311 233 20 18 5
rect:255 261 21 23 8
rect:203 391 40 16 5
rect:283 120 18 28 1
rect:200 88 41 19 5
rect:170 32 24 21 5
rect:166 354 42 22 5
rect:221 149 34 19 5
Anchorage1964_05.jpg 0x0
rect:625 371 40 76 1
rect:780 206 71 41 5
rect:85 150 16 53 1
rect:329 194 34 71 8
rect:428 160 36 45 1
rect:287 237 121 66 2
rect:233 142 139 21 5
rect:95 241 18 65 1
rect:176 103 150 43 6
rect:102 70 18 37 1
rect:657 300 46 34 5
rect:50 306 16 51 1
rect:299 1 32 40 1
rect:150 52 82 30 5
rect:311 170 24 19 11
rect:60 78 18 49 1
rect:350 133 40 81 1
rect:283 191 32 17 11
rect:215 30 99 45 6
rect:470 23 36 63 1
rect:45 353 20 51 1
rect:87 26 19 31 1
rect:41 310 24 48 1
rect:463 239 57 75 1
rect:739 368 41 15 6
rect:680 292 35 91 8
rect:64 176 17 57 1
rect:353 74 41 50 1
rect:518 310 37 25 6
Anchorage1964_06.jpg 0x0
rect:79 86 236 320 12
rect:210 286 73 88 11
rect:118 151 93 339 3
Anchorage1964_07.jpg 0x0
rect:376 211 232 164 2
rect:345 165 58 79 13
rect:368 149 63 95 3
rect:291 198 103 98 11
rect:219 129 145 103 11
rect:15 207 281 44 11
rect:7 344 302 25 14
rect:7 64 719 523 2
rect:217 2 84 44 2
Anchorage1964_08.jpg 0x0
rect:53 535 76 168 1
rect:238 25 112 77 1
rect:44 65 127 133 1
rect:380 553 158 162 1
rect:66 394 112 95 1
rect:347 266 122 103 1
Anchorage1964_09.jpg 0x0
rect:123 268 81 47 8
rect:584 132 78 94 1
rect:11 14 49 13 16
rect:303 198 73 87 1
rect:532 9 379 13 15
rect:372 307 94 59 8
rect:493 8 103 11 16
rect:507 144 1 1 16
rect:812 137 171 19 15
rect:12 19 345 15 15
rect:452 205 71 72 1
rect:101 166 75 83 1
rect:475 84 118 33 15
rect:397 27 104 52 8
rect:89 51 91 54 8
rect:13 134 90 21 15
rect:68 177 55 10 16
rect:16 174 20 11 16
rect:144 152 323 13 15
Anchorage1964_10.jpg 0x0
rect:170 259 201 71 18
rect:199 369 122 136 17
rect:55 243 338 313 1
rect:84 335 359 154 18
Anchorage1964_11.jpg 0x0
rect:403 7 99 27 1
rect:304 237 245 26 11
rect:101 562 441 25 14
rect:164 172 363 22 15
rect:76 635 638 16 14
rect:589 146 128 116 1
rect:98 44 162 77 4
rect:89 167 524 94 2
Anchorage1964_12.jpg 0x0
rect:549 88 37 243 3
rect:231 80 66 261 3
rect:172 250 35 124 3
rect:11 80 658 196 2
rect:368 71 123 151 11
Anchorage1964_13.jpg 0x0
rect:461 444 126 11 19
rect:328 421 143 26 2
rect:331 473 29 168 20
Anchorage1964_14.jpg 0x0
rect:187 546 34 66 22
rect:234 317 62 89 21
rect:47 544 51 71 22
rect:299 14 63 165 11
rect:59 349 153 34 15
rect:369 751 173 79 23
rect:19 567 31 73 22
rect:190 11 73 855 20
rect:8 431 155 79 11
rect:466 6 100 106 11
rect:312 247 128 57 15
rect:104 749 47 50 22
Anchorage1964_15.jpg 0x0
rect:262 113 59 87 25
rect:229 396 226 62 2
rect:191 8 93 55 4
rect:255 111 34 75 11
rect:308 164 129 38 11
rect:164 245 183 37 15
rect:317 9 76 72 4
rect:136 85 53 333 20
rect:456 338 98 34 24
Anchorage1964_16.jpg 0x0
rect:210 298 337 231 11
rect:14 303 56 80 2
rect:280 113 256 106 2
rect:115 339 96 86 11
rect:482 199 123 187 2
rect:10 145 205 136 2
Anchorage1964_17.jpg 0x0
rect:279 37 232 272 9
rect:9 189 881 237 10
rect:11 158 339 145 9
Anchorage1964_18.jpg 0x0
rect:136 220 97 111 4
rect:294 257 63 19 2
rect:783 216 65 15 2
rect:149 272 84 44 11
rect:345 118 101 102 4
rect:388 363 383 31 15
rect:253 283 30 58 11
rect:139 188 25 60 11
rect:474 231 38 25 2
rect:471 206 120 91 4
Anchorage1964_19.jpg 0x0
rect:549 134 8 16 26
rect:297 222 17 30 26
rect:336 279 14 30 26
rect:520 140 14 44 26
rect:387 134 33 30 26
rect:5 258 54 118 26
rect:591 251 46 34 28
rect:427 169 18 56 29
rect:448 124 35 57 29
rect:228 74 49 48 26
rect:214 95 55 120 29
rect:294 136 30 33 27
rect:595 168 7 17 26
rect:33 255 30 119 27
rect:664 180 7 5 26
rect:248 237 46 82 26
rect:398 207 8 24 26
rect:668 141 41 44 28
Anchorage1964_20.jpg 0x0
rect:280 363 90 98 26
rect:237 79 143 157 29
rect:437 388 54 84 26
rect:276 137 56 58 27
rect:169 83 108 83 26
Anchorage1964_21.jpg 0x0
rect:191 165 410 152 30
rect:-5 95 98 210 29
rect:2 75 58 33 26
rect:43 280 32 31 26
Bingol2003_01.jpg 0x0
rect:648 336 79 81 33
rect:796 432 59 51 33
rect:381 146 87 56 33
rect:461 286 40 47 6
rect:29 337 55 49 33
rect:474 329 180 133 31
rect:181 118 96 22 6
rect:248 312 116 116 6
rect:777 127 117 86 6
rect:186 272 76 80 33
rect:776 195 84 66 6
rect:443 111 199 174 31
rect:530 323 59 41 34
rect:525 337 62 234 32
rect:2 304 730 263 10
rect:415 58 61 53 6
rect:641 265 69 127 34
rect:424 506 140 77 6
rect:989 169 131 54 33
Bingol2003_02.jpg 0x0
rect:187 81 297 177 34
rect:142 330 61 249 32
rect:334 292 797 428 31
rect:579 173 480 124 35
rect:651 86 91 77 36
rect:599 350 136 104 26
rect:163 503 136 314 32
rect:263 445 100 85 6
Bingol2003_03.jpg 0x0
rect:146 39 110 86 33
rect:614 216 276 60 11
rect:414 164 402 139 2
rect:1019 455 237 424 2
rect:814 309 245 792 4
rect:540 -7 324 209 4
rect:79 23 196 41 2
Bingol2003_04.jpg 0x0
rect:79 672 29 72 3
rect:178 289 267 219 2
rect:324 199 110 230 4
rect:282 449 33 94 3
rect:91 604 72 72 2
rect:249 653 123 78 2
rect:136 423 41 85 3
rect:175 370 27 91 3
CanterburyNZSeries2010_01.jpg 0x0
rect:84 104 123 298 12
CanterburyNZSeries2010_02.jpg 0x0
rect:45 55 119 241 6
rect:43 11 218 210 37
CanterburyNZSeries2010_03.jpg 0x0
rect:36 97 287 102 38
CanterburyNZSeries2010_04.jpg 0x0
rect:361 530 12 48 40
rect:402 279 18 64 40
rect:195 10 70 231 42
rect:192 244 37 201 40
rect:221 491 108 222 41
rect:199 248 196 233 39
rect:431 316 54 118 40
rect:192 357 37 88 40
CanterburyNZSeries2010_05.jpg 0x0
rect:379 270 241 316 4
rect:389 205 150 117 15
CanterburyNZSeries2010_06.jpg 0x0
rect:52 144 576 490 4
rect:198 267 194 105 2
CanterburyNZSeries2010_08.jpg 0x0
rect:574 420 29 154 32
rect:1116 440 61 163 44
rect:381 120 151 326 43
rect:679 359 117 134 44
CanterburyNZSeries2010_09.jpg 0x0
rect:200 171 127 251 45
rect:261 268 162 309 39
CanterburyNZSeries2010_10.jpg 0x0
rect:253 215 358 201 6
rect:162 434 242 113 6
rect:301 217 264 67 46
rect:315 203 266 149 7
CanterburyNZSeries2010_11.jpg 0x0
rect:231 273 383 155 7
rect:231 320 308 236 5
CanterburyNZSeries2010_12.jpg 0x0
rect:451 433 175 71 11
rect:5 237 923 466 47
rect:131 552 146 42 11
rect:58 417 878 332 2
CanterburyNZSeries2010_13.jpg 0x0
rect:160 13 421 534 12
rect:317 175 94 363 11
Caracas1967_01.jpg 0x0
rect:534 78 155 324 48
rect:240 166 63 73 48
rect:263 211 8 69 48
rect:258 150 40 117 48
Caracas1967_02.jpg 0x0
rect:203 219 257 323 51
rect:168 487 35 63 49
rect:290 1 89 111 15
rect:146 450 52 35 50
Caracas1967_03.jpg 0x0
rect:239 309 38 142 27
rect:343 73 69 121 14
rect:13 475 273 89 6
rect:324 252 83 62 26
rect:353 310 33 78 27
rect:247 415 93 224 34
Caracas1967_04.jpg 0x0
rect:156 343 17 125 27
rect:182 365 217 177 34
rect:134 365 61 113 26
Caracas1967_05.jpg 0x0
rect:32 95 363 423 48
rect:274 226 58 258 40
rect:313 170 33 259 40
rect:43 144 448 620 41
rect:56 369 268 241 52
rect:127 382 46 315 40
rect:178 289 192 117 52
rect:348 230 39 132 40
rect:68 298 50 247 40
rect:247 392 51 225 40
Caracas1967_06.jpg 0x0
rect:420 92 267 291 7
rect:395 222 69 44 6
Caracas1967_07.jpg 0x0
rect:604 546 73 88 53
rect:448 197 156 307 34
rect:176 90 121 212 34
rect:165 105 51 180 27
rect:375 50 36 242 27
rect:438 7 70 348 34
rect:578 283 110 112 53
Caracas1967_08.jpg 0x0
rect:269 201 54 106 55
rect:271 245 56 152 54
rect:275 298 73 109 54
Caracas1967_09.jpg 0x0
rect:103 277 78 54 48
rect:517 14 222 163 48
rect:25 309 58 38 48
rect:182 194 95 89 48
Caracas1967_10.jpg 0x0
rect:328 255 91 126 40
rect:34 244 288 341 41
rect:23 127 534 481 48
rect:428 378 61 209 40
Caracas1967_11.jpg 0x0
rect:46 15 344 512 48
rect:73 277 286 481 41
rect:286 17 181 264 41
Caracas1967_12.jpg 0x0
rect:882 398 17 71 32
rect:640 274 30 55 34
rect:534 210 18 60 32
rect:237 309 26 61 56
Caracas1967_13.jpg 0x0
rect:187 443 107 238 55
Caracas1967_14.jpg 0x0
rect:180 217 297 39 6
rect:142 124 483 166 57
Chichi1999_01.jpg 0x0
rect:4 8 896 208 58
rect:436 113 46 219 42
Chichi1999_02.jpg 0x0
rect:449 145 226 430 59
rect:6 102 283 174 58
Chichi1999_03.jpg 0x0
rect:0 189 768 121 58
rect:83 132 68 121 60
Chichi1999_04.jpg 0x0
rect:259 223 77 262 48
rect:240 231 31 59 52
rect:272 -14 48 160 48
Chichi1999_05.jpg 0x0
rect:291 138 116 187 48
rect:372 111 51 44 41
rect:265 333 23 23 41
rect:341 141 27 97 52
Chichi1999_06.jpg 0x0
rect:472 261 18 22 52
rect:520 203 49 71 41
rect:165 22 338 231 10
rect:316 105 50 62 62
rect:751 -9 83 50 61
rect:417 209 38 123 48
Chichi1999_07.jpg 0x0
rect:692 175 50 119 48
rect:48 255 718 122 63
rect:220 116 27 41 64
rect:757 276 21 25 64
rect:132 142 34 109 48
rect:438 236 27 37 64
rect:292 177 47 106 48
Chichi1999_08.jpg 0x0
rect:125 14 582 444 10
Chichi1999_09.jpg 0x0
rect:244 117 126 102 41
rect:249 82 47 64 40
rect:259 93 231 232 48
rect:291 107 56 91 40
Chichi1999_10.jpg 0x0
rect:159 18 528 508 10
Chichi1999_11.jpg 0x0
rect:2 169 176 463 10
rect:177 197 115 126 65
Chichi1999_12.jpg 0x0
rect:8 26 498 574 66
Chichi1999_13.jpg 0x0
rect:33 43 801 311 10
Chichi1999_14.jpg 0x0
rect:216 517 32 25 39
rect:189 341 35 40 67
rect:368 376 47 41 67
rect:283 253 19 54 67
rect:71 326 62 50 67
rect:119 240 56 87 67
rect:122 145 83 54 67
rect:173 401 32 63 67
rect:63 671 34 39 67
rect:213 431 31 45 39
rect:96 390 38 53 67
rect:247 367 25 39 67
rect:114 686 30 56 67
rect:219 357 36 47 39
rect:153 308 26 80 67
rect:210 492 20 27 39
rect:439 588 54 71 67
Chichi1999_15.jpg 0x0
rect:304 34 177 519 41
Chichi1999_16.jpg 0x0
rect:151 128 70 105 32
Chichi1999_17.jpg 0x0
rect:110 405 18 44 32
Chichi1999_18.jpg 0x0
rect:135 181 32 105 69
rect:145 192 33 88 69
rect:282 303 32 158 69
rect:131 262 191 366 68
rect:257 315 57 139 70
rect:196 424 40 115 69
Chichi1999_19.jpg 0x0
rect:212 88 173 289 3
rect:245 17 188 376 2
YogyakartaInd2006_03.jpg 0x0
rect:165 209 25 7 16
rect:152 373 309 167 71
rect:397 98 109 37 16
rect:259 112 56 26 15
rect:286 354 261 25 15
rect:363 388 61 30 16
rect:324 18 110 2 15
rect:376 69 149 56 15
Chichi1999_20.jpg 0x0
rect:170 184 107 276 42
rect:337 396 70 223 41
Chichi1999_21.jpg 0x0
rect:13 4 255 112 30
rect:213 304 117 131 6
rect:487 8 143 130 57
rect:58 475 184 78 5
rect:363 31 220 198 37
rect:215 205 140 135 37
rect:371 82 188 134 6
rect:246 77 229 214 72
Chichi1999_22.jpg 0x0
rect:247 296 15 20 73
rect:423 311 20 18 73
rect:301 198 248 181 10
rect:243 211 18 21 73
Chichi1999_23.jpg 0x0
rect:244 309 89 98 73
rect:92 391 64 116 73
rect:254 233 31 27 26
rect:231 225 34 67 34
rect:127 194 40 52 73
rect:126 348 52 82 34
rect:3 73 394 147 74
rect:250 228 30 21 27
rect:346 171 38 78 73
rect:144 160 21 35 34
Chichi1999_24.jpg 0x0
rect:291 150 39 61 46
rect:228 223 77 56 34
rect:376 374 1 2 46
rect:3 299 254 239 74
rect:157 119 144 77 75
Chichi1999_25.jpg 0x0
rect:136 266 239 226 73
rect:192 298 144 243 34
rect:150 327 44 85 26
Chichi1999_26.jpg 0x0
rect:224 16 43 26 73
rect:115 711 102 133 27
rect:127 486 93 93 26
rect:159 475 99 164 73
rect:278 166 69 124 73
rect:186 255 82 434 76
Chichi1999_27.jpg 0x0
rect:129 228 118 335 32
Chichi1999_28.jpg 0x0
rect:205 216 229 137 77
rect:192 130 166 162 5
rect:19 91 199 132 6
rect:291 112 128 281 75
Chichi1999_29.jpg 0x0
rect:235 187 85 122 52
rect:209 217 89 179 40
rect:173 233 168 311 48
Chichi1999_30.jpg 0x0
rect:144 135 175 56 52
rect:35 262 84 161 73
rect:226 252 168 57 78
rect:242 79 273 222 40
Chichi1999_31.jpg 0x0
rect:106 96 143 381 79
rect:567 142 52 256 48
Chichi1999_32.jpg 0x0
rect:619 159 45 204 39
rect:212 71 37 181 81
rect:200 8 72 344 80
rect:222 175 31 164 81
Chichi1999_33.jpg 0x0
rect:364 175 41 124 49
rect:100 193 37 153 49
rect:333 131 117 165 56
rect:151 117 117 167 32
rect:172 98 93 268 32
rect:85 56 139 414 33
Chichi1999_34.jpg 0x0
rect:158 83 518 290 10
Duzce1999_01.jpg 0x0
rect:148 108 102 169 41
rect:109 42 110 405 39
Duzce1999_02.jpg 0x0
rect:64 47 100 503 41
Duzce1999_03.jpg 0x0
rect:288 95 94 203 31
rect:0 181 95 191 31
rect:80 100 115 240 42
Gediz1970_01.jpg 0x0
rect:110 287 85 328 69
rect:127 103 253 569 68
rect:248 308 77 165 69
Guatemala1976_01.jpg 0x0
rect:43 149 87 148 48
rect:25 168 432 157 82
rect:68 195 51 61 52
rect:626 121 55 82 41
rect:464 139 141 127 48
rect:67 154 54 47 41
Guatemala1976_02.jpg 0x0
rect:212 77 371 197 48
rect:195 61 73 96 40
Guatemala1976_03.jpg 0x0
rect:15 86 755 390 75
Guatemala1976_04.jpg 0x0
rect:29 90 638 269 30
rect:598 227 133 249 4
rect:636 312 124 245 4
rect:175 21 446 80 30
Guatemala1976_05.jpg 0x0
rect:125 169 352 194 40
rect:168 73 488 319 48
rect:147 204 324 152 41
Guatemala1976_06.jpg 0x0
rect:116 117 234 323 39
Guatemala1976_07.jpg 0x0
rect:24 230 76 50 6
rect:23 241 582 308 10
rect:256 731 106 86 83
Guatemala1976_08.jpg 0x0
rect:178 57 250 495 41
rect:347 55 137 327 40
rect:151 39 487 360 48
Guatemala1976_09.jpg 0x0
rect:131 173 40 46 85
rect:282 327 97 42 85
rect:191 374 34 37 84
rect:76 335 29 21 84
rect:315 245 66 79 84
rect:620 266 53 70 84
rect:109 190 31 19 85
rect:654 244 74 43 85
Guatemala1976_10.jpg 0x0
rect:327 450 40 152 87
rect:150 237 306 340 86
rect:133 101 222 193 87
Guatemala1976_11.jpg 0x0
rect:153 302 148 174 34
GujaratIndia2001_01.jpg 0x0
rect:204 432 212 77 2
rect:235 309 69 45 11
rect:81 489 84 34 2
rect:39 505 210 207 4
Haiti2010_01.jpg 0x0
rect:590 345 76 114 4
rect:301 140 150 442 41
rect:324 365 28 94 40
rect:127 42 138 141 7
rect:449 374 227 258 4
Haiti2010_02.jpg 0x0
rect:308 29 156 55 14
rect:60 98 594 206 88
Haiti2010_03.jpg 0x0
rect:272 390 72 63 49
rect:183 436 243 200 89
rect:243 1 45 483 32
rect:214 482 184 149 32
Haiti2010_04.jpg 0x0
rect:238 56 301 226 34
rect:113 241 303 648 41
rect:2 143 324 116 6
Haiti2010_05.jpg 0x0
rect:232 169 37 107 40
rect:251 198 295 608 90
rect:455 301 24 67 40
rect:266 161 182 131 52
Haiti2010_06.jpg 0x0
rect:394 174 221 399 33
rect:344 221 56 72 34
rect:616 319 64 194 32
rect:249 356 48 50 34
rect:316 171 93 46 6
rect:624 121 594 517 91
rect:273 348 251 489 91
ImperialValley1979_01.jpg 0x0
rect:60 393 112 79 50
rect:292 259 32 25 49
rect:623 367 33 25 32
rect:290 387 44 55 50
rect:421 394 13 22 49
rect:10 291 124 134 32
rect:314 333 24 38 50
rect:525 233 23 23 49
rect:365 370 58 56 32
rect:13 242 59 55 49
rect:501 337 39 49 32
ImperialValley1979_02.jpg 0x0
rect:164 103 94 144 50
rect:233 81 180 300 32
rect:202 170 36 151 50
rect:205 208 379 47 92
rect:437 151 68 211 50
rect:194 246 113 38 49
ImperialValley1979_03.jpg 0x0
rect:90 452 299 27 92
rect:238 291 84 98 50
rect:128 288 263 201 32
rect:89 264 74 220 50
rect:128 182 240 196 32
rect:248 308 90 245 50
rect:107 304 347 35 92
Izmit1999_01.jpg 0x0
rect:271 276 44 133 27
rect:209 98 326 228 34
rect:204 99 48 181 27
rect:392 250 74 61 26
rect:319 90 43 182 27
Izmit1999_02.jpg 0x0
rect:31 121 814 183 10
Izmit1999_03.jpg 0x0
rect:109 39 394 434 93
rect:480 99 45 188 50
rect:155 69 45 197 50
rect:229 59 305 283 32
rect:578 80 41 316 50
rect:153 261 479 39 92
rect:518 118 31 304 50
rect:178 135 30 221 50
Izmit1999_04.jpg 0x0
rect:63 396 42 72 42
rect:47 294 62 46 34
rect:427 329 27 61 40
rect:414 84 106 56 41
rect:425 307 88 96 41
rect:148 229 121 63 88
rect:59 316 48 110 41
rect:83 653 211 97 88
rect:288 51 99 125 48
rect:339 392 21 44 40
Izmit1999_05.jpg 0x0
rect:127 29 636 429 10
Izmit1999_06.jpg 0x0
rect:315 225 51 147 50
rect:144 202 233 375 32
rect:189 229 67 194 50
rect:126 300 166 66 49
rect:63 179 69 161 50
rect:239 343 30 179 50
Izmit1999_07.jpg 0x0
rect:412 273 85 473 4
rect:221 236 56 98 3
rect:184 283 41 160 3
rect:202 266 38 116 3
rect:23 122 275 729 2
rect:473 95 89 62 3
rect:362 87 135 36 6
Izmit1999_08.jpg 0x0
rect:599 6 79 72 45
rect:639 108 76 34 52
rect:651 74 80 77 41
rect:191 331 86 114 45
rect:200 307 272 82 88
rect:116 88 106 79 41
rect:137 34 61 111 34
Izmit1999_09.jpg 0x0
rect:310 286 125 107 94
rect:37 253 39 64 41
rect:346 226 53 25 41
rect:660 163 50 89 94
rect:255 300 119 101 41
rect:483 326 71 70 41
Izmit1999_10.jpg 0x0
rect:391 422 117 92 40
rect:172 217 74 122 40
rect:188 195 111 182 40
rect:87 194 99 168 40
rect:308 163 106 185 40
rect:52 164 362 50 78
rect:282 321 41 93 40
rect:62 167 313 608 41
rect:141 437 116 37 78
rect:78 265 265 67 78
rect:311 567 97 29 78
Izmit1999_11.jpg 0x0
rect:161 314 115 141 41
rect:221 252 94 137 41
rect:198 211 59 122 40
rect:285 277 51 212 40
rect:405 345 73 174 40
Izmit1999_12.jpg 0x0
rect:17 84 31 27 6
rect:162 216 61 81 88
rect:1 246 41 33 41
rect:354 131 42 30 6
rect:482 34 77 49 34
rect:435 154 236 161 91
rect:303 183 47 62 7
rect:83 238 38 57 40
rect:629 122 55 92 41
rect:64 228 74 48 52
rect:415 275 120 165 94
rect:241 135 46 73 45
rect:92 76 36 25 6
rect:546 224 64 48 41
rect:414 151 57 122 42
rect:252 261 92 126 41
rect:55 273 68 84 94
rect:291 275 50 100 52
Izmit1999_13.jpg 0x0
rect:121 260 32 76 41
rect:268 120 67 100 41
rect:354 68 159 270 48
rect:120 130 40 36 6
rect:211 267 78 83 52
rect:5 82 68 174 42
rect:398 135 105 317 41
rect:94 257 107 142 94
rect:230 193 48 83 41
Izmit1999_14.jpg 0x0
rect:195 352 47 33 34
rect:426 32 59 43 95
rect:500 96 63 66 34
rect:316 150 120 104 35
rect:568 287 64 41 34
rect:393 272 35 17 34
rect:334 229 81 45 34
rect:50 127 117 49 34
rect:459 7 129 59 35
Izmit1999_15.jpg 0x0
rect:118 222 194 462 42
Izmit1999_16.jpg 0x0
rect:240 143 35 108 40
rect:110 59 285 231 39
rect:111 110 158 125 41
rect:65 68 316 586 33
Izmit1999_17.jpg 0x0
rect:89 145 188 200 41
Izmit1999_18.jpg 0x0
rect:128 203 124 177 41
rect:207 192 138 188 39
Izmit1999_19.jpg 0x0
rect:271 154 194 248 32
rect:309 75 230 334 96
rect:417 154 36 83 50
rect:352 151 17 58 50
Kobe1995_01.jpg 0x0
rect:26 188 771 149 63
Kobe1995_02.jpg 0x0
rect:2 76 370 550 68
Kobe1995_03.jpg 0x0
rect:33 46 608 655 10
Kobe1995_04.jpg 0x0
rect:367 230 71 36 41
Kobe1995_05.jpg 0x0
rect:383 110 202 354 40
rect:136 160 210 435 52
rect:72 434 264 94 78
rect:4 198 148 482 40
rect:45 185 339 103 78
Kobe1995_06.jpg 0x0
rect:37 185 447 312 41
rect:208 296 253 368 42
Kobe1995_07.jpg 0x0
rect:400 267 50 40 39
rect:297 154 39 48 39
rect:554 123 48 34 39
rect:276 216 44 30 39
rect:324 243 36 52 39
rect:185 355 30 27 39
rect:272 137 28 42 39
rect:61 201 32 40 39
rect:55 329 48 35 39
rect:327 300 45 24 39
rect:214 364 43 38 39
rect:316 268 47 36 39
rect:80 350 28 26 39
rect:345 415 44 38 39
rect:437 146 50 60 39
rect:214 178 37 52 39
rect:301 441 27 44 39
rect:123 189 40 34 39
rect:121 144 30 43 39
rect:183 483 35 28 39
rect:257 411 32 34 39
rect:115 334 32 42 39
rect:415 311 25 46 39
rect:288 162 30 34 39
rect:269 292 33 58 39
rect:366 311 44 36 39
Kobe1995_08.jpg 0x0
rect:371 76 340 282 97
Kobe1995_09.jpg 0x0
rect:112 604 82 59 88
rect:85 497 87 58 88
rect:178 547 154 90 97
rect:108 412 88 53 88
SanSalvador_1986_01.jpg 0x0
rect:68 3 92 203 68
rect:309 178 91 134 41
SanSalvador_1986_02.jpg 0x0
rect:352 154 53 31 41
rect:254 109 14 36 41
rect:190 230 41 46 41
rect:129 177 27 28 41
rect:208 189 25 28 41
rect:343 185 44 39 41
rect:314 271 26 39 41
rect:388 234 38 52 41
rect:545 230 43 38 42
SikkimIndia2001_01.jpg 0x0
rect:288 136 164 103 34
SikkimIndia2001_02.jpg 0x0
rect:517 73 95 184 33
rect:575 273 111 21 16
rect:-17 2 300 90 33
rect:283 240 59 46 16
rect:569 96 80 50 16
rect:11 150 79 42 54
rect:205 70 198 316 33
rect:10 6 359 61 16
SikkimIndia2001_03.jpg 0x0
rect:203 124 74 185 69
rect:198 13 123 355 98
rect:204 259 117 164 70
SikkimIndia2001_04.jpg 0x0
rect:308 124 92 151 34
rect:3 27 241 291 99
rect:283 192 360 85 99
SumatraInd2009_01.jpg 0x0
rect:362 22 65 257 81
SumatraInd2009_02.jpg 0x0
rect:249 80 191 165 41
WhittierNarrows1987_01.jpg 0x0
rect:13 36 568 274 10
WhittierNarrows1987_02.jpg 0x0
rect:121 269 93 270 41
WhittierNarrows1987_03.jpg 0x0
rect:300 162 182 276 32
WhittierNarrows1987_04.jpg 0x0
rect:195 6 283 69 6
rect:295 16 234 110 100
rect:190 72 85 234 41
YogyakartaInd2006_01.jpg 0x0
rect:181 -17 451 431 29
rect:297 158 276 79 49
rect:176 47 268 219 32
YogyakartaInd2006_02.jpg 0x0
rect:267 45 138 458 98
rect:310 140 69 205 69
rect:307 111 75 138 70
