Anchorage1964_01.jpg 0x0
rect:63 385 191 157 1
rect:124 8 259 169 1
Anchorage1964_02.jpg 0x0
rect:366 317 15 62 3
rect:261 332 22 75 3
rect:254 318 20 67 3
rect:276 41 208 81 4
rect:66 33 110 19 6
rect:177 298 331 101 2
rect:509 184 61 49 4
rect:36 144 126 32 5
rect:588 86 146 120 8
rect:91 221 18 22 6
rect:33 19 135 40 5
rect:218 202 17 61 3
rect:180 147 60 54 7
rect:90 277 62 16 6
rect:310 208 23 57 3
rect:449 231 20 48 3
rect:166 89 92 61 4
rect:485 252 23 55 3
rect:498 270 18 63 3
Anchorage1964_03.jpg 0x0
rect:0 294 769 69 10
rect:281 117 315 251 9
rect:2 203 283 57 9
Anchorage1964_04.jpg 0x0
rect:288 155 23 35 1
rect:126 249 31 21 5
rect:348 312 30 21 5
rect:312 315 22 31 1
rect:247 189 22 29 1
rect:124 99 26 19 5
rect:287 247 24 29 8
rect:318 265 14 26 1
rect:131 316 47 14 5
rect:213 96 22 17 5
rect:159 282 23 15 5
rect:451 82 39 22 5
rect:174 485 75 20 2
rect:276 190 27 25 5
rect:351 194 16 32 1
rect:162 147 32 22 5
rect:151 394 30 18 5
rect:294 78 39 21 5
rect:259 285 31 24 5
rect:287 242 22 16 5
rect:325 409 10 1 1
rect:251 291 26 19 1
rect:178 557 35 25 5
rect:358 509 36 17 5
rect:331 215 19 25 1
rect:309 209 14 22 1
rect:114 327 31 14 5
rect:315 362 20 30 1
rect:192 153 29 25 5
rect:319 141 30 19 5
rect:337 321 12 19 1
rect:399 379 36 20 5
rect:395 346 24 21 5
rect:377 321 24 22 1
rect:326 136 35 22 5
rect:394 29 32 20 5
rect:184 70 42 12 5
rect:169 20 21 17 5
rect:331 236 21 19 5
Anchorage1964_05.jpg 0x0
rect:565 103 46 67 1
rect:500 151 55 18 11
rect:772 295 46 19 6
rect:100 175 19 35 1
rect:667 296 64 45 1
rect:60 238 18 35 1
rect:147 202 128 27 5
rect:442 314 42 45 5
rect:497 344 41 85 8
rect:126 75 18 64 1
rect:71 162 13 47 1
rect:116 23 27 49 1
rect:543 376 59 18 6
rect:525 274 48 36 5
rect:442 520 48 59 8
rect:324 1 55 68 1
rect:252 49 78 39 5
rect:170 160 149 43 6
rect:299 239 41 67 1
rect:520 165 31 74 1
rect:142 50 81 51 6
rect:54 279 21 46 1
rect:407 203 21 22 11
rect:513 90 49 52 1
rect:70 72 25 46 1
rect:494 30 28 54 1
rect:43 357 18 68 1
rect:277 173 104 68 2
rect:33 316 29 69 1
Anchorage1964_06.jpg 0x0
rect:167 208 89 66 11
rect:135 93 182 351 12
rect:210 169 109 264 3
Anchorage1964_07.jpg 0x0
rect:10 62 635 452 2
rect:286 2 119 79 2
rect:375 193 264 174 2
rect:6 423 289 29 14
rect:284 158 63 89 13
rect:305 139 192 112 11
rect:311 262 74 109 11
rect:12 277 201 41 11
rect:296 115 56 101 3
Anchorage1964_08.jpg 0x0
rect:241 506 132 125 1
rect:328 27 84 89 1
rect:415 304 98 118 1
rect:53 307 95 73 1
rect:54 98 145 119 1
rect:48 369 111 115 1
Anchorage1964_09.jpg 0x0
rect:697 210 1 1 16
rect:571 32 57 55 8
rect:562 110 89 22 15
rect:18 128 16 9 16
rect:114 92 362 12 15
rect:572 153 56 86 1
rect:15 13 363 12 15
rect:117 137 53 64 1
rect:129 54 80 80 8
rect:74 139 59 10 16
rect:14 133 128 19 15
rect:488 275 56 76 8
rect:10 17 66 13 16
rect:101 383 57 86 8
rect:774 7 130 9 16
rect:416 202 86 89 1
rect:238 182 74 46 1
rect:346 8 255 13 15
rect:606 125 105 19 15
Anchorage1964_10.jpg 0x0
rect:196 290 90 127 17
rect:59 358 276 105 18
rect:136 228 177 67 18
rect:86 150 294 303 1
Anchorage1964_11.jpg 0x0
rect:164 51 126 124 4
rect:710 6 122 43 1
rect:81 593 728 13 14
rect:98 255 429 69 2
rect:168 169 315 23 15
rect:327 157 280 27 11
rect:110 386 798 17 14
rect:489 121 177 80 1
Anchorage1964_12.jpg 0x0
rect:545 84 53 195 3
rect:235 211 24 111 3
rect:351 96 160 121 11
rect:11 79 449 202 2
rect:276 109 47 175 3
Anchorage1964_13.jpg 0x0
rect:283 603 209 34 2
rect:420 324 33 149 20
rect:302 545 89 17 19
Anchorage1964_14.jpg 0x0
rect:361 270 123 56 15
rect:173 334 91 99 21
rect:283 797 138 98 23
rect:126 609 30 51 22
rect:479 5 102 192 11
rect:96 229 119 39 15
rect:10 660 261 61 11
rect:167 590 46 58 22
rect:16 543 35 71 22
rect:277 12 51 293 11
rect:40 764 53 71 22
rect:167 12 112 693 20
Anchorage1964_15.jpg 0x0
rect:533 194 106 47 24
rect:193 204 200 51 15
rect:148 133 30 67 11
rect:322 8 97 48 4
rect:307 298 126 32 11
rect:302 9 104 66 4
rect:211 594 248 69 2
rect:215 88 58 556 20
rect:321 126 48 70 25
Anchorage1964_16.jpg 0x0
rect:185 102 196 171 2
rect:583 292 135 131 2
rect:14 340 81 69 2
rect:81 399 59 109 11
rect:269 226 337 183 11
rect:11 163 239 213 2
Anchorage1964_17.jpg 0x0
rect:14 117 289 104 9
rect:378 43 229 177 9
rect:8 165 894 280 10
Anchorage1964_18.jpg 0x0
rect:165 284 22 59 11
rect:291 349 26 62 11
rect:103 229 66 145 4
rect:590 186 114 65 4
rect:314 172 107 107 4
rect:554 247 44 18 2
rect:150 272 69 53 11
rect:459 376 50 17 2
rect:351 367 256 28 15
rect:437 310 56 23 2
Anchorage1964_19.jpg 0x0
rect:870 153 8 8 26
rect:301 56 76 95 29
rect:324 254 60 72 26
rect:458 103 19 66 29
rect:401 174 17 34 26
rect:362 172 16 33 26
rect:398 126 31 34 27
rect:938 249 6 17 26
rect:261 92 46 40 26
rect:600 193 39 43 28
rect:585 158 6 12 26
rect:502 100 22 22 26
rect:374 127 38 67 29
rect:7 308 66 154 26
rect:404 326 22 44 26
rect:34 315 41 124 27
rect:329 141 11 31 26
rect:602 183 52 42 28
Anchorage1964_20.jpg 0x0
rect:225 375 66 111 26
rect:157 107 75 86 26
rect:254 130 77 37 27
rect:214 82 150 160 29
rect:369 470 37 66 26
Anchorage1964_21.jpg 0x0
rect:126 145 403 139 30
rect:2 83 55 31 26
rect:-6 80 111 165 29
rect:69 339 31 44 26
Bingol2003_01.jpg 0x0
rect:485 225 44 60 6
rect:712 374 78 45 6
rect:928 379 119 57 33
rect:531 421 71 204 32
rect:588 156 98 94 6
rect:2 442 765 302 10
rect:426 293 209 153 31
rect:630 232 120 77 33
rect:33 227 57 55 33
rect:393 307 218 68 6
rect:856 321 64 35 33
rect:152 232 58 70 33
rect:457 160 54 85 34
rect:257 128 84 64 33
rect:184 108 86 25 6
rect:380 63 155 190 31
rect:460 493 39 57 34
rect:283 339 100 69 6
rect:417 83 86 81 6
Bingol2003_02.jpg 0x0
rect:324 301 589 455 31
rect:175 72 394 138 34
rect:632 77 153 90 36
rect:318 170 329 141 35
rect:642 406 120 118 26
rect:259 394 86 81 6
rect:90 433 191 292 32
rect:214 245 97 294 32
Bingol2003_03.jpg 0x0
rect:821 -8 301 168 4
rect:943 535 257 403 2
rect:352 233 289 180 2
rect:426 210 251 56 11
rect:915 253 325 622 4
rect:138 60 121 82 33
rect:113 33 131 29 2
Bingol2003_04.jpg 0x0
rect:324 304 151 234 4
rect:218 433 33 81 3
rect:98 679 25 87 3
rect:271 382 29 134 3
rect:250 522 108 66 2
rect:143 804 25 69 3
rect:55 665 124 70 2
rect:156 396 242 178 2
CanterburyNZSeries2010_01.jpg 0x0
rect:106 85 100 285 12
CanterburyNZSeries2010_02.jpg 0x0
rect:52 11 197 235 37
rect:43 49 117 227 6
CanterburyNZSeries2010_03.jpg 0x0
rect:44 72 420 165 38
CanterburyNZSeries2010_04.jpg 0x0
rect:438 502 16 73 40
rect:137 466 68 238 41
rect:423 434 40 163 40
rect:352 417 21 86 40
rect:187 408 24 215 40
rect:343 357 19 47 40
rect:328 11 80 188 42
rect:231 307 176 279 39
CanterburyNZSeries2010_05.jpg 0x0
rect:311 373 192 431 4
rect:249 159 158 141 15
CanterburyNZSeries2010_06.jpg 0x0
rect:194 236 282 109 2
rect:71 127 635 753 4
CanterburyNZSeries2010_08.jpg 0x0
rect:711 622 51 174 44
rect:684 386 108 121 44
rect:773 573 35 157 32
rect:384 145 184 247 43
CanterburyNZSeries2010_09.jpg 0x0
rect:188 259 130 380 39
rect:227 125 133 227 45
CanterburyNZSeries2010_10.jpg 0x0
rect:365 233 164 89 46
rect:187 347 189 117 6
rect:230 249 472 209 6
rect:266 143 209 123 7
CanterburyNZSeries2010_11.jpg 0x0
rect:394 237 298 119 7
rect:346 290 276 165 5
CanterburyNZSeries2010_12.jpg 0x0
rect:4 352 1197 420 47
rect:65 311 622 393 2
rect:192 655 132 58 11
rect:621 587 135 83 11
CanterburyNZSeries2010_13.jpg 0x0
rect:151 20 445 764 12
rect:378 192 84 556 11
Caracas1967_01.jpg 0x0
rect:312 144 41 101 48
rect:236 151 10 63 48
rect:546 76 211 251 48
rect:454 174 77 79 48
Caracas1967_02.jpg 0x0
rect:221 1 146 182 15
rect:136 517 47 55 49
rect:170 196 161 296 51
rect:173 299 49 43 50
Caracas1967_03.jpg 0x0
rect:334 72 70 129 14
rect:277 301 125 138 34
rect:294 401 26 61 27
rect:418 293 25 83 27
rect:322 498 80 75 26
rect:16 373 239 80 6
Caracas1967_04.jpg 0x0
rect:131 348 137 114 34
rect:154 297 58 92 26
rect:183 465 16 66 27
Caracas1967_05.jpg 0x0
rect:22 78 355 452 48
rect:324 272 52 231 40
rect:79 314 48 314 40
rect:136 237 43 244 40
rect:31 176 355 454 41
rect:146 315 46 174 40
rect:304 225 141 156 52
rect:316 258 61 172 40
rect:71 295 305 177 52
rect:404 269 52 239 40
Caracas1967_06.jpg 0x0
rect:300 91 229 160 7
rect:407 229 83 66 6
Caracas1967_07.jpg 0x0
rect:316 266 127 318 34
rect:176 102 42 233 27
rect:590 387 103 88 53
rect:133 90 166 185 34
rect:463 44 24 192 27
rect:281 6 64 356 34
rect:506 300 84 103 53
Caracas1967_08.jpg 0x0
rect:410 265 81 172 54
rect:278 351 62 77 55
rect:250 246 51 74 54
Caracas1967_09.jpg 0x0
rect:23 258 62 55 48
rect:116 133 128 83 48
rect:100 209 69 74 48
rect:572 13 157 136 48
Caracas1967_10.jpg 0x0
rect:393 264 87 182 40
rect:18 194 481 416 48
rect:334 352 82 141 40
rect:38 260 287 317 41
Caracas1967_11.jpg 0x0
rect:53 13 408 557 48
rect:58 272 301 525 41
rect:292 14 215 316 41
Caracas1967_12.jpg 0x0
rect:853 247 25 52 32
rect:533 217 33 55 34
rect:284 318 19 56 56
rect:589 335 25 40 32
Caracas1967_13.jpg 0x0
rect:153 339 172 231 55
Caracas1967_14.jpg 0x0
rect:181 219 308 48 6
rect:85 165 414 178 57
Chichi1999_01.jpg 0x0
rect:4 10 589 212 58
rect:322 98 37 262 42
Chichi1999_02.jpg 0x0
rect:5 74 449 111 58
rect:445 124 200 483 59
Chichi1999_03.jpg 0x0
rect:0 114 729 161 58
rect:92 117 70 104 60
Chichi1999_04.jpg 0x0
rect:254 230 25 60 52
rect:227 194 100 306 48
rect:217 -17 49 136 48
Chichi1999_05.jpg 0x0
rect:402 330 31 39 41
rect:333 236 44 96 52
rect:336 109 47 66 41
rect:458 164 66 267 48
Chichi1999_06.jpg 0x0
rect:691 188 39 43 41
rect:412 263 62 88 48
rect:301 258 25 32 52
rect:664 -14 101 66 61
rect:333 145 75 53 62
rect:158 18 643 241 10
Chichi1999_07.jpg 0x0
rect:530 301 57 74 48
rect:622 239 15 21 64
rect:55 171 434 101 63
rect:163 175 55 173 48
rect:384 167 30 35 64
rect:352 271 42 129 48
rect:154 135 27 35 64
Chichi1999_08.jpg 0x0
rect:75 13 688 452 10
Chichi1999_09.jpg 0x0
rect:194 85 91 113 41
rect:180 95 52 71 40
rect:302 129 42 95 40
rect:283 80 243 187 48
Chichi1999_10.jpg 0x0
rect:118 20 609 313 10
Chichi1999_11.jpg 0x0
rect:2 179 197 454 10
rect:168 242 93 131 65
Chichi1999_12.jpg 0x0
rect:8 24 419 440 66
Chichi1999_13.jpg 0x0
rect:39 40 707 323 10
Chichi1999_14.jpg 0x0
rect:73 442 40 45 67
rect:307 326 37 39 39
rect:142 228 48 56 67
rect:73 481 55 64 67
rect:321 589 82 83 67
rect:334 505 33 53 67
rect:102 315 45 53 67
rect:131 230 71 35 67
rect:166 391 38 40 67
rect:302 290 16 29 39
rect:205 492 35 31 67
rect:74 597 32 64 67
rect:177 242 42 44 67
rect:240 432 36 40 39
rect:215 379 30 52 67
rect:269 323 16 42 67
rect:272 626 19 26 39
Chichi1999_15.jpg 0x0
rect:266 35 324 553 41
Chichi1999_16.jpg 0x0
rect:168 171 93 93 32
Chichi1999_17.jpg 0x0
rect:166 413 32 47 32
Chichi1999_18.jpg 0x0
rect:133 153 179 481 68
rect:124 176 21 89 69
rect:206 395 53 103 70
rect:270 247 33 182 69
rect:266 275 39 185 69
rect:199 277 30 85 69
Chichi1999_19.jpg 0x0
rect:294 154 140 313 3
rect:144 18 313 301 2
YogyakartaInd2006_03.jpg 0x0
rect:273 72 160 47 15
rect:249 18 107 2 15
rect:438 82 72 50 16
rect:204 165 16 7 16
rect:273 138 84 33 15
rect:254 544 289 37 15
rect:369 480 65 31 16
rect:271 281 387 189 71
Chichi1999_20.jpg 0x0
rect:142 264 85 433 42
rect:272 433 57 232 41
Chichi1999_21.jpg 0x0
rect:180 98 295 339 72
rect:401 137 138 96 6
rect:558 6 101 88 57
rect:15 3 217 197 30
rect:94 361 213 136 5
rect:370 36 228 267 37
rect:349 297 120 91 6
rect:134 233 219 198 37
Chichi1999_22.jpg 0x0
rect:311 227 18 15 73
rect:289 141 208 197 10
rect:549 184 18 24 73
rect:239 235 17 22 73
Chichi1999_23.jpg 0x0
rect:133 230 29 27 34
rect:156 163 70 48 73
rect:259 214 71 84 73
rect:127 338 42 91 34
rect:331 365 35 55 34
rect:83 421 46 127 73
rect:236 144 31 21 26
rect:203 137 40 34 27
rect:289 124 46 73 73
rect:4 78 630 183 74
Chichi1999_24.jpg 0x0
rect:205 192 143 66 75
rect:3 347 260 224 74
rect:290 151 37 47 46
rect:156 207 91 53 34
rect:369 277 1 2 46
Chichi1999_25.jpg 0x0
rect:205 433 60 95 26
rect:202 217 144 263 34
rect:207 153 175 394 73
Chichi1999_26.jpg 0x0
rect:164 521 79 93 26
rect:244 17 44 22 73
rect:168 687 160 116 27
rect:297 187 85 269 76
rect:274 221 69 122 73
rect:126 710 180 160 73
Chichi1999_27.jpg 0x0
rect:123 246 121 281 32
Chichi1999_28.jpg 0x0
rect:107 131 188 289 5
rect:380 94 165 226 75
rect:247 289 307 98 77
rect:26 72 261 101 6
Chichi1999_29.jpg 0x0
rect:112 231 183 346 48
rect:261 215 128 190 40
rect:190 276 96 153 52
Chichi1999_30.jpg 0x0
rect:36 197 131 217 73
rect:249 129 167 67 52
rect:176 179 206 48 78
rect:255 110 260 299 40
Chichi1999_31.jpg 0x0
rect:498 100 59 169 48
rect:205 62 139 357 79
Chichi1999_32.jpg 0x0
rect:630 162 47 198 39
rect:236 155 44 112 81
rect:211 73 35 198 81
rect:115 8 78 255 80
Chichi1999_33.jpg 0x0
rect:295 179 45 143 49
rect:164 126 90 214 32
rect:271 98 134 284 32
rect:346 105 126 241 56
rect:144 175 39 120 49
rect:69 52 105 545 33
Chichi1999_34.jpg 0x0
rect:146 88 308 344 10
Duzce1999_01.jpg 0x0
rect:163 55 103 350 39
rect:141 146 115 151 41
Duzce1999_02.jpg 0x0
rect:57 54 176 442 41
Duzce1999_03.jpg 0x0
rect:204 108 123 239 31
rect:0 194 82 195 31
rect:129 78 109 332 42
Gediz1970_01.jpg 0x0
rect:217 338 60 205 69
rect:152 281 70 290 69
rect:96 101 262 652 68
Guatemala1976_01.jpg 0x0
rect:57 203 32 56 41
rect:43 178 133 113 48
rect:25 137 704 214 82
rect:68 195 80 51 52
rect:511 181 161 131 48
rect:508 200 64 83 41
Guatemala1976_02.jpg 0x0
rect:286 49 111 100 40
rect:173 56 346 224 48
Guatemala1976_03.jpg 0x0
rect:22 92 867 378 75
Guatemala1976_04.jpg 0x0
rect:127 23 359 62 30
rect:744 186 99 306 4
rect:34 77 397 280 30
rect:418 351 75 301 4
Guatemala1976_05.jpg 0x0
rect:169 88 487 423 48
rect:262 141 359 92 41
rect:158 174 300 129 40
Guatemala1976_06.jpg 0x0
rect:101 100 251 369 39
Guatemala1976_07.jpg 0x0
rect:19 177 375 268 10
rect:297 432 104 71 83
rect:30 347 62 74 6
Guatemala1976_08.jpg 0x0
rect:288 54 218 395 40
rect:185 74 343 323 41
rect:110 34 487 368 48
Guatemala1976_09.jpg 0x0
rect:618 403 41 92 84
rect:404 346 58 39 85
rect:303 269 57 55 84
rect:75 198 26 34 85
rect:125 203 51 60 85
rect:194 226 44 35 84
rect:649 347 52 50 85
rect:109 363 30 18 84
Guatemala1976_10.jpg 0x0
rect:246 165 185 202 86
rect:226 101 182 180 87
rect:401 418 40 100 87
Guatemala1976_11.jpg 0x0
rect:178 211 141 171 34
GujaratIndia2001_01.jpg 0x0
rect:161 361 260 101 2
rect:25 293 237 189 4
rect:397 493 40 55 11
rect:74 345 70 34 2
Haiti2010_01.jpg 0x0
rect:101 43 159 115 7
rect:321 369 261 228 4
rect:510 214 141 123 4
rect:250 156 144 385 41
rect:319 319 33 175 40
Haiti2010_02.jpg 0x0
rect:379 37 223 48 14
rect:67 103 463 164 88
Haiti2010_03.jpg 0x0
rect:186 755 191 198 89
rect:470 1 49 733 32
rect:260 692 67 57 49
rect:194 349 257 249 32
Haiti2010_04.jpg 0x0
rect:206 64 217 281 34
rect:2 158 318 183 6
rect:197 231 210 522 41
Haiti2010_05.jpg 0x0
rect:226 131 334 384 90
rect:243 201 133 153 52
rect:192 244 23 117 40
rect:401 327 43 67 40
Haiti2010_06.jpg 0x0
rect:418 282 54 185 32
rect:378 159 464 869 91
rect:175 279 258 262 91
rect:494 189 71 80 34
rect:393 191 155 365 33
rect:466 164 94 57 6
rect:200 228 39 36 34
ImperialValley1979_01.jpg 0x0
rect:253 278 41 22 49
rect:444 406 36 42 32
rect:13 250 116 142 32
rect:62 327 81 99 50
rect:16 451 75 64 49
rect:696 229 21 17 49
rect:609 246 29 26 49
rect:328 379 42 41 32
rect:451 245 28 30 50
rect:327 251 42 39 32
rect:256 215 42 50 50
ImperialValley1979_02.jpg 0x0
rect:327 112 98 146 50
rect:166 185 368 56 92
rect:249 60 198 218 32
rect:269 160 120 50 49
rect:259 115 55 177 50
rect:237 115 65 135 50
ImperialValley1979_03.jpg 0x0
rect:75 225 82 166 50
rect:366 194 69 244 50
rect:153 328 273 175 32
rect:88 301 198 44 92
rect:170 429 81 173 50
rect:136 175 190 116 32
rect:108 296 317 32 92
Izmit1999_01.jpg 0x0
rect:173 58 353 404 34
rect:194 127 32 189 27
rect:547 252 54 80 26
rect:347 113 55 135 27
rect:294 173 46 77 27
Izmit1999_02.jpg 0x0
rect:20 126 608 180 10
Izmit1999_03.jpg 0x0
rect:516 95 36 312 50
rect:209 118 79 322 50
rect:223 229 465 40 92
rect:175 54 402 342 93
rect:459 102 59 226 50
rect:277 170 46 138 50
rect:482 101 45 294 50
rect:197 66 181 437 32
Izmit1999_04.jpg 0x0
rect:302 371 16 52 40
rect:359 281 19 86 40
rect:80 534 152 116 88
rect:103 325 147 92 88
rect:354 65 110 87 48
rect:408 432 92 108 41
rect:65 505 46 90 42
rect:67 449 49 111 41
rect:37 536 77 70 34
rect:409 58 102 72 41
Izmit1999_05.jpg 0x0
rect:108 27 578 513 10
Izmit1999_06.jpg 0x0
rect:257 216 49 131 50
rect:143 143 59 277 50
rect:187 254 151 60 49
rect:342 181 54 134 50
rect:154 227 258 333 32
rect:67 273 84 164 50
Izmit1999_07.jpg 0x0
rect:327 164 44 102 3
rect:427 137 59 83 3
rect:214 146 66 98 3
rect:29 83 422 663 2
rect:382 83 122 37 6
rect:176 398 41 112 3
rect:411 249 90 316 4
Izmit1999_08.jpg 0x0
rect:117 30 113 77 34
rect:487 6 128 54 45
rect:105 531 86 115 45
rect:286 213 140 124 88
rect:199 162 82 84 41
rect:375 109 62 21 52
rect:474 104 70 62 41
Izmit1999_09.jpg 0x0
rect:254 298 129 102 41
rect:39 168 43 56 41
rect:726 185 61 46 41
rect:258 149 36 33 41
rect:626 250 59 54 94
rect:357 246 79 118 94
Izmit1999_10.jpg 0x0
rect:84 126 70 145 40
rect:168 137 57 134 40
rect:189 325 51 72 40
rect:186 325 109 41 78
rect:124 231 86 265 40
rect:52 176 295 47 78
rect:288 141 157 162 40
rect:247 525 73 31 78
rect:351 538 122 90 40
rect:85 110 411 393 41
rect:89 379 297 67 78
Izmit1999_11.jpg 0x0
rect:212 279 59 252 40
rect:227 391 116 165 41
rect:252 249 96 165 41
rect:190 184 74 193 40
rect:165 215 74 146 40
Izmit1999_12.jpg 0x0
rect:234 83 63 91 45
rect:407 21 81 56 34
rect:583 109 34 113 41
rect:546 165 258 264 91
rect:452 172 48 44 7
rect:130 249 102 67 88
rect:456 174 35 136 42
rect:334 360 60 113 52
rect:21 81 47 21 6
rect:78 230 30 49 40
rect:118 101 28 19 6
rect:442 273 52 65 41
rect:1 162 35 39 41
rect:67 328 44 113 94
rect:277 308 69 124 41
rect:230 249 71 194 94
rect:55 310 50 64 52
rect:312 126 41 28 6
Izmit1999_13.jpg 0x0
rect:98 257 122 168 94
rect:266 118 89 134 41
rect:129 124 55 48 6
rect:221 91 220 271 48
rect:107 179 36 124 41
rect:160 322 47 84 41
rect:207 357 80 83 52
rect:376 160 87 232 41
rect:5 55 109 198 42
Izmit1999_14.jpg 0x0
rect:51 204 141 62 34
rect:598 252 93 55 34
rect:249 354 41 25 34
rect:247 396 27 18 34
rect:440 6 204 61 35
rect:355 202 69 80 35
rect:418 35 47 43 95
rect:474 59 58 59 34
rect:576 410 53 45 34
Izmit1999_15.jpg 0x0
rect:144 143 200 470 42
Izmit1999_16.jpg 0x0
rect:126 140 170 142 41
rect:95 51 465 642 33
rect:169 47 328 363 39
rect:155 135 43 127 40
Izmit1999_17.jpg 0x0
rect:116 162 243 175 41
Izmit1999_18.jpg 0x0
rect:201 122 140 319 39
rect:153 181 165 105 41
Izmit1999_19.jpg 0x0
rect:182 166 304 255 32
rect:324 131 31 114 50
rect:223 61 310 372 96
rect:507 196 20 66 50
Kobe1995_01.jpg 0x0
rect:19 149 971 105 63
Kobe1995_02.jpg 0x0
rect:2 66 528 592 68
Kobe1995_03.jpg 0x0
rect:37 50 338 802 10
Kobe1995_04.jpg 0x0
rect:236 210 65 57 41
Kobe1995_05.jpg 0x0
rect:99 582 244 99 78
rect:35 190 380 78 78
rect:291 147 143 440 40
rect:4 139 118 651 40
rect:166 146 191 688 52
Kobe1995_06.jpg 0x0
rect:56 101 442 335 41
rect:151 325 366 355 42
Kobe1995_07.jpg 0x0
rect:312 263 37 39 39
rect:170 285 40 52 39
rect:281 315 30 46 39
rect:118 424 34 26 39
rect:531 151 48 42 39
rect:461 335 37 29 39
rect:272 132 44 28 39
rect:286 144 31 45 39
rect:326 224 42 24 39
rect:416 504 61 50 39
rect:161 314 32 45 39
rect:405 301 28 37 39
rect:278 390 48 43 39
rect:115 338 43 45 39
rect:224 239 31 34 39
rect:306 231 52 35 39
rect:486 262 37 25 39
rect:188 437 28 29 39
rect:561 186 33 46 39
rect:56 281 49 62 39
rect:31 455 43 24 39
rect:224 157 30 45 39
rect:271 276 31 58 39
rect:150 136 35 27 39
rect:139 237 27 28 39
rect:263 443 31 35 39
Kobe1995_08.jpg 0x0
rect:328 54 470 147 97
Kobe1995_09.jpg 0x0
rect:177 411 149 79 97
rect:93 620 68 86 88
rect:96 357 70 78 88
rect:72 594 60 76 88
SanSalvador_1986_01.jpg 0x0
rect:254 202 125 166 41
rect:72 3 101 306 68
SanSalvador_1986_02.jpg 0x0
rect:316 233 62 49 41
rect:494 190 45 33 41
rect:218 302 28 25 41
rect:332 171 21 24 41
rect:308 348 30 54 41
rect:390 187 29 37 41
rect:167 307 31 40 41
rect:464 154 51 41 42
rect:188 130 19 39 41
SikkimIndia2001_01.jpg 0x0
rect:190 182 108 159 34
SikkimIndia2001_02.jpg 0x0
rect:10 161 66 35 54
rect:210 83 140 345 33
rect:529 81 137 183 33
rect:9 5 348 62 16
rect:-15 2 449 129 33
rect:620 202 68 18 16
rect:359 209 87 46 16
rect:520 130 71 28 16
SikkimIndia2001_03.jpg 0x0
rect:163 79 73 217 69
rect:170 275 70 150 70
rect:264 11 128 479 98
SikkimIndia2001_04.jpg 0x0
rect:404 163 332 80 99
rect:358 144 85 210 34
rect:3 30 216 307 99
SumatraInd2009_01.jpg 0x0
rect:271 19 77 264 81
SumatraInd2009_02.jpg 0x0
rect:256 86 239 199 41
WhittierNarrows1987_01.jpg 0x0
rect:19 35 950 381 10
WhittierNarrows1987_02.jpg 0x0
rect:183 200 81 241 41
WhittierNarrows1987_03.jpg 0x0
rect:188 108 151 238 32
WhittierNarrows1987_04.jpg 0x0
rect:160 10 338 97 6
rect:211 14 303 127 100
rect:300 52 118 213 41
YogyakartaInd2006_01.jpg 0x0
rect:222 118 238 77 49
rect:212 -19 519 650 29
rect:247 33 384 195 32
YogyakartaInd2006_02.jpg 0x0
rect:369 85 62 205 69
rect:263 49 177 460 98
rect:407 97 86 136 70
