Anchorage1964_01.jpg 0x0
rect:82 282 270 255 1
rect:110 7 235 128 1
Anchorage1964_02.jpg 0x0
rect:33 23 114 46 5
rect:394 304 24 41 3
rect:383 57 87 144 8
rect:33 255 179 40 5
rect:62 47 75 16 6
rect:300 305 18 63 3
rect:125 273 57 18 6
rect:500 193 105 75 4
rect:265 42 275 64 4
rect:232 297 19 46 3
rect:122 184 24 27 6
rect:261 180 20 75 3
rect:117 162 79 61 7
rect:283 301 27 67 3
rect:276 59 71 65 4
rect:412 334 14 59 3
rect:213 225 290 101 2
rect:276 212 21 83 3
rect:513 202 20 57 3
Anchorage1964_03.jpg 0x0
rect:0 357 631 61 10
rect:2 257 219 76 9
rect:243 82 381 137 9
Anchorage1964_04.jpg 0x0
rect:182 28 28 21 5
rect:120 243 29 20 5
rect:140 237 20 23 5
rect:152 323 58 17 2
rect:249 72 31 20 5
rect:306 262 27 30 8
rect:291 370 23 27 1
rect:129 54 30 11 5
rect:273 536 39 15 5
rect:308 278 18 24 1
rect:247 253 22 32 1
rect:374 263 13 19 1
rect:305 523 22 21 1
rect:369 165 27 21 5
rect:363 317 24 18 5
rect:383 436 41 22 5
rect:158 93 33 16 5
rect:247 157 16 26 1
rect:243 126 20 23 1
rect:268 338 12 33 1
rect:146 267 22 14 5
rect:218 201 36 18 5
rect:446 134 34 23 5
rect:145 508 38 18 5
rect:123 385 47 18 5
rect:284 33 42 19 5
rect:351 461 7 1 1
rect:211 77 30 13 5
rect:386 97 35 16 5
rect:435 363 33 21 5
rect:254 236 23 22 5
rect:264 48 32 14 5
rect:310 213 22 16 1
rect:166 299 23 19 5
rect:133 166 28 19 5
rect:309 385 15 27 1
rect:330 254 28 19 5
rect:263 195 29 21 5
rect:359 137 18 28 1
Anchorage1964_05.jpg 0x0
rect:73 64 19 38 1
rect:94 31 28 42 1
rect:52 118 21 48 1
rect:102 355 21 39 1
rect:441 422 51 40 5
rect:410 1 42 58 1
rect:418 70 43 48 1
rect:88 117 17 57 1
rect:68 267 18 36 1
rect:659 290 52 75 1
rect:497 90 31 72 1
rect:318 218 127 81 2
rect:305 156 26 22 11
rect:184 41 129 53 6
rect:476 340 31 15 6
rect:514 331 58 26 6
rect:549 474 45 50 8
rect:381 154 33 46 1
rect:240 34 73 27 5
rect:36 454 23 73 1
rect:604 23 37 70 1
rect:383 213 44 30 11
rect:63 140 19 58 1
rect:640 240 43 36 5
rect:47 276 30 65 1
rect:369 232 37 72 8
rect:200 194 120 31 6
rect:515 167 29 39 1
rect:236 160 141 23 5
Anchorage1964_06.jpg 0x0
rect:125 286 77 101 11
rect:101 92 173 498 12
rect:167 176 84 233 3
Anchorage1964_07.jpg 0x0
rect:373 341 361 153 2
rect:241 2 113 69 2
rect:362 226 107 111 11
rect:283 162 51 127 3
rect:184 112 201 117 11
rect:20 298 201 38 11
rect:8 66 763 504 2
rect:270 170 70 83 13
rect:7 266 363 37 14
Anchorage1964_08.jpg 0x0
rect:45 249 87 71 1
rect:280 33 79 93 1
rect:62 93 123 156 1
rect:394 544 141 124 1
rect:44 431 101 150 1
rect:361 300 89 84 1
Anchorage1964_09.jpg 0x0
rect:17 164 15 7 16
rect:706 208 1 1 16
rect:651 140 145 14 15
rect:69 36 100 82 8
rect:135 171 245 10 15
rect:13 14 402 19 15
rect:56 102 40 9 16
rect:293 172 84 76 1
rect:714 224 80 58 8
rect:87 333 72 66 8
rect:467 114 115 22 15
rect:14 121 98 25 15
rect:373 33 81 80 8
rect:574 12 108 13 16
rect:456 10 302 15 15
rect:500 199 81 69 1
rect:15 15 54 11 16
rect:511 122 74 67 1
rect:90 121 61 88 1
Anchorage1964_10.jpg 0x0
rect:149 292 76 131 17
rect:75 494 334 88 18
rect:119 209 237 81 18
rect:68 140 428 265 1
Anchorage1964_11.jpg 0x0
rect:59 441 455 22 14
rect:403 6 112 34 1
rect:235 133 307 15 15
rect:79 239 400 58 2
rect:230 243 369 30 11
rect:641 90 148 116 1
rect:175 67 149 92 4
rect:59 599 485 12 14
Anchorage1964_12.jpg 0x0
rect:10 57 521 309 2
rect:501 80 223 150 11
rect:350 91 68 193 3
rect:438 90 43 251 3
rect:169 217 31 134 3
Anchorage1964_13.jpg 0x0
rect:439 404 25 153 20
rect:262 533 224 26 2
rect:374 421 110 11 19
Anchorage1964_14.jpg 0x0
rect:94 627 36 55 22
rect:57 700 38 78 22
rect:186 497 35 74 22
rect:367 10 46 238 11
rect:441 644 174 90 23
rect:223 364 50 88 21
rect:20 592 23 44 22
rect:421 228 172 73 15
rect:92 276 116 30 15
rect:520 6 61 156 11
rect:201 10 83 551 20
rect:10 595 146 60 11
Anchorage1964_15.jpg 0x0
rect:257 278 97 45 11
rect:207 11 82 70 4
rect:280 94 45 87 25
rect:359 11 120 46 4
rect:219 243 220 32 15
rect:421 312 112 47 24
rect:228 70 76 523 20
rect:189 168 39 78 11
rect:311 337 265 59 2
Anchorage1964_16.jpg 0x0
rect:87 367 85 119 11
rect:521 172 104 206 2
rect:247 106 347 134 2
rect:10 237 73 78 2
rect:16 126 192 228 2
rect:168 183 284 234 11
Anchorage1964_17.jpg 0x0
rect:7 180 518 215 10
rect:376 51 156 277 9
rect:12 136 213 139 9
Anchorage1964_18.jpg 0x0
rect:138 254 85 75 4
rect:488 403 44 13 2
rect:294 248 318 28 15
rect:163 290 17 36 11
rect:557 184 123 95 4
rect:182 377 87 41 11
rect:623 140 125 67 4
rect:400 385 80 26 2
rect:542 361 29 17 2
rect:242 187 35 56 11
Anchorage1964_19.jpg 0x0
rect:428 260 15 51 26
rect:330 101 20 33 27
rect:7 310 76 123 26
rect:486 250 10 20 26
rect:262 97 56 34 26
rect:363 102 7 20 26
rect:328 71 53 124 29
rect:446 133 37 28 26
rect:712 159 7 9 26
rect:636 141 32 37 28
rect:299 356 60 87 26
rect:393 283 46 31 28
rect:532 193 17 23 26
rect:30 272 25 111 27
rect:340 173 17 58 29
rect:523 151 8 11 26
rect:393 97 47 74 29
rect:355 98 13 43 26
Anchorage1964_20.jpg 0x0
rect:139 88 106 65 26
rect:297 345 90 155 26
rect:541 534 37 87 26
rect:258 133 86 37 27
rect:153 83 108 170 29
Anchorage1964_21.jpg 0x0
rect:193 213 700 199 30
rect:40 406 32 34 26
rect:2 107 59 39 26
rect:-6 70 79 185 29
Bingol2003_01.jpg 0x0
rect:533 208 61 51 6
rect:182 116 61 26 6
rect:289 278 108 63 6
rect:357 185 73 78 33
rect:838 481 55 44 33
rect:29 302 73 59 33
rect:549 606 208 53 6
rect:124 220 89 51 33
rect:737 220 84 46 6
rect:650 254 129 127 31
rect:562 438 42 60 34
rect:701 93 163 228 31
rect:619 119 73 85 6
rect:863 234 128 69 33
rect:636 415 91 80 33
rect:634 354 59 135 32
rect:453 73 105 55 6
rect:424 141 56 137 34
rect:2 392 1129 290 10
Bingol2003_02.jpg 0x0
rect:201 332 91 397 32
rect:251 367 106 82 6
rect:549 345 105 95 26
rect:512 213 536 116 35
rect:938 57 146 97 36
rect:213 214 827 491 31
rect:85 359 176 167 32
rect:186 117 402 179 34
Bingol2003_03.jpg 0x0
rect:83 55 135 88 33
rect:372 183 170 62 11
rect:520 -8 196 287 4
rect:745 590 257 428 2
rect:86 30 185 24 2
rect:690 274 263 783 4
rect:348 185 472 144 2
Bingol2003_04.jpg 0x0
rect:288 460 93 58 2
rect:181 370 40 147 3
rect:141 697 28 69 3
rect:89 511 18 80 3
rect:354 194 123 179 4
rect:67 618 119 106 2
rect:163 367 40 90 3
rect:205 311 274 129 2
CanterburyNZSeries2010_01.jpg 0x0
rect:74 123 139 378 12
CanterburyNZSeries2010_02.jpg 0x0
rect:57 60 123 256 6
rect:56 10 228 306 37
CanterburyNZSeries2010_03.jpg 0x0
rect:56 94 303 163 38
CanterburyNZSeries2010_04.jpg 0x0
rect:150 380 78 260 41
rect:311 9 91 146 42
rect:366 493 21 61 40
rect:324 411 40 102 40
rect:261 379 32 197 40
rect:244 352 23 53 40
rect:290 362 276 310 39
rect:239 369 36 85 40
CanterburyNZSeries2010_05.jpg 0x0
rect:299 226 158 90 15
rect:215 366 242 324 4
CanterburyNZSeries2010_06.jpg 0x0
rect:170 204 200 130 2
rect:84 103 522 629 4
CanterburyNZSeries2010_08.jpg 0x0
rect:850 320 84 127 44
rect:744 396 54 104 44
rect:433 132 172 332 43
rect:642 620 42 175 32
CanterburyNZSeries2010_09.jpg 0x0
rect:261 109 203 189 45
rect:239 277 134 363 39
CanterburyNZSeries2010_10.jpg 0x0
rect:239 289 371 241 6
rect:305 453 212 105 6
rect:277 385 151 70 46
rect:427 235 352 96 7
CanterburyNZSeries2010_11.jpg 0x0
rect:308 241 346 166 7
rect:379 394 353 238 5
CanterburyNZSeries2010_12.jpg 0x0
rect:240 473 111 43 11
rect:5 207 1250 529 47
rect:696 586 204 69 11
rect:37 262 1002 364 2
CanterburyNZSeries2010_13.jpg 0x0
rect:302 172 95 532 11
rect:138 14 496 879 12
Caracas1967_01.jpg 0x0
rect:403 212 51 107 48
rect:289 187 53 115 48
rect:246 220 12 75 48
rect:412 49 134 294 48
Caracas1967_02.jpg 0x0
rect:254 1 136 133 15
rect:130 269 173 378 51
rect:114 397 35 83 49
rect:117 527 35 47 50
Caracas1967_03.jpg 0x0
rect:394 446 25 99 27
rect:12 348 208 82 6
rect:193 453 33 54 27
rect:268 63 75 80 14
rect:301 429 102 173 34
rect:277 460 51 86 26
Caracas1967_04.jpg 0x0
rect:151 310 18 70 27
rect:175 324 168 207 34
rect:192 255 38 91 26
Caracas1967_05.jpg 0x0
rect:63 402 288 258 52
rect:23 120 419 561 48
rect:256 435 50 240 40
rect:108 255 38 268 40
rect:51 179 389 426 41
rect:259 225 71 291 40
rect:268 283 56 123 40
rect:397 199 50 197 40
rect:63 436 49 282 40
rect:173 271 145 168 52
Caracas1967_06.jpg 0x0
rect:381 117 319 187 7
rect:349 248 87 53 6
Caracas1967_07.jpg 0x0
rect:377 38 34 184 27
rect:594 437 73 64 53
rect:165 98 160 228 34
rect:310 247 130 127 53
rect:259 171 35 163 27
rect:450 6 74 289 34
rect:468 204 179 185 34
Caracas1967_08.jpg 0x0
rect:516 169 97 131 54
rect:183 208 69 124 54
rect:282 324 63 133 55
Caracas1967_09.jpg 0x0
rect:519 12 308 112 48
rect:24 170 53 55 48
rect:112 239 59 73 48
rect:162 111 110 79 48
Caracas1967_10.jpg 0x0
rect:15 120 344 551 48
rect:350 237 106 242 40
rect:32 214 335 307 41
rect:536 356 75 203 40
Caracas1967_11.jpg 0x0
rect:35 12 379 787 48
rect:69 316 227 613 41
rect:226 13 141 225 41
Caracas1967_12.jpg 0x0
rect:752 319 26 40 32
rect:441 271 25 38 34
rect:879 283 26 52 32
rect:175 200 23 53 56
Caracas1967_13.jpg 0x0
rect:174 258 141 319 55
Caracas1967_14.jpg 0x0
rect:121 113 584 169 57
rect:158 245 320 38 6
Chichi1999_01.jpg 0x0
rect:4 9 657 186 58
rect:345 173 41 163 42
Chichi1999_02.jpg 0x0
rect:414 92 174 312 59
rect:6 105 333 174 58
Chichi1999_03.jpg 0x0
rect:0 148 930 130 58
rect:79 122 71 107 60
Chichi1999_04.jpg 0x0
rect:205 300 37 77 52
rect:190 -19 41 89 48
rect:240 252 66 291 48
Chichi1999_05.jpg 0x0
rect:361 97 35 65 41
rect:319 127 76 179 48
rect:277 189 35 68 52
rect:311 197 21 26 41
Chichi1999_06.jpg 0x0
rect:424 -11 90 77 61
rect:207 17 364 167 10
rect:365 172 21 30 52
rect:829 189 32 40 41
rect:369 129 67 86 62
rect:293 155 56 86 48
Chichi1999_07.jpg 0x0
rect:755 307 50 75 48
rect:55 175 699 136 63
rect:167 136 40 180 48
rect:501 174 18 22 64
rect:407 291 26 36 64
rect:495 265 43 147 48
rect:125 177 25 44 64
Chichi1999_08.jpg 0x0
rect:135 17 366 536 10
Chichi1999_09.jpg 0x0
rect:305 84 57 83 40
rect:149 93 245 149 48
rect:203 106 144 101 41
rect:158 85 49 69 40
Chichi1999_10.jpg 0x0
rect:224 19 568 598 10
Chichi1999_11.jpg 0x0
rect:2 104 164 360 10
rect:132 220 105 95 65
Chichi1999_12.jpg 0x0
rect:13 32 397 587 66
Chichi1999_13.jpg 0x0
rect:29 42 821 294 10
Chichi1999_14.jpg 0x0
rect:102 388 29 34 67
rect:178 572 21 35 67
rect:121 314 41 69 67
rect:193 168 17 51 67
rect:325 509 19 22 39
rect:290 292 39 50 39
rect:51 405 32 63 67
rect:225 279 25 38 67
rect:334 685 93 91 67
rect:125 181 39 67 67
rect:172 682 33 46 67
rect:305 355 26 51 39
rect:233 618 23 42 39
rect:258 605 46 43 67
rect:104 175 106 61 67
rect:99 393 66 36 67
rect:186 329 40 56 67
Chichi1999_15.jpg 0x0
rect:334 37 185 518 41
Chichi1999_16.jpg 0x0
rect:162 108 90 132 32
Chichi1999_17.jpg 0x0
rect:174 423 20 34 32
Chichi1999_18.jpg 0x0
rect:192 171 22 109 69
rect:307 260 36 181 69
rect:194 260 23 161 69
rect:150 295 28 100 69
rect:225 168 193 386 68
rect:303 373 45 99 70
Chichi1999_19.jpg 0x0
rect:232 155 188 261 3
rect:211 19 277 472 2
YogyakartaInd2006_03.jpg 0x0
rect:284 67 107 75 15
rect:245 25 70 2 15
rect:222 539 237 31 15
rect:336 74 68 30 16
rect:284 209 23 8 16
rect:343 295 67 26 16
rect:235 188 56 41 15
rect:263 320 278 182 71
Chichi1999_20.jpg 0x0
rect:221 330 60 249 41
rect:129 256 103 440 42
Chichi1999_21.jpg 0x0
rect:253 389 93 161 6
rect:308 124 183 115 6
rect:224 114 242 239 72
rect:253 29 219 169 37
rect:354 7 127 145 57
rect:82 324 120 142 5
rect:184 217 166 119 37
rect:21 3 280 181 30
Chichi1999_22.jpg 0x0
rect:215 236 15 23 73
rect:482 317 18 26 73
rect:302 220 18 15 73
rect:231 148 407 123 10
Chichi1999_23.jpg 0x0
rect:124 194 28 27 34
rect:386 214 27 24 26
rect:87 332 53 110 73
rect:90 154 56 64 73
rect:297 412 32 78 34
rect:260 157 42 25 27
rect:297 283 75 100 73
rect:243 185 32 68 73
rect:3 69 379 144 74
rect:80 262 52 106 34
Chichi1999_24.jpg 0x0
rect:247 376 1 2 46
rect:122 132 168 68 75
rect:3 329 335 233 74
rect:186 149 44 62 46
rect:139 294 64 66 34
Chichi1999_25.jpg 0x0
rect:169 268 88 281 34
rect:147 199 157 323 73
rect:254 239 35 72 26
Chichi1999_26.jpg 0x0
rect:279 16 40 32 73
rect:241 349 108 466 76
rect:123 654 112 91 27
rect:118 687 87 61 26
rect:96 441 117 166 73
rect:241 136 46 91 73
Chichi1999_27.jpg 0x0
rect:178 179 96 287 32
Chichi1999_28.jpg 0x0
rect:408 94 113 233 75
rect:130 126 186 258 5
rect:297 324 246 145 77
rect:20 81 196 153 6
Chichi1999_29.jpg 0x0
rect:286 227 132 131 40
rect:155 242 176 376 48
rect:219 249 59 211 52
Chichi1999_30.jpg 0x0
rect:207 108 370 353 40
rect:152 186 225 91 52
rect:260 138 138 59 78
rect:33 292 134 150 73
Chichi1999_31.jpg 0x0
rect:554 114 48 190 48
rect:142 71 165 289 79
Chichi1999_32.jpg 0x0
rect:156 8 68 269 80
rect:178 172 31 105 81
rect:149 73 40 184 81
rect:651 133 41 238 39
Chichi1999_33.jpg 0x0
rect:166 131 71 184 32
rect:51 46 165 535 33
rect:361 184 39 135 49
rect:179 115 117 213 32
rect:151 185 60 140 49
rect:290 104 81 316 56
Chichi1999_34.jpg 0x0
rect:145 86 524 450 10
Duzce1999_01.jpg 0x0
rect:121 164 134 149 41
rect:96 63 77 387 39
Duzce1999_02.jpg 0x0
rect:60 60 101 536 41
Duzce1999_03.jpg 0x0
rect:233 123 114 355 31
rect:0 194 110 166 31
rect:81 67 91 296 42
Gediz1970_01.jpg 0x0
rect:135 398 105 193 69
rect:283 499 85 213 69
rect:144 95 201 509 68
Guatemala1976_01.jpg 0x0
rect:45 197 72 53 52
rect:530 145 62 72 41
rect:51 130 68 118 48
rect:31 94 513 177 82
rect:501 173 129 168 48
rect:57 145 62 33 41
Guatemala1976_02.jpg 0x0
rect:239 81 121 93 40
rect:178 87 314 265 48
Guatemala1976_03.jpg 0x0
rect:18 61 494 406 75
Guatemala1976_04.jpg 0x0
rect:474 207 138 388 4
rect:43 55 509 299 30
rect:616 232 107 293 4
rect:104 30 282 78 30
Guatemala1976_05.jpg 0x0
rect:261 197 306 109 41
rect:193 148 463 194 40
rect:137 68 460 269 48
Guatemala1976_06.jpg 0x0
rect:98 117 214 467 39
Guatemala1976_07.jpg 0x0
rect:238 395 131 61 83
rect:27 253 318 299 10
rect:31 346 74 51 6
Guatemala1976_08.jpg 0x0
rect:254 78 233 309 40
rect:227 53 400 308 41
rect:157 23 474 570 48
Guatemala1976_09.jpg 0x0
rect:471 237 61 76 84
rect:729 262 61 51 85
rect:172 236 41 42 85
rect:85 306 26 35 85
rect:173 282 47 23 84
rect:620 288 46 78 84
rect:67 380 34 28 84
rect:367 356 89 31 85
Guatemala1976_10.jpg 0x0
rect:269 355 43 134 87
rect:262 114 278 152 87
rect:212 208 250 199 86
Guatemala1976_11.jpg 0x0
rect:209 258 108 191 34
GujaratIndia2001_01.jpg 0x0
rect:75 390 81 45 2
rect:42 450 210 137 4
rect:425 307 65 57 11
rect:148 558 211 89 2
Haiti2010_01.jpg 0x0
rect:411 261 94 125 4
rect:529 328 202 289 4
rect:341 325 30 121 40
rect:335 130 183 367 41
rect:133 47 157 136 7
Haiti2010_02.jpg 0x0
rect:37 96 544 215 88
rect:348 29 137 43 14
Haiti2010_03.jpg 0x0
rect:170 719 213 245 89
rect:282 448 204 155 32
rect:461 1 47 445 32
rect:236 515 68 66 49
Haiti2010_04.jpg 0x0
rect:266 51 176 360 34
rect:186 295 396 515 41
rect:2 178 317 160 6
Haiti2010_05.jpg 0x0
rect:262 273 180 94 52
rect:315 298 31 98 40
rect:252 172 319 589 90
rect:307 267 39 68 40
Haiti2010_06.jpg 0x0
rect:178 238 333 372 91
rect:624 229 49 278 32
rect:419 167 233 297 33
rect:246 251 51 60 34
rect:680 120 512 511 91
rect:349 151 73 64 34
rect:337 200 87 31 6
ImperialValley1979_01.jpg 0x0
rect:380 228 37 39 50
rect:12 349 156 124 32
rect:276 231 56 48 32
rect:345 448 49 29 49
rect:71 277 115 122 50
rect:618 319 31 33 32
rect:13 361 97 66 49
rect:565 275 20 21 49
rect:562 383 16 19 49
rect:528 291 47 44 32
rect:267 323 40 86 50
ImperialValley1979_02.jpg 0x0
rect:263 152 48 122 50
rect:233 114 91 246 50
rect:119 202 334 56 92
rect:305 153 126 59 49
rect:306 90 108 134 50
rect:168 60 243 258 32
ImperialValley1979_03.jpg 0x0
rect:150 341 265 213 32
rect:157 183 223 154 32
rect:140 305 194 35 92
rect:70 182 67 169 50
rect:169 390 75 140 50
rect:139 310 292 46 92
rect:222 308 60 233 50
Izmit1999_01.jpg 0x0
rect:218 75 56 223 27
rect:251 235 32 89 27
rect:283 105 43 137 27
rect:524 232 41 68 26
rect:210 88 287 260 34
Izmit1999_02.jpg 0x0
rect:23 90 942 319 10
Izmit1999_03.jpg 0x0
rect:190 31 352 366 93
rect:203 81 66 321 50
rect:328 100 62 302 50
rect:270 45 253 358 32
rect:127 155 476 33 92
rect:472 80 46 238 50
rect:440 123 35 289 50
rect:296 124 35 158 50
Izmit1999_04.jpg 0x0
rect:65 515 30 117 42
rect:78 509 63 89 41
rect:355 401 65 104 41
rect:323 402 24 72 40
rect:50 371 54 63 34
rect:110 408 282 99 88
rect:261 64 99 79 48
rect:266 83 89 62 41
rect:182 336 123 53 88
rect:391 255 20 70 40
Izmit1999_05.jpg 0x0
rect:123 25 636 301 10
Izmit1999_06.jpg 0x0
rect:211 192 47 134 50
rect:112 184 195 502 32
rect:136 150 79 274 50
rect:83 338 70 173 50
rect:174 313 102 100 49
rect:225 181 50 132 50
Izmit1999_07.jpg 0x0
rect:360 88 86 104 3
rect:299 254 46 76 3
rect:177 264 39 67 3
rect:441 314 76 429 4
rect:27 116 408 796 2
rect:339 66 177 32 6
rect:228 240 48 150 3
Izmit1999_08.jpg 0x0
rect:101 33 111 132 34
rect:217 323 249 148 88
rect:134 427 71 118 45
rect:657 7 120 58 45
rect:511 63 68 70 41
rect:399 97 41 37 52
rect:194 87 68 87 41
Izmit1999_09.jpg 0x0
rect:564 240 58 87 94
rect:296 180 77 111 41
rect:468 299 57 64 41
rect:387 328 93 119 94
rect:194 187 41 38 41
rect:45 168 32 71 41
Izmit1999_10.jpg 0x0
rect:135 348 229 52 78
rect:73 181 261 643 41
rect:139 179 97 272 40
rect:268 395 51 82 40
rect:213 199 42 132 40
rect:285 155 161 179 40
rect:203 434 115 38 78
rect:246 365 85 92 40
rect:256 599 88 20 78
rect:50 149 86 216 40
rect:49 192 289 48 78
Izmit1999_11.jpg 0x0
rect:229 173 158 231 41
rect:238 321 71 207 40
rect:220 411 58 174 40
rect:288 204 95 135 40
rect:233 309 141 114 41
Izmit1999_12.jpg 0x0
rect:505 177 81 40 7
rect:413 396 77 135 52
rect:526 255 53 83 41
rect:63 354 37 54 40
rect:255 130 39 94 45
rect:320 186 32 30 6
rect:118 160 103 61 88
rect:273 364 98 172 94
rect:1 186 40 51 41
rect:298 184 44 112 42
rect:444 96 52 113 41
rect:344 395 87 128 41
rect:452 29 78 60 34
rect:16 89 46 21 6
rect:105 74 36 30 6
rect:56 223 61 44 52
rect:66 327 69 78 94
rect:409 162 245 181 91
Izmit1999_13.jpg 0x0
rect:119 195 49 62 52
rect:158 205 37 104 41
rect:6 72 84 175 42
rect:274 82 226 357 48
rect:77 138 40 34 6
rect:286 126 83 91 41
rect:154 214 110 180 94
rect:304 205 111 295 41
rect:142 178 35 75 41
Izmit1999_14.jpg 0x0
rect:375 400 47 47 34
rect:502 208 56 46 34
rect:517 59 81 93 34
rect:397 432 42 22 34
rect:415 8 204 98 35
rect:67 136 112 53 34
rect:551 47 66 72 95
rect:274 179 119 66 35
rect:210 336 53 24 34
Izmit1999_15.jpg 0x0
rect:169 226 222 358 42
Izmit1999_16.jpg 0x0
rect:149 53 261 333 39
rect:230 93 32 127 40
rect:76 75 530 490 33
rect:175 119 207 134 41
Izmit1999_17.jpg 0x0
rect:132 94 197 207 41
Izmit1999_18.jpg 0x0
rect:166 188 123 300 39
rect:149 172 125 195 41
Izmit1999_19.jpg 0x0
rect:486 118 28 85 50
rect:297 95 297 264 96
rect:300 117 191 184 32
rect:548 121 33 85 50
Kobe1995_01.jpg 0x0
rect:23 189 880 178 63
Kobe1995_02.jpg 0x0
rect:2 63 359 610 68
Kobe1995_03.jpg 0x0
rect:44 41 323 674 10
Kobe1995_04.jpg 0x0
rect:295 355 45 53 41
Kobe1995_05.jpg 0x0
rect:266 180 124 327 40
rect:5 162 126 694 40
rect:90 427 251 156 78
rect:133 196 243 655 52
rect:43 318 361 59 78
Kobe1995_06.jpg 0x0
rect:209 265 262 379 42
rect:51 99 496 474 41
Kobe1995_07.jpg 0x0
rect:232 282 31 36 39
rect:214 154 31 29 39
rect:87 333 30 34 39
rect:296 364 48 27 39
rect:487 161 30 32 39
rect:164 252 34 32 39
rect:392 236 30 56 39
rect:293 258 41 39 39
rect:312 118 31 35 39
rect:47 313 41 24 39
rect:310 245 53 43 39
rect:373 439 39 44 39
rect:384 231 35 23 39
rect:387 417 45 33 39
rect:121 429 34 26 39
rect:321 597 53 33 39
rect:150 184 41 41 39
rect:171 310 39 43 39
rect:136 246 29 33 39
rect:350 194 40 39 39
rect:209 392 24 43 39
rect:221 194 30 50 39
rect:56 262 39 58 39
rect:229 283 32 45 39
rect:406 307 41 39 39
rect:335 120 48 36 39
Kobe1995_08.jpg 0x0
rect:361 66 488 245 97
Kobe1995_09.jpg 0x0
rect:97 490 57 106 88
rect:108 354 60 57 88
rect:97 392 63 58 88
rect:184 576 218 78 97
SanSalvador_1986_01.jpg 0x0
rect:64 3 95 161 68
rect:264 158 97 144 41
SanSalvador_1986_02.jpg 0x0
rect:185 265 28 36 41
rect:438 202 55 64 41
rect:385 169 44 28 41
rect:234 216 33 45 41
rect:214 254 47 53 41
rect:497 188 50 45 42
rect:126 163 30 31 41
rect:144 240 24 36 41
rect:295 124 18 30 41
SikkimIndia2001_01.jpg 0x0
rect:291 148 157 173 34
SikkimIndia2001_02.jpg 0x0
rect:500 124 95 169 33
rect:7 204 47 42 54
rect:595 326 97 16 16
rect:11 6 274 66 16
rect:-18 2 445 106 33
rect:356 305 113 57 16
rect:316 138 110 27 16
rect:167 53 203 337 33
SikkimIndia2001_03.jpg 0x0
rect:162 11 203 361 98
rect:160 145 111 116 70
rect:160 88 50 167 69
SikkimIndia2001_04.jpg 0x0
rect:294 158 298 88 99
rect:215 213 141 150 34
rect:3 28 273 209 99
SumatraInd2009_01.jpg 0x0
rect:251 24 63 273 81
SumatraInd2009_02.jpg 0x0
rect:207 61 194 180 41
WhittierNarrows1987_01.jpg 0x0
rect:16 39 696 433 10
WhittierNarrows1987_02.jpg 0x0
rect:230 261 108 200 41
WhittierNarrows1987_03.jpg 0x0
rect:347 148 181 201 32
WhittierNarrows1987_04.jpg 0x0
rect:164 10 252 91 6
rect:201 18 199 170 100
rect:214 59 99 216 41
YogyakartaInd2006_01.jpg 0x0
rect:196 -19 271 364 29
rect:244 159 295 86 49
rect:241 32 340 197 32
YogyakartaInd2006_02.jpg 0x0
rect:275 69 94 381 98
rect:452 144 48 238 69
rect:411 110 79 227 70
