Anchorage1964_01.jpg 0x0
rect:85 462 209 175 1
rect:76 7 281 184 1
Anchorage1964_02.jpg 0x0
rect:408 238 19 45 3
rect:264 76 64 94 4
rect:41 23 190 48 5
rect:593 279 13 48 3
rect:581 340 20 40 3
rect:136 150 50 52 7
rect:282 301 26 69 3
rect:130 286 52 16 6
rect:23 217 150 53 5
rect:401 200 20 75 3
rect:128 236 25 17 6
rect:575 143 99 57 4
rect:564 49 125 108 8
rect:148 273 349 73 2
rect:73 40 81 17 6
rect:192 336 17 78 3
rect:677 321 18 72 3
rect:295 229 32 69 3
rect:213 38 294 114 4
Anchorage1964_03.jpg 0x0
rect:297 110 439 186 9
rect:2 207 302 88 9
rect:0 305 495 53 10
Anchorage1964_04.jpg 0x0
rect:158 376 22 20 5
rect:194 549 18 31 1
rect:306 145 22 22 1
rect:152 58 39 15 5
rect:269 118 30 20 5
rect:336 412 11 23 1
rect:281 163 16 33 1
rect:407 226 32 15 5
rect:300 309 32 13 5
rect:253 286 14 20 1
rect:245 426 10 1 1
rect:186 186 23 20 5
rect:194 501 32 17 5
rect:207 165 32 21 5
rect:219 248 14 24 1
rect:395 220 20 16 5
rect:165 172 26 18 5
rect:146 228 19 21 5
rect:404 354 34 17 5
rect:395 37 22 19 5
rect:289 391 39 19 5
rect:280 300 27 24 8
rect:219 394 27 13 5
rect:217 596 68 13 2
rect:198 24 36 22 5
rect:169 327 32 22 5
rect:329 389 21 22 1
rect:218 263 13 28 1
rect:300 74 44 12 5
rect:400 128 40 17 5
rect:166 234 28 13 5
rect:421 201 42 21 5
rect:214 192 21 22 1
rect:344 240 27 15 5
rect:243 326 32 18 5
rect:403 309 24 20 5
rect:342 160 14 28 1
rect:123 63 32 23 5
rect:274 324 21 35 1
Anchorage1964_05.jpg 0x0
rect:162 43 114 62 6
rect:368 324 58 48 8
rect:71 149 13 39 1
rect:335 198 32 61 1
rect:285 92 40 74 1
rect:89 22 27 35 1
rect:475 217 32 85 1
rect:60 380 16 44 1
rect:80 311 23 42 1
rect:664 215 66 66 1
rect:337 242 49 17 11
rect:653 268 47 19 6
rect:198 115 120 45 6
rect:686 442 68 38 5
rect:349 185 179 55 2
rect:845 186 48 23 6
rect:72 79 24 41 1
rect:246 145 26 27 11
rect:25 461 26 60 1
rect:74 214 23 47 1
rect:586 343 43 87 8
rect:202 55 65 26 5
rect:335 19 30 46 1
rect:400 98 29 46 1
rect:490 1 34 64 1
rect:108 197 20 45 1
rect:823 192 42 27 5
rect:103 97 21 37 1
rect:182 151 88 25 5
Anchorage1964_06.jpg 0x0
rect:192 127 70 350 3
rect:118 174 74 68 11
rect:107 60 170 544 12
Anchorage1964_07.jpg 0x0
rect:258 2 98 53 2
rect:347 123 55 125 3
rect:343 190 397 183 2
rect:9 62 689 500 2
rect:421 211 76 108 11
rect:21 264 322 36 11
rect:365 166 63 84 13
rect:8 221 403 38 14
rect:241 122 156 161 11
Anchorage1964_08.jpg 0x0
rect:420 518 87 85 1
rect:361 232 155 148 1
rect:41 659 129 143 1
rect:428 30 87 117 1
rect:51 81 93 117 1
rect:68 347 135 70 1
Anchorage1964_09.jpg 0x0
rect:503 369 93 56 8
rect:383 134 80 76 1
rect:714 41 57 62 8
rect:501 109 59 72 1
rect:674 107 146 20 15
rect:10 18 321 15 15
rect:386 8 374 13 15
rect:482 10 133 13 16
rect:260 212 72 88 1
rect:113 296 53 63 8
rect:107 197 96 51 1
rect:107 169 357 14 15
rect:892 234 1 1 16
rect:354 157 122 30 15
rect:16 13 81 13 16
rect:12 135 18 10 16
rect:125 53 93 63 8
rect:65 107 45 8 16
rect:13 150 128 24 15
Anchorage1964_10.jpg 0x0
rect:263 376 113 110 17
rect:135 166 249 109 18
rect:74 142 243 408 1
rect:83 503 300 94 18
Anchorage1964_11.jpg 0x0
rect:233 143 502 16 15
rect:696 164 203 88 1
rect:351 290 240 34 11
rect:617 7 77 40 1
rect:175 41 162 129 4
rect:69 650 812 16 14
rect:113 204 449 74 2
rect:63 439 610 17 14
Anchorage1964_12.jpg 0x0
rect:239 88 41 181 3
rect:470 72 38 181 3
rect:510 99 129 167 11
rect:199 162 35 85 3
rect:12 59 635 335 2
Anchorage1964_13.jpg 0x0
rect:336 513 31 119 20
rect:369 367 139 17 19
rect:315 418 194 28 2
Anchorage1964_14.jpg 0x0
rect:43 756 62 69 22
rect:158 14 120 703 20
rect:345 6 68 99 11
rect:26 592 34 59 22
rect:195 249 90 80 21
rect:348 302 181 58 15
rect:65 320 153 33 15
rect:10 622 165 65 11
rect:305 9 63 157 11
rect:137 734 32 80 22
rect:241 434 169 79 23
rect:209 790 40 57 22
Anchorage1964_15.jpg 0x0
rect:292 280 167 37 15
rect:445 275 148 55 11
rect:256 156 31 79 11
rect:336 7 100 58 4
rect:308 9 93 53 4
rect:266 114 44 83 25
rect:320 507 242 75 2
rect:142 71 90 481 20
rect:319 210 136 44 24
Anchorage1964_16.jpg 0x0
rect:337 177 144 185 2
rect:158 211 256 232 11
rect:16 258 75 78 2
rect:207 92 303 107 2
rect:104 361 95 142 11
rect:14 97 154 225 2
Anchorage1964_17.jpg 0x0
rect:9 239 893 180 10
rect:214 67 237 252 9
rect:12 147 208 137 9
Anchorage1964_18.jpg 0x0
rect:693 127 114 72 4
rect:428 230 374 36 15
rect:185 162 91 89 4
rect:542 114 90 93 4
rect:374 360 97 24 2
rect:623 288 43 18 2
rect:164 203 23 43 11
rect:505 390 44 14 2
rect:117 280 79 49 11
rect:437 279 42 44 11
Anchorage1964_19.jpg 0x0
rect:6 192 82 177 26
rect:410 163 22 41 26
rect:508 101 53 84 29
rect:562 305 15 40 26
rect:724 251 8 10 26
rect:20 230 24 75 27
rect:286 99 64 140 29
rect:857 162 8 7 26
rect:451 263 19 29 26
rect:433 286 37 44 28
rect:524 139 18 60 29
rect:262 70 66 42 26
rect:363 148 10 21 26
rect:680 151 60 28 28
rect:358 118 25 25 27
rect:347 166 8 12 26
rect:206 264 56 97 26
rect:415 143 32 20 26
Anchorage1964_20.jpg 0x0
rect:264 132 72 63 27
rect:232 441 79 159 26
rect:201 118 89 84 26
rect:194 51 171 192 29
rect:495 522 32 72 26
Anchorage1964_21.jpg 0x0
rect:2 65 43 29 26
rect:172 223 486 183 30
rect:42 301 31 28 26
rect:-6 67 101 169 29
Bingol2003_01.jpg 0x0
rect:567 211 196 172 31
rect:646 171 37 44 6
rect:282 500 119 119 6
rect:642 314 95 68 33
rect:2 385 642 306 10
rect:622 379 64 209 32
rect:133 208 49 82 33
rect:497 417 48 55 34
rect:626 415 205 78 6
rect:757 354 67 51 6
rect:210 153 73 86 33
rect:671 150 107 100 6
rect:611 90 100 77 6
rect:29 267 49 60 33
rect:682 444 95 43 33
rect:486 100 164 255 31
rect:205 93 72 29 6
rect:559 171 104 92 33
rect:349 170 42 121 34
Bingol2003_02.jpg 0x0
rect:186 262 727 384 31
rect:332 294 372 149 35
rect:196 127 343 191 34
rect:471 324 106 134 26
rect:236 209 95 421 32
rect:445 415 59 83 6
rect:162 401 127 211 32
rect:820 62 111 106 36
Bingol2003_03.jpg 0x0
rect:755 173 302 697 4
rect:92 41 126 102 33
rect:358 139 318 194 2
rect:410 141 154 86 11
rect:671 -8 311 250 4
rect:1049 312 192 443 2
rect:100 28 134 45 2
Bingol2003_04.jpg 0x0
rect:150 434 29 62 3
rect:258 771 102 97 2
rect:304 218 123 233 4
rect:329 536 51 96 3
rect:71 687 72 83 2
rect:106 439 199 169 2
rect:114 459 29 68 3
rect:73 585 27 71 3
CanterburyNZSeries2010_01.jpg 0x0
rect:71 129 159 267 12
CanterburyNZSeries2010_02.jpg 0x0
rect:40 63 197 166 6
rect:46 9 173 370 37
CanterburyNZSeries2010_03.jpg 0x0
rect:45 50 404 151 38
CanterburyNZSeries2010_04.jpg 0x0
rect:195 341 25 191 40
rect:157 348 165 302 39
rect:166 421 110 193 41
rect:290 253 56 111 40
rect:378 524 24 48 40
rect:250 350 32 68 40
rect:249 456 15 59 40
rect:182 10 78 124 42
CanterburyNZSeries2010_05.jpg 0x0
rect:215 434 247 477 4
rect:276 215 140 124 15
CanterburyNZSeries2010_06.jpg 0x0
rect:46 116 641 714 4
rect:243 224 291 138 2
CanterburyNZSeries2010_08.jpg 0x0
rect:823 370 82 98 44
rect:693 506 72 124 44
rect:390 99 140 178 43
rect:691 652 40 197 32
CanterburyNZSeries2010_09.jpg 0x0
rect:195 114 234 173 45
rect:224 413 139 464 39
CanterburyNZSeries2010_10.jpg 0x0
rect:346 314 249 70 46
rect:199 478 226 146 6
rect:298 225 237 126 7
rect:161 264 383 152 6
CanterburyNZSeries2010_11.jpg 0x0
rect:369 289 238 148 7
rect:218 421 338 167 5
CanterburyNZSeries2010_12.jpg 0x0
rect:51 233 983 288 2
rect:425 536 157 59 11
rect:225 664 113 42 11
rect:4 228 838 398 47
CanterburyNZSeries2010_13.jpg 0x0
rect:175 19 535 685 12
rect:407 141 107 460 11
Caracas1967_01.jpg 0x0
rect:265 193 13 63 48
rect:365 134 47 94 48
rect:250 194 58 105 48
rect:429 91 224 277 48
Caracas1967_02.jpg 0x0
rect:122 186 241 217 51
rect:333 1 91 163 15
rect:160 441 36 58 49
rect:133 312 39 29 50
Caracas1967_03.jpg 0x0
rect:14 320 218 118 6
rect:230 493 30 80 27
rect:288 335 133 209 34
rect:259 319 59 87 26
rect:309 422 25 119 27
rect:257 81 70 120 14
Caracas1967_04.jpg 0x0
rect:148 405 59 147 26
rect:171 399 224 205 34
rect:169 435 16 103 27
Caracas1967_05.jpg 0x0
rect:53 454 258 177 52
rect:164 265 61 215 40
rect:474 268 37 255 40
rect:27 87 457 490 48
rect:170 357 37 283 40
rect:405 303 52 136 40
rect:188 323 67 208 40
rect:37 174 282 346 41
rect:193 218 100 183 52
rect:48 355 86 259 40
Caracas1967_06.jpg 0x0
rect:437 111 380 259 7
rect:467 339 53 63 6
Caracas1967_07.jpg 0x0
rect:417 190 188 288 34
rect:505 260 78 113 53
rect:339 37 38 264 27
rect:431 7 122 372 34
rect:248 153 40 175 27
rect:454 440 80 61 53
rect:188 149 137 238 34
Caracas1967_08.jpg 0x0
rect:266 390 62 135 54
rect:290 216 60 78 55
rect:389 225 101 141 54
Caracas1967_09.jpg 0x0
rect:138 157 71 66 48
rect:22 283 67 68 48
rect:394 15 215 123 48
rect:87 219 60 88 48
Caracas1967_10.jpg 0x0
rect:272 165 110 126 40
rect:17 133 418 468 48
rect:498 434 55 131 40
rect:29 242 296 337 41
Caracas1967_11.jpg 0x0
rect:64 319 282 392 41
rect:61 17 467 832 48
rect:257 11 201 280 41
Caracas1967_12.jpg 0x0
rect:639 415 17 42 32
rect:700 227 17 59 32
rect:303 210 27 33 56
rect:551 294 44 43 34
Caracas1967_13.jpg 0x0
rect:178 329 103 319 55
Caracas1967_14.jpg 0x0
rect:123 138 762 159 57
rect:183 318 339 48 6
Chichi1999_01.jpg 0x0
rect:4 8 926 200 58
rect:415 155 54 209 42
Chichi1999_02.jpg 0x0
rect:397 112 152 347 59
rect:6 75 406 121 58
Chichi1999_03.jpg 0x0
rect:77 193 67 82 60
rect:0 152 984 149 58
Chichi1999_04.jpg 0x0
rect:173 314 36 76 52
rect:246 -14 64 152 48
rect:190 281 77 287 48
Chichi1999_05.jpg 0x0
rect:412 233 33 28 41
rect:331 162 51 52 41
rect:317 133 33 70 52
rect:427 160 78 185 48
Chichi1999_06.jpg 0x0
rect:119 16 516 142 10
rect:286 205 21 39 52
rect:259 237 62 105 48
rect:495 209 46 46 41
rect:621 -15 59 77 61
rect:286 154 66 59 62
Chichi1999_07.jpg 0x0
rect:153 122 21 33 64
rect:598 197 48 95 48
rect:385 217 22 30 64
rect:431 149 33 149 48
rect:136 177 34 179 48
rect:796 233 13 21 64
rect:51 272 671 162 63
Chichi1999_08.jpg 0x0
rect:79 12 683 357 10
Chichi1999_09.jpg 0x0
rect:242 53 170 232 48
rect:282 121 55 96 40
rect:253 78 140 111 41
rect:210 107 27 61 40
Chichi1999_10.jpg 0x0
rect:118 18 476 588 10
Chichi1999_11.jpg 0x0
rect:191 189 68 114 65
rect:2 182 221 689 10
Chichi1999_12.jpg 0x0
rect:9 28 433 726 66
Chichi1999_13.jpg 0x0
rect:30 38 872 440 10
Chichi1999_14.jpg 0x0
rect:145 576 25 31 67
rect:81 406 27 35 67
rect:214 454 31 35 39
rect:175 400 29 61 67
rect:200 407 20 27 39
rect:145 323 24 39 67
rect:287 221 16 47 67
rect:433 375 75 91 67
rect:215 343 41 45 39
rect:487 371 43 67 67
rect:96 371 37 60 67
rect:347 324 39 35 39
rect:187 186 95 64 67
rect:82 330 51 49 67
rect:73 669 31 55 67
rect:138 568 33 47 67
rect:105 221 43 64 67
Chichi1999_15.jpg 0x0
rect:232 37 343 570 41
Chichi1999_16.jpg 0x0
rect:201 106 64 98 32
Chichi1999_17.jpg 0x0
rect:96 281 20 48 32
Chichi1999_18.jpg 0x0
rect:127 236 22 104 69
rect:164 165 36 112 69
rect:268 203 23 181 69
rect:298 393 46 87 70
rect:208 227 133 492 68
rect:356 281 38 123 69
Chichi1999_19.jpg 0x0
rect:272 21 254 351 2
rect:261 86 182 364 3
YogyakartaInd2006_03.jpg 0x0
rect:393 93 93 34 16
rect:260 141 16 7 16
rect:320 83 105 53 15
rect:229 32 87 2 15
rect:288 178 77 35 15
rect:242 283 299 181 71
rect:187 495 222 32 15
rect:250 472 56 23 16
Chichi1999_20.jpg 0x0
rect:195 241 142 285 42
rect:211 517 60 186 41
Chichi1999_21.jpg 0x0
rect:19 4 168 197 30
rect:405 7 147 104 57
rect:180 385 165 150 37
rect:413 111 114 83 6
rect:483 46 269 170 37
rect:249 105 265 364 72
rect:333 363 108 131 6
rect:93 306 190 82 5
Chichi1999_22.jpg 0x0
rect:173 170 14 17 73
rect:249 179 322 121 10
rect:350 216 15 20 73
rect:391 298 16 19 73
Chichi1999_23.jpg 0x0
rect:268 223 34 79 34
rect:142 342 40 67 34
rect:260 218 55 75 73
rect:151 168 25 23 34
rect:222 136 21 28 26
rect:94 339 61 96 73
rect:3 62 498 235 74
rect:122 214 59 47 73
rect:360 238 36 23 27
rect:339 391 82 105 73
Chichi1999_24.jpg 0x0
rect:195 184 77 35 34
rect:264 358 1 2 46
rect:233 144 52 56 46
rect:3 367 331 199 74
rect:157 185 112 101 75
Chichi1999_25.jpg 0x0
rect:152 353 36 52 26
rect:161 255 148 308 73
rect:188 262 119 204 34
Chichi1999_26.jpg 0x0
rect:285 303 97 441 76
rect:175 739 83 94 26
rect:171 714 82 120 27
rect:92 601 116 194 73
rect:274 172 51 80 73
rect:214 13 51 23 73
Chichi1999_27.jpg 0x0
rect:133 231 125 312 32
Chichi1999_28.jpg 0x0
rect:270 305 205 142 77
rect:15 51 273 151 6
rect:156 98 159 267 5
rect:367 124 136 208 75
Chichi1999_29.jpg 0x0
rect:237 296 59 169 52
rect:133 267 159 325 48
rect:190 223 95 219 40
Chichi1999_30.jpg 0x0
rect:221 192 247 46 78
rect:38 277 105 149 73
rect:181 116 380 354 40
rect:258 142 220 58 52
Chichi1999_31.jpg 0x0
rect:132 112 109 336 79
rect:436 108 34 166 48
Chichi1999_32.jpg 0x0
rect:650 120 51 234 39
rect:203 178 31 154 81
rect:188 70 59 136 81
rect:214 9 106 265 80
Chichi1999_33.jpg 0x0
rect:65 78 156 549 33
rect:98 129 95 164 32
rect:215 110 86 303 56
rect:109 154 48 90 49
rect:236 61 89 247 32
rect:291 167 42 83 49
Chichi1999_34.jpg 0x0
rect:150 79 529 275 10
Duzce1999_01.jpg 0x0
rect:107 53 78 359 39
rect:93 133 118 149 41
Duzce1999_02.jpg 0x0
rect:71 39 134 371 41
Duzce1999_03.jpg 0x0
rect:283 126 115 281 31
rect:121 102 101 290 42
rect:0 127 74 187 31
Gediz1970_01.jpg 0x0
rect:247 364 90 142 69
rect:95 311 117 205 69
rect:165 139 188 481 68
Guatemala1976_01.jpg 0x0
rect:41 183 81 50 52
rect:17 135 634 201 82
rect:54 193 98 121 48
rect:522 120 182 129 48
rect:611 199 73 85 41
rect:57 224 62 56 41
Guatemala1976_02.jpg 0x0
rect:130 59 357 235 48
rect:246 61 106 110 40
Guatemala1976_03.jpg 0x0
rect:21 107 891 254 75
Guatemala1976_04.jpg 0x0
rect:596 193 83 200 4
rect:33 60 551 251 30
rect:119 21 278 100 30
rect:613 250 116 451 4
Guatemala1976_05.jpg 0x0
rect:128 120 470 195 40
rect:210 190 215 91 41
rect:184 110 298 458 48
Guatemala1976_06.jpg 0x0
rect:140 109 276 435 39
Guatemala1976_07.jpg 0x0
rect:262 663 140 94 83
rect:29 235 45 54 6
rect:20 314 356 454 10
Guatemala1976_08.jpg 0x0
rect:183 25 448 346 48
rect:274 82 136 251 40
rect:233 59 310 499 41
Guatemala1976_09.jpg 0x0
rect:431 338 60 52 84
rect:312 356 54 31 85
rect:85 369 33 33 84
rect:207 178 41 46 85
rect:755 347 52 77 84
rect:551 255 63 59 85
rect:143 335 47 26 84
rect:104 252 36 27 85
Guatemala1976_10.jpg 0x0
rect:227 141 286 162 87
rect:423 351 51 112 87
rect:290 236 310 330 86
Guatemala1976_11.jpg 0x0
rect:166 250 86 193 34
GujaratIndia2001_01.jpg 0x0
rect:81 323 51 24 2
rect:263 312 42 54 11
rect:194 415 158 87 2
rect:34 291 210 141 4
Haiti2010_01.jpg 0x0
rect:101 52 111 100 7
rect:338 453 203 288 4
rect:287 269 23 97 40
rect:228 185 207 340 41
rect:698 293 93 151 4
Haiti2010_02.jpg 0x0
rect:42 124 633 209 88
rect:265 41 147 50 14
Haiti2010_03.jpg 0x0
rect:293 1 66 681 32
rect:240 295 189 185 32
rect:248 425 258 219 89
rect:195 576 90 45 49
Haiti2010_04.jpg 0x0
rect:208 321 308 710 41
rect:165 52 166 289 34
rect:2 174 357 167 6
Haiti2010_05.jpg 0x0
rect:259 175 138 106 52
rect:322 216 280 644 90
rect:251 187 33 128 40
rect:287 207 35 118 40
Haiti2010_06.jpg 0x0
rect:251 307 289 379 91
rect:199 260 35 38 34
rect:514 208 265 470 33
rect:345 230 80 189 32
rect:500 210 686 901 91
rect:393 192 68 83 34
rect:509 238 66 55 6
ImperialValley1979_01.jpg 0x0
rect:13 242 80 70 49
rect:303 351 54 33 49
rect:306 419 48 54 32
rect:454 211 28 33 50
rect:15 310 181 129 32
rect:260 408 55 84 50
rect:614 309 49 51 32
rect:465 352 38 36 32
rect:469 398 21 15 49
rect:69 228 101 81 50
rect:445 334 31 24 49
ImperialValley1979_02.jpg 0x0
rect:228 243 215 75 92
rect:248 98 170 235 32
rect:229 132 50 154 50
rect:210 185 118 53 49
rect:163 157 74 258 50
rect:300 92 79 238 50
ImperialValley1979_03.jpg 0x0
rect:260 370 96 126 50
rect:173 342 272 179 32
rect:111 230 92 273 50
rect:89 300 303 41 92
rect:126 417 262 39 92
rect:126 160 158 125 32
rect:288 260 51 212 50
Izmit1999_01.jpg 0x0
rect:190 82 378 272 34
rect:288 209 39 113 27
rect:244 120 39 172 27
rect:474 324 48 74 26
rect:243 96 53 131 27
Izmit1999_02.jpg 0x0
rect:23 105 911 226 10
Izmit1999_03.jpg 0x0
rect:106 47 310 259 93
rect:147 218 350 28 92
rect:286 124 55 239 50
rect:563 117 34 241 50
rect:303 63 323 404 32
rect:154 87 79 255 50
rect:493 95 42 178 50
rect:423 62 68 309 50
Izmit1999_04.jpg 0x0
rect:383 72 97 82 48
rect:37 401 79 47 34
rect:72 417 46 91 41
rect:482 386 15 50 40
rect:259 76 78 76 41
rect:81 532 31 86 42
rect:522 337 21 77 40
rect:120 564 212 101 88
rect:286 451 61 95 41
rect:164 278 123 74 88
Izmit1999_05.jpg 0x0
rect:87 29 789 479 10
Izmit1999_06.jpg 0x0
rect:240 254 34 184 50
rect:193 311 137 91 49
rect:106 274 98 168 50
rect:114 277 77 204 50
rect:181 167 174 525 32
rect:357 230 38 154 50
Izmit1999_07.jpg 0x0
rect:360 329 92 318 4
rect:263 216 65 125 3
rect:205 222 44 94 3
rect:292 148 35 122 3
rect:312 74 180 40 6
rect:291 95 57 79 3
rect:29 110 476 675 2
Izmit1999_08.jpg 0x0
rect:547 105 82 90 41
rect:433 65 72 22 52
rect:112 279 76 114 45
rect:194 23 94 95 34
rect:696 6 95 54 45
rect:242 226 175 128 88
rect:188 101 85 79 41
Izmit1999_09.jpg 0x0
rect:418 250 86 96 94
rect:457 332 65 65 41
rect:692 217 51 76 94
rect:386 250 95 82 41
rect:268 154 36 31 41
rect:42 190 52 69 41
Izmit1999_10.jpg 0x0
rect:52 286 462 51 78
rect:235 603 59 91 40
rect:229 631 105 77 40
rect:306 517 55 29 78
rect:226 423 121 28 78
rect:62 104 91 217 40
rect:112 276 98 172 40
rect:214 167 88 100 40
rect:292 203 39 205 40
rect:108 434 349 47 78
rect:68 167 229 670 41
Izmit1999_11.jpg 0x0
rect:296 349 85 201 40
rect:187 327 63 158 40
rect:242 502 139 151 41
rect:177 180 108 203 41
rect:221 190 80 165 40
Izmit1999_12.jpg 0x0
rect:79 317 33 36 40
rect:564 107 47 78 41
rect:312 224 69 77 41
rect:1 237 25 43 41
rect:590 23 85 53 34
rect:18 75 53 18 6
rect:68 57 29 28 6
rect:417 320 77 112 41
rect:147 151 89 64 88
rect:314 179 51 36 6
rect:58 194 66 51 52
rect:333 357 78 106 52
rect:378 176 44 137 42
rect:395 111 59 57 45
rect:430 233 249 236 91
rect:37 254 74 69 94
rect:281 207 84 121 94
rect:443 177 51 63 7
Izmit1999_13.jpg 0x0
rect:141 277 33 97 41
rect:111 269 74 51 52
rect:270 57 138 380 48
rect:147 123 55 46 6
rect:303 117 95 130 41
rect:181 264 41 105 41
rect:440 136 110 191 41
rect:96 253 141 128 94
rect:5 78 117 202 42
Izmit1999_14.jpg 0x0
rect:52 168 121 80 34
rect:539 62 62 53 95
rect:431 342 27 20 34
rect:469 247 70 33 34
rect:509 124 100 56 35
rect:537 188 99 42 34
rect:330 5 186 58 35
rect:193 249 59 28 34
rect:566 56 95 72 34
Izmit1999_15.jpg 0x0
rect:105 189 277 509 42
Izmit1999_16.jpg 0x0
rect:257 115 31 82 40
rect:165 86 173 165 41
rect:102 72 373 378 33
rect:154 57 315 298 39
Izmit1999_17.jpg 0x0
rect:140 136 193 333 41
Izmit1999_18.jpg 0x0
rect:161 215 91 129 41
rect:198 109 105 216 39
Izmit1999_19.jpg 0x0
rect:452 187 30 110 50
rect:171 86 254 353 96
rect:281 159 312 250 32
rect:316 175 17 72 50
Kobe1995_01.jpg 0x0
rect:18 121 864 202 63
Kobe1995_02.jpg 0x0
rect:2 50 625 719 68
Kobe1995_03.jpg 0x0
rect:34 54 566 668 10
Kobe1995_04.jpg 0x0
rect:397 386 55 57 41
Kobe1995_05.jpg 0x0
rect:89 510 242 171 78
rect:30 270 528 81 78
rect:423 200 139 428 40
rect:5 209 92 389 40
rect:151 214 249 381 52
Kobe1995_06.jpg 0x0
rect:63 170 367 406 41
rect:195 359 262 378 42
Kobe1995_07.jpg 0x0
rect:287 284 41 23 39
rect:58 330 45 44 39
rect:291 323 49 32 39
rect:228 142 34 31 39
rect:181 344 37 49 39
rect:379 475 34 49 39
rect:458 341 46 31 39
rect:254 260 50 50 39
rect:203 420 29 36 39
rect:139 417 38 26 39
rect:209 350 34 31 39
rect:285 114 21 46 39
rect:479 170 39 53 39
rect:307 101 47 42 39
rect:417 187 51 33 39
rect:460 346 52 47 39
rect:250 341 36 36 39
rect:57 423 39 30 39
rect:437 163 53 38 39
rect:250 231 36 35 39
rect:172 279 39 43 39
rect:307 164 41 56 39
rect:205 125 31 38 39
rect:499 554 32 35 39
rect:199 473 29 39 39
rect:104 179 45 48 39
Kobe1995_08.jpg 0x0
rect:374 53 530 229 97
Kobe1995_09.jpg 0x0
rect:106 669 72 76 88
rect:83 408 94 78 88
rect:111 648 61 87 88
rect:180 742 218 57 97
SanSalvador_1986_01.jpg 0x0
rect:172 181 138 189 41
rect:74 3 88 267 68
SanSalvador_1986_02.jpg 0x0
rect:342 131 13 31 41
rect:518 229 32 37 42
rect:253 152 59 50 41
rect:549 165 25 36 41
rect:492 329 30 50 41
rect:370 339 27 42 41
rect:175 124 23 24 41
rect:177 261 23 30 41
rect:211 206 26 43 41
SikkimIndia2001_01.jpg 0x0
rect:211 211 150 169 34
SikkimIndia2001_02.jpg 0x0
rect:11 197 57 38 54
rect:192 92 168 474 33
rect:11 7 293 71 16
rect:349 221 85 49 16
rect:448 172 109 18 16
rect:480 108 113 182 33
rect:590 119 85 35 16
rect:-12 2 336 72 33
SikkimIndia2001_03.jpg 0x0
rect:269 106 94 211 69
rect:238 14 138 395 98
rect:191 274 104 164 70
SikkimIndia2001_04.jpg 0x0
rect:200 195 150 163 34
rect:442 200 260 74 99
rect:3 39 213 215 99
SumatraInd2009_01.jpg 0x0
rect:318 25 44 398 81
SumatraInd2009_02.jpg 0x0
rect:248 92 153 177 41
WhittierNarrows1987_01.jpg 0x0
rect:12 38 852 263 10
WhittierNarrows1987_02.jpg 0x0
rect:162 324 141 306 41
WhittierNarrows1987_03.jpg 0x0
rect:233 160 169 292 32
WhittierNarrows1987_04.jpg 0x0
rect:304 17 303 126 100
rect:213 67 70 219 41
rect:225 8 324 61 6
YogyakartaInd2006_01.jpg 0x0
rect:324 119 318 78 49
rect:238 38 232 246 32
rect:228 -22 413 619 29
YogyakartaInd2006_02.jpg 0x0
rect:357 88 41 274 69
rect:370 47 102 558 98
rect:338 130 86 142 70
