cropAnchorage1964_01a.jpg 0x0
rect:81 4 247 153 1
rect:69 314 271 513 1
rect:88 10 238 143 2
rect:71 317 266 511 2
rect:131 35 219 126 141
cropBingol2003_02.JPG 0x0
rect:33 171 100 264 15
rect:39 5 98 110 15
rect:70 87 103 265 8
rect:162 117 190 200 5
rect:162 114 215 157 142
rect:92 90 343 262 10
rect:79 5 274 38 10
rect:93 92 350 259 11
rect:79 6 273 41 66
rect:116 119 157 153 93
rect:76 83 118 266 143
rect:241 211 270 235 144
cropBingolTurkey2003_03.jpg 0x0
rect:105 58 224 225 15
rect:109 90 219 187 16
rect:113 66 224 238 17
rect:122 89 217 203 18
rect:99 71 228 179 145
rect:115 61 3 287 146
rect:119 60 5 286 147
rect:211 72 338 232 11
rect:212 73 336 231 10
rect:112 63 0 285 10
rect:112 65 -1 288 148
cropBucharestRomania1977_03.jpg 0x0
rect:34 124 281 290 15
rect:32 124 285 274 16
rect:28 121 273 279 17
rect:29 122 282 273 149
rect:39 124 273 264 22
rect:47 127 256 515 73
cropCanterburyNZSeries2010_01.JPG 0x0
rect:97 332 282 449 150
rect:101 322 249 461 26
rect:133 25 234 113 26
rect:109 18 237 117 151
rect:132 17 234 97 152
rect:97 18 237 452 153
cropCanterburyNZSeries2010_04a.JPG 0x0
rect:89 137 254 319 15
rect:102 185 231 288 16
rect:114 161 236 297 17
rect:99 182 243 297 22
rect:103 169 251 290 73
rect:98 163 244 333 67
cropCanterburyNZSeries2010_09a.JPG 0x0
rect:136 78 219 180 32
rect:124 152 251 399 29
rect:165 249 237 337 30
rect:160 101 193 135 33
rect:132 206 250 354 96
cropCanterburyNZSeries2010_11.JPG 0x0
rect:75 65 231 203 154
cropCanterburyNZSeries2010_13.JPG 0x0
rect:32 18 317 387 26
rect:53 26 297 373 36
rect:199 28 308 376 37
rect:81 33 299 376 155
rect:30 263 307 394 39
rect:55 18 306 388 153
rect:54 24 293 376 41
rect:62 20 300 377 156
cropCaracas1967_06.jpg 0x0
rect:133 21 279 158 42
rect:156 132 196 154 12
cropCaracas1967_08.jpg 0x0
rect:71 144 177 196 157
rect:71 141 136 199 43
rect:84 83 186 115 43
rect:157 90 219 170 43
rect:271 103 341 163 9
cropCaracas1967_13.jpg 0x0
rect:102 258 201 440 158
rect:119 278 191 475 159
rect:132 273 189 473 160
rect:114 323 157 394 161
cropCaracas1967_14.jpg 0x0
rect:331 8 65 143 42
rect:269 9 349 57 12
cropChiChi1991_01.jpg 0x0
rect:15 193 56 243 14
rect:24 47 72 117 15
rect:255 22 332 214 15
rect:18 52 79 112 16
rect:266 61 337 184 16
rect:20 50 80 117 17
rect:257 64 335 193 17
rect:261 62 331 195 18
rect:24 58 72 116 18
rect:264 70 332 196 54
rect:23 62 75 115 54
rect:9 58 82 108 162
rect:266 153 360 217 162
rect:251 46 312 118 162
rect:247 22 336 205 69
rect:261 34 337 212 73
rect:14 49 79 120 73
rect:297 220 39 32 11
rect:291 218 49 38 10
rect:78 17 108 50 86
cropChichi1999_28.jpg 0x0
rect:41 28 113 167 34
rect:128 44 225 172 34
rect:206 104 -25 37 12
rect:248 181 88 52 163
rect:261 187 109 52 164
rect:278 183 100 45 165
rect:239 174 70 52 166
rect:223 153 343 217 167
rect:258 79 11 8 10
rect:272 172 -24 40 65
rect:225 156 324 234 168
rect:282 37 349 82 12
cropChichi1999_29a.jpg 0x0
rect:96 141 223 367 169
rect:86 150 219 365 30
rect:45 112 -7 224 154
rect:190 115 354 225 154
rect:110 171 208 340 170
rect:114 162 211 361 113
rect:107 163 218 340 171
rect:102 158 212 348 172
rect:97 135 238 231 173
rect:112 174 205 351 126
rect:108 174 208 360 96
rect:120 171 208 340 174
rect:8 39 345 475 120
cropChile2010B_04.JPG 0x0
rect:150 157 91 129 14
rect:98 151 56 131 14
rect:74 151 43 127 14
rect:39 141 5 124 14
rect:80 94 54 66 14
rect:244 167 196 139 14
rect:271 200 206 236 14
rect:267 210 219 244 15
rect:145 154 97 126 15
rect:94 151 58 127 15
rect:36 141 -1 120 15
rect:243 169 201 134 8
rect:278 228 227 202 8
rect:251 170 192 141 74
rect:145 155 92 126 74
rect:99 149 56 129 74
rect:38 141 6 125 74
rect:277 198 210 233 74
rect:201 143 241 175 76
rect:195 13 251 117 20
rect:343 14 5 228 130
rect:29 97 100 203 175
rect:84 112 159 231 175
rect:199 130 280 233 73
rect:58 108 99 197 69
rect:96 109 151 209 69
rect:196 125 276 235 69
rect:220 205 271 233 76
rect:39 121 57 154 76
rect:60 125 93 145 76
rect:94 117 140 158 76
cropChile2010_01.jpg 0x0
rect:96 33 348 142 26
rect:118 32 240 160 37
rect:97 34 259 161 176
rect:67 61 347 132 27
rect:57 65 344 130 177
cropChile2010_10.jpg 0x0
rect:58 48 345 184 26
rect:60 56 154 170 36
rect:64 45 342 190 37
rect:64 56 302 153 155
rect:69 54 265 177 178
cropChile2010_16.jpg 0x0
rect:113 28 186 146 26
rect:109 9 189 243 37
rect:109 15 196 216 176
rect:116 21 191 247 28
rect:154 10 207 65 86
rect:123 26 180 255 85
cropChile2010_24.jpg 0x0
rect:66 29 321 235 26
rect:38 20 228 58 179
rect:286 26 333 73 48
rect:30 20 232 56 48
rect:82 31 306 224 88
rect:85 38 292 143 36
rect:92 41 294 164 82
rect:100 50 278 131 80
cropChile2010_54.JPG 0x0
rect:26 33 340 217 26
rect:80 44 227 140 36
rect:50 27 330 223 180
rect:51 28 318 217 87
rect:153 31 252 198 181
rect:172 16 270 47 48
rect:254 13 336 72 42
cropChile2010_91.JPG 0x0
rect:179 28 239 118 29
rect:247 48 293 117 29
rect:177 26 230 109 30
rect:258 80 284 110 30
rect:176 44 228 91 170
rect:178 37 226 110 113
rect:255 76 284 116 113
rect:195 49 231 100 171
rect:182 41 232 96 104
rect:260 86 282 107 104
rect:72 96 211 233 182
rect:72 117 157 207 26
rect:95 77 144 131 26
rect:89 119 158 196 37
rect:107 129 153 178 36
rect:153 64 204 122 103
cropChristchurch2011_05.jpg 0x0
rect:60 221 235 401 26
rect:168 247 231 401 36
rect:173 218 228 404 37
rect:178 238 226 408 84
rect:172 245 236 409 82
rect:68 311 258 398 152
rect:204 412 283 446 102
rect:207 411 267 443 183
rect:63 109 234 390 40
cropDSCN0792.JPG 0x0
rect:92 45 267 134 93
rect:144 25 339 108 184
rect:125 55 213 158 185
rect:142 132 225 252 92
cropDSC_0298.JPG 0x0
rect:105 71 216 166 76
rect:117 85 225 161 14
rect:111 75 209 153 15
cropEastJapan2011_07.JPG 0x0
rect:70 25 168 114 30
rect:176 137 45 6 29
rect:182 136 59 3 103
rect:166 98 71 42 170
rect:164 93 98 41 90
rect:73 35 163 95 114
rect:128 86 186 228 57
cropHaiti2010_02.JPG 0x0
rect:26 50 301 184 99
rect:45 47 179 141 100
rect:209 93 304 214 100
rect:59 54 192 136 101
rect:68 53 187 132 186
rect:138 8 213 80 89
rect:128 9 251 56 151
rect:40 193 193 258 151
cropImperialValley1979_02.jpg 0x0
rect:30 24 343 215 187
rect:92 63 257 197 188
rect:88 53 254 208 15
rect:79 57 245 205 16
rect:86 64 257 205 17
rect:75 65 247 205 149
rect:76 53 250 215 22
rect:52 151 256 202 102
rect:74 63 262 207 24
cropIzmit1999_01.JPG 0x0
rect:49 128 225 397 29
rect:57 97 202 382 30
rect:143 448 278 555 12
rect:49 136 225 371 104
rect:46 138 235 418 103
rect:37 415 88 552 163
cropIzmit1999_03.jpg 0x0
rect:61 19 267 221 15
rect:47 24 277 234 17
rect:52 25 277 232 22
rect:75 27 258 218 189
cropIzmitTurkey1999_31.jpg 0x0
rect:60 10 119 69 32
rect:59 9 118 71 137
rect:56 9 117 71 33
rect:237 6 288 45 32
rect:52 56 115 105 76
rect:53 180 115 202 76
rect:228 169 290 193 76
rect:234 38 299 78 76
rect:241 31 290 74 17
rect:243 173 307 196 102
rect:236 37 305 62 102
rect:47 51 133 81 102
rect:50 184 118 202 102
rect:88 25 273 202 66
rect:96 105 228 195 161
rect:82 87 156 139 190
cropIzmitTurkey1999_34.jpg 0x0
rect:15 77 167 188 42
rect:86 89 -3 143 12
rect:66 5 116 101 14
rect:95 209 157 294 15
rect:60 374 150 432 76
rect:310 245 255 204 76
rect:169 162 263 284 15
rect:171 168 265 258 16
rect:164 165 259 259 17
rect:166 165 260 260 22
rect:299 173 352 459 133
cropKobe1995_01.jpg 0x0
rect:85 127 263 306 103
rect:122 461 256 531 103
rect:87 131 245 328 113
rect:96 131 252 310 191
rect:95 136 243 319 172
rect:108 142 250 319 30
rect:119 465 242 523 30
rect:92 130 261 327 127
cropKobe1995_09.jpg 0x0
rect:130 391 283 459 180
rect:207 393 284 456 36
rect:137 379 191 457 36
rect:130 384 193 455 37
rect:203 386 287 454 37
rect:205 385 287 458 82
rect:139 376 184 450 82
rect:135 384 285 458 87
rect:71 328 87 372 46
rect:62 378 81 421 46
rect:54 428 68 477 46
rect:123 295 164 338 192
rect:123 293 166 331 193
rect:126 6 304 485 132
cropKumamoto2016_01.png 0x0
rect:350 257 4 2 130
rect:351 259 2 2 120
rect:50 153 85 186 16
rect:159 155 194 193 16
rect:47 153 89 187 17
rect:159 159 196 197 17
rect:50 148 87 190 194
rect:159 157 194 192 194
rect:49 153 89 193 22
rect:156 154 200 196 22
rect:44 149 82 191 73
rect:152 147 200 198 73
rect:168 24 188 72 67
rect:166 77 187 111 67
rect:196 67 160 19 15
rect:164 63 193 118 15
rect:159 112 185 147 15
rect:232 146 248 164 12
rect:192 128 252 148 48
rect:270 83 310 115 20
rect:318 61 258 93 195
rect:217 65 259 86 196
rect:290 174 235 206 167
rect:236 134 280 188 19
rect:236 130 281 200 15
cropKumamoto2016_03.png 0x0
rect:179 17 0 94 161
rect:233 56 348 145 197
rect:29 84 175 160 197
rect:44 76 173 162 198
rect:54 81 168 170 12
rect:151 103 260 232 14
rect:142 116 270 233 76
rect:151 82 250 185 8
rect:139 106 253 198 19
cropKumamoto2016_14.png 0x0
rect:308 75 215 5 123
rect:122 102 200 172 123
rect:219 12 309 82 33
rect:123 104 197 165 33
cropManagua1972_01.jpg 0x0
rect:129 270 210 347 30
rect:148 15 254 134 30
rect:152 36 242 124 125
rect:134 270 201 344 125
rect:116 14 239 352 126
rect:339 11 10 518 119
rect:18 275 209 388 57
rect:150 38 233 146 128
cropMexicoCity1985_04.jpg 0x0
rect:351 3 4 236 120
rect:62 35 111 236 199
cropMuisne2016_03.png 0x0
rect:5 9 348 264 120
rect:24 117 334 233 119
rect:344 10 1 193 131
cropNepal2015_51.JPG 0x0
rect:143 261 102 154 15
rect:139 41 173 155 15
rect:329 44 295 0 15
rect:278 177 312 264 15
rect:316 140 123 175 12
rect:304 147 357 202 12
rect:327 50 132 2 12
rect:122 170 306 269 200
rect:169 16 345 88 48
rect:252 79 354 119 48
cropNewZealand2011_12.JPG 0x0
rect:42 22 344 268 87
rect:50 23 289 234 26
rect:54 23 261 196 36
rect:49 22 276 209 37
rect:69 29 278 160 38
rect:35 13 344 269 153
cropNorthridge1994_05.JPG 0x0
rect:23 79 75 152 29
rect:104 77 179 161 29
rect:29 78 75 155 31
rect:105 80 178 161 31
rect:31 79 80 161 201
rect:114 80 171 156 201
rect:227 76 331 163 180
rect:233 80 327 166 26
rect:218 78 330 159 36
rect:229 82 326 159 37
rect:23 78 81 158 30
rect:111 81 177 161 30
rect:237 82 328 162 87
cropPeru2007_01.JPG 0x0
rect:14 70 84 164 103
rect:264 92 338 183 103
rect:270 80 338 232 202
rect:17 70 73 179 202
rect:17 68 78 177 170
rect:254 80 341 181 170
rect:24 69 79 173 113
rect:269 73 331 196 113
rect:271 89 333 168 172
rect:18 68 77 163 172
rect:323 9 3 57 200
cropSanFernando1970_06a.jpg 0x0
rect:87 35 190 192 53
rect:90 27 181 197 112
rect:89 20 191 179 203
rect:77 179 200 263 204
rect:102 237 238 508 15
rect:94 239 231 507 69
cropSanFernando1970_07.jpg 0x0
rect:41 29 215 475 15
rect:71 43 164 163 33
rect:58 39 155 161 205
rect:174 105 74 463 206
rect:186 121 43 451 69
rect:141 189 196 454 136
